  -3.5815461e-04  -7.3733453e-04   1.4080751e-05  -2.2669316e-03
  -1.1451914e-04  -7.8602167e-04   6.6551477e-05  -1.7902756e-03
  -7.3288518e-05  -9.9200575e-04  -2.9324779e-04  -2.1993741e-03
  -1.9698037e-04  -7.0737321e-04   1.1152638e-04  -2.0942846e-03
  -1.4825328e-04  -6.5868606e-04   1.7828660e-05  -1.9366503e-03
  -2.0447685e-04  -9.5080893e-04  -1.6581888e-04  -2.1430761e-03
  -6.2043804e-05  -6.6992156e-04  -8.4067030e-06  -1.9516631e-03
  -2.7944161e-04  -7.3733453e-04  -1.1334816e-04  -2.0905314e-03
  -2.5320394e-04  -7.0737321e-04  -1.2833979e-04  -2.0980378e-03
   1.3286457e-04  -6.4745057e-04   6.5849330e-06  -2.2669316e-03
  -2.6070042e-04  -1.0481832e-03  -3.0074361e-04  -2.2106337e-03
  -9.5777946e-05  -8.8339596e-04  -1.6956679e-04  -2.0379866e-03
   1.0662691e-04  -8.4219915e-04   4.7811932e-05  -2.1956209e-03
  -2.8309662e-05  -7.2609903e-04  -4.2137884e-05  -1.9291439e-03
   1.9283638e-04  -6.4370540e-04   2.8393020e-04  -1.9629227e-03
  -1.0327442e-04  -8.1972816e-04   8.1543113e-05  -2.2406592e-03
  -1.8198742e-04  -6.2123441e-04  -7.5869065e-05  -1.9666759e-03
   1.2920956e-05  -7.4482486e-04  -1.9205424e-04  -1.7452372e-03
  -2.8309662e-05  -4.1525034e-04  -5.3381611e-05  -1.8203012e-03
   1.8533990e-04  -4.1525034e-04  -4.2137884e-05  -1.7564968e-03
   3.1662146e-05  -7.5606035e-04  -1.6207097e-04  -1.8841055e-03
  -3.2442046e-04  -5.8378276e-04   2.2771156e-04  -1.9328971e-03
   3.1662146e-05  -8.2347332e-04  -1.2459188e-04  -1.8916119e-03
  -4.7050852e-05  -6.6617639e-04  -1.2154612e-05  -2.0567526e-03
  -3.0567927e-04  -7.7853134e-04   1.0332842e-05  -1.8878587e-03
  -1.7074271e-04  -9.7702509e-04  -2.4827288e-04  -1.8465736e-03
  -9.5777946e-05  -6.5494090e-04   4.0316114e-05  -1.6964457e-03
   2.2657052e-04  -7.5606035e-04  -2.3702915e-04  -1.7302244e-03
   6.5396288e-05  -6.3621507e-04  -4.5440787e-04  -2.0717654e-03
   1.6659871e-04  -7.1860870e-04  -2.7450824e-04  -1.8578331e-03
   3.2027647e-04  -8.6092497e-04  -2.5576870e-04  -1.8540799e-03
  -1.7823918e-04  -8.2347332e-04  -2.1828961e-04  -1.9103779e-03
  -2.3071451e-04  -7.9725717e-04   2.2021575e-04  -2.0004546e-03
  -2.8318985e-04  -4.7517298e-04   1.7898875e-04  -2.1543357e-03
  -2.1197332e-04  -6.9988288e-04  -4.5885793e-05  -1.9141311e-03
  -6.9540280e-05  -7.7478618e-04   1.0777848e-04  -2.0942846e-03
  -1.3700856e-04  -9.0212179e-04  -2.2578543e-04  -2.2819444e-03
  -1.4825328e-04  -1.0856349e-03  -2.1079379e-04  -2.1055441e-03
  -3.0942751e-04  -7.8976684e-04  -2.4452497e-04  -2.0417398e-03
  -1.9698037e-04  -8.4594431e-04  -5.5560142e-04  -1.9891950e-03
  -1.4450504e-04  -9.6204443e-04  -3.0894157e-05  -2.2218933e-03
  -2.9443456e-04  -9.1710245e-04   1.0028266e-04  -2.2631784e-03
  -2.2321804e-04  -7.4482486e-04  -3.5321433e-04  -2.0680122e-03
  -2.3821099e-04  -8.8339596e-04  -5.7059305e-04  -2.1355697e-03
  -3.3191694e-04  -9.2459278e-04  -2.3328124e-04  -2.0417398e-03
  -4.1812641e-04  -7.2235387e-04  -4.5885793e-05  -2.0342334e-03
  -2.4195923e-04  -1.0219671e-03  -2.1079379e-04  -2.0605058e-03
  -3.3191694e-04  -1.0107316e-03  -1.8081052e-04  -2.1355697e-03
  -3.9563699e-04  -7.7853134e-04  -4.2442460e-04  -2.2181401e-03
  -2.4945570e-04  -1.2092253e-03  -3.0449151e-04  -1.9554163e-03
  -4.5935703e-04  -1.1043607e-03  -8.3364883e-05  -2.0454930e-03
  -2.8693808e-04  -8.2721849e-04  -1.3583561e-04  -2.2669316e-03
  -3.4690989e-04  -8.7216047e-04  -1.0960025e-04  -2.1393229e-03
  -4.0688170e-04  -7.1860870e-04  -4.6587940e-06  -2.1243101e-03
  -6.2043804e-05  -9.7702509e-04  -1.8081052e-04  -2.0454930e-03
   9.1633954e-05  -6.8864738e-04  -2.3702915e-04  -1.9666759e-03
  -1.0702266e-04  -7.7104101e-04  -1.5457515e-04  -1.9141311e-03
  -2.8693808e-04  -8.7216047e-04  -3.5321433e-04  -1.7715096e-03
  -2.7569337e-04  -5.4258595e-04   1.4900547e-04  -1.8390672e-03
  -5.0433589e-04  -8.4219915e-04   1.4525757e-04  -1.8503268e-03
  -3.0193104e-04  -6.9988288e-04   1.9023247e-04  -1.9516631e-03
  -1.5949799e-04  -8.0100233e-04   2.6893856e-04  -1.9366503e-03
  -2.2321804e-04  -7.9351200e-04  -2.7825615e-04  -1.8690927e-03
  -1.4450504e-04  -8.0474750e-04   4.0316114e-05  -1.9253907e-03
   6.9144526e-05  -9.7702509e-04  -2.6326452e-04  -1.8203012e-03
   1.0662691e-04  -8.0474750e-04  -6.3805542e-04  -2.0004546e-03
  -1.9698037e-04  -8.3096365e-04  -3.0074361e-04  -1.9479099e-03
  -1.5200152e-04  -7.8976684e-04  -2.2578543e-04  -2.0642590e-03
  -4.4811232e-04  -1.0519284e-03   1.0403057e-04  -2.1318165e-03
  -7.0674074e-04  -8.9837662e-04   3.3265302e-04  -1.8278076e-03
  -5.5306298e-04  -8.1223783e-04   1.9772829e-04  -2.1543357e-03
  -3.2067223e-04  -1.0107316e-03  -9.1088500e-07  -2.0342334e-03
  -1.7823918e-04  -7.4107969e-04  -3.2697897e-04  -1.8728459e-03
  -1.7064948e-05  -8.3845398e-04  -4.0193715e-04  -1.9891950e-03
   8.4137478e-05  -7.3733453e-04  -2.5576870e-04  -1.7152117e-03
  -1.2951209e-04  -7.0362804e-04  -2.0704588e-04  -1.9891950e-03
   3.1662146e-05  -9.7327992e-04  -1.6207097e-04  -2.1092973e-03
  -5.8295566e-05  -7.1486354e-04  -8.4067030e-06  -2.0642590e-03
  -9.5777946e-05  -5.6505694e-04   6.5849330e-06  -2.2519188e-03
  -3.9554376e-05  -5.5756661e-04  -3.0074361e-04  -2.0379866e-03
  -3.5065813e-04  -6.5119573e-04  -1.4333143e-04  -1.9629227e-03
  -3.3941342e-04  -7.5980552e-04   4.7811932e-05  -2.0454930e-03
  -1.9323213e-04  -6.2497958e-04  -1.2459188e-04  -2.2181401e-03
   2.0417432e-05  -8.6467014e-04  -2.4452497e-04  -2.2068805e-03
  -1.1077090e-04  -8.7965080e-04  -2.4827288e-04  -1.9516631e-03
  -1.8573566e-04  -8.3470882e-04  -5.3381611e-05  -1.9404035e-03
   5.4151574e-05  -9.6204443e-04  -1.5457515e-04  -2.2143869e-03
  -1.2951209e-04  -7.9351200e-04  -6.0877429e-05  -2.3419956e-03
  -8.8281470e-05  -8.4968948e-04   7.7795204e-05  -2.0905314e-03
  -8.8281470e-05  -9.0961212e-04  -2.1454170e-04  -2.1355697e-03
  -1.5200152e-04  -9.8077025e-04  -1.0585234e-04  -2.0942846e-03
  -1.3316710e-05  -7.4857002e-04  -1.2154612e-05  -2.0304802e-03
  -3.3941342e-04  -5.8003760e-04  -1.6207097e-04  -2.1993741e-03
  -2.4945570e-04  -8.7965080e-04  -1.8830634e-04  -2.0755186e-03
  -9.5777946e-05  -7.1111837e-04  -2.2203752e-04  -2.1393229e-03
   5.4244800e-06  -7.8227651e-04  -6.4625338e-05  -1.9967014e-03
   1.5910224e-04  -9.5080893e-04   1.0403057e-04  -1.8390672e-03
  -9.5777946e-05  -7.1486354e-04   1.9772829e-04  -1.9479099e-03
   6.1648050e-05  -6.8115705e-04   7.0299386e-05  -1.6739265e-03
   1.6669194e-05  -6.2497958e-04  -1.6956679e-04  -1.7114585e-03
   6.9144526e-05  -6.4370540e-04  -5.3381611e-05  -2.0117142e-03
   1.8159167e-04  -7.4857002e-04  -8.7112792e-05  -1.9929482e-03
  -9.5684720e-06  -7.1486354e-04  -2.0329797e-04  -1.7790160e-03
   1.2161986e-04  -6.5494090e-04  -2.1454170e-04  -1.8953651e-03
  -6.2043804e-05  -6.5868606e-04  -8.3364883e-05  -2.0154674e-03
  -2.6444866e-04  -7.3733453e-04   1.6024920e-04  -1.8653395e-03
  -3.6939932e-04  -8.1598299e-04   3.5888838e-04  -2.1168037e-03
  -5.1558060e-04  -8.6092497e-04   2.6519065e-04  -2.1618421e-03
  -2.7569337e-04  -7.0737321e-04   2.0897202e-04  -1.9366503e-03
  -1.5949799e-04  -6.7366672e-04   1.4900547e-04  -1.9629227e-03
  -3.2057900e-05  -8.1598299e-04  -5.2561815e-04  -1.9666759e-03
   5.0403336e-05  -8.0849266e-04  -5.1437442e-04  -1.9854418e-03
  -9.5684720e-06  -7.6355068e-04  -2.0329797e-04  -2.0417398e-03
   8.0389240e-05  -5.3509562e-04  -2.5576870e-04  -1.9103779e-03
  -9.5684720e-06  -6.8864738e-04  -8.7112792e-05  -1.7977820e-03
  -2.1946980e-04  -8.4968948e-04  -2.7146248e-05  -1.8278076e-03
  -3.3941342e-04  -7.4482486e-04   1.5275338e-04  -1.9929482e-03
  -2.4570747e-04  -1.0369477e-03   5.9055659e-05  -1.9629227e-03
  -1.9323213e-04  -1.0219671e-03  -1.8081052e-04  -1.8127948e-03
   1.2920956e-05  -9.5080893e-04  -2.4077706e-04  -2.0079610e-03
  -1.1826737e-04  -8.7216047e-04  -1.9205424e-04  -2.0004546e-03
  -5.3057355e-04  -7.8602167e-04   4.7811932e-05  -2.0867782e-03
  -2.6070042e-04  -1.0332026e-03  -1.0585234e-04  -2.3307360e-03
  -1.2201561e-04  -9.5829926e-04  -1.1334816e-04  -2.1618421e-03
  -1.7449094e-04  -8.0474750e-04  -7.9616974e-05  -2.0492462e-03
  -2.3446275e-04  -9.8826058e-04  -3.1573524e-04  -1.9967014e-03
  -2.3446275e-04  -1.0856349e-03  -1.0960025e-04  -1.9929482e-03
  -1.9323213e-04  -8.0474750e-04  -1.1709606e-04  -2.0529994e-03
  -3.8064403e-04  -8.7216047e-04  -4.3192042e-04  -2.1468293e-03
  -2.8693808e-04  -1.0743994e-03  -1.8081052e-04  -2.3757743e-03
  -2.6444866e-04  -8.5717981e-04  -1.2084397e-04  -2.0379866e-03
  -3.6190284e-04  -7.4107969e-04  -2.4827288e-04  -1.8578331e-03
  -2.4945570e-04  -8.7965080e-04  -3.4642066e-05  -2.2293996e-03
  -3.1692399e-04  -9.6953476e-04  -1.9955006e-04  -1.9554163e-03
  -2.4945570e-04  -9.0586695e-04  -2.1828961e-04  -1.8728459e-03
  -3.8439227e-04  -1.0069864e-03  -5.3381611e-05  -2.0379866e-03
  -4.9683941e-04  -9.2833794e-04  -1.8830634e-04  -1.9066247e-03
  -1.3700856e-04  -7.4857002e-04  -2.7076033e-04  -1.9891950e-03
  -3.8439227e-04  -9.2459278e-04  -9.1088500e-07  -1.8728459e-03
  -3.4316165e-04  -9.0961212e-04  -9.1088500e-07  -1.9328971e-03
   1.6669194e-05  -8.0849266e-04  -4.1318088e-04  -2.0267270e-03
  -1.4450504e-04  -9.0212179e-04  -1.0585234e-04  -1.8803523e-03
  -9.2029708e-05  -6.7741189e-04   1.0403057e-04  -1.9929482e-03
  -7.7036756e-05  -4.6019232e-04  -1.6207097e-04  -1.8841055e-03
  -1.5574975e-04  -5.9876342e-04  -1.6956679e-04  -1.8953651e-03
  -2.9068632e-04  -7.8976684e-04   4.0316114e-05  -2.0755186e-03
  -3.7689580e-04  -8.1598299e-04   2.5019902e-04  -1.8803523e-03
  -2.4570747e-04  -8.9463146e-04   1.5275338e-04  -1.9816886e-03
  -1.5574975e-04  -1.0594187e-03  -8.7112792e-05  -1.9629227e-03
   1.2536810e-04  -7.6355068e-04  -2.8949988e-04  -1.7940288e-03
   2.6030466e-04  -8.7216047e-04  -4.2442460e-04  -2.0942846e-03
   5.7899812e-05  -9.9949608e-04  -3.7944969e-04  -1.9666759e-03
   3.9158622e-05  -6.5494090e-04  -4.0568506e-04  -1.9929482e-03
  -1.1077090e-04  -7.3733453e-04  -2.1454170e-04  -2.1243101e-03
  -4.2187465e-04  -8.0100233e-04   1.0777848e-04  -1.9178843e-03
  -4.4061584e-04  -8.5343464e-04   1.0028266e-04  -1.9216375e-03
  -3.5065813e-04  -8.7590563e-04   1.1527429e-04  -1.9178843e-03
  -1.0327442e-04  -9.8451542e-04  -1.5457515e-04  -2.1393229e-03
   1.2161986e-04  -8.7216047e-04  -1.3208770e-04  -2.0342334e-03
  -3.2057900e-05  -5.1636979e-04  -6.8373247e-05  -1.8690927e-03
  -1.0702266e-04  -6.6617639e-04  -2.3702915e-04  -1.8803523e-03
  -2.0813186e-05  -7.4482486e-04  -2.0329797e-04  -1.9441567e-03
  -1.0327442e-04  -9.1335728e-04  -2.8949988e-04  -2.0492462e-03
  -2.8693808e-04  -9.5080893e-04  -4.6587940e-06  -1.9141311e-03
  -3.6190284e-04  -6.3246991e-04  -9.8356519e-05  -2.1505825e-03
  -1.8198742e-04  -9.0961212e-04  -3.9069342e-04  -2.0417398e-03
  -3.5806138e-05  -9.4706377e-04  -9.8356519e-05  -2.0379866e-03
   9.5382192e-05  -7.1111837e-04   1.0332842e-05  -1.9103779e-03
  -1.3326033e-04  -7.5606035e-04  -1.4707934e-04  -1.8315608e-03
  -3.2442046e-04  -7.2235387e-04  -1.2459188e-04  -2.3570083e-03
  -8.0784994e-05  -8.6841530e-04   7.4047295e-05  -2.0229738e-03
  -2.8693808e-04  -7.7478618e-04   2.0522411e-04  -2.0717654e-03
  -5.8295566e-05  -7.2984420e-04   4.0316114e-05  -2.2218933e-03
  -5.8295566e-05  -8.1972816e-04  -9.0860701e-05  -2.0942846e-03
  -5.1558060e-04  -6.9613771e-04  -2.4827288e-04  -2.1280633e-03
  -1.0702266e-04  -8.5343464e-04  -9.0860701e-05  -2.1130505e-03
   1.6762420e-06  -9.4706377e-04  -3.1573524e-04  -2.1956209e-03
  -1.7449094e-04  -8.3845398e-04  -5.2936605e-04  -1.8615863e-03
  -5.0799090e-05  -8.5717981e-04   3.6568205e-05  -1.8615863e-03
   6.9144526e-05  -7.4107969e-04  -9.4913186e-04  -1.8916119e-03
   3.9158622e-05  -7.7853134e-04   3.5139256e-04  -1.8878587e-03
   1.5910224e-04  -7.7853134e-04  -3.0449151e-04  -1.9779355e-03
   1.1412338e-04  -4.8266331e-04  -1.9650430e-05  -1.8503268e-03
  -4.3302614e-05  -7.3358936e-04   5.9125874e-04  -1.9666759e-03
  -1.7064948e-05  -7.5231519e-04  -4.2817251e-04  -1.9178843e-03
  -2.6819689e-04  -5.9501826e-04   1.9180185e-03  -1.8278076e-03
  -3.5806138e-05  -7.8602167e-04  -2.2346646e-03  -1.9816886e-03
  -1.2576385e-04  -8.2347332e-04   2.6376171e-03  -1.9216375e-03
   2.0782933e-04  -7.5980552e-04  -3.4190039e-03  -2.1693485e-03
   1.5910224e-04  -8.3845398e-04   2.4089946e-03  -1.9666759e-03
   2.4156347e-04  -8.8339596e-04  -3.6326347e-03  -1.9967014e-03
   2.6030466e-04  -7.4857002e-04   1.2850669e-02  -1.8803523e-03
   4.6655098e-05  -8.5717981e-04   1.3439911e-01   1.4262142e-03
   7.0521119e-03  -5.3509562e-04   1.0986155e-01   4.2223460e-03
   9.6608856e-03  -3.6988670e-05   2.1766242e-03   8.2082412e-03
   9.0424263e-03   5.6598289e-04  -3.2803313e-03   7.5214062e-03
   1.7907009e-02   7.1578949e-04   3.0573829e-03  -3.1339201e-03
   1.3394131e-02   1.1539738e-03  -1.2077376e-03  -7.1948793e-03
  -1.6351886e-02   1.6183743e-03  -1.1599495e-01  -7.2249049e-03
  -3.3773696e-02  -4.9015364e-04  -2.2495416e-01  -1.0666587e-02
  -3.2094486e-02  -4.3401833e-03  -2.0272531e-01  -1.4877674e-02
  -3.4549582e-02  -6.8045018e-03  -1.6219917e-01  -1.3507757e-02
  -1.9256771e-02  -3.6623084e-03  -1.2237764e-01  -7.5176542e-03
  -7.5435269e-03  -7.9725717e-04  -6.2714672e-02  -6.6656785e-03
   1.3412872e-02  -9.5455410e-04  -1.6754064e-02   3.5955621e-03
   3.8762205e-02   9.1053807e-04   6.0194256e-02   4.4287718e-03
  -2.0336170e-03   2.3486814e-03   1.3636676e-01  -6.1102053e-03
  -2.4661730e-02  -7.9725717e-04   1.1088098e-01   6.0163742e-03
   1.9541241e-02  -6.5648113e-03   9.7984422e-02   8.8950763e-03
   3.3357246e-02  -5.3176713e-03   1.0062670e-01  -4.0684662e-03
  -1.4755137e-02   1.2850546e-03   4.3752179e-02  -5.2357104e-03
  -1.8806982e-02   3.6782150e-03  -2.1869960e-02  -3.7306784e-03
   2.9541540e-02  -1.4938579e-03  -7.5251428e-02  -2.3495020e-03
   1.2891867e-02  -5.7371298e-03  -8.4490023e-02  -6.1552494e-04
  -3.2465561e-02  -9.1710245e-04  -4.3675294e-02  -4.7590544e-03
  -3.0985007e-02   1.2700739e-03  -8.2912856e-03  -6.8721043e-03
   7.9779267e-03  -2.5050524e-03  -1.3351665e-03  -2.6309917e-03
   3.4477969e-02  -2.5237782e-03   1.1036681e-02  -6.7557609e-04
   1.1175174e-02   1.2850546e-03   3.7343254e-02  -2.6760301e-03
  -1.3083423e-02   3.2437759e-03   4.8766881e-02  -4.2035813e-03
   1.4297549e-03   7.8320246e-04   3.7530650e-02  -1.5763434e-03
   1.8487986e-02  -3.0630820e-03   1.7588026e-02   3.1301657e-03
   6.3099608e-03  -2.8683334e-03   1.2599559e-02   3.0025570e-03
  -1.1085612e-02   1.1464835e-03   2.5230013e-02  -3.0175710e-03
  -8.6155229e-03   2.3898783e-03   1.7063319e-02  -3.6893933e-03
   1.2468316e-02  -6.8115705e-04  -2.3920768e-03  -2.5897123e-04
   2.5343513e-02  -2.2653618e-03  -1.5712848e-03  -2.4921234e-03
  -6.2878671e-03   4.1659795e-05  -4.5958473e-03  -1.2573216e-03
  -3.0164143e-02   1.5809226e-03  -1.0653170e-03   8.2569702e-05
  -3.9077360e-03  -1.4676417e-03   1.2453391e-02  -3.5054866e-03
   1.5350711e-02  -4.4375575e-03   1.0523218e-02  -2.5033830e-03
   6.1450383e-03  -2.0369068e-03   8.4843551e-03   8.0693672e-04
  -5.9505257e-03   1.0491092e-03   1.4833313e-02  -3.3028197e-04
  -6.4676893e-04   1.4460967e-03   2.2880074e-02  -4.1885685e-03
   1.0744126e-02   5.9594421e-04   1.1733792e-02  -2.4996298e-03
   7.6593265e-03  -1.1268317e-03  -6.9120551e-03   2.0830237e-03
  -1.6700379e-03  -8.8339596e-04   2.5019902e-04  -8.2570966e-05
  -8.8928925e-03   6.5586685e-04   1.1595120e-02  -5.0030122e-03
  -7.4498209e-03  -3.1787605e-04   1.7681022e-03  -3.6781337e-03
   3.9748085e-03  -2.1754779e-03  -1.6023222e-02  -4.1285799e-05
   9.2260900e-03  -1.5912321e-03  -1.4891353e-02  -1.7001989e-03
  -9.6162092e-04   3.1880200e-04  -6.4285748e-03  -4.4963306e-03
  -9.5375895e-03   1.0378737e-03  -1.1960489e-02  -3.8282616e-03
  -5.3320664e-03  -3.5907286e-04  -2.2660769e-02  -1.1597385e-03
   3.3038739e-03  -2.5799557e-03  -2.0629402e-02  -1.2197897e-03
  -9.0914559e-04  -2.2691070e-03  -1.0543779e-02  -3.3028140e-03
  -1.0527124e-02  -2.2799209e-04  -7.2980897e-03  -3.5092398e-03
   1.8383129e-03  -7.8185485e-05  -7.4067791e-03  -3.7344316e-03
   1.1246390e-02  -8.4968948e-04  -1.6442988e-02  -1.8953651e-03
   1.7558516e-03  -3.6281803e-04  -1.8864137e-02  -3.9408632e-04
  -4.6498871e-03  -5.5714495e-05  -6.7321554e-03  -3.4266695e-03
  -6.7713898e-03  -5.8003760e-04  -5.4990934e-03  -4.4437859e-03
  -3.7653029e-03  -1.6399193e-03  -1.7938403e-02  -1.2348024e-03
   1.5159644e-03  -2.3777168e-03  -2.1813741e-02  -2.2519245e-04
   1.3772796e-03  -1.5050934e-03  -7.8752677e-03  -3.4304227e-03
  -3.9789525e-03  -3.1413088e-04  -2.5007662e-03  -4.8528844e-03
  -4.8747814e-03  -2.7667923e-04  -1.0210215e-02  -2.4395787e-03
   3.9935497e-03  -1.5987225e-03  -9.7192389e-03  -1.1634917e-03
   4.4470865e-03  -2.1642424e-03  -9.5662768e-04  -2.4996298e-03
  -6.2241471e-03  -1.0332026e-03   4.3841426e-03  -2.6460045e-03
  -6.8163687e-03  -3.4409220e-04   2.7987771e-03  -1.1372193e-03
   4.4433383e-03  -1.3777577e-03   2.9187102e-03  -6.5681011e-04
   8.0004161e-03  -1.7335484e-03   7.5811090e-03  -1.2385556e-03
  -7.7795726e-04  -1.2687263e-04   1.1625103e-02  -1.7865224e-03
  -5.2121228e-03   2.8135035e-04   1.4211160e-02  -1.8916119e-03
   1.5534468e-03  -1.0818897e-03   1.4132454e-02  -1.9404035e-03
   5.9051511e-03  -2.3140490e-03   1.1703809e-02  -1.2685812e-03
   1.0287867e-04  -1.5837418e-03   1.0564445e-02  -6.9434208e-04
  -3.7802959e-03  -1.7555978e-04   1.1062916e-02  -1.6288881e-03
   5.9764608e-04  -2.6169857e-04   9.1439871e-03  -1.9328971e-03
   4.9006233e-03  -5.8378276e-04   3.4096863e-03  -1.2160365e-03
  -9.9526184e-05  -6.9613771e-04   3.0266974e-04  -2.3645204e-04
  -7.4085903e-03  -4.2648583e-04   5.9695082e-03  -1.0096106e-03
  -1.5351013e-03  -3.4783737e-04   1.6152577e-02  -4.0797258e-03
   5.2304683e-03  -7.2609903e-04   1.1497674e-02  -3.6443549e-03
   1.9844941e-03  -3.5532770e-04  -2.5532369e-03   2.2518550e-05
   3.1662146e-05   1.1281793e-04  -2.4077706e-04  -1.7640089e-04
   2.4531171e-04  -6.6949990e-05   1.0362058e-02  -3.1676989e-03
  -3.0942751e-04  -8.0474750e-04   7.7647566e-03  -2.6760301e-03
  -7.9295021e-04  -1.0257122e-03  -2.4632871e-03  -2.1017966e-04
  -6.5801365e-04  -8.4219915e-04  -2.1259753e-03  -4.9542264e-04
  -8.0794317e-04  -6.2123441e-04   5.5797256e-03  -2.9650263e-03
  -1.9061769e-03   3.4501816e-04   4.5228153e-03  -3.4642015e-03
   6.2763199e-04   9.0346940e-05  -4.8019823e-03  -1.3961899e-03
   4.3571288e-03  -7.4857002e-04  -5.2742188e-03  -1.5350582e-03
   1.8158234e-03  -1.0219671e-03  -7.9616974e-05  -3.2089841e-03
  -5.5007371e-03  -1.1717737e-03  -1.7999072e-03  -2.8899623e-03
  -5.9130433e-03  -8.8339596e-04  -6.3198855e-03  -1.8428204e-03
   8.8626041e-04  -1.2953641e-03  -8.0364278e-03  -1.5200454e-03
   1.5122162e-03  -1.1642833e-03  -5.5852953e-03  -2.0229738e-03
  -1.6812826e-03  -7.0362804e-04  -2.8530696e-03  -2.7548472e-03
  -2.1010853e-03  -6.3621507e-04  -2.3396061e-03  -2.8711963e-03
   9.1727180e-06  -6.3996024e-04  -4.1948211e-03  -2.2293996e-03
   1.8045787e-03  -1.5088385e-03  -5.3116979e-03  -1.8465736e-03
  -7.5921607e-04  -1.4152094e-03  -2.5982118e-03  -2.4658511e-03
  -2.8544811e-03  -6.1374408e-04  -1.6312513e-03  -2.7285749e-03
  -2.5246362e-03  -6.7366672e-04  -5.8738843e-03  -1.8127948e-03
  -9.5787269e-04  -1.1081059e-03  -8.1413692e-03  -1.3098664e-03
   1.0436864e-03  -1.2916189e-03  -4.2397960e-03  -2.1843613e-03
  -2.1946980e-04  -9.5080893e-04   1.1527429e-04  -3.1714521e-03
  -2.2697560e-03  -8.1223783e-04  -6.9052614e-04  -2.8336644e-03
  -6.7675484e-04  -9.4331860e-04  -3.6363826e-03  -1.7377308e-03
   1.4747338e-03  -1.0069864e-03  -2.3321103e-03  -1.7452372e-03
  -2.4561424e-05  -1.0781445e-03   6.4372946e-04  -2.3344892e-03
  -2.6333351e-03  -8.7216047e-04   8.7984773e-04  -2.2481656e-03
  -2.6558245e-03  -1.0931252e-03  -7.6548432e-04  -1.6439009e-03
  -2.4570747e-04  -1.5837418e-03  -9.2289650e-04  -1.4637475e-03
  -1.1826737e-04  -1.5013482e-03   1.4270424e-03  -2.1468293e-03
  -2.4534196e-03  -9.2459278e-04   2.5401714e-03  -2.3945403e-03
  -1.9136734e-03  -5.6131177e-04   1.6406733e-03  -2.4283191e-03
   9.0125336e-04  -9.6953476e-04   1.3146052e-03  -2.6234853e-03
   1.7296140e-03  -7.7853134e-04   1.6481691e-03  -2.1881145e-03
  -1.4450504e-04  -2.2050176e-04   2.5326756e-03  -2.0867782e-03
  -1.1377881e-03  -2.6169857e-04   2.5851463e-03  -2.2106337e-03
  -5.4556651e-04  -5.6880210e-04   8.8734355e-04  -1.7940288e-03
   2.7913908e-05  -7.9725717e-04  -1.3583561e-04  -1.6101221e-03
  -1.8948390e-04  -6.0250859e-04   1.9023247e-04  -1.7452372e-03
  -6.8799955e-04  -5.3135045e-04   1.5094964e-03  -2.0304802e-03
  -5.5306298e-04  -7.9725717e-04   1.6031942e-03  -2.1918677e-03
   3.2027647e-04  -9.3957344e-04   1.7531105e-03  -2.0417398e-03
   1.7108728e-03  -8.7216047e-04   3.7320065e-03  -2.1055441e-03
   3.2027647e-04  -8.0474750e-04   3.7207628e-03  -2.0567526e-03
  -1.5950731e-03  -6.6992156e-04   1.9967246e-03  -1.7377308e-03
  -2.6819689e-04  -8.1598299e-04   1.2059158e-03  -1.7414840e-03
   8.2254036e-04  -1.0182219e-03   1.4795132e-03  -1.6401477e-03
  -1.6699447e-04  -1.0032412e-03   9.9603291e-04  -1.7564968e-03
  -1.3252000e-03  -8.5343464e-04   3.5514047e-04  -2.0680122e-03
  -5.4556651e-04  -5.2760529e-04   1.1009744e-03  -2.1956209e-03
   7.7006503e-04  -9.0961212e-04   1.5544714e-03  -2.6610173e-03
   7.5882032e-04  -8.4594431e-04   1.1909242e-03  -2.5822002e-03
  -1.7064948e-05  -2.6169857e-04   5.5752756e-04  -2.2406592e-03
  -3.8814051e-04  -5.1636979e-04   3.1766138e-04  -2.2856976e-03
   2.0033286e-04  -6.2497958e-04   3.3640092e-04  -2.1618421e-03
   6.9144526e-05  -6.3996024e-04  -7.5798850e-04  -1.8841055e-03
  -6.4302069e-04  -8.0474750e-04  -1.5075703e-03  -1.8690927e-03
  -5.2682532e-04  -8.0849266e-04  -9.3788814e-04  -2.1693485e-03
  -2.8309662e-05  -7.7853134e-04  -9.4913186e-04  -2.1806081e-03
   2.0033286e-04  -8.9088629e-04  -1.4925787e-03  -2.0267270e-03
  -2.2696628e-04  -8.6092497e-04  -1.7062095e-03  -2.2481656e-03
  -1.0403339e-03  -8.1223783e-04  -1.2152334e-03  -2.2369060e-03
  -1.4788778e-03  -1.0669090e-03  -7.6173641e-04  -1.8916119e-03
  -6.2802774e-04  -9.3582827e-04  -9.3788814e-04  -1.8765991e-03
   2.7904585e-04  -8.7590563e-04  -1.4288642e-03  -1.7452372e-03
  -1.3316710e-05  -9.5829926e-04  -1.6612346e-03  -1.9178843e-03
  -3.5806138e-05  -7.8227651e-04  -1.3688977e-03  -2.1806081e-03
  -2.7944161e-04  -8.9463146e-04  -1.3913851e-03  -1.8803523e-03
  -3.3191694e-04  -8.2347332e-04  -1.0653170e-03  -2.1055441e-03
  -2.1946980e-04  -7.5606035e-04  -9.8661095e-04  -2.3269828e-03
  -8.5667026e-04  -8.9088629e-04  -1.6912178e-03  -2.1580889e-03
  -2.7194513e-04  -6.8115705e-04  -1.7699239e-03  -1.9629227e-03
   3.5026238e-04  -7.2609903e-04  -1.4063768e-03  -1.9929482e-03
   4.6655098e-05  -7.3733453e-04  -1.2377209e-03  -2.2969572e-03
  -2.3821099e-04  -6.1748925e-04  -1.5038224e-03  -2.1092973e-03
  -1.6324623e-04  -7.1486354e-04  -1.4326121e-03  -2.0980378e-03
   2.2657052e-04  -4.9764397e-04  -1.0428296e-03  -2.0680122e-03
   7.2892764e-05  -6.3996024e-04  -1.2339729e-03  -1.9704291e-03
   1.3286457e-04  -8.2721849e-04  -1.1964939e-03  -1.9554163e-03
   4.0273771e-04  -6.3246991e-04  -7.3175314e-04  -1.7377308e-03
   2.5280819e-04  -6.4370540e-04  -1.8830634e-04  -1.9028715e-03
   8.4137478e-05  -6.9988288e-04   7.7795204e-05  -1.7227181e-03
  -1.0702266e-04  -9.6953476e-04   7.0299386e-05  -1.7640032e-03
  -2.4945570e-04  -9.6953476e-04   5.1630056e-04  -1.9404035e-03
  -9.9526184e-05  -8.5717981e-04   6.5497319e-04  -1.8127948e-03
   4.2906860e-05  -9.5080893e-04   2.3895529e-04  -2.0117142e-03
   5.4151574e-05  -7.8602167e-04   3.3265302e-04  -1.7527436e-03
   3.6900357e-04  -6.6617639e-04   6.0625037e-04  -1.7602500e-03
   5.0019190e-04  -6.8864738e-04   5.6502337e-04  -2.1130505e-03
   1.0287867e-04  -5.7254727e-04   6.9620019e-04  -2.0154674e-03
  -3.2057900e-05  -5.9501826e-04   8.7984773e-04  -2.1055441e-03
   1.6659871e-04  -8.0849266e-04   1.2621344e-03  -2.1017910e-03
   7.2892764e-05  -6.8115705e-04   1.6256816e-03  -1.9967014e-03
  -1.8573566e-04  -6.5494090e-04   1.3670759e-03  -2.0492462e-03
   1.4410929e-04  -7.1111837e-04   1.2246554e-03  -1.9253907e-03
   4.1023418e-04  -5.9876342e-04   1.1459493e-03  -2.1205569e-03
   9.1633954e-05  -6.6243123e-04   7.7115837e-04  -2.1280633e-03
   9.5382192e-05  -7.2235387e-04   3.7762792e-04  -1.9028715e-03
   3.1662146e-05  -7.8602167e-04   5.3878801e-04  -1.9103779e-03
  -2.3821099e-04  -8.9088629e-04   6.3998155e-04  -1.8127948e-03
  -3.2442046e-04  -1.1043607e-03   3.4764465e-04  -2.0755186e-03
  -2.6070042e-04  -9.2833794e-04   2.9142602e-04  -1.9704291e-03
   2.0417432e-05  -8.0100233e-04   1.4525757e-04  -1.9554163e-03
   1.2161986e-04  -1.2204608e-03   1.4150966e-04  -2.3570083e-03
   8.7885716e-05  -8.7590563e-04  -2.5576870e-04  -1.8803523e-03
  -2.0813186e-05  -7.2984420e-04  -7.1676150e-04  -1.8203012e-03
  -1.8198742e-04  -1.0706542e-03  -7.2800523e-04  -2.0079610e-03
  -8.0784994e-05  -7.3358936e-04  -7.9171968e-04  -1.5838498e-03
  -1.4075680e-04  -7.4107969e-04  -8.4419041e-04  -1.7152117e-03
  -3.8814051e-04  -8.1598299e-04  -8.3294668e-04  -1.7827692e-03
  -3.6190284e-04  -7.1486354e-04  -6.0432423e-04  -1.8765991e-03
  -3.0942751e-04  -9.9200575e-04  -8.1420714e-04  -2.1693485e-03
  -7.3288518e-05  -9.2833794e-04  -1.0840566e-03  -1.9141311e-03
   3.0903176e-04  -7.3358936e-04  -1.2901916e-03  -2.1168037e-03
   3.6150709e-04  -8.7216047e-04  -1.5562931e-03  -2.2331528e-03
   5.3017780e-04  -8.0100233e-04  -1.5862764e-03  -1.8916119e-03
   4.6270952e-04  -7.0362804e-04  -1.6499908e-03  -1.8878587e-03
  -6.2043804e-05  -7.2609903e-04  -1.3089311e-03  -1.9366503e-03
  -2.3821099e-04  -7.2609903e-04  -9.6787141e-04  -2.0605058e-03
  -2.9068632e-04  -9.6578959e-04  -8.6667786e-04  -2.0529994e-03
  -2.4945570e-04  -9.5455410e-04  -7.9171968e-04  -2.0004546e-03
   3.5410384e-05  -9.0961212e-04  -6.2681169e-04  -2.1580889e-03
   2.7904585e-04  -9.0961212e-04  -7.4299687e-04  -2.1055441e-03
   1.7034695e-04  -7.1860870e-04  -1.1365273e-03  -1.9516631e-03
   1.2911633e-04  -7.2609903e-04  -7.9921550e-04  -2.0942846e-03
   1.3286457e-04  -6.8115705e-04  -4.0193715e-04  -2.1205569e-03
  -9.9526184e-05  -8.6467014e-04  -2.4452497e-04  -1.8465736e-03
  -1.8573566e-04  -8.1972816e-04   2.8370240e-06  -1.9479099e-03
  -3.6190284e-04  -6.0625375e-04   1.2651802e-04  -2.1393229e-03
  -1.2576385e-04  -7.8227651e-04   2.2396365e-04  -1.9291439e-03
   6.5396288e-05  -8.7216047e-04   3.0641765e-04  -1.9291439e-03
  -2.4945570e-04  -9.3208311e-04   5.0505683e-04  -2.2106337e-03
  -3.1317575e-04  -7.4857002e-04   6.3998155e-04  -2.2369060e-03
