  -1.0327442e-04  -5.5756661e-04  -1.0210443e-04  -1.8203012e-03
   7.6641002e-05  -7.1860870e-04   9.6534749e-05  -1.8315608e-03
   3.9158622e-05  -7.5606035e-04  -8.7112792e-05  -1.8540799e-03
  -6.5792042e-05  -4.9764397e-04  -8.3364883e-05  -1.8991183e-03
   3.9158622e-05  -5.6880210e-04   1.0332842e-05  -1.9404035e-03
   1.2911633e-04  -6.8864738e-04  -9.8356519e-05  -2.0229738e-03
  -7.3288518e-05  -7.8976684e-04  -1.0585234e-04  -2.2669316e-03
  -1.3326033e-04  -8.2721849e-04  -3.1948315e-04  -2.0379866e-03
  -1.2951209e-04  -9.1335728e-04  -1.9955006e-04  -1.9291439e-03
   4.6655098e-05  -5.5756661e-04  -1.5082725e-04  -1.9854418e-03
   2.7913908e-05  -7.1111837e-04  -1.1334816e-04  -1.9103779e-03
  -1.4825328e-04  -7.7853134e-04  -1.5832306e-04  -1.8165480e-03
  -1.3326033e-04  -3.3285671e-04  -3.1198733e-04  -1.8127948e-03
  -2.4561424e-05  -7.5980552e-04  -1.4333143e-04  -2.1580889e-03
   4.6655098e-05  -7.8602167e-04  -1.9205424e-04  -2.1731017e-03
  -1.2576385e-04  -7.1111837e-04  -1.3583561e-04  -1.8615863e-03
  -2.9068632e-04  -9.9200575e-04  -2.0329797e-04  -2.0304802e-03
  -3.5815461e-04  -7.7853134e-04  -3.7570179e-04  -2.1580889e-03
  -2.4570747e-04  -8.1598299e-04  -1.6956679e-04  -2.0755186e-03
  -2.4945570e-04  -7.5606035e-04  -2.4077706e-04  -2.1243101e-03
  -2.3821099e-04  -7.6729585e-04  -2.8200406e-04  -2.1205569e-03
  -2.0072861e-04  -1.1268317e-03  -2.5576870e-04  -2.1318165e-03
  -2.9443456e-04  -8.7590563e-04  -3.4571851e-04  -2.2331528e-03
  -1.7823918e-04  -8.9837662e-04  -2.1454170e-04  -2.4433319e-03
  -2.4195923e-04  -1.1155962e-03  -2.2203752e-04  -2.2406592e-03
  -3.5440637e-04  -9.8826058e-04  -2.7825615e-04  -2.0980378e-03
  -2.7569337e-04  -9.3582827e-04  -3.1573524e-04  -2.1618421e-03
  -3.5440637e-04  -7.5980552e-04  -2.6701242e-04  -2.0417398e-03
  -3.8064403e-04  -6.9613771e-04  -1.9955006e-04  -2.2406592e-03
  -2.0813186e-05  -7.4107969e-04  -2.0704588e-04  -2.1393229e-03
  -9.5684720e-06  -1.0032412e-03  -2.0329797e-04  -2.0117142e-03
  -3.9188875e-04  -8.8339596e-04  -3.5696224e-04  -2.0529994e-03
  -3.0567927e-04  -7.5980552e-04  -4.3941624e-04  -2.1092973e-03
  -3.1692399e-04  -8.8714113e-04  -3.0074361e-04  -2.3419956e-03
  -3.8814051e-04  -6.7366672e-04  -1.5082725e-04  -2.2556720e-03
  -1.1826737e-04  -9.5829926e-04  -3.5321433e-04  -2.2406592e-03
  -1.1451914e-04  -8.4219915e-04  -3.5696224e-04  -2.1618421e-03
  -1.3700856e-04  -8.4594431e-04  -1.5902521e-05  -2.0304802e-03
   3.5410384e-05  -1.1830092e-03  -7.2121156e-05  -2.2256465e-03
   3.9158622e-05  -7.4857002e-04  -3.4197060e-04  -1.9704291e-03
  -1.2951209e-04  -7.7478618e-04  -3.2323106e-04  -1.7227181e-03
  -3.5815461e-04  -9.8826058e-04  -1.5832306e-04  -1.8540799e-03
  -2.6444866e-04  -7.5980552e-04  -1.1334816e-04  -1.7227181e-03
  -1.1451914e-04  -9.8826058e-04  -1.5457515e-04  -1.8578331e-03
  -1.8948390e-04  -9.6578959e-04  -2.3702915e-04  -1.9704291e-03
  -4.7050852e-05  -5.8003760e-04  -3.4642066e-05  -1.8916119e-03
  -1.2576385e-04  -8.3470882e-04  -1.6207097e-04  -2.0492462e-03
  -6.5792042e-05  -8.0849266e-04  -2.8949988e-04  -1.9216375e-03
  -3.9554376e-05  -8.8339596e-04   2.8370240e-06  -2.1318165e-03
  -1.6324623e-04  -8.2347332e-04  -1.9205424e-04  -2.1618421e-03
   1.4785752e-04  -5.2760529e-04  -8.7112792e-05  -1.6926925e-03
  -2.1572156e-04  -8.7216047e-04   2.8370240e-06  -2.1055441e-03
  -2.1946980e-04  -9.0212179e-04  -2.3702915e-04  -2.2481656e-03
   1.7034695e-04  -9.0586695e-04  -1.6207097e-04  -1.8428204e-03
  -2.2696628e-04  -9.0586695e-04  -1.0960025e-04  -2.0379866e-03
  -1.7074271e-04  -6.7741189e-04  -4.2137884e-05  -2.2181401e-03
  -3.5806138e-05  -6.8115705e-04  -9.0860701e-05  -2.0379866e-03
   3.5410384e-05  -7.4107969e-04  -9.0860701e-05  -2.0792718e-03
   1.7034695e-04  -7.9725717e-04  -1.0585234e-04  -2.2631784e-03
  -2.3446275e-04  -7.6729585e-04  -1.6581888e-04  -2.1017910e-03
  -2.7944161e-04  -8.6841530e-04  -2.8200406e-04  -2.0079610e-03
  -1.7064948e-05  -9.4331860e-04  -3.1198733e-04  -2.0680122e-03
   3.5410384e-05  -7.8602167e-04  -1.2154612e-05  -2.1205569e-03
  -2.4561424e-05  -8.8714113e-04  -1.0585234e-04  -2.1092973e-03
  -2.4195923e-04  -9.7327992e-04  -1.8081052e-04  -2.0680122e-03
  -2.0447685e-04  -7.5231519e-04  -9.0860701e-05  -2.1055441e-03
  -6.9540280e-05  -6.2123441e-04  -1.6207097e-04  -2.0755186e-03
  -1.8948390e-04  -8.7590563e-04  -8.3364883e-05  -2.2781912e-03
  -1.8573566e-04  -9.2084761e-04  -1.3208770e-04  -2.3419956e-03
  -1.8948390e-04  -7.4107969e-04  -1.0585234e-04  -2.2781912e-03
  -2.7944161e-04  -1.0931252e-03  -5.7129520e-05  -2.3495020e-03
  -1.2201561e-04  -9.8826058e-04  -3.1573524e-04  -2.0529994e-03
  -1.6699447e-04  -5.5756661e-04  -1.8081052e-04  -2.0792718e-03
  -2.0072861e-04  -7.1486354e-04  -2.7076033e-04  -2.2669316e-03
  -1.2576385e-04  -9.3957344e-04  -3.6071015e-04  -2.0529994e-03
  -2.4561424e-05  -9.2084761e-04  -6.8373247e-05  -2.2744380e-03
   1.4785752e-04  -8.8714113e-04  -3.6071015e-04  -2.3495020e-03
  -7.7036756e-05  -6.2872474e-04  -1.0210443e-04  -2.1993741e-03
   2.0417432e-05  -4.9389880e-04   1.8273666e-04  -2.0867782e-03
   1.4036105e-04  -8.6092497e-04  -1.9650430e-05  -1.8465736e-03
   8.7885716e-05  -6.8490222e-04   9.2786840e-05  -2.0304802e-03
   1.7784343e-04  -4.7142781e-04   1.5650129e-04  -1.9929482e-03
  -1.7823918e-04  -7.7853134e-04  -5.7129520e-05  -1.8765991e-03
   5.7899812e-05  -8.8714113e-04  -2.3328124e-04  -1.8353140e-03
   1.2536810e-04  -8.3096365e-04  -2.3398339e-05  -1.8503268e-03
  -2.8318985e-04  -8.5717981e-04  -1.6581888e-04  -2.0304802e-03
   8.4137478e-05  -6.4745057e-04  -6.0877429e-05  -1.9741823e-03
   1.0662691e-04  -5.6505694e-04   7.0299386e-05  -1.9929482e-03
  -7.3288518e-05  -8.9463146e-04  -2.3328124e-04  -1.9741823e-03
  -1.5574975e-04  -8.3470882e-04   1.7828660e-05  -2.0642590e-03
  -5.8295566e-05  -7.5980552e-04  -4.6587940e-06  -1.7827692e-03
   1.1037514e-04  -8.0474750e-04  -9.4608610e-05  -1.8203012e-03
  -1.5200152e-04  -8.4968948e-04  -5.7129520e-05  -2.2781912e-03
  -1.8948390e-04  -7.3733453e-04  -1.0960025e-04  -1.9178843e-03
  -1.5574975e-04  -8.0100233e-04  -1.1334816e-04  -2.1468293e-03
  -9.5684720e-06  -9.4331860e-04  -2.3702915e-04  -2.2969572e-03
  -2.0719960e-06  -6.2123441e-04  -5.3381611e-05  -1.9028715e-03
  -3.5806138e-05  -8.3470882e-04  -1.0960025e-04  -1.9741823e-03
  -1.7064948e-05  -6.9988288e-04  -1.4707934e-04  -1.9028715e-03
  -2.2321804e-04  -6.4745057e-04  -2.8949988e-04  -2.1280633e-03
  -1.9323213e-04  -1.0332026e-03  -3.2323106e-04  -2.0042078e-03
  -2.0447685e-04  -7.7853134e-04   6.6551477e-05  -1.8465736e-03
  -1.6324623e-04  -7.8976684e-04  -2.4077706e-04  -2.2856976e-03
  -1.0327442e-04  -8.3845398e-04  -3.9818924e-04  -2.2594252e-03
  -2.0447685e-04  -8.9088629e-04  -2.6701242e-04  -2.3795275e-03
  -1.9698037e-04  -7.8976684e-04  -1.9580215e-04  -2.2331528e-03
  -7.7036756e-05  -6.0625375e-04  -4.6587940e-06  -1.9591695e-03
  -1.6699447e-04  -7.9351200e-04  -5.7129520e-05  -2.1393229e-03
  -2.4945570e-04  -7.4107969e-04  -4.1692878e-04  -2.1618421e-03
  -2.5695218e-04  -8.9088629e-04  -4.0568506e-04  -2.1092973e-03
  -3.6190284e-04  -1.0294574e-03  -1.5082725e-04  -2.3495020e-03
  -3.3941342e-04  -8.0100233e-04  -2.4452497e-04  -2.5071362e-03
  -2.5695218e-04  -9.0961212e-04  -3.6445806e-04  -2.0905314e-03
  -3.1317575e-04  -9.8826058e-04  -4.2817251e-04  -2.0980378e-03
  -4.1812641e-04  -7.0362804e-04  -3.4642066e-05  -2.1092973e-03
  -1.5949799e-04  -1.0406929e-03  -1.7331470e-04  -2.1393229e-03
  -3.1317575e-04  -1.1567930e-03  -4.0193715e-04  -2.3419956e-03
  -2.7569337e-04  -8.0849266e-04  -1.5902521e-05  -2.2406592e-03
  -1.4450504e-04  -1.0069864e-03  -3.4197060e-04  -2.1580889e-03
  -4.4436408e-04  -9.5455410e-04  -2.5576870e-04  -1.9779355e-03
  -3.9554376e-05  -7.7478618e-04  -4.5885793e-05  -2.0529994e-03
   1.6762420e-06  -6.3621507e-04  -2.7450824e-04  -1.8127948e-03
  -1.4450504e-04  -7.3733453e-04   5.1559841e-05  -1.9253907e-03
  -1.0327442e-04  -7.7478618e-04  -3.4642066e-05  -2.0792718e-03
  -2.8318985e-04  -7.6355068e-04  -4.0568506e-04  -1.7489904e-03
  -3.0193104e-04  -1.0219671e-03  -1.3583561e-04  -1.9741823e-03
  -1.4075680e-04  -9.3582827e-04  -1.3583561e-04  -1.9929482e-03
  -9.5684720e-06  -8.5343464e-04  -3.4197060e-04  -2.0154674e-03
  -1.1451914e-04  -7.4857002e-04  -2.4077706e-04  -1.9291439e-03
   8.0389240e-05  -8.3096365e-04  -2.8575197e-04  -2.0567526e-03
  -1.4075680e-04  -6.5494090e-04  -1.6956679e-04  -2.2932040e-03
  -2.9818280e-04  -6.5119573e-04  -1.4707934e-04  -1.9554163e-03
   1.1412338e-04  -9.8826058e-04  -1.3583561e-04  -2.0267270e-03
  -2.3446275e-04  -6.8115705e-04   1.0403057e-04  -2.0004546e-03
  -3.2067223e-04  -6.7366672e-04  -2.4077706e-04  -1.9328971e-03
   1.2920956e-05  -7.7104101e-04  -3.8694551e-04  -2.0117142e-03
  -1.3700856e-04  -8.5717981e-04  -4.2137884e-05  -2.0229738e-03
  -9.9526184e-05  -7.6355068e-04  -1.7331470e-04  -2.2218933e-03
  -5.4547328e-05  -6.1748925e-04  -2.6326452e-04  -2.1918677e-03
  -1.9698037e-04  -9.8077025e-04   2.1576569e-05  -2.2969572e-03
  -1.1826737e-04  -9.0212179e-04   2.8370240e-06  -2.0342334e-03
   1.6669194e-05  -7.4107969e-04  -1.3583561e-04  -2.0229738e-03
  -7.3288518e-05  -7.8976684e-04  -1.2833979e-04  -2.2894508e-03
  -2.9068632e-04  -6.9239255e-04  -1.6956679e-04  -2.1092973e-03
  -1.2951209e-04  -8.2721849e-04  -9.8356519e-05  -2.3269828e-03
  -3.9554376e-05  -9.1335728e-04  -1.1709606e-04  -2.1430761e-03
  -2.1946980e-04  -8.4968948e-04  -2.6701242e-04  -2.2669316e-03
  -2.6819689e-04  -8.1972816e-04  -2.2578543e-04  -2.2894508e-03
  -6.9540280e-05  -8.5717981e-04  -2.4452497e-04  -1.9704291e-03
   1.5535400e-04  -7.8976684e-04  -3.1198733e-04  -2.2068805e-03
  -1.4825328e-04  -6.7741189e-04  -1.1709606e-04  -2.1430761e-03
  -2.9818280e-04  -9.0586695e-04  -8.3364883e-05  -2.4057999e-03
  -3.4690989e-04  -9.3957344e-04  -8.7112792e-05  -2.3157232e-03
  -2.0447685e-04  -8.3096365e-04  -1.4707934e-04  -2.0830250e-03
   9.9130430e-05  -9.0212179e-04  -1.9955006e-04  -2.3682679e-03
  -1.1826737e-04  -9.4706377e-04   2.8370240e-06  -2.2819444e-03
  -1.9698037e-04  -8.6841530e-04  -1.1334816e-04  -2.2519188e-03
  -2.4570747e-04  -7.3733453e-04  -2.4077706e-04  -2.2856976e-03
  -5.8202340e-06  -7.5231519e-04  -9.0860701e-05  -2.2068805e-03
   9.5382192e-05  -8.9463146e-04   7.0299386e-05  -2.1205569e-03
  -1.4450504e-04  -9.0961212e-04  -9.8356519e-05  -2.0680122e-03
  -5.4547328e-05  -5.0513430e-04  -6.4625338e-05  -1.9441567e-03
  -1.4075680e-04  -7.2235387e-04  -1.5902521e-05  -1.8578331e-03
  -5.0799090e-05  -8.6841530e-04  -2.3702915e-04  -1.9554163e-03
   1.4785752e-04  -6.7366672e-04  -9.0860701e-05  -1.9854418e-03
   1.4785752e-04  -8.7590563e-04  -1.8081052e-04  -2.0267270e-03
   7.6641002e-05  -5.6880210e-04  -1.8455843e-04  -2.0792718e-03
   1.2920956e-05  -6.5119573e-04  -7.2121156e-05  -2.0792718e-03
   9.1727180e-06  -8.0100233e-04  -6.0877429e-05  -2.0417398e-03
   2.7913908e-05  -6.6617639e-04   3.6568205e-05  -2.0417398e-03
  -8.8281470e-05  -7.3733453e-04   1.1902220e-04  -2.0042078e-03
  -1.4825328e-04  -6.6243123e-04   1.0332842e-05  -1.9404035e-03
  -9.9526184e-05  -7.8976684e-04  -2.6326452e-04  -1.9253907e-03
  -3.2067223e-04  -9.3208311e-04  -1.3583561e-04  -1.7715096e-03
  -7.3288518e-05  -8.9837662e-04  -2.7076033e-04  -1.7001989e-03
  -7.3288518e-05  -7.9351200e-04  -1.6956679e-04  -1.8728459e-03
  -3.0567927e-04  -9.3582827e-04   1.7149293e-04  -2.0680122e-03
  -5.4547328e-05  -8.4219915e-04  -1.2833979e-04  -2.1017910e-03
  -1.6699447e-04  -7.9725717e-04  -1.2459188e-04  -2.1655953e-03
  -1.1077090e-04  -9.1710245e-04   2.1576569e-05  -2.1168037e-03
  -1.3326033e-04  -6.9613771e-04  -3.1948315e-04  -1.9554163e-03
  -1.3700856e-04  -8.9837662e-04  -2.8575197e-04  -1.9891950e-03
   1.2161986e-04  -1.0332026e-03   1.4080751e-05  -1.9366503e-03
  -5.0799090e-05  -8.0100233e-04  -2.5576870e-04  -1.9103779e-03
  -1.7823918e-04  -7.4482486e-04  -5.3311396e-04  -2.0567526e-03
  -1.9698037e-04  -9.0212179e-04  -3.4946642e-04  -2.1543357e-03
  -3.5806138e-05  -7.6729585e-04   7.4047295e-05  -1.9967014e-03
   3.9158622e-05  -8.4968948e-04  -1.2154612e-05  -2.0492462e-03
  -4.3686760e-04  -1.1268317e-03  -3.0823942e-04  -2.2444124e-03
  -3.9938522e-04  -8.9088629e-04  -2.7076033e-04  -2.0417398e-03
  -1.2201561e-04  -1.0856349e-03  -1.5457515e-04  -2.2369060e-03
  -2.7569337e-04  -1.0332026e-03  -2.5576870e-04  -2.1280633e-03
  -4.7050852e-05  -7.7853134e-04  -3.0823942e-04  -1.9516631e-03
  -3.7689580e-04  -1.1305768e-03  -1.9205424e-04  -2.3007104e-03
  -2.7944161e-04  -1.0107316e-03  -3.0823942e-04  -2.1655953e-03
  -2.9068632e-04  -8.1598299e-04  -2.2578543e-04  -2.2932040e-03
  -4.0688170e-04  -8.3096365e-04  -2.7450824e-04  -2.1731017e-03
   1.9658462e-04  -6.8490222e-04  -2.1828961e-04  -1.9066247e-03
  -7.9295021e-04  -9.9575091e-04  -3.8694551e-04  -2.1843613e-03
   3.2027647e-04  -9.3208311e-04  -2.2953333e-04  -2.2106337e-03
  -6.0553831e-04  -7.8976684e-04   2.1576569e-05  -2.3119700e-03
  -1.2576385e-04  -6.6243123e-04  -3.3822270e-04  -2.1693485e-03
  -5.4547328e-05  -8.7590563e-04   8.5291022e-05  -1.8353140e-03
  -2.2247771e-03  -1.0332026e-03  -4.5065997e-04  -1.9629227e-03
   1.7131124e-02  -7.0273500e-06   4.0316114e-05  -2.1768549e-03
   3.1801727e-02   2.7606496e-03  -1.0990482e-03  -1.1334661e-03
   1.0882811e-02   5.0377099e-03  -1.3208770e-04  -8.1444438e-04
  -1.5583497e-02   4.8358926e-04   9.5225259e-03  -3.3516056e-03
  -1.4331586e-02  -3.5199921e-03   1.1790011e-02  -4.8641439e-03
  -8.6041850e-04  -5.3289068e-03   4.5190674e-03  -3.8695467e-03
  -1.0928093e-03  -5.3888295e-03  -4.9893778e-03  -1.6176285e-03
  -1.8686945e-03  -5.8003760e-04  -6.2636668e-03  -1.6589137e-03
   6.2013551e-04   8.3563477e-04  -6.6084745e-03  -2.4208127e-03
   6.2949678e-03  -1.9428560e-04  -1.6731577e-02   1.7264643e-04
   7.7417877e-03  -3.1379853e-03  -1.2084170e-02  -6.3804412e-04
  -6.0929587e-03  -3.3514597e-03  -5.0455964e-03  -3.5167462e-03
  -1.6752948e-02  -8.9420980e-05  -8.6698244e-03  -3.0288306e-03
  -9.2377304e-03   3.4501816e-04  -1.4235469e-02  -1.8465736e-03
   5.1330141e-03   4.0868596e-04  -1.6086936e-02  -1.3699175e-03
   5.1518485e-04   4.6111827e-04  -1.1004772e-02  -1.7602500e-03
  -1.4912563e-02   1.6150507e-04  -7.3393167e-03  -2.0792718e-03
  -1.4623948e-02  -9.6204443e-04  -3.6363826e-03  -2.1618421e-03
  -2.6595727e-03  -1.9507680e-03  -2.3808331e-03  -2.2519188e-03
   3.8098860e-03  -2.0556326e-03  -5.3311396e-04  -2.1505825e-03
  -1.6063179e-03  -6.5494090e-04   4.6015214e-03  -2.6384981e-03
  -5.1446545e-03   9.1802840e-04   1.0028494e-02  -3.4566951e-03
   1.6996281e-03   4.0494080e-04   1.1486430e-02  -2.9087283e-03
   7.4231875e-03  -9.8826058e-04   8.5405737e-03  -1.3211260e-03
   4.5370442e-03  -1.5013482e-03   8.7242213e-03  -8.8200193e-04
  -3.7428135e-03  -6.4370540e-04   1.2993090e-02  -1.9141311e-03
  -5.5944431e-03  -5.5382144e-04   1.2633290e-02  -2.0567526e-03
   9.9870755e-04  -1.6062128e-03   7.4949071e-03  -1.1447257e-03
   3.2663915e-03  -1.9545132e-03   5.1149849e-03  -8.1069118e-04
  -2.1535606e-03  -1.3365609e-03   5.9095416e-03  -9.0076791e-04
  -3.1131095e-03  -9.9575091e-04   1.1917440e-02  -2.6384981e-03
   2.6554287e-03  -1.3515416e-03   1.2820686e-02  -3.2990608e-03
   3.4163211e-03  -1.6361741e-03   6.6516276e-03  -1.2835940e-03
  -3.3941342e-04  -9.5080893e-04   6.2281139e-03  -9.7207866e-04
  -2.7420340e-03  -2.6918890e-04   1.1430212e-02  -2.2744380e-03
  -1.9773934e-03  -5.5756661e-04   1.1246564e-02  -2.5559278e-03
   6.5386965e-04  -7.5980552e-04   3.4171821e-03  -8.8575512e-04
   2.6254428e-03  -5.0138913e-04   9.3981427e-04   3.7525650e-06
   1.7858375e-03  -4.4479000e-05   5.1149849e-03  -1.7414840e-03
  -2.2172807e-03   1.0907276e-04   4.3504115e-03  -2.4921234e-03
  -2.3597137e-03  -2.0552110e-04  -4.9633702e-05  -1.6851861e-03
   8.4502979e-04  -5.3509562e-04  -1.3089311e-03  -2.0980378e-03
   2.0033286e-04  -6.6243123e-04  -9.9410677e-04  -2.7398344e-03
  -1.9886381e-03  -2.6918890e-04  -2.3658415e-03  -2.4283191e-03
  -6.2427950e-04  -1.4517680e-05  -5.9900695e-03  -2.0304802e-03
   2.2881014e-03  -3.3285671e-04  -7.9164947e-03  -1.7564968e-03
   6.7635908e-04  -2.9540506e-04  -8.0476715e-03  -1.9816886e-03
  -3.3492485e-03  -2.7293407e-04  -6.9195509e-03  -2.3682679e-03
  -3.6341146e-03  -6.8490222e-04  -5.6677493e-03  -2.6947961e-03
  -4.1812641e-04  -1.0781445e-03  -6.3910957e-03  -2.7998856e-03
   1.9132776e-03  -1.2916189e-03  -6.1924566e-03  -2.5822002e-03
   4.2897537e-04  -1.1455575e-03  -5.1355462e-03  -2.6047194e-03
  -6.1678303e-04  -8.4219915e-04  -4.5696120e-03  -2.6272385e-03
   2.0417432e-05  -9.5080893e-04  -4.5658640e-03  -2.3532552e-03
   6.1648050e-05  -1.3065996e-03  -4.6595618e-03  -1.9591695e-03
  -3.3941342e-04  -1.1979898e-03  -3.6738617e-03  -2.0004546e-03
  -1.3814236e-03  -9.4331860e-04  -2.4820266e-03  -2.1318165e-03
  -5.5306298e-04  -7.3733453e-04  -2.5382453e-03  -1.8052884e-03
   1.8270681e-03  -8.2347332e-04  -2.8643134e-03  -1.7489904e-03
   2.2543673e-03  -1.0594187e-03  -2.1372190e-03  -2.1768549e-03
   4.4396833e-04  -1.1081059e-03  -1.1740064e-03  -2.5371618e-03
  -1.2577317e-03  -1.3627771e-03  -1.0315859e-03  -2.5409150e-03
  -1.1977599e-03  -1.2391866e-03  -1.7586802e-03  -2.2444124e-03
  -5.7555241e-04  -1.1979898e-03  -2.2683958e-03  -2.1543357e-03
  -1.4075680e-04  -1.0893800e-03  -1.4438559e-03  -2.1393229e-03
   2.6405290e-04  -4.2274067e-04  -1.1252836e-03  -1.8127948e-03
   1.0436864e-03  -1.7555978e-04  -1.4438559e-03  -1.8540799e-03
   1.9020329e-03  -5.9459660e-05  -1.2189813e-03  -1.9629227e-03
   6.2013551e-04  -4.6019232e-04  -2.5576870e-04  -2.1017910e-03
  -1.9773934e-03  -1.1305768e-03   1.3483364e-03  -2.4583447e-03
  -2.3409725e-03  -1.2129705e-03   1.8692957e-03  -2.5146426e-03
  -2.0822509e-04  -1.4451707e-03   1.8130771e-03  -2.5784470e-03
   1.2198536e-03  -1.3964836e-03   1.1197139e-03  -2.1055441e-03
   4.1773066e-04  -9.2833794e-04   5.7251919e-04  -1.9291439e-03
  -7.8170550e-04  -6.9613771e-04   1.0522515e-03  -2.1092973e-03
  -4.6685351e-04  -6.9988288e-04   1.1871763e-03  -2.0867782e-03
  -1.9323213e-04  -1.0856349e-03   1.5282360e-03  -2.1806081e-03
  -7.2923017e-04  -1.1193414e-03   1.9929767e-03  -2.0117142e-03
  -4.6685351e-04  -8.7965080e-04   2.6001380e-03  -2.2969572e-03
  -2.6070042e-04  -9.5829926e-04   2.4502216e-03  -2.0454930e-03
   3.0528352e-04  -5.9127309e-04   1.4720174e-03  -1.6063689e-03
   1.0024558e-03  -4.7517298e-04   1.7043877e-03  -1.8653395e-03
   3.6900357e-04  -8.0474750e-04   2.4464737e-03  -2.1280633e-03
  -4.2187465e-04  -7.9351200e-04   2.5776505e-03  -2.0755186e-03
  -5.3807003e-04  -9.1710245e-04   2.1766242e-03  -1.8615863e-03
   3.2777295e-04  -9.4706377e-04   1.7718501e-03  -2.1693485e-03
   5.6766018e-04  -7.7104101e-04   1.7418668e-03  -1.8240544e-03
  -2.8309662e-05  -6.8490222e-04   1.5919504e-03  -1.7339776e-03
   5.0019190e-04  -6.4745057e-04   1.3295968e-03  -1.9929482e-03
   1.4409996e-03  -4.9015364e-04   9.7354545e-04  -1.7377308e-03
   1.9095294e-03  -7.0695155e-05   5.2754428e-04  -1.9253907e-03
   9.7246988e-04   2.5138903e-04   1.0777848e-04  -1.7940288e-03
  -6.9540280e-05  -2.2050176e-04  -3.5696224e-04  -1.8728459e-03
  -3.2067223e-04  -1.0107316e-03  -8.4067030e-06  -2.2331528e-03
  -8.3418083e-04  -1.4751320e-03  -4.2817251e-04  -2.1430761e-03
   1.2161986e-04  -1.7747452e-03  -1.4101247e-03  -2.0867782e-03
   1.3997690e-03  -1.4938579e-03  -1.8074030e-03  -2.0342334e-03
   1.1673783e-03  -1.1193414e-03  -3.0367172e-03  -1.8165480e-03
   1.4410929e-04  -6.7366672e-04  -4.0186693e-03  -1.7152117e-03
  -4.4811232e-04  -4.2274067e-04  -3.9437112e-03  -2.0154674e-03
  -6.4676893e-04  -6.9613771e-04  -2.9242799e-03  -2.2068805e-03
  -7.8920198e-04  -7.9351200e-04  -2.0959920e-03  -2.4883702e-03
   5.4244800e-06  -1.3140899e-03  -2.0922441e-03  -2.6384981e-03
   8.2628860e-04  -1.1642833e-03  -2.8905487e-03  -2.1092973e-03
   1.4634891e-03  -6.0999892e-04  -3.4864663e-03  -2.0830250e-03
   1.1786230e-03  -7.6355068e-04  -2.5532369e-03  -2.2181401e-03
   1.6669194e-05  -4.8266331e-04  -2.2871354e-03  -2.2781912e-03
  -1.0515786e-03  -6.8115705e-04  -3.1603982e-03  -2.3945403e-03
  -1.7599956e-03  -9.2459278e-04  -3.6701138e-03  -1.9479099e-03
  -6.9174779e-04  -7.3358936e-04  -2.9392715e-03  -2.1693485e-03
   8.1879213e-04  -6.8864738e-04  -2.2084293e-03  -2.5334086e-03
   9.9870755e-04  -1.4934362e-04  -2.8118426e-03  -2.3645147e-03
   6.5386965e-04  -1.7181461e-04  -2.9317757e-03  -2.2894508e-03
   2.9778704e-04  -3.8154385e-04  -1.8673696e-03  -2.2706848e-03
  -5.9429360e-04  -5.8752793e-04  -8.3669459e-04  -2.6122257e-03
  -1.4451436e-03  -1.1904995e-03  -9.9410677e-04  -2.3419956e-03
  -9.7286564e-04  -9.6578959e-04  -1.0615691e-03  -1.9141311e-03
  -2.0813186e-05  -9.2833794e-04  -3.9444133e-04  -2.2706848e-03
   6.2763199e-04  -7.1486354e-04  -2.3398339e-05  -2.1731017e-03
   1.0024558e-03  -1.8305011e-04   4.4509029e-04  -1.9103779e-03
   4.8894718e-04  -5.3509562e-04   9.5480591e-04  -1.8465736e-03
   3.8774476e-04  -5.9127309e-04   2.2853136e-03  -1.9666759e-03
   1.8159167e-04  -6.0250859e-04   2.6938357e-03  -2.1430761e-03
  -3.9563699e-04  -7.8602167e-04   2.2965573e-03  -1.9028715e-03
   4.4396833e-04  -7.9351200e-04   2.8250125e-03  -1.8127948e-03
   9.6122517e-04  -6.9613771e-04   2.4464737e-03  -1.9028715e-03
   9.3123927e-04  -3.2911154e-04   1.7343710e-03  -1.7602500e-03
   5.7890489e-04  -6.7741189e-04   9.8104127e-04  -1.3436452e-03
  -1.0702266e-04  -9.6578959e-04   1.9067748e-03  -1.6851861e-03
  -4.4061584e-04  -7.1486354e-04   2.6938357e-03  -2.0342334e-03
  -1.5200152e-04  -8.2347332e-04   2.2403387e-03  -1.8390672e-03
   1.1486371e-03  -6.0999892e-04   3.0723745e-03  -2.1806081e-03
   1.3622866e-03  -5.2386012e-04   2.2365908e-03  -1.9554163e-03
   3.5026238e-04  -7.4482486e-04   1.1871763e-03  -1.6964457e-03
   1.0662691e-04  -7.8602167e-04   1.6781523e-03  -1.9479099e-03
   6.5012142e-04  -9.9949608e-04   1.9779851e-03  -1.8353140e-03
   1.4785752e-04  -1.1268317e-03   1.4457820e-03  -1.8991183e-03
  -7.2923017e-04  -9.8451542e-04   3.8137583e-04  -1.9629227e-03
  -1.7449094e-04  -6.4745057e-04   2.7268647e-04  -1.7527436e-03
   4.1773066e-04  -6.0250859e-04   5.0505683e-04  -1.9629227e-03
   4.7770247e-04  -8.3470882e-04   7.7795204e-05  -2.1280633e-03
   2.0417432e-05  -8.6841530e-04  -6.0807214e-04  -2.1092973e-03
  -1.1077090e-04  -8.0100233e-04  -7.0551778e-04  -2.3232296e-03
  -8.8281470e-05  -7.8976684e-04  -1.1552669e-03  -2.1618421e-03
  -8.6791497e-04  -8.1223783e-04  -2.2496563e-03  -2.1430761e-03
  -9.0914559e-04  -8.1223783e-04  -2.6356909e-03  -2.0492462e-03
  -7.6296431e-04  -9.5080893e-04  -2.3958247e-03  -1.9516631e-03
  -8.2293612e-04  -1.1792640e-03  -1.9798068e-03  -2.3007104e-03
  -2.0813186e-05  -1.1155962e-03  -1.4625954e-03  -2.4470851e-03
   2.0782933e-04  -8.4968948e-04  -1.5000745e-03  -2.4208127e-03
  -2.2696628e-04  -9.0586695e-04  -1.9985464e-03  -2.2106337e-03
  -3.2816870e-04  -6.5119573e-04  -1.8786133e-03  -2.2631784e-03
  -9.0164912e-04  -6.7741189e-04  -1.7661760e-03  -2.1768549e-03
  -7.0674074e-04  -1.1380672e-03  -1.5750327e-03  -2.2444124e-03
  -4.5935703e-04  -8.0849266e-04  -1.9310840e-03  -2.4808638e-03
  -1.2427388e-03  -9.8451542e-04  -2.9954902e-03  -2.1130505e-03
  -3.8814051e-04  -1.0519284e-03  -1.9760589e-03  -2.0529994e-03
   3.6150709e-04  -6.8864738e-04  -3.8694551e-04  -2.2856976e-03
  -4.1062994e-04  -9.8451542e-04  -7.3924896e-04  -2.2781912e-03
  -9.4662797e-04  -9.6204443e-04  -1.5937722e-03  -2.0042078e-03
  -5.8304889e-04  -9.3208311e-04  -9.8286304e-04  -2.1243101e-03
   1.6659871e-04  -8.2721849e-04   1.3401384e-04  -2.4208127e-03
  -1.4075680e-04  -5.9127309e-04  -1.7331470e-04  -1.9479099e-03
  -3.1317575e-04  -7.1486354e-04  -6.9427405e-04  -1.7001989e-03
  -8.4533232e-05  -7.6729585e-04   1.7828660e-05  -2.0567526e-03
  -1.4825328e-04  -9.6204443e-04   1.0597474e-03  -2.0567526e-03
  -2.9818280e-04  -7.5606035e-04   1.0335120e-03  -1.8991183e-03
  -5.2682532e-04  -4.7891814e-04   1.0747390e-03  -1.9366503e-03
   1.7409519e-04  -8.6841530e-04   1.7156314e-03  -1.9328971e-03
   3.8774476e-04  -9.1335728e-04   1.3146052e-03  -1.7302244e-03
  -4.7060175e-04  -8.1598299e-04   4.6757774e-04  -1.4487347e-03
  -6.2802774e-04  -7.8602167e-04   8.0488955e-04  -1.7827692e-03
  -3.5440637e-04  -8.4219915e-04   1.8280687e-03  -2.0154674e-03
  -3.7689580e-04  -1.0332026e-03   1.8617999e-03  -1.9779355e-03
  -3.0567927e-04  -9.1335728e-04   1.7418668e-03  -1.9891950e-03
   2.0408109e-04  -8.6467014e-04   1.9854809e-03  -1.8690927e-03
   5.7899812e-05  -7.2235387e-04   1.0897306e-03  -1.9328971e-03
  -6.3927246e-04  -6.8490222e-04   6.6246901e-04  -1.6138753e-03
  -6.9174779e-04  -8.6841530e-04   1.2171595e-03  -1.7302244e-03
  -4.8184646e-04  -9.1710245e-04   1.1684367e-03  -1.9178843e-03
  -7.1423722e-04  -1.0369477e-03   7.8989791e-04  -2.0079610e-03
  -9.9535507e-04  -9.8826058e-04   3.6638420e-04  -2.1693485e-03
  -5.6430770e-04  -7.3733453e-04   3.6263629e-04  -1.8878587e-03
  -6.5792042e-05  -5.7629243e-04   4.7882147e-04  -2.1956209e-03
  -3.0567927e-04  -7.3358936e-04   2.6144274e-04  -2.1505825e-03
  -5.8304889e-04  -6.0625375e-04   4.0316114e-05  -2.0680122e-03
  -4.8559470e-04  -6.4745057e-04   2.9072387e-05  -2.3645147e-03
  -6.7675484e-04  -1.0781445e-03   1.7524084e-04  -2.4958766e-03
  -7.1423722e-04  -8.0100233e-04   2.8370240e-06  -2.3907871e-03
  -6.6925836e-04  -6.3246991e-04  -4.1318088e-04  -2.0304802e-03
  -5.5681122e-04  -7.8602167e-04  -5.5934933e-04  -2.2218933e-03
  -2.4195923e-04  -8.7590563e-04  -6.3805542e-04  -2.1806081e-03
  -6.1303479e-04  -9.2833794e-04  -8.8541741e-04  -2.1505825e-03
  -5.3432179e-04  -8.9837662e-04  -5.1437442e-04  -2.3157232e-03
  -3.7314756e-04  -7.5231519e-04  -5.1437442e-04  -2.1168037e-03
  -5.4556651e-04  -7.3358936e-04  -9.2289650e-04  -2.1355697e-03
  -3.2442046e-04  -9.3957344e-04  -8.0671132e-04  -2.0680122e-03
  -2.7194513e-04  -8.1972816e-04  -1.0353338e-03  -2.1092973e-03
  -2.8693808e-04  -8.8339596e-04  -9.8661095e-04  -2.1168037e-03
  -4.2187465e-04  -9.6953476e-04  -9.0790486e-04  -2.2031273e-03
  -8.4533232e-05  -9.2084761e-04  -8.1795505e-04  -2.2031273e-03
  -8.4533232e-05  -8.1598299e-04  -3.9444133e-04  -1.9479099e-03
  -1.9323213e-04  -5.8752793e-04  -3.1948315e-04  -2.1280633e-03
   2.4156347e-04  -6.9613771e-04  -4.3192042e-04  -1.8203012e-03
  -3.5065813e-04  -7.3358936e-04  -6.2306378e-04  -1.8991183e-03
  -3.0942751e-04  -6.9239255e-04  -3.4946642e-04  -2.0529994e-03
   2.6780114e-04  -6.3246991e-04  -2.4827288e-04  -1.7827692e-03
