   5.4244800e-06  -7.9725717e-04  -7.2121156e-05  -2.3044636e-03
   4.2906860e-05  -9.5455410e-04  -7.5869065e-05  -2.3945403e-03
   6.5396288e-05  -5.2011496e-04   6.6551477e-05  -2.2969572e-03
  -3.3191694e-04  -5.0138913e-04  -1.1709606e-04  -2.1618421e-03
   5.7899812e-05  -6.4745057e-04   1.8273666e-04  -2.6234853e-03
  -4.3302614e-05  -4.0026968e-04  -1.5902521e-05  -2.2519188e-03
  -1.4075680e-04  -5.8752793e-04  -3.0823942e-04  -1.9967014e-03
   2.4905995e-04  -7.4482486e-04  -3.0894157e-05  -2.2932040e-03
  -5.4547328e-05  -8.1223783e-04  -8.4067030e-06  -2.3007104e-03
  -5.8202340e-06  -9.6204443e-04   7.0299386e-05  -2.2369060e-03
   4.6655098e-05  -9.3957344e-04  -6.4625338e-05  -2.1430761e-03
  -1.1077090e-04  -9.5080893e-04  -1.2084397e-04  -1.9666759e-03
  -2.0813186e-05  -7.3358936e-04   2.5324478e-05  -2.1280633e-03
  -9.5777946e-05  -6.9613771e-04   6.6551477e-05  -2.1843613e-03
  -1.4075680e-04  -1.0294574e-03   2.5324478e-05  -1.8953651e-03
   3.1662146e-05  -7.5980552e-04  -7.9616974e-05  -1.9291439e-03
  -8.8281470e-05  -5.0138913e-04   1.4900547e-04  -2.0229738e-03
  -2.4945570e-04  -8.4968948e-04  -8.4067030e-06  -2.2631784e-03
  -2.5320394e-04  -9.2459278e-04  -1.2833979e-04  -2.1017910e-03
  -1.9323213e-04  -8.9088629e-04   3.2820296e-05  -1.8428204e-03
  -4.7050852e-05  -1.0481832e-03  -6.0877429e-05  -2.1205569e-03
  -1.7449094e-04  -9.1335728e-04  -9.1088500e-07  -1.9366503e-03
  -2.8693808e-04  -8.3845398e-04   1.4150966e-04  -1.9103779e-03
  -4.2187465e-04  -9.3582827e-04   6.5849330e-06  -2.1055441e-03
  -2.9818280e-04  -1.0294574e-03  -1.6581888e-04  -1.9554163e-03
  -1.5949799e-04  -1.2054801e-03  -5.7129520e-05  -1.8353140e-03
  -2.1197332e-04  -9.9575091e-04  -2.8200406e-04  -1.8728459e-03
  -2.2696628e-04  -8.0100233e-04  -3.0823942e-04  -2.0605058e-03
  -2.7569337e-04  -9.9949608e-04  -1.2833979e-04  -2.0229738e-03
  -2.1197332e-04  -9.3957344e-04  -2.4827288e-04  -1.8428204e-03
  -2.1572156e-04  -1.0631639e-03  -3.4197060e-04  -1.7189649e-03
  -1.4450504e-04  -1.0444381e-03  -4.0568506e-04  -1.8090416e-03
  -3.1692399e-04  -6.8115705e-04  -2.1828961e-04  -1.9028715e-03
  -3.6939932e-04  -9.1335728e-04  -3.1573524e-04  -1.8916119e-03
  -2.0447685e-04  -1.0144767e-03  -3.3447479e-04  -1.9779355e-03
  -2.8318985e-04  -8.4968948e-04  -1.0585234e-04  -1.8390672e-03
  -1.1451914e-04  -8.9088629e-04  -2.3328124e-04  -1.7077053e-03
  -6.2043804e-05  -9.3582827e-04  -2.5202079e-04  -1.6176285e-03
  -2.0072861e-04  -9.3208311e-04  -1.5832306e-04  -1.6026158e-03
  -1.2576385e-04  -7.2235387e-04  -1.7706261e-04  -1.7752628e-03
  -2.3071451e-04  -8.2721849e-04  -2.5576870e-04  -1.8052884e-03
  -9.2029708e-05  -1.0781445e-03  -1.6207097e-04  -1.6889393e-03
  -9.9526184e-05  -8.3470882e-04   1.4080751e-05  -1.6476541e-03
  -4.5935703e-04  -9.2459278e-04  -5.3381611e-05  -1.6589137e-03
   5.4244800e-06  -9.5829926e-04  -9.0860701e-05  -1.5538242e-03
  -1.1451914e-04  -6.7741189e-04  -1.2833979e-04  -1.7865224e-03
  -3.9563699e-04  -8.6092497e-04  -2.0329797e-04  -1.8953651e-03
  -5.0799090e-05  -7.2235387e-04  -2.2203752e-04  -1.4750071e-03
  -2.5320394e-04  -5.7254727e-04  -1.0210443e-04  -1.5313050e-03
  -1.6699447e-04  -7.9351200e-04  -9.0860701e-05  -1.6551605e-03
   1.6669194e-05  -8.7590563e-04  -2.0704588e-04  -1.8315608e-03
  -1.2951209e-04  -9.1335728e-04   7.7795204e-05  -2.0417398e-03
  -2.1572156e-04  -8.0100233e-04  -1.0210443e-04  -1.7640032e-03
  -1.6699447e-04  -8.3845398e-04  -1.4707934e-04  -2.0192206e-03
  -2.1572156e-04  -8.4219915e-04   1.4525757e-04  -2.0417398e-03
  -1.3326033e-04  -7.0362804e-04  -1.7706261e-04  -1.8315608e-03
  -7.7036756e-05  -6.0250859e-04  -1.2459188e-04  -2.0642590e-03
  -1.1077090e-04  -7.8976684e-04  -1.8455843e-04  -2.0304802e-03
  -9.5684720e-06  -9.8826058e-04  -2.9324779e-04  -2.2444124e-03
  -2.6444866e-04  -6.3621507e-04  -8.3364883e-05  -2.2406592e-03
  -1.0702266e-04  -7.5606035e-04   6.2803568e-05  -2.0980378e-03
  -6.2043804e-05  -8.9837662e-04   1.8273666e-04  -2.1806081e-03
  -2.6819689e-04  -8.0474750e-04   2.5324478e-05  -2.1130505e-03
  -1.2576385e-04  -9.3582827e-04  -1.3583561e-04  -2.1280633e-03
  -1.2951209e-04  -6.7366672e-04  -7.2121156e-05  -2.3645147e-03
  -2.7569337e-04  -8.6467014e-04   1.0332842e-05  -2.5521746e-03
  -3.9563699e-04  -8.1972816e-04  -1.7706261e-04  -2.4996298e-03
  -1.1077090e-04  -6.9613771e-04  -6.0877429e-05  -2.4583447e-03
  -1.8948390e-04  -9.6953476e-04   2.9072387e-05  -2.2594252e-03
  -1.5949799e-04  -4.9015364e-04  -1.2459188e-04  -2.4133063e-03
   4.2906860e-05  -8.3845398e-04  -1.1709606e-04  -2.6197321e-03
  -1.1077090e-04  -1.0406929e-03  -1.7331470e-04  -2.6647705e-03
  -5.8202340e-06  -8.4219915e-04  -1.1334816e-04  -2.6572641e-03
  -2.4195923e-04  -1.1792640e-03  -1.9650430e-05  -2.5934598e-03
  -1.4825328e-04  -7.0362804e-04   1.3776175e-04  -2.6910429e-03
  -3.2057900e-05  -9.2084761e-04  -4.5885793e-05  -2.4696043e-03
  -3.3941342e-04  -1.1418123e-03  -2.8200406e-04  -2.7210685e-03
  -2.3446275e-04  -6.2497958e-04  -3.0894157e-05  -2.7510940e-03
  -2.2696628e-04  -7.4482486e-04  -1.1334816e-04  -2.6234853e-03
  -2.0719960e-06  -6.5868606e-04  -1.4707934e-04  -2.6347449e-03
   3.1652823e-04  -5.6880210e-04  -7.5869065e-05  -2.2444124e-03
   5.4151574e-05  -5.9501826e-04  -6.8373247e-05  -2.4095531e-03
  -4.3302614e-05  -5.1636979e-04   2.1271993e-04  -2.3232296e-03
   1.2536810e-04  -6.2872474e-04   1.1527429e-04  -2.1580889e-03
   4.6655098e-05  -5.8003760e-04   6.2803568e-05  -2.3645147e-03
   9.1727180e-06  -8.6467014e-04  -7.9616974e-05  -2.2106337e-03
  -9.5777946e-05  -9.9949608e-04  -1.9955006e-04  -2.1768549e-03
  -1.8948390e-04  -8.1598299e-04   6.2803568e-05  -2.3044636e-03
  -4.7050852e-05  -7.1111837e-04  -4.5885793e-05  -2.2969572e-03
  -5.0799090e-05  -5.2011496e-04   2.1576569e-05  -2.2856976e-03
   4.6655098e-05  -7.0737321e-04   6.5849330e-06  -2.1505825e-03
  -2.0813186e-05  -7.7478618e-04  -9.0860701e-05  -1.9779355e-03
  -2.4195923e-04  -6.8115705e-04  -3.8389975e-05  -2.0717654e-03
  -5.8202340e-06  -7.7478618e-04  -4.9633702e-05  -2.2444124e-03
  -3.5806138e-05  -8.4968948e-04  -6.8373247e-05  -2.1580889e-03
  -2.1946980e-04  -8.8714113e-04  -2.1828961e-04  -2.1130505e-03
  -1.1826737e-04  -9.5455410e-04   4.7811932e-05  -1.9666759e-03
  -2.6070042e-04  -9.2084761e-04  -5.3381611e-05  -1.9103779e-03
  -2.1197332e-04  -6.2123441e-04  -2.7825615e-04  -2.1055441e-03
  -2.1197332e-04  -7.1486354e-04  -7.2121156e-05  -1.8015352e-03
  -2.4945570e-04  -8.0100233e-04  -6.0877429e-05  -1.8428204e-03
   3.9158622e-05  -7.4107969e-04   2.5324478e-05  -1.9591695e-03
  -9.2029708e-05  -9.0961212e-04  -2.7825615e-04  -1.7752628e-03
  -2.0072861e-04  -7.7853134e-04  -4.7689533e-04  -2.0605058e-03
  -7.7036756e-05  -9.0586695e-04  -7.5869065e-05  -2.0605058e-03
  -2.7569337e-04  -8.7965080e-04  -1.8830634e-04  -1.8578331e-03
  -4.0313346e-04  -7.5980552e-04  -4.4316415e-04  -1.8090416e-03
  -2.4945570e-04  -1.0332026e-03  -2.9699570e-04  -1.9028715e-03
  -1.4450504e-04  -7.4857002e-04  -1.9580215e-04  -1.9554163e-03
  -2.9818280e-04  -7.0737321e-04  -1.6207097e-04  -1.8127948e-03
  -4.3686760e-04  -8.4594431e-04  -2.4452497e-04  -1.9554163e-03
  -2.7194513e-04  -7.6355068e-04  -2.0704588e-04  -1.7977820e-03
  -3.8064403e-04  -8.2721849e-04  -1.2084397e-04  -1.7527436e-03
  -4.1812641e-04  -7.6729585e-04   1.0028266e-04  -1.9253907e-03
  -3.5440637e-04  -9.6953476e-04   4.4064023e-05  -1.6363945e-03
  -3.8064403e-04  -8.8714113e-04  -3.7195388e-04  -1.7377308e-03
  -1.2951209e-04  -7.5980552e-04  -2.2578543e-04  -1.9141311e-03
  -1.8948390e-04  -1.0107316e-03  -3.3072688e-04  -1.9741823e-03
  -1.8573566e-04  -9.3208311e-04  -2.3328124e-04  -1.8165480e-03
  -2.4570747e-04  -9.4331860e-04  -8.3364883e-05  -1.6926925e-03
  -3.0567927e-04  -9.9949608e-04  -3.7195388e-04  -1.7602500e-03
  -1.1826737e-04  -8.3845398e-04  -2.4452497e-04  -1.6589137e-03
  -1.8198742e-04  -7.2235387e-04  -2.0329797e-04  -1.5650838e-03
  -1.8573566e-04  -7.7853134e-04  -9.0860701e-05  -1.3398920e-03
  -5.8295566e-05  -9.9200575e-04  -5.7129520e-05  -1.5538242e-03
  -1.3316710e-05  -9.6578959e-04  -1.5082725e-04  -1.4975262e-03
  -1.8573566e-04  -8.6092497e-04  -1.6956679e-04  -1.5162922e-03
  -4.3302614e-05  -7.3733453e-04  -7.2121156e-05  -1.8052884e-03
  -6.5792042e-05  -7.0362804e-04  -3.4642066e-05  -1.6551605e-03
  -2.1197332e-04  -9.3582827e-04  -3.8319760e-04  -1.7414840e-03
  -7.7036756e-05  -7.7853134e-04  -2.6701242e-04  -1.5388114e-03
  -1.4825328e-04  -7.7853134e-04  -1.2154612e-05  -1.5913562e-03
  -8.0784994e-05  -1.0594187e-03   5.5307750e-05  -1.9441567e-03
  -1.5574975e-04  -1.0257122e-03  -1.0585234e-04  -2.0680122e-03
  -1.4075680e-04  -9.7702509e-04  -3.6071015e-04  -1.9666759e-03
  -5.0799090e-05  -8.5717981e-04   2.8370240e-06  -1.6626669e-03
  -6.2043804e-05  -8.9088629e-04   1.1902220e-04  -1.9178843e-03
  -9.2029708e-05  -8.7590563e-04   7.0299386e-05  -2.0605058e-03
  -2.0447685e-04  -5.7629243e-04  -5.7129520e-05  -2.1618421e-03
  -6.2043804e-05  -6.8864738e-04  -3.0823942e-04  -2.1468293e-03
  -5.8295566e-05  -7.2609903e-04  -4.9633702e-05  -1.8353140e-03
  -6.9540280e-05  -6.2123441e-04  -7.9616974e-05  -2.2143869e-03
  -3.2057900e-05  -8.1972816e-04  -7.5869065e-05  -2.0905314e-03
  -3.5440637e-04  -7.4107969e-04   2.5019902e-04  -1.9103779e-03
  -2.8693808e-04  -7.7853134e-04   1.7828660e-05  -2.3232296e-03
  -5.0799090e-05  -1.0107316e-03  -1.7706261e-04  -2.0942846e-03
  -3.4316165e-04  -9.1710245e-04  -8.4067030e-06  -2.4095531e-03
  -2.0822509e-04  -7.2235387e-04  -6.4625338e-05  -2.7736132e-03
   1.6669194e-05  -9.0586695e-04  -3.0074361e-04  -2.4433319e-03
  -8.8281470e-05  -9.0961212e-04  -4.3566833e-04  -2.4583447e-03
   2.7913908e-05  -7.1111837e-04  -1.6956679e-04  -2.5108894e-03
  -2.8309662e-05  -8.0474750e-04  -1.0210443e-04  -2.2969572e-03
  -1.8948390e-04  -6.6243123e-04  -3.3072688e-04  -2.3870339e-03
  -2.4945570e-04  -8.9837662e-04  -8.7112792e-05  -2.7548472e-03
  -1.6324623e-04  -8.9088629e-04   6.5849330e-06  -2.7661068e-03
  -8.0784994e-05  -7.5980552e-04  -1.8455843e-04  -2.7998856e-03
  -1.3326033e-04  -9.0961212e-04  -1.1334816e-04  -2.8299112e-03
  -1.0702266e-04  -7.1860870e-04   8.1543113e-05  -2.7773664e-03
  -2.0447685e-04  -1.0743994e-03  -4.2137884e-05  -2.8374176e-03
  -2.7194513e-04  -8.4219915e-04  -2.2578543e-04  -2.6309917e-03
  -1.7823918e-04  -6.5119573e-04   3.6568205e-05  -2.5897066e-03
  -5.4547328e-05  -9.8826058e-04   8.9038931e-05  -2.6122257e-03
   7.6641002e-05  -6.9239255e-04  -9.1088500e-07  -2.3194764e-03
   4.6655098e-05  -5.9876342e-04   1.6399711e-04  -2.2519188e-03
  -5.8202340e-06  -6.5119573e-04   1.2277011e-04  -2.3607615e-03
   2.4165670e-05  -9.1335728e-04  -5.7129520e-05  -2.4133063e-03
  -3.2057900e-05  -7.7478618e-04  -9.8356519e-05  -2.3269828e-03
   4.6655098e-05  -4.1525034e-04  -8.3364883e-05  -2.2856976e-03
   3.9158622e-05  -8.4594431e-04   1.7828660e-05  -2.3007104e-03
  -2.4570747e-04  -8.6092497e-04   8.5291022e-05  -2.1092973e-03
   1.6669194e-05  -7.5980552e-04   4.0316114e-05  -2.1993741e-03
   1.1037514e-04  -8.5717981e-04  -2.7146248e-05  -2.2369060e-03
  -1.3326033e-04  -6.8115705e-04  -6.8373247e-05  -2.2369060e-03
  -8.4533232e-05  -9.8451542e-04   3.2820296e-05  -2.3044636e-03
  -1.4075680e-04  -9.6953476e-04  -1.1709606e-04  -2.0717654e-03
  -2.3821099e-04  -6.4745057e-04  -2.1454170e-04  -2.0867782e-03
  -1.0327442e-04  -7.1486354e-04   1.4080751e-05  -2.2856976e-03
   7.6641002e-05  -7.4857002e-04  -4.5885793e-05  -2.2856976e-03
  -5.4547328e-05  -8.4219915e-04  -8.4067030e-06  -1.9554163e-03
   4.2906860e-05  -8.3470882e-04   6.6551477e-05  -1.9291439e-03
  -2.3071451e-04  -7.8976684e-04  -1.0960025e-04  -2.1055441e-03
  -3.9563699e-04  -8.0474750e-04  -1.9650430e-05  -2.0417398e-03
  -1.7823918e-04  -8.8339596e-04  -1.0210443e-04  -2.2519188e-03
   5.4891899e-04  -8.6841530e-04  -3.8319760e-04  -2.1655953e-03
   2.1157757e-04  -6.1374408e-04  -3.5696224e-04  -2.0267270e-03
  -6.0553831e-04  -6.5868606e-04  -3.4197060e-04  -2.1205569e-03
   3.6525533e-04  -7.2235387e-04  -1.3958352e-04  -1.9929482e-03
  -1.1565293e-03  -1.1530478e-03  -1.3208770e-04  -1.9741823e-03
   1.1298959e-03  -1.1006155e-03  -2.8575197e-04  -1.6889393e-03
  -1.4076612e-03  -9.0586695e-04  -1.3583561e-04  -1.6551605e-03
  -1.2576385e-04  -1.2579125e-03  -2.4452497e-04  -1.9591695e-03
   8.6377098e-04  -5.9876342e-04  -1.5457515e-04  -1.8428204e-03
  -3.2630391e-03  -1.5987225e-03   4.7811932e-05  -1.8765991e-03
   4.4470865e-03  -5.9876342e-04  -4.1318088e-04  -1.7902756e-03
  -6.4340484e-03  -1.2204608e-03  -2.5576870e-04  -1.8765991e-03
   6.3361985e-03  -1.1418123e-03  -1.5082725e-04  -1.9741823e-03
  -5.5532125e-03  -2.8042440e-04  -4.5815578e-04  -1.6589137e-03
   1.8495576e-03  -2.9806884e-03   5.1559841e-05  -1.7039521e-03
   2.5654710e-03   3.4123083e-03  -3.3822270e-04  -1.7377308e-03
  -6.2091541e-03   1.4086450e-03  -3.4642066e-05  -1.5725902e-03
   6.5876959e-02  -7.3850024e-03  -2.0922441e-03   8.2569702e-05
  -4.2488257e-03  -1.8298413e-02   6.7678128e-03  -9.3079349e-04
   3.8312417e-02  -2.7447851e-02   2.5938367e-02  -7.1798665e-03
  -3.2465561e-02  -2.1230877e-02   2.9139082e-02  -1.1740001e-02
  -7.9318536e-02  -1.6736679e-02   1.4166185e-02  -1.0313786e-02
   2.2546944e-01  -3.7372117e-03  -2.2608298e-02  -2.3044636e-03
   1.3529058e-01   6.4421468e-03  -4.1141708e-02   4.2823971e-03
   3.1505617e-02   3.9553572e-03  -3.0310251e-02   5.0367897e-03
  -6.0067493e-03   2.7569044e-03  -2.3260434e-02   3.3478511e-03
  -5.2282496e-02  -2.9320012e-03  -2.6011399e-02   3.6818856e-03
   9.1050125e-02  -5.1491389e-03  -4.2217358e-02   7.1423333e-03
  -1.3863056e-02  -3.5050115e-03  -2.9635627e-02   3.1151529e-03
  -5.5026206e-02  -1.7934711e-03  -5.3004542e-03  -5.1005954e-03
   3.6794380e-02   5.0980542e-04  -2.9879944e-03  -6.4592527e-03
  -1.4661431e-02  -1.0182219e-03   1.2651802e-04  -4.9917526e-03
  -3.5183034e-02  -3.7821537e-03   6.3293074e-03  -4.8078460e-03
   1.9889827e-02  -2.3177942e-03   2.0009175e-02  -6.3916951e-03
  -8.9453679e-03   1.3524675e-03   2.4742784e-02  -7.2023857e-03
   3.9148367e-03   3.6370182e-03   1.0613167e-02  -1.4900198e-03
   5.6011597e-02   5.1463197e-03   6.0144831e-03   2.6122245e-03
   1.1898584e-02   1.6071388e-03   1.9233358e-02   4.9166817e-04
   1.2029772e-02  -1.0706542e-03   2.9476393e-02  -2.6047194e-03
  -1.1437946e-02  -1.1006155e-03   1.4151193e-02  -7.2061446e-04
  -1.3810581e-02  -3.6023858e-03  -1.6162597e-03   4.0084138e-03
   2.3660554e-02  -1.8721195e-03   1.9574418e-02  -2.3307360e-03
  -4.3686760e-04  -1.0332026e-03   3.5622964e-02  -7.3900455e-03
  -2.1910430e-03   2.5887936e-04   2.0736270e-02  -2.0867782e-03
  -1.6321900e-02   7.9069279e-04   1.5196860e-02   3.1526792e-04
   1.7712101e-02  -2.5649750e-03   2.7385060e-02  -3.8432744e-03
   1.8293078e-02  -1.6586451e-03   3.0593270e-02  -7.0259854e-03
  -1.6670486e-02  -1.5313095e-03   1.6253770e-02  -3.2690352e-03
   1.0215625e-02  -1.2691480e-03   2.0604391e-03   9.3829293e-05
  -1.4871332e-02  -1.2654028e-03   2.4802049e-03  -1.2723344e-03
   1.9694919e-02  -1.0968704e-03  -6.5634995e-03  -1.0996874e-03
  -1.2629886e-02   2.0752844e-03  -2.5764037e-02   2.6347437e-03
   1.8236854e-02   1.2363674e-03  -2.3485309e-02   1.2610736e-03
   4.6682232e-02  -1.1418123e-03  -1.3039886e-02  -3.9333511e-03
  -9.3486876e-02  -2.8608431e-03  -1.3039886e-02  -5.2394636e-03
  -5.7181349e-03  -2.9170206e-03  -1.9422575e-02  -4.4963306e-03
  -4.2187465e-04  -1.0931252e-03  -1.7567360e-02  -5.0855826e-03
  -3.2686707e-02  -1.7298032e-03  -1.1581950e-02  -6.2866056e-03
   3.0444865e-02  -9.5455410e-04  -1.6851510e-02  -2.8824559e-03
  -1.3030947e-02   8.7308642e-04  -1.8729212e-02   1.8390602e-04
   7.3894533e-03   7.4575081e-04  -7.6279057e-03  -2.2932040e-03
  -9.2189892e-03   7.2702499e-04  -5.6602535e-03  -2.7398344e-03
  -1.1670337e-02  -9.9949608e-04  -1.5629691e-02   3.7156587e-04
   1.6051631e-02  -2.6735848e-03  -1.1001024e-02  -3.0400959e-04
  -3.4916816e-03  -2.7784495e-03   2.7050794e-03  -4.0647130e-03
   1.2273501e-03  -3.1117691e-03   3.1360889e-03  -4.2823984e-03
  -1.2521187e-02  -1.6960968e-03  -4.9556466e-03  -1.8653395e-03
  -1.4136677e-02  -1.3328158e-03  -4.1798294e-03  -1.3961899e-03
   9.9345069e-03  -2.1417714e-03   5.9770040e-03  -3.6631209e-03
   3.1389514e-03  -6.9988288e-04   8.2594806e-03  -3.9558703e-03
  -5.2645981e-03   5.8096355e-04   9.3981427e-04  -1.5463178e-03
   5.4666072e-03   1.0828157e-03   3.1398369e-03  -1.7527436e-03
   1.0384296e-02   8.1316378e-04   8.4506239e-03  -3.2615288e-03
   6.6135681e-03  -9.3166145e-05   4.7027149e-03  -2.6947961e-03
  -8.3606427e-03  -4.6768265e-04  -4.9633702e-05  -8.2570397e-04
  -9.1740104e-03  -1.3590319e-03   3.4509133e-03  -4.8791624e-04
   8.4689459e-03  -1.8758647e-03   1.4050000e-02  -2.9462603e-03
   1.3896395e-02  -3.4034704e-04   1.0684378e-02  -2.7023025e-03
   5.6015438e-03   1.2213868e-03  -1.2751999e-03   8.2945590e-04
  -2.1160782e-03   1.1389931e-03   1.4832611e-03   7.6940475e-04
  -1.1377881e-03  -5.1262463e-04   1.4649665e-02  -2.9725327e-03
   1.6659871e-04  -2.5200331e-03   2.0931161e-02  -5.1756593e-03
  -1.4976190e-03  -2.3852071e-03   1.2520853e-02  -3.2690352e-03
  -1.8049745e-03  -9.7327992e-04   5.9882477e-03  -1.1897641e-03
   4.1322345e-03  -3.3660187e-04   1.1077908e-02  -2.5822002e-03
   6.1600313e-03  -2.3548242e-04   9.1214996e-03  -3.0626094e-03
   1.9432635e-03  -5.6131177e-04  -2.4932704e-03  -2.4020524e-04
   3.5849918e-03  -1.0931252e-03  -5.0868234e-03   5.8174490e-04
   1.2011124e-03  -1.4638965e-03  -9.9410677e-04  -1.5237986e-03
  -3.4729404e-03  -1.2129705e-03  -4.2585355e-03  -1.8953651e-03
  -2.6595727e-03  -7.7853134e-04  -1.1207159e-02  -1.1972705e-03
  -1.0028515e-03  -6.2872474e-04  -1.2245330e-02  -1.6664201e-03
  -3.2105637e-03  -5.2760529e-04  -8.5986141e-03  -3.0213242e-03
  -2.1648053e-03  -2.6544374e-04  -8.0963943e-03  -3.5355122e-03
  -7.6184916e-03  -1.1938230e-04  -1.0483812e-02  -2.7886260e-03
  -9.4851141e-03  -7.5980552e-04  -9.6030537e-03  -2.7773664e-03
   2.3968003e-03  -1.5350547e-03  -5.4691101e-03  -3.2014777e-03
   4.5146480e-04  -1.4676417e-03  -2.9804985e-03  -3.1827117e-03
  -8.1918788e-04  -8.2347332e-04  -6.1212463e-03  -2.1355697e-03
   6.0514256e-04  -8.0849266e-04  -1.0262686e-02  -5.7799297e-04
   3.8436202e-03  -1.0406929e-03  -1.2256573e-02   3.7531907e-04
   1.2911633e-04  -1.6137031e-03  -1.0378871e-02   3.6030628e-04
  -1.8349604e-03  -2.6099170e-03  -3.0517088e-03  -1.0471426e-03
   2.2393743e-03  -2.1679876e-03  -1.6207097e-04  -1.9441567e-03
  -8.5518029e-03  -9.9949608e-04  -4.4871580e-03  -1.1559853e-03
   1.5684397e-03  -4.8266331e-04  -3.5201974e-03  -1.5388114e-03
   7.2057897e-03  -3.2536638e-04   3.0611308e-03  -3.2277501e-03
  -2.2210289e-03  -1.0032412e-03   3.7544939e-03  -3.3178268e-03
  -6.2503847e-03  -2.0069455e-03   3.4621570e-03  -2.9575199e-03
  -7.5360304e-03  -2.1942037e-03   4.0168476e-03  -2.5746938e-03
   3.0414973e-03  -1.3253254e-03   1.4457820e-03  -1.3211260e-03
   6.1675278e-03   1.3903408e-04   1.1984200e-03  -7.4688684e-04
   5.9688711e-03   8.0941862e-04   3.2890511e-04  -5.8549936e-04
   4.7506938e-03   3.1131167e-04  -1.2039897e-03  -9.0077360e-05
   5.4517075e-04  -2.1301143e-04   1.1571930e-03  -8.7074234e-04
  -9.5684720e-06  -4.5644715e-04   4.4291176e-03  -2.5822002e-03
  -1.8686945e-03  -1.2054801e-03   4.7664294e-03  -2.9500135e-03
  -3.6828417e-03  -1.4863675e-03   5.3473553e-03  -3.1526861e-03
  -2.9331941e-03  -8.2347332e-04   9.3426263e-03  -4.0384406e-03
   5.7515666e-04  -1.9428560e-04   8.9753312e-03  -4.0384406e-03
   3.7424178e-03   3.4501816e-04   3.4434175e-03  -2.6685237e-03
   2.8540854e-03   2.9258585e-04  -6.9427405e-04  -8.3696356e-04
   3.7650004e-04  -3.5158253e-04  -4.8439115e-04  -6.8308249e-04
   1.7033763e-03  -1.0144767e-03   2.7875334e-03  -1.6288881e-03
  -5.5681122e-04  -1.4489159e-03   1.2883698e-03  -1.4449815e-03
   4.3084017e-03  -1.2878738e-03  -2.2046814e-03  -9.1578070e-04
   8.6488613e-03  -1.2391866e-03  -8.9291323e-04  -1.3811771e-03
  -3.1131095e-03  -9.0961212e-04   1.6968919e-03  -2.7623536e-03
  -3.4804369e-03  -4.2274067e-04   1.6331774e-03  -3.3516056e-03
  -2.0448617e-03  -8.9837662e-04  -3.8389975e-05  -3.1676989e-03
  -4.3275386e-03  -9.2084761e-04  -3.8694551e-04  -3.2690352e-03
   8.9375689e-04  -8.7965080e-04  -9.4538395e-04  -2.9575199e-03
  -8.7915969e-04  -1.0332026e-03  -1.2077376e-03  -3.0213242e-03
  -2.0598547e-03  -6.8864738e-04  -2.9655069e-03  -2.7323280e-03
   2.0594589e-03  -7.5606035e-04  -6.6609452e-03  -1.7189649e-03
   1.9245223e-03  -4.9764397e-04  -4.3185021e-03  -2.0304802e-03
   4.4396833e-04  -4.2648583e-04  -1.2114855e-03  -2.6084725e-03
   3.5410384e-05  -1.0219671e-03  -2.8718092e-03  -2.4846170e-03
  -1.6812826e-03  -1.1792640e-03  -4.2735271e-03  -2.1693485e-03
  -1.2389905e-03  -1.0444381e-03  -4.6145869e-03  -2.5634342e-03
  -7.9669845e-04  -6.9988288e-04  -3.4264997e-03  -3.5730442e-03
  -2.0598547e-03  -6.7741189e-04  -2.0172859e-03  -3.5167462e-03
  -1.7337580e-03  -9.0586695e-04  -2.9355236e-03  -2.8899623e-03
  -1.4751295e-03  -8.8714113e-04  -3.2803313e-03  -2.5409150e-03
  -4.6310527e-04  -9.9200575e-04  -8.5168623e-04  -2.8937155e-03
  -1.9323213e-04  -7.0737321e-04  -2.5202079e-04  -2.8186516e-03
  -2.4570747e-04  -3.9652451e-04  -2.5832202e-03  -1.8953651e-03
   5.0403336e-05  -7.2235387e-04  -3.2166168e-03  -1.6101221e-03
   3.3152119e-04  -9.1710245e-04  -1.8186467e-03  -1.5725902e-03
   2.0482142e-03  -7.2984420e-04  -3.9818924e-04  -1.8803523e-03
   5.7140842e-04  -8.3096365e-04  -2.5202079e-04  -2.0304802e-03
   3.3526942e-04  -1.2129705e-03  -5.1812233e-04  -1.8916119e-03
   1.1111547e-03  -1.1305768e-03   1.0597474e-03  -2.1468293e-03
  -1.4601366e-03  -7.1111837e-04   2.3115490e-03  -2.4095531e-03
  -8.2668436e-04  -3.6656319e-04   2.0267079e-03  -2.3832807e-03
  -2.0719960e-06  -3.1787605e-04   1.7568584e-03  -2.0379866e-03
  -3.5065813e-04  -5.7254727e-04   2.4464737e-03  -2.2706848e-03
   5.9014961e-04  -6.5119573e-04   3.8931666e-03  -2.6835365e-03
  -5.8295566e-05  -6.6617639e-04   2.5851463e-03  -2.4958766e-03
  -9.5037621e-04  -7.5606035e-04  -6.4625338e-05  -2.0192206e-03
  -5.8295566e-05  -7.4482486e-04   5.9055659e-05  -1.6138753e-03
  -1.1077090e-04  -8.6467014e-04   1.4008071e-03  -1.7752628e-03
   1.0774205e-03  -7.5231519e-04   1.2996135e-03  -1.8728459e-03
   2.2768567e-03  -5.4258595e-04   2.2021575e-04  -1.5500710e-03
   7.1009322e-04  -4.6019232e-04   7.4492301e-04  -1.5650838e-03
   5.0768837e-04  -4.7517298e-04   2.7612980e-03  -2.2744380e-03
  -1.1452846e-03  -7.8976684e-04   3.7132669e-03  -2.6272385e-03
  -1.8274639e-03  -7.9351200e-04   2.5888942e-03  -2.1092973e-03
  -2.6070042e-04  -8.2721849e-04   1.6781523e-03  -2.0117142e-03
   7.6641002e-05  -9.9949608e-04   1.8505562e-03  -2.1017910e-03
   2.0408109e-04  -9.5455410e-04   1.4345383e-03  -1.8278076e-03
  -5.4547328e-05  -7.8227651e-04   3.1766138e-04  -1.6138753e-03
   1.6285048e-04  -8.0100233e-04  -1.0915524e-03  -1.3323856e-03
   3.6150709e-04  -9.0961212e-04  -1.3501581e-03  -1.3248792e-03
   1.0137005e-03  -6.5868606e-04  -8.9666114e-04  -1.4036963e-03
   9.9130430e-05  -7.6729585e-04  -1.2714520e-03  -1.4637475e-03
  -1.3626824e-03  -7.2609903e-04  -1.4326121e-03  -1.7902756e-03
  -5.7930065e-04  -8.4219915e-04  -1.0465775e-03  -1.7527436e-03
  -8.0794317e-04  -1.1380672e-03  -8.1420714e-04  -1.8127948e-03
  -1.2914659e-03  -8.3096365e-04  -1.0653170e-03  -2.0867782e-03
  -1.5126119e-03  -1.0369477e-03  -1.0353338e-03  -2.0229738e-03
  -1.2277458e-03  -9.9200575e-04  -9.4163604e-04  -2.1055441e-03
  -5.8679712e-04  -9.3208311e-04  -1.5637889e-03  -2.0680122e-03
  -1.0440822e-03  -1.0107316e-03  -1.7249490e-03  -1.8991183e-03
  -1.1115504e-03  -8.7965080e-04  -1.4326121e-03  -1.7039521e-03
  -7.4047488e-04  -1.0968704e-03  -1.5188140e-03  -1.4187091e-03
  -9.5777946e-05  -7.8976684e-04  -1.7886635e-03  -1.2798408e-03
   1.0287867e-04  -6.9988288e-04  -1.6687304e-03  -1.0546490e-03
  -4.4436408e-04  -7.4107969e-04  -7.8797178e-04  -1.3736707e-03
  -6.8799955e-04  -6.6992156e-04  -2.7146248e-05  -1.9066247e-03
  -1.0478304e-03  -9.4706377e-04   3.4014883e-04  -1.8127948e-03
  -1.3289482e-03  -9.9200575e-04   8.4986446e-04  -1.7790160e-03
  -9.3163502e-04  -9.5080893e-04   1.3071094e-03  -2.1505825e-03
  -3.3191694e-04  -7.3733453e-04   1.5207402e-03  -1.9779355e-03
   2.4165670e-05  -7.2984420e-04   1.0672432e-03  -1.4337219e-03
   2.2282228e-04  -7.4482486e-04   4.2260283e-04  -1.6213817e-03
   5.0768837e-04  -3.2536638e-04   5.6502337e-04  -1.5463178e-03
   6.6886261e-04  -4.3772133e-04   9.8853709e-04  -1.3661643e-03
   3.9898947e-04  -7.8602167e-04   1.3783196e-03  -1.6101221e-03
  -2.4561424e-05  -8.6841530e-04   1.7156314e-03  -1.6326413e-03
  -1.3316710e-05  -9.0586695e-04   2.0566912e-03  -1.7677564e-03
  -1.8198742e-04  -1.0144767e-03   2.3752634e-03  -2.2594252e-03
  -6.5801365e-04  -9.9949608e-04   2.2815657e-03  -2.5709406e-03
  -5.3807003e-04  -6.1374408e-04   1.8842873e-03  -2.1843613e-03
  -4.9309117e-04  -6.9988288e-04   1.4157987e-03  -2.0755186e-03
  -3.8439227e-04  -6.9613771e-04   1.1684367e-03  -2.1355697e-03
  -4.4436408e-04  -7.7853134e-04   9.4356218e-04  -2.1355697e-03
  -1.8573566e-04  -8.8714113e-04   8.0488955e-04  -2.3119700e-03
   6.6886261e-04  -5.2386012e-04   7.3742719e-04  -1.9891950e-03
   2.4156347e-04  -7.9351200e-04   5.7626710e-04  -2.1205569e-03
  -3.5065813e-04  -9.6204443e-04   4.8256938e-04  -2.6009662e-03
  -8.0044669e-04  -1.2167156e-03   4.9381310e-04  -2.5108894e-03
  -8.8665616e-04  -1.2017350e-03   6.0999828e-04  -2.3570083e-03
  -3.8439227e-04  -7.4107969e-04   3.2140929e-04  -2.3982935e-03
  -5.1932884e-04  -9.0961212e-04  -1.2154612e-05  -2.7623536e-03
  -3.8814051e-04  -8.3096365e-04  -6.4625338e-05  -2.7886260e-03
  -4.0313346e-04  -7.3733453e-04  -1.4333143e-04  -2.3982935e-03
  -5.6805593e-04  -7.8976684e-04  -2.5576870e-04  -2.6422513e-03
  -3.8064403e-04  -9.0961212e-04  -4.8813906e-04  -2.7510940e-03
  -4.4811232e-04  -1.0781445e-03  -7.5798850e-04  -2.5446682e-03
  -4.9683941e-04  -8.0100233e-04  -9.6412350e-04  -2.6084725e-03
  -4.3311937e-04  -9.0961212e-04  -1.1365273e-03  -2.3945403e-03
  -1.0702266e-04  -9.6953476e-04  -1.1590148e-03  -2.6234853e-03
   1.6285048e-04  -7.2984420e-04  -9.3788814e-04  -2.7510940e-03
  -2.9818280e-04  -1.0219671e-03  -7.0551778e-04  -2.3570083e-03
  -7.6296431e-04  -9.3957344e-04  -4.2067669e-04  -2.5822002e-03
  -5.8304889e-04  -7.4857002e-04  -2.5951661e-04  -2.5972130e-03
  -3.6190284e-04  -9.8077025e-04  -6.4625338e-05  -2.3757743e-03
