  -1.3700856e-04  -8.5343464e-04   1.4150966e-04  -2.0267270e-03
  -5.4547328e-05  -7.8976684e-04  -4.2137884e-05  -1.9366503e-03
  -1.6324623e-04  -8.1598299e-04   5.1559841e-05  -1.9666759e-03
  -8.0784994e-05  -6.1748925e-04  -9.1088500e-07  -1.9328971e-03
   1.3286457e-04  -6.6617639e-04   2.8370240e-06  -1.8878587e-03
  -8.8281470e-05  -8.1972816e-04   6.6551477e-05  -2.1468293e-03
  -1.4450504e-04  -5.0138913e-04  -6.0877429e-05  -1.8803523e-03
   1.6669194e-05  -4.8640847e-04  -8.4067030e-06  -1.8015352e-03
   9.1727180e-06  -9.0586695e-04  -1.9955006e-04  -1.8240544e-03
   4.6655098e-05  -6.3621507e-04  -2.1454170e-04  -1.9028715e-03
  -1.5574975e-04  -8.3470882e-04   1.0332842e-05  -2.2519188e-03
  -2.3821099e-04  -1.0107316e-03   4.7811932e-05  -1.9891950e-03
  -9.5684720e-06  -8.5717981e-04   5.9055659e-05  -1.8878587e-03
  -2.1197332e-04  -1.0481832e-03  -1.3958352e-04  -1.9591695e-03
  -1.7449094e-04  -7.7853134e-04  -9.4608610e-05  -1.9404035e-03
   5.4244800e-06  -8.8339596e-04  -1.4707934e-04  -1.9178843e-03
  -1.7064948e-05  -8.8339596e-04  -3.6445806e-04  -2.0192206e-03
  -1.8198742e-04  -8.3845398e-04  -4.1318088e-04  -2.1280633e-03
  -2.5695218e-04  -1.0818897e-03  -2.3702915e-04  -2.0342334e-03
   8.0389240e-05  -7.9351200e-04  -1.0210443e-04  -2.1205569e-03
  -1.1826737e-04  -7.7478618e-04  -3.1948315e-04  -2.0079610e-03
  -2.9443456e-04  -7.9725717e-04  -1.8830634e-04  -1.8278076e-03
  -1.0702266e-04  -7.2235387e-04  -1.4333143e-04  -1.9366503e-03
  -1.5200152e-04  -1.0294574e-03   2.9072387e-05  -2.0717654e-03
  -2.1572156e-04  -1.0519284e-03   3.6568205e-05  -2.0717654e-03
  -3.6190284e-04  -8.9088629e-04  -3.3822270e-04  -2.0905314e-03
  -5.4556651e-04  -9.8077025e-04  -3.1948315e-04  -2.1205569e-03
  -4.5935703e-04  -8.4219915e-04  -2.6326452e-04  -2.0229738e-03
  -3.4316165e-04  -8.9088629e-04  -1.3583561e-04  -2.0567526e-03
  -3.3191694e-04  -8.9088629e-04  -1.8081052e-04  -2.1993741e-03
  -1.2576385e-04  -7.7853134e-04  -2.1454170e-04  -1.9554163e-03
  -2.4195923e-04  -1.0257122e-03  -2.1454170e-04  -2.1243101e-03
  -4.4436408e-04  -8.3096365e-04  -1.8455843e-04  -2.4696043e-03
  -3.2067223e-04  -9.5080893e-04  -2.2953333e-04  -2.1430761e-03
  -2.9443456e-04  -1.1193414e-03  -2.7825615e-04  -2.1768549e-03
  -1.0327442e-04  -8.0849266e-04  -4.9633702e-05  -2.2631784e-03
  -1.7823918e-04  -7.4107969e-04  -1.2833979e-04  -2.1280633e-03
  -4.1812641e-04  -7.7104101e-04  -3.1948315e-04  -2.0304802e-03
  -1.4075680e-04  -9.8077025e-04  -2.8200406e-04  -2.0154674e-03
  -3.2816870e-04  -1.0182219e-03  -1.0210443e-04  -2.3194764e-03
  -4.7809822e-04  -9.0212179e-04  -2.9699570e-04  -2.0529994e-03
   8.4137478e-05  -8.0849266e-04  -3.9818924e-04  -1.6514073e-03
   5.7899812e-05  -7.7104101e-04  -7.9616974e-05  -1.9666759e-03
  -1.4825328e-04  -8.2347332e-04  -2.7146248e-05  -1.8428204e-03
  -5.4547328e-05  -9.6953476e-04  -1.2459188e-04  -1.6476541e-03
  -3.2816870e-04  -1.1942447e-03  -2.5202079e-04  -1.9629227e-03
  -3.3566518e-04  -8.6092497e-04  -1.6956679e-04  -1.8578331e-03
  -1.2951209e-04  -7.6729585e-04  -4.6587940e-06  -1.6926925e-03
  -1.5200152e-04  -8.0474750e-04  -2.3328124e-04  -1.7640032e-03
  -4.7050852e-05  -6.4370540e-04  -2.3328124e-04  -2.0304802e-03
  -1.6699447e-04  -1.0107316e-03  -1.1709606e-04  -2.0042078e-03
  -3.9563699e-04  -1.0706542e-03  -2.7076033e-04  -1.8841055e-03
  -5.0808413e-04  -8.5717981e-04  -1.5457515e-04  -2.1017910e-03
  -3.2067223e-04  -7.1860870e-04  -2.7146248e-05  -1.9591695e-03
  -1.1826737e-04  -7.7478618e-04  -1.0585234e-04  -2.0454930e-03
  -2.3821099e-04  -9.2084761e-04  -1.9205424e-04  -1.9854418e-03
  -1.1077090e-04  -7.7853134e-04  -1.5832306e-04  -1.7527436e-03
  -5.4547328e-05  -8.4219915e-04  -3.6820597e-04  -2.0154674e-03
  -1.7064948e-05  -7.4107969e-04  -3.9069342e-04  -2.1430761e-03
  -1.1826737e-04  -7.5980552e-04  -1.0960025e-04  -2.1505825e-03
  -1.9698037e-04  -9.3582827e-04  -2.0329797e-04  -2.0830250e-03
  -2.0719960e-06  -7.7853134e-04  -7.9616974e-05  -2.1655953e-03
  -1.3700856e-04  -1.0069864e-03  -1.4333143e-04  -2.0454930e-03
  -1.7449094e-04  -9.2833794e-04  -2.2953333e-04  -1.9328971e-03
  -2.0822509e-04  -7.5231519e-04  -2.2578543e-04  -2.0605058e-03
  -6.2043804e-05  -7.3358936e-04  -3.0074361e-04  -2.0680122e-03
  -2.0719960e-06  -5.4258595e-04   9.6534749e-05  -2.2068805e-03
  -2.4570747e-04  -8.8339596e-04  -8.3364883e-05  -2.1318165e-03
  -1.3700856e-04  -9.2833794e-04  -2.2578543e-04  -2.1092973e-03
  -2.7194513e-04  -9.4331860e-04  -8.7112792e-05  -2.0379866e-03
  -1.7449094e-04  -8.3096365e-04  -4.0943297e-04  -1.9554163e-03
  -1.9698037e-04  -6.0250859e-04  -1.9955006e-04  -2.1543357e-03
  -2.7944161e-04  -8.5717981e-04  -1.8830634e-04  -2.2519188e-03
  -6.2043804e-05  -9.1335728e-04  -2.7076033e-04  -2.1318165e-03
  -2.6444866e-04  -9.5455410e-04   1.2651802e-04  -2.1731017e-03
  -5.4547328e-05  -7.5980552e-04  -6.4625338e-05  -2.2744380e-03
  -5.8295566e-05  -8.6092497e-04  -3.6820597e-04  -2.0379866e-03
  -1.7823918e-04  -8.7590563e-04  -2.0329797e-04  -2.2293996e-03
  -6.9540280e-05  -6.9239255e-04  -6.4625338e-05  -2.3382424e-03
  -4.3302614e-05  -8.8339596e-04  -4.2137884e-05  -2.0755186e-03
  -1.1077090e-04  -7.4482486e-04  -1.4333143e-04  -2.0942846e-03
  -2.3821099e-04  -6.3246991e-04  -7.9616974e-05  -1.9366503e-03
   8.0389240e-05  -6.3996024e-04   2.4270320e-04  -1.6739265e-03
  -6.5792042e-05  -7.7478618e-04   1.7524084e-04  -1.9441567e-03
  -6.9540280e-05  -7.0362804e-04   1.9398038e-04  -2.0755186e-03
   6.5396288e-05  -6.8115705e-04   1.5275338e-04  -1.7264713e-03
  -3.0193104e-04  -8.0474750e-04   6.5849330e-06  -1.8916119e-03
  -1.8573566e-04  -6.8864738e-04   9.6534749e-05  -1.9554163e-03
   5.0403336e-05  -8.2347332e-04  -1.1709606e-04  -1.8916119e-03
   2.0417432e-05  -8.0474750e-04  -1.8081052e-04  -2.1318165e-03
  -1.6324623e-04  -7.2984420e-04  -9.1088500e-07  -1.8278076e-03
  -9.9526184e-05  -8.6467014e-04  -1.3958352e-04  -1.9404035e-03
   1.1412338e-04  -7.0362804e-04  -2.9324779e-04  -2.2781912e-03
  -3.9554376e-05  -6.3996024e-04  -1.2833979e-04  -1.9591695e-03
  -3.9554376e-05  -8.0100233e-04  -2.9324779e-04  -2.0680122e-03
   8.7885716e-05  -5.5382144e-04  -2.7450824e-04  -1.9216375e-03
  -4.7050852e-05  -6.6243123e-04  -9.1088500e-07  -1.8953651e-03
  -1.5949799e-04  -8.4594431e-04  -1.8455843e-04  -2.1618421e-03
  -2.4945570e-04  -6.6243123e-04  -1.5082725e-04  -1.9141311e-03
  -4.1812641e-04  -7.2984420e-04  -1.1709606e-04  -2.0454930e-03
  -1.2201561e-04  -7.0737321e-04  -2.1079379e-04  -1.8841055e-03
   7.6641002e-05  -7.3358936e-04  -3.0074361e-04  -1.9741823e-03
  -1.4825328e-04  -7.9725717e-04  -2.1079379e-04  -2.1693485e-03
  -8.8281470e-05  -8.4968948e-04  -3.4642066e-05  -1.9741823e-03
  -1.2576385e-04  -9.8451542e-04  -1.6207097e-04  -2.1580889e-03
  -1.6324623e-04  -9.7327992e-04   3.2820296e-05  -2.0755186e-03
  -2.5320394e-04  -7.7853134e-04  -9.0860701e-05  -2.0605058e-03
  -3.0942751e-04  -8.1223783e-04  -4.9188696e-04  -2.1618421e-03
  -1.2576385e-04  -9.0961212e-04  -4.7689533e-04  -2.1806081e-03
  -3.8814051e-04  -9.6204443e-04  -4.5065997e-04  -2.1092973e-03
  -3.5440637e-04  -1.0856349e-03  -2.2203752e-04  -1.9441567e-03
  -2.2321804e-04  -9.5455410e-04  -1.9955006e-04  -2.0942846e-03
  -5.3807003e-04  -9.5080893e-04  -3.6071015e-04  -2.1543357e-03
  -2.9443456e-04  -9.4706377e-04  -1.9580215e-04  -1.9854418e-03
  -1.5574975e-04  -8.7216047e-04  -1.9205424e-04  -2.1430761e-03
  -2.8693808e-04  -8.1223783e-04  -1.5082725e-04  -2.2068805e-03
  -3.0567927e-04  -8.2721849e-04  -3.1198733e-04  -2.0379866e-03
  -3.4690989e-04  -9.9575091e-04  -3.9818924e-04  -2.2106337e-03
  -1.4075680e-04  -9.5080893e-04   2.1576569e-05  -2.1956209e-03
  -1.6699447e-04  -8.7965080e-04  -2.7825615e-04  -2.1468293e-03
  -2.3821099e-04  -9.1335728e-04  -3.8319760e-04  -2.2143869e-03
  -3.3566518e-04  -1.0294574e-03  -2.4827288e-04  -1.9854418e-03
  -1.7449094e-04  -8.7590563e-04  -3.3072688e-04  -2.0229738e-03
  -8.4533232e-05  -8.4219915e-04  -2.0704588e-04  -2.1355697e-03
  -4.0313346e-04  -1.0519284e-03  -3.0449151e-04  -1.9704291e-03
  -1.1077090e-04  -9.7702509e-04  -1.6581888e-04  -1.8991183e-03
  -1.2201561e-04  -7.8976684e-04  -8.3364883e-05  -1.8390672e-03
  -1.6324623e-04  -6.3996024e-04  -1.9650430e-05  -1.8615863e-03
   1.1787162e-04  -8.0849266e-04  -6.8373247e-05  -1.9891950e-03
  -6.5792042e-05  -8.9837662e-04  -2.1454170e-04  -1.8953651e-03
  -1.5574975e-04  -1.0069864e-03  -3.6820597e-04  -1.7640032e-03
  -1.9323213e-04  -9.2459278e-04  -4.2817251e-04  -1.9554163e-03
  -1.6699447e-04  -8.4594431e-04  -9.4608610e-05  -1.9967014e-03
  -3.3191694e-04  -1.0931252e-03  -8.3364883e-05  -1.8690927e-03
  -2.5320394e-04  -7.4857002e-04  -2.3398339e-05  -2.0079610e-03
   3.9158622e-05  -7.1486354e-04   9.6534749e-05  -1.9141311e-03
  -2.6444866e-04  -7.4857002e-04   2.8370240e-06  -2.0642590e-03
  -1.4075680e-04  -7.3358936e-04  -1.8830634e-04  -2.2444124e-03
  -3.9554376e-05  -1.0069864e-03  -2.3702915e-04  -2.0792718e-03
  -2.4195923e-04  -9.0212179e-04  -6.4625338e-05  -2.3194764e-03
  -8.4533232e-05  -9.1710245e-04  -8.7112792e-05  -2.3532552e-03
  -2.4945570e-04  -9.6578959e-04  -1.6581888e-04  -2.0454930e-03
  -1.1451914e-04  -9.5080893e-04  -1.6956679e-04  -2.0867782e-03
   1.6762420e-06  -1.0069864e-03  -1.3208770e-04  -2.1768549e-03
  -1.9698037e-04  -9.5080893e-04  -1.2459188e-04  -2.0267270e-03
   1.0287867e-04  -8.4219915e-04  -4.2137884e-05  -2.1280633e-03
   8.0389240e-05  -7.9351200e-04  -1.9205424e-04  -2.1505825e-03
  -1.6324623e-04  -8.9837662e-04  -1.5457515e-04  -2.1243101e-03
  -4.0313346e-04  -8.6092497e-04  -8.4067030e-06  -2.3682679e-03
  -2.5695218e-04  -7.9725717e-04  -4.0943297e-04  -2.1768549e-03
  -1.7449094e-04  -8.5343464e-04  -3.0074361e-04  -2.1130505e-03
  -3.8814051e-04  -6.7741189e-04  -1.4707934e-04  -2.3232296e-03
  -5.4547328e-05  -8.1223783e-04  -5.3381611e-05  -2.3570083e-03
  -1.8573566e-04  -1.1680285e-03   3.2820296e-05  -2.4283191e-03
  -1.6699447e-04  -1.0818897e-03  -3.6071015e-04  -2.2218933e-03
  -5.4547328e-05  -9.0961212e-04  -1.5832306e-04  -2.1393229e-03
  -2.2321804e-04  -8.2347332e-04  -2.2578543e-04  -2.1806081e-03
   3.1662146e-05  -6.5868606e-04  -4.0568506e-04  -2.0755186e-03
  -1.5574975e-04  -8.0474750e-04  -1.1709606e-04  -2.1318165e-03
  -3.1317575e-04  -9.5455410e-04  -2.8575197e-04  -2.2819444e-03
  -1.1451914e-04  -7.3358936e-04  -2.0329797e-04  -2.3344892e-03
   7.6641002e-05  -8.1972816e-04   1.6024920e-04  -2.1580889e-03
   1.3661281e-04  -7.7478618e-04   1.0403057e-04  -2.0792718e-03
  -5.4547328e-05  -5.9501826e-04   6.5849330e-06  -1.9141311e-03
  -6.9540280e-05  -6.0625375e-04   9.2786840e-05  -1.8953651e-03
  -5.0799090e-05  -5.9127309e-04  -3.0894157e-05  -2.0792718e-03
   1.3661281e-04  -7.7853134e-04  -1.5082725e-04  -1.7902756e-03
   9.5382192e-05  -7.2235387e-04   1.1527429e-04  -1.8841055e-03
  -1.3326033e-04  -6.1748925e-04  -3.3072688e-04  -2.0079610e-03
  -9.2029708e-05  -7.5606035e-04  -2.7450824e-04  -1.8015352e-03
  -1.4075680e-04  -8.1223783e-04  -2.3328124e-04  -2.1130505e-03
  -1.6324623e-04  -8.6841530e-04  -6.6054287e-04  -1.9854418e-03
  -2.3446275e-04  -9.1710245e-04   4.0316114e-05  -1.9178843e-03
  -2.9818280e-04  -8.8339596e-04  -6.8677823e-04  -1.8916119e-03
  -3.0193104e-04  -7.5231519e-04   1.6024920e-04  -1.8315608e-03
  -2.3446275e-04  -6.4745057e-04  -7.3175314e-04  -2.1693485e-03
  -1.2951209e-04  -7.7853134e-04   4.1885492e-04  -1.6814329e-03
   5.4244800e-06  -9.2084761e-04  -8.4067030e-06  -2.0905314e-03
  -1.5200152e-04  -8.3096365e-04  -7.8422387e-04  -2.1017910e-03
  -4.3302614e-05  -7.4482486e-04   1.5657151e-03  -2.0004546e-03
   2.3406700e-04  -9.5455410e-04  -2.5307495e-03  -2.1693485e-03
  -3.6939932e-04  -9.2459278e-04   3.5483589e-03  -1.9629227e-03
  -2.1197332e-04  -6.3621507e-04  -4.5471245e-03  -2.8636899e-03
  -2.1572156e-04  -6.2872474e-04   4.9350853e-03   3.6030685e-03
   1.3360490e-03  -8.9088629e-04   6.0130541e-02   9.2816555e-03
   2.0417432e-05  -8.1972816e-04   1.0909697e-01   2.6797820e-03
  -1.3128401e-02  -6.0999892e-04   1.0681075e-01  -9.3829988e-04
  -1.5399834e-02  -2.0406519e-03   3.6230125e-02   9.9084338e-04
  -5.3807003e-04  -2.8720786e-03  -7.9127468e-03  -2.2444124e-03
   6.4748833e-03  -1.3515416e-03   2.3040532e-03  -9.3642271e-03
  -2.8807188e-03   6.5586685e-04  -6.3348771e-03  -1.2085295e-02
  -1.5347358e-02   1.8543197e-03  -6.9629564e-02  -7.2061389e-03
   2.8203512e-03  -8.1930650e-05  -1.2835180e-01  -4.3462028e-03
   1.1718668e-02  -2.4151684e-03  -1.4381193e-01  -4.1135045e-03
  -2.4852890e-02  -1.7822356e-03  -1.5074931e-01   1.4937718e-03
  -2.8230052e-02  -2.0406519e-03  -1.3182611e-01   3.8507795e-03
   8.6638543e-03  -3.5162470e-03  -9.8038715e-02  -1.5012851e-04
   1.2074751e-02  -3.5874051e-03  -6.0732028e-02  -2.7098089e-03
  -9.9911263e-03  -2.0069455e-03  -2.1015437e-02  -5.9563243e-03
  -1.1134339e-02  -4.6768265e-04   2.0590101e-02  -1.1856350e-02
   1.4335032e-03  -1.4901127e-03   4.8954276e-02  -1.2224163e-02
   7.8317454e-03  -1.9320422e-03   4.9613908e-02  -5.8775071e-03
   1.0346813e-02  -9.1710245e-04   6.4837915e-02  -2.9274943e-03
   1.0009472e-02  -2.3173725e-04   7.6134113e-02  -1.3586579e-03
   1.4960894e-02   2.5887936e-04   7.3937838e-02   1.4712526e-03
   2.5916994e-02  -1.2654028e-03   6.1880815e-02   4.8491299e-03
   2.5231066e-02  -2.0181810e-03   4.7031599e-02   6.9809458e-03
   1.3637766e-02  -6.6949990e-05   4.2148074e-02   3.1939700e-03
  -3.3042697e-03   7.3826048e-04   2.0398958e-02   3.7156587e-04
  -1.2970975e-02   2.1164812e-03   9.9385438e-03  -6.5681011e-04
  -5.4557583e-03   1.8767906e-03   1.2963106e-02  -4.4325263e-03
   7.8804725e-03  -1.6137031e-03   3.3246790e-02  -1.0910544e-02
   7.5019005e-03  -4.1899550e-04   3.7339506e-02  -1.0741650e-02
  -1.0602089e-02   9.6671555e-04   4.1967472e-03  -2.2031273e-03
  -1.3252000e-03   2.0078714e-03   1.9330102e-03   3.4154029e-04
   2.2760977e-02   3.3898373e-03   5.9055659e-05  -6.4555052e-04
   1.4417400e-02   1.0678350e-03  -1.7110115e-02   2.4958754e-03
  -5.2008781e-03   5.6598289e-04  -2.6371199e-02   5.9225442e-03
  -8.3081674e-03  -1.3477964e-03  -1.8594287e-02   1.3398907e-03
  -1.9061769e-03  -3.3027725e-03  -3.9774423e-03  -5.7498984e-03
  -6.1191964e-03  -3.1417305e-03  -1.6094432e-02  -4.6389521e-03
  -1.1198059e-02  -2.6623493e-03  -2.7446848e-02  -2.5746938e-03
  -6.5727332e-03  -1.1343220e-03  -1.6574164e-02  -6.1627501e-03
  -3.9264772e-03  -2.1679876e-03  -9.1045818e-03  -8.8275200e-03
  -1.3709378e-02  -1.7822356e-03  -2.3406603e-02  -4.3799815e-03
  -1.1111849e-02  -4.7517298e-04  -2.7802900e-02  -6.3200000e-10
   1.0530477e-02  -1.2279511e-03  -1.6735325e-02  -1.3323856e-03
   1.6227799e-02  -1.1755188e-03  -1.3725754e-02  -2.4583447e-03
   5.2229718e-03  -8.1598299e-04  -2.6663536e-02   4.1285104e-04
  -1.2101384e-02  -1.1268317e-03  -4.0946817e-02   3.2690340e-03
  -1.1070619e-02  -2.0181810e-03  -2.6022643e-02  -1.3511572e-04
   4.4022009e-04  -3.1005336e-03  -1.3834443e-02  -5.7836772e-03
  -6.8613475e-03  -3.0181400e-03  -1.8208253e-02  -4.7740672e-03
  -1.2142615e-02  -1.3777577e-03  -1.7398704e-02  -3.0963882e-03
  -5.0696898e-03  -7.2609903e-04  -5.2292439e-03  -6.6431593e-03
   1.2123571e-03  -1.1189197e-04   3.8294521e-03  -6.5868614e-03
  -2.0298688e-03   8.5810576e-04  -7.7665783e-03  -1.0021042e-03
   3.3076222e-03   5.0980542e-04  -6.7433992e-03   1.0546477e-03
   1.3255446e-02   7.1621115e-05   1.1347758e-02  -1.3774239e-03
   3.6299706e-03  -1.1193414e-03   1.5432978e-02  -8.8200193e-04
  -3.7240723e-03  -1.8196872e-03   1.3562772e-02   1.4787590e-03
   4.2971570e-03  -1.6848613e-03   2.2212946e-02   9.7582490e-05
   9.2898100e-03  -1.9807293e-03   3.0034832e-02  -3.4867206e-03
   1.6209151e-03  -6.2123441e-04   2.8220844e-02  -3.8770531e-03
  -3.4916816e-03   8.2439928e-04   2.3513470e-02  -2.5071362e-03
   7.0858461e-03   1.2288771e-03   2.1706978e-02  -4.3011644e-03
   7.4156910e-03   1.3936644e-03   1.4634674e-02  -3.0250774e-03
  -4.4962094e-03   7.3451532e-04   6.5429382e-03   2.0642520e-04
  -2.1085818e-03   3.7914630e-05   1.2243508e-02  -1.3061132e-03
   1.5721880e-03  -1.6960968e-03   1.4353581e-02  -1.6664201e-03
   5.5641547e-04  -2.4938169e-03   1.1359001e-02   1.1634848e-04
   1.6808869e-03  -1.2354415e-03   8.7054817e-03   4.5038301e-04
   5.0280634e-03  -8.3096365e-04   1.2059860e-02  -1.6401477e-03
   6.9621542e-03  -2.3173725e-04   1.6392443e-02  -3.5730442e-03
   3.9524123e-04   7.1621115e-05   5.1599598e-03  -2.0117142e-03
  -2.4946503e-03  -1.8305011e-04   1.2696303e-03  -1.3061132e-03
  -1.3326965e-03  -2.0177593e-04   1.8730436e-03  -2.8974687e-03
  -2.5096432e-03  -5.6131177e-04  -2.8680613e-03  -3.4604483e-03
  -3.9639596e-03  -3.1038572e-04  -8.8159929e-03  -1.9178843e-03
  -2.6783139e-03  -6.2497958e-04  -1.6338046e-02  -9.7207866e-04
   1.2911633e-04  -1.4039739e-03  -1.5015034e-02  -1.9141311e-03
  -2.5058950e-03  -1.3702674e-03  -1.5198682e-02  -1.6776797e-03
  -4.5224470e-03  -1.5874870e-03  -1.6911476e-02  -1.3398920e-03
  -4.1926021e-03  -1.8196872e-03  -1.4040578e-02  -1.4675007e-03
  -6.5426541e-04  -1.6960968e-03  -8.6960598e-03  -2.5671874e-03
   3.6187259e-03  -1.2991093e-03  -4.1498461e-03  -3.9408575e-03
  -2.7195445e-03  -6.3246991e-04  -1.1252134e-02  -2.1768549e-03
  -6.7976275e-03  -4.0401484e-04  -1.4029334e-02  -1.2948536e-03
   1.5272091e-03  -9.4331860e-04  -5.4166394e-03  -3.7456912e-03
   3.7686554e-03  -1.3328158e-03  -6.6384577e-03  -4.4437859e-03
  -7.1012348e-03  -9.2459278e-04  -1.8654254e-02  -1.1259654e-04
  -9.6725260e-03  -8.4968948e-04  -1.8020857e-02   1.5876017e-03
   9.9121107e-04  -1.3627771e-03  -1.3501581e-03  -2.7623536e-03
   1.2685807e-03  -1.6698806e-03   2.1129098e-03  -3.5129930e-03
  -7.6147434e-03  -1.3740126e-03  -6.0200527e-03  -2.1017966e-04
  -4.6386424e-03  -1.0594187e-03   8.7984773e-04  -5.7048658e-04
   2.8615818e-03  -1.1942447e-03   1.4102471e-02  -4.0421938e-03
  -1.8049745e-03  -8.4594431e-04   1.2453391e-02  -3.2802948e-03
  -6.8838370e-03  -4.9764397e-04   6.2168701e-03  -3.4529476e-04
  -1.7823918e-04  -9.3582827e-04   1.2292231e-02  -1.7302244e-03
   3.6674530e-03  -1.2391866e-03   1.7168260e-02  -3.4829674e-03
  -1.6475485e-03  -1.0856349e-03   1.1002950e-02  -1.8390672e-03
  -1.2877176e-03  -1.1193414e-03   6.5204508e-03  -4.5789067e-04
   6.2574855e-03  -1.1605382e-03   8.3456825e-03  -2.1092973e-03
   6.7147705e-03  -1.0893800e-03   7.5586216e-03  -2.9575199e-03
   3.5775885e-04  -6.9613771e-04   5.0505683e-04  -1.3173728e-03
  -6.8799955e-04  -1.4559846e-04  -2.1709502e-03  -1.1897641e-03
   3.1501962e-03  -5.6131177e-04   1.2096637e-03  -2.6685237e-03
   2.5692193e-03  -6.1748925e-04   7.3742719e-04  -3.0288306e-03
  -1.4751295e-03  -6.6949990e-05  -3.1004316e-03  -2.2293996e-03
  -1.8124709e-03  -1.6057912e-04  -4.1386024e-03  -2.0454930e-03
   1.0174487e-03  -4.7517298e-04  -9.6037559e-04  -2.7623536e-03
   2.1756543e-03  -9.5080893e-04  -3.4946642e-04  -2.6234853e-03
   1.1037514e-04  -9.4331860e-04  -3.2915750e-03  -1.4562411e-03
  -5.9429360e-04  -5.4258595e-04  -3.4040123e-03  -9.3829988e-04
   1.0549311e-03  -9.2084761e-04  -1.1140399e-03  -1.5463178e-03
   1.4185102e-03  -1.0294574e-03   1.9023247e-04  -1.8728459e-03
   6.3887670e-04  -5.9501826e-04  -1.3208770e-04  -1.7302244e-03
  -3.8439227e-04  -7.2235387e-04   4.0316114e-05  -2.0042078e-03
  -4.3302614e-05  -8.1223783e-04   1.5432276e-03  -2.2369060e-03
   3.3152119e-04  -8.1223783e-04   1.4795132e-03  -2.2031273e-03
  -1.8573566e-04  -6.6617639e-04  -4.9633702e-05  -2.0755186e-03
   5.0403336e-05  -4.7517298e-04   5.2004847e-04  -2.0755186e-03
  -2.4195923e-04  -7.0362804e-04   1.2846219e-03  -2.1130505e-03
  -4.0313346e-04  -6.6992156e-04   7.8989791e-04  -1.8765991e-03
  -1.0702266e-04  -8.2347332e-04  -3.4642066e-05  -1.6664201e-03
  -1.5949799e-04  -1.1118510e-03  -9.6037559e-04  -1.4224623e-03
   4.6655098e-05  -9.9200575e-04   9.2786840e-05  -1.7527436e-03
  -4.1812641e-04  -6.5868606e-04   6.1374619e-04  -2.2143869e-03
  -1.0028515e-03  -5.7254727e-04  -5.9682842e-04  -2.0229738e-03
  -8.8290793e-04  -9.5829926e-04  -7.3175314e-04  -2.2218933e-03
  -1.1452846e-03  -8.4219915e-04  -3.3447479e-04  -2.4883702e-03
  -1.5725837e-03  -6.6243123e-04  -1.7706261e-04  -2.4395787e-03
  -1.5875767e-03  -9.3582827e-04  -5.0313069e-04  -2.3720211e-03
  -9.7661388e-04  -1.1230865e-03  -1.1590148e-03  -2.2819444e-03
  -3.2816870e-04  -1.2991093e-03  -1.4738391e-03  -2.3232296e-03
  -7.4047488e-04  -1.0594187e-03  -1.4026289e-03  -2.0905314e-03
  -1.3739271e-03  -9.9575091e-04  -1.5562931e-03  -1.8916119e-03
  -1.2277458e-03  -1.0069864e-03  -1.6874699e-03  -2.1092973e-03
  -8.5292202e-04  -8.2347332e-04  -1.3539060e-03  -2.1543357e-03
  -8.1918788e-04  -1.0144767e-03  -1.1365273e-03  -2.2894508e-03
  -1.0778163e-03  -8.4968948e-04  -4.5065997e-04  -2.6047194e-03
  -9.4287973e-04  -8.3845398e-04   2.8018229e-04  -2.5596810e-03
  -2.6819689e-04  -9.4331860e-04  -2.3398339e-05  -2.4320723e-03
   3.1278000e-04  -8.0474750e-04  -6.2306378e-04  -2.0004546e-03
   2.7904585e-04  -7.9725717e-04  -5.7059305e-04  -1.6439009e-03
   1.2911633e-04  -7.2609903e-04  -5.7129520e-05  -1.6664201e-03
   6.5012142e-04  -6.6992156e-04   6.6551477e-05  -1.4112027e-03
   9.9495931e-04  -4.7142781e-04   5.1559841e-05  -1.4262155e-03
   7.8130975e-04  -6.8864738e-04   4.0386329e-04  -1.5575774e-03
   5.4151574e-05  -7.5606035e-04   1.1571930e-03  -1.6889393e-03
  -3.7689580e-04  -4.7891814e-04   1.5507234e-03  -2.0304802e-03
  -1.3316710e-05  -6.5119573e-04   1.2471428e-03  -2.1130505e-03
  -1.3326033e-04  -7.0362804e-04   1.1909242e-03  -2.0154674e-03
  -2.2696628e-04  -8.0849266e-04   1.3333447e-03  -2.0567526e-03
  -3.2816870e-04  -8.8339596e-04   1.1009744e-03  -1.9741823e-03
  -2.0072861e-04  -9.4706377e-04   6.3248574e-04  -1.8353140e-03
   2.8279409e-04  -9.4706377e-04   3.7762792e-04  -1.8540799e-03
  -4.3302614e-05  -6.9239255e-04   3.4764465e-04  -1.6326413e-03
  -4.4436408e-04  -9.6578959e-04   3.1766138e-04  -2.0379866e-03
  -6.6925836e-04  -8.6092497e-04   2.4645111e-04  -2.1580889e-03
  -6.3927246e-04  -5.5007628e-04   4.0316114e-05  -1.9103779e-03
  -5.3807003e-04  -7.0362804e-04  -8.7112792e-05  -2.1543357e-03
  -7.5171960e-04  -6.4370540e-04   4.7811932e-05  -1.9741823e-03
  -1.0103480e-03  -6.3246991e-04   2.2771156e-04  -2.2781912e-03
  -7.8920198e-04  -6.8115705e-04   1.9772829e-04  -2.5334086e-03
  -2.6070042e-04  -6.0999892e-04  -3.8319760e-04  -2.1918677e-03
  -1.2951209e-04  -6.8490222e-04  -8.2919877e-04  -1.9291439e-03
  -2.9068632e-04  -8.9088629e-04  -7.0176987e-04  -1.9216375e-03
  -8.2668436e-04  -5.9876342e-04  -7.6548432e-04  -1.9291439e-03
  -8.0794317e-04  -6.8864738e-04  -6.6803869e-04  -1.8165480e-03
  -3.2816870e-04  -1.2878738e-03  -4.8439115e-04  -2.1843613e-03
  -1.2576385e-04  -1.1006155e-03  -1.8830634e-04  -2.2894508e-03
  -6.1303479e-04  -1.0219671e-03   2.2396365e-04  -2.2143869e-03
  -9.4662797e-04  -9.9575091e-04   5.9055659e-05  -2.4057999e-03
  -2.5695218e-04  -8.0474750e-04  -2.2203752e-04  -2.3720211e-03
  -1.1451914e-04  -9.0212179e-04  -2.7076033e-04  -2.0980378e-03
  -3.3191694e-04  -1.1155962e-03  -3.0074361e-04  -2.0454930e-03
  -4.9683941e-04  -1.2167156e-03  -5.7434096e-04  -1.9929482e-03
  -1.3700856e-04  -9.3582827e-04  -5.6684514e-04  -1.7564968e-03
   3.8399652e-04  -1.0406929e-03  -6.7178660e-04  -1.8578331e-03
   1.6659871e-04  -1.1230865e-03  -6.9802196e-04  -1.9253907e-03
  -1.1451914e-04  -1.0069864e-03  -5.7129520e-05  -2.2706848e-03
  -1.2576385e-04  -1.0706542e-03  -1.5902521e-05  -2.4620979e-03
  -6.9540280e-05  -8.6841530e-04   1.4080751e-05  -2.2481656e-03
  -3.9188875e-04  -7.1111837e-04  -6.8373247e-05  -2.1543357e-03
  -3.0567927e-04  -7.6729585e-04  -2.5951661e-04  -2.0079610e-03
  -1.4075680e-04  -9.5455410e-04   7.4047295e-05  -2.1205569e-03
  -3.9554376e-05  -6.6617639e-04  -4.9633702e-05  -1.9666759e-03
   2.6780114e-04  -6.1374408e-04  -4.9633702e-05  -1.8390672e-03
   1.0287867e-04  -9.6578959e-04  -9.1088500e-07  -1.9141311e-03
   2.0417432e-05  -8.6092497e-04  -4.9633702e-05  -1.8916119e-03
  -1.7074271e-04  -9.5080893e-04  -6.0877429e-05  -1.9554163e-03
  -4.8559470e-04  -9.1710245e-04  -1.7331470e-04  -2.0529994e-03
  -6.1678303e-04  -8.1223783e-04   3.0266974e-04  -2.0755186e-03
  -8.9790088e-04  -9.9949608e-04   3.2140929e-04  -2.1618421e-03
  -8.3792907e-04  -1.0818897e-03   1.0332842e-05  -2.3119700e-03
  -3.3941342e-04  -8.7216047e-04   4.0316114e-05  -1.9891950e-03
  -6.2043804e-05  -7.9725717e-04  -4.4316415e-04  -2.0229738e-03
  -9.2029708e-05  -1.0444381e-03  -8.5543414e-04  -1.9779355e-03
  -1.5949799e-04  -9.3208311e-04  -1.0278380e-03  -1.7677564e-03
  -2.6819689e-04  -8.3845398e-04  -1.2639562e-03  -2.1318165e-03
  -3.2442046e-04  -9.3582827e-04  -1.3276707e-03  -1.8165480e-03
  -3.0193104e-04  -8.9837662e-04  -1.1215357e-03  -1.8653395e-03
  -3.7314756e-04  -6.7741189e-04  -7.5424059e-04  -2.1393229e-03
  -1.5574975e-04  -5.8378276e-04  -6.8303032e-04  -1.6288881e-03
   7.6641002e-05  -6.7366672e-04  -6.3430751e-04  -1.8653395e-03
  -5.0799090e-05  -6.0250859e-04  -6.0807214e-04  -2.1956209e-03
  -5.4547328e-05  -8.0100233e-04  -4.6565160e-04  -1.9666759e-03
   6.9144526e-05  -8.8714113e-04  -2.7076033e-04  -1.9779355e-03
   1.2920956e-05  -7.9351200e-04  -5.4060978e-04  -2.1618421e-03
   1.1037514e-04  -7.8976684e-04  -5.8558469e-04  -2.1168037e-03
   3.8774476e-04  -8.4219915e-04  -4.4691206e-04  -1.8503268e-03
   2.6405290e-04  -1.0444381e-03  -2.6701242e-04  -2.0454930e-03
   3.9158622e-05  -9.7327992e-04   8.1543113e-05  -2.1017910e-03
  -1.3316710e-05  -9.0212179e-04   6.6551477e-05  -1.9479099e-03
   1.1412338e-04  -7.8976684e-04   1.0403057e-04  -2.3720211e-03
   2.0033286e-04  -7.5231519e-04   3.0266974e-04  -2.4508383e-03
   5.0403336e-05  -7.8976684e-04   2.0147620e-04  -2.1806081e-03
   1.4036105e-04  -7.7853134e-04   2.1646784e-04  -2.2706848e-03
   2.7154938e-04  -9.9575091e-04   8.5291022e-05  -2.2932040e-03
   2.0417432e-05  -8.7965080e-04  -4.9633702e-05  -2.1655953e-03
   5.0403336e-05  -7.9725717e-04   3.6568205e-05  -2.2256465e-03
   1.6285048e-04  -7.8976684e-04  -1.3958352e-04  -2.2143869e-03
  -8.0784994e-05  -8.4594431e-04   4.7811932e-05  -2.2293996e-03
  -1.9698037e-04  -9.4706377e-04   3.2140929e-04  -2.3007104e-03
  -2.2321804e-04  -5.7254727e-04   4.1510701e-04  -2.3007104e-03
  -1.1077090e-04  -7.0737321e-04   5.0130892e-04  -2.3795275e-03
  -1.8573566e-04  -8.6092497e-04   4.6008192e-04  -2.1393229e-03
  -1.9323213e-04  -4.4895682e-04   5.9875455e-04  -1.9891950e-03
  -2.4561424e-05  -5.0887946e-04   1.6774502e-04  -2.0529994e-03
