  -1.2951209e-04  -9.9949608e-04  -3.9069342e-04  -2.2594252e-03
  -2.8309662e-05  -8.3845398e-04  -3.8694551e-04  -2.1543357e-03
  -1.7449094e-04  -1.0369477e-03  -2.2578543e-04  -2.2744380e-03
  -2.4945570e-04  -7.5231519e-04  -9.1088500e-07  -2.3344892e-03
  -1.6324623e-04  -9.5455410e-04  -2.6326452e-04  -2.0304802e-03
  -3.0942751e-04  -9.1710245e-04  -4.7314742e-04  -2.1017910e-03
  -5.0433589e-04  -8.0849266e-04  -2.9699570e-04  -2.2293996e-03
  -3.2067223e-04  -9.5080893e-04  -4.6939951e-04  -2.3007104e-03
  -3.2442046e-04  -9.6204443e-04  -2.1454170e-04  -2.2856976e-03
  -1.4075680e-04  -9.4331860e-04  -2.3398339e-05  -1.9929482e-03
   5.4244800e-06  -7.8227651e-04  -1.8830634e-04  -2.1618421e-03
  -2.0447685e-04  -8.8339596e-04   5.9055659e-05  -2.2031273e-03
  -1.9323213e-04  -7.0362804e-04   1.7898875e-04  -2.0792718e-03
  -1.7074271e-04  -6.9988288e-04  -1.7331470e-04  -2.0417398e-03
  -1.8198742e-04  -7.9351200e-04  -5.4435769e-04  -1.8953651e-03
  -2.7569337e-04  -6.6992156e-04  -1.5832306e-04  -2.1318165e-03
  -2.1197332e-04  -7.6729585e-04   1.4080751e-05  -2.0117142e-03
  -2.4570747e-04  -8.3470882e-04  -2.6701242e-04  -1.9854418e-03
  -2.1572156e-04  -9.6204443e-04   2.9072387e-05  -2.0529994e-03
   1.6762420e-06  -7.5606035e-04  -1.0960025e-04  -1.8653395e-03
  -2.2321804e-04  -6.9613771e-04  -3.5321433e-04  -2.0867782e-03
  -3.5065813e-04  -9.2084761e-04  -7.2121156e-05  -2.2369060e-03
  -2.2321804e-04  -6.6992156e-04  -2.2578543e-04  -2.2744380e-03
  -5.0799090e-05  -7.3733453e-04  -3.3447479e-04  -2.0454930e-03
  -1.6324623e-04  -1.1455575e-03  -2.0704588e-04  -1.9741823e-03
  -2.8693808e-04  -9.4706377e-04  -7.9616974e-05  -2.0042078e-03
  -1.8198742e-04  -6.9988288e-04   1.6024920e-04  -1.9779355e-03
  -2.6819689e-04  -8.7216047e-04  -3.8389975e-05  -2.0755186e-03
  -3.1692399e-04  -9.0586695e-04  -1.5832306e-04  -1.7827692e-03
  -2.9443456e-04  -9.2833794e-04  -1.9650430e-05  -1.9141311e-03
  -2.7944161e-04  -1.1043607e-03   2.1576569e-05  -2.2819444e-03
  -1.7823918e-04  -9.7702509e-04  -9.4608610e-05  -2.1318165e-03
  -1.8573566e-04  -8.9088629e-04  -2.3702915e-04  -1.9591695e-03
  -1.5200152e-04  -8.8714113e-04  -1.1709606e-04  -2.1768549e-03
  -4.7050852e-05  -8.0849266e-04  -3.2697897e-04  -2.3307360e-03
  -1.0327442e-04  -8.4594431e-04  -6.4625338e-05  -2.2031273e-03
   1.6669194e-05  -8.9088629e-04   8.9038931e-05  -2.1017910e-03
  -1.5949799e-04  -9.0961212e-04  -3.7195388e-04  -2.1843613e-03
  -3.1317575e-04  -8.5717981e-04  -1.3208770e-04  -2.2594252e-03
  -7.7036756e-05  -1.1081059e-03  -2.2953333e-04  -2.0867782e-03
  -3.9554376e-05  -9.8826058e-04  -3.8319760e-04  -2.4358255e-03
  -1.9323213e-04  -6.6617639e-04  -1.1334816e-04  -2.4508383e-03
  -1.3700856e-04  -8.5717981e-04  -2.7825615e-04  -2.0079610e-03
   4.2906860e-05  -6.6617639e-04  -1.7331470e-04  -2.2331528e-03
  -1.9323213e-04  -8.1598299e-04  -4.5885793e-05  -2.3194764e-03
  -1.1077090e-04  -1.0519284e-03  -1.9205424e-04  -2.2218933e-03
  -6.5792042e-05  -8.9088629e-04  -6.0877429e-05  -2.1806081e-03
  -1.4075680e-04  -8.9463146e-04   1.0332842e-05  -2.3945403e-03
   1.5160576e-04  -8.6092497e-04   7.7795204e-05  -2.5371618e-03
  -8.8281470e-05  -9.4331860e-04   2.8370240e-06  -2.2556720e-03
  -1.2951209e-04  -8.2347332e-04   2.5324478e-05  -2.2068805e-03
   9.1727180e-06  -8.7965080e-04   1.2277011e-04  -1.9929482e-03
  -1.4825328e-04  -8.3096365e-04  -9.4608610e-05  -1.8240544e-03
  -1.1826737e-04  -5.2011496e-04   1.1152638e-04  -1.9891950e-03
  -2.4945570e-04  -8.1223783e-04   1.8273666e-04  -1.9291439e-03
  -1.4075680e-04  -8.2347332e-04  -3.4642066e-05  -2.1168037e-03
  -1.7064948e-05  -7.7478618e-04  -1.3583561e-04  -2.1768549e-03
  -1.1077090e-04  -9.6953476e-04  -1.8081052e-04  -2.0117142e-03
   1.6285048e-04  -9.2459278e-04  -9.1088500e-07  -2.1205569e-03
   1.8533990e-04  -1.0444381e-03  -8.4067030e-06  -2.0304802e-03
   3.5410384e-05  -8.4968948e-04  -1.6581888e-04  -1.8765991e-03
   9.9130430e-05  -7.5606035e-04  -6.8373247e-05  -1.8278076e-03
   1.2911633e-04  -7.8602167e-04   5.9055659e-05  -1.9028715e-03
  -1.4450504e-04  -4.5270199e-04   1.7828660e-05  -1.9554163e-03
  -3.3191694e-04  -5.8003760e-04  -7.9616974e-05  -2.0867782e-03
  -8.0784994e-05  -9.2084761e-04  -1.4333143e-04  -2.1393229e-03
  -2.0072861e-04  -9.6578959e-04   7.4047295e-05  -1.9404035e-03
  -3.6190284e-04  -8.0474750e-04  -7.9616974e-05  -2.0492462e-03
  -2.6070042e-04  -9.7327992e-04  -2.5576870e-04  -2.1843613e-03
  -1.0702266e-04  -9.8077025e-04  -9.4608610e-05  -2.0567526e-03
  -7.3288518e-05  -8.4219915e-04  -3.3447479e-04  -1.9666759e-03
  -2.5695218e-04  -1.0931252e-03  -3.0449151e-04  -2.2519188e-03
  -2.0822509e-04  -8.3470882e-04  -2.4452497e-04  -2.2744380e-03
  -2.4570747e-04  -7.3358936e-04  -2.3398339e-05  -2.1543357e-03
  -3.3941342e-04  -9.9949608e-04   5.9055659e-05  -2.3570083e-03
  -2.2696628e-04  -9.9200575e-04  -3.3447479e-04  -2.0717654e-03
  -1.2201561e-04  -1.0294574e-03  -2.2578543e-04  -1.9328971e-03
  -3.3941342e-04  -9.3582827e-04  -4.0943297e-04  -2.2856976e-03
  -2.7944161e-04  -7.8976684e-04  -4.8813906e-04  -2.2856976e-03
  -2.1197332e-04  -1.0556735e-03  -2.5951661e-04  -2.1731017e-03
  -4.9683941e-04  -1.1904995e-03  -3.4946642e-04  -2.3119700e-03
  -1.9698037e-04  -7.6355068e-04  -1.9580215e-04  -2.1468293e-03
  -2.3446275e-04  -7.7104101e-04  -9.4608610e-05  -2.1468293e-03
  -1.2951209e-04  -9.9575091e-04  -1.6581888e-04  -2.4470851e-03
  -5.0799090e-05  -8.6467014e-04  -1.8455843e-04  -2.2894508e-03
  -4.8184646e-04  -9.0586695e-04  -2.8949988e-04  -2.3194764e-03
  -1.6324623e-04  -1.1081059e-03  -2.6326452e-04  -2.0830250e-03
  -2.4570747e-04  -8.3845398e-04  -1.5832306e-04  -1.9141311e-03
  -4.0688170e-04  -5.8378276e-04  -3.4197060e-04  -2.2819444e-03
  -2.1197332e-04  -9.8077025e-04  -2.3702915e-04  -2.2594252e-03
  -3.1317575e-04  -9.5455410e-04  -1.0960025e-04  -2.3044636e-03
  -2.5320394e-04  -8.4968948e-04  -2.3328124e-04  -2.2331528e-03
  -1.6324623e-04  -8.8339596e-04  -2.0704588e-04  -2.0867782e-03
  -2.0447685e-04  -7.5231519e-04  -3.5696224e-04  -1.9028715e-03
  -9.2029708e-05  -8.2721849e-04  -1.9955006e-04  -1.8165480e-03
   1.2911633e-04  -7.3358936e-04   1.1152638e-04  -2.0454930e-03
  -1.1451914e-04  -8.3845398e-04  -7.5869065e-05  -2.0004546e-03
  -2.6819689e-04  -8.8714113e-04  -2.2578543e-04  -2.2106337e-03
  -2.3071451e-04  -6.5868606e-04  -5.3381611e-05  -2.0529994e-03
  -2.7944161e-04  -9.5080893e-04  -1.3208770e-04  -1.8728459e-03
   6.9144526e-05  -1.1305768e-03  -2.0704588e-04  -2.1881145e-03
   2.5280819e-04  -6.8490222e-04  -1.4333143e-04  -1.7077053e-03
   2.0417432e-05  -6.9988288e-04  -4.1692878e-04  -1.9328971e-03
   9.1727180e-06  -8.3845398e-04  -3.6071015e-04  -2.2856976e-03
   8.7885716e-05  -6.5494090e-04  -2.1454170e-04  -1.8465736e-03
  -9.9526184e-05  -8.0100233e-04  -1.9580215e-04  -2.0680122e-03
  -2.4561424e-05  -8.0100233e-04  -3.4642066e-05  -1.9066247e-03
  -1.3316710e-05  -9.8077025e-04  -7.9616974e-05  -1.8878587e-03
  -8.8281470e-05  -1.0818897e-03  -1.4707934e-04  -2.1205569e-03
  -1.1451914e-04  -7.6355068e-04  -1.5457515e-04  -1.8878587e-03
  -3.5815461e-04  -9.6204443e-04  -9.4608610e-05  -1.8916119e-03
  -2.8318985e-04  -9.1335728e-04  -1.9650430e-05  -2.0342334e-03
  -1.3326033e-04  -7.5980552e-04  -2.1454170e-04  -2.2894508e-03
  -1.4825328e-04  -7.2984420e-04  -3.6820597e-04  -2.1130505e-03
   5.7899812e-05  -8.2721849e-04  -2.2578543e-04  -2.0792718e-03
   2.6030466e-04  -1.0444381e-03  -2.0329797e-04  -2.1918677e-03
  -1.3700856e-04  -8.0474750e-04  -1.3583561e-04  -2.0154674e-03
  -3.4690989e-04  -8.7965080e-04   1.7828660e-05  -2.1468293e-03
  -5.8202340e-06  -8.2347332e-04  -4.5885793e-05  -2.1243101e-03
  -1.2951209e-04  -8.3096365e-04  -1.5082725e-04  -2.2444124e-03
  -2.4195923e-04  -9.3208311e-04  -1.7331470e-04  -2.3232296e-03
  -1.3326033e-04  -6.6992156e-04  -1.9955006e-04  -2.1055441e-03
  -2.4195923e-04  -8.8339596e-04  -1.9955006e-04  -2.1918677e-03
  -2.0447685e-04  -8.8714113e-04  -2.1079379e-04  -2.1918677e-03
  -1.6699447e-04  -7.0362804e-04  -3.3072688e-04  -2.0229738e-03
  -2.5320394e-04  -9.0212179e-04  -9.4608610e-05  -2.1017910e-03
  -1.1451914e-04  -7.5606035e-04  -8.4067030e-06  -2.2406592e-03
   3.5410384e-05  -6.3996024e-04  -2.1828961e-04  -2.1092973e-03
  -1.8948390e-04  -9.3208311e-04  -2.0329797e-04  -2.2406592e-03
  -1.5200152e-04  -6.7366672e-04  -1.5457515e-04  -2.3682679e-03
   1.0662691e-04  -6.0999892e-04  -1.0210443e-04  -2.2031273e-03
  -5.8295566e-05  -8.1972816e-04  -6.4625338e-05  -2.1655953e-03
   3.1662146e-05  -6.8864738e-04  -2.3398339e-05  -2.1055441e-03
  -4.3302614e-05  -7.7853134e-04  -6.4625338e-05  -2.1655953e-03
  -2.9818280e-04  -6.6243123e-04   1.7524084e-04  -2.1355697e-03
  -5.4547328e-05  -6.5494090e-04   6.5849330e-06  -1.9891950e-03
  -2.0719960e-06  -6.9613771e-04  -2.0329797e-04  -1.9967014e-03
  -2.8309662e-05  -6.6243123e-04   2.3145947e-04  -2.0079610e-03
   9.1727180e-06  -7.5606035e-04   6.5849330e-06  -1.8540799e-03
  -1.7074271e-04  -6.1748925e-04   2.1576569e-05  -2.0942846e-03
  -1.4825328e-04  -7.3733453e-04   1.9398038e-04  -2.3307360e-03
  -1.1826737e-04  -8.7216047e-04   2.1576569e-05  -1.9253907e-03
  -3.0567927e-04  -8.0474750e-04   1.4150966e-04  -2.1092973e-03
  -2.0072861e-04  -8.8714113e-04   1.4080751e-05  -2.0792718e-03
  -7.7036756e-05  -9.0586695e-04  -4.5885793e-05  -2.0342334e-03
  -6.5792042e-05  -8.8339596e-04  -1.6207097e-04  -2.2594252e-03
  -1.4075680e-04  -8.2347332e-04  -2.8200406e-04  -1.8278076e-03
  -2.0072861e-04  -7.0362804e-04  -3.1573524e-04  -1.9441567e-03
  -2.0072861e-04  -7.8227651e-04  -3.1198733e-04  -2.0980378e-03
  -2.7194513e-04  -9.1335728e-04  -1.5832306e-04  -2.1168037e-03
  -1.1077090e-04  -6.6243123e-04  -6.0877429e-05  -2.1280633e-03
  -2.0447685e-04  -7.6729585e-04  -7.2121156e-05  -2.1693485e-03
  -3.0193104e-04  -9.7702509e-04  -3.3072688e-04  -2.2969572e-03
  -9.2029708e-05  -8.2721849e-04  -1.7706261e-04  -2.0529994e-03
   6.5396288e-05  -9.2459278e-04  -8.3364883e-05  -2.1731017e-03
  -3.9554376e-05  -8.9088629e-04  -1.0585234e-04  -2.2256465e-03
  -9.5777946e-05  -9.6578959e-04  -3.0894157e-05  -2.2031273e-03
  -1.0327442e-04  -9.1335728e-04  -4.1692878e-04  -1.8953651e-03
  -3.6190284e-04  -9.0212179e-04  -2.2953333e-04  -1.7339776e-03
  -5.0058765e-04  -7.1111837e-04  -1.7706261e-04  -2.0905314e-03
  -5.8679712e-04  -6.3246991e-04  -4.1692878e-04  -1.9066247e-03
  -3.3191694e-04  -1.2391866e-03  -2.7450824e-04  -2.1768549e-03
  -3.8814051e-04  -1.0818897e-03  -3.3447479e-04  -2.1918677e-03
  -2.9818280e-04  -1.0519284e-03  -3.4571851e-04  -1.9404035e-03
  -2.2321804e-04  -1.0444381e-03  -4.6190369e-04  -2.3232296e-03
  -3.0193104e-04  -6.9239255e-04  -3.0074361e-04  -2.2369060e-03
  -3.3566518e-04  -8.9088629e-04  -1.7331470e-04  -2.0342334e-03
  -2.9818280e-04  -9.5455410e-04  -3.4571851e-04  -2.0417398e-03
   1.1787162e-04  -7.8602167e-04  -4.6565160e-04  -2.1092973e-03
  -5.7555241e-04  -9.4706377e-04  -4.5815578e-04  -2.0192206e-03
   5.4244800e-06  -1.0706542e-03  -1.2084397e-04  -1.9516631e-03
  -9.6911740e-04  -1.2054801e-03  -4.0943297e-04  -1.9366503e-03
  -6.2043804e-05  -8.9463146e-04  -4.4316415e-04  -2.0004546e-03
  -9.5777946e-05  -5.7254727e-04  -1.2154612e-05  -2.1430761e-03
  -7.7795726e-04  -7.5231519e-04  -5.7129520e-05  -1.9479099e-03
   1.5684397e-03  -6.7741189e-04   1.1152638e-04  -2.0980378e-03
  -3.8852466e-03  -1.3403061e-03  -9.0860701e-05  -1.9066247e-03
   1.0099429e-02  -7.7104101e-04  -1.4333143e-04  -1.9666759e-03
   3.5212624e-02   1.2550933e-03  -3.2697897e-04  -2.0004546e-03
   2.7626190e-02   4.2474801e-03  -3.1198733e-04  -9.4205308e-04
  -3.6003805e-03   3.6033117e-03   9.3013993e-03  -3.3253332e-03
  -1.4305348e-02  -1.1830092e-03   1.8401322e-02  -7.2361644e-03
   5.7702145e-03  -4.8195644e-03   1.0422024e-02  -7.2474240e-03
   7.8579831e-03  -6.3700627e-03  -1.8711175e-03  -5.8287156e-03
  -7.3261290e-03  -7.1111837e-04  -9.5280956e-03  -5.0630634e-03
  -1.2828542e-02   3.1314209e-03  -6.8483406e-03  -6.1890225e-03
  -7.5322821e-03   7.0829916e-04  -1.0094030e-02  -6.2528268e-03
  -1.5126119e-03  -2.7784495e-03  -2.7915337e-02  -3.1864649e-03
  -1.5069989e-02  -5.7633460e-03  -3.9556342e-02  -9.0076791e-04
  -2.5160245e-02  -3.3926565e-03  -5.2081854e-02   1.5463165e-03
  -1.4009237e-02  -1.9170615e-03  -5.9881253e-02   3.4304214e-03
  -3.9039878e-03  -1.2841286e-03  -6.4378744e-02   6.0914381e-03
  -7.0637524e-03  -2.9498340e-05  -6.0484666e-02   8.2457732e-03
  -1.6872891e-02  -1.2504221e-03  -3.4140614e-02   3.9746350e-03
  -1.1812770e-02  -1.5683395e-04  -8.6285974e-03  -6.0051784e-05
   3.0639867e-03  -1.9432777e-03   1.0223385e-02  -9.3079349e-04
   4.5632819e-03  -5.5386361e-03   2.9446410e-02  -2.6797833e-03
  -7.6109951e-03  -2.6174074e-03   5.3384305e-02  -6.6581721e-03
  -8.6942359e-03   1.0528543e-03   7.0519745e-02  -1.0362578e-02
   1.1332600e-02   2.2925040e-03   6.1933285e-02  -7.4876286e-03
   2.5489695e-02   1.8730455e-03   4.7721214e-02  -3.4154099e-03
   1.9961044e-02   1.1539738e-03   4.6544371e-02  -4.0309342e-03
  -1.2281300e-02   1.2101513e-03   3.4577298e-02  -9.7207866e-04
  -2.4508052e-02  -5.0513430e-04   2.2962528e-02   4.8603895e-03
   1.2794413e-02  -4.8869773e-03   4.6222051e-02   3.9033186e-04
   3.6858100e-02  -4.3439284e-03   6.2218126e-02  -4.7477948e-03
   1.8896544e-02   2.4048589e-03   3.8812435e-02   8.5948148e-04
   4.1922063e-03   3.5246632e-03   2.7748607e-02   3.1339189e-03
   2.2397398e-02   1.3075256e-03   2.9307737e-02  -5.4046100e-04
   1.6062876e-02  -1.2129705e-03   2.0893682e-02  -2.7510940e-03
  -1.7839937e-02  -2.6024267e-03   7.1088725e-03  -1.6889393e-03
  -1.8450899e-02   5.2104091e-04  -6.8071136e-03  -1.8765991e-03
   3.3750904e-03  -6.3204825e-05  -4.6033431e-03  -6.9434151e-03
   1.2610842e-03  -1.0743994e-03  -2.5115649e-02  -4.8979227e-03
  -1.9305498e-02   2.4015354e-04  -5.0091715e-02   9.2328583e-04
  -1.7982370e-02  -1.1343220e-03  -4.1958752e-02  -2.5784470e-03
  -8.8853961e-03  -2.5799557e-03  -3.8964173e-02  -5.2582296e-03
  -1.0309726e-02  -4.0330797e-03  -5.0125446e-02  -1.5800966e-03
  -1.0440915e-02  -3.1230046e-03  -5.1628357e-02   7.0560040e-04
  -1.5373596e-02  -9.3208311e-04  -3.8173364e-02   6.1552368e-04
   1.2536810e-04  -5.7254727e-04  -1.4040578e-02  -4.7177693e-03
   2.3383185e-02  -2.3548242e-04  -1.1533227e-02  -6.9133895e-03
  -2.0935888e-03   5.6223773e-04  -4.9900571e-02   3.2465148e-03
  -1.8660801e-02   1.8992616e-03  -4.9117258e-02   5.3783307e-03
  -2.9369424e-03  -8.9088629e-04  -9.5468351e-03  -5.1343741e-03
  -5.7331279e-03  -4.3589091e-03  -5.6602535e-03  -6.8345724e-03
  -1.5238659e-02  -4.6323061e-03  -1.7158838e-02  -1.1184533e-03
  -1.2382502e-02  -4.7970934e-03  -6.5110288e-03  -1.3286324e-03
   3.2289092e-03  -1.3964836e-03   1.7089554e-02  -5.9938562e-03
   1.0864070e-02   1.5509613e-03   2.3206142e-02  -6.2077885e-03
   4.6419949e-03   1.4460967e-03   7.5811090e-03   1.2235416e-03
   9.9045210e-03   1.3749385e-03   1.5271818e-02   1.3398907e-03
   1.2966831e-02  -8.0100233e-04   4.2635302e-02  -5.6936005e-03
  -2.7457822e-03  -1.4976030e-03   3.2358535e-02  -3.2915544e-03
  -1.6925273e-03  -4.6019232e-04   1.1647590e-02   1.2573204e-03
   1.1797381e-02  -6.0999892e-04   9.9722750e-03   1.6739252e-03
   9.3385371e-03   8.8806708e-04   1.5856492e-02   1.2010167e-04
   1.8120752e-03   1.0191479e-03   2.7733616e-02  -2.3570083e-03
  -6.8425131e-04  -1.2654028e-03   3.1736383e-02  -2.6835365e-03
   4.8144138e-03  -2.0106906e-03   3.4937097e-02  -3.3140736e-03
   6.7260152e-03  -2.4713459e-03   3.9292167e-02  -4.8303652e-03
   3.5362647e-03  -9.8451542e-04   3.2909478e-02  -3.6143293e-03
   5.5265791e-03   9.5922522e-04   2.2104256e-02  -2.0192206e-03
   1.0058199e-02  -2.0926626e-04   1.4447278e-02  -1.7377308e-03
   6.0663253e-03  -1.1605382e-03   3.3459719e-03  -4.1660550e-04
  -2.4571679e-03  -9.9200575e-04  -4.9181675e-03  -3.2277557e-04
  -3.8852466e-03  -8.9837662e-04  -1.3047382e-02  -8.5197635e-04
  -1.6325555e-03  -8.7216047e-04  -2.4767094e-02  -1.4262212e-04
  -4.9683941e-04  -3.4783737e-04  -3.0077881e-02  -2.8524360e-04
  -7.1049830e-03  -5.5007628e-04  -3.1693229e-02  -1.4149559e-03
  -1.3634414e-02  -1.1530478e-03  -2.7750429e-02  -3.0926350e-03
  -1.1310506e-02  -1.4638965e-03  -2.4418538e-02  -4.5113434e-03
  -6.5952226e-03  -1.4264449e-03  -2.4617177e-02  -3.9746363e-03
  -7.6634705e-03  -7.1486354e-04  -2.3871343e-02  -3.0513498e-03
  -9.1777586e-03  -1.1717737e-03  -1.5007539e-02  -3.9596235e-03
  -2.2884972e-03  -1.5762515e-03  -2.7556240e-03  -5.7611580e-03
   1.7783411e-03  -1.3815029e-03  -6.1249942e-03  -4.4738115e-03
  -3.3566518e-04  -1.1155962e-03  -2.0888008e-02  -7.8817769e-05
  -1.2464870e-03  -6.9613771e-04  -2.5018203e-02   2.3232283e-03
   1.3885243e-03  -1.1942447e-03  -1.4557789e-02   4.6539580e-04
   2.0444660e-03  -1.7410387e-03  -6.9945091e-03  -2.0079610e-03
  -2.6070974e-03  -1.2654028e-03  -1.0641225e-02  -5.8549936e-04
  -2.2360218e-03  -1.0144767e-03  -8.7297909e-03  -1.0133695e-04
   2.8653301e-03  -1.1680285e-03   4.6727316e-03  -3.1526861e-03
   2.1943955e-03  -6.1374408e-04   1.2749476e-02  -4.5563818e-03
  -3.0906201e-03  -6.8115705e-04   1.2584568e-02  -3.3703715e-03
   8.7885716e-05  -1.0107316e-03   1.3877596e-02  -3.0851286e-03
   6.5573445e-03  -5.9876342e-04   1.9087190e-02  -4.3086708e-03
   2.0632071e-03  -2.6918890e-04   1.5178121e-02  -3.1151541e-03
   7.8505798e-04   1.1656309e-04   8.3007075e-03  -1.2423088e-03
   4.8556445e-03  -3.0289539e-04   6.3592907e-03  -7.1686126e-04
   4.0685145e-03  -1.0818897e-03   5.1412203e-03  -3.7538290e-06
   3.3638457e-03  -1.0369477e-03   1.0114696e-02  -6.9434208e-04
   2.7416382e-03  -1.1268317e-03   1.1104143e-02  -1.3211260e-03
   3.4725446e-03  -8.3096365e-04   8.9453479e-03  -9.4205308e-04
   5.7589698e-03  -7.4482486e-04   1.2918131e-02  -1.6701733e-03
   5.2267200e-03  -8.5343464e-04   1.5219348e-02  -2.9575199e-03
   1.3847761e-03  -3.4409220e-04   1.5313045e-02  -3.4304227e-03
  -1.6700379e-03  -6.5868606e-04   1.2959358e-02  -2.9312475e-03
   2.4165670e-05  -1.0481832e-03   7.7760003e-03  -3.0963882e-03
   2.5992052e-03  -7.7478618e-04   5.7896085e-03  -3.5467718e-03
   8.4877803e-04   1.9188805e-05   7.5991464e-04  -2.9500135e-03
  -2.1760500e-03   3.2254717e-04  -7.4929810e-03  -1.9253907e-03
  -1.2202493e-03  -6.0625375e-04  -1.1409546e-02  -1.4712539e-03
  -3.2816870e-04  -1.1343220e-03  -1.3290996e-02  -1.9554163e-03
  -3.4204651e-03  -8.9088629e-04  -1.7301259e-02  -1.3736707e-03
  -4.7248519e-03  -6.6992156e-04  -1.8849145e-02  -7.0184847e-04
  -1.3514377e-03  -7.5231519e-04  -1.5416061e-02  -1.7152117e-03
   3.3152119e-04  -7.2235387e-04  -1.1941749e-02  -2.7773664e-03
  -2.7008034e-03  -6.3246991e-04  -8.4561936e-03  -3.2089841e-03
  -3.3455003e-03  -8.6467014e-04  -5.3829082e-03  -3.4717079e-03
  -6.1303479e-04  -1.0406929e-03  -3.7675594e-03  -3.8657935e-03
  -2.4346785e-03  -1.0856349e-03  -7.2793502e-03  -3.0963882e-03
  -3.4504510e-03  -1.0182219e-03  -8.5161601e-03  -2.1318165e-03
  -1.6324623e-04  -1.0069864e-03  -5.7689428e-03  -2.6985493e-03
   2.8279409e-04  -1.1081059e-03  -7.8865114e-03  -2.3607615e-03
  -8.2668436e-04  -8.4594431e-04  -1.0637477e-02  -8.7074234e-04
  -6.5426541e-04  -9.8451542e-04  -9.7304826e-03  -6.0051215e-04
   1.1373924e-03  -1.4638965e-03  -4.5958473e-03  -1.6664201e-03
   1.0624276e-03  -1.2916189e-03  -1.6949658e-03  -2.1430761e-03
  -8.2293612e-04  -1.2279511e-03  -2.9505153e-03  -1.5050326e-03
   4.6270952e-04  -1.1006155e-03  -5.0687860e-04  -1.5876030e-03
   1.8158234e-03  -7.7478618e-04   5.7671211e-03  -3.0100646e-03
   1.6669194e-05  -7.8976684e-04   8.2407410e-03  -3.4754611e-03
  -1.4638848e-03  -7.1860870e-04   7.2100660e-03  -2.5671874e-03
   1.4222584e-03  -8.3470882e-04   8.7354650e-03  -2.7923792e-03
   3.6824460e-03  -7.8227651e-04   9.6424590e-03  -3.1226605e-03
   1.1711265e-03  -3.5532770e-04   5.7446336e-03  -2.0192206e-03
   5.3767428e-04  -2.4297275e-04   2.8100209e-03  -9.0076791e-04
   3.1539444e-03  -5.4258595e-04   3.9306457e-03  -1.0921810e-03
   4.7919244e-03  -9.8077025e-04   4.7289503e-03  -1.9629227e-03
   1.3960208e-03  -8.1223783e-04   1.9592455e-03  -1.4900198e-03
  -2.8357399e-03  -8.5717981e-04  -8.3294668e-04  -5.4421420e-04
   1.6996281e-03  -1.0669090e-03   4.5602944e-03  -1.7039521e-03
   4.7132114e-03  -9.1710245e-04   9.2714160e-03  -3.5129930e-03
  -6.3177598e-04  -6.1748925e-04   3.8182084e-03  -2.5634342e-03
  -3.3604932e-03  -1.3810813e-04  -1.3583561e-04  -1.4299687e-03
  -2.4570747e-04  -5.5756661e-04   2.5251798e-03  -2.5446682e-03
   2.2018919e-03  -1.0631639e-03   5.3960781e-03  -3.4116567e-03
  -1.4226542e-03  -1.1230865e-03   2.2141033e-03  -2.7098089e-03
  -3.3792344e-03  -9.5080893e-04  -3.8425176e-03  -1.1822577e-03
   1.1711265e-03  -8.8714113e-04  -3.2653396e-03  -1.4299687e-03
   3.6974389e-03  -9.9575091e-04  -1.2976874e-03  -2.2331528e-03
  -1.5949799e-04  -6.0999892e-04  -4.8731926e-03  -1.2760876e-03
  -3.1393472e-03  -6.5119573e-04  -6.8595844e-03  -7.4688684e-04
   1.6659871e-04  -9.3582827e-04  -3.1304149e-03  -1.8052884e-03
   1.6096703e-03  -1.0369477e-03  -7.5869065e-05  -3.2164905e-03
  -1.4451436e-03  -8.7216047e-04  -1.8448821e-03  -3.1827117e-03
  -3.1243543e-03  -6.5494090e-04  -4.9856299e-03  -2.1543357e-03
  -1.8574498e-03  -6.5494090e-04  -4.9481508e-03  -2.2331528e-03
  -5.0808413e-04  -8.9463146e-04  -1.9198403e-03  -2.9537667e-03
  -1.5875767e-03  -1.2616576e-03  -6.9802196e-04  -2.9274943e-03
  -2.5883562e-03  -1.1717737e-03  -2.7743635e-03  -2.6272385e-03
  -1.3139553e-03  -1.0743994e-03  -4.2098127e-03  -2.1318165e-03
   1.1149029e-03  -8.8339596e-04  -3.5989035e-03  -1.6964457e-03
   1.4409996e-03  -6.9613771e-04  -3.1266670e-03  -1.8390672e-03
  -2.6444866e-04  -8.0100233e-04  -3.2953229e-03  -1.7077053e-03
  -6.1678303e-04  -8.0474750e-04  -3.2728354e-03  -1.5800966e-03
  -1.8573566e-04  -1.0294574e-03  -1.9123445e-03  -1.8728459e-03
  -4.0688170e-04  -1.4489159e-03  -2.6701242e-04  -2.0117142e-03
  -1.2389905e-03  -1.1642833e-03  -1.3208770e-04  -2.0192206e-03
  -1.2839694e-03  -7.2984420e-04   3.2890511e-04  -2.2406592e-03
   1.3286457e-04  -9.5080893e-04   1.2808740e-03  -2.3532552e-03
   4.0273771e-04  -1.0631639e-03   1.8617999e-03  -2.1055441e-03
  -5.0808413e-04  -9.1335728e-04   2.0004725e-03  -2.2293996e-03
  -2.2696628e-04  -8.4594431e-04   1.9180185e-03  -2.3269828e-03
   6.0889080e-04  -1.0631639e-03   1.9292623e-03  -1.8653395e-03
   1.1486371e-03  -1.1043607e-03   1.9480018e-03  -1.9028715e-03
   6.6136613e-04  -7.4107969e-04   1.2883698e-03  -1.9141311e-03
  -1.5200152e-04  -6.6617639e-04   4.5258610e-04  -1.5087858e-03
   7.2508618e-04  -8.0849266e-04   1.1871763e-03  -1.7339776e-03
   9.8371460e-04  -7.2235387e-04   1.5207402e-03  -1.9253907e-03
  -2.2321804e-04  -5.7629243e-04   1.0634953e-03  -1.7977820e-03
  -6.6551012e-04  -6.0999892e-04   8.4611655e-04  -1.9328971e-03
  -3.3941342e-04  -6.4745057e-04   1.2583865e-03  -2.3682679e-03
  -2.2321804e-04  -7.7853134e-04   2.0117162e-03  -2.7961324e-03
  -8.4542555e-04  -7.2235387e-04   1.7081356e-03  -2.3945403e-03
  -1.3252000e-03  -8.1972816e-04   7.5241882e-04  -2.2331528e-03
  -7.3297841e-04  -8.4594431e-04   4.4883819e-04  -2.3457488e-03
   1.5910224e-04  -5.6505694e-04   8.8359564e-04  -1.8315608e-03
   4.2906860e-05  -9.9949608e-04   2.0522411e-04  -1.8052884e-03
  -2.0072861e-04  -7.1486354e-04  -3.7195388e-04  -1.8841055e-03
   4.4396833e-04  -4.1525034e-04   9.6534749e-05  -1.9141311e-03
   4.7770247e-04  -8.7965080e-04   3.2140929e-04  -2.0642590e-03
   2.4165670e-05  -7.1111837e-04   2.0147620e-04  -1.8765991e-03
  -3.4690989e-04  -8.7590563e-04  -2.7076033e-04  -1.7977820e-03
  -5.8679712e-04  -7.0362804e-04   4.6008192e-04  -2.2856976e-03
  -5.0058765e-04  -7.4482486e-04   1.0222683e-03  -2.5897066e-03
  -1.0403339e-03  -8.6841530e-04   3.0266974e-04  -2.3532552e-03
  -1.1527811e-03  -5.1262463e-04   5.2379637e-04  -2.5972130e-03
  -6.3552422e-04  -9.3957344e-04   6.4747737e-04  -2.3757743e-03
  -5.9429360e-04  -6.2123441e-04   2.6144274e-04  -2.1130505e-03
  -6.9549603e-04  -6.8864738e-04  -4.2442460e-04  -2.2594252e-03
  -4.6310527e-04  -9.7702509e-04  -8.6667786e-04  -1.9629227e-03
  -7.7036756e-05  -6.9613771e-04  -4.8439115e-04  -2.1205569e-03
  -9.9526184e-05  -1.0406929e-03  -6.9052614e-04  -2.0755186e-03
   1.4410929e-04  -1.0332026e-03  -6.3055960e-04  -1.9253907e-03
   4.2906860e-05  -9.1335728e-04  -4.9188696e-04  -1.9141311e-03
  -2.6444866e-04  -7.7853134e-04  -3.4642066e-05  -1.7790160e-03
  -3.4690989e-04  -8.4219915e-04   6.0999828e-04  -2.0792718e-03
  -6.5801365e-04  -8.3470882e-04   4.8631728e-04  -2.0529994e-03
  -4.4811232e-04  -8.4219915e-04   8.5361237e-04  -1.9516631e-03
  -4.6310527e-04  -9.9575091e-04   1.0447557e-03  -2.1956209e-03
  -5.5306298e-04  -8.4219915e-04   8.7609982e-04  -2.2068805e-03
  -5.1932884e-04  -9.9949608e-04   5.4628383e-04  -1.9028715e-03
  -3.9188875e-04  -8.9088629e-04   1.3776175e-04  -1.6926925e-03
   3.5410384e-05  -7.7104101e-04   9.6534749e-05  -1.7790160e-03
  -1.1826737e-04  -7.9725717e-04  -1.0585234e-04  -1.8165480e-03
  -3.2067223e-04  -7.7478618e-04  -2.1828961e-04  -1.8690927e-03
  -2.9068632e-04  -8.9463146e-04  -1.9580215e-04  -1.7715096e-03
  -2.8309662e-05  -9.4706377e-04  -1.7706261e-04  -1.7940288e-03
  -1.4075680e-04  -9.2459278e-04  -1.3958352e-04  -2.1430761e-03
  -5.4556651e-04  -7.1486354e-04   8.5291022e-05  -2.1130505e-03
  -3.3566518e-04  -7.3733453e-04   5.2379637e-04  -2.0454930e-03
  -5.7930065e-04  -7.0362804e-04   6.3623364e-04  -2.2031273e-03
  -5.8304889e-04  -6.9988288e-04   5.7626710e-04  -2.3232296e-03
  -2.7194513e-04  -7.4857002e-04   6.4372946e-04  -2.2481656e-03
  -4.8184646e-04  -7.2984420e-04   9.5855382e-04  -2.0492462e-03
  -2.6070042e-04  -1.0294574e-03   7.1493973e-04  -2.1918677e-03
  -1.1826737e-04  -9.0586695e-04   2.7268647e-04  -2.0942846e-03
  -3.5806138e-05  -9.9200575e-04   2.6519065e-04  -1.7152117e-03
   1.1412338e-04  -1.0968704e-03   2.8018229e-04  -1.8653395e-03
  -6.9540280e-05  -8.4219915e-04   5.6127546e-04  -1.9291439e-03
   1.4036105e-04  -1.1717737e-03   4.4883819e-04  -1.9141311e-03
   1.8533990e-04  -1.1493027e-03   7.7865419e-04  -2.1655953e-03
  -3.3941342e-04  -1.0556735e-03   1.0634953e-03  -1.8991183e-03
  -4.4061584e-04  -1.1792640e-03   8.3487282e-04  -1.8803523e-03
  -2.1572156e-04  -1.0032412e-03   1.0035287e-03  -2.3007104e-03
  -2.4945570e-04  -1.0219671e-03   6.4372946e-04  -2.2556720e-03
  -5.3057355e-04  -8.8714113e-04   6.1374619e-04  -2.4170595e-03
  -7.2923017e-04  -8.6467014e-04   6.3998155e-04  -2.2819444e-03
