  -1.1077090e-04  -8.4594431e-04  -3.3447479e-04  -2.0642590e-03
  -2.1572156e-04  -8.3096365e-04  -2.6701242e-04  -2.0379866e-03
  -1.5949799e-04  -1.0219671e-03  -2.8575197e-04  -1.9178843e-03
  -2.1946980e-04  -8.7590563e-04  -1.4707934e-04  -1.9967014e-03
  -3.0942751e-04  -7.2609903e-04  -9.0860701e-05  -2.1168037e-03
  -1.0702266e-04  -1.0519284e-03  -3.2697897e-04  -2.0830250e-03
  -3.8814051e-04  -8.9463146e-04  -5.5185351e-04  -2.1806081e-03
  -3.3191694e-04  -9.3208311e-04  -4.6565160e-04  -2.2331528e-03
  -1.8573566e-04  -7.9351200e-04  -2.4827288e-04  -2.2519188e-03
  -3.2067223e-04  -8.3470882e-04  -4.4316415e-04  -2.3157232e-03
  -1.8198742e-04  -1.0931252e-03  -2.0329797e-04  -2.2819444e-03
  -1.2201561e-04  -7.5980552e-04   1.7828660e-05  -2.0792718e-03
  -1.6324623e-04  -9.8451542e-04  -4.1318088e-04  -2.0755186e-03
  -5.0799090e-05  -1.0706542e-03  -7.5869065e-05  -2.2293996e-03
  -2.3446275e-04  -7.9725717e-04  -1.9650430e-05  -2.0004546e-03
  -2.7944161e-04  -8.3470882e-04  -4.0943297e-04  -1.9629227e-03
   1.1412338e-04  -8.0100233e-04  -1.9955006e-04  -2.1956209e-03
  -1.5574975e-04  -8.9088629e-04  -2.0704588e-04  -1.8615863e-03
  -4.3686760e-04  -8.1972816e-04  -2.1828961e-04  -1.8428204e-03
  -1.6324623e-04  -7.7853134e-04  -1.0210443e-04  -2.1017910e-03
  -7.7036756e-05  -9.2459278e-04  -9.0860701e-05  -1.6514073e-03
   1.6669194e-05  -8.2347332e-04  -1.0585234e-04  -1.9178843e-03
  -9.5684720e-06  -9.2833794e-04  -2.3702915e-04  -2.1505825e-03
  -1.4825328e-04  -8.8714113e-04  -2.3702915e-04  -1.6851861e-03
  -3.9554376e-05  -7.5231519e-04  -9.0860701e-05  -1.9253907e-03
  -1.3316710e-05  -9.0212179e-04  -1.2154612e-05  -2.0942846e-03
  -1.3316710e-05  -8.3470882e-04  -6.8373247e-05  -2.0079610e-03
  -2.4195923e-04  -8.9088629e-04  -2.5951661e-04  -2.0154674e-03
  -1.1077090e-04  -8.7590563e-04  -1.3958352e-04  -1.9816886e-03
   8.4137478e-05  -7.2609903e-04   6.5849330e-06  -2.0042078e-03
  -3.7314756e-04  -8.2347332e-04  -6.8373247e-05  -2.0342334e-03
  -1.9323213e-04  -8.8714113e-04  -9.4608610e-05  -2.1055441e-03
  -9.2029708e-05  -8.9088629e-04  -4.2442460e-04  -1.8578331e-03
  -1.0327442e-04  -1.0294574e-03  -2.4827288e-04  -1.8841055e-03
   3.1662146e-05  -9.5829926e-04  -1.5902521e-05  -2.1693485e-03
  -2.1946980e-04  -6.3621507e-04  -4.0568506e-04  -1.9441567e-03
  -1.5949799e-04  -8.5717981e-04  -2.5951661e-04  -2.1168037e-03
  -3.0942751e-04  -9.7702509e-04  -4.6587940e-06  -2.1655953e-03
  -1.8198742e-04  -7.1860870e-04   2.8370240e-06  -1.9366503e-03
   1.2920956e-05  -8.5717981e-04  -2.4827288e-04  -1.9741823e-03
  -2.0822509e-04  -1.0556735e-03  -2.7076033e-04  -2.0192206e-03
  -1.0702266e-04  -9.2459278e-04   7.0299386e-05  -2.2519188e-03
  -5.0799090e-05  -8.9463146e-04  -3.5696224e-04  -2.0680122e-03
  -1.0327442e-04  -1.0144767e-03  -4.2442460e-04  -2.0680122e-03
  -1.6699447e-04  -7.4857002e-04   1.7828660e-05  -2.2181401e-03
  -2.0072861e-04  -7.8976684e-04  -9.8356519e-05  -2.1881145e-03
  -2.7944161e-04  -9.5829926e-04  -1.8455843e-04  -2.3082168e-03
  -1.6324623e-04  -6.4370540e-04  -9.0860701e-05  -2.1355697e-03
   2.4165670e-05  -8.4594431e-04  -2.1079379e-04  -2.2932040e-03
  -2.8309662e-05  -1.0931252e-03  -3.7944969e-04  -2.1993741e-03
   3.1662146e-05  -7.2984420e-04  -3.1198733e-04  -2.0117142e-03
  -1.2951209e-04  -7.6355068e-04  -1.0960025e-04  -2.4020467e-03
  -1.1077090e-04  -6.8864738e-04   2.9072387e-05  -2.3945403e-03
   1.2911633e-04  -6.5494090e-04  -1.9955006e-04  -2.2969572e-03
  -5.8295566e-05  -9.2459278e-04  -1.7706261e-04  -2.1430761e-03
  -5.4547328e-05  -4.6768265e-04   7.4047295e-05  -1.8803523e-03
   3.9158622e-05  -5.0513430e-04   1.3776175e-04  -1.8540799e-03
   4.2906860e-05  -6.9988288e-04   5.9055659e-05  -1.8916119e-03
  -2.4561424e-05  -6.1748925e-04  -2.2953333e-04  -1.8690927e-03
  -2.7944161e-04  -9.7327992e-04  -4.2137884e-05  -1.7715096e-03
  -1.8948390e-04  -8.8339596e-04   4.0316114e-05  -1.7189649e-03
  -5.8295566e-05  -6.8864738e-04  -8.7112792e-05  -1.8615863e-03
  -1.1826737e-04  -5.8378276e-04  -9.1088500e-07  -1.9404035e-03
  -1.8573566e-04  -3.9652451e-04  -4.2137884e-05  -1.9066247e-03
   6.5396288e-05  -4.3772133e-04   6.5849330e-06  -1.8690927e-03
   8.0389240e-05  -6.6617639e-04  -9.8356519e-05  -1.8127948e-03
  -5.4547328e-05  -9.0212179e-04  -1.3583561e-04  -2.0830250e-03
   2.0782933e-04  -7.7478618e-04  -5.3381611e-05  -2.0229738e-03
  -7.3288518e-05  -7.8976684e-04  -1.7706261e-04  -1.8953651e-03
  -9.2029708e-05  -8.7965080e-04  -6.0877429e-05  -2.0867782e-03
  -9.5684720e-06  -5.8003760e-04  -6.4625338e-05  -2.1505825e-03
  -2.7194513e-04  -8.3470882e-04  -1.9580215e-04  -2.0717654e-03
  -1.6324623e-04  -1.0032412e-03   2.5324478e-05  -1.8803523e-03
  -2.0072861e-04  -6.9613771e-04  -1.7331470e-04  -2.2031273e-03
  -1.1077090e-04  -9.7702509e-04  -3.9069342e-04  -2.1055441e-03
  -4.7050852e-05  -1.0107316e-03  -2.9699570e-04  -1.8052884e-03
   5.4244800e-06  -8.3096365e-04  -3.7570179e-04  -2.1693485e-03
   7.6641002e-05  -8.9088629e-04  -3.6071015e-04  -2.0605058e-03
  -1.1451914e-04  -7.1111837e-04  -3.2323106e-04  -2.0605058e-03
   2.0417432e-05  -6.7366672e-04  -1.3958352e-04  -2.2031273e-03
  -9.5684720e-06  -7.8976684e-04  -2.2953333e-04  -2.0192206e-03
  -2.2696628e-04  -8.4594431e-04  -5.5560142e-04  -2.1693485e-03
  -1.8573566e-04  -8.7216047e-04  -4.7314742e-04  -2.2293996e-03
  -1.3700856e-04  -9.2459278e-04  -3.5696224e-04  -2.2031273e-03
  -2.9443456e-04  -9.7702509e-04  -2.1828961e-04  -2.1618421e-03
  -3.4690989e-04  -9.2084761e-04  -9.0860701e-05  -2.0680122e-03
  -2.3821099e-04  -8.9088629e-04  -2.5951661e-04  -2.1768549e-03
  -3.9188875e-04  -9.0961212e-04  -4.8813906e-04  -2.0004546e-03
  -1.3700856e-04  -9.2833794e-04  -4.0568506e-04  -1.8578331e-03
  -1.2951209e-04  -9.1335728e-04  -6.8373247e-05  -2.1280633e-03
  -4.4061584e-04  -7.7853134e-04  -1.3583561e-04  -2.0680122e-03
  -5.0799090e-05  -9.9949608e-04  -5.1062651e-04  -2.0267270e-03
  -2.4195923e-04  -1.1268317e-03  -5.4810560e-04  -2.1618421e-03
  -2.9068632e-04  -8.7590563e-04  -5.1062651e-04  -2.0079610e-03
  -1.1451914e-04  -9.9200575e-04  -1.4333143e-04  -2.0717654e-03
  -3.8439227e-04  -1.0069864e-03   1.3776175e-04  -2.1318165e-03
   2.7913908e-05  -7.6729585e-04  -2.7450824e-04  -2.0605058e-03
  -5.0799090e-05  -9.5080893e-04  -2.2203752e-04  -2.0717654e-03
  -1.5574975e-04  -9.8077025e-04  -3.0894157e-05  -2.1092973e-03
   9.9130430e-05  -5.9501826e-04  -3.3822270e-04  -1.8353140e-03
  -3.0942751e-04  -8.2721849e-04  -2.5576870e-04  -1.7077053e-03
  -2.5695218e-04  -8.6841530e-04  -1.7331470e-04  -2.0605058e-03
  -7.3288518e-05  -7.5980552e-04  -3.3822270e-04  -1.7752628e-03
  -2.0072861e-04  -1.0631639e-03  -3.0449151e-04  -1.7940288e-03
  -6.9540280e-05  -6.8864738e-04  -3.5696224e-04  -2.0267270e-03
  -2.4561424e-05  -5.2760529e-04  -1.2084397e-04  -1.7189649e-03
  -1.6699447e-04  -6.6992156e-04  -7.9616974e-05  -1.9404035e-03
  -1.6699447e-04  -6.1374408e-04  -2.2953333e-04  -2.0605058e-03
  -4.3302614e-05  -8.3845398e-04  -1.1334816e-04  -1.9554163e-03
  -5.0799090e-05  -8.6841530e-04  -2.5576870e-04  -1.9704291e-03
  -5.8295566e-05  -7.2235387e-04  -4.2817251e-04  -1.8728459e-03
  -1.7074271e-04  -9.0212179e-04  -4.5065997e-04  -1.8728459e-03
  -2.6819689e-04  -1.0556735e-03   2.8370240e-06  -1.8503268e-03
   3.1662146e-05  -8.4219915e-04  -3.4642066e-05  -1.7377308e-03
   9.5382192e-05  -7.9725717e-04  -3.1573524e-04  -1.8203012e-03
  -5.8295566e-05  -8.3096365e-04  -1.2459188e-04  -2.0830250e-03
   4.2906860e-05  -7.0362804e-04  -1.8830634e-04  -2.1355697e-03
  -1.7064948e-05  -8.0474750e-04   2.8370240e-06  -2.0867782e-03
  -1.0702266e-04  -8.4968948e-04  -2.8200406e-04  -2.0117142e-03
  -1.6699447e-04  -8.4968948e-04  -3.5696224e-04  -2.0492462e-03
  -1.3700856e-04  -1.0032412e-03  -3.8389975e-05  -2.0042078e-03
  -9.5777946e-05  -7.4857002e-04  -3.7944969e-04  -1.9779355e-03
  -2.6070042e-04  -6.0250859e-04  -6.8373247e-05  -2.1806081e-03
  -1.3326033e-04  -9.3208311e-04  -1.5832306e-04  -2.1168037e-03
  -2.0072861e-04  -1.0332026e-03  -4.2067669e-04  -2.1355697e-03
  -1.9698037e-04  -9.9575091e-04  -1.0585234e-04  -2.1205569e-03
   2.4165670e-05  -8.5717981e-04  -2.6326452e-04  -2.0755186e-03
  -1.6324623e-04  -7.5980552e-04  -1.8830634e-04  -2.3119700e-03
  -1.7449094e-04  -8.1598299e-04  -1.9580215e-04  -2.0980378e-03
  -1.7823918e-04  -7.6355068e-04  -1.4707934e-04  -2.0154674e-03
  -1.1451914e-04  -8.5717981e-04  -2.4827288e-04  -2.3344892e-03
   8.7885716e-05  -7.7478618e-04  -2.1454170e-04  -2.1843613e-03
  -1.4450504e-04  -6.6617639e-04  -1.5902521e-05  -2.1205569e-03
  -3.2067223e-04  -8.4219915e-04  -3.9444133e-04  -2.2932040e-03
  -1.0327442e-04  -8.6841530e-04  -2.8949988e-04  -2.1243101e-03
   2.0417432e-05  -7.8976684e-04  -2.4452497e-04  -2.0605058e-03
   5.4151574e-05  -8.1223783e-04   5.5307750e-05  -2.1318165e-03
  -1.5949799e-04  -6.8490222e-04   1.4900547e-04  -2.0830250e-03
  -6.9540280e-05  -4.7517298e-04  -1.5082725e-04  -2.1092973e-03
   1.9658462e-04  -7.0362804e-04   5.5307750e-05  -1.8728459e-03
  -8.0784994e-05  -6.7741189e-04   7.0299386e-05  -1.9028715e-03
   5.4151574e-05  -4.9389880e-04  -8.4067030e-06  -1.9967014e-03
  -1.9323213e-04  -8.3845398e-04  -2.2203752e-04  -1.7264713e-03
  -2.3071451e-04  -8.9837662e-04  -7.5869065e-05  -2.0980378e-03
   1.4410929e-04  -7.1486354e-04  -3.8389975e-05  -2.2068805e-03
  -1.3700856e-04  -6.4370540e-04   6.5849330e-06  -1.9366503e-03
   1.6762420e-06  -6.1374408e-04  -1.5902521e-05  -1.9366503e-03
  -1.7064948e-05  -7.2984420e-04  -3.6445806e-04  -1.9253907e-03
  -3.9554376e-05  -6.9239255e-04   1.4080751e-05  -1.9516631e-03
   7.2892764e-05  -7.1111837e-04  -2.2203752e-04  -1.8390672e-03
  -8.8281470e-05  -8.6841530e-04  -1.2459188e-04  -1.9629227e-03
   2.4165670e-05  -7.1860870e-04   2.3145947e-04  -2.0567526e-03
  -3.9554376e-05  -5.3509562e-04  -2.1454170e-04  -1.9554163e-03
  -1.1451914e-04  -6.8864738e-04  -4.5885793e-05  -2.0905314e-03
   1.2536810e-04  -9.7702509e-04  -2.7076033e-04  -2.1168037e-03
  -1.7074271e-04  -8.4968948e-04  -3.6071015e-04  -1.9253907e-03
  -2.4945570e-04  -7.4857002e-04  -3.0894157e-05  -2.0117142e-03
   1.2536810e-04  -8.0474750e-04  -7.9616974e-05  -2.1655953e-03
  -2.3071451e-04  -7.7104101e-04  -1.5457515e-04  -2.1055441e-03
  -1.5200152e-04  -7.9725717e-04  -1.3583561e-04  -2.1731017e-03
   3.9158622e-05  -6.0999892e-04  -1.8830634e-04  -1.9328971e-03
  -5.8295566e-05  -5.5382144e-04  -2.8200406e-04  -1.9141311e-03
  -5.0799090e-05  -6.6617639e-04  -1.5902521e-05  -2.0379866e-03
  -3.8064403e-04  -9.5829926e-04  -3.8694551e-04  -1.9779355e-03
  -1.7823918e-04  -1.1305768e-03  -5.4810560e-04  -2.1505825e-03
  -2.6819689e-04  -8.6467014e-04  -1.5082725e-04  -1.9591695e-03
  -5.2307708e-04  -8.0474750e-04  -9.8356519e-05  -2.1505825e-03
  -8.8281470e-05  -1.0144767e-03  -2.8200406e-04  -2.1881145e-03
  -2.0822509e-04  -9.5829926e-04  -4.8439115e-04  -1.8765991e-03
  -3.8064403e-04  -8.6841530e-04  -4.2137884e-05  -2.2181401e-03
  -2.1946980e-04  -1.1118510e-03  -2.7825615e-04  -2.0567526e-03
  -2.8318985e-04  -9.7327992e-04  -5.6684514e-04  -2.0642590e-03
  -2.9068632e-04  -6.4745057e-04  -1.2459188e-04  -2.4470851e-03
  -1.2576385e-04  -6.4370540e-04  -2.0704588e-04  -2.1393229e-03
  -2.1572156e-04  -7.5980552e-04  -3.7944969e-04  -2.0830250e-03
  -4.5935703e-04  -9.3208311e-04  -4.5065997e-04  -2.0830250e-03
  -1.1826737e-04  -1.0144767e-03  -1.6581888e-04  -1.8728459e-03
  -7.3288518e-05  -8.9837662e-04  -2.1454170e-04  -1.9591695e-03
  -2.2321804e-04  -9.2833794e-04  -4.2442460e-04  -2.0980378e-03
  -6.9540280e-05  -9.5829926e-04  -2.1454170e-04  -1.9741823e-03
  -2.1946980e-04  -8.8339596e-04  -2.3328124e-04  -1.8690927e-03
  -5.0799090e-05  -7.4107969e-04  -1.2833979e-04  -1.9554163e-03
  -2.4561424e-05  -7.1111837e-04  -4.9633702e-05  -1.9253907e-03
  -1.2951209e-04  -9.4331860e-04   6.5849330e-06  -2.0079610e-03
  -1.3316710e-05  -9.0586695e-04  -1.6207097e-04  -1.8953651e-03
  -1.5200152e-04  -9.7702509e-04  -2.2953333e-04  -1.9028715e-03
  -1.6699447e-04  -7.9725717e-04   5.9055659e-05  -2.0154674e-03
  -5.0799090e-05  -6.9988288e-04  -7.5869065e-05  -1.8765991e-03
   3.5410384e-05  -9.1335728e-04  -2.4077706e-04  -1.9666759e-03
  -3.1317575e-04  -8.5343464e-04  -2.6701242e-04  -1.9328971e-03
  -3.6190284e-04  -5.9876342e-04  -6.4625338e-05  -2.0755186e-03
  -2.8318985e-04  -7.0737321e-04  -5.7129520e-05  -1.9704291e-03
  -1.3326033e-04  -1.0519284e-03  -1.6956679e-04  -1.7039521e-03
  -2.4561424e-05  -6.2872474e-04   1.7828660e-05  -2.1092973e-03
  -3.5065813e-04  -7.1486354e-04  -2.4077706e-04  -2.1092973e-03
  -9.9526184e-05  -7.4107969e-04  -9.0860701e-05  -1.8728459e-03
  -3.5815461e-04  -7.0362804e-04  -1.2459188e-04  -1.8615863e-03
   7.6641002e-05  -7.8976684e-04  -4.8439115e-04  -2.0079610e-03
  -6.5051717e-04  -7.7104101e-04  -3.0074361e-04  -1.9629227e-03
   1.2536810e-04  -8.6467014e-04  -3.4946642e-04  -1.8953651e-03
   9.1727180e-06  -6.6992156e-04  -1.8830634e-04  -2.1618421e-03
  -8.8665616e-04  -8.3096365e-04  -4.2067669e-04  -1.9328971e-03
   1.2348465e-03  -6.5868606e-04  -3.0894157e-05  -2.0117142e-03
  -2.7645234e-03  -1.2391866e-03  -2.2578543e-04  -2.0942846e-03
   6.9321683e-03  -8.7590563e-04  -2.2953333e-04  -2.2594252e-03
   2.5051151e-02   6.0343454e-04   1.4525757e-04  -2.3044636e-03
   1.9428794e-02   2.8730045e-03   7.7795204e-05  -1.3398920e-03
  -3.9002395e-03   2.7981012e-03   6.9814436e-03  -1.9066247e-03
  -1.4117936e-02  -9.5080893e-04   1.2434651e-02  -3.1226605e-03
  -1.1003057e-03  -3.2615757e-03   4.9763123e-03  -1.4149559e-03
   4.9793363e-03  -4.4750092e-03  -4.0823838e-03   3.2277431e-04
  -9.1664207e-04  -1.2316963e-03  -3.3965164e-03  -7.9567840e-04
  -2.9931659e-03   1.0453640e-03  -1.0765608e-03  -2.6610173e-03
   5.9576264e-03  -3.4783737e-04  -4.6183348e-03  -3.6105761e-03
   7.6180959e-03  -1.9020808e-03  -1.4569033e-02  -1.5313050e-03
  -6.8163687e-03  -3.8645473e-03  -1.4827639e-02  -1.3774239e-03
  -1.5156198e-02  -2.6061719e-03  -3.3852727e-03  -4.8453780e-03
  -1.1580379e-02  -1.1268317e-03  -7.8078053e-03  -4.6126797e-03
   1.1786230e-03  -4.8266331e-04  -1.8815414e-02  -1.9216375e-03
   4.9118680e-03  -1.3810813e-04  -1.9373853e-02  -1.1935173e-03
  -5.9017986e-03   1.5026958e-04  -8.8722115e-03  -3.5955634e-03
  -1.4489012e-02  -2.5795341e-04  -1.2751999e-03  -4.7553012e-03
  -1.1115598e-02  -1.9208067e-03  -5.9151113e-03  -2.4733575e-03
  -3.3005214e-03  -2.2990683e-03  -7.6091662e-03  -1.2460620e-03
  -3.5703946e-03  -1.1455575e-03  -1.5413015e-03  -2.1806081e-03
  -4.9534944e-03   5.9594421e-04   5.7333899e-03  -3.3103204e-03
  -5.6805593e-04   1.3711934e-03   5.4672883e-03  -2.2369060e-03
   8.0378985e-03   4.4613761e-04   3.2297867e-03  -5.3295461e-04
   9.2560759e-03  -6.5119573e-04   8.7467087e-03  -1.1071937e-03
  -1.4076612e-03  -2.5753175e-05   1.6546107e-02  -2.3007104e-03
  -7.9445883e-03   2.1393738e-04   1.6973369e-02  -2.0830250e-03
  -2.2247771e-03  -3.2162121e-04   1.2846921e-02  -1.3774239e-03
   8.8812521e-03  -5.0513430e-04   1.0789319e-02  -1.6138753e-03
   7.9029619e-03  -9.2833794e-04   8.4993467e-03  -1.1822577e-03
  -4.0951479e-03  -1.8908453e-03   8.2744722e-03  -5.9675895e-04
  -4.3612728e-03  -3.2428499e-03   1.3945059e-02  -1.9328971e-03
   1.3323007e-03  -3.5649341e-03   1.5410491e-02  -2.6159789e-03
   7.6641002e-05  -2.9095302e-03   8.9303563e-03  -1.1522321e-03
  -2.3822031e-03  -1.5762515e-03   5.2386659e-03  -6.3804981e-05
  -9.5684720e-06  -3.1787605e-04   1.0020998e-02  -1.7227181e-03
   5.3878942e-03  -7.0273500e-06   1.2048617e-02  -3.0213242e-03
   5.5715579e-03   2.0270189e-04   2.7463064e-03  -1.4149559e-03
   2.1569131e-03   3.7914630e-05  -1.2677041e-03  -7.2061446e-04
  -9.5412445e-04  -3.4783737e-04   2.7575501e-03  -2.2819444e-03
  -5.5082336e-03  -1.4934362e-04   1.5844546e-03  -3.1564393e-03
  -6.6102156e-03  -4.3397616e-04  -5.5290767e-03  -1.6701733e-03
  -1.6962756e-03  -9.6953476e-04  -9.5131039e-03  -1.1484789e-03
   1.5571950e-03  -7.7478618e-04  -7.0057528e-03  -2.5484214e-03
  -2.3821099e-04  -5.7629243e-04  -7.8115532e-03  -2.5521746e-03
  -2.0073793e-03  -6.0625375e-04  -1.1158436e-02  -2.0117142e-03
  -5.4556651e-04  -6.5868606e-04  -1.0390115e-02  -2.0830250e-03
  -1.1340399e-03  -8.0474750e-04  -8.0064445e-03  -2.5897066e-03
  -4.2563221e-03  -8.4219915e-04  -5.9788257e-03  -3.1076477e-03
  -4.3312869e-03  -1.0669090e-03  -5.1580337e-03  -2.8524304e-03
  -1.2727247e-03  -1.6211935e-03  -4.2435439e-03  -2.8937155e-03
   2.0482142e-03  -1.6099580e-03  -3.5876598e-03  -3.1301669e-03
  -5.8679712e-04  -1.3665222e-03  -7.7928137e-03  -1.9366503e-03
  -3.1693331e-03  -9.2833794e-04  -8.9471697e-03  -1.1897641e-03
   1.2161054e-03  -7.6355068e-04  -4.3035104e-03  -2.2481656e-03
   2.4567721e-03  -1.3290706e-03  -3.9024842e-03  -2.2293996e-03
  -1.6250590e-03  -8.0100233e-04  -6.8970634e-03  -1.6138753e-03
  -3.3717380e-03  -6.5119573e-04  -6.8595844e-03  -1.8653395e-03
  -1.4450504e-04  -1.0743994e-03  -1.6649825e-03  -2.8749495e-03
   2.3180873e-03  -8.0849266e-04   4.4509029e-04  -3.3666183e-03
   4.2147890e-04  -8.6467014e-04  -2.9992381e-03  -2.1318165e-03
  -1.7823918e-04  -6.7366672e-04  -3.1116754e-03  -1.7339776e-03
   1.3810278e-03  -6.6617639e-04   7.4047295e-05  -1.7677564e-03
   8.6751922e-04  -7.5606035e-04   1.0972265e-03  -1.4149559e-03
  -5.4931474e-04  -8.5717981e-04   4.4883819e-04  -9.9459784e-04
  -1.8573566e-04  -1.0781445e-03   2.1129098e-03  -1.1071937e-03
   1.6434045e-03  -9.9949608e-04   5.7408857e-03  -2.3870339e-03
   2.7303935e-03  -8.0474750e-04   6.1231724e-03  -2.2969572e-03
   2.8053583e-03  -1.5683395e-04   3.7582418e-03  -1.7339776e-03
   2.9365466e-03  -1.4185329e-04   4.1217890e-03  -1.8841055e-03
   1.0436864e-03  -4.6768265e-04   4.8638750e-03  -2.1806081e-03
  -1.7674921e-03  -7.3358936e-04   3.6870316e-03  -2.1017910e-03
  -2.5133915e-03  -1.3927384e-03   2.1991117e-03  -1.4262155e-03
  -1.0065998e-03  -1.4152094e-03   2.2815657e-03  -1.3736707e-03
   4.4771656e-04  -1.2616576e-03   3.7882251e-03  -1.5763434e-03
   9.8746284e-04  -1.1717737e-03   4.9313374e-03  -2.0830250e-03
   2.3743109e-03  -7.6355068e-04   5.3023804e-03  -2.2932040e-03
   7.9255446e-04  -7.1860870e-04   2.4202383e-03  -1.9404035e-03
  -2.2097842e-03  -7.0737321e-04   5.1255265e-04  -1.3248792e-03
  -1.8087227e-03  -8.2721849e-04   3.2447783e-03  -1.4599943e-03
  -5.6430770e-04  -1.0818897e-03   4.3166803e-03  -2.5071362e-03
   1.5160576e-04  -6.8864738e-04   1.8280687e-03  -1.9779355e-03
   2.6780114e-04  -4.4146649e-04   2.6144274e-04  -1.7114585e-03
   3.6150709e-04  -3.0289539e-04   1.1496972e-03  -2.3532552e-03
   3.0528352e-04  -1.9428560e-04   1.9330102e-03  -2.6272385e-03
  -8.9415264e-04  -5.0138913e-04   1.8648456e-04  -2.4696043e-03
  -1.4563883e-03  -7.1111837e-04  -1.6462429e-03  -1.9854418e-03
  -1.0928093e-03  -1.0182219e-03  -1.2377209e-03  -2.3720211e-03
  -1.1977599e-03  -7.9725717e-04  -1.6499908e-03  -2.4245659e-03
  -4.7809822e-04  -2.7667923e-04  -3.3028187e-03  -1.7640032e-03
   1.3210560e-03  -4.7891814e-04  -4.1460982e-03  -1.7790160e-03
   1.6359080e-03  -4.3023100e-04  -3.3815248e-03  -2.4208127e-03
   3.9158622e-05  -4.4521166e-04  -2.0622608e-03  -2.4320723e-03
  -9.5412445e-04  -8.7965080e-04  -1.3314186e-03  -2.2744380e-03
  -4.2562289e-04  -1.0219671e-03  -1.3126790e-03  -2.5484214e-03
   3.9149299e-04  -1.2953641e-03  -2.1372190e-03  -2.3907871e-03
   1.1149029e-03  -1.0743994e-03  -2.0060422e-03  -2.0830250e-03
   1.0624276e-03  -6.0999892e-04  -1.3801414e-03  -2.0717654e-03
   7.7381327e-04  -6.2872474e-04  -1.8711175e-03  -2.0417398e-03
   1.2798254e-03  -6.8864738e-04  -2.6132035e-03  -1.9216375e-03
   1.2123571e-03  -8.7965080e-04  -3.2428522e-03  -2.1881145e-03
   2.4156347e-04  -9.2084761e-04  -3.3515415e-03  -2.0342334e-03
  -5.1558060e-04  -8.9088629e-04  -2.9655069e-03  -1.9704291e-03
  -2.7569337e-04  -8.4968948e-04  -2.3058749e-03  -2.2856976e-03
   8.6751922e-04  -8.4594431e-04  -1.4213684e-03  -2.2819444e-03
   1.5047197e-03  -6.4745057e-04  -1.6949658e-03  -2.3532552e-03
   1.0436864e-03  -3.4409220e-04  -2.1259753e-03  -2.0417398e-03
   2.0782933e-04  -5.9127309e-04  -2.1484627e-03  -2.0154674e-03
   8.0389240e-05  -8.0100233e-04  -1.9198403e-03  -2.0454930e-03
   5.1518485e-04  -8.3470882e-04  -1.5825285e-03  -1.9967014e-03
   6.5396288e-05  -7.6729585e-04  -1.9385798e-03  -2.2369060e-03
  -3.6939932e-04  -7.2235387e-04  -1.2452167e-03  -1.9554163e-03
   3.1662146e-05  -6.1374408e-04  -5.4810560e-04  -2.1243101e-03
   2.4156347e-04  -5.1262463e-04  -6.1556796e-04  -2.3757743e-03
   1.7784343e-04  -5.9501826e-04  -6.0432423e-04  -1.9816886e-03
  -1.7823918e-04  -6.9988288e-04  -4.9938278e-04  -2.1243101e-03
  -5.6805593e-04  -1.0931252e-03   2.0522411e-04  -2.3194764e-03
  -4.8184646e-04  -9.9575091e-04   2.4270320e-04  -2.0079610e-03
  -2.0822509e-04  -9.7327992e-04  -1.3958352e-04  -1.8841055e-03
  -2.0813186e-05  -1.0818897e-03   2.3520738e-04  -1.7564968e-03
  -1.9323213e-04  -6.5494090e-04   6.8495646e-04  -1.5763434e-03
  -2.1197332e-04  -6.1374408e-04   9.8853709e-04  -2.0867782e-03
   1.2911633e-04  -6.1374408e-04   1.4008071e-03  -2.3720211e-03
  -5.4547328e-05  -5.3884078e-04   1.7718501e-03  -2.0229738e-03
  -9.2029708e-05  -7.5980552e-04   1.9742372e-03  -2.1430761e-03
   1.2920956e-05  -8.8339596e-04   1.7568584e-03  -2.1205569e-03
  -8.0784994e-05  -6.0999892e-04   1.6519170e-03  -1.8052884e-03
   2.3031876e-04  -7.3358936e-04   1.5882025e-03  -1.9441567e-03
   5.1143661e-04  -8.4968948e-04   1.0859827e-03  -2.0042078e-03
   3.6525533e-04  -7.2609903e-04   7.7865419e-04  -1.8090416e-03
  -7.3288518e-05  -9.4331860e-04   6.5497319e-04  -2.0342334e-03
   2.0408109e-04  -9.7327992e-04   8.3862073e-04  -2.2744380e-03
   3.7275180e-04  -1.0406929e-03   1.0410078e-03  -2.3457488e-03
   5.4151574e-05  -9.0586695e-04   7.1119182e-04  -2.3194764e-03
   4.0648595e-04  -1.0669090e-03   3.8887165e-04  -2.0042078e-03
   4.0648595e-04  -1.1006155e-03   5.6877128e-04  -2.1280633e-03
   3.5775885e-04  -8.3096365e-04   5.3129219e-04  -2.1092973e-03
   5.5641547e-04  -1.1755188e-03  -1.9955006e-04  -2.0079610e-03
   5.4891899e-04  -9.4706377e-04  -4.2817251e-04  -2.2031273e-03
   2.9778704e-04  -8.2347332e-04  -2.4077706e-04  -2.1430761e-03
  -5.0799090e-05  -1.0107316e-03  -3.0074361e-04  -2.0755186e-03
   4.2906860e-05  -9.7702509e-04  -5.1812233e-04  -1.9066247e-03
   6.5396288e-05  -9.8451542e-04  -1.0203421e-03  -1.9516631e-03
   1.3661281e-04  -7.5606035e-04  -1.5188140e-03  -1.8615863e-03
   2.0408109e-04  -7.4107969e-04  -1.7811677e-03  -1.8765991e-03
  -9.5777946e-05  -7.2609903e-04  -2.0360255e-03  -2.0755186e-03
  -3.9938522e-04  -8.8339596e-04  -2.2946312e-03  -1.8203012e-03
  -4.2937113e-04  -9.8077025e-04  -2.1372190e-03  -1.9404035e-03
  -4.7809822e-04  -7.7104101e-04  -1.9348319e-03  -2.0755186e-03
  -7.8170550e-04  -7.8227651e-04  -1.7999072e-03  -2.1130505e-03
  -6.8425131e-04  -8.1223783e-04  -1.9648152e-03  -2.0492462e-03
  -3.0942751e-04  -7.8976684e-04  -2.0022943e-03  -2.0117142e-03
  -1.1077090e-04  -5.4258595e-04  -1.6499908e-03  -2.1280633e-03
  -1.6324623e-04  -6.0999892e-04  -1.9235882e-03  -1.8390672e-03
  -4.8559470e-04  -4.6768265e-04  -1.9348319e-03  -1.9741823e-03
  -6.1678303e-04  -5.7629243e-04  -1.8486300e-03  -2.3007104e-03
  -6.6176188e-04  -1.0032412e-03  -2.0997399e-03  -2.0717654e-03
  -9.1664207e-04  -4.6019232e-04  -2.0959920e-03  -1.9929482e-03
  -7.4797136e-04  -7.5606035e-04  -1.7399407e-03  -2.2744380e-03
  -3.8814051e-04  -9.5080893e-04  -1.4476038e-03  -2.0342334e-03
  -4.5560879e-04  -7.0362804e-04  -1.0728129e-03  -1.9178843e-03
  -5.6805593e-04  -1.0144767e-03  -2.0704588e-04  -2.0755186e-03
  -4.2937113e-04  -6.4745057e-04  -1.0585234e-04  -2.0642590e-03
   1.7034695e-04  -7.1486354e-04   1.3026593e-04  -2.3157232e-03
   4.6655098e-05  -8.0474750e-04   1.0035287e-03  -2.0942846e-03
  -4.2562289e-04  -7.8976684e-04   1.5357318e-03  -2.1243101e-03
   4.2906860e-05  -1.0406929e-03   1.8018333e-03  -2.1881145e-03
   4.0273771e-04  -8.2721849e-04   1.8692957e-03  -1.8278076e-03
   6.6886261e-04  -9.6953476e-04   2.2253471e-03  -2.1655953e-03
   3.2777295e-04  -8.1223783e-04   2.4951965e-03  -2.0680122e-03
   1.8908814e-04  -6.0999892e-04   2.4689611e-03  -1.8615863e-03
   7.0259675e-04  -8.5717981e-04   2.1279014e-03  -2.2293996e-03
   3.9149299e-04  -7.8227651e-04   1.4795132e-03  -2.0792718e-03
  -2.8309662e-05  -8.8714113e-04   1.1047223e-03  -1.9178843e-03
  -2.8309662e-05  -1.0144767e-03   1.0709911e-03  -2.2068805e-03
   2.3781524e-04  -9.2833794e-04   8.4611655e-04  -2.2969572e-03
   3.9158622e-05  -9.7327992e-04   6.7746064e-04  -1.9891950e-03
  -1.9323213e-04  -9.6578959e-04   2.6144274e-04  -1.8465736e-03
  -9.5684720e-06  -7.7853134e-04  -7.5869065e-05  -2.0304802e-03
  -1.1077090e-04  -6.6243123e-04   6.0250246e-04  -2.1731017e-03
   3.9158622e-05  -7.4107969e-04   4.4883819e-04  -1.9066247e-03
  -1.2201561e-04  -8.4594431e-04   4.4064023e-05  -1.6701733e-03
  -6.5426541e-04  -6.9988288e-04   1.3776175e-04  -1.9591695e-03
  -3.6939932e-04  -5.5382144e-04   1.4080751e-05  -1.8728459e-03
  -4.2562289e-04  -6.1748925e-04  -1.2833979e-04  -1.8240544e-03
  -6.7300660e-04  -6.4370540e-04  -4.9188696e-04  -2.0980378e-03
  -3.9938522e-04  -6.7741189e-04  -5.7434096e-04  -2.0379866e-03
  -5.9804184e-04  -6.1748925e-04  -6.2681169e-04  -2.0942846e-03
  -5.5681122e-04  -6.0625375e-04  -6.3430751e-04  -2.1618421e-03
  -5.4556651e-04  -6.6992156e-04  -8.1045923e-04  -2.0642590e-03
  -5.2682532e-04  -6.5868606e-04  -1.0578212e-03  -2.0830250e-03
  -4.8184646e-04  -5.9127309e-04  -9.1540068e-04  -2.0605058e-03
  -7.3672664e-04  -5.5007628e-04  -8.2170296e-04  -1.8278076e-03
  -5.9429360e-04  -6.7741189e-04  -7.0926569e-04  -1.7564968e-03
  -6.9924426e-04  -8.1223783e-04  -8.2545087e-04  -1.9891950e-03
  -6.5051717e-04  -8.8339596e-04  -8.2919877e-04  -1.9666759e-03
  -3.9563699e-04  -8.9463146e-04  -5.0687860e-04  -1.9366503e-03
  -5.1183236e-04  -8.1223783e-04  -3.0449151e-04  -1.9066247e-03
  -3.9563699e-04  -6.3996024e-04   1.7828660e-05  -1.8878587e-03
  -2.4195923e-04  -6.4745057e-04   7.4047295e-05  -2.2106337e-03
  -2.1946980e-04  -8.0474750e-04   1.3026593e-04  -1.9066247e-03
  -1.1451914e-04  -9.2084761e-04   3.8512374e-04  -1.8615863e-03
  -1.3326033e-04  -8.2347332e-04   3.7762792e-04  -2.3044636e-03
   2.0417432e-05  -7.4482486e-04   4.7507356e-04  -1.9554163e-03
   9.9130430e-05  -7.8227651e-04   4.9756101e-04  -2.0342334e-03
  -1.7064948e-05  -7.8976684e-04   6.7371273e-04  -2.2856976e-03
   1.5910224e-04  -1.0893800e-03   7.5616673e-04  -2.0267270e-03
