  -3.3566518e-04  -8.9837662e-04  -2.3328124e-04  -2.3307360e-03
  -3.5065813e-04  -8.2347332e-04  -1.7331470e-04  -2.2331528e-03
  -1.0702266e-04  -9.4706377e-04  -1.6956679e-04  -2.2256465e-03
  -2.9068632e-04  -7.1111837e-04  -2.3702915e-04  -2.3907871e-03
  -2.4195923e-04  -1.0369477e-03   6.5849330e-06  -2.2744380e-03
  -1.5949799e-04  -1.0706542e-03  -1.1709606e-04  -2.2369060e-03
  -2.3071451e-04  -7.4857002e-04  -3.2323106e-04  -2.2556720e-03
  -1.1451914e-04  -7.4482486e-04  -1.1709606e-04  -2.2256465e-03
  -1.4825328e-04  -6.9988288e-04   2.9072387e-05  -2.3269828e-03
  -8.4533232e-05  -7.3358936e-04   1.2651802e-04  -2.3757743e-03
  -1.8198742e-04  -5.8378276e-04  -1.0960025e-04  -2.2781912e-03
  -1.8573566e-04  -6.8115705e-04  -2.5202079e-04  -2.3982935e-03
   5.0403336e-05  -8.1598299e-04   1.4080751e-05  -2.1993741e-03
  -2.0719960e-06  -5.9127309e-04  -1.6581888e-04  -2.0454930e-03
  -5.8202340e-06  -6.2872474e-04  -5.3381611e-05  -2.0830250e-03
  -1.9323213e-04  -6.7741189e-04   2.0147620e-04  -1.9891950e-03
  -2.7194513e-04  -7.5231519e-04  -1.9650430e-05  -1.9591695e-03
  -5.8295566e-05  -7.5980552e-04  -4.9633702e-05  -1.7977820e-03
  -9.5777946e-05  -5.3509562e-04  -1.2459188e-04  -1.9328971e-03
  -1.5574975e-04  -6.2872474e-04  -1.8081052e-04  -2.0267270e-03
   1.3286457e-04  -7.7478618e-04  -1.3583561e-04  -1.9554163e-03
   3.1652823e-04  -6.9239255e-04   5.5307750e-05  -1.7790160e-03
   5.7899812e-05  -7.5980552e-04   8.1543113e-05  -1.8728459e-03
  -2.0719960e-06  -1.0294574e-03  -3.1573524e-04  -2.0454930e-03
   2.4165670e-05  -9.8077025e-04  -2.6701242e-04  -1.7039521e-03
  -1.8948390e-04  -6.3996024e-04   3.1391347e-04  -1.8390672e-03
  -3.5815461e-04  -7.0362804e-04   4.0761120e-04  -1.9929482e-03
  -4.4436408e-04  -8.0100233e-04   2.5324478e-05  -2.1318165e-03
  -5.5681122e-04  -6.6617639e-04   2.5769484e-04  -2.2631784e-03
  -4.3311937e-04  -8.0100233e-04   2.8018229e-04  -2.0454930e-03
  -3.3566518e-04  -8.2721849e-04  -2.9699570e-04  -2.1956209e-03
  -3.2067223e-04  -8.3096365e-04  -4.1318088e-04  -1.9929482e-03
  -2.4561424e-05  -9.0212179e-04  -1.4707934e-04  -1.9103779e-03
  -2.8309662e-05  -7.5231519e-04  -1.1709606e-04  -2.0792718e-03
  -1.9698037e-04  -6.8115705e-04  -3.8389975e-05  -1.8540799e-03
  -3.9188875e-04  -7.4482486e-04   9.6534749e-05  -1.9854418e-03
  -3.3941342e-04  -1.0219671e-03  -2.2953333e-04  -1.9516631e-03
  -6.5792042e-05  -9.1710245e-04  -3.0074361e-04  -1.9103779e-03
  -2.1572156e-04  -6.9239255e-04  -2.9324779e-04  -2.1017910e-03
  -3.2067223e-04  -9.0961212e-04  -2.6701242e-04  -2.1130505e-03
  -3.9938522e-04  -8.9837662e-04  -2.5576870e-04  -2.0042078e-03
  -1.7823918e-04  -8.4968948e-04  -3.1573524e-04  -2.0079610e-03
  -2.8318985e-04  -9.4331860e-04  -8.7112792e-05  -2.2256465e-03
  -4.8184646e-04  -8.8714113e-04  -2.5202079e-04  -1.8916119e-03
   2.4165670e-05  -9.0212179e-04  -3.4197060e-04  -1.9291439e-03
  -1.8948390e-04  -1.0631639e-03  -2.9699570e-04  -2.1468293e-03
  -3.9188875e-04  -9.8826058e-04  -2.5951661e-04  -2.0605058e-03
  -2.6070042e-04  -8.9463146e-04  -2.4827288e-04  -2.3119700e-03
  -2.4945570e-04  -1.0481832e-03  -3.3447479e-04  -1.9967014e-03
  -5.4547328e-05  -8.6467014e-04  -2.7450824e-04  -1.9141311e-03
  -2.8318985e-04  -5.5756661e-04  -3.5696224e-04  -1.9854418e-03
  -4.7060175e-04  -9.8077025e-04  -2.4827288e-04  -2.0229738e-03
  -4.0313346e-04  -9.6578959e-04  -1.9205424e-04  -2.2594252e-03
  -2.4945570e-04  -8.0849266e-04  -4.2817251e-04  -2.0567526e-03
  -1.3326033e-04  -1.1343220e-03  -3.7195388e-04  -2.1393229e-03
  -5.4547328e-05  -8.4219915e-04   2.8370240e-06  -2.0267270e-03
  -6.9540280e-05  -8.4219915e-04  -1.7706261e-04  -1.7377308e-03
   8.4137478e-05  -8.9463146e-04  -3.9069342e-04  -1.6926925e-03
   1.7034695e-04  -9.6204443e-04  -2.1454170e-04  -1.7414840e-03
  -2.4945570e-04  -1.0144767e-03  -2.9324779e-04  -1.8690927e-03
  -9.5777946e-05  -5.6880210e-04  -3.8389975e-05  -1.7077053e-03
  -6.5792042e-05  -7.7104101e-04   2.9072387e-05  -1.8841055e-03
  -3.5815461e-04  -8.4219915e-04   1.0403057e-04  -1.9666759e-03
  -4.2937113e-04  -6.2123441e-04   5.5307750e-05  -1.6401477e-03
  -3.1692399e-04  -7.5231519e-04  -4.8064324e-04  -1.9291439e-03
  -2.4561424e-05  -7.5606035e-04  -1.2084397e-04  -2.0229738e-03
  -7.3288518e-05  -8.7965080e-04  -4.5885793e-05  -1.9441567e-03
   2.0408109e-04  -9.5455410e-04  -3.5696224e-04  -1.9554163e-03
   2.9029057e-04  -8.3096365e-04  -4.3566833e-04  -1.8503268e-03
  -1.1077090e-04  -9.0212179e-04  -4.6939951e-04  -2.2481656e-03
  -6.2043804e-05  -8.6841530e-04   1.0028266e-04  -1.9816886e-03
  -1.2951209e-04  -9.0212179e-04   1.3026593e-04  -1.8465736e-03
  -3.3191694e-04  -8.6467014e-04  -4.9633702e-05  -2.2669316e-03
  -2.3071451e-04  -8.3096365e-04   5.5307750e-05  -1.9366503e-03
  -1.7823918e-04  -1.1493027e-03  -2.4827288e-04  -2.0079610e-03
  -1.0702266e-04  -9.1710245e-04  -2.5951661e-04  -1.9479099e-03
   4.6655098e-05  -7.0737321e-04  -1.7706261e-04  -1.7264713e-03
  -9.9526184e-05  -7.8227651e-04  -2.9324779e-04  -2.2293996e-03
  -3.0193104e-04  -7.2984420e-04   2.5324478e-05  -2.2631784e-03
  -1.2576385e-04  -8.9088629e-04  -3.0894157e-05  -2.0567526e-03
  -1.1826737e-04  -8.0100233e-04  -2.8200406e-04  -2.3082168e-03
  -2.0447685e-04  -8.1972816e-04  -4.2137884e-05  -2.3795275e-03
  -1.3700856e-04  -9.8451542e-04  -3.5696224e-04  -2.0379866e-03
  -2.0072861e-04  -7.6355068e-04  -3.3822270e-04  -2.0942846e-03
  -5.4547328e-05  -8.2721849e-04  -8.3364883e-05  -2.2068805e-03
   1.2920956e-05  -1.0107316e-03  -2.1454170e-04  -2.2068805e-03
  -9.5777946e-05  -8.3096365e-04   6.6551477e-05  -2.3457488e-03
  -1.8573566e-04  -6.8115705e-04  -1.7331470e-04  -2.1918677e-03
  -3.6190284e-04  -6.5119573e-04  -3.1573524e-04  -2.3607615e-03
  -1.8198742e-04  -6.0250859e-04  -9.1088500e-07  -2.3232296e-03
  -1.2951209e-04  -7.7478618e-04  -4.9633702e-05  -2.3419956e-03
  -2.6444866e-04  -9.0961212e-04  -9.1088500e-07  -2.3495020e-03
   1.1037514e-04  -7.2235387e-04  -1.1334816e-04  -2.0492462e-03
   1.3286457e-04  -7.5980552e-04  -2.4077706e-04  -2.2894508e-03
  -1.4825328e-04  -8.1223783e-04   5.1559841e-05  -1.9741823e-03
  -5.8202340e-06  -8.0849266e-04   6.5849330e-06  -1.8315608e-03
  -3.5806138e-05  -9.3582827e-04  -1.0210443e-04  -1.9328971e-03
  -5.8295566e-05  -8.6841530e-04   3.1391347e-04  -2.1017910e-03
  -9.5684720e-06  -6.0999892e-04   3.6568205e-05  -2.3232296e-03
  -7.3288518e-05  -6.3621507e-04  -2.9324779e-04  -1.9441567e-03
   2.2657052e-04  -8.1598299e-04   6.5849330e-06  -1.9967014e-03
   1.7409519e-04  -4.9015364e-04  -8.4067030e-06  -1.9404035e-03
  -8.8281470e-05  -6.0625375e-04   7.0299386e-05  -2.1130505e-03
   6.5396288e-05  -9.3208311e-04  -6.4625338e-05  -2.1280633e-03
  -5.8295566e-05  -7.5980552e-04  -1.1709606e-04  -1.7414840e-03
  -3.8064403e-04  -8.3845398e-04   1.5650129e-04  -1.9816886e-03
  -4.2187465e-04  -8.3470882e-04   2.5324478e-05  -1.9591695e-03
  -2.3446275e-04  -7.3358936e-04  -1.2084397e-04  -1.9028715e-03
  -6.5792042e-05  -8.4594431e-04  -2.5576870e-04  -2.0229738e-03
   1.3661281e-04  -6.9613771e-04  -2.0329797e-04  -2.1055441e-03
   2.4531171e-04  -7.1486354e-04  -2.5576870e-04  -1.8841055e-03
   7.2892764e-05  -8.2721849e-04  -3.3822270e-04  -1.6063689e-03
  -8.0784994e-05  -6.7366672e-04  -7.5869065e-05  -1.9591695e-03
  -6.9540280e-05  -8.6467014e-04  -1.8830634e-04  -1.9404035e-03
  -1.3700856e-04  -8.3845398e-04  -9.8356519e-05  -1.6889393e-03
  -2.6444866e-04  -7.9725717e-04   1.0028266e-04  -1.9328971e-03
  -1.1077090e-04  -7.6355068e-04  -5.3381611e-05  -2.0304802e-03
  -1.2951209e-04  -7.0737321e-04  -8.7112792e-05  -1.9779355e-03
  -1.4825328e-04  -9.1710245e-04  -3.4571851e-04  -2.1280633e-03
  -1.4825328e-04  -7.2609903e-04  -3.5321433e-04  -2.0379866e-03
  -4.1062994e-04  -9.4706377e-04  -2.9699570e-04  -1.9779355e-03
  -2.0822509e-04  -9.8077025e-04  -4.8064324e-04  -2.0680122e-03
  -2.0822509e-04  -7.4482486e-04  -2.4452497e-04  -1.8127948e-03
  -4.6310527e-04  -1.0481832e-03  -1.5082725e-04  -1.9929482e-03
  -2.2321804e-04  -8.7590563e-04  -2.4077706e-04  -2.1468293e-03
  -1.7074271e-04  -8.7965080e-04  -1.0210443e-04  -1.9479099e-03
  -1.8948390e-04  -9.9200575e-04  -3.4642066e-05  -2.0980378e-03
  -2.7569337e-04  -8.3096365e-04  -1.8455843e-04  -2.0342334e-03
  -2.7569337e-04  -9.3208311e-04  -2.6701242e-04  -1.9666759e-03
  -1.9698037e-04  -8.3096365e-04  -2.3702915e-04  -2.0229738e-03
  -2.6819689e-04  -1.0032412e-03  -2.0704588e-04  -2.0980378e-03
  -2.0822509e-04  -9.8826058e-04  -4.0568506e-04  -1.9779355e-03
  -3.6190284e-04  -7.9351200e-04  -3.7570179e-04  -1.7902756e-03
  -1.3326033e-04  -1.1006155e-03  -8.4067030e-06  -2.1243101e-03
  -2.8693808e-04  -9.9200575e-04  -3.9069342e-04  -2.1731017e-03
  -4.4061584e-04  -9.9200575e-04  -4.3566833e-04  -2.0079610e-03
  -2.4561424e-05  -9.5455410e-04   1.0332842e-05  -1.9704291e-03
  -2.9068632e-04  -7.6729585e-04  -2.4827288e-04  -1.7790160e-03
  -2.4561424e-05  -9.4706377e-04  -3.5321433e-04  -1.7564968e-03
  -8.4533232e-05  -8.6467014e-04  -1.9205424e-04  -1.8916119e-03
  -3.6190284e-04  -6.3621507e-04  -1.8830634e-04  -1.8615863e-03
  -1.4450504e-04  -4.8640847e-04  -1.2154612e-05  -1.7677564e-03
  -5.3057355e-04  -8.2347332e-04   9.2786840e-05  -1.8090416e-03
  -3.4316165e-04  -1.0332026e-03  -2.1454170e-04  -1.8127948e-03
  -1.3316710e-05  -8.7590563e-04  -3.3072688e-04  -1.8690927e-03
   5.4244800e-06  -9.9200575e-04  -1.7331470e-04  -1.7977820e-03
   1.0287867e-04  -8.5343464e-04  -3.1948315e-04  -1.9967014e-03
   3.1662146e-05  -7.8227651e-04  -4.2442460e-04  -2.1956209e-03
  -1.8948390e-04  -6.1748925e-04  -2.3328124e-04  -1.7564968e-03
  -3.9188875e-04  -5.3884078e-04   4.7811932e-05  -1.6889393e-03
  -3.8439227e-04  -7.5980552e-04   2.6144274e-04  -1.7940288e-03
  -5.5681122e-04  -4.8640847e-04   6.6551477e-05  -1.9141311e-03
  -4.1812641e-04  -5.6131177e-04  -3.1198733e-04  -1.9216375e-03
  -2.1197332e-04  -1.0069864e-03  -2.3702915e-04  -2.0267270e-03
   2.4165670e-05  -1.0219671e-03   8.5291022e-05  -2.2143869e-03
   3.9158622e-05  -7.9725717e-04  -1.1709606e-04  -2.0454930e-03
  -1.7449094e-04  -7.5980552e-04  -2.4452497e-04  -2.1130505e-03
  -2.4561424e-05  -8.8714113e-04   5.1559841e-05  -1.8765991e-03
  -2.2321804e-04  -8.9837662e-04  -1.5902521e-05  -1.9891950e-03
  -1.5574975e-04  -8.8339596e-04  -1.3958352e-04  -2.1843613e-03
  -1.7074271e-04  -6.9613771e-04  -1.2459188e-04  -2.1355697e-03
  -1.6324623e-04  -7.1486354e-04  -2.4452497e-04  -2.3307360e-03
   1.1412338e-04  -8.7216047e-04  -1.4707934e-04  -2.2444124e-03
  -1.3326033e-04  -6.8864738e-04  -2.3398339e-05  -2.3269828e-03
  -2.0822509e-04  -7.1111837e-04  -1.7706261e-04  -2.1468293e-03
  -3.1692399e-04  -9.8077025e-04  -2.9324779e-04  -2.1092973e-03
  -2.9068632e-04  -9.3957344e-04  -2.2203752e-04  -2.1731017e-03
  -8.0784994e-05  -9.6578959e-04  -2.1454170e-04  -2.0755186e-03
  -1.2201561e-04  -9.5829926e-04  -2.2578543e-04  -2.3344892e-03
  -2.1197332e-04  -8.0100233e-04  -8.3364883e-05  -2.1655953e-03
  -1.8948390e-04  -9.0212179e-04  -1.6207097e-04  -2.0004546e-03
   2.4165670e-05  -8.3096365e-04  -1.2459188e-04  -2.3307360e-03
  -1.7449094e-04  -1.0743994e-03  -1.5902521e-05  -2.4771107e-03
  -1.2576385e-04  -8.8714113e-04  -1.9955006e-04  -2.3007104e-03
   3.5410384e-05  -3.6656319e-04  -1.3958352e-04  -2.2481656e-03
  -2.0447685e-04  -7.3733453e-04   4.7811932e-05  -2.2218933e-03
   8.0389240e-05  -6.8115705e-04   3.6568205e-05  -2.1693485e-03
  -3.5806138e-05  -6.6243123e-04  -7.2121156e-05  -2.0267270e-03
  -1.4075680e-04  -7.9351200e-04  -6.8373247e-05  -1.8690927e-03
   1.6659871e-04  -7.4107969e-04   3.6568205e-05  -1.9591695e-03
  -5.8202340e-06  -9.3582827e-04  -1.3208770e-04  -2.1243101e-03
   2.6405290e-04  -6.6617639e-04  -2.9324779e-04  -2.1205569e-03
   2.7154938e-04  -6.7366672e-04  -8.4067030e-06  -1.9741823e-03
  -6.5792042e-05  -8.1598299e-04  -9.8356519e-05  -2.0905314e-03
  -8.4533232e-05  -4.6019232e-04   2.9072387e-05  -1.9591695e-03
  -2.4195923e-04  -4.3397616e-04   1.2651802e-04  -1.8353140e-03
  -1.4825328e-04  -5.3509562e-04   6.5849330e-06  -1.8765991e-03
  -1.6699447e-04  -6.0999892e-04   3.9636747e-04  -1.7227181e-03
  -3.5806138e-05  -7.5231519e-04  -2.7146248e-05  -2.0117142e-03
  -2.0813186e-05  -6.2872474e-04  -1.3208770e-04  -2.1468293e-03
   1.7409519e-04  -7.2235387e-04  -9.4608610e-05  -1.9291439e-03
   5.4244800e-06  -8.7216047e-04  -3.9444133e-04  -1.8127948e-03
  -1.4075680e-04  -6.7366672e-04  -1.1709606e-04  -1.9629227e-03
  -1.5949799e-04  -6.8490222e-04  -1.4333143e-04  -2.1393229e-03
  -5.5681122e-04  -6.4370540e-04  -1.7331470e-04  -2.0379866e-03
  -1.9323213e-04  -7.1860870e-04  -3.3822270e-04  -1.7977820e-03
  -8.6041850e-04  -1.0556735e-03  -1.8455843e-04  -1.6626669e-03
   3.1652823e-04  -7.4857002e-04  -2.3702915e-04  -1.8390672e-03
  -8.0419493e-04  -8.4219915e-04  -5.4435769e-04  -1.7940288e-03
   2.9029057e-04  -8.8714113e-04  -1.5832306e-04  -1.9103779e-03
  -3.5065813e-04  -9.9575091e-04  -1.6207097e-04  -2.0755186e-03
  -9.3538326e-04  -1.2728931e-03  -4.2137884e-05  -2.0267270e-03
   1.8420611e-03  -5.4633111e-04  -2.4827288e-04  -2.1918677e-03
  -5.2008781e-03  -1.0444381e-03  -1.5832306e-04  -2.0304802e-03
   1.1898584e-02  -6.8864738e-04  -1.9580215e-04  -1.8765991e-03
   3.1374428e-02   1.3337417e-03  -3.3072688e-04  -1.8578331e-03
   1.9698667e-02   3.6182924e-03  -2.5951661e-04  -1.3699175e-03
  -4.5037058e-03   3.0640080e-03   8.1320516e-03  -3.5204994e-03
  -1.3675644e-02  -1.0669090e-03   1.6943386e-02  -6.7294829e-03
   3.2026715e-03  -4.0742765e-03   4.8526313e-03  -4.9129355e-03
   5.1630000e-03  -4.4188317e-03  -5.9076155e-03  -3.3365928e-03
  -4.5149505e-03  -4.4146649e-04  -7.3880395e-03  -3.7832232e-03
  -5.7668620e-03   1.5547065e-03  -2.7106491e-03  -6.0426478e-03
  -2.0072861e-04  -2.7293407e-04  -6.7733824e-03  -6.4630059e-03
  -7.3261290e-03  -3.2353596e-03  -2.8623692e-02  -7.5439323e-04
  -1.3368289e-02  -5.4674779e-03  -2.4242386e-02  -1.9929482e-03
  -7.2661572e-03  -3.8495666e-03  -2.3650217e-02  -3.8620403e-03
  -1.1156828e-02  -1.9245518e-03  -4.9593243e-02   2.4320710e-03
  -8.8591584e-03  -4.4895682e-04  -5.9315319e-02   5.3970967e-03
  -5.7293797e-03  -7.0695155e-05  -4.3832707e-02   2.8749483e-03
  -1.0234762e-02  -4.2648583e-04  -1.8714221e-02  -1.0246234e-03
  -1.8908184e-02  -1.6249386e-03  -1.1694387e-02  -1.2047769e-03
  -1.4417795e-02  -1.7298032e-03  -7.0394840e-03   5.2544695e-04
   5.6277815e-03   1.1281793e-04   1.9877998e-02  -3.5167462e-03
   5.1592517e-03   1.5996484e-03   3.5240677e-02  -5.3145276e-03
  -4.0876514e-03   2.8542787e-03   3.3647816e-02  -2.2106337e-03
   7.6780677e-03   4.9856992e-04   4.2159317e-02  -3.1451797e-03
   1.3487837e-02  -2.5799557e-03   4.6334488e-02  -2.9274943e-03
   7.6968089e-03  -2.3777168e-03   4.1975670e-02  -1.9328971e-03
   2.0894448e-03  -1.4077191e-03   2.6133259e-02   6.7557483e-04
  -1.3316710e-05  -7.4482486e-04   7.9633957e-03   5.3370455e-03
   7.2657615e-03  -1.6511548e-03   2.0327748e-02   3.3553575e-03
   5.2004823e-03  -3.3214984e-03   3.8227761e-02  -9.7583185e-04
   5.3166777e-03  -2.1043197e-03   4.6566858e-02  -3.4867206e-03
   4.6719808e-03  -1.2878738e-03   4.4325609e-02  -3.7531976e-03
   7.3332298e-03  -1.5683395e-04   3.2650872e-02  -1.9854418e-03
   1.1115202e-02   1.1090318e-03   3.3707783e-02  -3.2990608e-03
  -3.4317098e-03   7.9111445e-05   2.6875345e-02  -5.1156081e-03
  -5.0472003e-03   1.7307292e-03   3.8032167e-03  -1.5125390e-03
   2.3180873e-03  -1.6432428e-04  -8.2388149e-03  -6.1177174e-04
   1.6359080e-03   8.2439928e-04  -1.3305988e-02  -1.8953651e-03
  -2.6295868e-03   4.6332321e-03  -2.6037635e-02   2.0642520e-04
  -2.9744247e-03  -2.6169857e-04  -3.5291222e-02   3.5655308e-04
   1.7333622e-03  -2.1005746e-03  -3.6074535e-02  -6.4930371e-04
  -5.8905539e-03  -3.9132344e-03  -3.0366470e-02  -2.8111452e-03
  -2.3278630e-02  -5.1079421e-03  -2.7533050e-02  -3.7644572e-03
  -1.9406700e-02  -2.1230456e-03  -2.8646179e-02  -3.4792143e-03
  -1.6775344e-03  -2.0781036e-03  -2.6873418e-02  -3.5918102e-03
   1.2086089e-03  -3.2162121e-04  -2.6374947e-02  -2.4771107e-03
   3.5774953e-03   2.2517288e-04  -1.2354019e-02  -4.7703140e-03
  -1.6737861e-03  -9.8451542e-04  -5.8626406e-03  -5.7498984e-03
  -8.0345460e-03  -1.5200740e-03  -1.6349290e-02  -2.7998856e-03
  -8.9415264e-04  -2.9245109e-03  -1.9167718e-02  -1.5050326e-03
  -2.6819689e-04  -2.7409978e-03  -2.2199776e-02  -3.5655435e-04
  -3.6828417e-03  -1.5762515e-03  -1.9996005e-02   3.4904669e-04
  -6.2428883e-03  -1.0631639e-03  -1.4917589e-02  -7.9943159e-04
   2.1868990e-03   5.6640455e-05  -8.8422282e-03  -1.9554163e-03
   9.6009138e-03   6.7833784e-04   1.0522515e-03  -2.7773664e-03
   3.2101680e-03   7.0829916e-04   5.4860279e-03  -3.0363370e-03
  -2.3034901e-03   1.2251319e-03   1.3783898e-02  -2.9575199e-03
  -3.4729404e-03  -5.1636979e-04   2.3198646e-02  -4.2636324e-03
   1.1448888e-03  -1.7784904e-03   2.3487235e-02  -4.0722194e-03
   1.9957389e-03  -1.1979898e-03   1.7419370e-02  -1.6514073e-03
   5.9463817e-03  -5.3509562e-04   1.5279314e-02  -1.8615863e-03
   8.4801906e-03   2.9258585e-04   9.4063407e-03  -2.8524360e-04
   1.8008305e-03  -7.2235387e-04   3.6607962e-03   2.1806068e-03
   5.6277815e-03  -2.0369068e-03   1.4735867e-02  -1.1147001e-03
   4.2034510e-03  -2.0219261e-03   1.6070123e-02  -1.3511516e-03
  -4.4737199e-03  -1.5949773e-03   1.3131762e-02   7.1310111e-05
   1.5910224e-04  -1.3103448e-03   2.2291652e-02  -2.5446682e-03
   8.1091150e-03  -6.2123441e-04   2.6474318e-02  -3.4154099e-03
   6.1562830e-03   5.0606025e-04   2.3951976e-02  -3.7644572e-03
  -1.4788778e-03   7.9443796e-04   1.4630926e-02  -2.6647705e-03
  -2.8309662e-05   3.7497948e-04   1.0474495e-02  -1.5125390e-03
   4.1847099e-03  -6.5119573e-04   1.2269743e-02  -3.7719636e-03
  -9.1664207e-04  -8.4968948e-04  -4.5885793e-05  -2.0680122e-03
  -2.9744247e-03   1.0158243e-04  -1.3751989e-02   1.2160352e-03
   3.0002666e-03   2.8884068e-04  -1.3062374e-02  -6.3053773e-04
   4.6869737e-03   8.2856610e-05  -1.4194242e-02  -1.2648280e-03
  -2.0860923e-03  -3.0664055e-04  -2.0483234e-02  -4.2035870e-04
  -6.2541330e-03  -8.9837662e-04  -1.9388844e-02  -1.6176285e-03
  -4.5899153e-03  -1.3028544e-03  -1.4370394e-02  -2.8524304e-03
  -5.1521510e-03  -1.9282970e-03  -1.1068486e-02  -4.1885685e-03
  -7.0450112e-03  -2.1717327e-03  -1.2428977e-02  -3.7269253e-03
  -7.8883647e-03  -1.7110774e-03  -1.4673975e-02  -2.2594252e-03
  -4.0126867e-03  -1.7298032e-03  -9.3069689e-03  -3.1639457e-03
   1.4897267e-03  -2.1342811e-03  -5.0343527e-03  -3.4679547e-03
   1.9994871e-03  -2.0144358e-03  -8.3175210e-03  -2.1693485e-03
   1.0661758e-03  -1.0893800e-03  -1.3133584e-02  -9.9835103e-04
  -1.7749886e-03  -4.2274067e-04  -1.5513506e-02   4.2411063e-04
   1.1074065e-03  -3.1787605e-04  -8.8309845e-03  -7.1686126e-04
   5.8526758e-03  -4.9015364e-04  -1.5375536e-03  -2.8111452e-03
   9.1633954e-05  -5.0513430e-04  -5.8513968e-03  -1.6776797e-03
  -4.6873695e-03   2.2142771e-04  -6.6384577e-03  -1.3023600e-03
  -1.7824850e-03  -7.4440320e-05   2.2815657e-03  -3.3928907e-03
   1.1336441e-03  -6.3996024e-04   7.8397147e-03  -4.2110877e-03
  -1.9586522e-03  -8.5343464e-04   5.7896085e-03  -3.3290864e-03
  -3.5254157e-03  -8.3096365e-04   3.1660722e-03  -2.1055441e-03
   2.5204922e-03  -6.4370540e-04   7.4349406e-03  -2.1243101e-03
   6.7784905e-03  -1.2691480e-03   9.2526764e-03  -2.8974687e-03
   2.9815255e-03  -1.0743994e-03   1.2651802e-04  -7.8066561e-04
  -4.7050852e-05  -9.0212179e-04  -3.4827183e-03   7.3562598e-04
   1.0399382e-03  -1.7372936e-03   2.9861726e-03  -6.8683568e-04
   6.6886261e-04  -1.9844745e-03   8.0683372e-03  -1.5162922e-03
   2.8840713e-03  -1.4676417e-03   1.0804311e-02  -2.6685237e-03
   3.0977208e-03  -8.7965080e-04   7.8322189e-03  -2.7848728e-03
  -3.0567927e-04  -1.9803077e-04   4.0993016e-03  -2.0192206e-03
  -6.0553831e-04   1.6899540e-04   6.3218116e-03  -2.6685237e-03
   7.2892764e-05  -3.4034704e-04   7.7610087e-03  -2.8449240e-03
   3.8399652e-04  -8.0849266e-04   5.7034066e-03  -2.7023025e-03
   5.4244800e-06  -7.7478618e-04   1.9030269e-03  -1.9253907e-03
   1.1861194e-03  -5.6505694e-04  -2.2203752e-04  -8.1819758e-04
   3.2701398e-03  -5.9459660e-05  -2.4077706e-04  -7.9567840e-04
   3.0527420e-03  -1.4934362e-04  -2.6581784e-03  -8.9701471e-04
   1.7558516e-03  -6.8864738e-04  -5.0231089e-03  -1.0246234e-03
   8.4128155e-04  -5.3884078e-04  -3.1866335e-03  -1.5725902e-03
  -1.3700856e-04  -6.3246991e-04  -1.4213684e-03  -2.3757743e-03
  -1.6025696e-03  -7.8602167e-04  -2.2534042e-03  -2.7623536e-03
  -2.5283844e-03  -8.6841530e-04  -2.8568175e-03  -2.7661068e-03
  -2.6333351e-03  -9.4706377e-04  -2.4033206e-03  -3.0475966e-03
  -2.2397701e-03  -6.1748925e-04  -1.6012680e-03  -3.2502692e-03
  -1.4788778e-03  -5.8378276e-04  -2.3058749e-03  -2.8749495e-03
   3.9158622e-05  -8.9463146e-04  -4.0936275e-03  -2.0567526e-03
   1.1861194e-03  -1.2092253e-03  -4.5471245e-03  -1.7302244e-03
   9.2749103e-04  -1.0781445e-03  -4.6258306e-03  -1.8052884e-03
   7.3258265e-04  -9.2084761e-04  -5.3341854e-03  -1.5500710e-03
   4.3647185e-04  -1.0781445e-03  -6.5372642e-03  -1.4937730e-03
  -4.8934294e-04  -1.1567930e-03  -6.4735497e-03  -1.7527436e-03
  -9.5037621e-04  -1.0294574e-03  -4.3897123e-03  -2.3232296e-03
  -1.9661487e-03  -8.1598299e-04  -2.7368845e-03  -2.7811196e-03
  -2.2435183e-03  -9.4331860e-04  -1.0653170e-03  -2.9162347e-03
  -6.2802774e-04  -9.9575091e-04   2.5394693e-04  -3.4266695e-03
  -7.9295021e-04  -8.9463146e-04  -4.6565160e-04  -3.1526861e-03
  -1.5013672e-03  -9.0961212e-04  -1.6424950e-03  -2.3157232e-03
  -4.8934294e-04  -6.5119573e-04  -2.2496563e-03  -2.2406592e-03
   9.9870755e-04  -6.7366672e-04  -2.0884962e-03  -2.0717654e-03
   1.7446069e-03  -7.6355068e-04  -2.0585129e-03  -1.7414840e-03
   9.6872165e-04  -6.3621507e-04  -2.5719765e-03  -1.4337219e-03
   7.6631679e-04  -8.6467014e-04  -1.4401079e-03  -1.5876030e-03
   1.0661758e-03  -7.4857002e-04   9.9228500e-04  -2.1055441e-03
   3.8774476e-04  -7.6729585e-04   2.3452801e-03  -2.0492462e-03
  -2.7944161e-04  -8.2347332e-04   3.4396696e-03  -2.3307360e-03
  -5.9054536e-04  -4.2648583e-04   4.6165130e-03  -2.5859534e-03
   8.0389240e-05  -6.3996024e-04   5.0587663e-03  -2.7248217e-03
   8.1129565e-04  -7.2609903e-04   3.8781749e-03  -2.7998856e-03
   3.4651414e-04  -3.9277935e-04   8.7984773e-04  -2.0117142e-03
   2.9403881e-04  -5.9127309e-04  -7.2121156e-05  -1.6363945e-03
   1.1149029e-03  -9.5829926e-04   1.1571930e-03  -1.8127948e-03
   1.4822303e-03  -9.9575091e-04   8.5736028e-04  -1.5725902e-03
   7.3258265e-04  -8.9837662e-04  -4.9938278e-04  -1.0921810e-03
   2.8279409e-04  -5.6880210e-04  -6.0807214e-04  -1.3061132e-03
   1.1711265e-03  -3.9277935e-04   1.1684367e-03  -1.6063689e-03
   1.1598818e-03  -5.5756661e-04   2.5214319e-03  -2.1205569e-03
  -2.6070042e-04  -6.0999892e-04   2.1916159e-03  -2.5897066e-03
  -8.0419493e-04  -7.8227651e-04   2.1953638e-03  -2.3194764e-03
  -6.1678303e-04  -6.3246991e-04   2.4614653e-03  -2.6460045e-03
  -5.7930065e-04  -3.5158253e-04   1.7118835e-03  -2.3457488e-03
  -2.6444866e-04  -5.7629243e-04   1.6774502e-04  -2.0492462e-03
   1.7784343e-04  -5.3884078e-04  -9.4913186e-04  -2.0079610e-03
   6.9144526e-05  -5.3884078e-04  -8.7792159e-04  -1.8127948e-03
  -3.4316165e-04  -8.7590563e-04  -1.2602083e-03  -2.0379866e-03
  -4.9309117e-04  -8.8339596e-04  -2.4445476e-03  -1.2498152e-03
  -3.9554376e-05  -7.4857002e-04  -2.3733373e-03  -1.4599943e-03
   3.1278000e-04  -7.5231519e-04  -1.3763935e-03  -2.1055441e-03
  -7.7420902e-04  -8.5717981e-04  -1.0278380e-03  -2.1055441e-03
  -1.6475485e-03  -8.6467014e-04  -1.0278380e-03  -2.5972130e-03
  -1.3589342e-03  -9.0961212e-04  -8.7417368e-04  -2.3044636e-03
  -1.0890610e-03  -9.6204443e-04  -6.5679496e-04  -2.4057999e-03
  -1.1377881e-03  -8.1223783e-04  -8.1045923e-04  -2.4208127e-03
  -1.2689764e-03  -9.1710245e-04  -1.6424950e-03  -1.8315608e-03
  -4.5186056e-04  -9.7327992e-04  -2.2871354e-03  -2.0605058e-03
   4.5521304e-04  -9.0212179e-04  -2.2946312e-03  -1.9253907e-03
   8.7885716e-05  -1.1605382e-03  -2.1334711e-03  -1.7377308e-03
  -1.8948390e-04  -1.3215803e-03  -1.6237555e-03  -1.7977820e-03
  -1.4075680e-04  -1.0631639e-03  -1.0915524e-03  -1.8052884e-03
  -2.0447685e-04  -1.1118510e-03  -5.1062651e-04  -1.9779355e-03
  -3.8814051e-04  -1.2654028e-03   3.4764465e-04  -1.9591695e-03
  -1.0178445e-03  -9.7327992e-04   8.0863746e-04  -2.4395787e-03
  -8.4542555e-04  -9.3208311e-04   1.4195466e-03  -2.5822002e-03
  -4.9683941e-04  -8.9837662e-04   1.4795132e-03  -2.1993741e-03
  -5.1932884e-04  -1.0706542e-03   1.1496972e-03  -2.2706848e-03
  -3.3566518e-04  -1.0257122e-03   1.1834284e-03  -2.1918677e-03
  -2.0822509e-04  -6.1374408e-04   7.1868764e-04  -1.7602500e-03
   3.0153528e-04  -9.1710245e-04   4.3759447e-04  -1.4412283e-03
   5.0768837e-04  -9.1710245e-04   4.1135910e-04  -1.4074495e-03
   3.4651414e-04  -7.9351200e-04   6.4747737e-04  -1.4449815e-03
   9.5382192e-05  -7.4107969e-04   8.9109146e-04  -1.4825134e-03
   9.9130430e-05  -6.1748925e-04   1.0822348e-03  -1.6401477e-03
  -1.7064948e-05  -7.3733453e-04   1.4907569e-03  -1.9741823e-03
  -6.0179008e-04  -4.7142781e-04   1.9742372e-03  -2.0379866e-03
  -6.8425131e-04  -4.6393748e-04   2.2478345e-03  -2.1280633e-03
  -7.2173369e-04  -6.7741189e-04   1.5282360e-03  -2.2181401e-03
  -5.0808413e-04  -8.2347332e-04   9.1732682e-04  -1.9253907e-03
  -1.5200152e-04  -8.8339596e-04   4.9381310e-04  -1.8728459e-03
   1.5535400e-04  -7.3733453e-04  -1.5082725e-04  -1.9103779e-03
   1.5535400e-04  -7.5980552e-04  -2.5202079e-04  -1.7414840e-03
  -2.7944161e-04  -7.4107969e-04  -2.1454170e-04  -1.4599943e-03
  -3.0193104e-04  -7.5606035e-04  -2.5202079e-04  -1.7715096e-03
  -4.3686760e-04  -9.5829926e-04  -3.6445806e-04  -2.0567526e-03
  -7.4047488e-04  -1.0556735e-03  -2.7450824e-04  -1.9629227e-03
  -7.7420902e-04  -9.3582827e-04   1.4080751e-05  -2.2068805e-03
  -6.5426541e-04  -1.0594187e-03  -9.4608610e-05  -2.0379866e-03
  -5.9804184e-04  -9.3582827e-04  -2.3702915e-04  -2.1693485e-03
  -6.5426541e-04  -7.5980552e-04  -2.4077706e-04  -2.3044636e-03
  -7.1423722e-04  -9.4706377e-04  -3.6445806e-04  -1.8765991e-03
  -5.8679712e-04  -7.4107969e-04  -5.4810560e-04  -2.0042078e-03
  -4.6310527e-04  -8.9837662e-04  -1.0090984e-03  -1.9479099e-03
  -2.9818280e-04  -8.9088629e-04  -1.2414688e-03  -1.8615863e-03
   6.1648050e-05  -7.5231519e-04  -1.0465775e-03  -2.1655953e-03
   2.6405290e-04  -9.1710245e-04  -8.8166950e-04  -1.9479099e-03
   7.6641002e-05  -6.0999892e-04  -4.6565160e-04  -1.9929482e-03
