  -3.7314756e-04  -7.8602167e-04  -2.6701242e-04  -2.1205569e-03
  -1.1077090e-04  -1.1268317e-03  -2.7450824e-04  -2.1280633e-03
  -1.7074271e-04  -7.8227651e-04   1.4080751e-05  -2.1543357e-03
  -1.5949799e-04  -7.4482486e-04   1.0777848e-04  -1.7039521e-03
  -9.9526184e-05  -9.9949608e-04  -1.6956679e-04  -1.6926925e-03
  -2.9818280e-04  -8.2347332e-04  -1.8455843e-04  -2.0079610e-03
   9.9130430e-05  -5.3135045e-04  -1.3583561e-04  -1.7414840e-03
   5.4244800e-06  -6.1748925e-04  -1.5457515e-04  -1.9366503e-03
  -2.6070042e-04  -6.1374408e-04  -1.6207097e-04  -1.8203012e-03
  -1.0327442e-04  -8.1972816e-04  -1.7706261e-04  -1.8052884e-03
  -1.6324623e-04  -8.5717981e-04  -1.8455843e-04  -1.9103779e-03
  -2.2321804e-04  -6.7741189e-04  -1.5082725e-04  -1.7640032e-03
  -4.7060175e-04  -9.5080893e-04  -2.2203752e-04  -1.8765991e-03
  -8.8281470e-05  -6.6992156e-04  -1.9580215e-04  -1.9404035e-03
   8.7885716e-05  -6.2497958e-04  -2.8200406e-04  -1.9066247e-03
  -1.5200152e-04  -9.1710245e-04  -1.6581888e-04  -1.8090416e-03
   2.0417432e-05  -6.7366672e-04  -1.0585234e-04  -2.2143869e-03
  -2.0813186e-05  -6.3246991e-04  -3.1198733e-04  -2.1055441e-03
   3.9158622e-05  -6.9613771e-04  -3.2323106e-04  -2.0192206e-03
  -6.5792042e-05  -8.7590563e-04  -1.7331470e-04  -2.0605058e-03
  -3.5065813e-04  -9.8077025e-04  -9.1088500e-07  -1.8278076e-03
  -3.2442046e-04  -6.8490222e-04  -1.6956679e-04  -2.2369060e-03
  -3.9938522e-04  -6.7366672e-04  -2.1454170e-04  -2.0980378e-03
  -2.5695218e-04  -6.1748925e-04  -1.2833979e-04  -2.0642590e-03
  -2.0719960e-06  -5.7254727e-04  -1.7706261e-04  -2.2031273e-03
  -1.3700856e-04  -8.3470882e-04  -2.0704588e-04  -1.9441567e-03
  -1.8573566e-04  -6.4370540e-04  -1.0960025e-04  -1.9967014e-03
  -2.1197332e-04  -6.6617639e-04  -7.5869065e-05  -2.0529994e-03
   3.5410384e-05  -7.4482486e-04  -2.4827288e-04  -2.0154674e-03
  -7.3288518e-05  -6.3621507e-04  -2.3328124e-04  -2.0980378e-03
  -4.2562289e-04  -8.7965080e-04  -1.2084397e-04  -2.2856976e-03
  -7.7036756e-05  -7.8602167e-04  -1.5082725e-04  -2.2068805e-03
  -1.0327442e-04  -7.3733453e-04  -3.9444133e-04  -2.0605058e-03
  -9.5777946e-05  -8.0474750e-04  -2.5576870e-04  -2.2519188e-03
  -1.1451914e-04  -7.1111837e-04  -9.0860701e-05  -2.3945403e-03
  -2.9068632e-04  -7.6729585e-04  -2.2203752e-04  -2.1243101e-03
   8.7885716e-05  -9.2833794e-04  -6.4625338e-05  -2.1092973e-03
   9.9130430e-05  -6.9239255e-04  -1.4707934e-04  -2.3007104e-03
  -1.3316710e-05  -5.9501826e-04  -2.7076033e-04  -2.1505825e-03
   9.1633954e-05  -9.5080893e-04  -1.6207097e-04  -2.1168037e-03
  -2.0719960e-06  -7.8602167e-04  -4.5885793e-05  -2.1468293e-03
   5.7899812e-05  -7.2235387e-04  -4.2137884e-05  -2.1130505e-03
   5.4244800e-06  -5.4633111e-04  -1.5902521e-05  -1.9028715e-03
  -1.7823918e-04  -7.1486354e-04   1.4080751e-05  -1.8878587e-03
  -2.0719960e-06  -8.9837662e-04  -1.6956679e-04  -1.9666759e-03
   5.4151574e-05  -3.5158253e-04   7.4047295e-05  -1.7902756e-03
   1.3286457e-04  -6.8864738e-04   2.5324478e-05  -2.1017910e-03
   8.7885716e-05  -7.8976684e-04  -2.2203752e-04  -1.9066247e-03
  -2.8309662e-05  -5.0513430e-04   1.4080751e-05  -1.6138753e-03
   1.6669194e-05  -6.5494090e-04  -1.8081052e-04  -1.9891950e-03
  -2.4945570e-04  -6.5868606e-04  -2.3328124e-04  -1.8240544e-03
  -2.2321804e-04  -7.2235387e-04  -4.9633702e-05  -1.8690927e-03
  -1.9698037e-04  -7.2609903e-04  -1.9580215e-04  -1.9366503e-03
  -1.7449094e-04  -6.8490222e-04  -2.0329797e-04  -1.8015352e-03
  -3.9554376e-05  -7.6355068e-04  -9.4608610e-05  -1.9404035e-03
  -2.1197332e-04  -9.3957344e-04  -9.1088500e-07  -1.8578331e-03
  -9.5777946e-05  -8.3470882e-04  -1.9650430e-05  -2.0755186e-03
   5.4244800e-06  -5.6131177e-04  -1.8455843e-04  -2.0642590e-03
  -1.8948390e-04  -5.9876342e-04  -2.3702915e-04  -1.9441567e-03
  -2.6819689e-04  -6.9239255e-04  -2.2203752e-04  -2.1768549e-03
  -1.2576385e-04  -9.7327992e-04  -1.4707934e-04  -2.0229738e-03
  -6.2043804e-05  -9.8826058e-04  -1.1709606e-04  -1.9404035e-03
  -1.9698037e-04  -7.3358936e-04  -2.2203752e-04  -1.9441567e-03
  -2.0822509e-04  -7.4482486e-04  -6.0877429e-05  -1.9253907e-03
  -1.6324623e-04  -7.7478618e-04  -8.7112792e-05  -1.9066247e-03
  -1.8573566e-04  -7.5980552e-04  -4.3566833e-04  -1.8728459e-03
  -1.2951209e-04  -6.2497958e-04  -3.7195388e-04  -2.1918677e-03
  -5.8202340e-06  -8.4968948e-04  -2.7825615e-04  -2.0980378e-03
  -1.8948390e-04  -8.9463146e-04  -2.2953333e-04  -1.9629227e-03
  -2.7569337e-04  -6.8490222e-04  -6.8373247e-05  -2.1655953e-03
  -2.6444866e-04  -9.7702509e-04  -1.5082725e-04  -1.9854418e-03
  -3.2067223e-04  -8.4594431e-04  -5.7129520e-05  -2.0042078e-03
  -2.0822509e-04  -9.7327992e-04  -1.1709606e-04  -2.3269828e-03
  -3.0567927e-04  -1.0968704e-03  -3.2323106e-04  -2.1655953e-03
  -2.0822509e-04  -7.1486354e-04  -1.4707934e-04  -1.9591695e-03
  -2.8693808e-04  -9.0586695e-04  -2.5202079e-04  -2.3382424e-03
  -2.9443456e-04  -9.0961212e-04  -3.4197060e-04  -2.1806081e-03
  -5.4547328e-05  -8.6092497e-04  -3.4197060e-04  -1.9441567e-03
  -3.3941342e-04  -8.7216047e-04  -2.2578543e-04  -2.1843613e-03
  -2.9818280e-04  -7.2235387e-04  -2.1828961e-04  -2.1468293e-03
  -2.2321804e-04  -9.1335728e-04  -4.6565160e-04  -2.1055441e-03
  -2.7194513e-04  -1.0182219e-03  -3.2697897e-04  -2.0417398e-03
  -1.6324623e-04  -9.8077025e-04  -3.7195388e-04  -2.2218933e-03
  -3.0567927e-04  -7.4107969e-04  -2.9324779e-04  -2.0079610e-03
  -1.0702266e-04  -6.2872474e-04  -1.5457515e-04  -1.8991183e-03
  -5.4547328e-05  -9.1710245e-04  -2.4077706e-04  -2.1130505e-03
  -2.7944161e-04  -7.6729585e-04  -9.0860701e-05  -1.8390672e-03
  -3.5806138e-05  -5.8378276e-04  -2.0329797e-04  -1.8728459e-03
  -6.9540280e-05  -7.6729585e-04  -1.6581888e-04  -1.8127948e-03
  -1.4450504e-04  -7.8227651e-04   6.2803568e-05  -1.8015352e-03
  -1.0702266e-04  -6.6617639e-04  -2.6701242e-04  -1.9066247e-03
  -3.0193104e-04  -6.9988288e-04  -5.6309724e-04  -1.8503268e-03
  -1.9698037e-04  -9.5455410e-04  -2.8200406e-04  -1.9929482e-03
  -6.2043804e-05  -9.2833794e-04  -2.4077706e-04  -2.0867782e-03
   1.6762420e-06  -6.7366672e-04  -3.5696224e-04  -2.0529994e-03
   4.6655098e-05  -6.8115705e-04  -3.0894157e-05  -1.7527436e-03
   4.2906860e-05  -6.8864738e-04  -4.9633702e-05  -1.7227181e-03
   9.1727180e-06  -6.9613771e-04  -1.5832306e-04  -1.9103779e-03
  -1.5949799e-04  -9.5455410e-04  -9.8356519e-05  -1.8390672e-03
  -2.3821099e-04  -9.7327992e-04  -1.3958352e-04  -1.9554163e-03
  -2.9443456e-04  -9.3582827e-04  -1.1709606e-04  -2.1355697e-03
  -2.3446275e-04  -8.2347332e-04  -2.0329797e-04  -2.0942846e-03
  -1.4825328e-04  -6.0250859e-04  -1.5832306e-04  -2.1956209e-03
  -1.7449094e-04  -9.3582827e-04  -2.8575197e-04  -1.9854418e-03
  -1.1077090e-04  -9.1335728e-04  -3.1573524e-04  -1.8052884e-03
  -2.0719960e-06  -7.8227651e-04  -7.2121156e-05  -2.0755186e-03
  -1.0327442e-04  -9.2459278e-04  -1.6956679e-04  -2.0379866e-03
  -2.3821099e-04  -7.3733453e-04  -1.9205424e-04  -2.2068805e-03
   6.1648050e-05  -8.2347332e-04  -1.1709606e-04  -2.0454930e-03
  -1.9698037e-04  -8.6092497e-04  -9.8356519e-05  -1.9479099e-03
  -4.2187465e-04  -8.2347332e-04  -1.0960025e-04  -2.3232296e-03
   1.6669194e-05  -8.5343464e-04  -1.2459188e-04  -2.1168037e-03
  -1.7449094e-04  -6.3621507e-04  -1.2459188e-04  -2.0192206e-03
  -3.3566518e-04  -6.4745057e-04  -2.4077706e-04  -2.2218933e-03
  -7.7036756e-05  -7.1486354e-04  -9.4608610e-05  -2.3907871e-03
   5.4151574e-05  -8.8714113e-04  -1.3208770e-04  -2.3607615e-03
  -1.0327442e-04  -9.2459278e-04  -3.1948315e-04  -2.2744380e-03
  -9.5777946e-05  -5.7254727e-04  -7.2121156e-05  -2.2856976e-03
   3.5410384e-05  -7.0362804e-04  -2.0704588e-04  -2.1355697e-03
  -1.1451914e-04  -7.9725717e-04  -1.9580215e-04  -2.0117142e-03
  -2.3821099e-04  -6.8115705e-04  -3.4642066e-05  -2.0755186e-03
  -2.0822509e-04  -7.7104101e-04  -3.0449151e-04  -2.2669316e-03
   8.0389240e-05  -6.8490222e-04  -1.6956679e-04  -2.2631784e-03
   9.5382192e-05  -6.9613771e-04  -1.6956679e-04  -2.0079610e-03
   9.9130430e-05  -6.2497958e-04  -2.7825615e-04  -1.8953651e-03
   5.4151574e-05  -6.8490222e-04  -1.5082725e-04  -2.0117142e-03
  -3.0942751e-04  -8.4968948e-04   1.7828660e-05  -2.0867782e-03
   1.6762420e-06  -7.5606035e-04   1.4525757e-04  -1.8841055e-03
   1.6762420e-06  -7.9351200e-04  -1.2084397e-04  -1.8765991e-03
  -8.8281470e-05  -6.2497958e-04   1.7524084e-04  -2.0229738e-03
   3.3152119e-04  -5.5007628e-04   2.3520738e-04  -1.9929482e-03
   5.4244800e-06  -5.6880210e-04  -3.3072688e-04  -2.0304802e-03
  -3.2057900e-05  -6.1748925e-04  -9.0860701e-05  -1.7752628e-03
   2.4156347e-04  -7.7853134e-04   8.5291022e-05  -1.7077053e-03
   1.1412338e-04  -7.6355068e-04  -2.3398339e-05  -2.0042078e-03
  -1.4825328e-04  -7.2609903e-04   1.0332842e-05  -1.8578331e-03
  -1.6324623e-04  -7.2984420e-04  -4.5885793e-05  -1.9103779e-03
   6.1648050e-05  -8.1223783e-04  -1.8455843e-04  -2.1205569e-03
  -1.0702266e-04  -8.0100233e-04  -2.0329797e-04  -1.8540799e-03
   1.2920956e-05  -8.4968948e-04  -2.1828961e-04  -1.7940288e-03
   5.7899812e-05  -7.3358936e-04  -4.1318088e-04  -1.8841055e-03
  -5.8202340e-06  -6.3246991e-04  -1.6207097e-04  -1.8953651e-03
  -5.0799090e-05  -9.2833794e-04  -1.5082725e-04  -1.9929482e-03
  -3.0942751e-04  -8.8339596e-04  -1.6956679e-04  -1.9741823e-03
  -3.2442046e-04  -6.1748925e-04  -3.0894157e-05  -2.0417398e-03
  -2.4945570e-04  -7.0737321e-04  -1.3208770e-04  -2.0755186e-03
  -9.5777946e-05  -8.3845398e-04   4.4064023e-05  -2.0717654e-03
  -1.2951209e-04  -9.1335728e-04  -2.6701242e-04  -2.0905314e-03
   6.1648050e-05  -9.5080893e-04  -9.8356519e-05  -2.0792718e-03
  -1.2201561e-04  -8.4594431e-04  -1.7706261e-04  -2.1993741e-03
  -3.1317575e-04  -9.2084761e-04  -5.2561815e-04  -2.0042078e-03
  -8.4533232e-05  -8.8714113e-04  -1.5902521e-05  -2.0792718e-03
  -3.2442046e-04  -8.2347332e-04  -3.4571851e-04  -2.3532552e-03
  -1.7449094e-04  -8.6841530e-04  -2.7076033e-04  -1.9629227e-03
  -1.2201561e-04  -7.7104101e-04  -1.6581888e-04  -2.0642590e-03
  -3.2067223e-04  -6.9988288e-04  -5.0687860e-04  -2.0267270e-03
  -3.3191694e-04  -8.4219915e-04  -2.8200406e-04  -1.8841055e-03
  -2.6444866e-04  -1.0893800e-03  -2.1454170e-04  -2.3007104e-03
  -2.7569337e-04  -8.7216047e-04  -3.4571851e-04  -2.1280633e-03
  -4.2562289e-04  -7.7104101e-04  -4.0193715e-04  -2.0792718e-03
  -1.4075680e-04  -1.1418123e-03  -3.0823942e-04  -1.9854418e-03
  -1.9323213e-04  -1.0332026e-03  -4.9563487e-04  -2.0417398e-03
  -2.3071451e-04  -8.3845398e-04  -2.2203752e-04  -2.4020467e-03
   9.1727180e-06  -1.0481832e-03  -1.5832306e-04  -2.1918677e-03
  -3.1692399e-04  -8.5717981e-04  -3.7570179e-04  -2.0229738e-03
  -3.0567927e-04  -8.8339596e-04  -7.2121156e-05  -1.9516631e-03
  -8.8281470e-05  -9.9575091e-04  -2.3702915e-04  -1.9891950e-03
  -2.0447685e-04  -5.9127309e-04  -1.9205424e-04  -1.8803523e-03
  -1.3700856e-04  -7.2984420e-04  -1.5082725e-04  -1.9479099e-03
  -1.3316710e-05  -8.6467014e-04  -2.4077706e-04  -2.0830250e-03
  -2.0072861e-04  -7.7104101e-04  -1.8081052e-04  -1.9141311e-03
  -1.9698037e-04  -8.4594431e-04  -4.2137884e-05  -1.9441567e-03
  -5.0799090e-05  -9.0961212e-04   4.4064023e-05  -2.0492462e-03
  -2.6444866e-04  -9.3957344e-04  -2.2203752e-04  -2.0792718e-03
  -1.3326033e-04  -7.7478618e-04  -9.4608610e-05  -1.8578331e-03
  -3.5806138e-05  -7.8227651e-04   7.4047295e-05  -1.9704291e-03
  -3.3191694e-04  -8.4219915e-04  -3.4642066e-05  -2.0117142e-03
  -2.1572156e-04  -7.3358936e-04  -1.9205424e-04  -2.0192206e-03
  -1.4075680e-04  -7.7853134e-04  -1.3208770e-04  -2.0717654e-03
  -3.3941342e-04  -8.7965080e-04  -2.3702915e-04  -1.9741823e-03
  -1.3326033e-04  -8.3096365e-04  -3.2323106e-04  -2.2031273e-03
  -7.3288518e-05  -7.1111837e-04  -2.2203752e-04  -1.9741823e-03
  -2.2696628e-04  -6.7366672e-04  -2.5202079e-04  -1.9929482e-03
  -2.0719960e-06  -9.2084761e-04   2.1576569e-05  -2.1243101e-03
  -1.2576385e-04  -9.3208311e-04  -1.0585234e-04  -2.0004546e-03
  -2.3446275e-04  -6.8115705e-04  -2.4452497e-04  -2.0379866e-03
  -2.2321804e-04  -6.9239255e-04  -3.4571851e-04  -2.0192206e-03
  -2.0072861e-04  -6.9988288e-04  -3.4571851e-04  -2.0905314e-03
  -2.4561424e-05  -7.8602167e-04   1.7828660e-05  -1.9704291e-03
  -1.7074271e-04  -9.1335728e-04  -3.2323106e-04  -2.0492462e-03
  -2.4561424e-05  -9.9575091e-04  -4.3941624e-04  -2.0717654e-03
  -2.4570747e-04  -8.6092497e-04  -2.6326452e-04  -2.0192206e-03
  -3.0567927e-04  -6.5494090e-04  -2.9324779e-04  -2.2519188e-03
  -2.5320394e-04  -8.8339596e-04  -3.1948315e-04  -2.2444124e-03
  -1.8198742e-04  -8.3096365e-04  -3.7944969e-04  -2.0605058e-03
   1.8908814e-04  -7.6355068e-04  -1.0585234e-04  -2.1130505e-03
  -3.5440637e-04  -8.7216047e-04  -2.3702915e-04  -2.3307360e-03
   1.6285048e-04  -8.7965080e-04  -1.8081052e-04  -2.0117142e-03
  -5.3432179e-04  -9.2084761e-04  -9.1088500e-07  -2.0529994e-03
   2.7913908e-05  -7.8976684e-04  -1.6581888e-04  -2.5146426e-03
  -2.9818280e-04  -7.4482486e-04  -1.9205424e-04  -2.2293996e-03
  -6.6176188e-04  -6.1374408e-04  -4.5885793e-05  -2.2856976e-03
   1.0137005e-03  -1.0594187e-03   1.5650129e-04  -2.2369060e-03
  -2.5508738e-03  -5.9127309e-04  -3.2697897e-04  -2.1243101e-03
   9.6196550e-03   1.2513481e-03   1.7149293e-04  -2.1806081e-03
   2.0928089e-02   3.9815734e-03  -8.8916532e-04  -7.8441880e-04
   5.8114451e-03   2.8917304e-03   9.2786840e-05  -7.9192520e-04
  -8.7617042e-03  -2.6623493e-03   7.3487387e-03  -3.1226605e-03
  -1.3863056e-02  -4.2577896e-03   1.0410780e-02  -4.4850710e-03
  -8.6042782e-03  -4.5686383e-03   6.8577626e-03  -4.3499560e-03
   3.6936907e-03  -2.5425041e-03  -1.5038224e-03  -2.4170595e-03
   1.0298086e-02   9.4092105e-05  -6.0050611e-03  -1.2498152e-03
   6.3999185e-03  -3.3285671e-04  -5.7539512e-03  -2.0192206e-03
  -2.6220904e-03  -2.0926626e-04  -8.3550000e-03  -1.6326413e-03
  -5.5494642e-03  -2.4863266e-03  -5.2667230e-03  -2.2293996e-03
  -4.0201831e-03  -3.1230046e-03  -4.3897123e-03  -2.6872897e-03
  -3.9602113e-03  -1.1268317e-03  -9.5843142e-03  -1.0921810e-03
  -2.9444388e-03   2.8509552e-04  -1.0641225e-02  -1.1597385e-03
   2.0182283e-03   8.2439928e-04  -9.1083298e-03  -1.5237986e-03
   2.8803230e-03  -6.8864738e-04  -8.2275711e-03  -1.3173728e-03
  -4.6049083e-03  -2.1193004e-03  -7.2568627e-03  -1.6026158e-03
  -1.0290985e-02  -2.4076781e-03  -4.1835773e-03  -1.8240544e-03
  -7.7796658e-03  -1.3103448e-03  -1.5712848e-03  -2.4470851e-03
   7.8880622e-04  -9.3166145e-05  -1.7811677e-03  -2.6760301e-03
   6.1937654e-03   9.7837270e-05  -2.8942966e-03  -1.9066247e-03
   2.4680168e-03   1.0158243e-04  -6.7553451e-04  -1.6851861e-03
  -1.9698969e-03  -1.4934362e-04   4.0918057e-03  -2.5822002e-03
  -1.8799392e-03  -5.5756661e-04   6.2393576e-03  -2.6572641e-03
  -8.4533232e-05  -1.0069864e-03   4.2567137e-03  -1.7715096e-03
  -1.3326033e-04  -9.8826058e-04   4.3878906e-03  -1.4487347e-03
  -1.4451436e-03   3.5999882e-04   8.5105905e-03  -2.4095531e-03
  -1.4450504e-04   8.3937994e-04   8.8741376e-03  -2.9237411e-03
   2.3293320e-03  -2.2799209e-04   5.4747842e-03  -1.6326413e-03
   3.7799001e-03  -9.3208311e-04   4.8751187e-03  -1.3774239e-03
   4.4396833e-04  -1.4676417e-03   6.4754759e-03  -2.0229738e-03
  -5.4969889e-03  -1.3215803e-03   6.7340816e-03  -2.0379866e-03
  -4.6124047e-03  -9.2833794e-04   5.5909693e-03  -1.6926925e-03
   9.0874984e-04  -1.5762515e-03   6.1231724e-03  -1.6063689e-03
   2.1119342e-03  -2.1342811e-03   7.9409083e-03  -1.9666759e-03
  -2.4084408e-03  -1.6623903e-03   6.5017112e-03  -1.4637475e-03
  -2.8582294e-03  -7.2609903e-04   5.8795583e-03  -1.3736707e-03
   2.2318779e-03  -5.6880210e-04   5.9844998e-03  -1.4224623e-03
   2.8878195e-03  -9.2459278e-04   4.6652358e-03  -1.3999431e-03
  -8.3792907e-04  -7.2609903e-04   4.7889168e-03  -2.0642590e-03
  -4.6348942e-03  -4.3772133e-04   5.0062955e-03  -2.1055441e-03
  -2.1310712e-03  -2.9540506e-04   4.8114043e-03  -2.6722769e-03
   4.9081198e-03  -5.3509562e-04   2.5739026e-03  -2.7961324e-03
   3.9298297e-03  -9.1710245e-04  -7.3175314e-04  -1.7377308e-03
  -2.2810007e-03   8.2856610e-05  -1.8711175e-03  -1.3999431e-03
  -3.7465618e-03   1.5401474e-04  -1.7999072e-03  -1.6551605e-03
  -1.8198742e-04  -9.0212179e-04  -2.2683958e-03  -2.1092973e-03
   1.6471527e-03  -9.9575091e-04  -3.9999298e-03  -2.1205569e-03
  -6.1303479e-04  -1.2242060e-03  -4.6220827e-03  -1.9891950e-03
  -1.6700379e-03  -4.7142781e-04  -3.1191712e-03  -2.6572641e-03
  -4.4811232e-04   1.8772123e-04  -4.4534268e-03  -2.6572641e-03
   1.9095294e-03  -6.3621507e-04  -8.1151339e-03  -1.8278076e-03
   1.9282706e-03  -1.3178351e-03  -7.6803764e-03  -1.9028715e-03
  -2.1723018e-03  -1.9208067e-03  -4.2810230e-03  -2.4846170e-03
  -4.6723765e-03  -2.1080649e-03  -3.4414913e-03  -2.4996298e-03
  -2.3597137e-03  -1.4376804e-03  -6.4922893e-03  -1.6326413e-03
   2.7453865e-03  -9.2459278e-04  -7.8940072e-03  -1.0096106e-03
   4.2484299e-03  -3.9277935e-04  -4.5846036e-03  -1.9253907e-03
   6.8010732e-04   1.6899540e-04  -1.6012680e-03  -2.8449240e-03
  -1.7787368e-03  -3.1787605e-04  -1.1065440e-03  -2.8148984e-03
  -1.6138143e-03  -1.2579125e-03  -2.4033206e-03  -2.6760301e-03
  -4.1812641e-04  -1.9395325e-03  -3.3777769e-03  -2.1843613e-03
   3.0528352e-04  -1.5313095e-03  -2.6619263e-03  -2.0004546e-03
   4.6655098e-05  -3.8903418e-04  -3.4452393e-03  -1.9028715e-03
   6.6886261e-04  -4.0776001e-04  -4.6633097e-03  -1.4224623e-03
   9.3123927e-04  -9.3582827e-04  -3.9437112e-03  -1.7001989e-03
  -9.5037621e-04  -8.9463146e-04  -2.0510171e-03  -2.1918677e-03
  -2.7495304e-03  -6.1374408e-04  -3.9818924e-04  -2.7135621e-03
  -1.0740681e-03  -3.1413088e-04  -4.6190369e-04  -2.8486772e-03
   2.7791206e-03  -3.3285671e-04  -6.6429078e-04  -2.5371618e-03
   3.0489937e-03  -5.2011496e-04  -1.9955006e-04  -2.3682679e-03
  -5.1558060e-04  -4.2648583e-04   7.5241882e-04  -2.1280633e-03
  -2.4796573e-03  -8.3096365e-04   2.0491953e-03  -2.2594252e-03
  -1.1827670e-03  -1.3028544e-03   2.4014988e-03  -2.1205569e-03
   2.5280819e-04  -1.0069864e-03   2.0379516e-03  -1.7527436e-03
   5.3017780e-04  -9.3957344e-04   2.3115490e-03  -1.8841055e-03
   1.6659871e-04  -8.5343464e-04   2.6488608e-03  -1.9591695e-03
  -2.0813186e-05  -8.1223783e-04   2.3377843e-03  -2.1881145e-03
   2.4165670e-05  -1.1792640e-03   2.2665741e-03  -2.2369060e-03
  -1.6699447e-04  -1.1680285e-03   2.7538022e-03  -2.0567526e-03
  -5.0799090e-05  -9.0586695e-04   3.9756206e-03  -2.4583447e-03
   5.7899812e-05  -4.9764397e-04   3.5071319e-03  -2.3682679e-03
   1.1748747e-03  -8.5675815e-05   1.8543041e-03  -1.7865224e-03
   1.8720470e-03  -6.3204825e-05   2.4502216e-03  -1.5763434e-03
   9.1249808e-04  -4.2274067e-04   3.9268977e-03  -1.7564968e-03
  -8.4533232e-05  -5.4633111e-04   4.1517723e-03  -2.1843613e-03
  -3.3566518e-04  -9.1335728e-04   2.9974163e-03  -1.8127948e-03
   1.2460913e-03  -1.0631639e-03   2.4164904e-03  -1.5463178e-03
   1.7820893e-03  -4.9389880e-04   2.5064402e-03  -1.9591695e-03
   8.4877803e-04  -3.3285671e-04   2.0566912e-03  -1.9328971e-03
   8.5627451e-04  -2.2008010e-05   1.5020006e-03  -2.1017910e-03
   1.2198536e-03  -2.0177593e-04   9.2857055e-04  -2.2256465e-03
   1.2011124e-03  -6.0625375e-04   7.7795204e-05  -2.0229738e-03
   2.0408109e-04  -7.4107969e-04  -8.9291323e-04  -1.9066247e-03
  -4.5186056e-04  -1.0219671e-03  -1.7549323e-03  -1.8015352e-03
   3.9158622e-05  -9.9949608e-04  -2.6057076e-03  -2.1505825e-03
   5.7140842e-04  -1.1717737e-03  -3.4489872e-03  -2.0905314e-03
   1.8908814e-04  -1.2579125e-03  -4.2098127e-03  -1.7790160e-03
  -9.0914559e-04  -1.1380672e-03  -4.2547876e-03  -1.9704291e-03
  -1.1302916e-03  -9.0212179e-04  -4.0149214e-03  -2.0867782e-03
  -2.0719960e-06  -8.0100233e-04  -3.7600636e-03  -2.1543357e-03
   6.0889080e-04  -7.7853134e-04  -3.3477936e-03  -2.1017910e-03
  -3.1692399e-04  -6.0999892e-04  -3.5801640e-03  -1.9779355e-03
  -5.5681122e-04  -6.3996024e-04  -3.2241126e-03  -2.1017910e-03
   4.1023418e-04  -7.3358936e-04  -2.6619263e-03  -2.3495020e-03
   6.6136613e-04  -8.0100233e-04  -3.4227518e-03  -2.1843613e-03
  -6.5792042e-05  -7.2984420e-04  -4.0111735e-03  -1.9779355e-03
  -1.2652282e-03  -6.6243123e-04  -4.1835773e-03  -2.1355697e-03
  -1.4076612e-03  -6.8490222e-04  -3.6551222e-03  -2.1918677e-03
  -2.0822509e-04  -6.7366672e-04  -2.7893552e-03  -2.2481656e-03
   1.8908814e-04  -6.9239255e-04  -3.1079274e-03  -2.3570083e-03
  -2.2321804e-04  -9.2084761e-04  -2.9355236e-03  -2.2781912e-03
  -2.7194513e-04  -8.7590563e-04  -1.8673696e-03  -2.2669316e-03
   6.9144526e-05  -6.5494090e-04  -1.0540733e-03  -2.4583447e-03
   1.3661281e-04  -8.6841530e-04  -6.7553451e-04  -2.2444124e-03
  -3.9563699e-04  -8.4968948e-04  -6.9052614e-04  -1.9554163e-03
  -6.9549603e-04  -6.8864738e-04   1.8648456e-04  -2.1618421e-03
  -2.9818280e-04  -7.9351200e-04   1.4795132e-03  -2.2256465e-03
   1.7409519e-04  -9.3582827e-04   1.4083029e-03  -2.0755186e-03
   4.5521304e-04  -9.8077025e-04   1.5394797e-03  -2.1580889e-03
   7.2508618e-04  -8.2347332e-04   2.5476672e-03  -2.1806081e-03
   2.3781524e-04  -7.8976684e-04   2.8437520e-03  -1.9816886e-03
  -4.2562289e-04  -8.3470882e-04   2.6900878e-03  -2.0042078e-03
   1.7409519e-04  -1.1006155e-03   2.5551631e-03  -2.0267270e-03
   6.6886261e-04  -1.0107316e-03   2.5476672e-03  -1.9516631e-03
  -1.9698037e-04  -4.2648583e-04   1.9367581e-03  -1.9479099e-03
  -5.6805593e-04  -6.8115705e-04   1.4682694e-03  -1.7977820e-03
   1.0662691e-04  -8.3096365e-04   2.1878680e-03  -1.7865224e-03
   4.3272361e-04  -8.5717981e-04   2.2141033e-03  -1.8052884e-03
   5.6766018e-04  -1.0669090e-03   2.3003052e-03  -1.7039521e-03
   4.6655098e-05  -8.8714113e-04   2.0679349e-03  -1.7602500e-03
  -2.6444866e-04  -7.4857002e-04   1.3595801e-03  -1.7114585e-03
   6.0139432e-04  -5.7629243e-04   1.9480018e-03  -1.6551605e-03
   6.2388375e-04  -5.5382144e-04   1.9330102e-03  -1.8390672e-03
  -3.5440637e-04  -6.4745057e-04   9.6979755e-04  -1.6551605e-03
  -4.8934294e-04  -8.9088629e-04   8.0863746e-04  -1.5838498e-03
   1.1412338e-04  -9.1710245e-04   1.0822348e-03  -1.9816886e-03
   4.6655098e-05  -7.1486354e-04   5.9875455e-04  -1.8690927e-03
  -2.1946980e-04  -7.4107969e-04   4.4064023e-05  -1.9629227e-03
  -1.4075680e-04  -7.6355068e-04  -2.0704588e-04  -2.2781912e-03
  -1.4825328e-04  -8.5343464e-04  -3.9444133e-04  -1.8615863e-03
  -6.7675484e-04  -8.6841530e-04  -1.0728129e-03  -1.6664201e-03
  -1.0215927e-03  -8.4968948e-04  -1.7661760e-03  -1.8991183e-03
  -4.1437818e-04  -9.8451542e-04  -1.6349992e-03  -1.9516631e-03
  -2.9443456e-04  -1.0481832e-03  -2.0060422e-03  -2.1430761e-03
  -7.5921607e-04  -7.4482486e-04  -2.6206993e-03  -2.0942846e-03
  -6.1678303e-04  -5.8378276e-04  -2.3471019e-03  -1.9929482e-03
  -2.6070042e-04  -7.7104101e-04  -1.1777543e-03  -2.3307360e-03
  -1.6324623e-04  -9.0212179e-04  -1.1702585e-03  -2.2856976e-03
  -4.8184646e-04  -9.2833794e-04  -2.0959920e-03  -2.0867782e-03
  -5.6805593e-04  -6.5119573e-04  -1.8973528e-03  -2.0117142e-03
  -8.4533232e-05  -7.4482486e-04  -1.3164269e-03  -2.3194764e-03
  -3.2442046e-04  -7.6729585e-04  -9.0790486e-04  -2.4433319e-03
  -5.5681122e-04  -5.7629243e-04  -1.3763935e-03  -2.1092973e-03
  -2.1197332e-04  -1.0893800e-03  -1.7099574e-03  -2.2556720e-03
  -5.0808413e-04  -1.0032412e-03  -1.2901916e-03  -2.0642590e-03
  -7.7795726e-04  -5.6505694e-04  -1.1740064e-03  -2.1318165e-03
  -3.3191694e-04  -7.8976684e-04  -4.5440787e-04  -2.5746938e-03
  -1.2951209e-04  -9.2084761e-04  -1.1334816e-04  -2.2594252e-03
  -3.9938522e-04  -7.3358936e-04  -7.6923223e-04  -1.8653395e-03
  -3.0567927e-04  -7.5980552e-04  -3.2323106e-04  -1.9779355e-03
  -2.0072861e-04  -1.0444381e-03   2.5769484e-04  -2.2256465e-03
  -3.8064403e-04  -1.0069864e-03   2.7643438e-04  -2.1918677e-03
  -4.1062994e-04  -8.0849266e-04   5.7251919e-04  -2.1580889e-03
  -3.2057900e-05  -8.8714113e-04   6.5122528e-04  -1.9516631e-03
   2.7154938e-04  -8.0474750e-04   1.0110245e-03  -1.8503268e-03
  -2.0813186e-05  -5.2011496e-04   1.0147725e-03  -2.0004546e-03
  -2.0447685e-04  -5.8752793e-04   5.8001501e-04  -1.8390672e-03
  -3.3941342e-04  -6.3621507e-04   7.1119182e-04  -1.7489904e-03
  -2.0447685e-04  -7.0737321e-04   1.5132444e-03  -1.9554163e-03
   3.1662146e-05  -8.0100233e-04   2.1241535e-03  -2.0154674e-03
  -3.0942751e-04  -6.0625375e-04   1.4420341e-03  -1.7752628e-03
  -1.8948390e-04  -6.0625375e-04   9.8104127e-04  -1.6251349e-03
   1.2911633e-04  -8.1972816e-04   8.8734355e-04  -1.8278076e-03
  -3.9554376e-05  -8.0100233e-04   1.1347055e-03  -1.9779355e-03
  -3.8439227e-04  -6.8864738e-04   1.5732109e-03  -1.8540799e-03
  -7.3672664e-04  -9.5829926e-04   9.4731009e-04  -1.9328971e-03
  -5.7180417e-04  -7.5606035e-04   7.0369601e-04  -1.9666759e-03
  -1.4075680e-04  -3.4409220e-04   1.0859827e-03  -1.8991183e-03
  -2.0447685e-04  -7.7853134e-04   9.1357891e-04  -1.7677564e-03
  -5.0433589e-04  -9.4706377e-04   5.5377965e-04  -1.7039521e-03
  -4.3686760e-04  -6.9239255e-04   4.7132565e-04  -2.0830250e-03
  -5.4931474e-04  -7.6355068e-04   5.3504010e-04  -2.0942846e-03
  -7.4797136e-04  -8.6467014e-04   3.3265302e-04  -1.9366503e-03
  -4.2187465e-04  -7.7104101e-04   8.1543113e-05  -1.9629227e-03
  -2.0447685e-04  -7.7104101e-04   1.0332842e-05  -1.9404035e-03
  -7.3288518e-05  -7.8976684e-04  -1.9955006e-04  -2.1655953e-03
  -1.1826737e-04  -7.1111837e-04  -2.3328124e-04  -2.0417398e-03
  -2.6444866e-04  -8.6467014e-04  -3.7570179e-04  -1.8991183e-03
  -2.4195923e-04  -9.3582827e-04  -4.9938278e-04  -2.1205569e-03
  -5.6805593e-04  -9.3582827e-04  -6.3430751e-04  -2.0567526e-03
  -5.7930065e-04  -9.1710245e-04  -9.5287977e-04  -2.0642590e-03
  -1.8198742e-04  -9.0586695e-04  -9.1540068e-04  -2.0379866e-03
  -8.8281470e-05  -1.0144767e-03  -9.3788814e-04  -2.1731017e-03
  -1.8198742e-04  -7.9351200e-04  -8.1420714e-04  -2.3307360e-03
  -3.4316165e-04  -8.0474750e-04  -9.2289650e-04  -2.0942846e-03
  -4.7809822e-04  -1.0406929e-03  -1.1027961e-03  -2.1618421e-03
  -6.4676893e-04  -9.9949608e-04  -9.5287977e-04  -2.0454930e-03
  -6.2802774e-04  -9.7327992e-04  -1.1402752e-03  -2.1055441e-03
  -4.9683941e-04  -9.7327992e-04  -8.2919877e-04  -2.2068805e-03
  -3.2816870e-04  -9.3208311e-04  -4.3566833e-04  -1.9516631e-03
  -2.7569337e-04  -9.9949608e-04  -1.1102919e-03  -2.1505825e-03
  -5.3807003e-04  -9.1710245e-04  -1.1065440e-03  -2.0905314e-03
  -3.6190284e-04  -8.7965080e-04  -3.3822270e-04  -2.0379866e-03
  -4.4436408e-04  -1.1717737e-03  -5.2187024e-04  -2.0830250e-03
  -6.9174779e-04  -1.0257122e-03  -6.9052614e-04  -2.2369060e-03
  -2.7569337e-04  -1.0069864e-03  -6.9802196e-04  -2.3907871e-03
