  -3.5806138e-05  -1.1380672e-03  -3.4571851e-04  -1.8878587e-03
  -2.3071451e-04  -8.5343464e-04  -6.0877429e-05  -1.7377308e-03
  -2.8318985e-04  -5.9876342e-04  -5.3381611e-05  -2.0267270e-03
  -2.8693808e-04  -7.8602167e-04  -1.6207097e-04  -2.1768549e-03
  -2.9818280e-04  -8.2347332e-04  -4.0193715e-04  -2.0267270e-03
  -3.6190284e-04  -7.6729585e-04  -4.7314742e-04  -2.0642590e-03
  -3.5806138e-05  -1.0706542e-03  -3.3072688e-04  -1.9779355e-03
  -1.3316710e-05  -9.7327992e-04  -2.2953333e-04  -2.0755186e-03
  -4.4811232e-04  -8.8714113e-04  -3.3072688e-04  -2.0792718e-03
  -2.2696628e-04  -1.0369477e-03  -5.4810560e-04  -1.9779355e-03
  -1.0327442e-04  -8.7590563e-04  -3.0449151e-04  -2.1993741e-03
  -2.3821099e-04  -9.7702509e-04  -2.0704588e-04  -2.1243101e-03
  -3.4690989e-04  -8.4968948e-04  -2.2578543e-04  -2.1731017e-03
  -2.4195923e-04  -8.2347332e-04  -1.2833979e-04  -2.1243101e-03
  -2.5695218e-04  -1.1455575e-03  -3.1198733e-04  -2.0079610e-03
  -3.9188875e-04  -8.0849266e-04  -2.2203752e-04  -1.9891950e-03
  -3.3941342e-04  -8.5343464e-04  -1.3583561e-04  -2.0755186e-03
  -3.9188875e-04  -9.6953476e-04  -2.7825615e-04  -2.1618421e-03
   2.7913908e-05  -8.7965080e-04  -2.7825615e-04  -1.8015352e-03
  -2.1572156e-04  -1.2316963e-03  -1.8081052e-04  -2.0304802e-03
  -4.3686760e-04  -1.0182219e-03   1.0332842e-05  -2.1693485e-03
  -5.8202340e-06  -8.0100233e-04  -1.0585234e-04  -1.7489904e-03
  -2.4945570e-04  -8.9837662e-04  -3.1573524e-04  -1.7752628e-03
  -1.2576385e-04  -9.9949608e-04  -1.5082725e-04  -1.8503268e-03
  -6.9540280e-05  -9.3208311e-04  -2.6326452e-04  -1.9666759e-03
  -2.2696628e-04  -8.8339596e-04  -3.3822270e-04  -1.9366503e-03
  -9.2029708e-05  -1.0107316e-03  -5.7129520e-05  -1.6101221e-03
  -2.1572156e-04  -6.5119573e-04  -9.4608610e-05  -1.8765991e-03
  -1.4075680e-04  -6.9988288e-04  -2.8575197e-04  -1.8015352e-03
  -9.9526184e-05  -7.5980552e-04  -2.3328124e-04  -1.7152117e-03
  -7.3288518e-05  -7.5606035e-04  -9.4608610e-05  -2.1318165e-03
  -3.9554376e-05  -1.0743994e-03  -3.0894157e-05  -1.7527436e-03
  -2.9818280e-04  -9.8077025e-04   5.1559841e-05  -1.8991183e-03
  -3.2816870e-04  -9.7327992e-04  -1.1334816e-04  -2.1168037e-03
  -2.0072861e-04  -8.7216047e-04  -2.2578543e-04  -1.6439009e-03
   9.1727180e-06  -9.2459278e-04  -2.7825615e-04  -1.9516631e-03
  -1.7064948e-05  -9.3582827e-04  -3.4946642e-04  -2.1205569e-03
  -2.3071451e-04  -5.6880210e-04  -7.5869065e-05  -1.8653395e-03
  -2.2321804e-04  -7.6729585e-04  -2.9324779e-04  -1.7865224e-03
  -3.1317575e-04  -8.3096365e-04  -3.6071015e-04  -1.8315608e-03
  -6.2043804e-05  -6.6617639e-04  -2.1828961e-04  -2.0267270e-03
  -1.7064948e-05  -9.3957344e-04  -2.2578543e-04  -2.0229738e-03
  -1.5200152e-04  -9.2459278e-04   2.8370240e-06  -2.0454930e-03
  -2.4561424e-05  -7.8602167e-04  -2.0704588e-04  -2.0379866e-03
  -2.1946980e-04  -9.0586695e-04  -1.0210443e-04  -2.1655953e-03
  -9.2029708e-05  -8.6467014e-04   5.5307750e-05  -2.1543357e-03
  -2.7569337e-04  -9.0212179e-04  -1.0210443e-04  -1.8916119e-03
  -3.7689580e-04  -8.5717981e-04  -1.0585234e-04  -2.1092973e-03
   1.1412338e-04  -7.0362804e-04  -1.8081052e-04  -1.8953651e-03
  -1.3700856e-04  -8.1223783e-04  -2.4077706e-04  -1.9441567e-03
  -2.8693808e-04  -8.9463146e-04  -1.1709606e-04  -2.4433319e-03
   5.4244800e-06  -7.7853134e-04  -9.1088500e-07  -2.2218933e-03
  -7.3288518e-05  -7.0737321e-04  -1.8830634e-04  -2.0492462e-03
  -1.4450504e-04  -8.7590563e-04  -1.2084397e-04  -2.0980378e-03
  -3.5806138e-05  -8.5717981e-04  -5.3381611e-05  -2.3007104e-03
  -1.3700856e-04  -6.6243123e-04  -1.8081052e-04  -2.2181401e-03
  -2.1197332e-04  -7.4857002e-04  -3.4571851e-04  -2.0417398e-03
  -1.4450504e-04  -9.9949608e-04  -3.0074361e-04  -2.2669316e-03
  -1.7449094e-04  -8.4968948e-04  -1.8081052e-04  -2.1731017e-03
   9.1727180e-06  -6.6617639e-04  -9.8356519e-05  -2.0229738e-03
  -4.3302614e-05  -7.4857002e-04   2.9072387e-05  -2.0905314e-03
  -2.3446275e-04  -5.2386012e-04  -1.2154612e-05  -2.0529994e-03
   8.4137478e-05  -6.3996024e-04   1.8648456e-04  -1.9028715e-03
  -2.8309662e-05  -8.9463146e-04   6.5849330e-06  -1.7940288e-03
  -6.5792042e-05  -6.8864738e-04  -6.0877429e-05  -1.8465736e-03
   1.2920956e-05  -5.9876342e-04   9.2786840e-05  -1.9591695e-03
  -1.8573566e-04  -6.7741189e-04   5.9055659e-05  -2.0417398e-03
   3.5410384e-05  -6.8490222e-04   1.7524084e-04  -1.9891950e-03
  -2.0072861e-04  -6.0250859e-04  -1.7706261e-04  -1.8390672e-03
  -8.4533232e-05  -5.9876342e-04  -1.0210443e-04  -1.8690927e-03
   1.3286457e-04  -7.4857002e-04   6.5849330e-06  -1.9479099e-03
  -3.8439227e-04  -9.2084761e-04  -2.7825615e-04  -1.9291439e-03
  -1.1077090e-04  -8.3096365e-04   3.6568205e-05  -1.9854418e-03
   3.1662146e-05  -7.0737321e-04   2.9072387e-05  -1.8878587e-03
  -1.5574975e-04  -6.7741189e-04  -2.1079379e-04  -1.6851861e-03
   5.7899812e-05  -5.6131177e-04  -1.2084397e-04  -1.7752628e-03
  -7.3288518e-05  -6.8115705e-04  -4.6587940e-06  -1.9929482e-03
  -8.8281470e-05  -8.6841530e-04   3.2820296e-05  -2.0642590e-03
  -1.3700856e-04  -8.0849266e-04  -3.5321433e-04  -2.0379866e-03
  -2.2696628e-04  -7.1860870e-04  -1.8830634e-04  -2.0605058e-03
  -1.7064948e-05  -7.1486354e-04   2.7643438e-04  -1.9929482e-03
   2.7913908e-05  -7.7104101e-04  -1.6207097e-04  -1.9066247e-03
  -2.8309662e-05  -6.9613771e-04  -1.5082725e-04  -2.0529994e-03
  -2.5695218e-04  -7.2609903e-04  -4.2137884e-05  -2.0342334e-03
  -2.1946980e-04  -8.6841530e-04  -2.8200406e-04  -1.9479099e-03
  -4.3311937e-04  -8.4219915e-04  -2.1079379e-04  -2.1881145e-03
  -6.3927246e-04  -9.0961212e-04  -3.6445806e-04  -2.2781912e-03
  -1.1451914e-04  -1.0182219e-03  -2.4452497e-04  -2.0867782e-03
  -8.0784994e-05  -8.4219915e-04  -8.3364883e-05  -2.0605058e-03
  -3.6565108e-04  -7.8602167e-04  -1.2084397e-04  -2.1393229e-03
  -3.9563699e-04  -9.6953476e-04  -2.2578543e-04  -2.0117142e-03
  -2.4570747e-04  -8.5717981e-04  -3.3822270e-04  -1.9854418e-03
  -1.5574975e-04  -8.3845398e-04  -1.4707934e-04  -2.1168037e-03
  -2.0447685e-04  -8.5717981e-04  -2.1454170e-04  -2.0755186e-03
  -2.2696628e-04  -8.9088629e-04  -2.1079379e-04  -2.1731017e-03
  -3.0567927e-04  -1.0294574e-03  -1.3958352e-04  -2.3682679e-03
  -3.0567927e-04  -8.8714113e-04  -2.5202079e-04  -2.1655953e-03
  -2.6819689e-04  -8.0849266e-04  -2.8949988e-04  -2.1280633e-03
  -3.6565108e-04  -9.6578959e-04  -2.3702915e-04  -2.1243101e-03
  -4.5186056e-04  -1.0594187e-03  -1.9955006e-04  -1.8991183e-03
  -3.0942751e-04  -8.6841530e-04  -3.4946642e-04  -2.0980378e-03
  -1.8573566e-04  -8.6092497e-04  -3.1948315e-04  -2.2293996e-03
  -2.8318985e-04  -7.2984420e-04  -1.9205424e-04  -2.1580889e-03
  -3.6565108e-04  -5.0887946e-04  -1.9580215e-04  -1.9404035e-03
  -3.5440637e-04  -7.8227651e-04  -2.6326452e-04  -1.6926925e-03
  -2.3071451e-04  -9.4706377e-04  -2.8200406e-04  -1.7452372e-03
  -1.0327442e-04  -8.8714113e-04  -8.3364883e-05  -1.8503268e-03
  -8.0784994e-05  -7.6729585e-04  -9.0860701e-05  -2.1243101e-03
  -2.1572156e-04  -6.4745057e-04  -1.6581888e-04  -2.1618421e-03
  -2.0447685e-04  -7.7104101e-04  -1.7331470e-04  -1.7414840e-03
  -9.2029708e-05  -8.1598299e-04  -3.7195388e-04  -1.6814329e-03
  -3.6565108e-04  -8.4968948e-04  -2.1079379e-04  -1.7940288e-03
  -2.8693808e-04  -1.0294574e-03   4.4064023e-05  -1.8765991e-03
   1.6669194e-05  -8.1223783e-04  -5.7129520e-05  -2.2932040e-03
  -2.5320394e-04  -9.2833794e-04  -1.7706261e-04  -2.2031273e-03
  -4.0313346e-04  -9.6578959e-04  -1.9205424e-04  -1.9741823e-03
  -1.2576385e-04  -6.3996024e-04  -1.0960025e-04  -1.9591695e-03
  -1.5200152e-04  -7.1860870e-04  -2.3328124e-04  -1.8278076e-03
  -2.2321804e-04  -7.1860870e-04  -2.0329797e-04  -1.9479099e-03
  -1.9323213e-04  -9.1710245e-04   9.2786840e-05  -1.8465736e-03
  -3.8064403e-04  -7.8227651e-04  -1.9650430e-05  -1.8203012e-03
  -2.9818280e-04  -8.6467014e-04  -2.7076033e-04  -1.9479099e-03
  -3.0567927e-04  -1.0519284e-03  -1.7706261e-04  -1.8728459e-03
  -2.2321804e-04  -6.1374408e-04  -1.4333143e-04  -1.9366503e-03
   8.4137478e-05  -6.9988288e-04  -2.8949988e-04  -2.0042078e-03
  -1.3326033e-04  -8.4219915e-04  -1.3208770e-04  -2.0304802e-03
  -2.8318985e-04  -7.2609903e-04  -9.8356519e-05  -2.1017910e-03
  -5.8202340e-06  -6.9613771e-04  -9.8356519e-05  -2.1055441e-03
  -8.8281470e-05  -8.9088629e-04  -1.0210443e-04  -2.1055441e-03
  -4.9309117e-04  -8.0100233e-04  -3.3822270e-04  -1.9216375e-03
  -2.7194513e-04  -6.0625375e-04  -3.5696224e-04  -2.0192206e-03
  -9.5684720e-06  -7.2235387e-04  -2.8575197e-04  -2.1655953e-03
  -1.2201561e-04  -6.0250859e-04  -1.1334816e-04  -1.9967014e-03
  -1.1451914e-04  -4.8640847e-04  -1.1709606e-04  -2.1768549e-03
  -2.5320394e-04  -6.5868606e-04  -1.5832306e-04  -2.1318165e-03
  -2.5695218e-04  -1.0069864e-03  -9.8356519e-05  -2.0154674e-03
  -2.5320394e-04  -9.9200575e-04  -1.3208770e-04  -2.0342334e-03
  -3.4690989e-04  -9.6204443e-04  -1.9955006e-04  -2.2481656e-03
  -1.5200152e-04  -8.8714113e-04  -2.2578543e-04  -2.3532552e-03
  -2.9443456e-04  -6.7366672e-04  -6.8373247e-05  -2.0680122e-03
  -2.5320394e-04  -6.9239255e-04  -5.7129520e-05  -2.1693485e-03
  -7.3288518e-05  -5.7254727e-04  -4.9633702e-05  -2.2031273e-03
  -1.7074271e-04  -7.0362804e-04  -6.4625338e-05  -2.0830250e-03
  -9.5684720e-06  -7.6355068e-04  -9.8356519e-05  -1.9779355e-03
  -3.0567927e-04  -6.1748925e-04   2.9072387e-05  -1.9066247e-03
  -1.7064948e-05  -6.0250859e-04   7.4047295e-05  -1.8765991e-03
   1.5160576e-04  -6.7741189e-04   3.2820296e-05  -1.9666759e-03
  -3.7689580e-04  -7.8602167e-04  -4.2137884e-05  -2.0004546e-03
   4.2906860e-05  -7.1860870e-04  -3.0894157e-05  -1.8953651e-03
  -1.2951209e-04  -7.7104101e-04  -2.3398339e-05  -1.9141311e-03
  -2.9443456e-04  -7.4857002e-04  -6.8373247e-05  -1.9704291e-03
   6.9144526e-05  -7.2235387e-04  -1.1334816e-04  -2.0417398e-03
   8.4137478e-05  -6.6617639e-04   4.4064023e-05  -1.8991183e-03
  -2.8309662e-05  -4.9764397e-04   1.5275338e-04  -1.9967014e-03
  -2.0822509e-04  -8.1598299e-04   4.7811932e-05  -2.0642590e-03
   3.1662146e-05  -9.6578959e-04   2.9072387e-05  -1.8765991e-03
  -5.8295566e-05  -6.9239255e-04  -1.8455843e-04  -1.7902756e-03
  -2.7194513e-04  -8.2347332e-04  -1.0960025e-04  -1.9028715e-03
  -8.4533232e-05  -9.9575091e-04  -1.9205424e-04  -1.9404035e-03
  -6.2043804e-05  -8.2347332e-04  -1.2833979e-04  -1.8728459e-03
  -2.4195923e-04  -6.5494090e-04  -3.0823942e-04  -2.1243101e-03
  -9.2029708e-05  -6.2872474e-04  -4.8813906e-04  -1.8878587e-03
   8.4137478e-05  -8.5717981e-04  -3.8694551e-04  -1.9441567e-03
  -2.4570747e-04  -8.3096365e-04  -8.5918205e-04  -2.0379866e-03
  -1.7449094e-04  -5.8003760e-04   1.4900547e-04  -2.0154674e-03
  -2.9818280e-04  -8.6467014e-04  -8.4044250e-04  -2.1956209e-03
  -4.3311937e-04  -9.5080893e-04   2.8370240e-06  -1.9441567e-03
  -3.7314756e-04  -7.1486354e-04  -3.1573524e-04  -2.2031273e-03
  -6.7300660e-04  -9.8077025e-04  -3.2323106e-04  -1.9854418e-03
   5.0403336e-05  -9.1710245e-04   6.6621692e-04  -2.1956209e-03
  -3.3566518e-04  -7.1111837e-04  -1.7249490e-03  -1.8841055e-03
  -2.1572156e-04  -8.9837662e-04   2.2740699e-03  -1.9854418e-03
  -5.0433589e-04  -8.7590563e-04  -4.0449047e-03  -1.6326413e-03
  -1.3700856e-04  -9.5829926e-04   1.2322214e-02   3.7719624e-03
   5.7252357e-03  -6.4370540e-04   5.5824194e-02   4.6614700e-03
   4.4358418e-03  -1.4185329e-04   7.6531391e-02   1.0659073e-03
   4.7770247e-04   3.0382134e-04   7.4080258e-02   1.8015339e-03
   7.0108813e-03  -1.2312747e-04   5.5374445e-02   2.9687782e-03
   1.5249508e-02  -8.3096365e-04   3.7680566e-02  -3.8282673e-04
   1.4518602e-02   2.3266321e-04   1.6474897e-02  -6.0651670e-03
   4.5220513e-03   9.0679291e-04  -8.9021948e-03  -7.5063946e-03
   1.9095294e-03   5.1729575e-04  -4.2955696e-02  -6.9959598e-03
   7.2919992e-03  -6.2123441e-04  -8.1431730e-02  -8.1331785e-03
   2.5092475e-03  -9.1335728e-04  -1.1000204e-01  -7.7353396e-03
  -1.1771539e-02  -2.9498340e-05  -1.3215968e-01  -4.2486196e-03
  -1.9414197e-02  -9.8451542e-04  -1.3045063e-01  -1.8465736e-03
  -1.2955983e-02  -2.6660945e-03  -1.1197719e-01  -2.6122257e-03
  -1.0418425e-02  -3.4900308e-03  -9.2832869e-02  -1.9929482e-03
  -1.5279890e-02  -3.0143948e-03  -6.8209107e-02  -1.7790160e-03
  -7.3711079e-03  -1.8945905e-03  -3.6014568e-02  -4.0159214e-03
   3.7199283e-03  -2.1829682e-03  -9.0671028e-03  -4.4287731e-03
   6.3999185e-03  -2.4713459e-03   1.2697005e-02  -3.3891375e-03
   6.9396648e-03  -2.2541263e-03   3.8467627e-02  -4.0872322e-03
   4.2184440e-03  -2.5911912e-03   6.2562934e-02  -5.6523153e-03
   4.6007643e-03  -1.9395325e-03   7.5373287e-02  -5.1268677e-03
   7.3782086e-03  -1.3028544e-03   7.6801240e-02  -2.8299112e-03
   4.0722627e-03  -5.4633111e-04   7.5245858e-02  -1.0096106e-03
  -2.3634619e-03   9.3675423e-04   7.0306114e-02   2.7773595e-04
  -9.9049168e-03   1.4835483e-03   5.8964941e-02   1.8315595e-03
  -1.2427481e-02   1.9666746e-03   3.9258436e-02   5.4383818e-03
  -3.3792344e-03   6.0343454e-04   2.4667826e-02   6.2115404e-03
   1.9057811e-03  -9.3582827e-04   1.8772365e-02   1.7827679e-03
  -1.4372816e-02   9.7837270e-05   5.9320291e-03  -2.6647762e-04
  -2.7885214e-02   4.8733443e-04  -2.7825615e-04   2.6271747e-05
  -8.6342641e-03   1.8772123e-04   1.1396480e-02  -2.5108894e-03
   2.1827666e-02  -2.0593778e-03   2.7343833e-02  -6.8946235e-03
   1.6336497e-02  -2.7260171e-03   2.2295400e-02  -4.9654803e-03
  -1.4245376e-02   1.3154375e-04   1.2280987e-02  -4.6164386e-04
  -8.8029348e-03   3.4501816e-04   2.6313158e-02  -4.3011644e-03
   1.3382886e-02  -1.3889932e-03   2.7460018e-02  -7.0485046e-03
   3.4575517e-03  -2.3889523e-03  -2.3398339e-05   1.0884208e-04
  -7.9970637e-03  -1.7447839e-03  -9.9066344e-03   2.8299099e-03
  -4.2150915e-03  -2.0106906e-03   4.5040757e-03  -3.6143293e-03
  -8.5330617e-03  -1.6361741e-03  -8.5686309e-03  -2.7773664e-03
  -8.5967817e-03  -7.8976684e-04  -3.2896308e-02   2.8862079e-03
   5.3279224e-03  -2.4151684e-03  -3.0104116e-02   1.2010167e-04
   6.0738218e-03  -1.4414255e-03  -2.1120378e-02  -4.5864074e-03
  -9.2339822e-03  -1.2312747e-04  -2.6352459e-02  -3.4867206e-03
  -5.6094360e-03   2.2891804e-04  -3.1265968e-02  -2.9875454e-03
   1.6175323e-02   3.2254717e-04  -2.3245443e-02  -5.9863498e-03
   1.1231397e-02  -5.2760529e-04  -2.3436586e-02  -5.2732424e-03
  -2.2697560e-03   6.2590553e-04  -2.0078459e-02  -3.7869764e-03
   4.7057149e-03  -5.5382144e-04  -6.5447600e-03  -6.7069637e-03
   8.5514071e-03  -1.8234324e-03  -1.1540723e-02  -6.1477373e-03
   2.7191488e-03  -1.5683395e-04  -3.1749448e-02  -8.8575512e-04
  -9.8337003e-03  -8.0474750e-04  -4.1617692e-02   1.9779342e-03
  -9.2114928e-03  -9.5455410e-04  -3.2334122e-02  -5.4421420e-04
  -2.5958527e-03  -1.1081059e-03  -2.5497936e-02  -2.7548472e-03
  -7.7384352e-03  -1.6923516e-03  -3.4856465e-02   3.9783825e-04
  -1.2502353e-03  -6.9239255e-04  -2.9763056e-02   2.4395717e-04
   8.4389600e-03  -1.1680285e-03  -7.7515867e-03  -4.8303652e-03
   3.6861942e-03  -4.9015364e-04  -4.0193715e-04  -5.2619828e-03
  -1.3514377e-03   4.3115695e-04  -4.9633702e-05  -2.8749495e-03
   9.0011957e-03  -9.4331860e-04   1.1602615e-02  -4.4700583e-03
   1.2749434e-02  -1.4863675e-03   2.1178523e-02  -5.5622386e-03
  -2.4046926e-03  -1.0069864e-03   1.7704211e-02  -2.6947961e-03
  -5.1896334e-03  -6.5494090e-04   1.8255154e-02  -1.0621554e-03
   1.9470118e-03  -1.7635097e-03   2.2539014e-02  -1.3999431e-03
  -6.7300660e-04  -2.1754779e-03   1.7940329e-02   3.3778141e-05
  -8.9266267e-03  -1.0444381e-03   1.2434651e-02   2.7060544e-03
  -9.5638271e-03  -9.2084761e-04   1.5492945e-02   2.0642577e-03
  -1.9361628e-03  -3.2536638e-04   1.7951573e-02   4.7290219e-04
   9.3873574e-04   2.4389870e-04   1.4844557e-02   9.5331141e-04
   1.4335032e-03   2.8884068e-04   1.5189364e-02  -7.8817769e-05
  -6.6551012e-04   3.9370530e-04   1.6294997e-02  -1.8578331e-03
  -4.0239314e-03  -3.2536638e-04   1.4323597e-02  -1.8765991e-03
  -6.9540280e-05  -1.2504221e-03   1.6208796e-02  -2.1731017e-03
   3.1914268e-03  -1.7223129e-03   2.1433381e-02  -3.4041503e-03
   4.6270019e-03  -1.1230865e-03   2.6815378e-02  -4.0797258e-03
   6.8721965e-03  -2.3548242e-04   2.8130894e-02  -4.5713946e-03
   4.4433383e-03  -2.4671791e-04   1.7887859e-02  -2.4846170e-03
   1.4934750e-03  -6.7741189e-04   9.1402392e-03  -9.7583754e-05
  -2.3971961e-03  -1.6137031e-03   8.5668091e-03  -7.8441880e-04
  -8.7804454e-03  -2.0556326e-03   3.4359217e-03  -4.2786509e-04
  -1.0182286e-02  -1.5200740e-03  -5.3529249e-03   7.5814516e-04
  -3.8440159e-03  -1.4564062e-03  -1.0517544e-02   5.3295334e-04
   2.2768567e-03  -7.8227651e-04  -1.2091665e-02  -5.8925256e-04
   1.6659871e-04   1.4277925e-04  -1.3088609e-02  -1.2873472e-03
  -1.7074271e-04   3.0756651e-04  -1.1949245e-02  -2.6497577e-03
   3.8848508e-03  -1.5308879e-04  -1.0596250e-02  -4.2035813e-03
   5.3054330e-03  -1.1455575e-03  -1.2170371e-02  -4.1885685e-03
   4.8893786e-03  -9.6578959e-04  -1.1417042e-02  -4.7365352e-03
   3.7911449e-03  -3.1038572e-04  -1.1458269e-02  -4.8716503e-03
   3.1801821e-03  -5.8003760e-04  -1.3838191e-02  -3.4642015e-03
   3.3526942e-04  -1.1605382e-03  -1.5509758e-02  -2.1956209e-03
   9.8746284e-04  -1.3552868e-03  -1.0097778e-02  -3.2352564e-03
   2.8390924e-03  -1.3515416e-03  -5.2517314e-03  -4.1773089e-03
  -2.7945093e-03  -8.7590563e-04  -1.6409256e-02  -1.0021042e-03
  -3.7578065e-03  -3.2911154e-04  -2.2248499e-02   1.0471413e-03
   6.2013551e-04  -6.7366672e-04  -1.6963947e-02  -3.4154156e-04
  -1.3739271e-03  -9.1335728e-04  -1.6892737e-02  -8.4822315e-04
  -6.0667211e-03  -4.8266331e-04  -1.9190205e-02  -1.1634974e-04
  -3.8552607e-03  -7.4857002e-04  -1.5311119e-02  -9.0452111e-04
   3.8736061e-03  -1.5612708e-03  -6.0088090e-03  -3.5993166e-03
   6.1862689e-03  -9.8077025e-04  -2.2121772e-03  -4.3612155e-03
   3.7649072e-03   8.2856610e-05  -2.9842464e-03  -3.2465160e-03
   5.6915015e-03   6.4130785e-05   2.3902551e-03  -3.7006529e-03
   6.2312478e-03  -9.3582827e-04   8.0608414e-03  -4.3199304e-03
   8.4137478e-05  -1.2579125e-03   4.8488834e-03  -2.5146426e-03
  -3.3267591e-03  -1.2429318e-03   3.4621570e-03  -9.5331267e-04
  -1.2614800e-03  -1.8496485e-03   7.4386885e-03  -1.4074495e-03
  -1.8949322e-03  -1.5088385e-03   7.2775284e-03  -7.5064003e-04
  -5.2683464e-03  -1.2279511e-03   3.3459719e-03   1.0321285e-03
  -3.0943683e-03  -9.0212179e-04   5.3436073e-03   8.5572828e-04
   1.4410929e-04  -5.2760529e-04   9.9422917e-03  -4.1285230e-04
  -1.3027106e-03  -3.8528902e-04   1.0571940e-02  -8.4822315e-04
  -1.1302916e-03  -1.4559846e-04   1.2569576e-02  -1.3549047e-03
   2.0482142e-03  -1.0818897e-03   1.2869409e-02  -2.1843613e-03
   3.0864761e-03  -1.0631639e-03   1.1924936e-02  -2.8824559e-03
  -6.5426541e-04  -3.2911154e-04   9.8373502e-03  -2.4545915e-03
  -6.9540280e-05  -6.3621507e-04   1.0077216e-02  -2.7023025e-03
   4.9043715e-03  -7.7478618e-04   1.4664657e-02  -3.9746363e-03
   2.0819483e-03  -1.0444381e-03   1.1107891e-02  -2.6084725e-03
  -2.2172807e-03  -8.6092497e-04   7.6748067e-03  -1.1372193e-03
  -6.4676893e-04  -3.8154385e-04   1.0751840e-02  -1.6363945e-03
   2.0408109e-04  -9.6953476e-04   9.8336023e-03  -1.6964457e-03
  -2.4834056e-03  -8.1598299e-04   3.8369479e-03  -3.2277557e-04
  -3.7278206e-03  -2.6169857e-04   3.3640092e-04   6.1552368e-04
  -2.0561064e-03  -9.0586695e-04   2.7800376e-03  -8.2945717e-04
  -1.7037720e-03  -1.0144767e-03   3.5483589e-03  -1.7452372e-03
  -2.9144529e-03  -7.5980552e-04  -8.7042577e-04  -1.0659086e-03
  -5.1183236e-04  -7.4482486e-04  -1.7736718e-03  -1.7001989e-03
   4.0047944e-03  -5.9501826e-04   8.3487282e-04  -3.2277501e-03
   2.8240995e-03  -2.5420824e-04  -1.9535715e-03  -3.1939713e-03
   4.4022009e-04   2.2891804e-04  -5.9675820e-03  -2.4883702e-03
   2.7716241e-03  -2.0552110e-04  -5.5965390e-03  -2.8148984e-03
   3.0902244e-03  -7.4857002e-04  -5.5028413e-03  -3.2540224e-03
  -1.0928093e-03  -9.6953476e-04  -9.3969187e-03  -2.6234853e-03
  -2.5658668e-03  -9.6578959e-04  -1.1387058e-02  -1.8015352e-03
  -8.0784994e-05  -9.4331860e-04  -9.3257085e-03  -2.1468293e-03
   5.0019190e-04  -1.2991093e-03  -9.4418937e-03  -2.0379866e-03
  -6.9549603e-04  -8.5343464e-04  -9.9740967e-03  -1.3398920e-03
  -6.5051717e-04  -7.7104101e-04  -7.6129141e-03  -1.5838498e-03
   1.4784820e-03  -1.0781445e-03  -3.7038450e-03  -2.3570083e-03
   6.8385556e-04  -9.3582827e-04  -5.4691101e-03  -2.0905314e-03
  -2.6183421e-03  -9.8451542e-04  -1.0495056e-02  -9.0076791e-04
  -3.3566518e-04  -8.2721849e-04  -6.0312965e-03  -1.9103779e-03
   2.7828688e-03  -1.0893800e-03  -8.9666114e-04  -3.3928907e-03
   1.4447479e-03  -1.0481832e-03  -3.6363826e-03  -2.9049751e-03
  -5.3057355e-04  -1.6432428e-04  -7.4180228e-03  -1.8916119e-03
   5.2268132e-04  -5.0138913e-04  -5.9113634e-03  -1.9404035e-03
   2.0557107e-03  -1.0219671e-03  -1.5900243e-03  -3.0138178e-03
  -7.2923017e-04  -6.2497958e-04  -3.0779442e-03  -2.3082168e-03
  -3.2517943e-03  -9.0961212e-04  -5.9525904e-03  -1.1447257e-03
  -1.1640258e-03  -1.1193414e-03  -3.4939621e-03  -1.5012794e-03
   5.4142251e-04  -1.0968704e-03  -8.3364883e-05  -2.2369060e-03
  -1.3401930e-03  -1.0219671e-03  -4.2442460e-04  -1.9404035e-03
  -2.0523582e-03  -4.9764397e-04  -2.9699570e-04  -1.1559853e-03
   5.1518485e-04  -6.0625375e-04   3.3047449e-03  -2.0567526e-03
   1.2685807e-03  -8.6092497e-04   5.7109024e-03  -2.5033830e-03
  -8.1918788e-04  -6.6617639e-04   5.7408857e-03  -1.9779355e-03
  -1.1040540e-03  -6.4370540e-04   5.8795583e-03  -2.0792718e-03
   8.8251217e-04  -8.9463146e-04   7.0788892e-03  -2.5334086e-03
   5.7140842e-04  -9.5829926e-04   6.0294747e-03  -2.3532552e-03
  -1.8611980e-03  -9.3582827e-04   3.0536350e-03  -1.4637475e-03
  -2.4534196e-03  -9.9200575e-04   3.5483589e-03  -1.6101221e-03
  -1.2539835e-03  -8.4968948e-04   5.0625142e-03  -2.0492462e-03
  -1.4075680e-04  -8.3845398e-04   3.9231498e-03  -1.9516631e-03
  -2.5471256e-03  -8.0100233e-04   9.8104127e-04  -1.1259597e-03
  -3.7165759e-03  -8.1223783e-04   1.8093292e-03  -8.4446996e-04
   8.0379917e-04  -1.1717737e-03   7.9708916e-03  -2.6572641e-03
   1.8233199e-03  -1.1118510e-03   8.3231950e-03  -3.4229163e-03
  -1.3889201e-03  -6.4370540e-04   2.1166577e-03  -1.7077053e-03
  -1.9061769e-03  -4.9389880e-04   8.0863746e-04  -1.0846746e-03
   1.1448888e-03  -1.0332026e-03   6.0407184e-03  -2.8974687e-03
   1.4784820e-03  -1.4564062e-03   7.1838307e-03  -3.5542782e-03
  -2.5471256e-03  -7.6729585e-04   1.3895634e-03  -2.0154674e-03
  -2.2547630e-03  -4.0401484e-04  -6.7928241e-04  -1.2085301e-03
   8.3003684e-04  -7.9725717e-04   2.3040532e-03  -2.0229738e-03
   8.0389240e-05  -6.6617639e-04   2.1054140e-03  -2.2631784e-03
  -2.7870128e-03  -4.5644715e-04  -2.1072357e-03  -1.0696618e-03
  -2.3072384e-03  -7.1860870e-04  -2.6694221e-03  -1.0921810e-03
   4.6645775e-04  -1.1642833e-03   6.5849330e-06  -2.3645147e-03
  -7.0674074e-04  -1.0743994e-03  -1.8823612e-03  -2.1993741e-03
  -1.9474075e-03  -7.4107969e-04  -4.1685857e-03  -1.6664201e-03
   6.5761789e-04  -8.5343464e-04  -2.3883289e-03  -2.4358255e-03
   2.0782001e-03  -9.5829926e-04  -1.6537388e-03  -2.9725327e-03
  -3.9563699e-04  -7.5980552e-04  -3.9811902e-03  -2.4245659e-03
  -1.6775344e-03  -6.8115705e-04  -4.5771078e-03  -2.1055441e-03
   4.9644366e-04  -1.1904995e-03  -1.9460757e-03  -2.4658511e-03
   8.1129565e-04  -1.0107316e-03  -1.6949658e-03  -2.7323280e-03
  -1.0703198e-03  -7.6355068e-04  -4.3297458e-03  -1.8803523e-03
  -1.2464870e-03  -1.0481832e-03  -5.4053957e-03  -1.2423088e-03
   6.4262494e-04  -8.6092497e-04  -3.5426849e-03  -2.3532552e-03
  -8.9415264e-04  -1.0219671e-03  -4.6970409e-03  -2.0454930e-03
  -3.8215265e-03  -8.4219915e-04  -7.7740742e-03  -9.6832546e-04
  -1.3476894e-03  -9.1710245e-04  -4.7944865e-03  -1.8052884e-03
   1.2910701e-03  -1.1455575e-03  -1.8523779e-03  -2.6797833e-03
   5.8265313e-04  -5.0887946e-04  -3.0741963e-03  -2.5746938e-03
  -6.1303479e-04  -3.9277935e-04  -4.6745534e-03  -1.9666759e-03
   6.8760380e-04  -4.8640847e-04  -3.1941294e-03  -2.3532552e-03
   2.1381719e-03  -7.4482486e-04  -2.7450824e-04  -3.1639457e-03
  -3.4316165e-04  -9.1710245e-04  -1.9235882e-03  -2.7248217e-03
  -1.7824850e-03  -7.7104101e-04  -4.0786359e-03  -2.0830250e-03
  -2.3446275e-04  -9.2459278e-04  -2.2421605e-03  -2.2631784e-03
   5.9389785e-04  -8.6841530e-04  -7.1676150e-04  -2.5822002e-03
  -4.8184646e-04  -6.3996024e-04  -2.1484627e-03  -1.9404035e-03
  -1.5538425e-03  -5.7629243e-04  -2.6356909e-03  -1.4637475e-03
  -8.9415264e-04  -8.8339596e-04  -7.0926569e-04  -1.9253907e-03
  -5.4931474e-04  -1.0444381e-03   7.8240210e-04  -2.0154674e-03
  -1.2689764e-03  -8.1972816e-04   1.1534451e-03  -1.7077053e-03
  -1.2015082e-03  -8.1598299e-04   1.8468083e-03  -1.8916119e-03
   1.8533990e-04  -8.9463146e-04   4.0205955e-03  -2.4208127e-03
   5.5641547e-04  -9.1710245e-04   4.9950518e-03  -2.3495020e-03
   6.1648050e-05  -8.0100233e-04   4.2604616e-03  -2.2369060e-03
   7.1758970e-04  -8.5717981e-04   4.2979407e-03  -2.5934598e-03
   2.9403881e-04  -9.6204443e-04   3.8894187e-03  -2.1393229e-03
  -1.0328374e-03  -7.7104101e-04   2.3265406e-03  -1.7414840e-03
  -8.7541145e-04  -7.4482486e-04   2.2141033e-03  -1.9028715e-03
  -3.3941342e-04  -8.5343464e-04   3.0386433e-03  -1.7564968e-03
  -3.8814051e-04  -8.2347332e-04   2.2890615e-03  -1.7039521e-03
  -6.0553831e-04  -6.7741189e-04   1.1759325e-03  -1.6439009e-03
  -7.9669845e-04  -5.6131177e-04   8.1613328e-04  -1.4374751e-03
  -3.0567927e-04  -5.6131177e-04   1.4720174e-03  -1.6926925e-03
  -2.3821099e-04  -6.9988288e-04   2.8662395e-03  -2.0454930e-03
  -4.4061584e-04  -8.0474750e-04   3.2972490e-03  -1.8991183e-03
   1.2685807e-03  -6.6243123e-04   3.5408631e-03  -2.2744380e-03
   1.5422021e-03  -7.7104101e-04   2.9486935e-03  -2.4696043e-03
   1.2920956e-05  -9.1710245e-04   7.2993137e-04  -1.8765991e-03
  -2.2696628e-04  -7.2609903e-04   4.1885492e-04  -1.7827692e-03
  -2.5695218e-04  -7.5231519e-04   1.2546386e-03  -1.8803523e-03
  -4.7060175e-04  -8.3470882e-04   2.7643438e-04  -1.9741823e-03
  -5.4556651e-04  -7.4482486e-04  -9.1165277e-04  -1.6063689e-03
  -4.7050852e-05  -5.9127309e-04  -1.2751999e-03  -1.4787603e-03
   1.7034695e-04  -6.3246991e-04  -1.4850828e-03  -1.8315608e-03
  -2.9068632e-04  -8.5717981e-04  -1.8036551e-03  -1.7114585e-03
  -6.3552422e-04  -8.2347332e-04  -2.3133707e-03  -1.9441567e-03
  -2.9443456e-04  -7.0362804e-04  -1.8673696e-03  -1.9479099e-03
   5.9014961e-04  -8.1598299e-04  -9.0790486e-04  -2.0192206e-03
   8.1129565e-04  -9.0961212e-04  -8.5168623e-04  -2.2181401e-03
   8.0005094e-04  -7.4857002e-04  -1.3539060e-03  -2.1355697e-03
