  -5.8202340e-06  -8.1972816e-04  -2.9324779e-04  -2.2068805e-03
  -2.2696628e-04  -5.6505694e-04  -7.9616974e-05  -2.0867782e-03
  -2.6819689e-04  -5.8752793e-04  -1.6207097e-04  -2.1580889e-03
   1.3661281e-04  -9.7327992e-04  -2.0704588e-04  -2.2932040e-03
  -7.7036756e-05  -4.9764397e-04  -3.0894157e-05  -2.0117142e-03
  -6.9540280e-05  -6.6243123e-04  -2.9324779e-04  -2.0642590e-03
  -2.8309662e-05  -6.9988288e-04  -1.9955006e-04  -2.0717654e-03
  -2.9068632e-04  -5.0513430e-04   3.6568205e-05  -1.8315608e-03
   8.0389240e-05  -1.0481832e-03  -3.2697897e-04  -1.9516631e-03
   2.0417432e-05  -8.8714113e-04  -2.2203752e-04  -1.9741823e-03
  -5.4547328e-05  -6.7366672e-04   1.4150966e-04  -2.1956209e-03
   9.9130430e-05  -6.9613771e-04  -3.0894157e-05  -2.0492462e-03
  -1.5200152e-04  -7.5980552e-04  -4.9633702e-05  -1.9291439e-03
  -5.4547328e-05  -6.6992156e-04  -1.9955006e-04  -2.1505825e-03
   6.1648050e-05  -5.9876342e-04  -2.3328124e-04  -1.9816886e-03
   1.2920956e-05  -7.2235387e-04  -8.4067030e-06  -2.0004546e-03
   8.7885716e-05  -6.0625375e-04  -2.5951661e-04  -2.0192206e-03
  -1.0702266e-04  -8.0474750e-04  -1.3208770e-04  -2.0942846e-03
  -2.4945570e-04  -7.5606035e-04   2.8370240e-06  -2.1993741e-03
  -1.0702266e-04  -6.8864738e-04  -1.3208770e-04  -2.0079610e-03
   1.2920956e-05  -9.2459278e-04   5.1559841e-05  -1.9366503e-03
  -2.7944161e-04  -1.0182219e-03  -8.7112792e-05  -2.3007104e-03
  -3.0193104e-04  -1.0294574e-03  -1.3583561e-04  -2.1881145e-03
   1.6669194e-05  -8.9463146e-04  -4.9633702e-05  -1.7677564e-03
  -3.2816870e-04  -9.2084761e-04  -3.1198733e-04  -2.0042078e-03
  -2.4570747e-04  -9.0586695e-04  -4.1318088e-04  -1.9816886e-03
   1.6669194e-05  -8.2347332e-04  -1.8455843e-04  -2.0192206e-03
  -1.1451914e-04  -7.8227651e-04  -9.8356519e-05  -2.0379866e-03
  -1.8948390e-04  -8.8339596e-04  -2.5576870e-04  -1.8916119e-03
  -3.2067223e-04  -8.3096365e-04  -1.3583561e-04  -2.1806081e-03
  -1.3700856e-04  -8.6467014e-04  -3.2323106e-04  -2.2293996e-03
  -1.0702266e-04  -1.1193414e-03  -3.6820597e-04  -1.9816886e-03
  -1.8573566e-04  -8.8339596e-04  -1.0210443e-04  -1.9967014e-03
  -3.1317575e-04  -9.3582827e-04  -4.1692878e-04  -2.2669316e-03
  -4.5186056e-04  -9.0961212e-04  -3.4946642e-04  -1.9516631e-03
  -3.3191694e-04  -5.8752793e-04  -3.0823942e-04  -2.0042078e-03
  -2.4570747e-04  -6.3996024e-04  -4.5065997e-04  -2.3269828e-03
  -1.4075680e-04  -9.1335728e-04  -2.8949988e-04  -1.9554163e-03
  -2.0447685e-04  -1.0706542e-03  -3.5321433e-04  -2.0417398e-03
  -2.8318985e-04  -8.5343464e-04  -3.8694551e-04  -2.3832807e-03
  -2.3446275e-04  -8.7590563e-04  -2.3702915e-04  -2.3269828e-03
  -1.0327442e-04  -8.0474750e-04  -2.1079379e-04  -2.0717654e-03
  -6.9540280e-05  -7.3733453e-04  -4.7314742e-04  -2.2331528e-03
  -4.0313346e-04  -9.3208311e-04  -4.2067669e-04  -2.3007104e-03
  -4.3686760e-04  -9.1710245e-04  -3.7570179e-04  -2.1205569e-03
  -3.0942751e-04  -9.9575091e-04  -4.5815578e-04  -2.1693485e-03
  -4.1812641e-04  -7.5231519e-04  -2.4077706e-04  -2.0454930e-03
  -2.6444866e-04  -6.2497958e-04  -2.8575197e-04  -2.1130505e-03
  -9.5777946e-05  -9.0212179e-04  -4.3941624e-04  -2.0192206e-03
   1.5535400e-04  -7.8602167e-04  -2.7076033e-04  -1.7452372e-03
  -3.5806138e-05  -8.9837662e-04  -2.2953333e-04  -1.8315608e-03
  -2.9068632e-04  -7.7104101e-04  -3.4197060e-04  -1.9516631e-03
   7.2892764e-05  -5.1636979e-04  -1.3208770e-04  -2.0192206e-03
   5.4244800e-06  -8.9837662e-04  -3.1198733e-04  -1.8353140e-03
  -3.9554376e-05  -7.1860870e-04  -2.6701242e-04  -1.8540799e-03
  -2.2321804e-04  -7.5980552e-04  -1.8830634e-04  -1.9967014e-03
  -2.6444866e-04  -8.8714113e-04  -4.4316415e-04  -1.8540799e-03
   1.0662691e-04  -5.8752793e-04  -3.8389975e-05  -2.0042078e-03
  -1.6324623e-04  -8.9463146e-04  -1.9205424e-04  -2.1618421e-03
  -2.5320394e-04  -7.6355068e-04  -1.0960025e-04  -2.3007104e-03
  -1.2951209e-04  -6.5119573e-04  -4.5885793e-05  -2.2631784e-03
  -1.7074271e-04  -9.0961212e-04  -4.8064324e-04  -1.9629227e-03
  -1.6699447e-04  -6.5119573e-04  -4.9633702e-05  -2.0755186e-03
  -2.9818280e-04  -6.1748925e-04  -1.2154612e-05  -2.1280633e-03
  -1.0327442e-04  -7.5231519e-04  -2.8575197e-04  -1.9929482e-03
  -2.0813186e-05  -7.7853134e-04  -2.9324779e-04  -2.0830250e-03
  -2.0447685e-04  -6.8864738e-04  -3.1198733e-04  -2.0980378e-03
  -1.2201561e-04  -6.4370540e-04  -2.5202079e-04  -1.9854418e-03
  -1.1077090e-04  -8.7216047e-04  -1.6207097e-04  -2.0154674e-03
   2.4165670e-05  -7.5980552e-04  -2.7450824e-04  -2.0417398e-03
  -2.0813186e-05  -6.8864738e-04  -3.6071015e-04  -2.0342334e-03
  -1.4450504e-04  -8.9088629e-04   2.9072387e-05  -2.2444124e-03
  -3.5806138e-05  -5.9127309e-04  -6.4625338e-05  -2.1468293e-03
  -9.5684720e-06  -5.3884078e-04  -2.4077706e-04  -1.9967014e-03
  -8.8281470e-05  -9.5080893e-04   9.2786840e-05  -2.2406592e-03
  -3.8439227e-04  -7.7104101e-04  -7.5869065e-05  -2.2706848e-03
  -1.2576385e-04  -7.5231519e-04  -4.2067669e-04  -2.1318165e-03
  -5.8202340e-06  -1.0032412e-03  -2.6701242e-04  -2.1505825e-03
  -9.2029708e-05  -7.6355068e-04  -1.0210443e-04  -2.2481656e-03
   9.5382192e-05  -7.7853134e-04  -3.0074361e-04  -2.2293996e-03
  -2.6070042e-04  -8.0474750e-04  -3.7195388e-04  -2.3194764e-03
  -1.2201561e-04  -7.1486354e-04  -1.0585234e-04  -2.3269828e-03
  -3.9554376e-05  -8.4594431e-04   4.7811932e-05  -2.1843613e-03
  -2.6070042e-04  -7.6355068e-04  -2.1079379e-04  -2.3269828e-03
  -1.8573566e-04  -6.7366672e-04  -2.2203752e-04  -2.3870339e-03
  -4.3686760e-04  -7.4482486e-04  -1.1709606e-04  -2.2293996e-03
  -1.5574975e-04  -6.5119573e-04  -1.4333143e-04  -2.1243101e-03
   6.1648050e-05  -6.2872474e-04   1.0332842e-05  -2.0755186e-03
  -3.2057900e-05  -7.2235387e-04  -1.7331470e-04  -1.8690927e-03
   1.6762420e-06  -5.6505694e-04  -4.9633702e-05  -1.9328971e-03
  -2.1197332e-04  -7.9725717e-04   7.0299386e-05  -1.9967014e-03
  -1.2576385e-04  -6.3246991e-04  -1.8455843e-04  -1.8278076e-03
  -8.8281470e-05  -2.8416956e-04  -1.3958352e-04  -2.0642590e-03
  -1.3316710e-05  -6.5494090e-04  -7.9616974e-05  -2.0905314e-03
  -5.4547328e-05  -6.8864738e-04  -1.0960025e-04  -1.9404035e-03
  -1.5574975e-04  -5.8003760e-04  -1.9580215e-04  -1.8203012e-03
   5.0403336e-05  -4.4521166e-04  -2.2953333e-04  -1.7715096e-03
  -2.2696628e-04  -5.3884078e-04  -2.1454170e-04  -2.0079610e-03
  -1.7074271e-04  -6.5119573e-04   2.8370240e-06  -1.8803523e-03
  -9.2029708e-05  -8.4594431e-04  -5.7129520e-05  -1.9066247e-03
  -3.6565108e-04  -9.4706377e-04  -3.8389975e-05  -2.2143869e-03
  -9.9526184e-05  -6.7741189e-04   2.1576569e-05  -1.9216375e-03
   1.3286457e-04  -8.2721849e-04  -1.7706261e-04  -1.7827692e-03
  -1.0702266e-04  -5.9501826e-04   1.6399711e-04  -2.0642590e-03
  -3.3566518e-04  -7.4857002e-04  -2.2953333e-04  -2.0942846e-03
  -7.3288518e-05  -1.0294574e-03  -4.3566833e-04  -2.0905314e-03
  -3.5806138e-05  -7.6729585e-04  -1.3208770e-04  -2.1205569e-03
  -1.5949799e-04  -9.2833794e-04  -4.0193715e-04  -2.2181401e-03
  -1.7064948e-05  -7.1111837e-04  -9.0860701e-05  -2.0830250e-03
  -1.7074271e-04  -5.4633111e-04  -8.3364883e-05  -1.7527436e-03
  -3.5440637e-04  -8.6092497e-04  -2.2953333e-04  -1.9366503e-03
  -2.0822509e-04  -9.1710245e-04  -4.6587940e-06  -2.0567526e-03
  -1.3700856e-04  -8.5343464e-04  -4.3192042e-04  -2.1505825e-03
  -2.6819689e-04  -9.2833794e-04  -5.4060978e-04  -2.4057999e-03
  -2.0447685e-04  -8.6467014e-04  -1.4333143e-04  -1.9929482e-03
  -2.8318985e-04  -9.3208311e-04  -1.0585234e-04  -2.0379866e-03
  -3.8814051e-04  -1.1043607e-03  -2.7450824e-04  -2.3007104e-03
  -8.4533232e-05  -8.0474750e-04  -4.2067669e-04  -2.0379866e-03
  -1.2951209e-04  -7.0362804e-04  -4.1318088e-04  -2.1468293e-03
  -1.3326033e-04  -1.0594187e-03  -3.7195388e-04  -2.0755186e-03
   2.0417432e-05  -1.0444381e-03  -4.7314742e-04  -2.0642590e-03
  -4.3311937e-04  -7.2235387e-04  -5.2936605e-04  -2.1580889e-03
  -3.9188875e-04  -8.5717981e-04  -3.2697897e-04  -2.1956209e-03
  -5.4547328e-05  -9.8077025e-04  -4.2067669e-04  -2.3082168e-03
  -1.0702266e-04  -8.2721849e-04  -4.6939951e-04  -1.9891950e-03
  -2.9068632e-04  -9.2833794e-04  -1.0210443e-04  -2.1468293e-03
  -2.9818280e-04  -1.1942447e-03  -3.0823942e-04  -2.2631784e-03
  -1.5949799e-04  -9.9200575e-04  -2.9324779e-04  -1.8728459e-03
  -4.2187465e-04  -6.0250859e-04  -1.5832306e-04  -2.1918677e-03
  -2.3446275e-04  -9.2459278e-04  -3.9444133e-04  -2.1768549e-03
  -4.3302614e-05  -9.7327992e-04  -2.7076033e-04  -1.7189649e-03
  -1.3700856e-04  -7.8227651e-04  -3.6445806e-04  -1.9366503e-03
  -2.5695218e-04  -9.6953476e-04  -2.1454170e-04  -1.9891950e-03
  -1.4450504e-04  -8.2347332e-04  -1.0585234e-04  -1.8916119e-03
   8.7885716e-05  -8.4219915e-04  -2.4077706e-04  -2.0004546e-03
  -1.4450504e-04  -9.4706377e-04  -1.0960025e-04  -2.0004546e-03
  -2.8309662e-05  -6.6992156e-04  -3.8319760e-04  -1.9929482e-03
  -2.4561424e-05  -7.2235387e-04  -1.9580215e-04  -1.8765991e-03
  -9.2029708e-05  -1.0818897e-03  -1.0585234e-04  -1.9103779e-03
  -1.5949799e-04  -8.1223783e-04  -3.5321433e-04  -2.1092973e-03
  -2.7944161e-04  -7.6355068e-04  -1.4707934e-04  -1.8540799e-03
  -2.6819689e-04  -1.1755188e-03  -2.2953333e-04  -1.8803523e-03
  -1.4825328e-04  -7.9725717e-04  -8.7112792e-05  -2.1468293e-03
  -5.0799090e-05  -6.3621507e-04  -1.9650430e-05  -1.8916119e-03
  -2.4945570e-04  -7.8602167e-04  -2.8949988e-04  -2.1505825e-03
  -5.8202340e-06  -7.7104101e-04  -2.2953333e-04  -2.1055441e-03
  -2.8309662e-05  -9.8826058e-04  -2.3328124e-04  -1.9516631e-03
  -2.1197332e-04  -8.7965080e-04  -3.4946642e-04  -2.1468293e-03
  -1.3700856e-04  -7.9725717e-04  -2.5202079e-04  -1.9253907e-03
  -1.2576385e-04  -6.6992156e-04  -1.4707934e-04  -2.1731017e-03
  -1.1826737e-04  -7.9725717e-04  -2.7076033e-04  -2.1017910e-03
  -1.3700856e-04  -9.9949608e-04  -3.3447479e-04  -2.3269828e-03
   5.4151574e-05  -5.9501826e-04  -1.7331470e-04  -2.4245659e-03
  -8.4533232e-05  -9.4706377e-04  -1.2833979e-04  -1.9328971e-03
  -1.2201561e-04  -1.1418123e-03  -2.9324779e-04  -2.3157232e-03
  -1.7449094e-04  -8.1972816e-04  -2.1454170e-04  -2.2519188e-03
  -1.7074271e-04  -8.0100233e-04  -7.5869065e-05  -2.0042078e-03
  -9.5684720e-06  -7.8227651e-04  -1.6207097e-04  -2.3682679e-03
  -1.6699447e-04  -7.8602167e-04  -1.6207097e-04  -2.3945403e-03
   8.4137478e-05  -5.6505694e-04  -1.3583561e-04  -2.0830250e-03
  -1.0702266e-04  -8.0474750e-04  -1.4333143e-04  -2.2031273e-03
  -2.0822509e-04  -8.2721849e-04  -2.5202079e-04  -2.2481656e-03
  -2.4561424e-05  -5.7254727e-04  -3.3072688e-04  -2.1393229e-03
  -8.8281470e-05  -7.1111837e-04  -1.0960025e-04  -2.2706848e-03
   1.0287867e-04  -7.2235387e-04  -1.5082725e-04  -2.3007104e-03
  -1.9323213e-04  -8.1972816e-04  -3.0823942e-04  -2.1993741e-03
  -2.2321804e-04  -6.9988288e-04  -1.6956679e-04  -2.0417398e-03
  -3.9554376e-05  -7.2984420e-04  -2.5576870e-04  -2.2444124e-03
   1.5160576e-04  -8.9463146e-04  -4.9633702e-05  -2.0867782e-03
   2.0782933e-04  -7.0362804e-04  -7.5869065e-05  -1.9028715e-03
  -5.4547328e-05  -7.7478618e-04  -2.9699570e-04  -2.2331528e-03
   1.5160576e-04  -8.1223783e-04   2.2021575e-04  -1.9516631e-03
  -1.8198742e-04  -5.6131177e-04   1.8648456e-04  -1.7902756e-03
  -1.3326033e-04  -6.6617639e-04   1.7828660e-05  -2.0792718e-03
   2.7154938e-04  -9.2459278e-04   5.5307750e-05  -2.0342334e-03
  -1.2201561e-04  -7.8227651e-04  -2.3398339e-05  -1.7827692e-03
  -9.9526184e-05  -6.2872474e-04   3.6568205e-05  -1.7752628e-03
   2.0417432e-05  -7.1486354e-04  -1.8830634e-04  -1.9441567e-03
  -7.3288518e-05  -6.2497958e-04  -2.8575197e-04  -1.8991183e-03
  -5.8295566e-05  -4.2274067e-04  -2.4827288e-04  -1.9591695e-03
  -1.9698037e-04  -7.2235387e-04  -2.4827288e-04  -2.1543357e-03
  -1.5200152e-04  -9.2084761e-04  -2.7825615e-04  -2.0792718e-03
   8.7885716e-05  -6.4745057e-04  -1.9205424e-04  -2.0004546e-03
   2.0417432e-05  -6.1748925e-04  -9.8356519e-05  -2.0605058e-03
  -2.1197332e-04  -5.8003760e-04  -1.6207097e-04  -1.9216375e-03
  -1.6324623e-04  -7.1111837e-04  -2.6326452e-04  -1.9441567e-03
  -2.4561424e-05  -8.3470882e-04  -2.0329797e-04  -1.9704291e-03
  -9.5777946e-05  -5.9127309e-04  -9.8356519e-05  -2.0079610e-03
  -2.6819689e-04  -7.1486354e-04  -3.0074361e-04  -2.0454930e-03
  -1.5949799e-04  -6.5494090e-04  -8.3364883e-05  -1.7414840e-03
  -1.6324623e-04  -6.6992156e-04  -2.1454170e-04  -1.9854418e-03
  -3.3941342e-04  -1.0107316e-03  -2.0329797e-04  -2.1993741e-03
  -2.4561424e-05  -8.1223783e-04   1.6024920e-04  -2.0229738e-03
  -2.6070042e-04  -7.6355068e-04  -4.8813906e-04  -2.1806081e-03
  -2.2696628e-04  -6.9613771e-04  -4.4316415e-04  -2.2068805e-03
  -2.9068632e-04  -6.1748925e-04  -1.2459188e-04  -2.0117142e-03
  -3.1692399e-04  -8.7590563e-04  -3.1573524e-04  -2.0154674e-03
  -2.4945570e-04  -1.0294574e-03  -1.9205424e-04  -1.9666759e-03
  -5.4556651e-04  -9.9949608e-04  -3.0823942e-04  -1.9666759e-03
   3.2402471e-04  -6.2872474e-04  -4.6939951e-04  -2.2331528e-03
  -7.6671255e-04  -7.3733453e-04  -4.6939951e-04  -2.1505825e-03
   5.4891899e-04  -7.7853134e-04  -3.2697897e-04  -2.0492462e-03
  -5.5681122e-04  -1.0032412e-03  -1.9580215e-04  -2.0755186e-03
  -5.7180417e-04  -1.1979898e-03  -3.6071015e-04  -2.1393229e-03
   1.2584511e-02  -5.6505694e-04  -1.5457515e-04  -2.3982935e-03
   1.8480490e-02   9.5922522e-04  -5.2561815e-04  -1.9704291e-03
   6.9246718e-03   2.5321945e-03   1.6968919e-03  -2.1393229e-03
  -6.8725923e-03   4.6860860e-04   9.2939034e-03  -4.2110877e-03
  -2.0186240e-03  -1.8533937e-03   1.0534461e-02  -5.4909278e-03
   7.9516890e-03  -3.2728112e-03   1.6706565e-03  -4.1885685e-03
   3.7649072e-03  -2.4900717e-03  -5.0943192e-03  -2.8824559e-03
  -1.5800802e-03   8.9930258e-04  -4.4834100e-03  -3.9746363e-03
  -4.7286001e-03   7.0080883e-04  -5.2929584e-03  -4.5638882e-03
  -1.8574498e-03  -7.8976684e-04  -1.2889970e-02  -2.8449240e-03
  -2.1760500e-03  -2.8908044e-03  -1.7252536e-02  -2.0980378e-03
  -1.1055626e-02  -3.1417305e-03  -1.9257667e-02  -1.9291439e-03
  -1.4477767e-02  -1.4301901e-03  -2.4620925e-02  -1.0133638e-03
  -6.2991118e-03  -1.3290706e-03  -3.1220993e-02   2.5896996e-04
   2.3143391e-03  -8.6467014e-04  -3.4714044e-02   1.7977807e-03
  -4.4212446e-03  -1.1530478e-03  -2.8500011e-02   1.7001976e-03
  -1.4039223e-02  -1.2654028e-03  -1.7349982e-02   2.9650193e-04
  -1.2592403e-02  -2.0443971e-03  -8.2575544e-03  -7.4688684e-04
  -2.8619776e-03  -3.3851662e-03  -1.3576539e-03  -1.1897641e-03
  -2.0719960e-06  -2.3777168e-03   6.3780302e-03  -1.4637475e-03
  -3.2480461e-03  -5.7629243e-04   1.7696715e-02  -2.5972130e-03
  -5.4931474e-04   6.4463136e-04   2.6976538e-02  -3.7231721e-03
   4.9006233e-03   3.8246981e-04   2.8977922e-02  -3.4979802e-03
   8.8062873e-03  -1.9428560e-04   2.9637553e-02  -3.0325838e-03
   3.9410744e-03   2.5513420e-04   2.9333973e-02  -2.5334086e-03
   1.1636300e-03   8.7308642e-04   2.7242640e-02  -2.2331528e-03
   3.7011871e-03   4.7235377e-04   2.1500843e-02  -1.6476541e-03
   3.7386695e-03  -5.8378276e-04   1.2487122e-02   5.1418736e-04
   3.2513986e-03  -9.1335728e-04   1.4934506e-02   1.0321285e-03
   2.2056402e-03  -1.4039739e-03   2.7156438e-02  -1.6176285e-03
   5.7777110e-03  -1.4638965e-03   3.2388519e-02  -3.3628651e-03
   7.0146295e-03  -8.6092497e-04   2.3839538e-02  -1.6101221e-03
   7.6668230e-03  -4.8266331e-04   1.6782226e-02  -2.8524360e-04
   8.1091150e-03   3.7914630e-05   1.9694351e-02  -2.1731017e-03
   4.7770247e-04   9.0346940e-05   1.6875923e-02  -3.2690352e-03
  -4.9272567e-03  -7.0737321e-04   5.9057937e-03  -2.2293996e-03
  -2.7495304e-03  -1.4114642e-03  -2.1484627e-03  -2.0680122e-03
   4.4771656e-04  -1.2242060e-03  -7.3505604e-03  -2.8336644e-03
  -4.5074541e-03  -6.6992156e-04  -1.4827639e-02  -2.6122257e-03
  -7.4947998e-03  -2.3173725e-04  -2.4069982e-02  -1.3136196e-03
  -4.0201831e-03  -1.1938230e-04  -2.8233909e-02  -1.2085301e-03
  -3.1206060e-03   4.5404960e-05  -2.7304428e-02  -2.2031273e-03
  -3.3230109e-03  -1.1343220e-03  -2.6517367e-02  -2.2293996e-03
  -8.0832731e-03  -3.1005336e-03  -2.3901327e-02  -2.3382424e-03
  -1.3075926e-02  -3.1979079e-03  -1.9223936e-02  -2.7323280e-03
  -8.9003890e-03  -2.9544722e-03  -1.1049747e-02  -3.5280058e-03
   3.3076222e-03  -2.1118101e-03  -8.1001422e-03  -4.1210109e-03
   7.3407262e-03   1.3903408e-04  -1.6791543e-02  -2.3119700e-03
  -8.5292202e-04   2.0603037e-03  -2.3770150e-02  -5.6298587e-05
  -3.7203241e-03   1.8992616e-03  -1.9047784e-02  -7.0184847e-04
  -1.8424569e-03   4.1659795e-05  -9.6592724e-03  -2.7435876e-03
  -3.5029263e-03  -1.5537805e-03  -8.2463107e-03  -2.5559278e-03
  -7.1087312e-03  -2.9132754e-03  -8.8272366e-03  -1.4074495e-03
  -4.8897743e-03  -3.3776759e-03   2.5324478e-05  -2.2444124e-03
  -2.8309662e-05  -2.2915780e-03   8.5930445e-03  -3.6593677e-03
   1.8907882e-03  -3.4034704e-04   7.2325535e-03  -2.2856976e-03
   6.4486456e-03   9.3675423e-04   4.6914712e-03  -2.5146483e-04
   1.0492994e-02   4.3490212e-04   1.1636347e-02  -1.5876030e-03
   7.5431311e-03  -4.3397616e-04   2.0219058e-02  -3.4229163e-03
  -3.5366604e-03  -1.1755188e-03   1.5732811e-02  -2.2031273e-03
  -4.9722356e-03  -1.2541673e-03   9.6911818e-03  -6.1177174e-04
   5.3654048e-03  -1.0332026e-03   1.0643151e-02  -1.2798408e-03
   6.5161139e-03  -9.7327992e-04   1.0459503e-02  -1.6176285e-03
   2.1868990e-03   1.6150507e-04   1.0808059e-02  -1.5613306e-03
  -4.4061584e-04   1.9521156e-04   1.1943675e-02  -1.9629227e-03
   2.0069836e-03  -8.4219915e-04   1.4304858e-02  -1.8991183e-03
   4.3908629e-03  -1.1567930e-03   1.7149521e-02  -2.6722769e-03
   7.1384146e-04  -5.7629243e-04   1.4188673e-02  -2.4245659e-03
   8.1504389e-04   4.7984410e-04   1.1752532e-02  -2.0905314e-03
   4.9868328e-03   2.5513420e-04   1.2176045e-02  -3.0063114e-03
   5.2679506e-03  -3.3660187e-04   6.6816109e-03  -2.0492462e-03
   7.1384146e-04  -5.3135045e-04   1.4045550e-03  -1.2197897e-03
  -2.9481871e-03  -9.3582827e-04   2.1271993e-04  -1.7489904e-03
  -2.3522172e-03  -9.5455410e-04  -3.1004316e-03  -2.2444124e-03
   3.0528352e-04  -7.7853134e-04  -8.4224624e-03  -1.9891950e-03
  -3.8814051e-04  -9.0212179e-04  -1.3804460e-02  -1.0358830e-03
  -2.7907611e-03  -7.3733453e-04  -1.4587773e-02  -1.6138753e-03
  -4.8822779e-03  -9.0961212e-04  -1.2856239e-02  -2.4996298e-03
  -5.8155891e-03  -1.6211935e-03  -1.3279752e-02  -2.3645147e-03
  -3.1993190e-03  -1.8871002e-03  -1.3369702e-02  -2.4883702e-03
  -2.7045516e-03  -1.7298032e-03  -1.1645664e-02  -2.5033830e-03
  -3.5741428e-03  -1.0444381e-03  -8.8422282e-03  -2.6647705e-03
  -1.7862333e-03  -6.8490222e-04  -6.4885414e-03  -3.1414265e-03
   1.6808869e-03  -1.0032412e-03  -4.8544530e-03  -3.3703715e-03
  -4.7050852e-05  -1.4863675e-03  -7.7253513e-03  -2.3495020e-03
  -4.9422497e-03  -1.3065996e-03  -1.0401358e-02  -1.1184533e-03
  -2.3409725e-03  -1.2878738e-03  -5.7839345e-03  -2.1843613e-03
   1.5159644e-03  -1.7485291e-03  -4.1948211e-03  -2.6835365e-03
   8.0754741e-04  -9.9575091e-04  -7.7553346e-03  -1.2648280e-03
  -8.9790088e-04  -7.8227651e-04  -7.4967289e-03  -9.3454669e-04
  -1.2576385e-04  -4.9015364e-04  -2.5082620e-03  -1.6964457e-03
   1.3023148e-03  -6.0999892e-04   1.9779851e-03  -2.5071362e-03
  -4.3311937e-04  -1.3328158e-03   1.1234618e-03  -2.4057999e-03
  -1.2464870e-03  -4.2274067e-04   1.3895634e-03  -1.8240544e-03
   6.0514256e-04  -8.3096365e-04   6.8727542e-03  -2.5596810e-03
   2.4642686e-03  -8.7965080e-04   9.5375175e-03  -3.3178268e-03
   2.6029534e-03  -2.3173725e-04   6.7828044e-03  -2.5334086e-03
   5.5266723e-04  -8.1223783e-04   3.6158213e-03  -1.4449815e-03
   5.5641547e-04  -4.4521166e-04   5.0512704e-03  -1.7339776e-03
   1.7595999e-03  -7.5231519e-04   6.7415774e-03  -2.4808638e-03
  -4.4061584e-04  -1.2616576e-03   2.5589110e-03  -1.4412283e-03
   6.0889080e-04  -9.8451542e-04   2.3377843e-03  -8.6323594e-04
   4.8106656e-03  -9.9200575e-04   7.2587888e-03  -2.5146426e-03
   3.2364056e-03  -4.7142781e-04   5.6209526e-03  -2.4358255e-03
  -9.5684720e-06  -2.8416956e-04   1.7755980e-03  -1.1034405e-03
   7.6641002e-05  -6.2123441e-04   1.9217664e-03  -1.5575774e-03
   1.3135595e-03  -7.4857002e-04   5.3960781e-03  -2.5746938e-03
   7.1758970e-04  -9.9575091e-04   6.3930219e-03  -3.0288306e-03
  -1.4563883e-03  -8.0849266e-04   1.2171595e-03  -1.9516631e-03
  -2.6444866e-04  -4.1899550e-04  -4.0193715e-04  -1.7189649e-03
   2.2168849e-03  -5.3509562e-04   1.5319839e-03  -2.9237411e-03
   7.2133794e-04  -3.7779869e-04  -1.5082725e-04  -2.5746938e-03
  -1.7412544e-03  -2.6918890e-04  -3.5689203e-03  -1.9479099e-03
  -1.1377881e-03  -6.9613771e-04  -4.9219154e-03  -1.9216375e-03
   4.1773066e-04  -9.0586695e-04  -4.1498461e-03  -2.0267270e-03
  -8.8290793e-04  -8.9088629e-04  -5.0193610e-03  -1.8916119e-03
  -1.9998829e-03  -7.9725717e-04  -5.6377660e-03  -1.6926925e-03
   2.9778704e-04  -9.5080893e-04  -3.3140624e-03  -2.3344892e-03
   1.3922725e-03  -8.4594431e-04  -2.1672023e-03  -2.7248217e-03
  -6.0928655e-04  -8.3470882e-04  -3.8275260e-03  -2.3682679e-03
  -1.1527811e-03  -9.9575091e-04  -4.8769405e-03  -2.1655953e-03
  -1.1790187e-03  -7.2235387e-04  -4.8432093e-03  -2.2969572e-03
  -1.8049745e-03  -1.2054801e-03  -4.6670576e-03  -2.3457488e-03
  -8.6416674e-04  -1.0968704e-03  -3.3140624e-03  -2.5108894e-03
  -6.6551012e-04  -9.9200575e-04  -2.7406324e-03  -2.7661068e-03
  -8.0794317e-04  -1.1081059e-03  -3.5014579e-03  -2.4245659e-03
  -5.3807003e-04  -6.0999892e-04  -4.4271914e-03  -1.9779355e-03
  -9.2029708e-05  -8.7216047e-04  -4.1498461e-03  -1.9854418e-03
   3.4276590e-04  -6.0625375e-04  -2.4745308e-03  -2.1956209e-03
  -5.0058765e-04  -7.2235387e-04  -2.3096228e-03  -2.0717654e-03
  -7.3297841e-04  -1.0144767e-03  -2.4707829e-03  -1.8765991e-03
   3.6150709e-04  -5.2760529e-04  -1.3688977e-03  -1.8615863e-03
   1.0999100e-03  -5.1636979e-04  -4.2817251e-04  -1.7715096e-03
   5.4142251e-04  -3.8528902e-04   3.9261956e-04  -1.9704291e-03
   9.1727180e-06  -4.4895682e-04   1.1459493e-03  -2.0867782e-03
   5.0394013e-04  -5.2011496e-04   2.2440866e-03  -2.1092973e-03
   9.6872165e-04  -5.2386012e-04   3.2147950e-03  -2.1806081e-03
   5.5266723e-04  -8.6092497e-04   3.4996361e-03  -2.0004546e-03
   5.3017780e-04  -7.2609903e-04   3.7844772e-03  -2.0042078e-03
   1.3135595e-03  -5.9876342e-04   3.7320065e-03  -2.3795275e-03
   1.0399382e-03  -6.3621507e-04   2.6900878e-03  -2.0717654e-03
   3.6900357e-04  -5.7629243e-04   1.4270424e-03  -1.4187091e-03
   6.6511437e-04  -6.2872474e-04   1.9892288e-03  -1.8428204e-03
   1.1748747e-03  -7.2609903e-04   2.5176840e-03  -1.9854418e-03
   6.3138023e-04  -6.6243123e-04   1.2846219e-03  -1.5200454e-03
  -9.5777946e-05  -4.3023100e-04   7.7795204e-05  -1.6101221e-03
  -3.5806138e-05  -6.2872474e-04   4.3384656e-04  -1.7677564e-03
   1.6659871e-04  -6.1748925e-04   1.4345383e-03  -2.0642590e-03
   7.2892764e-05  -5.6880210e-04   8.9109146e-04  -2.2706848e-03
  -5.3057355e-04  -8.5717981e-04  -2.2953333e-04  -1.9103779e-03
  -4.5186056e-04  -8.9463146e-04  -2.6326452e-04  -2.0117142e-03
   4.6655098e-05  -8.8339596e-04   2.4270320e-04  -2.2932040e-03
  -1.2201561e-04  -5.1636979e-04  -3.7570179e-04  -2.1768549e-03
  -4.3686760e-04  -7.3733453e-04  -1.5637889e-03  -2.2181401e-03
  -4.1437818e-04  -1.1230865e-03  -1.9610673e-03  -2.0717654e-03
  -3.0193104e-04  -8.3845398e-04  -1.6762262e-03  -2.0042078e-03
  -5.2682532e-04  -9.5455410e-04  -1.7024616e-03  -2.0605058e-03
  -4.6685351e-04  -9.9949608e-04  -2.3995726e-03  -1.7077053e-03
  -1.1451914e-04  -1.0669090e-03  -2.1297232e-03  -1.9366503e-03
  -5.8295566e-05  -1.0406929e-03  -1.5487973e-03  -2.3232296e-03
  -4.5560879e-04  -8.9837662e-04  -1.9385798e-03  -2.2181401e-03
  -7.1798545e-04  -9.5455410e-04  -1.9685631e-03  -2.2218933e-03
  -4.0313346e-04  -8.8339596e-04  -1.4288642e-03  -2.1580889e-03
  -5.4931474e-04  -1.0519284e-03  -1.2489646e-03  -2.2819444e-03
  -1.0178445e-03  -9.3208311e-04  -1.3276707e-03  -2.2293996e-03
  -7.9669845e-04  -8.9088629e-04  -1.4513517e-03  -2.1430761e-03
  -3.3941342e-04  -1.0519284e-03  -1.2976874e-03  -2.2068805e-03
  -7.7036756e-05  -8.3096365e-04  -6.8303032e-04  -2.0379866e-03
  -1.4825328e-04  -9.0961212e-04  -6.1931587e-04  -2.0004546e-03
  -3.5065813e-04  -9.1335728e-04  -8.7792159e-04  -2.0792718e-03
  -2.8318985e-04  -9.3957344e-04  -2.6326452e-04  -1.9328971e-03
  -1.0702266e-04  -9.5829926e-04   8.9038931e-05  -1.7940288e-03
   1.8533990e-04  -7.2235387e-04   1.6024920e-04  -1.9854418e-03
   1.1412338e-04  -8.6841530e-04   9.2857055e-04  -1.8015352e-03
   2.4165670e-05  -8.0849266e-04   1.1197139e-03  -1.7902756e-03
   1.1787162e-04  -7.1111837e-04   1.4420341e-03  -2.0717654e-03
  -2.4945570e-04  -8.9837662e-04   1.8093292e-03  -2.1393229e-03
  -8.4533232e-05  -8.1223783e-04   1.5319839e-03  -2.2068805e-03
   3.0903176e-04  -8.7965080e-04   1.7343710e-03  -2.0342334e-03
   2.6030466e-04  -9.9949608e-04   1.4945048e-03  -2.0417398e-03
   1.6669194e-05  -8.1598299e-04   8.2737700e-04  -1.8540799e-03
  -4.8559470e-04  -7.8976684e-04   2.6144274e-04  -1.6589137e-03
  -1.9323213e-04  -9.0586695e-04   2.5019902e-04  -1.8916119e-03
   2.6030466e-04  -9.1710245e-04   3.7013211e-04  -1.7377308e-03
   7.2892764e-05  -7.8602167e-04   1.5650129e-04  -1.7414840e-03
  -2.9068632e-04  -6.3246991e-04   2.1271993e-04  -1.9216375e-03
  -3.2442046e-04  -8.1598299e-04  -1.5902521e-05  -1.8052884e-03
   8.7885716e-05  -8.7590563e-04   1.6774502e-04  -2.0717654e-03
  -5.1183236e-04  -7.1111837e-04   1.9772829e-04  -2.1655953e-03
  -9.3913150e-04  -8.6467014e-04  -9.0860701e-05  -2.1318165e-03
  -4.8934294e-04  -7.9725717e-04  -5.3381611e-05  -2.2256465e-03
  -2.3446275e-04  -7.8602167e-04  -2.2203752e-04  -2.0980378e-03
  -1.0327442e-04  -8.9463146e-04  -2.7825615e-04  -2.0567526e-03
  -4.8934294e-04  -7.4107969e-04  -3.5696224e-04  -1.8240544e-03
  -6.2053127e-04  -8.7216047e-04  -3.4571851e-04  -2.0605058e-03
  -4.3311937e-04  -6.8490222e-04  -5.6309724e-04  -2.2106337e-03
  -3.2442046e-04  -5.8003760e-04  -7.2050941e-04  -1.7602500e-03
  -2.2696628e-04  -7.3733453e-04  -4.8439115e-04  -2.0117142e-03
  -3.1692399e-04  -5.3884078e-04  -4.7689533e-04  -2.1505825e-03
  -2.6444866e-04  -7.1860870e-04  -3.6820597e-04  -2.0905314e-03
  -4.8934294e-04  -7.7853134e-04  -3.4571851e-04  -2.3232296e-03
  -6.8425131e-04  -5.7629243e-04  -1.5832306e-04  -2.3044636e-03
  -4.5560879e-04  -7.4857002e-04   9.6534749e-05  -2.1731017e-03
  -3.3941342e-04  -8.3470882e-04   1.2277011e-04  -2.0492462e-03
  -2.6070042e-04  -6.7741189e-04   3.3640092e-04  -2.0717654e-03
  -1.3326033e-04  -6.0250859e-04   1.9398038e-04  -2.2744380e-03
  -1.8948390e-04  -7.6729585e-04   2.6144274e-04  -2.1731017e-03
