   2.4165670e-05  -8.0100233e-04   8.1543113e-05  -1.9704291e-03
   1.0662691e-04  -5.8752793e-04   1.0403057e-04  -1.7977820e-03
  -1.2201561e-04  -6.5119573e-04  -1.2833979e-04  -2.0755186e-03
   4.6655098e-05  -8.2721849e-04  -3.4642066e-05  -2.1355697e-03
   1.0662691e-04  -5.9876342e-04   2.5324478e-05  -1.9779355e-03
  -8.0784994e-05  -6.1374408e-04  -1.5082725e-04  -1.9066247e-03
   2.0417432e-05  -7.0362804e-04  -8.7112792e-05  -2.1881145e-03
   3.9158622e-05  -6.0999892e-04  -1.9205424e-04  -2.2894508e-03
  -1.8573566e-04  -6.5119573e-04  -7.9616974e-05  -1.9854418e-03
  -2.5695218e-04  -9.1335728e-04   2.1576569e-05  -2.0680122e-03
  -2.5695218e-04  -9.5455410e-04  -3.8389975e-05  -1.9891950e-03
  -3.6190284e-04  -7.7104101e-04   2.1646784e-04  -1.9816886e-03
  -1.8948390e-04  -7.2609903e-04   1.2277011e-04  -2.1243101e-03
  -3.1317575e-04  -8.0849266e-04  -2.3398339e-05  -1.9404035e-03
  -2.5695218e-04  -7.6355068e-04  -2.5951661e-04  -1.9103779e-03
   2.2282228e-04  -6.4745057e-04  -5.0313069e-04  -1.9516631e-03
   1.2161986e-04  -7.4482486e-04  -4.5065997e-04  -2.1243101e-03
  -1.1077090e-04  -7.4482486e-04  -3.2697897e-04  -2.0304802e-03
  -3.3191694e-04  -8.3845398e-04  -8.3364883e-05  -2.0605058e-03
  -4.1437818e-04  -8.6092497e-04   2.0147620e-04  -2.2218933e-03
  -2.7944161e-04  -8.8339596e-04   2.8018229e-04  -2.0192206e-03
  -2.6444866e-04  -1.0032412e-03  -5.3381611e-05  -2.1168037e-03
  -9.5777946e-05  -8.1598299e-04  -2.8200406e-04  -2.0004546e-03
  -6.2043804e-05  -7.8227651e-04  -3.4571851e-04  -1.8765991e-03
  -3.3191694e-04  -6.3246991e-04  -2.1828961e-04  -2.1543357e-03
  -1.4825328e-04  -7.6729585e-04  -4.5885793e-05  -2.2369060e-03
   1.2536810e-04  -1.0743994e-03  -3.7195388e-04  -1.9816886e-03
  -3.9563699e-04  -9.1710245e-04  -3.4197060e-04  -2.0717654e-03
  -3.8064403e-04  -8.7216047e-04  -2.7146248e-05  -2.3607615e-03
   1.2920956e-05  -8.0849266e-04  -4.8813906e-04  -2.0980378e-03
  -3.0942751e-04  -9.7327992e-04  -3.3072688e-04  -2.0680122e-03
  -1.9323213e-04  -1.1006155e-03   1.1152638e-04  -2.0717654e-03
  -2.3821099e-04  -9.5829926e-04  -4.2067669e-04  -2.0304802e-03
  -3.5440637e-04  -8.1972816e-04  -3.6445806e-04  -2.1918677e-03
  -2.9443456e-04  -8.4968948e-04  -2.0704588e-04  -2.1280633e-03
  -4.8184646e-04  -1.0406929e-03  -4.5440787e-04  -2.0792718e-03
  -1.5200152e-04  -8.9463146e-04  -2.9699570e-04  -2.0755186e-03
  -2.6444866e-04  -9.9200575e-04  -2.5951661e-04  -2.0605058e-03
  -3.9188875e-04  -1.1155962e-03  -3.5696224e-04  -2.0605058e-03
  -1.9323213e-04  -9.1710245e-04  -2.1079379e-04  -2.3082168e-03
  -4.6310527e-04  -9.2459278e-04  -2.7146248e-05  -2.2369060e-03
  -3.6190284e-04  -9.0212179e-04   2.5324478e-05  -1.8653395e-03
   5.4244800e-06  -8.0849266e-04  -2.0329797e-04  -1.9554163e-03
  -5.8295566e-05  -8.5717981e-04  -1.8081052e-04  -1.9891950e-03
  -6.2043804e-05  -1.0294574e-03  -2.5951661e-04  -2.0079610e-03
   2.6405290e-04  -9.8451542e-04  -5.8183678e-04  -1.9591695e-03
  -1.3316710e-05  -9.0961212e-04  -1.7331470e-04  -1.7677564e-03
  -3.2442046e-04  -8.6467014e-04  -2.7825615e-04  -1.8165480e-03
  -3.9554376e-05  -8.0849266e-04  -5.2936605e-04  -2.0304802e-03
  -1.5949799e-04  -1.0294574e-03   6.5849330e-06  -2.1205569e-03
  -4.2187465e-04  -9.5455410e-04   2.7643438e-04  -2.1205569e-03
  -3.8064403e-04  -7.4857002e-04   2.2771156e-04  -2.2932040e-03
  -3.0942751e-04  -8.1223783e-04   1.4080751e-05  -2.1393229e-03
  -1.5949799e-04  -8.5717981e-04   2.9072387e-05  -1.8578331e-03
  -3.2057900e-05  -8.4219915e-04  -2.7825615e-04  -1.9816886e-03
  -1.2201561e-04  -5.8378276e-04  -6.5679496e-04  -2.0492462e-03
  -4.3302614e-05  -5.2011496e-04  -4.1318088e-04  -1.8991183e-03
   8.0389240e-05  -6.9613771e-04  -6.7178660e-04  -2.0905314e-03
  -9.2029708e-05  -8.2721849e-04  -4.8064324e-04  -2.1017910e-03
  -2.8693808e-04  -9.3957344e-04  -3.8389975e-05  -1.9741823e-03
  -4.2562289e-04  -1.0182219e-03   4.4064023e-05  -2.2369060e-03
  -2.7194513e-04  -1.0556735e-03   1.3401384e-04  -2.1318165e-03
  -1.2576385e-04  -1.0369477e-03  -2.6701242e-04  -2.2031273e-03
  -2.6444866e-04  -1.0032412e-03  -5.7129520e-05  -2.2669316e-03
  -2.4945570e-04  -7.0737321e-04  -6.0877429e-05  -2.2594252e-03
  -6.2043804e-05  -6.5868606e-04  -1.8830634e-04  -2.3457488e-03
  -9.2029708e-05  -9.0586695e-04  -5.7129520e-05  -2.0492462e-03
  -2.2696628e-04  -8.3096365e-04  -3.1948315e-04  -2.1806081e-03
  -1.8948390e-04  -6.6992156e-04  -6.4625338e-05  -2.3082168e-03
   5.7899812e-05  -7.7478618e-04  -1.4707934e-04  -2.3682679e-03
  -2.0719960e-06  -9.2833794e-04  -3.8389975e-05  -2.2556720e-03
  -3.3191694e-04  -9.3208311e-04  -1.4333143e-04  -2.1243101e-03
  -1.9698037e-04  -9.0961212e-04  -3.6445806e-04  -2.1956209e-03
  -1.5949799e-04  -8.7216047e-04   7.0299386e-05  -2.0229738e-03
  -2.5320394e-04  -8.9463146e-04  -2.6701242e-04  -2.2031273e-03
  -1.4075680e-04  -7.5231519e-04  -1.6207097e-04  -2.1280633e-03
   5.4244800e-06  -5.7629243e-04  -2.3398339e-05  -1.9891950e-03
  -9.5777946e-05  -7.5980552e-04  -2.2203752e-04  -2.1618421e-03
  -2.9443456e-04  -9.4331860e-04   7.7795204e-05  -2.1918677e-03
   1.0662691e-04  -9.3957344e-04   2.1576569e-05  -2.1993741e-03
   1.1412338e-04  -8.1223783e-04  -2.7146248e-05  -2.1318165e-03
  -2.5320394e-04  -8.0474750e-04  -5.3381611e-05  -1.9967014e-03
   9.9130430e-05  -7.5606035e-04  -2.6326452e-04  -1.9366503e-03
   1.4785752e-04  -5.2011496e-04   2.8370240e-06  -1.9891950e-03
   5.4151574e-05  -4.8640847e-04   1.0403057e-04  -2.0454930e-03
   3.1662146e-05  -6.9988288e-04   7.4047295e-05  -2.1918677e-03
  -1.6699447e-04  -9.2084761e-04   2.0522411e-04  -2.1618421e-03
   2.0782933e-04  -7.5980552e-04  -1.1709606e-04  -1.7339776e-03
   9.5382192e-05  -5.2386012e-04  -8.4067030e-06  -1.8353140e-03
  -6.2043804e-05  -4.3772133e-04   8.1543113e-05  -2.2181401e-03
   9.1727180e-06  -5.6131177e-04  -1.5832306e-04  -2.0717654e-03
  -9.9526184e-05  -7.4857002e-04  -1.8830634e-04  -2.1017910e-03
   8.7885716e-05  -7.2609903e-04  -1.5082725e-04  -2.0154674e-03
  -2.5320394e-04  -8.8339596e-04   2.1576569e-05  -2.0680122e-03
  -3.4690989e-04  -9.5829926e-04   6.2803568e-05  -2.1393229e-03
  -1.8198742e-04  -8.8339596e-04   2.4270320e-04  -1.8953651e-03
  -3.3941342e-04  -7.7853134e-04   9.2786840e-05  -2.0117142e-03
  -2.7569337e-04  -7.1860870e-04  -7.2121156e-05  -1.8841055e-03
  -2.0813186e-05  -8.6467014e-04  -2.3328124e-04  -1.9779355e-03
  -4.3302614e-05  -9.4331860e-04  -5.0313069e-04  -2.0079610e-03
  -2.6819689e-04  -7.8976684e-04  -4.6565160e-04  -1.9779355e-03
  -1.3700856e-04  -7.2609903e-04  -5.0687860e-04  -2.2181401e-03
  -1.1451914e-04  -8.8714113e-04  -2.1079379e-04  -1.8916119e-03
  -8.0784994e-05  -8.7590563e-04  -2.5576870e-04  -1.7940288e-03
  -5.4547328e-05  -8.7965080e-04  -5.7129520e-05  -1.9516631e-03
  -3.2816870e-04  -9.6953476e-04   1.7828660e-05  -2.0567526e-03
  -4.1812641e-04  -1.0032412e-03  -3.4946642e-04  -2.0717654e-03
  -2.2696628e-04  -1.0444381e-03  -6.0877429e-05  -2.1468293e-03
  -6.5792042e-05  -8.0849266e-04  -4.3566833e-04  -2.2781912e-03
  -1.0327442e-04  -8.8339596e-04  -4.3566833e-04  -1.9629227e-03
  -1.5949799e-04  -1.1193414e-03   2.5324478e-05  -1.9366503e-03
  -1.7823918e-04  -1.0669090e-03  -2.3702915e-04  -2.1355697e-03
  -3.5440637e-04  -9.7327992e-04  -2.0329797e-04  -2.1993741e-03
  -4.3686760e-04  -8.3470882e-04  -7.2121156e-05  -2.3044636e-03
  -2.6819689e-04  -1.1081059e-03  -1.7331470e-04  -2.1768549e-03
  -3.0942751e-04  -1.1118510e-03  -1.0210443e-04  -2.1318165e-03
  -3.4316165e-04  -1.0818897e-03  -8.7112792e-05  -2.3795275e-03
  -3.7689580e-04  -1.0032412e-03  -2.8575197e-04  -2.2106337e-03
  -3.2442046e-04  -7.2984420e-04  -3.2323106e-04  -2.1243101e-03
  -4.3302614e-05  -9.8826058e-04  -2.8949988e-04  -2.2369060e-03
  -5.0799090e-05  -8.2721849e-04  -2.5576870e-04  -1.9967014e-03
  -1.7823918e-04  -9.8077025e-04  -1.8081052e-04  -2.2143869e-03
  -4.3311937e-04  -1.1193414e-03  -1.3958352e-04  -2.1055441e-03
  -4.0688170e-04  -8.4968948e-04  -3.4642066e-05  -1.7114585e-03
  -1.8948390e-04  -9.9949608e-04   8.1543113e-05  -1.8690927e-03
  -1.4450504e-04  -7.0362804e-04  -1.2084397e-04  -1.8503268e-03
   9.1727180e-06  -7.3733453e-04  -2.7825615e-04  -1.9816886e-03
  -5.8295566e-05  -1.0481832e-03  -2.1454170e-04  -2.0830250e-03
   1.4410929e-04  -7.5980552e-04  -4.6190369e-04  -1.7977820e-03
   1.6659871e-04  -6.8864738e-04  -5.7059305e-04  -1.8615863e-03
  -4.3302614e-05  -8.0474750e-04  -4.4691206e-04  -1.9854418e-03
   5.4244800e-06  -7.4482486e-04  -3.7570179e-04  -1.8615863e-03
  -2.3821099e-04  -9.8451542e-04  -3.2323106e-04  -1.8916119e-03
  -1.7074271e-04  -1.1642833e-03  -2.0329797e-04  -1.9441567e-03
  -3.0567927e-04  -9.9200575e-04  -2.3398339e-05  -2.0980378e-03
  -3.8814051e-04  -1.0144767e-03   3.6568205e-05  -2.0792718e-03
  -1.7064948e-05  -8.9088629e-04  -9.8356519e-05  -2.1092973e-03
  -1.1451914e-04  -7.0737321e-04  -3.6820597e-04  -2.2744380e-03
   5.0403336e-05  -6.5119573e-04  -5.5185351e-04  -1.9929482e-03
   2.4905995e-04  -6.6243123e-04  -7.0176987e-04  -1.9554163e-03
   2.7913908e-05  -8.7216047e-04  -5.4435769e-04  -2.0079610e-03
  -5.8295566e-05  -8.8714113e-04  -1.8081052e-04  -2.0379866e-03
  -1.9323213e-04  -1.0519284e-03   7.0299386e-05  -2.1393229e-03
  -3.7314756e-04  -9.8451542e-04   1.6399711e-04  -2.2781912e-03
  -3.7314756e-04  -7.2235387e-04   1.1152638e-04  -2.3570083e-03
  -1.8573566e-04  -8.7965080e-04  -2.7146248e-05  -1.8465736e-03
   7.6641002e-05  -7.2984420e-04  -3.1948315e-04  -2.0830250e-03
  -5.4547328e-05  -6.9613771e-04  -3.1948315e-04  -2.5183958e-03
  -3.9938522e-04  -8.2721849e-04  -1.5832306e-04  -2.1731017e-03
  -3.2816870e-04  -8.1972816e-04  -5.7129520e-05  -2.2932040e-03
  -2.3446275e-04  -9.3208311e-04  -2.4077706e-04  -2.1768549e-03
  -1.3326033e-04  -9.1335728e-04  -3.5696224e-04  -1.9704291e-03
  -1.0702266e-04  -7.5980552e-04  -9.1088500e-07  -2.2031273e-03
  -1.0702266e-04  -8.0100233e-04  -7.5869065e-05  -2.0755186e-03
  -5.8202340e-06  -1.1268317e-03  -1.2833979e-04  -2.0529994e-03
  -2.6819689e-04  -9.4331860e-04  -7.9616974e-05  -2.1318165e-03
  -1.6699447e-04  -7.6355068e-04  -2.0329797e-04  -2.1543357e-03
  -1.0702266e-04  -7.8227651e-04  -1.5832306e-04  -2.2369060e-03
  -2.1572156e-04  -7.8976684e-04  -6.4625338e-05  -2.1430761e-03
  -1.0327442e-04  -1.1455575e-03  -5.3381611e-05  -2.2181401e-03
  -1.9323213e-04  -9.7702509e-04  -3.5321433e-04  -2.3757743e-03
  -3.9554376e-05  -7.8976684e-04  -1.4707934e-04  -2.1505825e-03
  -4.7050852e-05  -8.7590563e-04   1.1902220e-04  -1.9816886e-03
  -1.2576385e-04  -8.0849266e-04  -3.4642066e-05  -2.0680122e-03
  -1.9323213e-04  -7.3733453e-04   1.7149293e-04  -1.9929482e-03
  -3.5806138e-05  -5.4633111e-04   2.5394693e-04  -1.9929482e-03
   2.6405290e-04  -6.4370540e-04   1.0777848e-04  -2.0342334e-03
  -4.3302614e-05  -7.7104101e-04   4.0316114e-05  -2.0042078e-03
  -5.8202340e-06  -6.9613771e-04   8.9038931e-05  -1.9404035e-03
  -1.1077090e-04  -6.6243123e-04  -1.6207097e-04  -1.9404035e-03
  -5.0799090e-05  -5.2386012e-04  -2.7076033e-04  -2.1355697e-03
   7.2892764e-05  -5.8752793e-04   3.2820296e-05  -2.0792718e-03
  -3.5440637e-04  -9.7702509e-04  -4.2442460e-04  -1.8878587e-03
  -2.3821099e-04  -1.0594187e-03  -2.5576870e-04  -2.0567526e-03
  -1.4825328e-04  -7.9725717e-04   7.0299386e-05  -2.0792718e-03
  -3.9554376e-05  -8.7590563e-04  -3.3072688e-04  -1.9441567e-03
   3.1662146e-05  -9.3208311e-04  -3.6445806e-04  -2.0567526e-03
  -2.4561424e-05  -6.0999892e-04  -5.4060978e-04  -1.8953651e-03
   4.2906860e-05  -5.7629243e-04   4.7811932e-05  -1.8315608e-03
   2.0782933e-04  -6.1748925e-04  -5.7808887e-04  -1.8916119e-03
   8.0389240e-05  -7.8227651e-04  -4.2137884e-05  -1.9891950e-03
  -4.8184646e-04  -9.8826058e-04   4.4064023e-05  -2.1918677e-03
  -2.6819689e-04  -9.3208311e-04   1.2277011e-04  -1.8653395e-03
  -1.8573566e-04  -1.0594187e-03   3.4389674e-04  -2.0492462e-03
  -2.6070042e-04  -9.1335728e-04  -1.5902521e-05  -2.0004546e-03
   1.6762420e-06  -7.8602167e-04  -1.6837220e-03  -2.0042078e-03
  -2.6444866e-04  -8.2347332e-04   1.7201991e-02  -2.0867782e-03
  -6.5792042e-05  -7.2235387e-04   1.0604617e-01   5.8549810e-04
   8.9375689e-04  -8.4594431e-04   1.3330472e-01   3.5054854e-03
  -3.8439227e-04  -5.7629243e-04   3.0387135e-02   6.5605877e-03
  -4.2188397e-03  -1.8679527e-04  -1.4673975e-02   5.7574036e-03
   3.9524123e-04  -4.0733835e-05   1.2142314e-02  -2.1355697e-03
   1.1598818e-03   6.0385620e-05  -2.4898270e-02  -5.4496427e-03
  -1.4080454e-02  -7.8227651e-04  -1.3302170e-01  -3.7231721e-03
  -1.5234911e-02  -1.9919648e-03  -1.8680794e-01  -4.9204419e-03
  -1.3964259e-02  -3.4975211e-03  -1.5724069e-01  -8.1181657e-03
  -2.1374525e-02  -4.2914961e-03  -1.2411292e-01  -7.3037220e-03
  -1.3634414e-02  -3.5125018e-03  -8.3519315e-02  -3.9483639e-03
  -8.4880828e-03  -2.6623493e-03  -3.4541640e-02  -5.9037795e-03
  -8.6305159e-03  -1.8679527e-04   5.0700100e-03  -5.7273793e-03
  -6.5801365e-04   4.6298000e-07   3.3760253e-02  -7.9943159e-04
   1.4132534e-02  -1.4901127e-03   6.2967708e-02   9.0827304e-04
   1.9357577e-02   3.2629233e-04   9.5334650e-02   3.2652751e-04
   5.8564240e-03   6.9706367e-04   1.0184477e-01   6.5680884e-04
   7.3819569e-03   1.4123902e-03   9.1470556e-02   1.1747500e-03
   2.3514373e-02   1.0079124e-03   6.0145533e-02  -2.1768606e-04
   2.2067553e-02  -2.1080649e-03   1.1591372e-02  -1.5876030e-03
   2.9065607e-03  -1.7522742e-03  -1.5779608e-02  -3.8770531e-03
  -8.8666549e-03  -1.3253254e-03  -2.5973920e-02  -6.5605890e-03
   1.0174487e-03  -1.6249386e-03  -2.8949760e-02  -5.9413115e-03
   1.3049293e-02  -1.0556735e-03  -2.6937133e-02  -4.1998281e-03
   1.1126447e-02  -4.5270199e-04  -1.6184382e-02  -3.7869764e-03
   1.0024558e-03   1.2663287e-03  -1.4663433e-03  -4.6952501e-03
  -2.1572156e-04   6.2216037e-04   6.6666192e-03  -5.0555570e-03
   5.7177392e-03  -2.0781036e-03   1.9704892e-03  -2.9312475e-03
  -4.7060175e-04  -2.0968294e-03  -8.8797073e-03   4.0909784e-04
  -6.0367352e-03  -9.0212179e-04   2.6488608e-03  -5.8549936e-04
   2.2281296e-03  -4.2274067e-04   1.6613570e-02  -4.1210109e-03
   8.8325250e-03  -7.0273500e-06   6.6966025e-03  -3.0288306e-03
   5.4816002e-03   5.1729575e-04  -8.5873704e-03   3.3778141e-05
   1.9283638e-04   8.1690895e-04  -6.2524231e-03  -7.2061446e-04
  -1.2015082e-03   7.9533100e-06   6.3517949e-03  -4.3649687e-03
  -4.5936635e-03  -8.4219915e-04   2.0192121e-03  -4.4137603e-03
  -4.9459979e-03  -1.4713869e-03  -9.3294564e-03  -1.8578331e-03
   1.4447479e-03  -1.5612708e-03  -9.4793727e-03  -2.1693485e-03
  -1.8049745e-03  -5.4258595e-04  -7.7066118e-03  -2.8411708e-03
  -5.2121228e-03  -2.2424692e-04  -7.5904266e-03  -2.5296554e-03
   2.4792616e-03  -7.8976684e-04  -7.8003095e-03  -2.4771107e-03
   5.2304683e-03  -9.6204443e-04  -1.4865118e-02  -1.7114585e-03
  -6.7675484e-04  -7.2235387e-04  -2.0258359e-02  -7.1310806e-04
  -7.0562559e-03  -6.6617639e-04  -1.8298203e-02  -1.0396362e-03
  -5.3508076e-03  -1.1155962e-03  -1.7035157e-02  -2.2819444e-03
  -2.2660077e-03  -2.6061719e-03  -1.6450483e-02  -2.8111452e-03
  -6.2916154e-03  -2.3477555e-03  -1.5824583e-02  -2.4170595e-03
  -6.2129024e-03  -1.3810813e-04  -1.2867482e-02  -2.8336644e-03
   1.4559926e-03  -2.0552110e-04  -8.6735723e-03  -3.3778779e-03
   4.2821640e-03  -5.8003760e-04  -8.6773202e-03  -2.1505825e-03
  -2.5433774e-03  -2.5795341e-04  -7.2756023e-03  -1.3586579e-03
  -5.8230856e-03  -8.2347332e-04   2.4314821e-03  -1.8390672e-03
  -7.5546783e-04  -1.7672549e-03   8.9490958e-03  -2.1130505e-03
   3.3413563e-03  -2.3290296e-03   8.3419345e-03  -1.7527436e-03
   4.7694350e-03  -1.1830092e-03   1.1606363e-02  -1.2948536e-03
   5.5828026e-03  -1.6432428e-04   1.5987669e-02  -1.8578331e-03
   3.9748085e-03  -3.5532770e-04   1.7861623e-02  -2.1055441e-03
   1.2685807e-03  -3.6281803e-04   1.8618701e-02  -1.8428204e-03
   3.2777295e-04  -7.8976684e-04   1.7917842e-02  -2.3607615e-03
   6.2763199e-04  -1.1268317e-03   1.7441858e-02  -2.9800391e-03
   1.8420611e-03  -4.9389880e-04   1.5684088e-02  -2.9762859e-03
   2.5729675e-03  -1.7930494e-04   9.7623921e-03  -2.1355697e-03
   2.2693602e-03  -4.0776001e-04   4.4141259e-03  -1.3098664e-03
   2.7154938e-04  -6.6617639e-04   2.7163231e-03  -1.3098664e-03
  -2.4759091e-03  -1.2279511e-03   2.9337019e-03  -1.8127948e-03
  -2.2435183e-03  -1.2766383e-03   3.8444437e-03  -1.9441567e-03
   1.2920956e-05  -8.3470882e-04   2.3377843e-03  -1.6101221e-03
   2.5392334e-03  -6.3621507e-04  -7.8422387e-04  -1.7489904e-03
   2.6929111e-03  -2.7293407e-04  -2.0510171e-03  -1.8765991e-03
  -1.2577317e-03  -3.3660187e-04  -2.2271688e-03  -2.0267270e-03
  -4.4174964e-03  -1.1118510e-03  -3.0367172e-03  -2.3982935e-03
  -5.1034239e-03  -1.2167156e-03  -5.0156131e-03  -2.0304802e-03
  -3.7353170e-03  -8.6092497e-04  -8.2463107e-03  -1.4449815e-03
   7.2508618e-04  -7.6729585e-04  -6.2636668e-03  -1.9253907e-03
   2.9890219e-03  -6.0625375e-04   3.2820296e-05  -2.5334086e-03
   1.9658462e-04  -6.3996024e-04   5.0662621e-03  -1.4599943e-03
  -3.2105637e-03  -7.8227651e-04   8.7654483e-03   3.3778141e-05
  -3.5441569e-03  -1.2129705e-03   1.0976715e-02  -2.2894565e-04
  -2.7270410e-03  -1.4713869e-03   1.3184233e-02  -1.1447257e-03
  -4.3312869e-03  -1.0856349e-03   8.2369931e-03  -1.0959342e-03
  -4.6836213e-03  -8.6092497e-04  -6.2681169e-04  -6.6056330e-04
  -2.7945093e-03  -7.7478618e-04  -4.0374089e-03  -1.1184533e-03
  -3.2592908e-03  -1.0182219e-03  -8.0289320e-03  -2.4320723e-03
  -5.6731561e-03  -1.1605382e-03  -1.4842631e-02  -2.4771107e-03
  -6.4640343e-03  -1.0631639e-03  -2.0483234e-02  -1.8503268e-03
  -4.3987552e-03  -1.3777577e-03  -2.2315961e-02  -2.1768549e-03
  -3.6378629e-03  -1.5612708e-03  -2.0018493e-02  -2.2706848e-03
  -4.5261953e-03  -1.0481832e-03  -1.5869558e-02  -2.1806081e-03
  -2.8319917e-03  -9.0961212e-04  -1.0888587e-02  -2.1918677e-03
  -7.3288518e-05  -1.3552868e-03  -3.7150887e-03  -2.1956209e-03
   5.3767428e-04  -1.1942447e-03   3.7919730e-03  -2.1618421e-03
  -5.7555241e-04  -9.0586695e-04   8.9753312e-03  -1.8052884e-03
   6.9135203e-04  -8.2721849e-04   1.3311662e-02  -2.1205569e-03
   3.6037330e-03  -8.8339596e-04   1.5271818e-02  -2.3007104e-03
   3.8848508e-03  -9.3208311e-04   1.3360385e-02  -1.8465736e-03
   3.1164620e-03  -8.8339596e-04   1.1329018e-02  -2.2331528e-03
   3.1951750e-03  -6.1748925e-04   9.2077015e-03  -2.5934598e-03
   3.5812435e-03  -6.3621507e-04   5.6846671e-03  -2.4095531e-03
   3.2326574e-03  -1.0931252e-03   2.6526087e-03  -2.1393229e-03
   2.7303935e-03  -7.5231519e-04   1.7830938e-03  -2.1618421e-03
   2.3593179e-03  -6.3621507e-04   2.3152969e-03  -2.6422513e-03
   1.7745928e-03  -7.6355068e-04   9.8853709e-04  -2.3682679e-03
   1.9957389e-03  -6.1748925e-04   1.7898875e-04  -2.2256465e-03
   2.0407177e-03  -9.8451542e-04   1.0634953e-03  -2.7323280e-03
   1.1973642e-03  -1.0182219e-03   1.0147725e-03  -2.7586004e-03
  -3.2442046e-04  -7.3733453e-04   9.6534749e-05  -2.4996298e-03
  -1.2614800e-03  -6.2497958e-04  -2.2121772e-03  -1.9704291e-03
  -1.3027106e-03  -7.9725717e-04  -2.0772525e-03  -1.6589137e-03
  -1.4413954e-03  -1.2466770e-03   2.3677676e-03  -1.9066247e-03
   6.7261084e-04  -9.9949608e-04   7.2437972e-03  -2.7098089e-03
   3.1352032e-03  -7.3358936e-04   6.6029048e-03  -2.5108894e-03
   2.2955979e-03  -6.2497958e-04   7.1868764e-04  -1.2272961e-03
   6.3512846e-04  -1.4934362e-04  -1.0915524e-03  -1.0884278e-03
  -5.3807003e-04  -6.8115705e-04   1.6706565e-03  -1.7077053e-03
  -1.6063179e-03  -1.2616576e-03   2.7238190e-03  -2.4358255e-03
  -1.8274639e-03  -1.1343220e-03   1.9772829e-04  -2.2218933e-03
  -8.6791497e-04  -1.1717737e-03  -2.1896897e-03  -1.9066247e-03
   4.9644366e-04  -6.6243123e-04  -2.0510171e-03  -2.3082168e-03
  -4.2937113e-04  -4.0401484e-04  -2.8118426e-03  -2.1956209e-03
  -1.9998829e-03  -7.3733453e-04  -5.3341854e-03  -1.8428204e-03
  -9.4662797e-04  -8.7965080e-04  -4.4346872e-03  -1.9479099e-03
  -3.5440637e-04  -1.2841286e-03  -2.3770852e-03  -2.4545915e-03
  -1.6175626e-03  -1.0931252e-03  -4.5846036e-03  -2.1505825e-03
  -1.7187650e-03  -5.5756661e-04  -5.9713299e-03  -1.7677564e-03
  -9.6162092e-04  -7.0737321e-04  -6.6721889e-03  -1.7077053e-03
  -1.0290892e-03  -7.6355068e-04  -6.2224398e-03  -1.8953651e-03
  -1.1227952e-03  -1.1642833e-03  -1.7886635e-03  -2.6460045e-03
  -1.2502353e-03  -1.0631639e-03  -6.3055960e-04  -2.7886260e-03
  -1.5875767e-03  -5.6131177e-04  -3.7600636e-03  -2.1731017e-03
  -1.2802212e-03  -7.9725717e-04  -4.6895450e-03  -1.8278076e-03
  -3.5065813e-04  -6.5868606e-04  -2.2796396e-03  -2.2218933e-03
  -2.6070042e-04  -7.2984420e-04  -5.1812233e-04  -2.4170595e-03
  -1.3814236e-03  -7.7853134e-04  -1.3164269e-03  -2.2631784e-03
  -1.3289482e-03  -9.6953476e-04  -1.9348319e-03  -1.9816886e-03
  -1.3316710e-05  -1.0968704e-03  -1.6581888e-04  -2.0680122e-03
  -9.5777946e-05  -7.9351200e-04   1.7343710e-03  -2.3795275e-03
  -7.8920198e-04  -9.2084761e-04   1.6631607e-03  -2.0830250e-03
   2.7154938e-04  -7.4482486e-04   2.1616326e-03  -2.0229738e-03
   1.0661758e-03  -1.0369477e-03   3.9606289e-03  -2.0267270e-03
   9.3873574e-04  -1.0519284e-03   4.7401940e-03  -2.2556720e-03
   5.7515666e-04  -8.0474750e-04   3.7282586e-03  -2.3795275e-03
  -3.2816870e-04  -7.4857002e-04   1.7043877e-03  -1.6138753e-03
  -1.3700856e-04  -5.4258595e-04   1.3221010e-03  -1.5838498e-03
   2.9778704e-04  -1.1418123e-03   2.7800376e-03  -1.9741823e-03
  -1.4075680e-04  -1.0968704e-03   2.7463064e-03  -2.0192206e-03
  -9.6911740e-04  -8.8714113e-04   1.9405060e-03  -1.8690927e-03
  -1.6324623e-04  -9.2459278e-04   2.8250125e-03  -1.4487347e-03
   1.7558516e-03  -7.7478618e-04   4.2866970e-03  -2.0192206e-03
   1.5309573e-03  -8.6092497e-04   4.2642096e-03  -2.2819444e-03
   3.6150709e-04  -5.0513430e-04   2.2553303e-03  -1.8690927e-03
  -3.8064403e-04  -6.3621507e-04   6.9620019e-04  -1.9216375e-03
  -3.1317575e-04  -9.9949608e-04   1.4532778e-03  -1.7414840e-03
  -2.8318985e-04  -9.3957344e-04   1.8205729e-03  -2.2106337e-03
  -9.3913150e-04  -9.6578959e-04   3.0641765e-04  -2.2143869e-03
  -7.8170550e-04  -9.7702509e-04  -7.0551778e-04  -1.6851861e-03
  -1.0702266e-04  -1.0931252e-03  -4.3566833e-04  -2.0642590e-03
  -3.3191694e-04  -9.8826058e-04  -7.4299687e-04  -2.1205569e-03
  -1.2090046e-03  -7.8227651e-04  -1.9573194e-03  -1.9441567e-03
  -1.3964165e-03  -7.6355068e-04  -2.5494890e-03  -1.9253907e-03
  -1.0365857e-03  -7.8602167e-04  -2.5757244e-03  -2.0117142e-03
  -7.7420902e-04  -8.5717981e-04  -2.2234209e-03  -2.0154674e-03
  -8.0044669e-04  -7.7853134e-04  -2.1372190e-03  -1.8465736e-03
  -4.4061584e-04  -6.8115705e-04  -2.7968510e-03  -1.9441567e-03
  -1.7064948e-05  -7.3358936e-04  -3.0891879e-03  -2.0492462e-03
  -7.1798545e-04  -8.6841530e-04  -3.3777769e-03  -1.8953651e-03
  -1.2877176e-03  -8.0100233e-04  -3.1191712e-03  -1.8615863e-03
  -1.1078022e-03  -8.6467014e-04  -1.9873027e-03  -2.1618421e-03
  -9.3538326e-04  -1.0856349e-03  -1.8074030e-03  -2.1393229e-03
  -4.5560879e-04  -1.0968704e-03  -1.8111509e-03  -1.9366503e-03
   2.3031876e-04  -8.7590563e-04  -7.2425732e-04  -2.1318165e-03
   4.1398242e-04  -6.5494090e-04   4.0316114e-05  -2.2106337e-03
   2.0408109e-04  -8.4968948e-04   1.4150966e-04  -2.1505825e-03
  -3.2442046e-04  -8.2721849e-04   7.4047295e-05  -2.1130505e-03
  -2.1572156e-04  -8.9837662e-04   9.1732682e-04  -1.9516631e-03
   6.9144526e-05  -1.0069864e-03   2.0566912e-03  -1.9816886e-03
  -8.8281470e-05  -8.1223783e-04   2.0454474e-03  -2.2744380e-03
   2.3406700e-04  -8.9837662e-04   1.7156314e-03  -2.2519188e-03
   4.6655098e-05  -9.9575091e-04   1.4570257e-03  -1.8690927e-03
   1.1787162e-04  -1.2541673e-03   2.9486935e-03  -2.4133063e-03
   3.9149299e-04  -1.2766383e-03   4.0056038e-03  -2.6084725e-03
  -2.5695218e-04  -1.0069864e-03   2.4239862e-03  -1.7752628e-03
  -5.4547328e-05  -9.8451542e-04   1.8617999e-03  -1.8728459e-03
   7.1758970e-04  -1.1043607e-03   2.1953638e-03  -2.0642590e-03
   4.5521304e-04  -8.5343464e-04   1.6331774e-03  -1.9779355e-03
  -9.9526184e-05  -8.0474750e-04   9.9228500e-04  -1.8841055e-03
  -3.9554376e-05  -1.2391866e-03   8.3112491e-04  -1.9216375e-03
   2.7913908e-05  -1.1717737e-03   9.5480591e-04  -2.1205569e-03
  -5.8679712e-04  -1.1642833e-03   6.9994810e-04  -1.8653395e-03
  -9.2413854e-04  -9.6204443e-04  -2.3398339e-05  -1.9328971e-03
  -3.6190284e-04  -7.3358936e-04  -4.4316415e-04  -2.0792718e-03
   8.7885716e-05  -8.6092497e-04  -8.1045923e-04  -2.0680122e-03
  -1.8198742e-04  -7.2609903e-04  -1.5338057e-03  -2.0642590e-03
  -4.2187465e-04  -7.8976684e-04  -2.1147316e-03  -2.0154674e-03
  -1.7823918e-04  -7.3733453e-04  -2.5307495e-03  -2.0304802e-03
  -2.5695218e-04  -6.6243123e-04  -2.3283624e-03  -2.0642590e-03
  -3.5440637e-04  -9.8077025e-04  -2.0210338e-03  -2.2331528e-03
  -4.4061584e-04  -1.0818897e-03  -2.1784460e-03  -2.1731017e-03
  -5.6805593e-04  -9.1710245e-04  -2.1372190e-03  -1.9216375e-03
  -2.7194513e-04  -9.9200575e-04  -2.2159251e-03  -1.9816886e-03
  -3.1317575e-04  -1.0219671e-03  -2.4820266e-03  -2.3307360e-03
  -9.8411035e-04  -8.2721849e-04  -2.5944639e-03  -2.1956209e-03
  -9.3913150e-04  -8.1972816e-04  -1.9985464e-03  -2.0079610e-03
  -1.8573566e-04  -7.5231519e-04  -1.5900243e-03  -2.1731017e-03
  -1.4075680e-04  -6.2123441e-04  -1.8373863e-03  -2.1618421e-03
   2.3031876e-04  -6.3996024e-04  -1.3501581e-03  -2.2181401e-03
   5.3767428e-04  -8.8339596e-04  -6.7928241e-04  -2.0980378e-03
   3.0528352e-04  -9.5080893e-04  -1.3208770e-04  -1.9779355e-03
   1.5535400e-04  -5.0513430e-04   7.7795204e-05  -2.0905314e-03
  -2.3821099e-04  -7.5606035e-04  -3.8389975e-05  -2.2594252e-03
   5.0403336e-05  -1.0931252e-03   5.8001501e-04  -2.2256465e-03
   4.4022009e-04  -6.9613771e-04   1.1609409e-03  -2.0642590e-03
   4.1023418e-04  -8.4968948e-04   1.1571930e-03  -2.2143869e-03
   4.2897537e-04  -8.3096365e-04   1.1946721e-03  -2.1918677e-03
   6.8010732e-04  -5.8378276e-04   1.4345383e-03  -2.2256465e-03
   3.0903176e-04  -8.0849266e-04   1.2883698e-03  -2.1543357e-03
  -3.9563699e-04  -5.8378276e-04   9.0233518e-04  -1.7940288e-03
   3.8774476e-04  -7.2984420e-04   1.3895634e-03  -2.1731017e-03
   7.8505798e-04  -9.7702509e-04   2.0641870e-03  -2.5559278e-03
   3.3901766e-04  -8.9088629e-04   1.3745717e-03  -2.2218933e-03
   3.4276590e-04  -1.0257122e-03   4.8631728e-04  -2.0267270e-03
   4.7770247e-04  -6.3246991e-04   8.1238537e-04  -2.2481656e-03
   5.0768837e-04  -6.1748925e-04   9.5480591e-04  -2.3495020e-03
   3.1662146e-05  -7.8602167e-04   1.8273666e-04  -1.9854418e-03
  -6.9540280e-05  -6.3996024e-04  -5.4060978e-04  -1.9516631e-03
