  -1.7074271e-04  -8.5717981e-04  -1.0585234e-04  -2.1430761e-03
  -2.2696628e-04  -8.0474750e-04  -9.0860701e-05  -2.0042078e-03
  -8.4533232e-05  -8.8714113e-04  -3.4642066e-05  -2.1918677e-03
  -1.7823918e-04  -7.9351200e-04  -4.5885793e-05  -2.1543357e-03
  -1.1077090e-04  -7.5980552e-04  -2.8200406e-04  -2.2369060e-03
   1.1037514e-04  -9.3208311e-04  -3.5696224e-04  -2.1543357e-03
  -9.9526184e-05  -8.4219915e-04  -9.8356519e-05  -2.0004546e-03
  -1.8573566e-04  -9.3208311e-04  -2.9699570e-04  -2.2481656e-03
  -6.9540280e-05  -7.8227651e-04  -3.5321433e-04  -2.3457488e-03
   2.4165670e-05  -5.9501826e-04  -2.7825615e-04  -2.0417398e-03
   4.2906860e-05  -8.8339596e-04  -4.2442460e-04  -2.0605058e-03
  -2.4570747e-04  -7.7853134e-04  -1.3208770e-04  -2.2143869e-03
  -2.0447685e-04  -8.4968948e-04  -1.7331470e-04  -2.1280633e-03
   1.6762420e-06  -9.8451542e-04  -2.0704588e-04  -2.1618421e-03
  -9.5777946e-05  -8.5343464e-04   3.6568205e-05  -2.0605058e-03
  -2.1572156e-04  -8.8339596e-04   2.8370240e-06  -1.8315608e-03
  -6.9540280e-05  -7.2609903e-04   6.6551477e-05  -1.8953651e-03
  -1.7064948e-05  -6.4745057e-04  -7.5869065e-05  -2.0529994e-03
   4.2906860e-05  -6.4745057e-04   7.4047295e-05  -1.8615863e-03
   3.2402471e-04  -6.4745057e-04   2.5324478e-05  -2.0267270e-03
   4.6655098e-05  -6.6617639e-04  -8.4067030e-06  -2.0342334e-03
  -1.3700856e-04  -6.6243123e-04   1.6024920e-04  -1.7527436e-03
  -5.8202340e-06  -7.4857002e-04  -2.1828961e-04  -2.0755186e-03
   1.6659871e-04  -5.5382144e-04  -9.1088500e-07  -1.7564968e-03
   9.1727180e-06  -6.3996024e-04   1.4080751e-05  -1.6626669e-03
  -3.2816870e-04  -8.9088629e-04  -3.4642066e-05  -2.0830250e-03
   1.1412338e-04  -6.1374408e-04  -1.2084397e-04  -1.7752628e-03
   1.1787162e-04  -6.5494090e-04  -3.1573524e-04  -1.9253907e-03
  -5.8295566e-05  -9.1335728e-04  -1.8830634e-04  -2.1430761e-03
   6.1648050e-05  -6.8864738e-04  -4.4316415e-04  -1.9028715e-03
  -5.0799090e-05  -6.7741189e-04  -1.5457515e-04  -1.9779355e-03
  -8.8281470e-05  -1.1193414e-03  -7.9616974e-05  -2.0529994e-03
  -6.2043804e-05  -9.7702509e-04  -2.6701242e-04  -2.0117142e-03
   2.4165670e-05  -7.3733453e-04  -6.0877429e-05  -1.9141311e-03
  -3.2442046e-04  -8.6467014e-04  -1.1709606e-04  -2.0192206e-03
  -1.7074271e-04  -7.1111837e-04  -1.3583561e-04  -2.0342334e-03
   7.6641002e-05  -8.1598299e-04  -1.2084397e-04  -1.9253907e-03
  -3.4690989e-04  -8.2347332e-04  -1.7331470e-04  -2.0567526e-03
  -6.9540280e-05  -7.6355068e-04  -2.0704588e-04  -1.9441567e-03
  -1.7064948e-05  -7.5606035e-04  -2.2578543e-04  -2.0042078e-03
  -3.3566518e-04  -6.3246991e-04  -3.7570179e-04  -2.1017910e-03
  -1.8948390e-04  -9.6204443e-04  -3.4946642e-04  -2.2369060e-03
  -2.8318985e-04  -9.7327992e-04  -1.6207097e-04  -2.0642590e-03
  -2.5320394e-04  -9.0961212e-04  -1.6581888e-04  -1.7940288e-03
  -2.0813186e-05  -1.0144767e-03  -9.8356519e-05  -2.1806081e-03
  -2.8318985e-04  -8.9463146e-04  -2.4452497e-04  -2.0942846e-03
  -4.4436408e-04  -9.9200575e-04  -4.0568506e-04  -2.1655953e-03
  -2.4561424e-05  -8.7216047e-04  -1.6956679e-04  -2.2594252e-03
  -2.4561424e-05  -7.7104101e-04  -9.8356519e-05  -1.9816886e-03
  -3.6565108e-04  -9.6953476e-04  -1.7331470e-04  -2.1543357e-03
  -2.4195923e-04  -8.4968948e-04  -2.6326452e-04  -2.2369060e-03
  -2.9443456e-04  -8.3845398e-04  -2.3702915e-04  -2.1918677e-03
  -3.1317575e-04  -1.0369477e-03  -1.7706261e-04  -2.1430761e-03
  -2.7194513e-04  -1.1755188e-03  -1.8455843e-04  -2.0717654e-03
  -3.1692399e-04  -1.0706542e-03  -2.2203752e-04  -2.0267270e-03
  -1.1451914e-04  -8.6841530e-04  -4.6190369e-04  -2.1017910e-03
  -9.9526184e-05  -9.8451542e-04  -2.4077706e-04  -2.2181401e-03
  -1.4825328e-04  -8.9463146e-04  -1.6581888e-04  -2.1243101e-03
  -1.5200152e-04  -8.6092497e-04  -2.2578543e-04  -1.7902756e-03
  -1.4075680e-04  -9.1335728e-04   6.6551477e-05  -1.5688370e-03
  -7.3288518e-05  -7.8602167e-04  -1.6956679e-04  -1.9103779e-03
  -5.8295566e-05  -7.7853134e-04  -2.7825615e-04  -2.0079610e-03
  -9.5777946e-05  -7.9725717e-04  -2.2578543e-04  -1.9028715e-03
  -1.4075680e-04  -1.0219671e-03  -2.1454170e-04  -1.9929482e-03
  -3.3566518e-04  -7.9351200e-04  -2.5202079e-04  -1.8540799e-03
  -1.5200152e-04  -6.3996024e-04  -1.4707934e-04  -2.0379866e-03
   9.1727180e-06  -1.0781445e-03  -9.0860701e-05  -2.1205569e-03
  -2.1572156e-04  -8.0100233e-04  -2.9324779e-04  -1.9779355e-03
  -1.4825328e-04  -7.6355068e-04   4.7811932e-05  -2.0454930e-03
  -2.6070042e-04  -9.9949608e-04   1.0332842e-05  -1.8578331e-03
  -1.3700856e-04  -7.8602167e-04  -2.7146248e-05  -2.0229738e-03
  -1.2201561e-04  -7.6355068e-04   2.5324478e-05  -1.8878587e-03
  -2.1197332e-04  -8.3470882e-04  -1.9205424e-04  -1.5876030e-03
  -1.1826737e-04  -8.8339596e-04  -4.2137884e-05  -1.9967014e-03
  -2.9818280e-04  -5.7254727e-04  -9.8356519e-05  -2.1280633e-03
   6.1648050e-05  -6.6617639e-04  -1.7706261e-04  -2.2406592e-03
  -1.6324623e-04  -9.2833794e-04  -1.8830634e-04  -2.1580889e-03
  -4.7060175e-04  -8.8714113e-04  -1.4707934e-04  -1.8953651e-03
  -6.5792042e-05  -1.0144767e-03  -1.9205424e-04  -2.2181401e-03
  -1.4825328e-04  -7.2235387e-04  -1.2084397e-04  -2.0304802e-03
  -6.2043804e-05  -6.7366672e-04   3.6568205e-05  -1.8315608e-03
  -1.6699447e-04  -9.4706377e-04  -1.8455843e-04  -2.4620979e-03
  -2.6819689e-04  -8.3470882e-04  -1.5457515e-04  -2.2781912e-03
   2.4165670e-05  -7.9725717e-04  -1.1334816e-04  -2.0605058e-03
  -3.5806138e-05  -8.4968948e-04  -1.6956679e-04  -2.1806081e-03
  -1.7064948e-05  -9.2833794e-04  -2.1828961e-04  -1.9066247e-03
   1.5160576e-04  -8.9837662e-04  -3.0074361e-04  -2.1693485e-03
   1.2920956e-05  -7.1111837e-04  -2.4452497e-04  -2.1430761e-03
  -9.5777946e-05  -9.0961212e-04  -1.5832306e-04  -1.9929482e-03
  -9.9526184e-05  -8.9837662e-04  -4.2137884e-05  -2.3307360e-03
  -1.8198742e-04  -7.4482486e-04  -2.6701242e-04  -2.1505825e-03
  -4.7050852e-05  -8.1223783e-04  -2.1454170e-04  -1.8728459e-03
   3.9158622e-05  -8.3845398e-04   3.6568205e-05  -2.2181401e-03
  -2.0822509e-04  -9.0961212e-04  -2.5951661e-04  -2.4133063e-03
  -2.5320394e-04  -7.9725717e-04  -3.5321433e-04  -2.1393229e-03
  -6.9540280e-05  -8.6467014e-04  -1.7331470e-04  -2.1130505e-03
  -2.9443456e-04  -7.4857002e-04  -4.6587940e-06  -2.1580889e-03
  -1.6324623e-04  -6.4745057e-04  -1.2459188e-04  -1.9328971e-03
  -2.4561424e-05  -9.3208311e-04  -1.4707934e-04  -2.1017910e-03
  -1.7074271e-04  -5.3135045e-04   3.2820296e-05  -2.1393229e-03
   1.2536810e-04  -2.9540506e-04  -3.8389975e-05  -1.9967014e-03
   5.7899812e-05  -8.1972816e-04   1.0028266e-04  -2.0042078e-03
  -8.0784994e-05  -1.0406929e-03  -1.7331470e-04  -1.6664201e-03
  -2.4561424e-05  -7.7853134e-04  -2.2953333e-04  -1.9253907e-03
   4.2906860e-05  -6.0999892e-04   8.5291022e-05  -1.9779355e-03
  -2.0813186e-05  -9.0212179e-04  -2.1828961e-04  -1.9441567e-03
  -1.1826737e-04  -7.2609903e-04  -4.2137884e-05  -2.1355697e-03
   1.0287867e-04  -5.5007628e-04  -3.0894157e-05  -1.8503268e-03
   1.6762420e-06  -9.0961212e-04  -2.1828961e-04  -2.0079610e-03
  -3.2057900e-05  -7.8602167e-04   1.0332842e-05  -2.0867782e-03
  -8.4533232e-05  -7.8602167e-04  -6.8373247e-05  -2.1393229e-03
  -2.1946980e-04  -7.2609903e-04  -7.2121156e-05  -1.9441567e-03
  -9.5684720e-06  -7.0737321e-04  -6.8373247e-05  -1.8503268e-03
  -9.5684720e-06  -6.9613771e-04  -3.5321433e-04  -2.0042078e-03
  -2.0719960e-06  -6.8864738e-04  -3.1948315e-04  -2.0642590e-03
  -1.0702266e-04  -1.1755188e-03  -1.5082725e-04  -2.2932040e-03
  -1.9323213e-04  -6.3996024e-04  -3.8694551e-04  -2.1055441e-03
  -1.3326033e-04  -5.4633111e-04  -3.0823942e-04  -2.1280633e-03
  -1.8573566e-04  -1.0856349e-03  -2.3702915e-04  -1.9891950e-03
  -6.9540280e-05  -7.9351200e-04  -3.3072688e-04  -1.8353140e-03
  -5.8295566e-05  -9.1335728e-04  -8.3364883e-05  -1.9929482e-03
  -1.5949799e-04  -8.5343464e-04  -1.5082725e-04  -2.2068805e-03
  -2.3071451e-04  -7.1111837e-04  -3.5696224e-04  -2.2068805e-03
  -1.7449094e-04  -1.0406929e-03  -3.4197060e-04  -2.0379866e-03
  -2.3821099e-04  -8.6841530e-04  -2.6326452e-04  -2.2444124e-03
  -3.2442046e-04  -7.3733453e-04  -2.3328124e-04  -1.9554163e-03
  -9.9526184e-05  -7.3358936e-04  -3.1573524e-04  -1.9441567e-03
  -2.5695218e-04  -6.5119573e-04  -3.8319760e-04  -2.0642590e-03
  -3.8814051e-04  -9.7327992e-04  -1.8830634e-04  -1.8991183e-03
  -2.7194513e-04  -8.4968948e-04  -9.0860701e-05  -2.1355697e-03
  -3.0942751e-04  -7.8976684e-04  -4.3192042e-04  -2.1430761e-03
  -3.7314756e-04  -1.0107316e-03  -5.2561815e-04  -1.9704291e-03
  -3.1317575e-04  -8.3096365e-04  -3.6071015e-04  -1.9779355e-03
  -1.0327442e-04  -9.9949608e-04  -2.6326452e-04  -1.9816886e-03
  -1.6699447e-04  -1.0631639e-03  -3.3447479e-04  -1.9554163e-03
  -2.9818280e-04  -8.7216047e-04  -5.0687860e-04  -2.1618421e-03
  -4.8184646e-04  -7.8227651e-04  -2.8575197e-04  -2.2143869e-03
  -4.6685351e-04  -8.2347332e-04  -2.2953333e-04  -2.1918677e-03
  -2.0813186e-05  -8.4594431e-04  -3.8694551e-04  -2.1168037e-03
  -2.0813186e-05  -7.4857002e-04  -3.2323106e-04  -2.0117142e-03
  -2.9818280e-04  -8.3096365e-04  -3.5696224e-04  -2.1168037e-03
  -2.6819689e-04  -7.2609903e-04  -1.4333143e-04  -1.8203012e-03
  -1.4825328e-04  -7.3358936e-04  -5.7129520e-05  -1.8578331e-03
  -3.9554376e-05  -8.0849266e-04  -8.3364883e-05  -1.9404035e-03
   5.7899812e-05  -7.1486354e-04   2.8370240e-06  -1.7339776e-03
  -8.8281470e-05  -7.6355068e-04  -9.4608610e-05  -2.0492462e-03
  -1.8573566e-04  -9.9200575e-04  -4.5885793e-05  -1.9967014e-03
   1.3286457e-04  -1.1118510e-03  -3.0449151e-04  -1.8878587e-03
   1.6669194e-05  -7.8227651e-04  -3.5321433e-04  -1.8315608e-03
  -3.7689580e-04  -7.2609903e-04   1.0332842e-05  -1.7715096e-03
   5.7899812e-05  -8.6841530e-04  -3.4642066e-05  -1.9328971e-03
  -1.3316710e-05  -6.3621507e-04  -4.9633702e-05  -1.7189649e-03
  -3.5440637e-04  -6.8490222e-04  -1.2154612e-05  -2.0267270e-03
  -7.3288518e-05  -9.8077025e-04   5.9055659e-05  -2.0304802e-03
  -3.1692399e-04  -9.5080893e-04  -5.7129520e-05  -1.8240544e-03
  -6.5792042e-05  -8.5717981e-04  -4.0193715e-04  -2.1580889e-03
  -2.0719960e-06  -1.0032412e-03  -1.6581888e-04  -1.8315608e-03
  -3.0193104e-04  -1.0931252e-03  -7.9616974e-05  -1.9216375e-03
  -5.0799090e-05  -7.7478618e-04  -1.6207097e-04  -2.1092973e-03
  -5.8295566e-05  -6.2872474e-04  -1.1334816e-04  -2.0079610e-03
   1.6659871e-04  -9.4706377e-04  -2.8200406e-04  -2.0942846e-03
   1.6669194e-05  -9.5080893e-04   7.7795204e-05  -1.9591695e-03
  -2.6070042e-04  -7.1860870e-04   6.6551477e-05  -2.0379866e-03
  -2.0447685e-04  -9.5080893e-04  -2.5576870e-04  -1.8615863e-03
  -1.1451914e-04  -9.2833794e-04  -8.4067030e-06  -2.0229738e-03
   6.9144526e-05  -6.7366672e-04  -2.0329797e-04  -2.2594252e-03
  -1.6699447e-04  -8.1598299e-04  -4.5440787e-04  -2.1768549e-03
  -1.4450504e-04  -9.4331860e-04  -1.8455843e-04  -2.2106337e-03
  -2.8309662e-05  -8.5717981e-04   2.5324478e-05  -2.0717654e-03
  -2.4195923e-04  -6.3996024e-04  -1.0960025e-04  -2.3907871e-03
  -2.3071451e-04  -9.2084761e-04  -1.0210443e-04  -2.2631784e-03
  -8.4533232e-05  -1.1193414e-03  -1.1709606e-04  -2.0342334e-03
  -1.6324623e-04  -8.0849266e-04  -3.3072688e-04  -2.2406592e-03
  -2.7944161e-04  -5.7254727e-04  -1.1334816e-04  -2.1768549e-03
  -2.4195923e-04  -7.5606035e-04  -1.8830634e-04  -2.1731017e-03
  -1.5200152e-04  -8.8714113e-04  -1.7331470e-04  -1.9967014e-03
  -1.7449094e-04  -6.8864738e-04  -1.5902521e-05  -2.0755186e-03
  -2.2696628e-04  -8.0100233e-04  -3.1198733e-04  -2.3344892e-03
  -1.6699447e-04  -6.2123441e-04  -3.0894157e-05  -2.0717654e-03
  -6.2043804e-05  -6.1374408e-04   2.8370240e-06  -1.9103779e-03
   8.0389240e-05  -7.7853134e-04  -2.2578543e-04  -2.0567526e-03
   2.7913908e-05  -6.8864738e-04  -1.3958352e-04  -1.9967014e-03
   1.4036105e-04  -6.2123441e-04  -2.5202079e-04  -2.0042078e-03
   1.8159167e-04  -5.7629243e-04   5.9055659e-05  -2.0980378e-03
   3.1662146e-05  -8.0100233e-04   1.3026593e-04  -1.9854418e-03
   9.1633954e-05  -7.5980552e-04  -5.7129520e-05  -1.9441567e-03
   2.7913908e-05  -7.8602167e-04   1.3401384e-04  -2.0117142e-03
   3.9158622e-05  -6.8115705e-04  -3.4642066e-05  -1.9741823e-03
  -4.3302614e-05  -8.0100233e-04  -1.0960025e-04  -2.0042078e-03
  -2.0447685e-04  -1.1642833e-03   4.7811932e-05  -1.9741823e-03
  -2.6070042e-04  -1.0669090e-03   3.2820296e-05  -2.0042078e-03
  -4.5560879e-04  -9.3208311e-04  -1.1334816e-04  -2.0117142e-03
   6.1648050e-05  -5.8752793e-04  -1.5832306e-04  -1.9629227e-03
  -7.7036756e-05  -8.7216047e-04   1.4080751e-05  -2.1843613e-03
  -1.2951209e-04  -6.8864738e-04  -1.9205424e-04  -1.9666759e-03
   2.0408109e-04  -5.5756661e-04  -1.8830634e-04  -1.8953651e-03
  -3.0567927e-04  -7.5231519e-04  -3.8389975e-05  -2.0267270e-03
   3.6150709e-04  -5.1262463e-04   5.5307750e-05  -1.9967014e-03
  -5.8304889e-04  -7.8227651e-04  -2.9324779e-04  -1.9741823e-03
   1.3661281e-04  -7.1860870e-04  -3.1573524e-04  -2.0154674e-03
  -4.7809822e-04  -1.1305768e-03  -1.9205424e-04  -2.1468293e-03
  -3.9563699e-04  -5.0138913e-04  -5.6309724e-04  -1.8540799e-03
   1.0999100e-03  -1.0444381e-03   1.0332842e-05  -1.9704291e-03
  -2.8095023e-03  -9.9200575e-04  -6.7928241e-04  -2.0830250e-03
   9.8108151e-03   1.9404585e-03   2.8393020e-04  -2.2481656e-03
   2.3503129e-02   3.7343925e-03  -5.4810560e-04  -1.8090416e-03
   1.1103957e-02   3.9179056e-03  -1.9650430e-05  -7.7315921e-04
  -7.3748561e-03  -7.2984420e-04   7.6298318e-03  -1.6439009e-03
  -1.0167293e-02  -4.0930024e-03   8.1620349e-03  -2.0792718e-03
  -2.8169987e-03  -3.7297214e-03  -9.3039232e-04   2.5896996e-04
   2.6404358e-03  -3.2128886e-03  -6.6159703e-03   2.2181388e-03
   6.4711350e-03  -7.2984420e-04  -1.8298905e-03   9.4580501e-04
   2.4192898e-03  -9.3166145e-05   1.2471428e-03  -5.3670780e-04
  -5.8418268e-03  -2.7522333e-03   1.4157987e-03  -7.2061446e-04
  -1.0770760e-02  -5.7558556e-03   2.6188775e-03  -1.2873472e-03
  -8.9641091e-03  -6.1303721e-03   6.5654257e-03  -2.7285749e-03
  -4.0576655e-03  -4.1491798e-03   8.9903228e-03  -4.1547897e-03
   2.4567721e-03  -1.1343220e-03   3.7245107e-03  -4.0196746e-03
   9.3385371e-03   1.4498418e-03   2.5401714e-03  -4.3349432e-03
   7.4119428e-03   9.4798972e-04   3.3384760e-03  -5.6297961e-03
  -2.3597137e-03  -1.0294574e-03   4.1180411e-03  -6.0989458e-03
  -1.0860717e-02  -9.3582827e-04   2.4645111e-04  -5.4158639e-03
  -8.6979842e-03  -2.9498340e-05  -6.4960372e-03  -4.0984918e-03
  -3.6378629e-03   5.2478608e-04  -1.3122340e-02  -1.5688370e-03
   1.7034695e-04   1.8543197e-03  -1.6146903e-02   5.6297892e-04
   2.4680168e-03   2.2250910e-03  -8.5723788e-03  -9.0076791e-04
  -3.1131095e-03   2.0603037e-03  -6.6234661e-03  -1.7977820e-03
  -1.0560858e-02   1.3225062e-03  -1.1964236e-02   8.2569702e-05
  -7.4348280e-03   2.6679135e-05  -7.7628304e-03  -5.9675895e-04
   8.7126746e-04  -5.6131177e-04   1.1197139e-03  -3.1339201e-03
   1.3847761e-03  -9.9575091e-04   1.1347055e-03  -3.2427628e-03
  -2.0785958e-03  -8.8714113e-04  -1.8486300e-03  -1.9441567e-03
  -5.3057355e-04  -1.7710001e-03   1.0332842e-05  -2.1017910e-03
   5.4591108e-03  -3.2316144e-03   7.2587888e-03  -3.9408575e-03
   3.2888810e-03  -3.9057441e-03   8.1807745e-03  -4.3762283e-03
  -4.0839032e-03  -3.8121150e-03   5.3098762e-03  -3.6105761e-03
  -5.2008781e-03  -2.9806884e-03   5.1112370e-03  -3.2652820e-03
  -5.6430770e-04  -2.3552458e-03   1.2358991e-03  -2.4996298e-03
   3.0864761e-03  -1.5799966e-03  -3.6926013e-03  -1.2085301e-03
   5.2268132e-04  -1.0069864e-03  -7.0432319e-03  -1.5012851e-04
  -4.4737199e-03  -1.0144767e-03  -5.7277158e-03  -6.3053773e-04
  -6.9400605e-03  -1.0968704e-03  -3.7375762e-03  -1.5050326e-03
  -3.4392062e-03  -7.0362804e-04  -2.9730027e-03  -1.9891950e-03
   1.4484961e-03   2.3266321e-04  -3.1416586e-03  -2.2932040e-03
   3.7948931e-03   1.4423515e-03  -2.6694221e-03  -2.2218933e-03
   4.3271429e-03   2.0078714e-03  -6.9052614e-04  -2.7060557e-03
   3.5250200e-03   1.2476029e-03   4.5258610e-04  -3.0626094e-03
   1.2685807e-03  -1.6432428e-04   1.3520843e-03  -2.8899623e-03
  -1.8087227e-03  -1.2092253e-03   2.0304558e-03  -3.0325838e-03
  -1.9624005e-03  -1.1792640e-03   3.9456373e-03  -3.0288306e-03
  -8.5667026e-04  -9.9200575e-04   3.3459719e-03  -2.5934598e-03
   7.2508618e-04  -8.9088629e-04   7.1119182e-04  -1.8315608e-03
   1.8458093e-03  -9.1710245e-04  -1.0840566e-03  -1.2235429e-03
  -5.7930065e-04  -1.3328158e-03  -2.9699570e-04  -1.2911004e-03
  -4.9609909e-03  -2.3739716e-03   2.4652132e-03  -1.5613306e-03
  -6.2428883e-03  -2.9694529e-03   2.3940030e-03  -1.8127948e-03
  -3.1655849e-03  -2.4301491e-03   2.9072387e-05  -1.5688370e-03
   1.0961617e-03  -1.9058260e-03  -7.6923223e-04  -1.5688370e-03
   3.8323755e-03  -8.3845398e-04   1.4532778e-03  -2.3570083e-03
   3.0452455e-03  -1.2312747e-04   3.3497198e-03  -3.3140736e-03
   1.1748747e-03  -6.6949990e-05   3.2935011e-03  -3.4642015e-03
   1.0436864e-03  -2.2424692e-04   1.4045550e-03  -2.7173153e-03
   1.9732494e-03  -4.9389880e-04   3.5139256e-04  -2.7135621e-03
   1.9919906e-03  -9.3166145e-05   9.2857055e-04  -2.8186516e-03
   5.3017780e-04  -2.2008010e-05  -5.2561815e-04  -2.2256465e-03
  -8.1543964e-04  -4.6019232e-04  -3.8500134e-03  -1.2460620e-03
  -9.1289383e-04  -6.6617639e-04  -4.6108390e-03  -8.8950832e-04
  -1.1715223e-03  -6.3996024e-04  -2.2796396e-03  -1.2760876e-03
  -1.8199674e-03  -5.0138913e-04  -9.3788814e-04  -1.4337219e-03
  -1.0965575e-03  -1.8679527e-04  -5.6684514e-04  -1.4675007e-03
   9.7246988e-04  -3.3243505e-05  -5.8183678e-04  -1.3774239e-03
   3.5287682e-03   1.9188805e-05   1.0403057e-04  -1.7564968e-03
   3.6187259e-03  -2.2008010e-05   1.7643543e-03  -2.2781912e-03
   9.5372869e-04  -7.3733453e-04   2.5476672e-03  -2.1881145e-03
  -6.8050307e-04  -1.7110774e-03   3.1623243e-03  -2.2369060e-03
   1.1787162e-04  -2.0631229e-03   2.7163231e-03  -2.5071362e-03
   8.9375689e-04  -1.6548999e-03  -9.0860701e-05  -2.0755186e-03
   1.4597408e-03  -1.0781445e-03  -7.7298014e-04  -1.7152117e-03
   2.2955979e-03  -8.1223783e-04  -8.4067030e-06  -1.7377308e-03
   1.5422021e-03  -7.3733453e-04  -1.8036551e-03  -1.2986068e-03
   5.1143661e-04  -4.6019232e-04  -2.2871354e-03  -1.0321298e-03
  -1.2576385e-04  -5.3135045e-04  -9.8661095e-04  -1.3211260e-03
  -2.1946980e-04  -6.1374408e-04  -7.2121156e-05  -1.8465736e-03
   4.4396833e-04  -8.1930650e-05  -7.2800523e-04  -1.5275518e-03
   1.7783411e-03  -1.8679527e-04  -1.8411342e-03  -1.0884278e-03
   2.8278477e-03  -6.3996024e-04  -4.4691206e-04  -1.6664201e-03
   1.4297549e-03  -7.5231519e-04   1.4682694e-03  -2.2293996e-03
  -6.7675484e-04  -1.1904995e-03   1.8580520e-03  -2.4433319e-03
  -1.0853128e-03  -1.5163288e-03   1.1909242e-03  -2.1280633e-03
  -1.6699447e-04  -1.8047066e-03   1.1871763e-03  -2.0417398e-03
   3.9158622e-05  -1.7784904e-03   9.5480591e-04  -2.2406592e-03
  -7.9295021e-04  -1.0069864e-03  -2.4452497e-04  -1.9328971e-03
  -4.4811232e-04  -8.1223783e-04  -8.8166950e-04  -1.9854418e-03
   5.9764608e-04  -5.0513430e-04  -1.0128463e-03  -2.1956209e-03
   1.4410929e-04  -5.0513430e-04  -1.1140399e-03  -1.9591695e-03
  -1.7899815e-03  -1.2279511e-03  -9.6037559e-04  -1.8052884e-03
  -2.9969142e-03  -1.1755188e-03  -4.9188696e-04  -1.7001989e-03
  -1.3776753e-03  -1.1830092e-03  -9.3788814e-04  -1.7865224e-03
   7.7756151e-04  -9.6204443e-04  -7.4674478e-04  -2.2068805e-03
   9.9495931e-04  -4.7517298e-04   1.7149293e-04  -2.1430761e-03
   5.0768837e-04  -3.8903418e-04   5.3878801e-04  -2.3720211e-03
   2.2657052e-04  -5.0138913e-04   7.6741046e-04  -2.8336644e-03
   3.6525533e-04  -8.1598299e-04   7.5616673e-04  -2.4696043e-03
   2.8279409e-04  -9.3208311e-04   1.9772829e-04  -2.0117142e-03
  -6.5426541e-04  -1.1305768e-03  -1.4707934e-04  -2.0342334e-03
  -1.0740681e-03  -9.9200575e-04   4.0386329e-04  -1.9816886e-03
  -6.2053127e-04  -9.4331860e-04  -9.1540068e-04  -1.5575774e-03
  -1.9323213e-04  -1.2429318e-03  -2.1634544e-03  -1.3586579e-03
  -2.9068632e-04  -1.0332026e-03  -1.0240900e-03  -1.4036963e-03
  -1.3102071e-03  -1.1305768e-03  -3.9444133e-04  -1.7977820e-03
  -1.4563883e-03  -1.2279511e-03  -1.7331470e-04  -2.1055441e-03
   2.4165670e-05  -1.0332026e-03  -2.0329797e-04  -1.8278076e-03
   1.2423430e-03  -9.4706377e-04  -3.1948315e-04  -1.7227181e-03
   1.2610842e-03  -5.9127309e-04   6.3998155e-04  -2.1543357e-03
   2.3031876e-04  -3.9277935e-04   9.8853709e-04  -2.3982935e-03
   9.1727180e-06  -4.3397616e-04   1.5275338e-04  -2.1318165e-03
   5.8265313e-04  -6.2872474e-04  -4.5885793e-05  -2.1768549e-03
   3.2777295e-04  -8.6841530e-04  -1.5457515e-04  -2.1693485e-03
   1.1787162e-04  -4.9015364e-04  -9.4538395e-04  -2.0379866e-03
   6.9144526e-05  -3.1787605e-04  -1.1290315e-03  -1.9891950e-03
   1.8159167e-04  -7.3358936e-04  -1.0090984e-03  -1.6439009e-03
  -9.2029708e-05  -7.8227651e-04  -9.3039232e-04  -1.5838498e-03
  -9.1289383e-04  -7.3358936e-04  -3.8319760e-04  -1.5988626e-03
  -8.5292202e-04  -8.0100233e-04   2.4270320e-04  -1.9404035e-03
  -6.5792042e-05  -8.6467014e-04   4.6382983e-04  -2.1918677e-03
   7.6631679e-04  -8.2721849e-04   4.3009865e-04  -1.8052884e-03
   7.7756151e-04  -8.4968948e-04   8.3862073e-04  -2.2406592e-03
   2.8654233e-04  -1.0893800e-03   1.4382862e-03  -2.5334086e-03
  -2.0447685e-04  -1.1343220e-03   1.4008071e-03  -2.3344892e-03
  -2.8693808e-04  -1.2391866e-03   8.0114164e-04  -2.1881145e-03
  -1.0702266e-04  -1.0818897e-03   2.1271993e-04  -1.8165480e-03
  -2.6819689e-04  -1.0182219e-03   2.1576569e-05  -1.8015352e-03
  -1.3700856e-04  -1.0294574e-03   2.8370240e-06  -1.9141311e-03
  -2.8318985e-04  -5.9876342e-04  -5.7059305e-04  -2.0830250e-03
  -2.2696628e-04  -6.5868606e-04  -8.7042577e-04  -1.8615863e-03
   8.7885716e-05  -6.2123441e-04  -7.9171968e-04  -1.8690927e-03
  -1.7823918e-04  -5.6131177e-04  -7.8422387e-04  -2.1393229e-03
  -2.1946980e-04  -7.8976684e-04  -4.2442460e-04  -1.8615863e-03
   5.7899812e-05  -7.3358936e-04  -1.0960025e-04  -2.1731017e-03
   3.8024828e-04  -6.6243123e-04  -1.5902521e-05  -2.4170595e-03
   2.8279409e-04  -6.5868606e-04  -1.4707934e-04  -2.4545915e-03
  -2.0447685e-04  -7.8227651e-04  -2.3398339e-05  -2.4508383e-03
  -1.8948390e-04  -8.8339596e-04  -8.3364883e-05  -1.9779355e-03
   1.1037514e-04  -9.4706377e-04  -1.7706261e-04  -2.1092973e-03
   1.2911633e-04  -9.5455410e-04  -4.6587940e-06  -1.9591695e-03
  -1.7074271e-04  -9.0586695e-04  -3.0449151e-04  -1.7227181e-03
  -4.8184646e-04  -7.0737321e-04  -2.6326452e-04  -1.9516631e-03
  -3.0193104e-04  -6.8115705e-04  -4.2817251e-04  -1.7264713e-03
  -1.1826737e-04  -9.5080893e-04  -8.5168623e-04  -1.6589137e-03
  -3.4316165e-04  -9.9949608e-04  -7.7298014e-04  -1.7302244e-03
  -7.1423722e-04  -8.5717981e-04  -5.4810560e-04  -2.0192206e-03
  -6.4676893e-04  -6.8864738e-04  -2.2203752e-04  -2.0304802e-03
  -1.3700856e-04  -8.9463146e-04  -3.1198733e-04  -1.9291439e-03
   1.1787162e-04  -7.4107969e-04  -5.1812233e-04  -2.2444124e-03
   1.5535400e-04  -5.0513430e-04  -1.8830634e-04  -2.0042078e-03
   1.2920956e-05  -4.9764397e-04  -7.9616974e-05  -2.0905314e-03
  -1.7823918e-04  -4.5270199e-04  -2.5576870e-04  -2.0867782e-03
  -1.9323213e-04  -7.1111837e-04  -8.3364883e-05  -1.9929482e-03
  -3.0193104e-04  -5.2386012e-04  -2.7076033e-04  -2.4808638e-03
  -6.9549603e-04  -6.0250859e-04  -4.2817251e-04  -2.1355697e-03
  -6.3177598e-04  -7.7478618e-04  -5.0313069e-04  -1.8052884e-03
  -2.2321804e-04  -6.5868606e-04  -5.8933260e-04  -1.7001989e-03
  -4.6685351e-04  -7.5980552e-04  -2.3702915e-04  -1.8127948e-03
  -8.0794317e-04  -9.0586695e-04  -9.8356519e-05  -2.2143869e-03
  -7.6296431e-04  -1.0631639e-03   4.3384656e-04  -2.0605058e-03
  -3.8064403e-04  -1.0032412e-03   5.7251919e-04  -2.1580889e-03
   9.1727180e-06  -1.1343220e-03   4.0761120e-04  -2.0529994e-03
  -1.3316710e-05  -1.0481832e-03   3.8887165e-04  -2.1505825e-03
  -3.7314756e-04  -9.9200575e-04   9.6534749e-05  -2.3269828e-03
  -4.7434998e-04  -1.2092253e-03   2.1646784e-04  -2.2406592e-03
  -4.1812641e-04  -9.9949608e-04   1.0403057e-04  -2.3720211e-03
  -6.2427950e-04  -9.6204443e-04  -3.0074361e-04  -2.0004546e-03
  -6.1303479e-04  -9.6204443e-04  -5.3686187e-04  -1.9967014e-03
  -5.4931474e-04  -8.6092497e-04  -4.3566833e-04  -2.0117142e-03
  -3.2067223e-04  -7.8976684e-04  -8.1795505e-04  -2.0980378e-03
  -2.8318985e-04  -7.9725717e-04  -8.6667786e-04  -2.2293996e-03
  -4.1812641e-04  -9.0586695e-04  -5.5185351e-04  -2.1393229e-03
  -3.6190284e-04  -5.8003760e-04  -7.2425732e-04  -2.4320723e-03
  -3.0567927e-04  -7.6355068e-04  -4.5440787e-04  -2.3044636e-03
   2.4165670e-05  -8.7216047e-04  -6.0807214e-04  -2.2481656e-03
  -7.3288518e-05  -5.7254727e-04  -5.5560142e-04  -2.3007104e-03
  -1.9323213e-04  -1.0107316e-03  -2.6326452e-04  -2.3645147e-03
  -1.9323213e-04  -9.4706377e-04  -4.7314742e-04  -2.2856976e-03
  -4.4436408e-04  -8.7216047e-04  -7.2800523e-04  -2.1543357e-03
  -4.5186056e-04  -1.0219671e-03  -6.1931587e-04  -2.2819444e-03
  -3.9563699e-04  -8.4219915e-04  -4.7314742e-04  -1.9291439e-03
  -5.2307708e-04  -9.5455410e-04  -7.0926569e-04  -1.9516631e-03
  -6.5051717e-04  -1.0893800e-03  -6.5679496e-04  -2.0454930e-03
  -2.1946980e-04  -1.0182219e-03  -7.5798850e-04  -1.7264713e-03
  -2.8318985e-04  -9.1335728e-04  -4.5815578e-04  -1.7977820e-03
  -5.9054536e-04  -8.8339596e-04  -3.9818924e-04  -2.0567526e-03
  -2.3446275e-04  -8.2347332e-04  -4.5440787e-04  -2.0417398e-03
  -2.5320394e-04  -1.0069864e-03   1.0332842e-05  -1.8353140e-03
  -4.3302614e-05  -8.8714113e-04  -3.3072688e-04  -1.9178843e-03
   1.8159167e-04  -6.9613771e-04  -1.9955006e-04  -2.0942846e-03
   8.4137478e-05  -9.8077025e-04  -5.3381611e-05  -2.2181401e-03
   8.0389240e-05  -9.0961212e-04  -3.7195388e-04  -2.2894508e-03
  -2.4195923e-04  -7.8976684e-04  -2.4452497e-04  -2.1243101e-03
  -3.7314756e-04  -9.4331860e-04  -2.0704588e-04  -2.0867782e-03
  -4.0313346e-04  -7.8976684e-04  -2.8200406e-04  -2.1768549e-03
  -3.2067223e-04  -7.1860870e-04  -4.3192042e-04  -1.9816886e-03
  -2.0822509e-04  -9.5829926e-04  -3.7195388e-04  -2.0379866e-03
  -2.8693808e-04  -9.9200575e-04  -3.1573524e-04  -2.1092973e-03
  -3.2067223e-04  -1.0444381e-03  -5.7129520e-05  -2.0267270e-03
  -2.8318985e-04  -9.2459278e-04   8.1543113e-05  -2.1092973e-03
  -2.7194513e-04  -8.1223783e-04  -9.0860701e-05  -2.0792718e-03
  -2.0072861e-04  -9.8077025e-04   4.6757774e-04  -2.1393229e-03
   1.5160576e-04  -8.4594431e-04   6.0999828e-04  -2.1505825e-03
   4.2906860e-05  -6.6243123e-04   2.0897202e-04  -2.3232296e-03
  -8.4533232e-05  -6.3996024e-04   1.2651802e-04  -2.3194764e-03
  -8.4533232e-05  -6.8490222e-04   4.4064023e-05  -2.4133063e-03
