  -2.8318985e-04  -9.6953476e-04  -1.4333143e-04  -1.9666759e-03
  -2.8693808e-04  -1.1081059e-03  -2.0329797e-04  -1.8953651e-03
  -2.5695218e-04  -7.6729585e-04  -3.7944969e-04  -2.1243101e-03
  -1.2201561e-04  -8.8339596e-04  -3.1198733e-04  -1.8841055e-03
  -2.0072861e-04  -1.1792640e-03  -3.0449151e-04  -2.1017910e-03
  -3.9938522e-04  -9.3582827e-04  -1.9955006e-04  -1.9066247e-03
  -3.6565108e-04  -7.0362804e-04  -4.0193715e-04  -1.9141311e-03
  -2.9443456e-04  -9.4331860e-04  -2.6701242e-04  -1.9629227e-03
  -2.6444866e-04  -1.1867543e-03  -1.9650430e-05  -1.8015352e-03
  -2.0822509e-04  -1.0107316e-03  -3.0823942e-04  -2.1580889e-03
  -3.8064403e-04  -8.6467014e-04  -2.7450824e-04  -2.1881145e-03
  -3.6939932e-04  -8.6841530e-04  -2.1828961e-04  -2.2331528e-03
  -1.7449094e-04  -9.1710245e-04  -3.4197060e-04  -2.0717654e-03
  -1.8948390e-04  -1.0144767e-03  -2.9324779e-04  -1.8390672e-03
  -2.9818280e-04  -1.1493027e-03  -2.2578543e-04  -2.1055441e-03
  -4.4061584e-04  -1.1006155e-03  -3.1948315e-04  -2.0267270e-03
  -3.0193104e-04  -8.0474750e-04  -9.0860701e-05  -1.8841055e-03
  -1.1077090e-04  -7.3358936e-04  -1.2833979e-04  -1.9291439e-03
  -1.4825328e-04  -8.4968948e-04  -3.0074361e-04  -1.8653395e-03
   2.7913908e-05  -9.8451542e-04   1.3026593e-04  -1.7039521e-03
  -7.7036756e-05  -8.9088629e-04  -2.2953333e-04  -1.6363945e-03
  -4.2937113e-04  -7.7104101e-04  -3.0449151e-04  -1.7865224e-03
  -7.3288518e-05  -1.1006155e-03   8.5291022e-05  -1.8015352e-03
  -6.5792042e-05  -9.2459278e-04  -4.1692878e-04  -1.7865224e-03
  -2.7944161e-04  -4.8640847e-04  -1.8081052e-04  -1.9591695e-03
  -7.7036756e-05  -8.0100233e-04   5.1559841e-05  -2.1918677e-03
  -2.0072861e-04  -7.2609903e-04  -2.2953333e-04  -2.0229738e-03
  -3.4690989e-04  -7.6729585e-04  -6.4625338e-05  -1.8540799e-03
  -2.1197332e-04  -1.0669090e-03  -7.2121156e-05  -2.0154674e-03
  -9.9526184e-05  -7.5980552e-04  -1.9650430e-05  -1.8653395e-03
  -2.8318985e-04  -9.0212179e-04   7.4047295e-05  -1.8841055e-03
  -1.8198742e-04  -7.3733453e-04  -4.9633702e-05  -2.1881145e-03
  -1.4450504e-04  -7.3733453e-04  -3.4571851e-04  -2.2594252e-03
  -3.6190284e-04  -9.4706377e-04  -1.4333143e-04  -2.0942846e-03
  -1.5949799e-04  -6.5494090e-04   1.6024920e-04  -2.1881145e-03
  -1.5200152e-04  -1.0294574e-03  -2.2203752e-04  -2.2969572e-03
  -6.5792042e-05  -8.9463146e-04  -8.7112792e-05  -2.0192206e-03
   1.2920956e-05  -7.8227651e-04   3.6568205e-05  -2.0605058e-03
  -5.0808413e-04  -9.7702509e-04  -2.3702915e-04  -2.2106337e-03
  -5.3057355e-04  -8.6841530e-04  -1.6207097e-04  -2.2218933e-03
   5.0403336e-05  -1.0669090e-03   5.1559841e-05  -2.1205569e-03
  -3.5806138e-05  -7.5606035e-04   5.9055659e-05  -2.4658511e-03
  -2.1946980e-04  -7.5231519e-04  -2.3328124e-04  -2.5446682e-03
  -1.4450504e-04  -8.9837662e-04  -1.9205424e-04  -1.9516631e-03
  -1.7074271e-04  -5.6505694e-04   6.5849330e-06  -2.2519188e-03
  -1.6324623e-04  -6.9239255e-04   3.6568205e-05  -2.3982935e-03
  -3.3191694e-04  -8.7965080e-04  -3.2323106e-04  -2.3907871e-03
  -1.4450504e-04  -8.1598299e-04  -5.3311396e-04  -2.3607615e-03
  -4.7050852e-05  -7.9351200e-04  -7.2121156e-05  -2.2406592e-03
  -3.1692399e-04  -7.7104101e-04  -8.3364883e-05  -2.4133063e-03
  -2.8318985e-04  -8.1598299e-04  -1.1709606e-04  -2.3307360e-03
  -1.5574975e-04  -1.0481832e-03  -1.2084397e-04  -2.5596810e-03
  -1.5200152e-04  -8.0100233e-04  -1.4707934e-04  -2.4771107e-03
  -6.5792042e-05  -6.5494090e-04  -9.1088500e-07  -2.3382424e-03
  -5.8295566e-05  -1.0069864e-03  -2.1454170e-04  -2.3570083e-03
  -1.2576385e-04  -8.0474750e-04   2.9072387e-05  -2.2293996e-03
   2.0417432e-05  -7.0362804e-04  -3.0894157e-05  -2.1430761e-03
   5.7899812e-05  -8.2347332e-04  -8.4067030e-06  -2.0830250e-03
   5.4244800e-06  -8.2721849e-04   1.9398038e-04  -2.2143869e-03
  -2.1946980e-04  -7.0737321e-04  -1.0960025e-04  -2.0192206e-03
  -1.1077090e-04  -5.9501826e-04  -1.5082725e-04  -2.1543357e-03
   1.2920956e-05  -7.7478618e-04  -3.2697897e-04  -2.0529994e-03
  -2.9818280e-04  -6.8490222e-04   6.2803568e-05  -1.8278076e-03
  -4.7050852e-05  -6.5868606e-04   1.1152638e-04  -2.2143869e-03
  -8.8281470e-05  -6.7366672e-04  -9.8356519e-05  -2.1017910e-03
  -1.1451914e-04  -7.5980552e-04  -5.7129520e-05  -2.1355697e-03
   5.4244800e-06  -7.7853134e-04  -2.2953333e-04  -2.0867782e-03
  -2.7569337e-04  -8.2347332e-04   1.9398038e-04  -1.9554163e-03
  -5.0799090e-05  -8.9463146e-04   5.9055659e-05  -2.1243101e-03
  -6.5792042e-05  -6.6617639e-04   1.1902220e-04  -2.0417398e-03
  -1.4450504e-04  -1.0556735e-03   4.4064023e-05  -2.0942846e-03
  -2.0072861e-04  -1.0257122e-03  -2.9699570e-04  -1.9516631e-03
  -2.7944161e-04  -7.3733453e-04  -4.9633702e-05  -1.9666759e-03
  -9.2029708e-05  -9.2833794e-04  -1.8081052e-04  -2.2894508e-03
  -3.3566518e-04  -9.2459278e-04   2.5324478e-05  -2.0792718e-03
  -2.6070042e-04  -9.9949608e-04  -1.3958352e-04  -2.0192206e-03
  -1.8198742e-04  -7.4482486e-04  -3.5696224e-04  -2.1130505e-03
  -1.4825328e-04  -7.5980552e-04   6.5849330e-06  -2.0192206e-03
  -2.0072861e-04  -1.0107316e-03   7.7795204e-05  -2.1731017e-03
  -3.2816870e-04  -7.7853134e-04  -1.4333143e-04  -2.0905314e-03
  -5.0799090e-05  -9.5455410e-04  -3.2323106e-04  -2.0830250e-03
  -2.6070042e-04  -9.5080893e-04  -2.7450824e-04  -2.0417398e-03
  -2.8693808e-04  -8.2721849e-04  -3.2697897e-04  -1.9591695e-03
  -2.8693808e-04  -9.4331860e-04  -1.9955006e-04  -2.3082168e-03
  -3.4690989e-04  -6.8115705e-04  -2.9699570e-04  -2.0642590e-03
  -2.2321804e-04  -9.2459278e-04  -4.2442460e-04  -1.9328971e-03
  -4.1812641e-04  -1.1642833e-03  -1.5457515e-04  -2.1956209e-03
  -4.0688170e-04  -9.1710245e-04  -1.9205424e-04  -2.1618421e-03
  -3.2442046e-04  -9.3582827e-04  -2.6701242e-04  -2.0980378e-03
  -2.4570747e-04  -1.0032412e-03  -2.8575197e-04  -2.0567526e-03
  -3.2442046e-04  -8.4219915e-04  -4.6939951e-04  -2.0605058e-03
  -4.4061584e-04  -8.4968948e-04  -4.6190369e-04  -1.8615863e-03
  -2.4945570e-04  -1.0743994e-03  -1.8455843e-04  -1.9591695e-03
  -2.3821099e-04  -8.6841530e-04  -1.6581888e-04  -2.2181401e-03
  -1.9698037e-04  -8.5717981e-04  -4.6565160e-04  -2.1168037e-03
  -9.9526184e-05  -9.3957344e-04  -3.8694551e-04  -1.9591695e-03
  -2.7944161e-04  -7.8976684e-04  -1.9650430e-05  -1.8503268e-03
  -1.9698037e-04  -9.2084761e-04  -1.5457515e-04  -1.8015352e-03
  -2.2321804e-04  -7.4107969e-04  -2.3702915e-04  -2.0755186e-03
  -4.0313346e-04  -9.0586695e-04  -2.2203752e-04  -2.1205569e-03
  -1.1451914e-04  -1.0706542e-03  -4.4691206e-04  -1.6213817e-03
  -1.6699447e-04  -6.9613771e-04  -3.9444133e-04  -1.8916119e-03
  -2.3821099e-04  -9.5080893e-04  -3.7195388e-04  -2.1355697e-03
  -4.3302614e-05  -1.0294574e-03  -1.7331470e-04  -1.7564968e-03
  -9.5777946e-05  -8.2721849e-04  -2.7146248e-05  -1.7189649e-03
  -8.8281470e-05  -8.4219915e-04  -2.3702915e-04  -1.8052884e-03
  -1.0327442e-04  -9.5455410e-04  -9.4608610e-05  -1.8690927e-03
  -5.8295566e-05  -1.2017350e-03  -1.3208770e-04  -1.9178843e-03
   5.0403336e-05  -8.7965080e-04  -4.5440787e-04  -2.0004546e-03
  -2.3446275e-04  -6.6617639e-04  -3.6820597e-04  -1.9441567e-03
  -2.3071451e-04  -9.5080893e-04  -1.1709606e-04  -1.8728459e-03
   4.2906860e-05  -7.8227651e-04   6.5849330e-06  -1.8353140e-03
  -2.9818280e-04  -7.4857002e-04  -4.0193715e-04  -2.0830250e-03
  -1.0702266e-04  -7.4857002e-04  -2.6701242e-04  -2.1993741e-03
  -2.0813186e-05  -6.5494090e-04   3.2820296e-05  -1.8653395e-03
  -2.6819689e-04  -8.9463146e-04  -3.1198733e-04  -2.1243101e-03
   4.6655098e-05  -6.0999892e-04  -1.5902521e-05  -2.1543357e-03
  -1.9698037e-04  -7.9351200e-04  -1.0210443e-04  -2.0079610e-03
  -3.6565108e-04  -9.6953476e-04   3.6568205e-05  -2.0980378e-03
  -4.2187465e-04  -6.7366672e-04  -5.3381611e-05  -1.9816886e-03
  -3.4690989e-04  -9.8826058e-04  -5.5185351e-04  -2.1355697e-03
   5.0403336e-05  -9.5455410e-04  -1.0960025e-04  -2.0755186e-03
   9.5382192e-05  -9.0961212e-04  -1.6956679e-04  -2.1318165e-03
  -5.0799090e-05  -9.5829926e-04   2.1576569e-05  -2.3007104e-03
  -3.5065813e-04  -9.5455410e-04   6.2803568e-05  -2.1956209e-03
  -2.0813186e-05  -8.7216047e-04  -1.4707934e-04  -2.1881145e-03
  -5.8295566e-05  -7.1486354e-04  -6.4625338e-05  -2.0830250e-03
  -3.5440637e-04  -8.9463146e-04  -1.8455843e-04  -2.2744380e-03
  -1.3700856e-04  -7.5606035e-04  -1.8455843e-04  -2.3645147e-03
  -3.0567927e-04  -9.0212179e-04  -4.1318088e-04  -2.1318165e-03
  -2.1572156e-04  -8.2721849e-04  -2.0704588e-04  -2.4583447e-03
  -1.5949799e-04  -5.8752793e-04  -9.0860701e-05  -2.5371618e-03
  -1.2951209e-04  -1.0107316e-03  -1.7706261e-04  -2.1693485e-03
  -1.1077090e-04  -8.3845398e-04  -1.6207097e-04  -2.3269828e-03
  -2.0447685e-04  -8.7216047e-04  -2.8200406e-04  -2.4057999e-03
  -5.4547328e-05  -1.0444381e-03  -1.0960025e-04  -2.5521746e-03
  -1.1451914e-04  -7.2609903e-04  -1.3208770e-04  -2.4883702e-03
  -1.4450504e-04  -8.6467014e-04  -2.2578543e-04  -2.1130505e-03
  -1.0702266e-04  -8.3845398e-04  -1.0585234e-04  -2.0267270e-03
   1.2911633e-04  -5.9876342e-04  -6.4625338e-05  -2.0304802e-03
   2.4165670e-05  -5.9501826e-04   5.1559841e-05  -2.1017910e-03
  -7.3288518e-05  -7.0737321e-04   1.3026593e-04  -1.8540799e-03
   1.8908814e-04  -7.0737321e-04  -2.4827288e-04  -2.0942846e-03
  -1.4450504e-04  -6.5868606e-04  -1.5082725e-04  -2.1731017e-03
   1.2920956e-05  -7.7853134e-04   1.6024920e-04  -2.0117142e-03
   4.6655098e-05  -7.9351200e-04  -6.8373247e-05  -2.0830250e-03
  -1.5949799e-04  -7.7104101e-04  -6.0877429e-05  -1.9328971e-03
  -6.5792042e-05  -5.5382144e-04   1.4080751e-05  -2.1806081e-03
  -2.8693808e-04  -6.2497958e-04   1.1527429e-04  -1.9216375e-03
   3.5410384e-05  -9.2084761e-04   2.1576569e-05  -1.8991183e-03
  -1.7064948e-05  -8.8714113e-04  -4.9633702e-05  -2.1092973e-03
   9.1727180e-06  -9.2459278e-04   2.5324478e-05  -1.9929482e-03
   9.1633954e-05  -8.7965080e-04  -2.0704588e-04  -2.1055441e-03
  -2.3071451e-04  -6.7366672e-04  -9.4608610e-05  -1.9704291e-03
  -3.5806138e-05  -8.0474750e-04  -1.9955006e-04  -2.0042078e-03
  -6.5792042e-05  -1.0856349e-03  -1.9205424e-04  -2.0905314e-03
  -1.1451914e-04  -7.1486354e-04   1.3776175e-04  -2.0792718e-03
  -1.9698037e-04  -6.4745057e-04  -1.8830634e-04  -1.9253907e-03
  -1.2951209e-04  -9.8077025e-04  -1.7331470e-04  -1.9516631e-03
  -3.0193104e-04  -1.1043607e-03  -4.9633702e-05  -2.1393229e-03
  -4.0313346e-04  -1.1904995e-03  -2.2953333e-04  -2.0342334e-03
  -3.5806138e-05  -7.8602167e-04  -1.8455843e-04  -2.1655953e-03
  -2.3821099e-04  -6.9988288e-04   2.8370240e-06  -2.0605058e-03
  -3.1317575e-04  -1.0369477e-03  -5.7129520e-05  -1.9441567e-03
  -2.9443456e-04  -9.0961212e-04  -4.4691206e-04  -2.0154674e-03
  -2.4195923e-04  -9.6953476e-04  -1.8455843e-04  -1.9891950e-03
  -2.7194513e-04  -1.0481832e-03  -1.4333143e-04  -2.1543357e-03
  -3.0567927e-04  -8.1223783e-04  -2.6701242e-04  -2.0192206e-03
  -1.9698037e-04  -1.0032412e-03  -1.6956679e-04  -1.9291439e-03
  -4.3311937e-04  -9.7702509e-04  -4.7314742e-04  -1.9328971e-03
  -3.6939932e-04  -9.9949608e-04  -3.6071015e-04  -1.9291439e-03
  -2.6070042e-04  -1.0893800e-03  -6.3055960e-04  -2.0004546e-03
  -2.3446275e-04  -9.5455410e-04  -3.6071015e-04  -1.8465736e-03
  -1.3326033e-04  -8.8339596e-04  -4.9938278e-04  -1.9178843e-03
  -2.9818280e-04  -7.8227651e-04  -5.2936605e-04  -2.0267270e-03
  -2.1946980e-04  -1.0182219e-03  -3.1198733e-04  -2.1092973e-03
  -1.4825328e-04  -9.2459278e-04  -4.3941624e-04  -1.8953651e-03
  -5.0808413e-04  -8.7216047e-04   2.9517393e-04  -2.1580889e-03
  -4.2937113e-04  -9.2459278e-04  -7.7298014e-04  -1.9704291e-03
  -1.5200152e-04  -8.6841530e-04   5.5377965e-04  -1.8578331e-03
  -1.8573566e-04  -9.2084761e-04  -9.2289650e-04  -1.9967014e-03
  -3.3566518e-04  -8.1598299e-04   4.5258610e-04  -1.4562411e-03
   1.0287867e-04  -1.0706542e-03  -1.8081052e-04  -2.8899623e-03
  -5.6055946e-04  -9.6204443e-04  -1.3763935e-03   2.8937143e-03
   1.0174487e-03  -6.4745057e-04   4.0214153e-02   9.1127617e-03
   1.0062040e-03  -7.2235387e-04   9.2148928e-02   2.7210672e-03
  -1.2659872e-02  -8.4968948e-04   9.7512185e-02  -1.0208702e-03
  -1.7731238e-02  -1.8983357e-03   6.9736432e-02   1.5012782e-03
  -4.3612728e-03  -2.7185268e-03   2.7887280e-02   1.1634848e-04
   4.9156163e-03  -1.5949773e-03   2.0454474e-03  -7.4238243e-03
  -1.6063179e-03   7.3077015e-04  -4.7157804e-03  -1.1991465e-02
  -1.3079674e-02   1.9741649e-03  -5.2696511e-02  -8.0243358e-03
  -4.8559470e-04   1.3903408e-04  -1.0465003e-01  -5.6035238e-03
   1.6640105e-02  -2.2466360e-03  -1.1559392e-01  -5.9675839e-03
  -2.5058950e-03  -1.8945905e-03  -1.2829558e-01  -6.8308249e-04
  -2.9125881e-02  -1.4451707e-03  -1.2707751e-01   4.4550442e-03
  -8.3643910e-03  -3.4375985e-03  -9.9699038e-02   2.4658498e-03
   1.9155172e-02  -4.3364381e-03  -7.2496715e-02  -3.9408632e-04
   3.4800411e-03  -1.7710001e-03  -4.0463336e-02  -3.9596235e-03
  -1.0073588e-02   1.3899192e-03  -6.7553451e-04  -9.4280315e-03
  -6.4640343e-03   1.7719260e-03   2.8025953e-02  -1.2509406e-02
   1.6846351e-03  -3.4783737e-04   4.0345329e-02  -9.2028397e-03
   4.7656867e-03  -1.8496485e-03   4.3036328e-02  -4.3649687e-03
   5.1518485e-04  -5.5007628e-04   5.5573084e-02  -2.9912986e-03
   1.5871716e-02   2.8509552e-04   6.1258662e-02  -1.7452372e-03
   3.1299464e-02  -7.6729585e-04   4.6743010e-02   2.4996286e-03
   2.9121737e-02  -1.1642833e-03   3.0773170e-02   8.4897310e-03
   1.8199372e-02  -1.0069864e-03   3.2366031e-02   5.1831644e-03
  -6.9174779e-04   9.7837270e-05   3.9329646e-02  -3.5655435e-04
  -1.2161356e-02  -1.4301901e-03   2.1815667e-02  -4.8416305e-04
  -1.8334704e-02  -2.9394915e-03   1.9701847e-02  -1.4487347e-03
  -3.5479051e-03  -1.2916189e-03   4.1147382e-02  -7.2586836e-03
   1.9481269e-02  -5.8003760e-04   6.0160524e-02  -1.3830532e-02
   4.1322345e-03   9.5173489e-04   3.2812032e-02  -6.2002821e-03
  -4.8335508e-03   2.5659010e-03  -2.2384126e-03   1.9216362e-03
   1.4492364e-02   2.0528134e-03   1.5470457e-02  -1.6964457e-03
   1.6733811e-02  -1.4559846e-04   4.7964126e-03  -1.5725902e-03
  -6.0517281e-03  -2.1792230e-03  -2.5115649e-02   5.4571478e-03
  -1.4623948e-02  -3.3102629e-03  -2.9553173e-02   5.8699995e-03
   1.6621457e-03  -2.6735848e-03  -1.5348598e-02  -1.5463178e-03
  -3.7314756e-04  -5.0887946e-04  -1.5569725e-02  -4.3424496e-03
  -1.0553362e-02   1.3150159e-03  -3.5834669e-02  -2.0004546e-03
  -7.2099337e-03   2.0902650e-03  -2.5201851e-02  -4.4325263e-03
  -4.5186056e-04   7.3077015e-04  -5.2292439e-03  -1.1195787e-02
  -7.2249266e-03  -6.7741189e-04  -8.7747659e-03  -8.7524560e-03
  -2.2757625e-02  -1.4676417e-03  -2.8822331e-02  -1.8841055e-03
  -5.6131843e-03  -1.7597646e-03  -2.2435894e-02  -1.0959342e-03
   1.3832674e-02  -1.7035871e-03  -1.2642608e-02  -1.8878587e-03
   1.0061947e-02  -6.4745057e-04  -2.4126201e-02   8.6322899e-05
   4.5108066e-03   9.3300906e-04  -3.6854100e-02   3.7156644e-03
  -6.9549603e-04   2.8135035e-04  -3.6722923e-02   2.4958754e-03
  -3.1692399e-04  -2.1417714e-03  -1.4141772e-02  -3.1601925e-03
  -1.0395936e-02  -4.1341992e-03  -8.6285974e-03  -5.7761708e-03
  -2.2337822e-02  -3.6735439e-03  -8.9321780e-03  -5.2920084e-03
  -1.2603648e-02  -2.0930843e-03  -1.4476038e-03  -6.4892782e-03
   3.3975799e-03  -2.8791473e-04   6.1081808e-03  -7.0447514e-03
   7.8692278e-03   1.3599579e-03   9.8104127e-04  -3.9483639e-03
   5.7064945e-03   8.9930258e-04  -5.6602535e-03  -5.2920141e-04
   6.6173163e-03  -1.1043607e-03   5.0362788e-03  -4.0909911e-04
   3.2513986e-03  -2.6061719e-03   9.5412654e-03  -4.2786509e-04
  -2.2884972e-03  -3.4001468e-03   7.0676455e-03   1.7865211e-03
   4.4396833e-04  -3.3102629e-03   8.4131448e-03   1.8465723e-03
   7.5356346e-03  -1.6399193e-03   1.8390079e-02  -9.0076791e-04
   6.6135681e-03  -5.1969330e-05   2.4772768e-02  -3.5843038e-03
   7.1758970e-04   7.3451532e-04   2.1598289e-02  -4.0497002e-03
   1.0924135e-03   6.7459268e-04   1.7846632e-02  -3.5580314e-03
   2.1194307e-03  -3.2536638e-04   1.7235723e-02  -4.2185941e-03
  -3.7690512e-03  -8.7590563e-04   1.2284735e-02  -3.5467718e-03
  -1.1104353e-02  -7.9351200e-04   2.3827592e-03  -3.9408632e-04
  -1.4264024e-03  -8.8714113e-04   1.1796804e-03   6.0051089e-04
   1.4192505e-02  -1.2354415e-03   7.5961007e-03  -9.3079349e-04
   1.0110674e-02  -1.0931252e-03   1.2996135e-03   3.6781267e-04
  -2.0448617e-03  -7.8185485e-05  -5.7427075e-03   2.0942833e-03
  -5.1521510e-03  -1.4559846e-04   2.7538022e-03  -4.2411189e-04
   5.6391194e-04  -1.4039739e-03   1.2637038e-02  -3.9333511e-03
   2.9029057e-04  -1.3065996e-03   1.2044869e-02  -4.3949943e-03
  -6.3740766e-03  -4.4895682e-04   3.1398369e-03  -2.9350007e-03
  -2.7982575e-03   3.0007618e-04   4.6427484e-03  -3.2052309e-03
   4.5557854e-03   2.3266321e-04   8.0795809e-03  -4.5563818e-03
   1.2423430e-03  -7.5980552e-04  -6.4180332e-04  -2.6872897e-03
  -4.4924611e-03  -1.0144767e-03  -9.4831207e-03   2.8524234e-04
  -3.9188875e-04  -9.5829926e-04  -7.5754350e-03   1.1258959e-05
   3.8885990e-03  -1.3028544e-03  -5.8326573e-03  -7.0184847e-04
   3.3526942e-04  -1.5350547e-03  -1.1428285e-02   2.7398275e-04
  -3.4242133e-03  -1.0594187e-03  -1.1139696e-02  -2.1768606e-04
  -3.6865900e-03  -4.7142781e-04  -3.4040123e-03  -2.5671874e-03
  -2.7645234e-03  -4.9389880e-04   1.3071094e-03  -4.0196746e-03
  -1.8537016e-03  -8.3096365e-04  -1.0503254e-03  -3.9371043e-03
  -2.0036311e-03  -1.0294574e-03  -3.4639788e-03  -3.2390096e-03
  -2.3522172e-03  -9.9200575e-04  -9.5287977e-04  -3.2690352e-03
  -9.4662797e-04  -9.7327992e-04  -1.3201749e-03  -3.3853843e-03
  -1.4451436e-03  -9.3208311e-04  -1.0273929e-02  -8.5197635e-04
  -2.3447207e-03  -1.1230865e-03  -1.5809591e-02   1.2385544e-03
   8.0005094e-04  -1.5799966e-03  -7.6653848e-03  -4.1660550e-04
   2.6554287e-03  -1.4114642e-03  -3.5321433e-04  -2.2293996e-03
  -2.0822509e-04  -1.2766383e-03  -3.5651723e-03  -2.3082168e-03
  -3.7727994e-03  -1.5687612e-03  -6.5709954e-03  -1.6176285e-03
  -3.7952889e-03  -1.0107316e-03  -2.6319430e-03  -2.7023025e-03
  -2.6070974e-03  -1.0032412e-03   3.8781749e-03  -4.6389521e-03
  -4.2863080e-03  -1.1268317e-03   1.0634953e-03  -3.6406017e-03
  -3.1993190e-03  -6.3246991e-04  -4.6145869e-03  -1.8315608e-03
   2.4230380e-03  -1.0931252e-03  -2.4857746e-03  -1.7564968e-03
   4.2071993e-03  -9.6578959e-04   2.4270320e-04  -1.9441567e-03
   5.2268132e-04  -6.8864738e-04  -2.0884962e-03  -6.4930371e-04
  -2.0373652e-03  -1.2991093e-03  -3.8612572e-03   4.2786383e-04
   1.7784343e-04  -1.7447839e-03   1.3483364e-03  -5.0668223e-04
   1.2460913e-03  -1.8908453e-03   6.4492405e-03  -1.9328971e-03
  -3.2816870e-04  -1.4189546e-03   6.9814436e-03  -2.7961324e-03
   9.9130430e-05  -7.6355068e-04   6.9364687e-03  -3.0513498e-03
   1.1186512e-03  -3.2162121e-04   7.2625368e-03  -2.6159789e-03
   7.2133794e-04  -1.5308879e-04   7.1613432e-03  -2.2594252e-03
  -1.3364447e-03  -3.5158253e-04   8.0608414e-03  -2.0417398e-03
  -2.5096432e-03  -6.9988288e-04   8.5293300e-03  -1.4374751e-03
  -1.8686945e-03  -1.1418123e-03   8.7804399e-03  -1.2573216e-03
  -2.6070042e-04  -1.4751320e-03   1.0077216e-02  -1.3811771e-03
   1.6321598e-03  -1.4601514e-03   9.8598377e-03  -1.5162922e-03
   8.1879213e-04  -6.7366672e-04   7.2512930e-03  -1.8428204e-03
  -8.4542555e-04   4.9150125e-05   3.9194019e-03  -1.6101221e-03
  -8.1169140e-04  -1.6806945e-04   3.6495525e-03  -2.0605058e-03
  -5.8304889e-04  -3.8154385e-04   3.8369479e-03  -3.1564393e-03
  -1.7412544e-03  -7.4107969e-04   1.0747390e-03  -3.3478524e-03
  -2.4646644e-03  -9.6578959e-04  -2.0510171e-03  -3.3290864e-03
  -2.1572156e-04  -4.9389880e-04  -3.7038450e-03  -3.0288306e-03
   2.4417792e-03  -4.6768265e-04  -5.1805211e-03  -2.4658511e-03
   2.2581155e-03  -4.9764397e-04  -7.4555019e-03  -1.6964457e-03
   4.2147890e-04  -3.0289539e-04  -7.5829308e-03  -1.1147001e-03
  -4.8559470e-04  -5.6131177e-04  -5.3641687e-03  -1.6213817e-03
  -7.0299250e-04  -1.0931252e-03  -3.5239453e-03  -2.1918677e-03
  -1.1602775e-03  -1.5425450e-03  -2.9730027e-03  -2.3382424e-03
  -1.2952141e-03  -1.1830092e-03  -2.2084293e-03  -2.3720211e-03
  -1.1003057e-03  -6.4370540e-04  -1.3958352e-04  -2.7098089e-03
  -9.9535507e-04  -5.7629243e-04   4.3384656e-04  -2.8449240e-03
  -6.1678303e-04  -4.1525034e-04  -6.8303032e-04  -2.3982935e-03
  -3.9938522e-04  -8.0100233e-04  -7.8422387e-04  -2.2669316e-03
  -3.6190284e-04  -1.0444381e-03  -3.7944969e-04  -1.7715096e-03
  -1.7064948e-05  -8.0849266e-04  -1.2077376e-03  -1.4599943e-03
   5.1143661e-04  -9.4706377e-04  -2.2421605e-03  -1.3774239e-03
   7.6631679e-04  -1.1081059e-03  -2.1372190e-03  -8.7074234e-04
   1.2911633e-04  -1.1979898e-03  -7.0551778e-04  -1.6101221e-03
  -8.1543964e-04  -1.2803834e-03   1.1272097e-03  -2.0492462e-03
  -1.3814236e-03  -1.4226997e-03   1.5244881e-03  -1.9816886e-03
  -5.8304889e-04  -1.1979898e-03   1.6781523e-03  -2.6084725e-03
   4.0273771e-04  -9.7327992e-04   1.8805394e-03  -2.4283191e-03
   2.9029057e-04  -7.5606035e-04   1.3633280e-03  -2.3495020e-03
   6.5396288e-05  -5.1262463e-04   8.1238537e-04  -2.0567526e-03
   4.2522714e-04  -7.0737321e-04   2.1646784e-04  -1.5988626e-03
   9.8746284e-04  -8.7965080e-04  -1.2833979e-04  -1.9178843e-03
   3.0153528e-04  -1.3103448e-03  -4.2137884e-05  -1.6138753e-03
  -6.6176188e-04  -1.2391866e-03   2.6519065e-04  -1.5350582e-03
  -8.7166321e-04  -9.0961212e-04   5.2754428e-04  -2.0454930e-03
  -9.9526184e-05  -1.1193414e-03   3.7388001e-04  -1.9441567e-03
   3.5026238e-04  -9.7702509e-04   9.2786840e-05  -1.7940288e-03
  -1.2576385e-04  -7.5606035e-04   5.8001501e-04  -2.2406592e-03
  -2.0072861e-04  -7.5231519e-04   1.2059158e-03  -2.5746938e-03
  -5.3807003e-04  -9.8077025e-04   1.3370926e-03  -2.5446682e-03
  -4.1812641e-04  -1.1193414e-03   9.5480591e-04  -2.4583447e-03
  -2.5320394e-04  -9.3957344e-04   1.5275338e-04  -2.3570083e-03
  -5.2307708e-04  -8.2721849e-04  -1.7706261e-04  -2.2218933e-03
  -5.5681122e-04  -7.7478618e-04  -2.8200406e-04  -2.0830250e-03
  -5.5681122e-04  -1.0219671e-03  -6.6429078e-04  -1.8203012e-03
   9.1727180e-06  -1.1230865e-03  -1.0503254e-03  -1.8315608e-03
  -1.2576385e-04  -9.4706377e-04  -6.9427405e-04  -2.1655953e-03
  -5.8304889e-04  -8.1598299e-04  -3.7195388e-04  -1.9816886e-03
  -3.0567927e-04  -8.2721849e-04  -3.5321433e-04  -2.1543357e-03
  -2.9443456e-04  -1.0144767e-03   2.5769484e-04  -2.3570083e-03
  -1.5949799e-04  -8.0100233e-04   1.4150966e-04  -2.1168037e-03
  -4.7050852e-05  -7.7478618e-04  -3.1573524e-04  -1.9891950e-03
  -1.6324623e-04  -9.0212179e-04  -4.0943297e-04  -1.8278076e-03
  -2.3071451e-04  -7.8227651e-04  -7.0176987e-04  -2.0042078e-03
  -3.3191694e-04  -8.6467014e-04  -1.1290315e-03  -1.9103779e-03
   2.4156347e-04  -9.2084761e-04  -1.7549323e-03  -1.6176285e-03
   7.4757560e-04  -1.0669090e-03  -1.7024616e-03  -1.5763434e-03
   6.6886261e-04  -1.0968704e-03  -1.5000745e-03  -1.5688370e-03
   3.0903176e-04  -1.1193414e-03  -1.3351665e-03  -1.8015352e-03
  -4.0313346e-04  -1.1605382e-03  -7.7672805e-04  -2.1505825e-03
  -2.0822509e-04  -9.5829926e-04  -7.5798850e-04  -2.1017910e-03
   3.3901766e-04  -1.0631639e-03  -6.8677823e-04  -2.2031273e-03
   4.0648595e-04  -9.3582827e-04  -7.0176987e-04  -2.2706848e-03
   2.9778704e-04  -6.0999892e-04  -7.4299687e-04  -2.1468293e-03
   1.4036105e-04  -9.5455410e-04  -6.5304705e-04  -2.3269828e-03
   4.4022009e-04  -1.2728931e-03  -1.2339729e-03  -1.8916119e-03
   1.9283638e-04  -1.1343220e-03  -1.2751999e-03  -1.8953651e-03
   3.1662146e-05  -1.2354415e-03  -1.0428296e-03  -1.9028715e-03
   2.2657052e-04  -1.1830092e-03  -1.1852501e-03  -1.6363945e-03
  -3.5806138e-05  -8.7965080e-04  -1.1140399e-03  -2.0304802e-03
   2.9778704e-04  -8.6841530e-04  -7.5049269e-04  -2.0417398e-03
   4.8519894e-04  -7.0737321e-04  -3.7944969e-04  -2.1318165e-03
   1.8533990e-04  -5.5382144e-04  -4.0568506e-04  -2.4245659e-03
   4.2906860e-05  -5.5007628e-04  -7.2121156e-05  -2.6197321e-03
  -1.7449094e-04  -7.2609903e-04  -5.7129520e-05  -2.3532552e-03
  -2.0072861e-04  -7.6355068e-04  -2.1454170e-04  -2.3570083e-03
  -9.2029708e-05  -7.6729585e-04  -2.8575197e-04  -2.4658511e-03
   9.1633954e-05  -9.5455410e-04  -1.0615691e-03  -2.2106337e-03
   3.6150709e-04  -6.4370540e-04  -1.0803087e-03  -2.4283191e-03
   2.9029057e-04  -7.6729585e-04  -9.0040905e-04  -2.3907871e-03
   3.2402471e-04  -8.5343464e-04  -8.8916532e-04  -2.3832807e-03
   1.4410929e-04  -5.3884078e-04  -5.1812233e-04  -2.4733575e-03
  -3.5065813e-04  -8.1972816e-04  -2.7076033e-04  -2.4771107e-03
  -2.4561424e-05  -7.0737321e-04  -2.5202079e-04  -2.6910429e-03
  -7.3288518e-05  -5.5382144e-04  -4.5065997e-04  -2.9687795e-03
  -1.7074271e-04  -7.1486354e-04  -3.5696224e-04  -2.8299112e-03
  -8.4533232e-05  -8.0100233e-04  -5.6684514e-04  -2.3307360e-03
  -3.0193104e-04  -8.9837662e-04  -6.8677823e-04  -2.5146426e-03
   2.6405290e-04  -5.3135045e-04  -1.0090984e-03  -2.2106337e-03
   3.9524123e-04  -6.2123441e-04  -1.5113182e-03  -1.6626669e-03
   4.1398242e-04  -9.6578959e-04  -1.0953003e-03  -2.0567526e-03
   5.7890489e-04  -7.5606035e-04  -1.5338057e-03  -1.9028715e-03
   2.4156347e-04  -7.8602167e-04  -1.7661760e-03  -1.9216375e-03
   2.5655643e-04  -6.5119573e-04  -7.4299687e-04  -2.1956209e-03
   2.3406700e-04  -6.6617639e-04  -4.8813906e-04  -2.0980378e-03
  -6.2043804e-05  -9.0212179e-04  -7.0551778e-04  -2.2969572e-03
  -6.2043804e-05  -4.7142781e-04  -6.9052614e-04  -2.1731017e-03
   2.6405290e-04  -7.1860870e-04  -5.0687860e-04  -2.2669316e-03
   3.7275180e-04  -1.1155962e-03  -4.1318088e-04  -2.3945403e-03
   1.9283638e-04  -7.6355068e-04  -6.6803869e-04  -1.9666759e-03
   1.9658462e-04  -1.0182219e-03  -7.0176987e-04  -1.9366503e-03
   8.7885716e-05  -9.5829926e-04  -4.3566833e-04  -1.9554163e-03
   1.2536810e-04  -7.1111837e-04  -1.6956679e-04  -1.8165480e-03
   4.2147890e-04  -8.9088629e-04   2.9072387e-05  -1.9666759e-03
   4.9269542e-04  -7.0737321e-04   1.1152638e-04  -2.0004546e-03
   3.8774476e-04  -7.1486354e-04   3.1391347e-04  -2.1505825e-03
   5.4244800e-06  -9.3208311e-04   4.3009865e-04  -2.2819444e-03
  -3.9554376e-05  -1.0257122e-03   3.3640092e-04  -2.3157232e-03
  -1.4825328e-04  -9.0586695e-04   2.8393020e-04  -2.4283191e-03
  -2.1197332e-04  -9.4331860e-04  -7.2121156e-05  -2.1430761e-03
   2.0417432e-05  -1.0069864e-03  -3.7944969e-04  -1.9366503e-03
   6.5396288e-05  -8.7590563e-04  -5.0313069e-04  -1.8165480e-03
   2.6030466e-04  -9.3957344e-04  -6.6803869e-04  -2.0004546e-03
  -2.0813186e-05  -6.6243123e-04  -4.9938278e-04  -2.0942846e-03
  -2.8693808e-04  -7.1111837e-04  -3.2323106e-04  -1.9178843e-03
  -2.8693808e-04  -1.1043607e-03  -1.4333143e-04  -2.2068805e-03
