  -8.0784994e-05  -5.7629243e-04  -3.1948315e-04  -1.6739265e-03
  -1.7449094e-04  -7.8976684e-04   7.7795204e-05  -1.6964457e-03
  -6.9540280e-05  -9.6953476e-04   7.0299386e-05  -2.0154674e-03
  -4.3311937e-04  -7.7853134e-04   4.7811932e-05  -1.9816886e-03
  -2.9443456e-04  -7.2235387e-04   3.2820296e-05  -1.8991183e-03
  -1.1451914e-04  -6.4745057e-04  -8.7112792e-05  -1.9816886e-03
  -5.4547328e-05  -8.4968948e-04  -2.7450824e-04  -1.8090416e-03
   1.2911633e-04  -8.9463146e-04  -5.7434096e-04  -1.8240544e-03
   2.7913908e-05  -7.1486354e-04  -2.5576870e-04  -2.1318165e-03
  -1.6324623e-04  -6.9239255e-04  -1.9650430e-05  -2.1205569e-03
  -4.5560879e-04  -8.0849266e-04  -1.8081052e-04  -1.8953651e-03
  -2.7944161e-04  -9.4706377e-04   1.0777848e-04  -1.8615863e-03
  -9.5684720e-06  -8.1598299e-04   2.1576569e-05  -1.9704291e-03
  -1.4450504e-04  -9.8826058e-04  -1.9955006e-04  -2.0567526e-03
  -6.9540280e-05  -9.4706377e-04  -2.7146248e-05  -2.2031273e-03
  -2.2696628e-04  -6.8115705e-04  -1.5832306e-04  -2.0642590e-03
  -3.8439227e-04  -8.3470882e-04  -4.0568506e-04  -2.0529994e-03
  -2.2696628e-04  -7.2609903e-04  -1.8830634e-04  -2.1806081e-03
  -2.3071451e-04  -8.2347332e-04  -6.4625338e-05  -2.0567526e-03
  -1.6324623e-04  -1.0781445e-03  -1.5457515e-04  -2.0942846e-03
  -2.6070042e-04  -8.8339596e-04  -1.6956679e-04  -2.1731017e-03
  -3.0567927e-04  -9.8451542e-04  -2.4452497e-04  -2.1843613e-03
  -4.6685351e-04  -1.0294574e-03  -2.4452497e-04  -2.1618421e-03
  -4.1437818e-04  -8.6841530e-04  -4.5440787e-04  -1.9704291e-03
  -2.6444866e-04  -1.0631639e-03  -1.9955006e-04  -2.0867782e-03
  -4.5186056e-04  -9.5455410e-04  -6.8373247e-05  -2.0905314e-03
  -1.5949799e-04  -9.3208311e-04  -3.6071015e-04  -1.9253907e-03
  -3.3941342e-04  -1.0144767e-03  -1.2084397e-04  -2.0042078e-03
  -3.9563699e-04  -8.9088629e-04  -3.5696224e-04  -2.0867782e-03
  -2.1572156e-04  -1.0594187e-03  -4.1318088e-04  -2.2706848e-03
  -4.6685351e-04  -9.8451542e-04  -2.4077706e-04  -2.0567526e-03
  -1.7074271e-04  -9.0586695e-04  -3.8694551e-04  -2.2444124e-03
  -1.4075680e-04  -1.0743994e-03  -3.0449151e-04  -2.2744380e-03
  -2.4945570e-04  -8.8714113e-04  -1.9580215e-04  -1.8540799e-03
  -6.5792042e-05  -7.5980552e-04  -3.0894157e-05  -2.0267270e-03
  -2.6444866e-04  -1.1380672e-03   1.7828660e-05  -1.7602500e-03
  -3.4690989e-04  -1.0332026e-03   3.6568205e-05  -1.9779355e-03
  -2.0072861e-04  -7.0737321e-04  -2.9699570e-04  -1.9516631e-03
  -1.2951209e-04  -9.2459278e-04  -3.4197060e-04  -1.6251349e-03
   1.1037514e-04  -8.4594431e-04  -2.5202079e-04  -2.0492462e-03
   1.6762420e-06  -7.8227651e-04  -5.4060978e-04  -1.7790160e-03
  -2.1197332e-04  -9.4331860e-04  -1.5832306e-04  -1.9516631e-03
   2.0417432e-05  -9.1335728e-04  -4.9633702e-05  -1.9816886e-03
  -1.0702266e-04  -8.3096365e-04  -6.8373247e-05  -1.6701733e-03
  -3.5440637e-04  -8.6092497e-04  -2.7146248e-05  -2.0905314e-03
  -3.4316165e-04  -1.2579125e-03   6.5849330e-06  -2.0567526e-03
  -2.4195923e-04  -1.0556735e-03   1.9023247e-04  -1.9366503e-03
  -5.8202340e-06  -4.8266331e-04  -2.9324779e-04  -1.7452372e-03
  -4.3302614e-05  -6.9613771e-04  -3.7944969e-04  -1.8615863e-03
   1.5160576e-04  -7.4857002e-04  -3.9444133e-04  -2.0342334e-03
   1.3286457e-04  -7.5980552e-04  -4.8064324e-04  -2.0154674e-03
  -3.9938522e-04  -9.1335728e-04  -2.7450824e-04  -2.2856976e-03
  -1.6699447e-04  -8.6092497e-04  -1.1709606e-04  -2.0529994e-03
  -2.6070042e-04  -1.0144767e-03  -1.5902521e-05  -2.1693485e-03
  -3.5440637e-04  -9.0586695e-04  -1.6207097e-04  -2.0492462e-03
  -5.8202340e-06  -8.0474750e-04   2.1576569e-05  -1.6964457e-03
  -2.8318985e-04  -9.0586695e-04   1.4080751e-05  -2.1505825e-03
  -1.3700856e-04  -7.8976684e-04  -3.8389975e-05  -2.1393229e-03
   3.1662146e-05  -7.1486354e-04   1.7828660e-05  -2.2068805e-03
  -2.4570747e-04  -8.5343464e-04  -1.2459188e-04  -2.4433319e-03
  -2.0447685e-04  -9.0961212e-04  -2.8200406e-04  -2.0867782e-03
  -1.7074271e-04  -8.0100233e-04  -2.3702915e-04  -2.0342334e-03
  -3.3941342e-04  -8.4219915e-04  -1.2154612e-05  -2.2631784e-03
  -2.1197332e-04  -7.4857002e-04  -2.7825615e-04  -2.2932040e-03
  -6.5792042e-05  -8.0474750e-04  -2.2203752e-04  -2.1205569e-03
  -1.9323213e-04  -8.3470882e-04   1.7828660e-05  -2.1017910e-03
  -3.4690989e-04  -7.5980552e-04  -1.6207097e-04  -2.2143869e-03
  -2.1197332e-04  -9.2084761e-04  -1.6207097e-04  -2.0342334e-03
  -1.3326033e-04  -6.4745057e-04   1.4080751e-05  -2.2218933e-03
  -3.0567927e-04  -7.8602167e-04  -4.6587940e-06  -2.2369060e-03
  -1.4450504e-04  -1.1642833e-03  -1.2833979e-04  -1.9967014e-03
  -1.2576385e-04  -8.3845398e-04  -1.4707934e-04  -2.1092973e-03
  -1.4825328e-04  -7.6355068e-04  -1.7331470e-04  -2.0605058e-03
   9.1727180e-06  -7.0362804e-04  -7.5869065e-05  -2.1393229e-03
   5.4151574e-05  -6.1748925e-04  -1.9955006e-04  -2.0830250e-03
   5.0403336e-05  -6.3621507e-04   1.3026593e-04  -1.9328971e-03
   1.2911633e-04  -5.2011496e-04   1.7524084e-04  -1.7677564e-03
   2.0417432e-05  -7.7104101e-04  -2.2578543e-04  -1.9366503e-03
  -1.2201561e-04  -5.7629243e-04   2.6519065e-04  -2.0117142e-03
  -6.5792042e-05  -5.5382144e-04   5.5307750e-05  -1.5425646e-03
  -1.7449094e-04  -9.3208311e-04  -3.0894157e-05  -1.9854418e-03
  -3.9554376e-05  -6.6243123e-04   1.6774502e-04  -2.0680122e-03
  -8.0784994e-05  -5.6505694e-04  -2.0704588e-04  -1.7752628e-03
  -1.5200152e-04  -6.2497958e-04  -2.8200406e-04  -1.9779355e-03
  -5.8295566e-05  -7.4107969e-04  -3.6820597e-04  -2.0942846e-03
  -2.0719960e-06  -5.7629243e-04  -2.7450824e-04  -1.9779355e-03
   6.5396288e-05  -6.0625375e-04  -2.2953333e-04  -1.6776797e-03
  -2.4945570e-04  -1.0743994e-03   9.6534749e-05  -2.0830250e-03
  -3.5815461e-04  -7.4482486e-04   4.4509029e-04  -2.0304802e-03
  -2.0822509e-04  -6.8864738e-04  -4.5885793e-05  -1.7414840e-03
  -7.3288518e-05  -6.7366672e-04  -2.7825615e-04  -2.0680122e-03
   5.4151574e-05  -6.7366672e-04  -1.1709606e-04  -2.0755186e-03
   5.4151574e-05  -1.1493027e-03  -4.5065997e-04  -1.9253907e-03
  -2.1572156e-04  -9.2833794e-04  -4.6565160e-04  -2.0492462e-03
  -2.0822509e-04  -7.6355068e-04   1.2277011e-04  -2.2481656e-03
  -8.0784994e-05  -8.6467014e-04  -1.1334816e-04  -2.0454930e-03
  -3.0193104e-04  -8.9463146e-04  -4.2817251e-04  -1.9366503e-03
  -3.0193104e-04  -7.9351200e-04  -1.8830634e-04  -2.1205569e-03
  -2.9443456e-04  -8.1598299e-04  -2.2953333e-04  -2.1618421e-03
  -2.2321804e-04  -9.7702509e-04  -2.0704588e-04  -1.8953651e-03
  -1.1451914e-04  -9.3208311e-04  -1.0210443e-04  -1.9253907e-03
  -2.6444866e-04  -1.0781445e-03  -3.3447479e-04  -2.1543357e-03
  -2.5320394e-04  -8.7216047e-04  -3.0823942e-04  -2.1092973e-03
  -1.2576385e-04  -8.2347332e-04  -7.9616974e-05  -2.0980378e-03
  -3.4316165e-04  -1.0182219e-03  -2.8200406e-04  -2.0304802e-03
  -3.9563699e-04  -9.3957344e-04  -2.3702915e-04  -2.1881145e-03
  -1.6324623e-04  -9.3208311e-04  -9.8356519e-05  -2.2444124e-03
  -2.9443456e-04  -1.0893800e-03  -2.6701242e-04  -2.2031273e-03
  -4.1062994e-04  -1.2017350e-03  -2.4827288e-04  -2.2781912e-03
  -2.9818280e-04  -9.8077025e-04  -7.2121156e-05  -2.1655953e-03
  -4.1812641e-04  -1.0294574e-03  -2.2953333e-04  -2.0605058e-03
  -3.3191694e-04  -9.5455410e-04  -4.3566833e-04  -2.1918677e-03
   3.9158622e-05  -8.3096365e-04  -1.7706261e-04  -2.1130505e-03
  -1.4825328e-04  -9.3208311e-04  -2.2578543e-04  -1.8653395e-03
  -2.2696628e-04  -8.6467014e-04  -3.5321433e-04  -1.9516631e-03
  -2.6819689e-04  -9.2084761e-04  -2.8575197e-04  -1.9516631e-03
  -3.9938522e-04  -8.9088629e-04  -1.7706261e-04  -2.0342334e-03
   3.5410384e-05  -8.3096365e-04  -4.2137884e-05  -1.8878587e-03
  -1.8948390e-04  -9.5829926e-04  -1.7331470e-04  -1.8916119e-03
  -5.6805593e-04  -1.1081059e-03   9.2786840e-05  -2.0605058e-03
  -2.0447685e-04  -8.9463146e-04   1.0777848e-04  -1.7902756e-03
  -7.7036756e-05  -7.1860870e-04  -1.9955006e-04  -1.8953651e-03
  -1.8198742e-04  -7.2609903e-04  -7.9616974e-05  -1.9066247e-03
  -1.2576385e-04  -5.9876342e-04  -3.4571851e-04  -1.9666759e-03
  -1.0327442e-04  -7.0362804e-04  -3.0449151e-04  -2.1280633e-03
  -3.3191694e-04  -7.4857002e-04  -4.2137884e-05  -1.9816886e-03
  -3.8814051e-04  -8.5343464e-04  -3.2697897e-04  -2.0229738e-03
  -4.1812641e-04  -9.5455410e-04   1.1527429e-04  -2.0942846e-03
  -3.5065813e-04  -7.3358936e-04   1.5275338e-04  -1.9929482e-03
  -5.4547328e-05  -5.5756661e-04  -3.6445806e-04  -2.0830250e-03
  -1.3316710e-05  -5.3884078e-04  -3.1573524e-04  -2.2481656e-03
  -1.7064948e-05  -6.9988288e-04  -6.1931587e-04  -1.9741823e-03
  -3.5815461e-04  -7.5231519e-04  -3.0449151e-04  -1.9328971e-03
  -4.5935703e-04  -7.4107969e-04   1.5275338e-04  -2.1318165e-03
  -2.6444866e-04  -9.7702509e-04  -4.2137884e-05  -2.0792718e-03
  -3.2816870e-04  -9.9949608e-04   2.1576569e-05  -2.0117142e-03
  -3.2057900e-05  -8.0100233e-04   2.9072387e-05  -1.8615863e-03
  -2.8309662e-05  -6.9613771e-04  -1.9580215e-04  -1.9404035e-03
  -2.5695218e-04  -6.2872474e-04  -2.6326452e-04  -2.0492462e-03
  -1.4075680e-04  -9.8826058e-04  -4.6587940e-06  -1.9103779e-03
  -1.3700856e-04  -9.6578959e-04  -2.2953333e-04  -2.1355697e-03
  -1.2576385e-04  -6.9988288e-04  -2.2578543e-04  -2.1543357e-03
  -1.0327442e-04  -9.0212179e-04   2.5324478e-05  -1.9216375e-03
  -2.9443456e-04  -7.9725717e-04  -1.8455843e-04  -2.1843613e-03
  -2.1946980e-04  -8.4968948e-04  -2.7146248e-05  -2.2631784e-03
  -1.5949799e-04  -8.2347332e-04  -1.9580215e-04  -2.2819444e-03
  -2.3446275e-04  -8.9837662e-04  -1.3583561e-04  -2.2519188e-03
  -1.5949799e-04  -9.8451542e-04   2.8370240e-06  -2.0042078e-03
  -3.8439227e-04  -7.4482486e-04  -3.0449151e-04  -2.2106337e-03
  -3.1692399e-04  -9.2459278e-04  -1.6956679e-04  -2.1731017e-03
  -2.0822509e-04  -6.3246991e-04  -1.5082725e-04  -2.3082168e-03
  -2.2321804e-04  -6.5119573e-04  -1.6207097e-04  -2.4245659e-03
   1.2920956e-05  -1.0931252e-03  -3.3447479e-04  -2.0304802e-03
  -1.5949799e-04  -7.5231519e-04  -3.6071015e-04  -2.3119700e-03
  -2.0072861e-04  -7.2609903e-04   5.5307750e-05  -2.1505825e-03
  -3.9554376e-05  -7.3358936e-04   2.9072387e-05  -1.8428204e-03
  -1.0327442e-04  -5.6880210e-04  -1.2833979e-04  -2.0755186e-03
  -1.2951209e-04  -6.2123441e-04   1.0332842e-05  -1.9854418e-03
  -1.3316710e-05  -5.1636979e-04  -1.0210443e-04  -2.0492462e-03
   6.1648050e-05  -7.7478618e-04  -1.1334816e-04  -1.9816886e-03
   6.9144526e-05  -9.3582827e-04   2.2021575e-04  -1.9929482e-03
   1.6762420e-06  -6.7741189e-04   7.7795204e-05  -1.9741823e-03
  -1.2576385e-04  -7.2609903e-04   8.5291022e-05  -1.9629227e-03
  -5.4547328e-05  -6.3246991e-04   4.7811932e-05  -2.1881145e-03
  -2.8693808e-04  -5.5382144e-04   8.5291022e-05  -2.0117142e-03
  -3.6190284e-04  -9.5080893e-04   4.2260283e-04  -2.0905314e-03
  -9.5777946e-05  -8.2721849e-04  -4.5885793e-05  -1.9741823e-03
  -1.1077090e-04  -4.8640847e-04  -3.4642066e-05  -1.9103779e-03
  -3.9554376e-05  -6.2872474e-04  -9.1088500e-07  -2.2068805e-03
  -6.9540280e-05  -7.1486354e-04  -3.7570179e-04  -2.0154674e-03
  -1.2201561e-04  -8.3845398e-04  -6.4625338e-05  -1.9741823e-03
  -1.6324623e-04  -8.0849266e-04   7.0299386e-05  -1.9629227e-03
  -3.5440637e-04  -8.2347332e-04   2.0147620e-04  -2.0304802e-03
  -2.8693808e-04  -9.9949608e-04  -9.8356519e-05  -2.2969572e-03
  -4.7050852e-05  -9.3582827e-04  -3.7195388e-04  -2.0192206e-03
   1.6659871e-04  -6.7741189e-04  -5.4810560e-04  -1.7414840e-03
  -5.8202340e-06  -5.6505694e-04  -5.1812233e-04  -1.9741823e-03
  -3.1692399e-04  -9.8077025e-04   1.4080751e-05  -2.0454930e-03
  -3.1317575e-04  -9.0586695e-04  -3.1573524e-04  -1.9328971e-03
  -2.1572156e-04  -8.1598299e-04   1.2651802e-04  -2.0192206e-03
  -3.0942751e-04  -1.0069864e-03  -4.0943297e-04  -2.1055441e-03
  -3.3191694e-04  -9.0586695e-04   3.2820296e-05  -2.0342334e-03
  -1.7449094e-04  -7.9725717e-04  -2.7450824e-04  -2.0042078e-03
  -3.4690989e-04  -7.4482486e-04  -1.5082725e-04  -1.8615863e-03
   4.2906860e-05  -1.0818897e-03   5.6877128e-04  -2.0042078e-03
  -2.4945570e-04  -7.8227651e-04  -1.1889980e-03  -1.8916119e-03
  -1.8198742e-04  -7.5606035e-04   1.4232945e-03  -2.2744380e-03
  -4.2937113e-04  -9.8077025e-04  -3.1116754e-03  -1.6326413e-03
  -1.3700856e-04  -7.9351200e-04   1.8318868e-02   2.9349994e-03
   4.0047944e-03  -8.4968948e-04   6.5197714e-02   3.4191618e-03
   1.9207741e-03  -3.3285671e-04   7.3731703e-02  -1.3136253e-04
  -3.8439227e-04  -1.8305011e-04   5.7743123e-02  -4.5038427e-04
   3.6824460e-03  -8.1598299e-04   3.5034542e-02  -6.4179732e-04
   7.4006981e-03  -1.3665222e-03   1.4563463e-02  -4.3799815e-03
   9.7620880e-03  -9.4706377e-04  -7.5798850e-04  -9.6794957e-03
   1.1074065e-03  -4.9764397e-04  -4.0845623e-02  -8.2495276e-03
  -7.4835550e-03  -2.2424692e-04  -8.5558178e-02  -2.8336644e-03
  -5.4670030e-03  -4.6019232e-04  -9.5861179e-02  -2.3832807e-03
  -8.4730899e-03  -1.2841286e-03  -8.9778323e-02  -2.6985493e-03
  -1.8492130e-02  -5.5007628e-04  -9.3631174e-02  -9.0077360e-05
  -1.5699693e-02  -9.2459278e-04  -8.6206566e-02   1.0433881e-03
   2.8166030e-03  -2.1342811e-03  -5.7846138e-02  -2.2218933e-03
   6.6585469e-03  -1.8533937e-03  -3.1831902e-02  -6.1139585e-03
  -2.4609161e-03  -8.0100233e-04  -9.0146320e-03  -8.1144125e-03
   3.9898015e-03  -1.3810813e-04   1.5230591e-02  -8.7749752e-03
   1.6130344e-02  -1.5500353e-03   2.8674341e-02  -6.4179675e-03
   9.9345069e-03  -2.2915780e-03   3.1665172e-02  -1.6926925e-03
  -3.2967732e-03  -9.6204443e-04   4.1252323e-02   1.3023587e-03
  -7.2286749e-03  -3.8903418e-04   5.1075593e-02   2.5634329e-03
  -5.6656596e-03  -1.0107316e-03   4.5528688e-02   4.7440404e-03
  -9.8411035e-04  -1.5612708e-03   4.0630171e-02   5.1156069e-03
   7.3633089e-04  -1.7372936e-03   4.0959987e-02   1.3173715e-03
  -4.8184646e-04  -7.8976684e-04   3.7485675e-02  -3.5617846e-03
  -6.2802774e-04  -1.7181461e-04   2.4544145e-02  -5.1081017e-03
   5.8939064e-03  -1.1942447e-03   1.0556949e-02  -4.1585429e-03
   9.0949016e-03  -1.4638965e-03   5.5272549e-03  -4.1998281e-03
  -5.0799090e-05  -1.0556735e-03   4.2342263e-03  -4.6952501e-03
  -7.6972046e-03  -3.2162121e-04  -1.5675368e-03  -2.3682679e-03
  -1.3023451e-02  -3.0664055e-04  -1.7638571e-02   2.0192194e-03
  -5.1259133e-03  -1.4676417e-03  -1.2578893e-02   1.6251337e-03
   4.0460250e-03  -1.3777577e-03   1.8842873e-03  -1.5350582e-03
  -3.4092203e-03  -4.8266331e-04  -4.2323001e-03  -9.1578070e-04
  -5.7706103e-03   4.0494080e-04  -9.6517766e-03   1.6514004e-04
   2.6104499e-03  -7.0695155e-05   2.1916159e-03  -3.5242526e-03
   8.4651976e-03  -1.3290706e-03   2.0421445e-02  -6.7932872e-03
   2.6591770e-03  -9.8451542e-04   8.1995140e-03  -4.8078460e-03
  -2.4159373e-03  -6.2497958e-04  -1.4588475e-03  -2.6122257e-03
   2.1943955e-03  -6.9613771e-04   1.1074160e-02  -3.2352564e-03
   3.4837893e-03  -7.1860870e-04   3.0199038e-03  -2.7998856e-03
  -2.8244952e-03  -8.9463146e-04  -8.8984469e-03   5.2920015e-04
  -6.4003143e-03  -6.3246991e-04  -7.3055855e-03   8.3696230e-04
  -3.3005214e-03  -8.1223783e-04  -2.8455738e-03  -1.3436452e-03
  -1.5201084e-03  -8.2347332e-04  -4.5058975e-03  -1.7790160e-03
  -6.0553831e-04  -2.9165989e-04  -7.3130813e-03  -1.5838498e-03
   4.1472275e-03  -4.7142781e-04  -4.7570074e-03  -2.7135621e-03
   6.5011209e-03  -5.3135045e-04  -1.5263098e-03  -4.6351989e-03
   2.0707036e-03  -2.9915022e-04  -1.0578212e-03  -4.1472833e-03
  -5.6055946e-04  -3.7405352e-04  -6.2861543e-03  -2.5972130e-03
   1.0736723e-03  -1.0294574e-03  -6.9607779e-03  -2.1843613e-03
   4.4396833e-04  -1.2129705e-03  -4.4459310e-03  -1.8916119e-03
  -1.9286663e-03  -5.4258595e-04  -7.0882068e-03  -7.5439323e-04
  -1.7187650e-03  -7.4107969e-04  -9.7229868e-03  -8.6324163e-05
   6.1263904e-04  -9.3957344e-04  -6.9945091e-03  -8.1444438e-04
   1.6321598e-03  -7.0737321e-04  -3.5201974e-03  -1.8240544e-03
   8.0389240e-05  -8.3470882e-04  -3.7900469e-03  -2.6347449e-03
  -1.1865152e-03  -8.6092497e-04  -3.1416586e-03  -3.0513498e-03
   1.5459503e-03  -1.1567930e-03  -1.9610673e-03  -3.4341759e-03
   3.5550059e-03  -1.5163288e-03   6.3998155e-04  -3.7006529e-03
   1.1074065e-03  -1.3964836e-03  -4.9938278e-04  -3.1639457e-03
  -1.3514377e-03  -9.3582827e-04  -6.4360706e-03  -1.7189649e-03
  -1.0778163e-03  -7.2984420e-04  -5.6864888e-03  -9.6832546e-04
  -7.5171960e-04  -1.1830092e-03  -3.5876598e-03  -1.2986068e-03
  -2.9406906e-03  -9.2084761e-04  -5.7576991e-03  -1.0433894e-03
  -4.0651620e-03  -5.5756661e-04  -4.6558139e-03  -1.1559853e-03
  -1.6138143e-03  -7.8976684e-04  -4.5815578e-04  -2.1806081e-03
   1.1973642e-03  -7.7104101e-04   1.2433949e-03  -2.8674431e-03
   1.2535877e-03  -8.1598299e-04   1.6219337e-03  -2.6722769e-03
   8.6002274e-04  -6.9239255e-04   2.7800376e-03  -2.6910429e-03
   9.0500160e-04  -7.5231519e-04   4.1442765e-03  -3.0363370e-03
  -3.5065813e-04  -1.0856349e-03   4.6390005e-03  -2.6685237e-03
  -1.7375062e-03  -1.1006155e-03   3.2035513e-03  -2.1280633e-03
  -1.6812826e-03  -8.3845398e-04   2.0979182e-03  -1.4750071e-03
  -6.6925836e-04  -8.6467014e-04   2.4202383e-03  -1.3999431e-03
  -1.0103480e-03  -7.3733453e-04   1.6219337e-03  -1.2648280e-03
  -1.6100661e-03  -3.6656319e-04   1.6774502e-04  -7.5064003e-04
  -8.4167731e-04  -6.6617639e-04   1.5956983e-03  -1.4262155e-03
   2.3031876e-04  -9.4706377e-04   5.5235070e-03  -2.3570083e-03
  -8.0419493e-04  -1.0332026e-03   6.4305010e-03  -2.5897066e-03
  -7.1798545e-04  -7.8602167e-04   6.1681473e-03  -2.5521746e-03
   2.5129957e-03  -8.5717981e-04   7.3637303e-03  -2.6685237e-03
   2.4530239e-03  -1.0519284e-03   5.0962454e-03  -2.3269828e-03
   1.9658462e-04  -5.9501826e-04   2.4652132e-03  -1.4112027e-03
  -1.2090046e-03  -6.2123441e-04   2.9899205e-03  -1.2873472e-03
  -1.4563883e-03  -6.7741189e-04   3.9418894e-03  -1.5200454e-03
  -5.1932884e-04  -8.0849266e-04   3.0798703e-03  -1.1447257e-03
  -3.5440637e-04  -1.1193414e-03   1.8093292e-03  -1.0809214e-03
   6.2013551e-04  -6.6617639e-04   2.8062730e-03  -1.3361388e-03
   1.7820893e-03  -4.9389880e-04   3.8032167e-03  -1.9291439e-03
   1.4372514e-03  -5.7254727e-04   3.5970818e-03  -2.3907871e-03
   1.0286935e-03  -4.6019232e-04   2.4089946e-03  -1.8953651e-03
   4.8519894e-04  -1.0743994e-03   1.5769588e-03  -2.0942846e-03
   3.8024828e-04  -1.0556735e-03   1.2658824e-03  -2.2706848e-03
   2.6030466e-04  -8.1972816e-04  -1.2302250e-03  -1.5125390e-03
   1.2920956e-05  -9.2459278e-04  -3.3552894e-03  -1.2348024e-03
   3.7650004e-04  -5.2760529e-04  -3.2166168e-03  -1.5876030e-03
  -5.6055946e-04  -8.0474750e-04  -3.4227518e-03  -1.8690927e-03
  -1.3589342e-03  -8.8714113e-04  -4.0111735e-03  -1.6063689e-03
  -9.1664207e-04  -8.7590563e-04  -4.3709728e-03  -1.9253907e-03
   3.5410384e-05  -9.1710245e-04  -4.5920994e-03  -2.2256465e-03
   4.0273771e-04  -6.7366672e-04  -4.4534268e-03  -2.1468293e-03
   1.6669194e-05  -9.3582827e-04  -3.9099800e-03  -2.6272385e-03
   1.3286457e-04  -1.0481832e-03  -2.9467674e-03  -2.7285749e-03
  -2.9068632e-04  -1.1418123e-03  -2.6769179e-03  -2.4470851e-03
  -7.2548193e-04  -1.1792640e-03  -3.2503480e-03  -2.0492462e-03
  -1.1190469e-03  -1.0219671e-03  -3.6513743e-03  -1.7752628e-03
  -9.8785859e-04  -5.8378276e-04  -3.2953229e-03  -2.0417398e-03
  -1.4825328e-04  -4.5270199e-04  -3.0929358e-03  -2.2856976e-03
  -1.0702266e-04  -8.0474750e-04  -3.1903814e-03  -2.0717654e-03
  -4.0688170e-04  -6.9239255e-04  -2.6057076e-03  -2.1768549e-03
  -8.7166321e-04  -6.6617639e-04  -2.3770852e-03  -2.4470851e-03
  -4.4811232e-04  -9.0212179e-04  -2.1784460e-03  -2.3044636e-03
  -1.8198742e-04  -1.0519284e-03  -1.6349992e-03  -2.5897066e-03
  -4.9309117e-04  -1.1642833e-03  -9.6787141e-04  -2.7023025e-03
  -9.5684720e-06  -9.7327992e-04  -3.8319760e-04  -2.5897066e-03
  -2.0822509e-04  -4.5270199e-04  -7.9921550e-04  -2.4958766e-03
  -3.5440637e-04  -5.1636979e-04  -9.5662768e-04  -2.0379866e-03
   5.0403336e-05  -7.5980552e-04  -6.0057633e-04  -2.1130505e-03
  -4.1062994e-04  -7.2609903e-04   2.5019902e-04  -2.1092973e-03
  -7.1798545e-04  -9.0586695e-04   6.4372946e-04  -1.9253907e-03
  -3.5815461e-04  -9.1335728e-04   9.1732682e-04  -2.1543357e-03
   3.9158622e-05  -9.2084761e-04   1.7830938e-03  -2.2143869e-03
   8.0379917e-04  -1.0631639e-03   1.9217664e-03  -2.3419956e-03
   1.1787162e-04  -9.9200575e-04   1.8805394e-03  -2.1318165e-03
  -8.3792907e-04  -9.0212179e-04   1.3408405e-03  -1.9479099e-03
   6.6511437e-04  -9.3208311e-04   3.0911140e-03  -2.2218933e-03
   1.0062040e-03  -8.7216047e-04   3.6345608e-03  -2.2744380e-03
  -5.3432179e-04  -7.8976684e-04   8.7609982e-04  -1.8203012e-03
  -3.8814051e-04  -6.4370540e-04   1.4607736e-03  -1.5800966e-03
   6.4262494e-04  -6.1748925e-04   2.6301212e-03  -1.9328971e-03
   3.0153528e-04  -7.1486354e-04   1.4907569e-03  -1.6401477e-03
  -4.4061584e-04  -5.3135045e-04   4.9381310e-04  -1.5500710e-03
  -3.1317575e-04  -6.2872474e-04   1.5282360e-03  -1.8315608e-03
   4.1023418e-04  -7.3358936e-04   2.2553303e-03  -2.0229738e-03
   7.6641002e-05  -5.7254727e-04   1.0110245e-03  -2.1468293e-03
  -3.7314756e-04  -6.5119573e-04   4.8631728e-04  -1.8052884e-03
   5.7515666e-04  -6.6992156e-04   6.6246901e-04  -2.0267270e-03
   5.9764608e-04  -5.6880210e-04   8.8359564e-04  -2.0567526e-03
  -3.9188875e-04  -6.5868606e-04   3.2515720e-04  -1.7865224e-03
  -5.9804184e-04  -8.4594431e-04  -5.6684514e-04  -2.0304802e-03
  -4.5935703e-04  -8.8714113e-04  -3.4946642e-04  -1.8465736e-03
  -4.8184646e-04  -7.9725717e-04  -3.0074361e-04  -1.8015352e-03
  -4.1062994e-04  -6.7366672e-04  -9.8286304e-04  -1.9741823e-03
  -2.2321804e-04  -6.0999892e-04  -1.5525452e-03  -1.7602500e-03
   3.8399652e-04  -5.8752793e-04  -1.5862764e-03  -1.9441567e-03
   5.4151574e-05  -8.4968948e-04  -1.1215357e-03  -1.9891950e-03
  -8.8290793e-04  -1.0369477e-03  -9.8286304e-04  -1.9479099e-03
  -6.8425131e-04  -8.6092497e-04  -8.6292996e-04  -2.1843613e-03
  -2.6444866e-04  -1.0406929e-03  -8.6667786e-04  -2.2556720e-03
  -1.8948390e-04  -1.0406929e-03  -1.3239228e-03  -2.1318165e-03
  -2.5695218e-04  -7.2235387e-04  -1.3314186e-03  -1.9441567e-03
  -1.5200152e-04  -7.0362804e-04  -1.2527125e-03  -2.1655953e-03
  -2.8693808e-04  -7.2609903e-04  -1.2114855e-03  -2.1806081e-03
  -5.0433589e-04  -1.0818897e-03  -1.1815022e-03  -2.3194764e-03
  -6.3927246e-04  -1.0856349e-03  -1.1665106e-03  -2.3532552e-03
  -7.1798545e-04  -8.7965080e-04  -9.9410677e-04  -2.0454930e-03
  -2.5695218e-04  -1.3140899e-03  -9.0790486e-04  -2.3082168e-03
   1.6285048e-04  -1.1380672e-03  -9.3039232e-04  -2.3382424e-03
   1.5160576e-04  -7.4482486e-04  -1.3314186e-03  -2.1806081e-03
  -3.6190284e-04  -8.8714113e-04  -1.4288642e-03  -2.0417398e-03
  -5.0808413e-04  -9.5080893e-04  -1.1027961e-03  -2.1280633e-03
  -3.0942751e-04  -1.1380672e-03  -1.1290315e-03  -2.3119700e-03
  -6.4676893e-04  -1.3515416e-03  -1.4625954e-03  -2.1243101e-03
  -4.7809822e-04  -1.1305768e-03  -1.5825285e-03  -1.8240544e-03
  -1.6699447e-04  -9.0961212e-04  -1.0165942e-03  -1.8578331e-03
  -2.5695218e-04  -1.0594187e-03  -8.0296341e-04  -2.2331528e-03
  -2.6819689e-04  -1.0144767e-03  -1.1477710e-03  -1.9103779e-03
  -4.8559470e-04  -9.2833794e-04  -8.6667786e-04  -1.8353140e-03
  -4.9309117e-04  -1.0893800e-03  -4.2067669e-04  -2.1618421e-03
  -4.3311937e-04  -9.4331860e-04  -4.0193715e-04  -2.1318165e-03
  -3.2442046e-04  -9.2459278e-04  -4.5815578e-04  -2.1017910e-03
  -1.6699447e-04  -9.0586695e-04  -4.8813906e-04  -1.9366503e-03
  -2.4945570e-04  -7.3358936e-04   8.9038931e-05  -1.8653395e-03
  -3.9188875e-04  -1.0369477e-03   6.4372946e-04  -1.8353140e-03
  -5.1183236e-04  -7.3733453e-04   3.1016556e-04  -1.7039521e-03
  -2.1572156e-04  -3.4034704e-04   3.8512374e-04  -1.6964457e-03
   1.2920956e-05  -7.0362804e-04   7.7115837e-04  -2.0492462e-03
  -2.2696628e-04  -8.7216047e-04   1.1834284e-03  -1.9854418e-03
  -5.3807003e-04  -9.5455410e-04   1.5207402e-03  -1.9253907e-03
  -3.6939932e-04  -6.7366672e-04   1.5919504e-03  -2.0905314e-03
  -2.0072861e-04  -6.3996024e-04   1.6369253e-03  -1.6288881e-03
  -5.3432179e-04  -8.6841530e-04   1.5956983e-03  -1.8353140e-03
  -4.5935703e-04  -5.6505694e-04   1.8917832e-03  -2.1580889e-03
  -1.2576385e-04  -7.0737321e-04   1.4607736e-03  -1.8540799e-03
   7.6641002e-05  -7.4482486e-04   1.2396470e-03  -1.7752628e-03
   3.5410384e-05  -8.2347332e-04   1.5619672e-03  -1.8278076e-03
  -2.6070042e-04  -9.8826058e-04   9.0608309e-04  -1.6776797e-03
  -6.2427950e-04  -6.6243123e-04   1.3146052e-03  -1.4599943e-03
  -5.8679712e-04  -9.2084761e-04   2.2478345e-03  -1.8315608e-03
  -2.4195923e-04  -1.0706542e-03   1.8655478e-03  -2.1468293e-03
  -2.6070042e-04  -6.5494090e-04   1.2284033e-03  -1.8540799e-03
  -2.4561424e-05  -5.9127309e-04   8.9109146e-04  -1.8953651e-03
   5.4151574e-05  -7.4482486e-04   5.9500665e-04  -2.1280633e-03
  -5.0799090e-05  -7.2609903e-04   5.4253592e-04  -1.8278076e-03
  -1.9698037e-04  -9.4331860e-04   5.5752756e-04  -1.7489904e-03
  -4.4061584e-04  -9.7327992e-04   3.3265302e-04  -2.0717654e-03
  -1.4075680e-04  -8.2721849e-04   3.1391347e-04  -2.0192206e-03
  -2.3821099e-04  -9.0586695e-04  -9.1088500e-07  -2.1055441e-03
  -2.3071451e-04  -9.3582827e-04  -3.2697897e-04  -2.2556720e-03
   4.6655098e-05  -8.7590563e-04  -4.8439115e-04  -1.9554163e-03
  -2.8693808e-04  -7.2609903e-04  -9.3414023e-04  -1.9103779e-03
  -2.3071451e-04  -8.4219915e-04  -1.0615691e-03  -2.0792718e-03
  -1.0327442e-04  -8.1598299e-04  -1.3951330e-03  -2.1543357e-03
  -2.1946980e-04  -9.2833794e-04  -1.6424950e-03  -2.1806081e-03
  -2.3821099e-04  -9.5455410e-04  -1.6949658e-03  -2.2481656e-03
  -3.2442046e-04  -7.2609903e-04  -2.0622608e-03  -2.2706848e-03
  -4.7809822e-04  -8.8714113e-04  -2.1522107e-03  -2.1655953e-03
  -4.4436408e-04  -7.3358936e-04  -1.5450494e-03  -2.3945403e-03
   3.2402471e-04  -8.1598299e-04  -9.6787141e-04  -2.2444124e-03
   1.9658462e-04  -1.1455575e-03  -1.7324448e-03  -2.0942846e-03
  -5.0058765e-04  -7.9725717e-04  -2.1709502e-03  -2.3607615e-03
   9.1727180e-06  -5.0138913e-04  -1.2789479e-03  -2.1655953e-03
   3.0153528e-04  -7.6729585e-04  -8.8166950e-04  -2.1843613e-03
  -9.9526184e-05  -8.2721849e-04  -1.3838893e-03  -2.0454930e-03
  -3.1317575e-04  -5.9501826e-04  -1.3651498e-03  -1.7077053e-03
   1.7034695e-04  -7.5231519e-04  -8.0671132e-04  -1.9967014e-03
   6.1648050e-05  -7.7478618e-04  -1.0353338e-03  -2.0229738e-03
  -3.7689580e-04  -5.2386012e-04  -1.2414688e-03  -1.7227181e-03
  -9.2029708e-05  -7.1486354e-04  -5.2187024e-04  -1.9629227e-03
  -1.2951209e-04  -7.7104101e-04   2.3520738e-04  -1.9629227e-03
   2.7913908e-05  -5.8752793e-04   1.2651802e-04  -1.9028715e-03
  -2.8309662e-05  -6.1374408e-04   1.9023247e-04  -2.2106337e-03
