  -2.0719960e-06  -8.1598299e-04  -1.7706261e-04  -2.0417398e-03
   1.3286457e-04  -7.0737321e-04  -3.0894157e-05  -2.1918677e-03
  -2.4561424e-05  -7.4482486e-04   1.0332842e-05  -2.0942846e-03
  -3.5806138e-05  -8.6092497e-04  -1.2084397e-04  -1.8203012e-03
  -1.4825328e-04  -7.9725717e-04  -3.2697897e-04  -2.0755186e-03
  -2.8318985e-04  -7.5231519e-04  -2.4827288e-04  -1.9441567e-03
  -1.2201561e-04  -1.0481832e-03  -4.3566833e-04  -1.9103779e-03
  -8.8281470e-05  -1.0931252e-03  -3.7195388e-04  -1.9629227e-03
  -6.5792042e-05  -9.4706377e-04  -3.4642066e-05  -2.0267270e-03
  -1.8198742e-04  -8.4219915e-04  -1.4333143e-04  -2.0680122e-03
  -1.8198742e-04  -9.2084761e-04  -3.4197060e-04  -2.0304802e-03
  -2.4945570e-04  -1.2466770e-03  -2.6326452e-04  -2.2331528e-03
  -3.8064403e-04  -1.0706542e-03  -1.2833979e-04  -1.9554163e-03
  -1.5200152e-04  -9.9200575e-04  -1.9580215e-04  -1.7302244e-03
   4.2906860e-05  -1.0294574e-03  -3.7570179e-04  -2.0304802e-03
  -1.3316710e-05  -7.9725717e-04  -2.9699570e-04  -2.1693485e-03
  -3.2816870e-04  -1.0519284e-03  -1.0210443e-04  -2.0492462e-03
  -2.9818280e-04  -1.0182219e-03  -3.6071015e-04  -1.9216375e-03
  -3.5806138e-05  -8.3470882e-04  -2.9699570e-04  -2.0267270e-03
  -3.9554376e-05  -8.3096365e-04  -2.0329797e-04  -1.8991183e-03
  -1.3316710e-05  -6.3246991e-04  -3.8319760e-04  -1.5913562e-03
  -5.8202340e-06  -9.1335728e-04   1.0332842e-05  -1.6063689e-03
  -9.5684720e-06  -1.0369477e-03  -1.3583561e-04  -1.7902756e-03
   1.2536810e-04  -7.5231519e-04  -3.8319760e-04  -1.5388114e-03
   4.6655098e-05  -8.5717981e-04  -1.1334816e-04  -1.5913562e-03
  -7.3288518e-05  -7.6355068e-04  -2.2953333e-04  -1.9516631e-03
   1.2911633e-04  -5.5756661e-04  -1.5082725e-04  -1.5951094e-03
   1.1037514e-04  -7.8976684e-04  -5.3381611e-05  -1.6701733e-03
   1.0287867e-04  -7.8227651e-04  -8.7112792e-05  -1.8165480e-03
   1.6659871e-04  -7.5980552e-04  -9.4608610e-05  -1.8690927e-03
   3.9158622e-05  -9.7702509e-04  -2.1079379e-04  -2.0192206e-03
   5.4244800e-06  -1.0706542e-03  -2.0329797e-04  -2.0567526e-03
   7.6641002e-05  -9.3582827e-04  -4.0943297e-04  -2.1205569e-03
  -9.5684720e-06  -7.4482486e-04  -3.6071015e-04  -1.6926925e-03
  -5.8202340e-06  -8.3470882e-04  -4.9633702e-05  -2.0454930e-03
   1.8159167e-04  -7.7853134e-04  -2.3398339e-05  -2.1956209e-03
  -1.3316710e-05  -6.8490222e-04  -1.2154612e-05  -1.6739265e-03
  -3.6190284e-04  -8.6841530e-04  -1.6581888e-04  -1.9929482e-03
  -2.7194513e-04  -8.6467014e-04  -1.6581888e-04  -2.0905314e-03
  -1.3316710e-05  -6.9988288e-04  -9.0860701e-05  -2.0079610e-03
  -1.5949799e-04  -6.8115705e-04  -2.7450824e-04  -2.1731017e-03
  -1.7823918e-04  -7.8602167e-04  -9.8356519e-05  -1.9404035e-03
  -1.8573566e-04  -9.1335728e-04  -7.2121156e-05  -2.0229738e-03
   6.1648050e-05  -8.9463146e-04  -2.5202079e-04  -2.3082168e-03
   3.4276590e-04  -8.5343464e-04  -1.4333143e-04  -2.1580889e-03
  -2.2696628e-04  -1.0481832e-03  -5.7129520e-05  -2.3269828e-03
  -3.0567927e-04  -8.7965080e-04   4.7811932e-05  -2.2969572e-03
  -5.0799090e-05  -5.9127309e-04  -1.3208770e-04  -2.2894508e-03
   1.4036105e-04  -7.8602167e-04  -1.1709606e-04  -2.3682679e-03
   2.4165670e-05  -7.9351200e-04  -1.2084397e-04  -2.2481656e-03
  -1.7449094e-04  -8.5717981e-04  -1.1334816e-04  -2.5409150e-03
   1.6669194e-05  -8.0849266e-04   2.1576569e-05  -2.3082168e-03
  -1.2576385e-04  -7.5606035e-04  -1.3208770e-04  -2.3194764e-03
   9.1633954e-05  -1.0818897e-03  -1.9650430e-05  -2.5822002e-03
  -1.0702266e-04  -7.5231519e-04  -1.0960025e-04  -2.4433319e-03
  -1.9323213e-04  -7.8602167e-04  -1.0585234e-04  -2.7098089e-03
   3.5775885e-04  -1.1979898e-03  -3.1198733e-04  -2.5259022e-03
  -9.5684720e-06  -1.0818897e-03  -3.0449151e-04  -2.3720211e-03
  -1.5574975e-04  -1.0219671e-03   4.4064023e-05  -2.5972130e-03
   3.9158622e-05  -8.0474750e-04  -7.2121156e-05  -2.2293996e-03
  -4.3302614e-05  -8.4594431e-04   8.5291022e-05  -2.1355697e-03
   9.1633954e-05  -7.5980552e-04  -4.6587940e-06  -2.2369060e-03
   1.5535400e-04  -5.0887946e-04   1.7828660e-05  -2.0379866e-03
   4.2906860e-05  -8.0100233e-04   4.4064023e-05  -2.1918677e-03
   1.9658462e-04  -8.1972816e-04  -1.3583561e-04  -2.1092973e-03
   1.7409519e-04  -8.0474750e-04  -4.9633702e-05  -1.9854418e-03
   5.4244800e-06  -8.8714113e-04  -1.6581888e-04  -2.0229738e-03
   2.0408109e-04  -6.5119573e-04  -8.3364883e-05  -1.8503268e-03
  -1.3316710e-05  -5.0138913e-04  -1.2459188e-04  -2.1505825e-03
  -6.2043804e-05  -6.4370540e-04  -2.3328124e-04  -2.1468293e-03
   1.8159167e-04  -8.3845398e-04   4.7811932e-05  -1.9629227e-03
   1.4410929e-04  -6.3621507e-04  -1.0585234e-04  -1.9704291e-03
   1.1787162e-04  -6.8864738e-04  -2.3702915e-04  -1.9854418e-03
   5.0403336e-05  -9.6953476e-04  -9.4608610e-05  -2.1280633e-03
   2.3031876e-04  -9.0212179e-04  -3.0074361e-04  -1.9253907e-03
   1.5160576e-04  -9.4706377e-04  -1.7706261e-04  -2.1243101e-03
  -1.3326033e-04  -6.0625375e-04  -1.7706261e-04  -2.1017910e-03
   8.7885716e-05  -8.3845398e-04  -5.6309724e-04  -1.9103779e-03
   1.6659871e-04  -1.1755188e-03  -1.4707934e-04  -2.1243101e-03
  -1.3316710e-05  -6.8115705e-04  -3.8389975e-05  -1.9028715e-03
  -2.4561424e-05  -9.1335728e-04  -2.2953333e-04  -2.0529994e-03
   5.4244800e-06  -8.4968948e-04   1.0028266e-04  -2.0267270e-03
   9.1633954e-05  -1.0257122e-03  -3.8319760e-04  -1.7827692e-03
   1.2920956e-05  -1.0743994e-03  -2.8575197e-04  -2.2181401e-03
  -3.0942751e-04  -5.8003760e-04   1.4150966e-04  -2.1355697e-03
  -1.8948390e-04  -1.0669090e-03  -4.5440787e-04  -1.9704291e-03
   1.0287867e-04  -1.0332026e-03  -2.1454170e-04  -2.0154674e-03
  -5.8295566e-05  -9.7702509e-04   1.4080751e-05  -1.8540799e-03
  -6.9540280e-05  -9.0961212e-04  -3.5696224e-04  -2.1430761e-03
   3.5410384e-05  -6.4745057e-04  -2.0329797e-04  -2.0755186e-03
  -1.8198742e-04  -1.0519284e-03  -5.3381611e-05  -1.9554163e-03
  -1.1826737e-04  -1.1193414e-03  -2.4452497e-04  -2.1468293e-03
   1.6762420e-06  -1.0069864e-03  -2.5951661e-04  -2.0605058e-03
  -1.4450504e-04  -8.4594431e-04  -9.4608610e-05  -2.1243101e-03
  -1.7074271e-04  -8.3845398e-04  -7.5869065e-05  -2.0792718e-03
  -1.1451914e-04  -1.0818897e-03  -2.3702915e-04  -2.0792718e-03
  -1.0702266e-04  -9.2084761e-04  -4.6190369e-04  -2.0304802e-03
  -1.6699447e-04  -8.4968948e-04  -2.0704588e-04  -1.8240544e-03
  -7.3288518e-05  -8.8339596e-04  -2.1079379e-04  -1.8953651e-03
  -2.5320394e-04  -7.9725717e-04  -4.6939951e-04  -2.0192206e-03
  -3.2816870e-04  -1.0069864e-03  -2.4827288e-04  -1.8765991e-03
  -8.4533232e-05  -9.1710245e-04  -3.2697897e-04  -1.8240544e-03
  -2.1197332e-04  -7.7478618e-04  -4.2817251e-04  -1.8615863e-03
  -5.8202340e-06  -8.3096365e-04  -3.4946642e-04  -1.4750071e-03
   2.0417432e-05  -7.0737321e-04  -2.2953333e-04  -1.5125390e-03
  -1.0702266e-04  -9.4706377e-04  -2.0329797e-04  -1.7452372e-03
   5.0403336e-05  -9.7327992e-04  -3.3822270e-04  -1.6701733e-03
  -4.3302614e-05  -8.0849266e-04  -2.3702915e-04  -1.8052884e-03
   6.1648050e-05  -8.6467014e-04  -1.0960025e-04  -1.8390672e-03
  -5.8202340e-06  -8.1223783e-04  -1.5082725e-04  -1.8578331e-03
  -2.4195923e-04  -8.6467014e-04  -3.4946642e-04  -1.7827692e-03
  -3.2057900e-05  -8.6467014e-04  -2.7076033e-04  -1.5876030e-03
   2.4531171e-04  -8.8714113e-04  -1.6581888e-04  -1.7902756e-03
  -2.0813186e-05  -9.4331860e-04  -9.8356519e-05  -1.7790160e-03
  -3.2442046e-04  -9.5455410e-04   2.9072387e-05  -1.8878587e-03
  -5.4547328e-05  -1.0219671e-03  -2.4452497e-04  -2.1243101e-03
  -4.3302614e-05  -8.7590563e-04  -3.4197060e-04  -1.9929482e-03
  -1.1451914e-04  -7.5231519e-04  -1.1709606e-04  -2.1168037e-03
   1.1787162e-04  -9.5829926e-04  -1.8455843e-04  -2.2519188e-03
  -1.0327442e-04  -8.0100233e-04  -2.6701242e-04  -2.1430761e-03
  -2.8318985e-04  -7.2235387e-04  -1.0585234e-04  -1.8315608e-03
  -2.4195923e-04  -8.7590563e-04  -1.2154612e-05  -1.9629227e-03
  -1.7074271e-04  -7.1860870e-04  -9.4608610e-05  -2.1543357e-03
  -9.5684720e-06  -9.8077025e-04  -2.9324779e-04  -2.1017910e-03
  -3.2057900e-05  -1.0182219e-03  -7.9616974e-05  -2.2068805e-03
   4.6655098e-05  -8.9837662e-04  -1.3583561e-04  -2.1693485e-03
  -9.5684720e-06  -9.0961212e-04  -2.2953333e-04  -2.2556720e-03
  -3.2057900e-05  -8.0849266e-04   6.2803568e-05  -2.1505825e-03
   1.6762420e-06  -8.8339596e-04  -3.3447479e-04  -2.2031273e-03
   4.2906860e-05  -7.1111837e-04  -2.1828961e-04  -2.3419956e-03
   6.1648050e-05  -8.3845398e-04  -1.5832306e-04  -2.4283191e-03
   9.1727180e-06  -8.5717981e-04  -4.3566833e-04  -2.5521746e-03
   3.1278000e-04  -8.6841530e-04  -4.5885793e-05  -2.2856976e-03
   7.2892764e-05  -9.3208311e-04  -1.7331470e-04  -2.4433319e-03
  -2.2321804e-04  -6.6617639e-04  -2.1828961e-04  -2.4020467e-03
   1.4785752e-04  -7.5231519e-04  -4.9633702e-05  -2.2031273e-03
   1.6659871e-04  -6.2497958e-04  -2.0329797e-04  -2.3344892e-03
   4.6655098e-05  -8.0100233e-04  -1.7331470e-04  -2.3307360e-03
  -1.1077090e-04  -9.2833794e-04   2.9072387e-05  -2.4395787e-03
  -1.0327442e-04  -7.6729585e-04  -9.0860701e-05  -2.4658511e-03
   1.8159167e-04  -8.3096365e-04  -3.3447479e-04  -2.4208127e-03
   4.2906860e-05  -6.8490222e-04  -1.5082725e-04  -2.2481656e-03
   1.4036105e-04  -7.7853134e-04  -1.2154612e-05  -2.0680122e-03
   9.9130430e-05  -7.4107969e-04  -7.9616974e-05  -1.9704291e-03
   2.4165670e-05  -7.1860870e-04  -2.1828961e-04  -2.0042078e-03
   2.4531171e-04  -8.1972816e-04  -2.8575197e-04  -2.0642590e-03
   2.7154938e-04  -7.9351200e-04  -3.6445806e-04  -2.1280633e-03
   3.1652823e-04  -8.2721849e-04  -1.9955006e-04  -2.2068805e-03
  -8.4533232e-05  -7.6355068e-04  -2.7146248e-05  -2.0755186e-03
   5.4151574e-05  -7.2235387e-04  -1.4333143e-04  -2.0229738e-03
   2.7529762e-04  -7.3358936e-04   3.2820296e-05  -2.0004546e-03
  -3.2057900e-05  -1.0182219e-03  -8.4067030e-06  -2.0492462e-03
   5.7899812e-05  -9.8077025e-04  -1.5832306e-04  -2.0680122e-03
  -1.7064948e-05  -6.9988288e-04  -2.6326452e-04  -2.1731017e-03
  -5.8202340e-06  -7.9351200e-04  -3.0823942e-04  -2.1355697e-03
  -4.7050852e-05  -7.3358936e-04  -6.0877429e-05  -2.0304802e-03
  -1.8573566e-04  -5.5756661e-04  -2.1828961e-04  -1.9816886e-03
   9.5382192e-05  -6.4745057e-04  -1.7331470e-04  -1.7902756e-03
  -4.3302614e-05  -9.9200575e-04  -3.4642066e-05  -1.8653395e-03
  -5.0799090e-05  -8.1598299e-04  -9.4608610e-05  -1.8841055e-03
   1.5910224e-04  -6.7741189e-04   8.1543113e-05  -1.9291439e-03
  -1.5200152e-04  -8.6092497e-04  -1.9205424e-04  -1.9779355e-03
  -3.5806138e-05  -8.2721849e-04  -2.7450824e-04  -1.9591695e-03
  -3.9554376e-05  -1.0332026e-03   4.0316114e-05  -2.0417398e-03
  -6.9540280e-05  -8.3845398e-04  -6.0877429e-05  -2.0079610e-03
   1.1787162e-04  -8.0849266e-04  -2.0329797e-04  -1.9441567e-03
  -1.7823918e-04  -9.2459278e-04  -1.6207097e-04  -1.9591695e-03
  -3.1317575e-04  -6.9988288e-04  -1.0960025e-04  -1.9103779e-03
  -1.1451914e-04  -9.0212179e-04  -1.6956679e-04  -1.8503268e-03
   3.5410384e-05  -8.1972816e-04  -2.1828961e-04  -1.9291439e-03
  -1.7074271e-04  -6.8490222e-04  -1.5457515e-04  -2.0529994e-03
  -6.9540280e-05  -7.4482486e-04  -1.2833979e-04  -2.2143869e-03
  -3.9554376e-05  -7.8976684e-04  -3.1198733e-04  -1.9666759e-03
  -1.1451914e-04  -9.8826058e-04  -3.0449151e-04  -2.0117142e-03
  -2.4561424e-05  -1.0631639e-03  -1.9580215e-04  -2.0680122e-03
  -2.1946980e-04  -9.0961212e-04  -2.9699570e-04  -1.8615863e-03
  -1.6324623e-04  -8.1972816e-04  -3.2697897e-04  -2.1731017e-03
  -1.9323213e-04  -9.9200575e-04  -3.6445806e-04  -1.9028715e-03
  -2.1197332e-04  -1.3515416e-03  -1.0960025e-04  -1.8540799e-03
  -2.8693808e-04  -1.3103448e-03  -1.3208770e-04  -2.0529994e-03
   5.7899812e-05  -1.1043607e-03  -2.9324779e-04  -1.9741823e-03
   1.6669194e-05  -1.3403061e-03  -6.3055960e-04  -1.9441567e-03
   1.2161986e-04  -7.6355068e-04  -3.4946642e-04  -1.9816886e-03
   9.3123927e-04  -1.2466770e-03   2.3145947e-04  -1.9404035e-03
  -1.1077090e-04  -8.6467014e-04  -6.6054287e-04  -1.8390672e-03
   2.5655643e-04  -1.1155962e-03  -3.4197060e-04  -1.9704291e-03
   1.9283638e-04  -1.2616576e-03  -9.4538395e-04  -1.4562411e-03
   5.4151574e-05  -1.7555978e-04   7.0744392e-04  -2.3344892e-03
   8.9375689e-04  -1.9732390e-03  -7.0926569e-04  -1.6514073e-03
  -8.3418083e-04   6.4837652e-04  -2.7076033e-04  -1.7602500e-03
   9.0500160e-04  -2.7634688e-03   5.2004847e-04  -1.8428204e-03
  -1.0215927e-03   6.3339586e-04  -1.7586802e-03  -1.4975262e-03
   3.1662146e-05  -1.7223129e-03   2.5551631e-03  -2.5559278e-03
   1.2123571e-03  -2.0369068e-03  -3.7900469e-03  -7.0935486e-04
  -2.2547630e-03   2.1426974e-03   2.9786768e-03  -3.6255889e-03
   3.8323755e-03  -6.1640786e-03  -3.2840792e-03  -5.5922698e-04
  -5.2121228e-03   7.2323766e-03   8.1613328e-04  -3.4529419e-03
   5.6652639e-03  -1.1313680e-02   1.8543041e-03  -1.4449815e-03
  -6.4340484e-03   1.0239744e-02  -7.1069463e-03  -1.0208702e-03
   2.7288849e-02  -1.3186263e-02   1.3251695e-02  -5.7011069e-03
   1.9128935e-02  -1.0711126e-01  -2.2004885e-02   1.6544092e-02
  -7.3415061e-02  -1.3270946e-01   8.6553300e-02  -9.4543039e-03
   5.3166777e-03  -1.6999258e-01   8.9817728e-02  -3.5036095e-02
  -7.4876874e-02  -1.1151182e-01  -2.3322204e-01   1.1274603e-02
   2.7524988e-02  -3.8848134e-02  -1.5506315e-01   1.1477276e-02
   3.0144997e-01  -1.9339569e-02   1.8844395e-01  -5.9908531e-02
   2.0000766e-01  -4.0267551e-02   8.3495006e-02  -6.5200539e-02
   5.6974894e-02  -1.1326082e-01  -2.2963530e-01   1.3582819e-02
   8.3141343e-02  -9.1673686e-02  -1.5439977e-01   1.8724699e-02
   2.8558743e-01  -6.3944484e-02   1.1508988e-01  -6.7561300e-02
   1.6845124e-01  -4.3417235e-02   1.9889242e-02  -6.5831076e-02
   1.7157362e-02  -3.4185403e-02  -1.9484720e-01   6.6018729e-03
   9.6871232e-03  -4.6267305e-02  -1.9042842e-01   1.5256745e-02
  -1.2625772e-01  -3.2672356e-02   8.5301498e-02  -3.8830577e-02
  -7.5862661e-02  -4.5263601e-02   1.4715699e-01  -7.5146511e-02
   9.0862714e-02  -5.5184543e-02  -1.4886786e-01  -9.8371300e-03
   1.9041966e-01  -3.9600912e-02  -2.6995905e-01   3.0761202e-02
   6.0959271e-02  -4.3851252e-03  -9.9178079e-02  -1.3391408e-02
  -5.0067287e-02   6.5919534e-03   1.8694479e-01  -6.3444043e-02
   1.1355089e-02  -4.8570160e-03   6.2847775e-02  -3.2071069e-02
   6.1251633e-02  -3.1619965e-02  -1.8756502e-01   2.1329418e-02
   4.2315535e-02  -6.4023133e-02  -9.6400878e-02  -7.5364202e-03
  -9.0315867e-02  -2.2301995e-02   1.3562467e-01  -4.3540839e-02
  -1.4432048e-01   5.2104091e-04   1.3176433e-01  -4.2553748e-02
   8.1181015e-02  -2.7623874e-02  -1.2444273e-01   1.5628312e-02
   1.9825723e-01  -2.9496457e-02  -1.5465838e-01   1.0009776e-02
  -2.4781673e-02  -2.1807633e-02   3.1110482e-02  -3.3440986e-02
  -2.1329930e-01  -1.5231123e-02   1.4232219e-01  -3.4709566e-02
  -1.1651605e-01  -1.7931387e-02   8.0870767e-03  -1.7883984e-02
   1.4153889e-01  -3.0848461e-02  -1.3253072e-01   2.4838657e-02
   1.5471770e-01  -2.2043578e-02  -7.8122326e-02   1.0144891e-02
  -1.0963054e-01   1.2168504e-02   6.7423972e-02  -2.3404937e-02
  -1.5034015e-01   1.5658998e-02   6.9803894e-02  -2.1959956e-02
   5.1176370e-02  -1.6088766e-02  -5.9187890e-02   6.1402297e-03
   1.3099885e-01  -3.1065681e-02  -8.1105662e-02   1.8199252e-02
  -2.3765901e-02  -9.5422174e-03   9.7623921e-03  -9.3492144e-03
  -1.5859752e-01   1.7040964e-02   9.1541766e-02  -2.4099279e-02
  -8.7916901e-03   4.1725768e-03   1.4417295e-02  -1.0107360e-02
   1.2632854e-01  -2.2642805e-02  -8.3346911e-02   1.6123734e-02
   3.7364113e-02  -1.3358541e-02  -4.2048702e-02   1.0013529e-02
  -1.1006158e-01   1.1509355e-02   6.8769471e-02  -1.9460327e-02
  -7.1672131e-02   1.1685378e-02   5.8001729e-02  -1.7898997e-02
   7.6949254e-02  -1.0721944e-02  -5.8659435e-02   9.2028384e-03
   8.1998131e-02  -1.7508183e-02  -6.6428850e-02   1.5234226e-02
  -6.2234068e-02   7.8694763e-04   4.1361013e-02  -9.9910110e-03
  -1.0766646e-01   1.2677847e-02   6.8443403e-02  -1.9231382e-02
   2.5212325e-02   3.4127299e-04  -2.7619252e-02   3.1564380e-03
   1.0110665e-01  -1.3403483e-02  -7.3804735e-02   1.6176278e-02
   1.4424896e-02  -2.9394915e-03   1.4682694e-03  -6.2303133e-04
  -9.8696927e-02   1.1003758e-02   6.9035573e-02  -1.9193850e-02
  -3.5853968e-02   4.0677122e-03   2.2685182e-02  -1.0201190e-02
   6.5655813e-02  -1.4152516e-02  -5.2422914e-02   1.0839232e-02
   4.2150613e-02  -1.1515919e-02  -3.9481384e-02   8.9663870e-03
  -5.6476774e-02   7.0938055e-03   4.3073807e-02  -1.0636561e-02
  -4.5217067e-02   1.1700358e-02   4.1450963e-02  -1.3661638e-02
   4.9489663e-02  -2.3515006e-03  -2.9853006e-02   3.2390084e-03
   5.1614914e-02  -1.2111401e-02  -4.2873242e-02   9.6757412e-03
  -4.2304686e-02  -3.3664404e-03   1.8037775e-02  -4.6014202e-03
  -7.6372421e-02   5.8766269e-03   4.7496340e-02  -1.2978556e-02
   1.7877023e-02   6.0717971e-04  -4.9668903e-03  -1.9704291e-03
   7.1473078e-02  -7.5535348e-03  -5.0717615e-02   1.0280006e-02
   1.0886559e-02  -1.8309227e-03  -9.9890884e-03   1.8578319e-03
  -6.2698849e-02   6.7043083e-03   4.8856831e-02  -1.3106165e-02
  -2.5864914e-02   3.1688726e-03   2.0192823e-02  -8.2795532e-03
   4.0670059e-02  -8.4823357e-03  -3.4897692e-02   6.5343153e-03
   3.3304771e-02  -8.4486293e-03  -2.4864539e-02   5.5247054e-03
  -3.5306726e-02   3.3823470e-03   2.5720989e-02  -7.7165737e-03
  -3.3578788e-02   7.5844221e-03   2.4304279e-02  -9.2741504e-03
   2.9781427e-02  -7.9725717e-04  -1.8459363e-02   1.4975250e-03
   3.7675216e-02  -7.9055803e-03  -3.2660190e-02   6.1815148e-03
  -1.9935202e-02  -2.8196463e-03   7.8059836e-03  -3.0213242e-03
  -4.9572520e-02   4.1163993e-03   2.9607570e-02  -9.3454612e-03
   4.0647662e-03   1.4685677e-03  -8.4149666e-03  -1.7452372e-03
   4.4744393e-02  -5.0218033e-03  -3.4290530e-02   5.9788422e-03
   1.4312449e-02  -2.9956690e-03  -8.5161601e-03   6.6056204e-04
  -4.1588773e-02   2.8879852e-03   2.2344123e-02  -7.2023857e-03
  -2.1134638e-02   2.4086041e-03   1.3143006e-02  -6.0651670e-03
   2.6299314e-02  -4.3888704e-03  -1.8234488e-02   1.4787590e-03
   2.7382555e-02  -5.4862037e-03  -1.9407584e-02   2.3907859e-03
  -1.6764192e-02   1.2064061e-03   1.2172298e-02  -4.6577181e-03
  -2.7278000e-02   4.6032708e-03   1.6789721e-02  -6.5680954e-03
   1.2318386e-02  -3.6988670e-05  -6.3798520e-03  -1.7564968e-03
   2.6501719e-02  -5.4225359e-03  -1.9786122e-02   2.8674419e-03
  -3.5516534e-03  -2.7859398e-03  -5.3381611e-05  -9.6832546e-04
  -3.1348586e-02   2.2250910e-03   1.6396191e-02  -5.9112859e-03
  -4.9010191e-03   1.5996484e-03   4.2267305e-03  -3.5617846e-03
   2.4042875e-02  -2.9394915e-03  -1.6030718e-02   1.6664188e-03
   1.4604811e-02  -2.8908044e-03  -1.0723679e-02   1.0133626e-03
  -1.8870702e-02   1.3150159e-03   1.1921188e-02  -3.6856401e-03
  -1.7794958e-02   2.2176007e-03   1.2382180e-02  -4.9429611e-03
   1.1047734e-02  -2.0893391e-03  -4.3035104e-03  -1.5425646e-03
   1.6568888e-02  -4.1566702e-03  -9.1982796e-03   9.1577944e-04
  -4.8035649e-03  -6.6617639e-04   4.2304784e-03  -2.2894508e-03
  -1.6389369e-02   2.2550523e-03   1.2026129e-02  -4.5601350e-03
   3.6187259e-03   4.4239245e-04   2.0192121e-03  -2.9725327e-03
   1.6741307e-02  -3.1155143e-03  -1.0888587e-02  -1.0884335e-04
   7.2508618e-04  -2.5013072e-03  -1.5113182e-03  -1.0246234e-03
  -1.7764972e-02   5.0980542e-04   1.0062225e-02  -4.0534534e-03
  -6.8238652e-03   7.4200565e-04   5.3735906e-03  -3.5805506e-03
   1.2899363e-02  -1.9170615e-03  -6.4398185e-03  -8.1069118e-04
   1.0219373e-02  -2.1642424e-03  -6.5634995e-03  -2.0267327e-04
  -9.1327798e-03   2.1393738e-04   4.9913039e-03  -2.7360812e-03
  -1.0373447e-02   1.2663287e-03   9.5300217e-03  -4.4175135e-03
   4.8369033e-03  -1.0294574e-03   7.7795204e-05  -2.3269828e-03
   9.3685230e-03  -3.1679466e-03  -6.7021722e-03  -2.0267327e-04
  -2.5846080e-03  -1.2991093e-03   2.3602718e-03  -2.0154674e-03
  -1.0804494e-02   8.3937994e-04   8.0196144e-03  -3.7081593e-03
   1.9057811e-03   3.5999882e-04   7.5241882e-04  -2.5484214e-03
   1.1759899e-02  -1.4526610e-03  -6.3873478e-03  -7.8066561e-04
   2.2881014e-03  -1.5799966e-03  -2.7781115e-03  -1.2685812e-03
  -1.1085612e-02   1.2405342e-04   4.5827818e-03  -3.1601925e-03
  -6.6027191e-03   4.3490212e-04   3.7245107e-03  -3.0551030e-03
   7.7043053e-03  -1.2991093e-03  -5.9038676e-03  -1.0621554e-03
   8.1166115e-03  -1.8234324e-03  -6.3573645e-03  -6.6806970e-04
  -4.9422497e-03  -2.9165989e-04   1.4645215e-03  -2.0830250e-03
  -8.4880828e-03   5.8096355e-04   3.4771487e-03  -3.0063114e-03
   2.5092475e-03  -6.4370540e-04  -2.3883289e-03  -2.2031273e-03
   7.7717736e-03  -2.0593778e-03  -5.1842690e-03  -1.2047769e-03
  -6.8050307e-04  -1.1605382e-03  -1.2227292e-03  -1.9554163e-03
  -7.4010938e-03   9.7837270e-05   2.6788440e-03  -3.0025582e-03
  -5.0058765e-04  -3.4783737e-04   2.0522411e-04  -2.4470851e-03
   7.0333707e-03  -1.3140899e-03  -5.8401531e-03  -1.1672449e-03
   2.2318779e-03  -1.4601514e-03  -3.3665332e-03  -1.4449815e-03
  -7.0225218e-03  -3.5907286e-04   2.3452801e-03  -2.5033830e-03
  -4.2750633e-03   1.2405342e-04   1.0709911e-03  -2.6084725e-03
   5.0430564e-03  -8.0849266e-04  -3.7413241e-03  -1.4750071e-03
   5.0168187e-03  -1.2803834e-03  -3.7638115e-03  -1.2122833e-03
  -3.5216675e-03  -5.3135045e-04   4.5258610e-04  -2.2969572e-03
  -6.4115590e-03   2.6679135e-05   3.3909468e-03  -2.6234853e-03
   1.5009714e-03  -8.5343464e-04  -1.9205424e-04  -2.0605058e-03
   5.4816002e-03  -1.7560194e-03  -3.8012906e-03  -1.3398920e-03
  -5.8679712e-04  -1.2579125e-03   8.9038931e-05  -1.7039521e-03
  -5.5457160e-03  -3.5907286e-04   4.1967472e-03  -2.5183958e-03
  -1.4488919e-03  -6.3621507e-04   1.2883698e-03  -2.1693485e-03
   4.4845689e-03  -1.3215803e-03  -1.8223947e-03  -1.2873472e-03
   1.8270681e-03  -1.3215803e-03  -6.9427405e-04  -1.5275518e-03
  -4.6311459e-03  -6.0250859e-04   2.7725418e-03  -2.5296554e-03
  -3.3005214e-03  -3.1038572e-04   3.2410304e-03  -2.3307360e-03
   2.3930521e-03  -1.2466770e-03  -9.9035886e-04  -1.5538242e-03
   2.6216946e-03  -1.5387998e-03  -1.6912178e-03  -1.5012794e-03
  -2.5958527e-03  -9.8826058e-04   2.3190448e-03  -1.8991183e-03
  -4.2750633e-03  -4.3397616e-04   3.5521068e-03  -2.3795275e-03
   1.1373924e-03  -6.5494090e-04  -1.8455843e-04  -1.9103779e-03
   4.0310321e-03  -1.3740126e-03  -1.8148988e-03  -1.0734150e-03
  -6.2427950e-04  -1.2728931e-03   2.8767811e-04  -1.5688370e-03
  -4.8747814e-03  -6.8490222e-04   3.1023578e-03  -2.3457488e-03
  -1.8649463e-03  -5.7629243e-04   1.4382862e-03  -2.1806081e-03
   2.7678759e-03  -1.2242060e-03  -2.5307495e-03  -1.2986068e-03
   1.7446069e-03  -1.0257122e-03  -1.4213684e-03  -1.2798408e-03
  -2.6633210e-03  -3.7779869e-04   1.7493626e-03  -2.1618421e-03
  -2.5208879e-03  -4.9764397e-04   9.4356218e-04  -2.0342334e-03
   1.3210560e-03  -9.6953476e-04  -1.7062095e-03  -1.5388114e-03
   1.9545082e-03  -1.4226997e-03  -2.3283624e-03  -1.2498152e-03
  -1.3889201e-03  -9.9949608e-04  -3.4197060e-04  -1.5538242e-03
  -3.2330532e-03  -3.8154385e-04   9.8853709e-04  -2.1318165e-03
   2.4905995e-04  -7.0362804e-04  -1.3426623e-03  -1.7489904e-03
   2.8728266e-03  -1.1717737e-03  -3.2353564e-03  -1.5237986e-03
   1.7784343e-04  -1.0481832e-03  -1.6874699e-03  -1.9291439e-03
  -3.0568860e-03  -7.5231519e-04  -7.5869065e-05  -2.2293996e-03
  -1.7112685e-03  -5.7629243e-04  -1.0165942e-03  -2.2256465e-03
   1.5422021e-03  -9.9200575e-04  -2.5195057e-03  -1.7414840e-03
   1.0286935e-03  -1.1081059e-03  -2.5869681e-03  -1.5237986e-03
  -1.7375062e-03  -3.8154385e-04  -7.1676150e-04  -2.1580889e-03
  -1.8911839e-03  -2.7293407e-04  -1.5902521e-05  -2.4733575e-03
   7.7006503e-04  -8.1223783e-04  -1.5562931e-03  -2.0042078e-03
   1.4934750e-03  -1.0107316e-03  -2.3733373e-03  -1.7865224e-03
  -8.5292202e-04  -8.3096365e-04  -5.8933260e-04  -2.2181401e-03
  -1.9361628e-03  -7.2984420e-04   6.3248574e-04  -2.4808638e-03
  -3.8064403e-04  -5.6880210e-04  -3.8319760e-04  -2.1956209e-03
   1.3847761e-03  -9.2459278e-04  -1.3351665e-03  -1.8390672e-03
   2.1157757e-04  -1.0369477e-03  -1.2452167e-03  -2.0042078e-03
  -1.8312121e-03  -5.2386012e-04   4.3009865e-04  -2.4996298e-03
  -1.0028515e-03  -6.1374408e-04   8.6860400e-04  -2.4208127e-03
   6.0139432e-04  -8.7965080e-04  -9.4538395e-04  -2.2068805e-03
   5.2268132e-04  -1.1343220e-03  -4.9938278e-04  -2.0417398e-03
  -1.1790187e-03  -8.2721849e-04   1.2433949e-03  -2.1092973e-03
  -1.6587932e-03  -4.6768265e-04   1.0672432e-03  -2.6535109e-03
   1.3286457e-04  -8.0100233e-04   2.6519065e-04  -2.3720211e-03
   9.3498750e-04  -8.4219915e-04  -2.4077706e-04  -2.0079610e-03
  -1.2576385e-04  -7.1486354e-04   8.0863746e-04  -2.2256465e-03
  -1.3326965e-03  -6.8115705e-04   1.8430603e-03  -2.2444124e-03
  -7.2173369e-04  -5.9501826e-04   1.3483364e-03  -2.3832807e-03
   7.4757560e-04  -7.2984420e-04   7.0299386e-05  -2.3795275e-03
  -2.1946980e-04  -9.6578959e-04  -6.4625338e-05  -2.0905314e-03
  -1.5425978e-03  -9.4331860e-04   9.5480591e-04  -2.3795275e-03
  -5.0808413e-04  -6.6992156e-04   8.4986446e-04  -2.6760301e-03
   5.2268132e-04  -7.3358936e-04   5.3878801e-04  -2.1655953e-03
   1.1412338e-04  -1.0257122e-03   1.2277011e-04  -1.8991183e-03
  -6.2427950e-04  -7.4857002e-04   5.9500665e-04  -2.0567526e-03
  -9.2413854e-04  -6.2497958e-04   1.7943375e-03  -2.3232296e-03
  -1.6699447e-04  -7.9351200e-04   4.5633401e-04  -2.1280633e-03
   6.3512846e-04  -5.6880210e-04  -5.4435769e-04  -1.8540799e-03
   2.6405290e-04  -5.2760529e-04   4.2635074e-04  -2.2556720e-03
  -2.7569337e-04  -5.5382144e-04   4.3759447e-04  -2.1168037e-03
  -4.8184646e-04  -5.7629243e-04  -1.9650430e-05  -2.0192206e-03
  -1.1077090e-04  -8.2721849e-04  -5.7808887e-04  -2.1543357e-03
   9.1727180e-06  -8.2721849e-04  -7.5424059e-04  -1.9666759e-03
  -5.9054536e-04  -7.0362804e-04  -3.3447479e-04  -2.1205569e-03
  -3.3566518e-04  -6.5868606e-04  -6.9427405e-04  -2.3044636e-03
   5.0768837e-04  -6.6992156e-04  -1.6349992e-03  -2.1543357e-03
   5.0768837e-04  -5.8752793e-04  -1.3614019e-03  -2.0304802e-03
  -1.9698037e-04  -5.3884078e-04  -7.0551778e-04  -2.1168037e-03
  -7.6296431e-04  -7.1860870e-04  -9.4163604e-04  -2.0830250e-03
  -2.5695218e-04  -7.2984420e-04  -1.1964939e-03  -1.9066247e-03
   4.7020599e-04  -8.9463146e-04  -1.4588475e-03  -2.0342334e-03
   3.1662146e-05  -1.0219671e-03  -1.3988809e-03  -2.2068805e-03
  -3.6565108e-04  -6.0625375e-04  -9.3414023e-04  -1.9253907e-03
  -1.0327442e-04  -6.8115705e-04  -8.4044250e-04  -2.0267270e-03
   2.8279409e-04  -1.0182219e-03  -1.0090984e-03  -2.1055441e-03
  -2.0072861e-04  -8.6467014e-04  -7.1676150e-04  -1.9066247e-03
  -9.7286564e-04  -9.0961212e-04  -3.7570179e-04  -2.0980378e-03
