  -1.6699447e-04  -6.0625375e-04  -4.5885793e-05  -2.1806081e-03
  -3.3191694e-04  -8.7216047e-04  -2.1828961e-04  -2.5221490e-03
  -2.9818280e-04  -8.4968948e-04  -2.4452497e-04  -2.4095531e-03
  -1.1451914e-04  -7.5606035e-04  -1.4707934e-04  -2.0042078e-03
  -4.8559470e-04  -6.9239255e-04  -3.7570179e-04  -2.4508383e-03
  -8.8281470e-05  -6.9613771e-04  -3.6820597e-04  -2.3832807e-03
  -1.2576385e-04  -9.3582827e-04  -3.8694551e-04  -2.2143869e-03
  -2.3821099e-04  -6.5119573e-04  -3.0449151e-04  -2.4208127e-03
   8.0389240e-05  -7.2235387e-04  -1.5902521e-05  -2.1393229e-03
  -2.5695218e-04  -9.1710245e-04  -6.4625338e-05  -2.0792718e-03
  -1.9698037e-04  -8.7965080e-04  -6.8373247e-05  -2.2894508e-03
  -6.9540280e-05  -8.3470882e-04  -4.6587940e-06  -2.2519188e-03
  -3.9554376e-05  -4.7517298e-04  -1.9650430e-05  -2.0417398e-03
   5.4244800e-06  -8.7590563e-04  -1.3208770e-04  -2.1092973e-03
  -2.1197332e-04  -7.3733453e-04  -1.0585234e-04  -2.2369060e-03
  -1.2951209e-04  -3.3660187e-04  -2.7146248e-05  -1.8578331e-03
  -3.9554376e-05  -7.1860870e-04  -2.4452497e-04  -1.9554163e-03
  -2.4561424e-05  -7.3358936e-04  -2.7146248e-05  -2.0867782e-03
  -1.8198742e-04  -9.4706377e-04  -1.5832306e-04  -1.8578331e-03
  -2.2321804e-04  -1.0144767e-03  -2.5951661e-04  -2.0304802e-03
  -1.2576385e-04  -7.8227651e-04   4.4064023e-05  -2.2894508e-03
  -1.8198742e-04  -8.2347332e-04  -2.8949988e-04  -2.1843613e-03
  -2.0072861e-04  -9.1335728e-04  -2.0329797e-04  -2.0304802e-03
  -2.8318985e-04  -6.5494090e-04  -1.8830634e-04  -2.1881145e-03
  -1.2951209e-04  -7.7104101e-04  -2.4452497e-04  -2.0905314e-03
  -1.2576385e-04  -1.0369477e-03   5.9055659e-05  -1.9366503e-03
  -2.8693808e-04  -7.2984420e-04  -1.3208770e-04  -2.1956209e-03
  -2.4195923e-04  -9.9949608e-04  -2.4077706e-04  -2.3532552e-03
  -2.7194513e-04  -8.1223783e-04  -1.3958352e-04  -2.2293996e-03
  -3.4690989e-04  -7.8976684e-04  -2.1828961e-04  -2.0905314e-03
  -2.3071451e-04  -1.0519284e-03  -7.5869065e-05  -1.9479099e-03
  -2.0822509e-04  -7.8227651e-04  -1.3958352e-04  -1.9441567e-03
  -2.7569337e-04  -9.3208311e-04  -4.6565160e-04  -2.2031273e-03
  -2.5695218e-04  -9.3208311e-04  -1.3958352e-04  -2.1168037e-03
  -3.1317575e-04  -1.1567930e-03  -2.5576870e-04  -1.9366503e-03
  -2.1197332e-04  -9.2084761e-04  -4.6190369e-04  -2.0454930e-03
  -2.7944161e-04  -8.5717981e-04  -1.7331470e-04  -1.9816886e-03
  -4.6685351e-04  -1.1605382e-03  -3.1948315e-04  -2.0229738e-03
  -3.5815461e-04  -1.0069864e-03  -4.8064324e-04  -2.0229738e-03
  -2.2696628e-04  -1.0369477e-03  -4.5440787e-04  -2.0154674e-03
  -4.2937113e-04  -9.1710245e-04  -3.1948315e-04  -2.0830250e-03
  -4.5935703e-04  -1.1118510e-03  -3.3447479e-04  -1.8615863e-03
  -3.4690989e-04  -1.1081059e-03  -2.7825615e-04  -1.8953651e-03
  -3.6939932e-04  -9.7702509e-04  -3.3072688e-04  -1.8465736e-03
  -2.9068632e-04  -9.3208311e-04  -3.7944969e-04  -1.8615863e-03
  -2.8318985e-04  -7.5231519e-04  -1.6207097e-04  -2.0454930e-03
  -1.6324623e-04  -1.0743994e-03  -2.1454170e-04  -1.8765991e-03
  -5.1183236e-04  -1.2242060e-03  -7.5869065e-05  -1.9141311e-03
  -5.0058765e-04  -9.0586695e-04  -2.5951661e-04  -1.7377308e-03
  -1.7449094e-04  -8.3096365e-04  -4.7689533e-04  -1.6889393e-03
  -1.9698037e-04  -9.7702509e-04  -2.7146248e-05  -1.8315608e-03
  -8.8281470e-05  -1.0182219e-03  -9.0860701e-05  -1.5162922e-03
  -2.7944161e-04  -1.0182219e-03  -3.3447479e-04  -1.7940288e-03
  -1.4450504e-04  -9.7327992e-04  -1.8830634e-04  -1.9854418e-03
  -3.5440637e-04  -1.0594187e-03  -2.8949988e-04  -1.9216375e-03
  -3.6939932e-04  -8.7590563e-04  -2.8575197e-04  -2.0567526e-03
  -6.2043804e-05  -8.0474750e-04  -1.7706261e-04  -1.6551605e-03
  -3.2442046e-04  -8.8714113e-04  -2.5576870e-04  -1.7489904e-03
  -1.3700856e-04  -7.2984420e-04  -1.3583561e-04  -1.8203012e-03
  -1.8198742e-04  -9.7327992e-04  -4.9633702e-05  -1.6326413e-03
  -1.6324623e-04  -8.0100233e-04  -9.8356519e-05  -2.1355697e-03
  -1.2201561e-04  -7.6729585e-04  -2.2953333e-04  -2.1017910e-03
  -2.9818280e-04  -1.1455575e-03  -2.3702915e-04  -1.7827692e-03
  -1.2951209e-04  -9.6204443e-04  -1.0585234e-04  -1.9328971e-03
  -2.6070042e-04  -9.9200575e-04  -9.8356519e-05  -2.1055441e-03
  -1.1451914e-04  -8.1598299e-04  -2.4827288e-04  -2.0529994e-03
  -5.0799090e-05  -7.5606035e-04  -1.4707934e-04  -2.0042078e-03
  -4.2937113e-04  -1.0332026e-03   2.5324478e-05  -2.1731017e-03
  -1.4825328e-04  -8.4219915e-04  -3.7944969e-04  -1.9929482e-03
  -2.3071451e-04  -8.4968948e-04  -2.1454170e-04  -2.2631784e-03
  -4.2187465e-04  -8.7965080e-04   8.9038931e-05  -2.4358255e-03
  -1.2201561e-04  -8.7216047e-04  -2.1079379e-04  -1.9741823e-03
  -4.3686760e-04  -9.0212179e-04  -3.3447479e-04  -2.3457488e-03
  -3.0567927e-04  -7.8976684e-04  -4.0943297e-04  -2.3795275e-03
  -1.4075680e-04  -7.8602167e-04  -2.8575197e-04  -2.3157232e-03
  -2.4570747e-04  -8.0100233e-04  -6.8373247e-05  -2.5746938e-03
   2.0417432e-05  -8.1598299e-04  -4.6587940e-06  -2.2444124e-03
  -2.9068632e-04  -9.4706377e-04  -2.2203752e-04  -2.3457488e-03
  -2.7569337e-04  -8.7590563e-04  -1.1334816e-04  -2.3757743e-03
  -1.3316710e-05  -7.0362804e-04   9.2786840e-05  -2.3532552e-03
  -1.9323213e-04  -1.0257122e-03  -9.8356519e-05  -2.5221490e-03
  -2.4570747e-04  -9.1710245e-04   1.0332842e-05  -2.2969572e-03
  -3.3941342e-04  -7.6355068e-04  -1.3583561e-04  -2.3344892e-03
  -3.2442046e-04  -1.1081059e-03   6.5849330e-06  -2.5334086e-03
  -9.9526184e-05  -6.8490222e-04   2.8370240e-06  -2.5446682e-03
  -2.3821099e-04  -7.1486354e-04  -5.1062651e-04  -2.4996298e-03
  -2.6819689e-04  -1.1118510e-03  -2.1079379e-04  -2.5709406e-03
  -1.5200152e-04  -8.6092497e-04  -9.1088500e-07  -2.6272385e-03
  -3.2442046e-04  -7.5231519e-04  -9.8356519e-05  -2.2293996e-03
  -6.5792042e-05  -6.5119573e-04  -1.1334816e-04  -2.0680122e-03
   4.2906860e-05  -8.9088629e-04  -7.2121156e-05  -2.3382424e-03
  -5.4547328e-05  -9.4706377e-04  -2.0704588e-04  -2.0680122e-03
  -1.1077090e-04  -5.5756661e-04  -2.3328124e-04  -1.9328971e-03
  -1.8948390e-04  -7.0362804e-04   1.4080751e-05  -2.0717654e-03
  -9.5777946e-05  -7.3358936e-04  -3.3072688e-04  -2.0867782e-03
  -2.5320394e-04  -7.5980552e-04  -3.0823942e-04  -2.2256465e-03
  -1.7074271e-04  -9.2084761e-04  -1.2154612e-05  -2.1130505e-03
  -1.8948390e-04  -7.2609903e-04  -2.7146248e-05  -2.1055441e-03
  -2.7194513e-04  -6.3996024e-04  -3.4642066e-05  -2.1092973e-03
  -6.2043804e-05  -6.6617639e-04  -1.9580215e-04  -2.1017910e-03
  -1.1077090e-04  -9.1335728e-04  -1.1334816e-04  -2.1655953e-03
  -1.6699447e-04  -9.3208311e-04  -6.4625338e-05  -2.0642590e-03
  -8.0784994e-05  -8.5717981e-04   1.4080751e-05  -2.2519188e-03
  -1.9323213e-04  -9.3957344e-04  -3.8389975e-05  -2.0004546e-03
  -2.3071451e-04  -6.3996024e-04  -2.1079379e-04  -1.8803523e-03
  -9.5684720e-06  -7.5606035e-04  -6.0877429e-05  -2.2143869e-03
  -1.1826737e-04  -8.8714113e-04  -1.1709606e-04  -1.7564968e-03
  -1.9323213e-04  -1.0519284e-03  -1.9205424e-04  -1.9178843e-03
   1.1787162e-04  -9.9575091e-04  -1.3958352e-04  -2.1468293e-03
   2.7913908e-05  -6.6617639e-04  -2.4077706e-04  -1.8653395e-03
  -3.1317575e-04  -9.5080893e-04  -2.8575197e-04  -2.0942846e-03
  -9.5777946e-05  -9.6204443e-04  -7.2121156e-05  -2.1205569e-03
  -7.7036756e-05  -8.6092497e-04  -2.3398339e-05  -2.2106337e-03
  -2.8318985e-04  -8.0474750e-04  -2.1079379e-04  -2.0379866e-03
  -1.4825328e-04  -9.8826058e-04  -3.0823942e-04  -1.8841055e-03
  -2.4945570e-04  -9.5829926e-04  -3.0449151e-04  -2.0755186e-03
  -1.2951209e-04  -6.3996024e-04  -3.4571851e-04  -2.0942846e-03
  -1.6699447e-04  -7.6729585e-04  -2.2203752e-04  -2.0680122e-03
  -3.3941342e-04  -9.4331860e-04  -2.0329797e-04  -2.0792718e-03
  -2.5320394e-04  -1.1642833e-03  -5.4060978e-04  -2.1393229e-03
  -5.3057355e-04  -9.4706377e-04  -2.8949988e-04  -1.8841055e-03
  -3.0567927e-04  -9.4331860e-04  -1.9205424e-04  -1.7902756e-03
  -5.0799090e-05  -9.8451542e-04  -2.8200406e-04  -1.8428204e-03
  -3.3191694e-04  -7.4107969e-04  -1.2154612e-05  -1.8878587e-03
  -4.3311937e-04  -8.8714113e-04  -2.4077706e-04  -1.9479099e-03
  -3.5440637e-04  -8.5343464e-04  -2.4077706e-04  -1.9178843e-03
  -2.4570747e-04  -1.0257122e-03  -1.7706261e-04  -1.9741823e-03
  -4.0313346e-04  -1.1380672e-03  -3.9069342e-04  -1.8465736e-03
  -4.9683941e-04  -7.0362804e-04  -2.0329797e-04  -1.8203012e-03
  -2.8693808e-04  -5.9127309e-04  -3.4946642e-04  -1.9516631e-03
  -4.1812641e-04  -8.4219915e-04  -2.6326452e-04  -2.0117142e-03
  -4.7434998e-04  -7.7853134e-04  -6.8373247e-05  -1.8878587e-03
  -9.5777946e-05  -9.2459278e-04  -3.6071015e-04  -1.8127948e-03
  -8.0784994e-05  -1.0182219e-03  -1.2154612e-05  -1.7114585e-03
  -2.4570747e-04  -7.8602167e-04  -2.3702915e-04  -1.6589137e-03
  -2.9068632e-04  -9.7327992e-04  -5.1812233e-04  -2.0229738e-03
  -3.9554376e-05  -8.0100233e-04  -1.0585234e-04  -1.7189649e-03
   1.8908814e-04  -8.7216047e-04  -1.0585234e-04  -1.5613306e-03
  -2.4570747e-04  -9.2459278e-04   5.9055659e-05  -1.9741823e-03
  -3.9563699e-04  -5.1262463e-04  -1.9650430e-05  -1.8353140e-03
  -1.8198742e-04  -7.8227651e-04  -1.9955006e-04  -1.9028715e-03
  -2.0447685e-04  -9.8451542e-04  -1.6956679e-04  -1.9929482e-03
  -1.6324623e-04  -9.9575091e-04  -1.6581888e-04  -2.0942846e-03
  -3.5806138e-05  -8.0474750e-04   1.3776175e-04  -2.0117142e-03
  -2.0447685e-04  -6.8490222e-04  -6.4625338e-05  -1.6964457e-03
  -4.0313346e-04  -8.8339596e-04  -2.5951661e-04  -2.0342334e-03
  -2.1197332e-04  -7.8976684e-04   1.7828660e-05  -2.1655953e-03
  -2.8318985e-04  -8.2347332e-04  -2.7450824e-04  -2.0567526e-03
  -2.3071451e-04  -8.4968948e-04  -3.0823942e-04  -2.1468293e-03
   9.1633954e-05  -6.9239255e-04  -1.3958352e-04  -2.1168037e-03
  -2.5695218e-04  -9.4331860e-04  -3.2323106e-04  -2.0680122e-03
  -3.8064403e-04  -9.0212179e-04  -7.9616974e-05  -2.1543357e-03
  -9.5777946e-05  -5.5756661e-04  -8.3364883e-05  -2.0867782e-03
  -1.7449094e-04  -8.2721849e-04  -3.1948315e-04  -1.9404035e-03
  -2.5695218e-04  -9.0961212e-04  -2.0704588e-04  -2.1205569e-03
  -2.1946980e-04  -7.9351200e-04  -1.3583561e-04  -2.1430761e-03
  -2.3821099e-04  -8.9088629e-04  -1.6956679e-04  -2.3570083e-03
  -3.3566518e-04  -8.2347332e-04   3.2820296e-05  -2.7586004e-03
  -1.5574975e-04  -7.2609903e-04   2.5019902e-04  -2.4508383e-03
  -2.2321804e-04  -8.7216047e-04  -4.8813906e-04  -2.3570083e-03
  -3.5815461e-04  -9.9949608e-04   2.0522411e-04  -2.4320723e-03
  -1.4825328e-04  -7.3358936e-04  -4.3566833e-04  -2.1843613e-03
  -3.4316165e-04  -7.8602167e-04  -5.8933260e-04  -2.9274943e-03
  -3.9188875e-04  -1.0406929e-03   5.9125874e-04  -2.3157232e-03
  -2.7944161e-04  -7.5980552e-04  -1.8111509e-03  -2.4433319e-03
  -3.0567927e-04  -7.5231519e-04   1.9330102e-03  -2.2706848e-03
  -3.1317575e-04  -9.5455410e-04  -2.7256407e-03  -2.2969572e-03
  -2.3446275e-04  -8.9088629e-04   1.6144379e-03  -3.4792143e-03
  -7.0299250e-04  -8.9088629e-04  -5.7434096e-04  -1.1897641e-03
   1.8159167e-04  -6.6992156e-04  -1.8336384e-03  -4.3124240e-03
  -2.1946980e-04  -8.0849266e-04   4.5453027e-03  -7.1310806e-04
   9.5382192e-05  -8.1972816e-04  -7.8827635e-03  -3.3966439e-03
   1.7784343e-04  -5.7629243e-04   1.0778075e-02  -2.1355697e-03
  -8.7541145e-04  -9.0586695e-04  -1.2297800e-02  -6.1177174e-04
   1.1149029e-03  -6.8115705e-04   1.0721857e-02  -5.8249624e-03
  -1.6250590e-03  -8.6092497e-04  -5.5965390e-03   4.1960736e-03
   1.5984256e-03  -7.0362804e-04  -5.1205546e-03  -1.2167865e-02
  -1.7412544e-03  -4.8640847e-04   2.4750280e-02   1.0933062e-02
   1.2385948e-03  -1.3440513e-03  -3.3514713e-02  -2.2012501e-02
   8.5626518e-03   4.7984410e-04   2.0551568e-01  -1.1679198e-01
  -1.1141835e-02   3.6033117e-03   1.9926417e-01  -1.2191510e-01
  -2.9684369e-02   2.6595301e-03   4.8826145e-03  -1.1578988e-01
  -2.9219587e-02  -3.1979079e-03   6.1727150e-02  -7.5443014e-02
  -6.3965660e-03  -7.3138443e-03  -2.3845108e-02  -6.2295564e-02
  -2.0613633e-02  -3.9357054e-03  -5.6324487e-02  -7.3956748e-02
  -4.0389336e-02   2.6894914e-03  -5.7684978e-02  -5.4687834e-02
  -1.7502595e-02   2.3786428e-03  -6.2486050e-02  -6.3672988e-02
  -2.0759814e-02  -3.2128886e-03  -4.8764955e-02  -4.6956248e-02
  -2.9523194e-02  -4.6060900e-03  -5.4641676e-02  -4.6201856e-02
  -3.1224895e-02  -4.6997191e-03  -6.5522558e-03  -5.5990193e-02
  -3.0291583e-02  -4.7409159e-03  -6.1196769e-02  -4.5687668e-02
  -1.1100605e-02  -4.0068636e-03  -7.3025170e-02  -5.4762898e-02
  -3.2330532e-03  -2.4338943e-03   1.4645215e-03  -4.3919912e-02
  -7.1911925e-03   5.6640455e-05  -4.7570074e-03  -2.8520545e-02
  -7.0037806e-03  -2.9165989e-04  -4.3185021e-03  -3.3073173e-02
  -6.3965660e-03  -1.0669090e-03   3.3722072e-03  -3.5400155e-02
  -8.7916901e-03  -1.6998419e-03  -3.6401305e-03  -3.1586907e-02
  -2.0482444e-02  -1.6773709e-03   2.3527760e-03  -2.4099279e-02
  -2.9002189e-02   6.4088619e-04  -2.1522107e-03  -2.4711050e-02
  -2.0313774e-02   7.7571213e-04   4.8256938e-04  -2.2947047e-02
  -1.6842905e-02  -1.1867543e-03  -5.5185351e-04  -1.9283927e-02
  -1.5459806e-02  -1.6811161e-03  -3.3822270e-04  -2.1622169e-02
  -5.4744995e-03  -6.3246991e-04   9.8478918e-04  -1.8653390e-02
  -9.2039963e-03   6.1467004e-04  -1.1590148e-03  -1.5237980e-02
  -5.4182759e-03  -1.6057912e-04   5.1255265e-04  -1.6405225e-02
   1.2685807e-03  -1.7597646e-03  -5.3311396e-04  -1.9100020e-02
  -1.6692976e-02  -9.7702509e-04  -2.2953333e-04  -1.7152111e-02
  -9.8674344e-03  -6.5494090e-04  -5.1812233e-04  -1.1259592e-02
   7.5356346e-03  -2.0181810e-03  -6.1931587e-04  -1.2134087e-02
  -2.7082998e-03  -1.1979898e-03  -4.1318088e-04  -1.2197891e-02
  -7.4048420e-03   4.7609893e-04  -7.4299687e-04  -1.0610289e-02
  -6.4865237e-03   7.0080883e-04  -5.0687860e-04  -1.2663287e-02
  -3.3567450e-03  -1.1155962e-03  -4.8064324e-04  -1.3886830e-02
  -8.2293612e-04  -2.6623493e-03  -5.3686187e-04  -1.4701273e-02
  -7.9071059e-03  -9.2084761e-04  -4.2442460e-04  -1.0981855e-02
  -6.2728742e-03  -1.9054044e-04  -5.0687860e-04  -1.4269656e-02
  -1.5200152e-04  -7.7478618e-04  -5.2936605e-04  -1.9914464e-02
  -1.9511558e-03  -7.7478618e-04  -4.1692878e-04  -1.3087399e-02
  -3.7015829e-03  -1.0332026e-03  -3.3822270e-04  -1.0114867e-02
  -1.8537016e-03  -5.7254727e-04  -2.9324779e-04  -1.3575314e-02
   2.7154938e-04  -1.0065648e-04  -5.6309724e-04  -8.8500392e-03
  -1.4114095e-03  -1.9428560e-04  -5.6684514e-04  -5.3182808e-03
  -4.3575246e-03  -4.2274067e-04  -4.8813906e-04  -8.6961581e-03
  -4.3275386e-03  -9.0586695e-04  -3.7195388e-04  -8.6661325e-03
  -5.1746404e-03  -1.5050934e-03  -3.1573524e-04  -8.7637156e-03
  -3.8552607e-03  -1.4376804e-03  -4.1692878e-04  -5.2769956e-03
   3.1464479e-03  -1.4376804e-03  -2.2578543e-04  -1.6138753e-03
   3.3600975e-03  -1.1455575e-03  -4.3941624e-04  -4.7140161e-03
  -4.0801549e-03   1.1656309e-04  -6.4929914e-04  -3.7344316e-03
  -7.1162277e-03  -4.3023100e-04  -3.3822270e-04  -1.9892007e-04
   1.2348465e-03  -2.2728522e-03  -1.2084397e-04  -8.8950832e-04
   2.5429816e-03  -2.6436235e-03  -2.7076033e-04  -2.0980378e-03
  -7.5322821e-03  -1.1792640e-03  -3.4571851e-04  -1.3211260e-03
  -1.6625414e-03   1.8772123e-04  -2.4077706e-04  -1.0021042e-03
   5.2417130e-03  -8.1598299e-04  -3.1573524e-04  -2.1130505e-03
   6.1638727e-04  -1.3140899e-03  -4.2442460e-04  -1.7640032e-03
  -4.1101408e-03  -5.8752793e-04  -3.6071015e-04  -1.0621554e-03
  -1.8424569e-03  -7.8976684e-04  -2.3702915e-04  -2.1318165e-03
   2.4155415e-03  -1.1380672e-03  -3.4571851e-04  -1.3136196e-03
   3.4088246e-03  -1.0069864e-03  -3.3072688e-04  -9.5706587e-04
  -9.9910330e-04   2.2517288e-04  -1.9955006e-04  -3.7156714e-04
  -6.8351099e-03   2.8135035e-04  -1.2459188e-04   1.3511446e-04
   2.1756543e-03  -1.5088385e-03  -6.4625338e-05  -3.0025582e-03
   9.1727180e-06  -2.4938169e-03  -2.3702915e-04  -2.8374176e-03
  -6.2878671e-03  -2.1380262e-03  -3.6445806e-04  -5.7048658e-04
   2.5467298e-03  -1.0481832e-03  -2.5576870e-04  -2.4433319e-03
   3.7724037e-03  -4.9389880e-04  -2.8575197e-04  -4.0947386e-03
   8.4137478e-05  -1.1189197e-04  -4.0568506e-04  -7.5064003e-04
  -2.7832646e-03  -2.0552110e-04  -1.9205424e-04   5.8549810e-04
  -4.9683941e-04  -1.0481832e-03  -1.5832306e-04  -2.6122257e-03
  -1.1565293e-03  -1.0781445e-03  -4.0568506e-04  -3.0063114e-03
  -3.5891358e-03  -3.8903418e-04  -3.7570179e-04  -1.7114585e-03
   2.8878195e-03  -7.8185485e-05  -3.2323106e-04  -1.7677564e-03
   2.3968003e-03  -3.1038572e-04  -3.6445806e-04  -3.3666183e-03
  -1.0628233e-03   1.0907276e-04  -3.1198733e-04  -3.9446107e-03
  -1.0703198e-03  -8.1930650e-05  -3.2323106e-04  -2.3419956e-03
   9.2749103e-04  -1.0856349e-03  -2.5202079e-04  -2.6422513e-03
   8.1879213e-04  -9.3957344e-04  -2.8200406e-04  -3.3178268e-03
  -4.1063926e-03  -4.6768265e-04  -4.7314742e-04  -2.7173153e-03
  -1.8387086e-03  -4.7517298e-04  -3.1948315e-04  -2.2068805e-03
  -2.6070042e-04  -1.0294574e-03  -3.3072688e-04  -1.3924367e-03
   1.5834327e-03  -1.2728931e-03  -2.9699570e-04  -2.6047194e-03
   2.4830098e-03  -5.8378276e-04  -2.0704588e-04  -4.2148409e-03
  -2.7907611e-03   2.5138903e-04  -4.0193715e-04  -1.8803523e-03
   8.9750512e-04  -2.2799209e-04  -4.2442460e-04  -9.6081906e-04
   3.7274248e-03  -1.5799966e-03  -3.8319760e-04  -3.5805506e-03
  -2.7345375e-03  -1.2616576e-03  -3.2323106e-04  -3.2052309e-03
  -6.2016576e-03  -3.5532770e-04  -3.4946642e-04  -1.2348024e-03
  -6.2427950e-04  -9.6953476e-04  -2.7450824e-04  -2.2481656e-03
   4.5033101e-03  -1.7934711e-03  -2.6701242e-04  -3.8282616e-03
  -6.0553831e-04  -9.0586695e-04  -3.7570179e-04  -2.6610173e-03
  -2.6633210e-03   2.2142771e-04  -4.1692878e-04  -1.4374751e-03
   2.2843532e-03  -5.8752793e-04  -6.3055960e-04  -2.7285749e-03
   1.5197126e-03  -1.5350547e-03  -5.1437442e-04  -2.5371618e-03
  -3.7615547e-03  -1.4301901e-03  -4.2067669e-04  -9.1578070e-04
  -3.1955708e-03  -1.2466770e-03  -4.6565160e-04  -1.3098664e-03
   2.3593179e-03  -1.0743994e-03  -2.7825615e-04  -2.0379866e-03
   2.1081860e-03  -1.2167156e-03  -3.7570179e-04  -1.0996874e-03
  -9.9160683e-04  -1.1530478e-03  -3.0823942e-04   7.5057620e-06
  -1.8948390e-04  -8.0474750e-04  -1.3583561e-04  -1.0809214e-03
   1.1523853e-03  -1.1567930e-03  -2.5202079e-04  -2.6722769e-03
  -2.8309662e-05  -1.4189546e-03  -4.2817251e-04  -1.9066247e-03
  -1.2877176e-03  -1.2204608e-03  -5.1062651e-04  -5.6673338e-04
   7.7381327e-04  -8.8714113e-04  -3.4197060e-04  -1.4787603e-03
   1.2920956e-05  -5.9876342e-04  -5.1437442e-04  -1.5200454e-03
  -2.1685536e-03  -4.4146649e-04  -5.5560142e-04   3.0024944e-05
   2.9253019e-03  -6.1748925e-04  -4.0943297e-04  -1.7940288e-03
   1.2985666e-03  -1.2654028e-03  -5.3686187e-04  -2.8599367e-03
  -6.4115590e-03  -1.2766383e-03  -3.3447479e-04  -1.0884335e-04
  -1.7899815e-03  -1.5837418e-03  -3.4197060e-04   3.7525650e-06
   3.4912858e-03  -2.2503812e-03  -4.8813906e-04  -2.6572641e-03
   2.8279409e-04  -9.5080893e-04  -3.6071015e-04  -2.6535109e-03
  -2.1760500e-03   5.3227641e-04  -4.5065997e-04  -2.7773721e-04
   9.3498750e-04   9.7837270e-05  -3.9818924e-04  -3.7907353e-04
   2.4005486e-03  -1.0032412e-03  -3.4197060e-04  -2.3757743e-03
  -2.4384267e-03  -9.3208311e-04  -4.0943297e-04  -1.7602500e-03
  -2.5808597e-03  -4.6393748e-04  -4.1692878e-04  -7.6565282e-04
   1.9732494e-03  -1.0669090e-03  -4.8813906e-04  -2.2594252e-03
   1.0774205e-03  -1.0107316e-03  -3.1573524e-04  -2.8937155e-03
  -2.5696150e-03  -4.4146649e-04  -6.0807214e-04  -2.1205569e-03
  -1.8237157e-03  -3.1038572e-04  -6.8303032e-04  -2.0379866e-03
   1.1261476e-03  -7.5980552e-04  -3.6820597e-04  -2.1693485e-03
   3.7275180e-04  -1.3178351e-03  -8.0671132e-04  -1.6439009e-03
  -2.0785958e-03  -8.7590563e-04  -6.0057633e-04  -1.0846746e-03
  -1.8649463e-03  -6.6617639e-04  -3.2323106e-04  -1.8765991e-03
   9.3873574e-04  -7.8602167e-04  -4.7314742e-04  -3.6968997e-03
   1.9769977e-03  -7.2609903e-04  -2.1454170e-04  -3.6668741e-03
  -2.4271820e-03  -4.2648583e-04  -4.1318088e-04  -8.8575512e-04
  -2.4234337e-03  -4.9389880e-04  -4.2817251e-04  -4.0909911e-04
   3.1764338e-03  -1.1343220e-03  -3.2323106e-04  -3.6068229e-03
   1.7783411e-03  -1.1230865e-03  -6.3805542e-04  -4.0459470e-03
  -3.8702536e-03  -4.4895682e-04  -4.5065997e-04  -7.2436765e-04
  -2.9369424e-03  -2.3173725e-04  -1.9580215e-04  -4.3161829e-04
   2.2581155e-03  -1.3777577e-03  -3.1948315e-04  -3.8132488e-03
  -1.8948390e-04  -1.6773709e-03  -3.6445806e-04  -4.0684662e-03
  -3.6753452e-03  -1.0144767e-03  -4.3566833e-04  -1.0996874e-03
   1.5871809e-03  -1.2953641e-03  -3.5696224e-04  -1.2235429e-03
   3.8323755e-03  -1.3253254e-03  -1.8830634e-04  -3.5167462e-03
  -2.1235747e-03  -8.8339596e-04  -4.2067669e-04  -2.6009662e-03
  -4.1213856e-03  -6.9613771e-04  -4.7689533e-04  -1.0921810e-03
   1.5009714e-03  -1.3777577e-03  -3.3447479e-04  -1.9929482e-03
   1.9432635e-03  -1.5687612e-03  -4.0193715e-04  -2.3495020e-03
  -2.2884972e-03  -5.4633111e-04  -1.3958352e-04  -1.0884278e-03
  -2.2696628e-04  -4.2274067e-04  -1.8830634e-04  -6.6431650e-04
   2.9627843e-03  -7.8227651e-04  -4.9938278e-04  -2.2143869e-03
   1.0811688e-03  -8.0474750e-04  -3.2697897e-04  -2.6835365e-03
  -1.7412544e-03  -4.0026968e-04  -5.1062651e-04  -1.3398920e-03
  -7.5546783e-04  -3.0664055e-04  -4.3941624e-04  -1.2573216e-03
   1.9395153e-03  -8.5717981e-04  -1.5457515e-04  -2.3982935e-03
   5.7140842e-04  -7.5980552e-04  -4.3566833e-04  -2.0642590e-03
  -1.9586522e-03  -5.0513430e-04  -3.9444133e-04  -7.5814643e-04
  -2.5883562e-03  -6.4745057e-04  -4.0943297e-04  -6.8308249e-04
  -1.4450504e-04  -1.4526610e-03  -3.6445806e-04  -2.2894508e-03
   2.7079041e-03  -1.4676417e-03  -2.5576870e-04  -3.6105761e-03
  -9.5412445e-04  -2.1301143e-04  -3.7195388e-04  -1.4825134e-03
  -1.4114095e-03   3.0424300e-05  -1.2084397e-04  -1.7264769e-04
   2.0332212e-03  -6.6992156e-04  -3.0823942e-04  -2.1618421e-03
   2.9029057e-04  -1.0519284e-03  -4.4316415e-04  -2.6535109e-03
  -1.8724428e-03  -7.0362804e-04  -1.4333143e-04  -1.7752628e-03
  -1.2502353e-03  -6.0625375e-04  -2.6326452e-04  -1.1259597e-03
   1.8345646e-03  -7.3733453e-04  -1.8455843e-04  -1.8165480e-03
   1.2236018e-03  -3.5158253e-04  -2.1828961e-04  -2.3982935e-03
  -1.9099251e-03  -3.1787605e-04  -3.3072688e-04  -1.4449815e-03
  -6.5801365e-04  -7.4107969e-04  -1.2459188e-04  -1.4937730e-03
   5.1143661e-04  -1.0706542e-03  -4.1318088e-04  -2.2331528e-03
  -9.3538326e-04  -1.1418123e-03  -4.7314742e-04  -2.2406592e-03
  -1.7487509e-03  -6.9239255e-04  -1.8455843e-04  -1.7677564e-03
   6.7261084e-04  -4.7517298e-04  -2.4452497e-04  -2.3419956e-03
   9.9495931e-04  -1.0444381e-03  -2.8575197e-04  -2.3682679e-03
  -1.7075203e-03  -1.0481832e-03  -1.9205424e-04  -1.6514073e-03
  -8.3043259e-04  -7.1860870e-04  -3.7195388e-04  -2.3720211e-03
   9.6872165e-04  -1.0818897e-03  -5.6309724e-04  -2.5859534e-03
   1.2310983e-03  -8.2721849e-04  -3.1573524e-04  -2.3795275e-03
   5.4151574e-05  -1.4185329e-04  -4.7314742e-04  -1.8390672e-03
  -1.8949322e-03  -4.1899550e-04  -6.2681169e-04  -1.0959342e-03
  -1.7974780e-03  -1.1418123e-03  -4.8064324e-04  -1.8540799e-03
   3.3152119e-04  -1.4339352e-03  -4.2442460e-04  -3.1789585e-03
   1.2011124e-03  -1.2466770e-03  -2.4827288e-04  -3.4116567e-03
  -6.9540280e-05  -6.5868606e-04  -4.6939951e-04  -2.0942846e-03
   3.5401061e-04  -4.0776001e-04  -4.1318088e-04  -1.3849303e-03
   7.8505798e-04  -1.0706542e-03  -3.1948315e-04  -2.1693485e-03
  -1.1490328e-03  -1.5050934e-03  -6.4555123e-04  -2.2293996e-03
  -2.7307893e-03  -1.4339352e-03  -6.0807214e-04  -1.8240544e-03
  -1.2202493e-03  -1.2429318e-03  -4.3941624e-04  -1.9741823e-03
   1.5984256e-03  -1.1642833e-03  -3.3072688e-04  -2.2406592e-03
   7.1758970e-04  -8.5343464e-04  -4.9188696e-04  -2.1168037e-03
  -9.2413854e-04  -3.9277935e-04  -5.7059305e-04  -1.5913562e-03
   4.6655098e-05  -8.3845398e-04  -5.3686187e-04  -1.8953651e-03
   3.6525533e-04  -1.1230865e-03  -5.3311396e-04  -2.2669316e-03
  -8.5667026e-04  -1.0257122e-03  -4.0193715e-04  -1.9629227e-03
  -1.1640258e-03  -1.1343220e-03  -3.7195388e-04  -1.6889393e-03
   1.8159167e-04  -9.1710245e-04  -3.9069342e-04  -1.5913562e-03
   5.2268132e-04  -9.4706377e-04  -4.8813906e-04  -1.4712539e-03
  -3.9554376e-05  -1.2541673e-03  -3.1948315e-04  -9.0452111e-04
  -5.8202340e-06  -1.0144767e-03  -2.2578543e-04  -9.0452111e-04
  -4.2187465e-04  -8.1223783e-04  -4.3192042e-04  -1.4524879e-03
  -5.7930065e-04  -9.4706377e-04  -4.0943297e-04  -1.5237986e-03
  -4.0313346e-04  -1.0332026e-03  -4.6939951e-04  -1.4036963e-03
  -2.8693808e-04  -8.2347332e-04  -3.3447479e-04  -1.3999431e-03
  -5.3057355e-04  -7.1860870e-04  -2.3702915e-04  -9.2328709e-04
  -5.7180417e-04  -9.5455410e-04  -5.5185351e-04  -8.5197635e-04
   1.2385948e-03  -7.8602167e-04  -3.3072688e-04  -1.9629227e-03
   1.2385948e-03  -7.6355068e-04  -1.7706261e-04  -1.9516631e-03
  -1.2802212e-03  -5.9876342e-04  -1.6956679e-04  -9.9084464e-04
  -1.2090046e-03  -5.0513430e-04  -1.9205424e-04  -4.8791624e-04
   3.3152119e-04  -1.1268317e-03  -6.2681169e-04  -1.0283766e-03
  -5.0799090e-05  -1.2953641e-03  -2.7450824e-04  -2.1092973e-03
  -9.6536916e-04  -8.1598299e-04  -1.6956679e-04  -1.7227181e-03
  -1.3316710e-05  -3.5158253e-04  -3.6071015e-04  -1.3323856e-03
   1.4409996e-03  -6.6992156e-04  -2.3702915e-04  -1.5012794e-03
   3.2402471e-04  -9.7702509e-04  -5.5185351e-04  -1.7339776e-03
  -1.1490328e-03  -7.9725717e-04  -3.0823942e-04  -1.9441567e-03
  -4.1062994e-04  -1.1268317e-03  -3.2697897e-04  -1.6964457e-03
   4.4771656e-04  -1.3253254e-03  -5.3311396e-04  -2.1655953e-03
  -3.3191694e-04  -9.8077025e-04  -3.2323106e-04  -1.9967014e-03
  -6.8799955e-04  -5.9876342e-04  -4.8439115e-04  -1.5876030e-03
   1.9658462e-04  -5.5756661e-04  -3.7570179e-04  -2.0980378e-03
  -1.5949799e-04  -1.0144767e-03  -3.4946642e-04  -1.8315608e-03
  -2.1572156e-04  -1.0556735e-03  -5.2561815e-04  -2.0267270e-03
  -1.1077090e-04  -7.4857002e-04  -4.5065997e-04  -2.6722769e-03
   7.2892764e-05  -7.9725717e-04  -3.3447479e-04  -2.5709406e-03
   1.0024558e-03  -8.3096365e-04  -3.1198733e-04  -2.2444124e-03
  -1.1451914e-04  -5.9127309e-04  -3.6071015e-04  -1.7677564e-03
  -1.5425978e-03  -6.3246991e-04  -3.4946642e-04  -1.8240544e-03
  -1.5688355e-03  -1.2017350e-03  -5.9682842e-04  -2.3532552e-03
   2.3406700e-04  -1.3477964e-03  -4.3566833e-04  -3.0738690e-03
   1.4972232e-03  -1.0781445e-03  -2.5951661e-04  -3.0738690e-03
   2.1532581e-04  -5.5756661e-04  -5.5560142e-04  -2.1956209e-03
  -1.2201561e-04  -3.4783737e-04  -2.7450824e-04  -2.0342334e-03
  -9.2029708e-05  -9.0961212e-04  -2.9699570e-04  -2.3457488e-03
  -1.0928093e-03  -1.2429318e-03  -5.0687860e-04  -2.4583447e-03
