  -2.3071451e-04  -7.3733453e-04  -1.5832306e-04  -2.0642590e-03
  -2.9068632e-04  -7.8227651e-04   8.9038931e-05  -2.2369060e-03
  -2.8318985e-04  -9.5080893e-04   1.2651802e-04  -2.1318165e-03
  -3.2057900e-05  -1.1979898e-03  -2.1828961e-04  -2.1618421e-03
   3.1662146e-05  -9.9575091e-04  -1.3583561e-04  -2.2331528e-03
  -2.6819689e-04  -7.8227651e-04  -6.0877429e-05  -2.1355697e-03
  -2.4570747e-04  -9.2084761e-04  -3.5696224e-04  -2.2331528e-03
  -1.8948390e-04  -7.2235387e-04  -4.0568506e-04  -2.1505825e-03
  -2.1572156e-04  -1.0369477e-03  -2.4077706e-04  -2.0680122e-03
  -8.4533232e-05  -7.2609903e-04  -1.9955006e-04  -2.2631784e-03
  -2.7194513e-04  -4.0401484e-04  -3.3072688e-04  -2.0792718e-03
  -3.4316165e-04  -8.8714113e-04  -6.8373247e-05  -2.1055441e-03
  -1.8198742e-04  -7.1860870e-04   5.9055659e-05  -2.2969572e-03
  -3.9554376e-05  -6.9988288e-04  -1.0210443e-04  -2.3007104e-03
  -1.1077090e-04  -7.7853134e-04  -1.9580215e-04  -2.2932040e-03
  -3.2442046e-04  -8.7216047e-04  -2.2578543e-04  -2.0680122e-03
  -3.5065813e-04  -6.9613771e-04   1.6774502e-04  -2.1017910e-03
  -2.5320394e-04  -6.1748925e-04   1.4525757e-04  -1.9441567e-03
  -1.1826737e-04  -9.7327992e-04  -1.5902521e-05  -1.8878587e-03
  -2.8309662e-05  -8.3470882e-04   7.4047295e-05  -2.0004546e-03
  -6.5792042e-05  -6.7741189e-04  -1.5082725e-04  -1.8765991e-03
  -1.1826737e-04  -6.3621507e-04  -3.0894157e-05  -2.1355697e-03
  -8.0784994e-05  -6.9988288e-04   9.6534749e-05  -2.0792718e-03
  -2.4561424e-05  -8.7590563e-04  -1.2459188e-04  -2.0192206e-03
   1.6669194e-05  -7.3358936e-04  -4.6587940e-06  -2.1580889e-03
  -2.0719960e-06  -6.7741189e-04  -4.5885793e-05  -1.8690927e-03
   6.9144526e-05  -8.6092497e-04  -6.0877429e-05  -1.8465736e-03
  -1.4075680e-04  -7.7104101e-04  -1.0210443e-04  -1.8878587e-03
  -3.7689580e-04  -8.3845398e-04  -2.7825615e-04  -1.9891950e-03
  -6.5792042e-05  -8.2721849e-04   6.5849330e-06  -2.1655953e-03
  -2.1197332e-04  -7.2235387e-04  -3.4642066e-05  -1.8878587e-03
  -2.7194513e-04  -9.6578959e-04  -1.9650430e-05  -2.0304802e-03
   6.5396288e-05  -6.7741189e-04  -4.6587940e-06  -2.0567526e-03
  -1.5949799e-04  -6.2497958e-04  -3.7944969e-04  -1.7489904e-03
  -2.1572156e-04  -9.1710245e-04  -3.0074361e-04  -1.9704291e-03
  -1.2576385e-04  -8.2347332e-04  -1.9205424e-04  -2.0642590e-03
  -1.7449094e-04  -1.0069864e-03   4.0316114e-05  -2.1468293e-03
  -4.2937113e-04  -9.8077025e-04   1.7149293e-04  -2.2669316e-03
  -3.9188875e-04  -7.8976684e-04  -1.3583561e-04  -2.1393229e-03
  -1.7064948e-05  -6.8490222e-04   6.5849330e-06  -2.0079610e-03
  -1.5574975e-04  -4.6768265e-04  -5.3381611e-05  -1.9629227e-03
  -3.2057900e-05  -8.2721849e-04  -4.5065997e-04  -2.0830250e-03
  -1.5574975e-04  -9.1710245e-04  -3.9444133e-04  -2.2256465e-03
  -4.1812641e-04  -7.5606035e-04  -2.1454170e-04  -2.0042078e-03
  -3.9554376e-05  -9.6204443e-04  -1.2459188e-04  -2.0605058e-03
  -2.5695218e-04  -6.2872474e-04  -1.4333143e-04  -2.2143869e-03
  -3.4316165e-04  -6.5868606e-04   1.0332842e-05  -2.0192206e-03
  -1.7074271e-04  -9.1335728e-04  -5.7129520e-05  -2.2106337e-03
  -3.8439227e-04  -9.5455410e-04  -4.7689533e-04  -2.0792718e-03
  -3.9554376e-05  -1.0856349e-03  -2.7825615e-04  -2.0830250e-03
  -3.3941342e-04  -8.5717981e-04   6.6551477e-05  -2.2669316e-03
  -3.9188875e-04  -8.9463146e-04  -1.9955006e-04  -1.9704291e-03
  -2.8309662e-05  -8.0849266e-04  -3.8694551e-04  -2.0830250e-03
  -4.7809822e-04  -7.2984420e-04  -1.9580215e-04  -2.1956209e-03
  -2.3446275e-04  -9.5455410e-04  -3.1573524e-04  -2.0830250e-03
  -4.0688170e-04  -1.1230865e-03  -4.2442460e-04  -2.0192206e-03
  -4.7060175e-04  -8.8339596e-04  -2.1828961e-04  -1.9967014e-03
  -1.1451914e-04  -4.8266331e-04  -2.2203752e-04  -2.0905314e-03
  -4.4811232e-04  -9.1710245e-04  -2.1079379e-04  -2.1618421e-03
  -4.8184646e-04  -9.6953476e-04  -7.2121156e-05  -2.0267270e-03
  -3.2442046e-04  -6.5868606e-04  -3.0074361e-04  -2.0154674e-03
   5.4151574e-05  -8.5343464e-04  -4.8439115e-04  -2.1017910e-03
   2.1907405e-04  -8.7965080e-04  -3.7195388e-04  -1.8390672e-03
  -5.8202340e-06  -9.6204443e-04  -2.1079379e-04  -1.8240544e-03
  -2.9443456e-04  -1.0406929e-03   1.6774502e-04  -1.8578331e-03
  -3.4690989e-04  -7.1860870e-04   1.6024920e-04  -1.7264713e-03
  -3.1317575e-04  -9.3957344e-04   2.2021575e-04  -1.9629227e-03
  -5.4931474e-04  -1.0818897e-03   3.5514047e-04  -1.9479099e-03
  -2.6444866e-04  -7.5606035e-04  -1.5082725e-04  -1.8390672e-03
  -1.3700856e-04  -9.9949608e-04  -3.8319760e-04  -1.9291439e-03
  -1.0702266e-04  -7.9725717e-04  -1.6207097e-04  -1.9028715e-03
  -1.4450504e-04  -7.0362804e-04  -1.2084397e-04  -2.1055441e-03
  -3.2816870e-04  -6.4745057e-04  -4.8439115e-04  -1.9816886e-03
   6.5396288e-05  -3.5158253e-04  -5.0313069e-04  -1.9516631e-03
  -5.8295566e-05  -9.2084761e-04  -3.6071015e-04  -1.9929482e-03
  -2.0072861e-04  -9.4706377e-04  -2.8949988e-04  -1.8615863e-03
  -2.2696628e-04  -8.9463146e-04   3.2820296e-05  -2.2744380e-03
  -3.6565108e-04  -1.0257122e-03   9.2786840e-05  -2.1017910e-03
  -6.5792042e-05  -8.1598299e-04  -7.5869065e-05  -1.9103779e-03
  -5.0799090e-05  -7.2984420e-04  -1.6207097e-04  -1.9741823e-03
   9.5382192e-05  -7.4482486e-04  -1.8081052e-04  -1.9479099e-03
  -4.7050852e-05  -9.1335728e-04  -3.4946642e-04  -2.0942846e-03
  -3.3566518e-04  -7.0362804e-04  -1.4333143e-04  -1.9404035e-03
  -1.9323213e-04  -9.3208311e-04  -8.4067030e-06  -2.1130505e-03
  -2.6070042e-04  -1.0032412e-03  -2.2203752e-04  -2.2556720e-03
  -1.1451914e-04  -7.1860870e-04  -8.4067030e-06  -2.1655953e-03
  -3.3941342e-04  -9.1335728e-04   5.5307750e-05  -2.1768549e-03
  -4.5560879e-04  -8.2347332e-04  -1.0210443e-04  -2.2519188e-03
  -6.5792042e-05  -7.9725717e-04  -6.8373247e-05  -2.2256465e-03
  -4.0688170e-04  -9.2459278e-04  -1.3583561e-04  -2.1655953e-03
  -3.1692399e-04  -7.6729585e-04  -7.2121156e-05  -2.2331528e-03
   1.0287867e-04  -5.1636979e-04   3.2820296e-05  -2.0417398e-03
  -2.5695218e-04  -8.3096365e-04  -1.4707934e-04  -2.3419956e-03
  -2.9068632e-04  -9.3208311e-04  -1.0960025e-04  -2.3832807e-03
  -3.9554376e-05  -7.7478618e-04  -3.0894157e-05  -1.9629227e-03
  -5.8202340e-06  -1.0107316e-03  -4.2137884e-05  -2.2894508e-03
  -2.5695218e-04  -7.5606035e-04   6.6551477e-05  -2.2293996e-03
  -2.5320394e-04  -6.9988288e-04   7.0299386e-05  -2.0304802e-03
   2.7913908e-05  -1.0406929e-03  -2.0704588e-04  -2.1430761e-03
  -2.3821099e-04  -9.4331860e-04  -9.8356519e-05  -1.8278076e-03
  -6.9540280e-05  -6.7366672e-04   3.8137583e-04  -1.8428204e-03
   2.4165670e-05  -6.6617639e-04  -1.5902521e-05  -2.0830250e-03
  -9.9526184e-05  -8.3845398e-04  -1.8830634e-04  -1.8878587e-03
   7.2892764e-05  -8.9463146e-04   5.1559841e-05  -2.0192206e-03
  -1.2201561e-04  -7.1486354e-04  -1.9580215e-04  -2.1280633e-03
  -6.5792042e-05  -5.7254727e-04  -1.8081052e-04  -1.7902756e-03
  -6.5792042e-05  -7.6355068e-04  -2.4452497e-04  -2.0192206e-03
  -1.2201561e-04  -8.3096365e-04  -4.3192042e-04  -2.2106337e-03
  -4.3302614e-05  -8.5343464e-04  -3.3447479e-04  -2.0755186e-03
  -2.1197332e-04  -8.8339596e-04  -3.0823942e-04  -2.1543357e-03
   5.4244800e-06  -7.2984420e-04   4.4064023e-05  -1.9929482e-03
  -2.5320394e-04  -8.3470882e-04   3.1766138e-04  -1.8765991e-03
  -6.0553831e-04  -9.2084761e-04   1.7149293e-04  -2.0079610e-03
   1.6669194e-05  -7.7478618e-04   4.4064023e-05  -1.9629227e-03
   5.0403336e-05  -7.3358936e-04  -3.3447479e-04  -1.9666759e-03
   1.6285048e-04  -7.7478618e-04  -3.0449151e-04  -1.9666759e-03
   1.1037514e-04  -8.2347332e-04  -3.8694551e-04  -1.8090416e-03
  -3.1317575e-04  -7.4857002e-04  -5.9308051e-04  -1.8803523e-03
  -1.4075680e-04  -9.0586695e-04  -1.0960025e-04  -1.9629227e-03
  -3.4690989e-04  -1.0893800e-03   5.9055659e-05  -1.9216375e-03
  -2.7569337e-04  -7.6729585e-04   9.6534749e-05  -2.0642590e-03
  -3.8064403e-04  -9.4331860e-04   9.6534749e-05  -1.9816886e-03
  -3.5065813e-04  -8.8339596e-04  -7.5869065e-05  -1.8841055e-03
  -9.9526184e-05  -6.0625375e-04  -1.3208770e-04  -2.2706848e-03
  -4.2562289e-04  -1.0219671e-03  -1.9205424e-04  -2.2106337e-03
  -3.6190284e-04  -8.4968948e-04  -3.2697897e-04  -1.9741823e-03
  -2.7944161e-04  -9.6953476e-04  -2.7450824e-04  -2.0492462e-03
  -2.6444866e-04  -1.1792640e-03   2.5324478e-05  -1.9816886e-03
  -2.3821099e-04  -8.0474750e-04  -2.0704588e-04  -1.9629227e-03
  -2.2696628e-04  -1.0182219e-03  -3.5321433e-04  -2.0792718e-03
  -2.4195923e-04  -9.2833794e-04  -2.0704588e-04  -2.2781912e-03
  -4.0688170e-04  -8.4219915e-04  -2.3702915e-04  -2.2369060e-03
  -5.0058765e-04  -1.2466770e-03  -1.5832306e-04  -2.0942846e-03
  -2.6444866e-04  -1.0069864e-03  -2.5202079e-04  -2.2556720e-03
  -3.2057900e-05  -8.9837662e-04  -2.8949988e-04  -2.3382424e-03
  -3.2067223e-04  -1.1942447e-03  -3.8319760e-04  -2.1393229e-03
  -3.8814051e-04  -9.1335728e-04  -3.0449151e-04  -1.9891950e-03
  -3.9188875e-04  -8.0474750e-04  -1.7706261e-04  -2.0942846e-03
  -4.2187465e-04  -9.7702509e-04  -4.5815578e-04  -2.1918677e-03
  -3.0193104e-04  -7.6729585e-04  -2.2953333e-04  -2.2481656e-03
  -3.4690989e-04  -8.6092497e-04  -4.0193715e-04  -2.0980378e-03
  -6.5792042e-05  -9.7702509e-04  -6.1556796e-04  -2.0192206e-03
   8.0389240e-05  -8.1223783e-04  -3.7195388e-04  -2.0792718e-03
  -2.9443456e-04  -9.6578959e-04  -3.2697897e-04  -1.7827692e-03
  -4.9309117e-04  -9.5455410e-04   4.7811932e-05  -2.0567526e-03
  -1.8573566e-04  -6.8115705e-04  -1.2833979e-04  -1.9554163e-03
  -8.8281470e-05  -5.3884078e-04  -3.0074361e-04  -1.5650838e-03
  -2.1946980e-04  -5.2760529e-04  -2.4827288e-04  -1.8315608e-03
   2.1157757e-04  -6.4745057e-04  -4.0943297e-04  -1.6026158e-03
   2.0033286e-04  -6.5868606e-04  -2.7076033e-04  -1.9366503e-03
  -3.1692399e-04  -8.9088629e-04  -9.0860701e-05  -2.2894508e-03
  -2.3446275e-04  -1.1305768e-03   1.9398038e-04  -2.0792718e-03
  -1.9323213e-04  -1.0294574e-03   2.5019902e-04  -2.1618421e-03
  -2.8318985e-04  -8.6841530e-04   1.6399711e-04  -1.9779355e-03
  -3.5065813e-04  -6.1374408e-04  -4.5885793e-05  -1.7977820e-03
  -2.3446275e-04  -6.2497958e-04  -4.0568506e-04  -2.0117142e-03
   8.0389240e-05  -8.1972816e-04  -5.0313069e-04  -2.0605058e-03
  -1.0702266e-04  -7.8227651e-04  -4.9938278e-04  -1.9441567e-03
  -1.8573566e-04  -7.8976684e-04  -1.6207097e-04  -2.3157232e-03
  -3.9938522e-04  -1.0594187e-03   1.4900547e-04  -2.1806081e-03
  -4.5560879e-04  -9.2459278e-04   1.3026593e-04  -2.0379866e-03
   1.4036105e-04  -6.6617639e-04  -1.6207097e-04  -2.1881145e-03
   2.3781524e-04  -7.7478618e-04  -4.8439115e-04  -2.0117142e-03
   7.6641002e-05  -7.2609903e-04  -2.4827288e-04  -2.2856976e-03
  -1.7074271e-04  -8.4968948e-04  -1.5457515e-04  -1.9816886e-03
  -3.3191694e-04  -9.6578959e-04  -1.9955006e-04  -2.0454930e-03
  -1.2201561e-04  -9.1710245e-04  -6.0877429e-05  -2.4320723e-03
  -1.2576385e-04  -1.0032412e-03  -3.2697897e-04  -2.1168037e-03
  -2.1946980e-04  -8.8339596e-04  -4.3941624e-04  -2.3044636e-03
  -9.2029708e-05  -8.7216047e-04  -1.9205424e-04  -2.0042078e-03
  -2.4195923e-04  -9.3582827e-04  -2.3328124e-04  -1.9141311e-03
  -3.4316165e-04  -9.9200575e-04  -2.0329797e-04  -2.2181401e-03
  -2.2321804e-04  -1.0856349e-03  -1.5832306e-04  -2.1430761e-03
  -3.3941342e-04  -8.5343464e-04  -2.4077706e-04  -2.4508383e-03
  -1.0702266e-04  -7.4482486e-04  -1.6581888e-04  -2.2556720e-03
  -1.4075680e-04  -7.7478618e-04  -1.8455843e-04  -2.1693485e-03
  -1.8948390e-04  -8.1598299e-04   2.9072387e-05  -2.2932040e-03
   2.4165670e-05  -9.4706377e-04  -5.7129520e-05  -1.9366503e-03
  -2.3446275e-04  -9.4706377e-04  -3.1573524e-04  -2.1806081e-03
   3.1662146e-05  -7.5606035e-04  -2.7146248e-05  -2.4133063e-03
   2.3031876e-04  -6.3621507e-04  -1.3208770e-04  -2.1806081e-03
  -7.7036756e-05  -9.0961212e-04   6.6551477e-05  -2.1580889e-03
   3.8024828e-04  -8.0474750e-04   2.0522411e-04  -1.9854418e-03
   6.6136613e-04  -7.2235387e-04  -6.0877429e-05  -1.9216375e-03
   1.9283638e-04  -9.4706377e-04   4.0761120e-04  -2.2293996e-03
  -2.0813186e-05  -9.2084761e-04  -2.4827288e-04  -1.9854418e-03
  -4.4811232e-04  -7.7104101e-04  -5.1437442e-04  -1.8653395e-03
   2.7913908e-05  -1.1830092e-03   2.3145947e-04  -1.9591695e-03
  -6.4302069e-04  -1.2316963e-03  -5.8183678e-04  -1.9066247e-03
  -1.7064948e-05  -4.3772133e-04   6.5872110e-04  -2.2669316e-03
   9.1727180e-06  -1.2616576e-03  -1.0053505e-03  -1.7602500e-03
  -7.9295021e-04  -4.6768265e-04   2.9892183e-04  -2.0417398e-03
   8.9375689e-04  -1.4451707e-03   1.3633280e-03  -2.2781912e-03
  -1.7300097e-03  -5.9876342e-04  -2.3208666e-03  -1.8428204e-03
   1.8345646e-03  -6.5494090e-04   2.5963901e-03  -2.0417398e-03
  -2.2247771e-03  -1.4751320e-03  -3.4302476e-03  -1.9366503e-03
   1.8458093e-03   7.9443796e-04   3.6008297e-03  -2.5371618e-03
  -3.3566518e-04  -2.8720786e-03  -2.2646479e-03  -1.4900198e-03
  -2.3484690e-03   1.9554391e-03  -1.4813349e-03  -2.2256465e-03
   4.8406515e-03  -3.9094893e-03   3.9831164e-03  -2.0079610e-03
  -8.1320002e-03   1.2213868e-03  -8.7860096e-03  -2.1543357e-03
   1.1058978e-02  -1.4002287e-03   1.4139950e-02  -2.5934598e-03
  -1.3214611e-02  -4.0480604e-03  -1.9190205e-02  -6.3053773e-04
   1.5897954e-02   9.8352663e-03   2.3775824e-02  -4.8303652e-03
   1.7809171e-01  -3.2350272e-02  -3.7791077e-02   1.2599482e-02
   3.3412336e-01  -5.5922341e-02  -1.4333143e-04   4.1322693e-03
   2.5713455e-01  -8.5179570e-02   1.8757819e-01  -5.5798780e-02
  -1.4095447e-02  -8.8692535e-02  -7.4265728e-02  -3.0108147e-02
  -6.2144110e-02  -4.4533294e-02  -1.6079745e-01   3.2326285e-02
  -5.8497074e-02  -3.1556297e-02  -1.2760222e-01   1.9704278e-03
  -8.7815792e-02  -2.6601444e-02   3.6582429e-02  -4.9388320e-02
  -4.0051902e-03  -7.3749326e-02   2.0677498e-01  -3.3748748e-02
  -5.1806469e-02  -9.6842014e-02  -1.6397568e-01   1.7643778e-02
  -1.0759899e-01  -5.7809904e-02  -3.1153530e-02  -2.1888646e-02
  -1.2371257e-02  -2.6811173e-02   3.1177640e-01  -7.1299484e-02
   3.6337189e-03  -1.8418258e-02   7.9334125e-03  -3.2938058e-02
  -1.9916460e-02  -1.9624202e-02  -2.6885342e-01  -2.6197321e-03
   2.1006895e-03  -3.1312862e-02  -3.3229872e-02  -2.5480455e-02
  -6.7489004e-03  -3.1241703e-02   1.6407880e-01  -6.9441652e-02
  -6.0948422e-02  -3.7627210e-02   1.0663460e-01  -2.9541414e-02
  -8.4318686e-02  -5.6023460e-02  -1.1668831e-01   2.3896605e-02
  -3.1318507e-03  -2.3343150e-02  -1.9066829e-01   4.1547884e-03
   9.5709279e-03  -2.3440103e-03   8.4836757e-02  -3.9341012e-02
  -1.3476988e-02  -3.4638146e-03   1.5356216e-01  -5.6200373e-02
   6.0775700e-03  -6.6097532e-03   9.7923753e-03  -8.8800647e-03
  -1.1096856e-02  -2.8136962e-02  -1.1320650e-01   2.1543350e-02
   9.0236851e-03  -3.5443779e-02   1.2187289e-02  -8.9326152e-04
  -1.1509163e-02  -5.1004518e-03   1.0331020e-01  -1.8732207e-02
  -4.7567212e-02   1.4692745e-02  -2.9339543e-02  -2.0567526e-03
   8.0378985e-03   2.3674073e-03  -6.2321142e-02   1.9437807e-02
   8.8175320e-03  -7.5198283e-03  -2.5805264e-02   1.2317992e-02
  -5.0659415e-03  -8.3212937e-03   8.3456825e-03  -1.4772584e-02
  -2.0973370e-03   7.6331092e-03   5.1465376e-02  -1.9798115e-02
  -1.5913342e-02  -9.9200575e-04   4.4145709e-02  -1.1056919e-02
   5.0280634e-03  -2.0253389e-02  -2.1495169e-02  -4.1547897e-03
   8.4137478e-05  -9.5122561e-03  -4.1561474e-02   6.5831069e-03
  -5.7106385e-03   1.2243407e-02   1.1422014e-03  -1.2986068e-03
   7.6256856e-04   1.4876258e-02   3.0420866e-02  -1.0899285e-02
  -1.0328374e-03  -4.7858579e-03  -1.6038213e-02  -4.5413747e-04
   1.1111547e-03  -1.7006331e-02  -5.4866551e-02   1.5650831e-02
  -2.0186240e-03  -1.1485958e-02  -2.8301372e-02   4.2260992e-03
  -1.4901225e-03   4.7380967e-03   5.3762844e-02  -1.7351030e-02
  -1.4114095e-03   2.3337008e-03   2.6489310e-02  -1.4705026e-02
   2.8654233e-04  -5.9880559e-03  -5.1366004e-02   7.2286568e-03
   4.5146480e-04  -2.4264039e-03  -4.8693745e-02   8.3283435e-03
  -1.4039130e-03   4.8804130e-03   2.5544837e-02  -1.2239176e-02
  -2.6819689e-04   8.3971229e-03   6.0565299e-02  -1.7610001e-02
  -2.6070042e-04  -5.2128067e-03  -3.4354245e-02   2.3645135e-03
   9.1727180e-06  -1.4343519e-02  -6.9329732e-02   1.6277615e-02
  -6.9174779e-04  -3.9132344e-03   2.6488608e-03   2.1017840e-04
  -2.5171397e-03   8.0375871e-03   4.0753852e-02  -1.0531471e-02
  -4.7050852e-05   5.8092139e-03  -8.5461434e-03  -4.9617271e-03
   1.1036582e-03  -4.0255894e-03  -2.8286380e-02   5.7874291e-03
  -5.7555241e-04  -7.6284381e-03  -1.0165240e-02  -1.8765991e-03
  -1.2464870e-03   1.6895324e-03   3.7320767e-02  -1.5354330e-02
  -1.3064588e-03   5.6294460e-03   3.8411408e-02  -1.1131983e-02
   4.9644366e-04  -5.3925746e-03  -2.7349403e-02   2.8524291e-03
   2.6030466e-04  -9.0853073e-03  -4.6287587e-02   1.1908893e-02
  -1.3776753e-03  -2.6544374e-04   2.6863399e-03   2.5108882e-03
  -7.9669845e-04   9.6068112e-03   2.3562193e-02  -5.4233703e-03
   3.1278000e-04   4.8092548e-03  -4.2210564e-03  -4.0909854e-03
   2.0408109e-04  -8.7557328e-03  -3.0704484e-03  -3.0026208e-05
  -6.7675484e-04  -8.9092846e-03  -1.6499908e-03  -3.0851286e-03
  -1.5238566e-03   2.1726587e-03   2.6421848e-02  -1.1188281e-02
  -3.7314756e-04   4.1800671e-03   3.5690427e-02  -9.6194445e-03
   8.1129565e-04  -2.1417714e-03  -1.8107059e-02   2.2819431e-03
  -1.0327442e-04  -4.5574028e-03  -4.3484151e-02   1.0689104e-02
  -7.7046079e-04   1.0532760e-04   6.2124201e-04   3.2540212e-03
  -7.4797136e-04   6.6106792e-03   2.9333973e-02  -7.4688627e-03
  -1.7449094e-04  -1.5308879e-04   8.9978186e-03  -5.1418805e-03
  -1.5200152e-04  -7.6846156e-03  -1.7218805e-02   2.9800378e-03
  -2.3446275e-04  -4.3589091e-03  -1.1739362e-02  -6.3429092e-04
  -8.3792907e-04   2.4872525e-03   3.0308429e-02  -1.0572757e-02
  -5.6805593e-04   5.1201035e-03   2.7415043e-02  -9.1427885e-03
   4.4396833e-04  -2.2503812e-03  -2.4444773e-02   1.7489892e-03
  -5.6055946e-04  -6.1453528e-03  -2.8440044e-02   6.1289701e-03
  -8.9415264e-04  -1.7181461e-04   3.9981080e-03   2.6271747e-05
  -5.8304889e-04   4.5470933e-03   1.0909252e-02  -4.4738115e-03
  -8.4533232e-05   1.3412320e-03  -3.5764161e-03  -8.8200193e-04
   2.7529762e-04  -4.4338124e-03  -1.9197701e-02   2.2781899e-03
  -2.7569337e-04  -4.3851252e-03  -2.9205320e-03  -3.6893933e-03
  -4.9683941e-04   1.5734323e-03   2.5057609e-02  -9.8709087e-03
  -2.9068632e-04   2.6445495e-03   1.3135510e-02  -6.9959598e-03
   1.4410929e-04  -3.1866724e-03  -1.9336373e-02   4.9166817e-04
  -1.7074271e-04  -3.9731571e-03  -1.9834845e-02   3.5167450e-03
  -8.4542555e-04   8.8432192e-04  -1.1627627e-03  -5.4796739e-04
  -5.6055946e-04   3.9291411e-03   4.7701773e-03  -2.6159789e-03
  -2.2321804e-04   3.8246981e-04  -4.3784686e-03  -1.8766048e-04
  -1.7449094e-04  -5.2540035e-03  -1.3493383e-02   7.1685999e-04
  -3.7314756e-04  -3.7784085e-03  -5.5934933e-04  -3.7569508e-03
  -7.5546783e-04   9.7795104e-04   2.0305260e-02  -8.2382680e-03
  -2.9443456e-04   1.4723128e-03   1.0335822e-02  -6.1927757e-03
  -2.9443456e-04  -1.6736258e-03  -1.3302240e-02  -4.1285230e-04
  -4.9309117e-04  -3.0069045e-03  -1.3362206e-02   2.0192194e-03
  -4.9683941e-04   2.1393738e-04   4.2260283e-04  -9.9459784e-04
  -7.1048898e-04   2.1539329e-03   8.0458497e-03  -2.7173153e-03
  -2.1197332e-04  -1.2204608e-03  -2.2871354e-03  -2.5521803e-04
  -2.6070042e-04  -4.0068636e-03  -1.1848051e-02   1.0283753e-03
  -3.1692399e-04  -1.9620035e-03   2.0267079e-03  -3.2615288e-03
  -3.3566518e-04   1.4236257e-03   1.9218366e-02  -7.5551862e-03
  -5.0058765e-04   1.3037804e-03   8.8928772e-03  -5.6673281e-03
  -1.9323213e-04  -2.2091844e-03  -8.4786810e-03  -3.7907353e-04
  -4.3686760e-04  -3.3964017e-03  -8.1376213e-03   6.9434081e-04
  -7.1798545e-04  -3.5532770e-04   3.4246779e-03  -2.2594252e-03
  -5.3807003e-04   1.3150159e-03   6.8052919e-03  -2.5484214e-03
  -2.0447685e-04  -5.6505694e-04  -5.6265223e-03   2.5521676e-04
  -1.8198742e-04  -2.3252845e-03  -1.1068486e-02   1.3624099e-03
  -4.1812641e-04  -1.2204608e-03   1.7830938e-03  -2.6947961e-03
  -4.7060175e-04   8.3937994e-04   1.4578455e-02  -6.4254739e-03
  -1.9698037e-04  -2.1301143e-04   7.6935463e-03  -4.8528844e-03
  -5.0799090e-05  -2.2915780e-03  -7.0169965e-03  -9.8709144e-04
  -3.8064403e-04  -2.1942037e-03  -7.7103597e-03  -2.4020524e-04
  -6.1678303e-04   3.0424300e-05   2.7650460e-03  -2.1956209e-03
  -5.9429360e-04   1.2925449e-03   2.3452801e-03  -2.0342334e-03
  -4.0313346e-04  -1.1680285e-03  -7.7216034e-03   3.1526792e-04
  -3.7314756e-04  -2.9731980e-03  -8.6323453e-03   7.3937918e-04
  -2.4195923e-04  -1.6361741e-03   7.7115837e-04  -2.8674431e-03
  -7.3288518e-05   2.9258585e-04   9.0652810e-03  -5.4609023e-03
  -1.8948390e-04   3.1880200e-04   4.3166803e-03  -3.9371043e-03
  -1.5574975e-04  -1.4002287e-03  -6.9158030e-03  -1.3774239e-03
  -4.6310527e-04  -1.4489159e-03  -5.8888759e-03  -1.3361388e-03
  -7.3672664e-04   1.8023090e-04   3.5745943e-03  -2.8599367e-03
  -6.2427950e-04   1.2030826e-04   2.1241535e-03  -2.0905314e-03
  -3.5440637e-04  -1.4788772e-03  -6.4135832e-03  -7.5070260e-06
  -3.9554376e-05  -2.1118101e-03  -7.2268794e-03   6.3053646e-04
  -3.8814051e-04  -6.9988288e-04  -3.7944969e-04  -1.6664201e-03
  -6.9174779e-04   8.9555741e-04   6.6628713e-03  -4.3724751e-03
  -3.0942751e-04  -5.1969330e-05   4.7401940e-03  -3.6293421e-03
  -2.3446275e-04  -1.8983357e-03  -2.6019597e-03  -2.2331528e-03
  -5.2307708e-04  -1.7560194e-03  -4.6939951e-04  -2.5183958e-03
  -5.3057355e-04  -6.2123441e-04   5.3735906e-03  -2.9800391e-03
  -5.9429360e-04  -2.5420824e-04   8.1613328e-04  -2.0642590e-03
  -5.3057355e-04  -8.5717981e-04  -6.2374315e-03   1.1634848e-04
  -4.6685351e-04  -1.2279511e-03  -4.8169740e-03   2.3645078e-04
  -5.9054536e-04  -3.9652451e-04   1.4345383e-03  -2.0605058e-03
  -3.8814051e-04   5.6640455e-05   6.3180637e-03  -3.8732999e-03
  -3.9938522e-04  -8.7965080e-04   4.3091845e-03  -3.6368485e-03
  -5.3432179e-04  -1.9357873e-03  -6.7928241e-04  -2.6610173e-03
  -4.3686760e-04  -1.5163288e-03   2.0566912e-03  -3.0325838e-03
  -4.5560879e-04  -1.8262845e-05   4.1442765e-03  -3.1414265e-03
  -5.0808413e-04   1.4277925e-04  -1.6687304e-03  -1.5388114e-03
  -3.8439227e-04  -9.4331860e-04  -5.6190265e-03   3.7525650e-06
  -2.6444866e-04  -1.1830092e-03  -3.6663659e-03  -5.8925256e-04
  -4.1062994e-04  -6.0250859e-04   9.3981427e-04  -2.2369060e-03
  -5.1558060e-04  -4.2648583e-04   3.3422239e-03  -3.0175710e-03
  -4.4811232e-04  -1.1155962e-03   1.0147725e-03  -2.7998856e-03
  -3.3566518e-04  -1.3665222e-03  -1.2751999e-03  -2.5033830e-03
  -1.2576385e-04  -4.3772133e-04   1.1759325e-03  -2.9312475e-03
  -1.9323213e-04   1.0158243e-04   2.1166577e-03  -2.7811196e-03
  -3.1692399e-04  -2.2424692e-04  -2.6731700e-03  -1.4637475e-03
  -2.6444866e-04  -8.9088629e-04  -5.4503706e-03  -5.0292903e-04
  -3.7689580e-04  -8.9088629e-04  -3.4527351e-03  -7.5439323e-04
  -6.6176188e-04  -4.6019232e-04   1.6024920e-04  -1.8165480e-03
  -7.1423722e-04  -7.5231519e-04   1.6631607e-03  -2.4470851e-03
  -3.1317575e-04  -9.6204443e-04  -5.7434096e-04  -2.1205569e-03
  -3.6565108e-04  -1.0594187e-03  -6.6054287e-04  -2.2819444e-03
  -5.0808413e-04  -7.4482486e-04   1.9067748e-03  -2.8974687e-03
  -2.6444866e-04  -3.5532770e-04   1.3108573e-03  -2.5183958e-03
  -1.9698037e-04  -5.4258595e-04  -1.7549323e-03  -1.4900198e-03
  -2.1946980e-04  -8.5717981e-04  -3.5576765e-03  -9.3079349e-04
  -4.1812641e-04  -8.7965080e-04  -2.0585129e-03  -1.0809214e-03
  -7.8170550e-04  -4.2274067e-04   1.3895634e-03  -1.7302244e-03
  -6.6176188e-04  -8.4968948e-04   2.0304558e-03  -2.1806081e-03
  -3.8064403e-04  -1.1530478e-03   5.1630056e-04  -2.0192206e-03
  -6.0553831e-04  -9.5455410e-04   1.5432276e-03  -2.4620979e-03
  -6.0179008e-04  -8.6467014e-04   3.5670985e-03  -2.8224048e-03
  -5.4556651e-04  -2.5420824e-04   2.7612980e-03  -2.3720211e-03
  -3.6565108e-04  -5.5756661e-04   5.9055659e-05  -1.7752628e-03
  -1.5200152e-04  -8.9463146e-04  -1.6649825e-03  -9.8709144e-04
  -5.1932884e-04  -6.0999892e-04  -2.0704588e-04  -1.2272961e-03
  -6.3927246e-04  -7.0362804e-04   2.1953638e-03  -2.1993741e-03
  -4.6685351e-04  -7.6355068e-04   9.0233518e-04  -2.0192206e-03
  -5.3057355e-04  -1.1455575e-03  -2.6326452e-04  -1.7977820e-03
  -5.4931474e-04  -1.1680285e-03   2.0267079e-03  -2.5071362e-03
  -3.9938522e-04  -8.3470882e-04   3.0873661e-03  -2.8787027e-03
  -6.2802774e-04  -8.1223783e-04   1.7531105e-03  -2.7285749e-03
  -4.3311937e-04  -8.3845398e-04  -8.7112792e-05  -2.0342334e-03
  -2.5320394e-04  -1.1081059e-03  -1.6687304e-03  -1.4862666e-03
  -5.6805593e-04  -9.4331860e-04  -1.1590148e-03  -1.7001989e-03
  -4.2562289e-04  -7.4482486e-04  -1.3208770e-04  -1.7264713e-03
  -5.9054536e-04  -7.7853134e-04  -1.0728129e-03  -1.7640032e-03
  -6.2427950e-04  -9.3208311e-04  -1.2114855e-03  -2.1017910e-03
  -3.2816870e-04  -1.1605382e-03   2.6144274e-04  -2.4545915e-03
  -3.0567927e-04  -7.6355068e-04   1.0859827e-03  -2.8411708e-03
  -2.7944161e-04  -7.0362804e-04   2.7643438e-04  -2.7473408e-03
  -3.3191694e-04  -1.0257122e-03  -1.6200076e-03  -1.9591695e-03
  -2.9068632e-04  -1.0406929e-03  -2.7181449e-03  -1.4149559e-03
  -3.7689580e-04  -8.4594431e-04  -1.9985464e-03  -1.5313050e-03
  -5.3057355e-04  -5.9876342e-04  -1.2227292e-03  -1.8465736e-03
  -3.0193104e-04  -5.5382144e-04  -1.7924114e-03  -1.8690927e-03
  -3.4316165e-04  -8.3470882e-04  -1.5413015e-03  -1.6851861e-03
  -5.4181827e-04  -1.2579125e-03  -3.0894157e-05  -2.1092973e-03
  -6.0928655e-04  -1.0294574e-03   1.0822348e-03  -2.6722769e-03
  -6.2053127e-04  -8.8714113e-04   1.1009744e-03  -2.3532552e-03
  -4.4061584e-04  -1.0631639e-03  -7.6173641e-04  -1.8503268e-03
  -4.3686760e-04  -9.8826058e-04  -1.7549323e-03  -1.7489904e-03
  -4.2187465e-04  -7.3358936e-04  -4.6190369e-04  -1.5725902e-03
  -5.3807003e-04  -4.0776001e-04  -3.6445806e-04  -1.6063689e-03
  -2.4195923e-04  -6.2497958e-04  -8.4793832e-04  -1.7677564e-03
   1.6285048e-04  -7.6729585e-04  -3.9818924e-04  -1.8728459e-03
  -2.5695218e-04  -8.3845398e-04   4.9381310e-04  -2.1918677e-03
  -3.9188875e-04  -8.6092497e-04   1.9704892e-03  -2.4771107e-03
  -4.1437818e-04  -7.8976684e-04   2.3415322e-03  -2.6197321e-03
  -7.5171960e-04  -1.0706542e-03   9.9228500e-04  -2.2519188e-03
  -5.1558060e-04  -9.6953476e-04   3.5139256e-04  -1.9854418e-03
  -9.5777946e-05  -6.8490222e-04   7.4867091e-04  -1.7827692e-03
  -1.0327442e-04  -5.9501826e-04   1.0777848e-04  -1.5087858e-03
  -4.7050852e-05  -7.7478618e-04  -2.1454170e-04  -1.6664201e-03
  -1.9323213e-04  -8.2721849e-04   6.4372946e-04  -1.6138753e-03
  -4.4061584e-04  -7.5980552e-04   9.3981427e-04  -2.0267270e-03
  -4.7434998e-04  -1.0257122e-03   1.6031942e-03  -2.4470851e-03
