  -1.8198742e-04  -9.3208311e-04  -4.5065997e-04  -2.0117142e-03
  -1.2951209e-04  -8.4219915e-04  -2.1828961e-04  -2.0117142e-03
  -1.1077090e-04  -7.2984420e-04  -2.1828961e-04  -1.9967014e-03
   8.4137478e-05  -9.1710245e-04  -2.4077706e-04  -1.8240544e-03
  -8.4533232e-05  -8.7965080e-04   6.2803568e-05  -1.7715096e-03
  -1.0702266e-04  -7.6729585e-04   6.5849330e-06  -1.7564968e-03
   1.9283638e-04  -6.8490222e-04  -2.5576870e-04  -1.9141311e-03
  -4.3302614e-05  -7.7478618e-04  -7.9616974e-05  -1.9554163e-03
  -1.1077090e-04  -8.7590563e-04  -1.0585234e-04  -1.8428204e-03
  -2.1946980e-04  -6.6992156e-04  -1.3208770e-04  -1.7114585e-03
  -3.1692399e-04  -8.3096365e-04  -4.2137884e-05  -1.8765991e-03
  -2.4945570e-04  -7.2235387e-04  -8.3364883e-05  -2.0492462e-03
  -2.0447685e-04  -7.8976684e-04   5.5307750e-05  -1.8428204e-03
  -2.0813186e-05  -1.0069864e-03  -1.9580215e-04  -2.0192206e-03
   1.3661281e-04  -8.0100233e-04  -3.7944969e-04  -2.0680122e-03
   8.7885716e-05  -8.9463146e-04  -2.3328124e-04  -2.0379866e-03
  -2.0072861e-04  -6.2497958e-04  -1.0585234e-04  -2.0567526e-03
  -2.4195923e-04  -6.1374408e-04   2.6893856e-04  -2.0267270e-03
  -2.8318985e-04  -9.0212179e-04   7.7795204e-05  -2.1430761e-03
  -3.5815461e-04  -6.4745057e-04  -1.3958352e-04  -1.9103779e-03
  -2.0822509e-04  -7.1486354e-04  -1.1334816e-04  -2.0830250e-03
  -7.7036756e-05  -9.0586695e-04  -3.0449151e-04  -2.3044636e-03
   1.6669194e-05  -8.0474750e-04  -2.3702915e-04  -2.0567526e-03
  -8.0784994e-05  -7.7853134e-04  -1.6581888e-04  -1.9516631e-03
   5.4244800e-06  -8.6092497e-04  -8.4067030e-06  -2.1243101e-03
   5.4244800e-06  -5.5756661e-04  -1.2459188e-04  -2.3457488e-03
  -2.2696628e-04  -5.0138913e-04  -2.5202079e-04  -2.1881145e-03
   6.9144526e-05  -8.7216047e-04  -1.1334816e-04  -2.1655953e-03
   5.7899812e-05  -9.3208311e-04  -2.9699570e-04  -2.3119700e-03
  -2.5320394e-04  -9.9949608e-04  -2.2578543e-04  -2.2481656e-03
  -1.8198742e-04  -7.9351200e-04  -3.0823942e-04  -2.3532552e-03
  -2.4570747e-04  -9.1710245e-04  -4.0568506e-04  -2.4020467e-03
  -1.1077090e-04  -1.0332026e-03  -1.5082725e-04  -2.1243101e-03
  -2.0719960e-06  -7.3733453e-04  -9.0860701e-05  -2.2744380e-03
   5.4151574e-05  -8.4968948e-04  -6.0877429e-05  -2.2519188e-03
   4.2906860e-05  -7.9725717e-04  -1.4707934e-04  -2.1017910e-03
  -3.0193104e-04  -7.5231519e-04  -1.0210443e-04  -2.3382424e-03
  -1.5574975e-04  -8.1598299e-04  -1.2084397e-04  -2.2969572e-03
  -2.4561424e-05  -8.4219915e-04  -1.8081052e-04  -2.3532552e-03
  -2.0072861e-04  -8.0100233e-04  -9.8356519e-05  -2.3119700e-03
  -3.5440637e-04  -6.8864738e-04  -2.5202079e-04  -2.2744380e-03
  -1.1451914e-04  -7.4857002e-04  -2.2953333e-04  -2.1130505e-03
   5.4244800e-06  -7.1486354e-04  -4.9633702e-05  -2.0680122e-03
  -2.4945570e-04  -5.6505694e-04   1.4150966e-04  -2.2143869e-03
   8.7885716e-05  -5.0138913e-04   1.2277011e-04  -2.0717654e-03
   2.0408109e-04  -6.6992156e-04  -4.9633702e-05  -2.0492462e-03
   2.0408109e-04  -8.1598299e-04   7.0299386e-05  -1.8878587e-03
   8.0389240e-05  -5.7254727e-04  -2.5951661e-04  -2.1318165e-03
  -1.0702266e-04  -5.3509562e-04  -2.0329797e-04  -2.1280633e-03
   1.4036105e-04  -6.4370540e-04   3.2890511e-04  -1.9816886e-03
  -1.0702266e-04  -6.3996024e-04  -7.2121156e-05  -2.0454930e-03
  -3.6939932e-04  -8.1598299e-04  -2.3398339e-05  -1.9103779e-03
  -1.1451914e-04  -7.4857002e-04   2.0522411e-04  -2.0192206e-03
   8.4137478e-05  -7.4857002e-04  -2.5576870e-04  -1.6889393e-03
  -8.8281470e-05  -7.6355068e-04  -3.8694551e-04  -1.7640032e-03
   5.4244800e-06  -7.8602167e-04  -1.9580215e-04  -2.1092973e-03
   2.9778704e-04  -8.0100233e-04  -3.0449151e-04  -1.9779355e-03
   1.5160576e-04  -8.3470882e-04  -3.4571851e-04  -1.9816886e-03
  -1.1826737e-04  -1.0182219e-03  -4.9633702e-05  -1.9103779e-03
  -2.9068632e-04  -6.1374408e-04  -9.0860701e-05  -2.0717654e-03
  -3.6565108e-04  -6.2123441e-04  -7.5869065e-05  -2.0192206e-03
  -3.6939932e-04  -9.1710245e-04  -9.1088500e-07  -1.7302244e-03
  -8.0784994e-05  -8.7590563e-04  -4.5885793e-05  -2.0567526e-03
   8.4137478e-05  -9.2084761e-04  -2.7825615e-04  -2.1693485e-03
  -1.7064948e-05  -8.1223783e-04  -2.4452497e-04  -2.0792718e-03
  -2.0813186e-05  -7.5231519e-04   5.5307750e-05  -2.1993741e-03
  -6.9540280e-05  -7.6355068e-04  -2.0704588e-04  -2.0304802e-03
  -7.3288518e-05  -8.2721849e-04  -1.9580215e-04  -2.0605058e-03
  -9.5777946e-05  -8.0100233e-04  -8.7112792e-05  -2.1318165e-03
  -1.6324623e-04  -8.6841530e-04  -3.1573524e-04  -2.0567526e-03
  -2.1197332e-04  -9.2833794e-04  -4.9563487e-04  -2.1918677e-03
   5.4244800e-06  -8.5717981e-04  -1.2084397e-04  -2.2143869e-03
  -1.8573566e-04  -8.8339596e-04  -2.2203752e-04  -2.1693485e-03
  -4.7809822e-04  -8.4219915e-04  -6.5679496e-04  -2.0567526e-03
  -6.2043804e-05  -7.9725717e-04  -1.0960025e-04  -2.0304802e-03
  -1.8948390e-04  -7.8227651e-04  -2.1828961e-04  -2.2106337e-03
  -4.6310527e-04  -9.3208311e-04  -3.6820597e-04  -2.1655953e-03
  -3.2816870e-04  -9.0961212e-04  -2.7076033e-04  -2.0417398e-03
  -3.0193104e-04  -9.5829926e-04  -4.2817251e-04  -2.2143869e-03
  -2.3446275e-04  -9.7327992e-04  -2.6326452e-04  -2.0642590e-03
  -3.4316165e-04  -1.0144767e-03  -3.9444133e-04  -1.8953651e-03
  -3.2067223e-04  -1.3253254e-03  -1.7706261e-04  -2.1618421e-03
  -2.1197332e-04  -8.8714113e-04  -8.3364883e-05  -2.0154674e-03
  -2.4945570e-04  -8.2721849e-04  -2.8949988e-04  -2.0717654e-03
  -1.6324623e-04  -9.8826058e-04  -1.9205424e-04  -2.1693485e-03
  -6.9540280e-05  -7.4857002e-04  -3.6820597e-04  -1.8090416e-03
  -7.3288518e-05  -8.2721849e-04  -1.8081052e-04  -1.9479099e-03
  -2.4195923e-04  -7.8976684e-04   2.1576569e-05  -1.8690927e-03
  -1.1077090e-04  -9.5829926e-04  -3.7195388e-04  -1.7339776e-03
  -1.8198742e-04  -8.0474750e-04  -2.7825615e-04  -1.9967014e-03
  -3.2816870e-04  -6.0999892e-04  -2.5951661e-04  -1.8765991e-03
   5.0403336e-05  -9.0961212e-04  -4.0943297e-04  -1.9629227e-03
  -6.9540280e-05  -8.3096365e-04  -5.7129520e-05  -1.8953651e-03
  -2.0719960e-06  -7.3358936e-04  -1.2459188e-04  -1.7039521e-03
  -8.0784994e-05  -6.7366672e-04  -6.8373247e-05  -2.0117142e-03
  -6.3177598e-04  -7.6355068e-04   1.3776175e-04  -2.0417398e-03
  -3.3566518e-04  -8.9837662e-04  -1.1334816e-04  -2.0042078e-03
  -8.0784994e-05  -7.4107969e-04  -1.1709606e-04  -1.9629227e-03
  -2.0813186e-05  -7.8602167e-04  -6.8373247e-05  -1.8878587e-03
   1.6659871e-04  -8.6092497e-04  -1.5832306e-04  -2.0379866e-03
   1.8159167e-04  -7.9351200e-04  -2.7450824e-04  -1.9404035e-03
   3.5410384e-05  -7.1486354e-04  -3.8319760e-04  -2.0942846e-03
  -2.2321804e-04  -9.0586695e-04  -1.1334816e-04  -2.0830250e-03
  -3.3191694e-04  -9.8451542e-04   1.5650129e-04  -1.9479099e-03
  -2.6444866e-04  -7.9725717e-04  -1.3958352e-04  -2.2819444e-03
  -6.9540280e-05  -9.2459278e-04  -2.9699570e-04  -2.0229738e-03
  -5.0799090e-05  -9.5829926e-04   3.2820296e-05  -2.1092973e-03
  -3.5806138e-05  -7.4482486e-04  -8.3364883e-05  -2.3007104e-03
  -1.0702266e-04  -5.5756661e-04  -3.0823942e-04  -1.9028715e-03
  -6.5792042e-05  -6.4370540e-04  -4.2137884e-05  -2.1881145e-03
  -2.0813186e-05  -8.9463146e-04  -1.3958352e-04  -2.4733575e-03
  -2.6819689e-04  -7.8976684e-04  -1.3208770e-04  -2.3082168e-03
  -2.2321804e-04  -7.4857002e-04   8.9038931e-05  -2.3645147e-03
  -2.1197332e-04  -9.6204443e-04  -1.9955006e-04  -2.3532552e-03
  -1.2951209e-04  -9.5080893e-04  -9.4608610e-05  -2.2331528e-03
  -2.0719960e-06  -8.2721849e-04  -6.8373247e-05  -2.3157232e-03
  -1.5574975e-04  -8.1223783e-04  -2.6701242e-04  -2.2969572e-03
  -5.0799090e-05  -8.3096365e-04  -1.3208770e-04  -2.3119700e-03
   5.0403336e-05  -8.3845398e-04  -3.3447479e-04  -2.2444124e-03
  -1.0702266e-04  -8.2721849e-04  -1.8081052e-04  -2.2706848e-03
  -1.3316710e-05  -6.1374408e-04  -8.7112792e-05  -2.3757743e-03
  -4.3302614e-05  -6.6992156e-04  -3.0449151e-04  -2.2744380e-03
  -8.8281470e-05  -9.3208311e-04  -6.8373247e-05  -2.2932040e-03
  -5.8202340e-06  -7.4107969e-04  -9.8356519e-05  -2.3269828e-03
  -9.5777946e-05  -7.2984420e-04  -4.5885793e-05  -2.2856976e-03
  -1.1826737e-04  -8.1598299e-04   2.5324478e-05  -2.1881145e-03
  -4.3302614e-05  -6.3246991e-04  -7.5869065e-05  -2.1618421e-03
   1.7784343e-04  -6.6617639e-04  -4.6587940e-06  -1.8728459e-03
   1.2920956e-05  -9.2833794e-04  -3.8389975e-05  -1.9666759e-03
   5.4244800e-06  -6.9613771e-04   1.7828660e-05  -2.0942846e-03
   2.0782933e-04  -4.3772133e-04   1.0028266e-04  -1.8690927e-03
   1.4036105e-04  -7.4857002e-04   1.3401384e-04  -2.0117142e-03
   5.0403336e-05  -8.5717981e-04   6.6551477e-05  -1.9404035e-03
  -1.1451914e-04  -9.5829926e-04   1.1902220e-04  -2.1130505e-03
   3.9158622e-05  -7.3733453e-04   5.1559841e-05  -2.0942846e-03
   1.3661281e-04  -6.1374408e-04  -2.5951661e-04  -1.8953651e-03
   2.2282228e-04  -8.7965080e-04  -2.2203752e-04  -2.1280633e-03
   6.9144526e-05  -6.6243123e-04  -2.5951661e-04  -2.0492462e-03
  -7.7036756e-05  -6.7366672e-04  -2.2203752e-04  -2.0605058e-03
  -1.7074271e-04  -8.0100233e-04   1.2651802e-04  -2.0417398e-03
  -5.0433589e-04  -8.8714113e-04  -4.6587940e-06  -2.0042078e-03
  -3.2442046e-04  -8.4594431e-04  -1.6207097e-04  -2.0980378e-03
  -2.5695218e-04  -8.6092497e-04   7.7795204e-05  -2.0267270e-03
  -4.3302614e-05  -9.2459278e-04  -2.2203752e-04  -2.0304802e-03
   1.1037514e-04  -7.5980552e-04  -4.5815578e-04  -1.8165480e-03
  -5.4547328e-05  -1.0069864e-03  -2.8949988e-04  -1.8728459e-03
   5.7899812e-05  -9.1710245e-04  -2.4452497e-04  -2.1693485e-03
  -9.2029708e-05  -9.4706377e-04  -6.8373247e-05  -1.8841055e-03
  -8.0784994e-05  -1.0332026e-03  -8.7112792e-05  -1.8578331e-03
  -6.9540280e-05  -7.7104101e-04  -2.4827288e-04  -2.1918677e-03
  -3.5806138e-05  -1.0032412e-03  -2.7825615e-04  -2.2293996e-03
  -1.7064948e-05  -9.0586695e-04  -3.8694551e-04  -2.0417398e-03
  -3.2816870e-04  -9.2833794e-04  -3.0823942e-04  -1.8765991e-03
  -2.3446275e-04  -1.0968704e-03  -2.1454170e-04  -1.9891950e-03
  -2.5320394e-04  -9.9200575e-04  -2.4452497e-04  -2.2106337e-03
  -2.7194513e-04  -9.6953476e-04  -1.1709606e-04  -2.0529994e-03
  -1.2951209e-04  -8.7965080e-04  -3.0449151e-04  -1.9103779e-03
  -2.7194513e-04  -8.7216047e-04  -3.3447479e-04  -2.2143869e-03
  -2.4945570e-04  -7.9351200e-04  -1.0210443e-04  -2.1843613e-03
  -1.5574975e-04  -1.0481832e-03  -2.2203752e-04  -2.0492462e-03
  -1.9323213e-04  -1.1530478e-03  -2.2953333e-04  -2.1580889e-03
  -2.7194513e-04  -9.4706377e-04  -3.3822270e-04  -2.1543357e-03
  -2.7944161e-04  -1.0144767e-03  -3.3822270e-04  -2.1918677e-03
  -1.8573566e-04  -8.5343464e-04  -2.3328124e-04  -2.1580889e-03
  -5.1558060e-04  -8.3096365e-04  -2.2203752e-04  -2.0605058e-03
  -4.5935703e-04  -9.8826058e-04   2.8370240e-06  -2.0154674e-03
  -9.2029708e-05  -9.2459278e-04  -2.4827288e-04  -1.9404035e-03
  -1.0327442e-04  -8.3845398e-04  -3.6445806e-04  -1.7489904e-03
   2.1157757e-04  -9.8077025e-04  -2.2203752e-04  -1.7152117e-03
  -2.6070042e-04  -1.0444381e-03  -2.2953333e-04  -1.7452372e-03
  -5.2307708e-04  -9.3582827e-04   3.1016556e-04  -1.8765991e-03
   1.9283638e-04  -9.1710245e-04   7.3742719e-04  -2.0079610e-03
  -2.0447685e-04  -8.7216047e-04   2.9892183e-04  -1.9666759e-03
  -3.4316165e-04  -9.0586695e-04   2.0897202e-04  -2.1017910e-03
   3.3526942e-04  -8.3096365e-04  -2.1079379e-04  -1.9253907e-03
   1.2161986e-04  -7.7478618e-04  -9.1088500e-07  -2.3532552e-03
  -9.2029708e-05  -8.8714113e-04  -1.2084397e-04  -1.8428204e-03
  -3.5065813e-04  -7.4857002e-04  -6.4180332e-04  -2.0605058e-03
  -4.3686760e-04  -7.4482486e-04   9.0233518e-04  -2.3495020e-03
  -2.6070042e-04  -8.5717981e-04  -1.0540733e-03  -1.0021042e-03
  -5.3807003e-04  -8.8714113e-04   1.3445884e-03  -3.1226605e-03
  -1.0327442e-04  -8.0849266e-04  -1.5487973e-03  -1.4149559e-03
  -3.3941342e-04  -8.8339596e-04   1.3108573e-03  -2.7210685e-03
   4.4022009e-04  -1.2391866e-03  -1.0465775e-03  -1.7077053e-03
  -2.6070042e-04  -6.6992156e-04  -6.6429078e-04  -1.5313050e-03
  -1.9698037e-04  -7.3733453e-04   1.9405060e-03  -3.4003971e-03
   1.9658462e-04  -8.5717981e-04  -4.2210564e-03   4.2035743e-04
  -9.8411035e-04  -6.2872474e-04   6.5429382e-03  -6.0013626e-03
   8.8251217e-04  -1.1118510e-03  -8.9546655e-03   2.6460033e-03
  -1.5351013e-03  -8.6467014e-04   7.9521520e-03  -6.9659343e-03
   1.6096703e-03  -9.5455410e-04  -2.8155905e-03   1.0884265e-03
  -1.5276049e-03  -5.5756661e-04  -2.6731700e-03  -2.6497577e-03
   1.8420611e-03  -1.2616576e-03   7.7607041e-02  -8.0491063e-02
   1.0882811e-02   7.5366280e-05   2.3496675e-01  -9.2272349e-02
  -1.9867733e-02   2.5321945e-03   2.7229592e-01  -1.0631681e-01
  -3.0868812e-02  -4.6393748e-04   2.0163285e-01  -1.2143469e-01
   3.4912858e-03  -5.7820718e-03   1.8347797e-01  -8.7134222e-02
   4.0051599e-02  -6.2240012e-03   8.9825224e-02  -8.5235105e-02
   5.7777110e-03   4.2774414e-03   3.5919049e-02  -5.1475097e-02
  -7.0195325e-02   6.5133049e-03  -7.5198957e-02  -4.6066741e-02
  -2.4702960e-02  -5.6697168e-03   1.1302783e-02  -5.6219138e-02
   4.5018015e-02  -1.3572015e-02  -4.9046048e-02  -4.6933729e-02
   6.6847846e-03  -7.6022220e-03  -3.3882008e-02  -7.5807074e-02
  -4.4467419e-02   2.5434300e-03   1.3257013e-01  -5.8114503e-02
  -9.5787269e-04   4.1992146e-04  -2.9927964e-02  -4.6490852e-02
   5.4572273e-02  -2.7185268e-03   6.8323470e-02  -4.1983262e-02
   3.8248790e-03  -1.4414255e-03   1.4391060e-02  -2.0972865e-02
  -3.3481334e-02   1.4798032e-03   5.5722298e-03  -3.8203793e-02
  -1.8762003e-02   2.3640837e-04   5.9699532e-02  -2.7158134e-02
   1.3589039e-02  -4.8270547e-03  -4.8794938e-02  -2.2522936e-02
   2.4117840e-02  -2.8908044e-03  -9.7397822e-02  -1.2892232e-02
  -1.1644099e-02   2.9404175e-03  -1.0358187e-01   5.1268665e-03
  -8.3493980e-03   4.9515711e-03  -3.6932806e-02  -7.9830507e-03
   6.7522529e-03  -7.5231519e-04  -8.1776537e-02  -3.8057424e-03
   7.7867666e-03  -3.9282151e-03  -7.6132186e-02  -1.0471426e-03
  -4.0426726e-03  -2.4863266e-03  -5.9157907e-02  -1.0884335e-04
  -6.1829165e-03   6.9706367e-04  -3.6119510e-02  -6.2190481e-03
   4.4958136e-03   1.8992616e-03  -3.7502488e-02  -8.0543614e-03
   5.6016370e-04  -3.6656319e-04  -7.0881366e-02   1.9891938e-03
   9.2710688e-03  -2.4297275e-04  -3.7903515e-02  -2.7210685e-03
   6.1750242e-03  -5.1262463e-04  -3.4908935e-02  -1.0602782e-02
  -5.8455750e-03  -3.5532770e-04  -2.1517656e-02  -1.0974349e-02
  -1.0047350e-02  -1.4938579e-03  -2.7259453e-02  -2.0004546e-03
   2.5954569e-03  -2.5425041e-03  -4.2419745e-02  -1.8615863e-03
   9.5784243e-03  -1.9054044e-04  -1.3482140e-02  -4.0572066e-03
  -1.2318782e-02   9.9667687e-04  -4.2599645e-02  -1.9216375e-03
  -1.1179318e-02  -1.4185329e-04  -3.7116454e-02  -2.4808638e-03
   4.4883171e-03  -2.1604972e-03  -4.5609216e-02  -2.7510940e-03
   5.5453202e-03  -2.5125427e-03  -4.1670163e-02  -3.9708831e-03
  -3.6416111e-03  -7.5606035e-04  -2.2791946e-02  -2.6797833e-03
  -1.1846504e-02  -5.3884078e-04  -3.6932806e-02  -1.2085301e-03
  -4.1213856e-03  -1.9732390e-03  -1.3658291e-02  -2.3044636e-03
   6.2162548e-03  -1.9582583e-03  -1.3620812e-02  -3.9371043e-03
   4.2071993e-03  -1.3103448e-03  -1.0183980e-02  -3.8845595e-03
  -6.4228037e-03   7.5366280e-05  -2.3211711e-02  -1.1597385e-03
  -3.1168578e-03  -1.5308879e-04  -1.7657310e-02  -1.4224623e-03
   8.3265128e-03  -2.3028135e-03  -6.4772976e-03  -4.5376158e-03
  -1.5238566e-03  -1.2728931e-03  -1.5550985e-02  -2.5634342e-03
  -1.3282079e-02  -5.8378276e-04  -2.3815125e-02   3.0025513e-04
  -3.5666463e-03  -1.1455575e-03  -1.1896774e-02  -2.2331528e-03
   7.6818159e-03  -1.2204608e-03  -1.8936049e-03  -4.8941695e-03
  -6.8425131e-04  -1.4863675e-03  -9.6967515e-03  -1.6776797e-03
  -6.8575993e-03   6.0385620e-05  -9.1008339e-03  -4.0534591e-04
   2.7079041e-03  -3.0664055e-04   3.0536350e-03  -3.4642015e-03
   4.9493504e-03  -1.4077191e-03   8.1770266e-03  -3.1789585e-03
  -2.5583703e-03  -9.3957344e-04   1.2209074e-03  -6.7182289e-04
  -2.6558245e-03  -1.5387998e-03   6.0032393e-03  -5.8174617e-04
   4.7057149e-03  -9.0961212e-04   1.7130781e-02  -2.9837922e-03
   5.1592517e-03  -7.8227651e-04   1.2179793e-02  -2.1280633e-03
   1.1412338e-04  -1.0444381e-03   5.7596252e-03   7.8816505e-05
  -1.5574975e-04  -2.1301143e-04   8.8778855e-03  -3.8282673e-04
   3.4200693e-03  -5.6131177e-04   1.3446587e-02  -2.5108894e-03
   4.6645775e-04  -6.5494090e-04   9.3763574e-03  -2.2856976e-03
  -5.8793092e-03  -8.2347332e-04   2.8370240e-06   8.0693672e-04
  -2.5320394e-04  -1.0631639e-03   7.7685045e-03  -1.1034405e-03
   7.5506276e-03  -5.6131177e-04   1.5571651e-02  -3.7156657e-03
   8.6002274e-04  -8.1930650e-05   7.7272775e-03  -1.3586579e-03
  -5.5719537e-03   1.9188805e-05  -1.7212011e-03   1.0621541e-03
   4.8894718e-04  -6.0250859e-04   1.0879269e-02  -8.1444438e-04
   5.7777110e-03  -9.4706377e-04   1.7820396e-02  -3.5392654e-03
  -2.0072861e-04  -1.0481832e-03   8.5743049e-03  -1.3624111e-03
  -4.5561812e-03  -5.9127309e-04   5.5307750e-05   1.9891881e-04
   3.6299706e-03  -3.8154385e-04   7.3637303e-03  -2.0454930e-03
   5.5003414e-03  -5.9127309e-04   9.2002057e-03  -3.4079035e-03
  -2.7682716e-03  -1.7555978e-04  -8.9291323e-04  -1.5763434e-03
  -3.8964913e-03  -8.0849266e-04  -5.4915976e-03  -7.5064003e-04
   2.4567721e-03  -1.3477964e-03  -2.8949988e-04  -2.9500135e-03
   1.4297549e-03  -1.1567930e-03  -2.6769179e-03  -2.9575199e-03
  -5.5307230e-03  -1.0032412e-03  -1.1709379e-02  -1.0734150e-03
  -2.7532787e-03  -5.6880210e-04  -1.2320288e-02  -1.4825134e-03
   3.0077631e-03  -8.6467014e-04  -8.2275711e-03  -2.8336644e-03
  -3.5815461e-04  -1.2204608e-03  -9.9778446e-03  -2.4395787e-03
  -4.7136072e-03  -1.0856349e-03  -1.3114844e-02  -1.6739265e-03
  -2.1797983e-03  -1.2242060e-03  -8.1938400e-03  -2.4020467e-03
   5.8265313e-04  -1.3103448e-03  -5.7689428e-03  -3.1489329e-03
  -1.3316710e-05  -1.0856349e-03  -5.5590599e-03  -2.6497577e-03
  -1.5800802e-03  -1.0519284e-03  -6.8445927e-03  -1.9591695e-03
   4.1398242e-04  -9.6204443e-04  -4.8094781e-03  -2.5484214e-03
   1.2685807e-03  -9.5455410e-04  -5.6714972e-03  -2.7435876e-03
  -2.3222313e-03  -1.0144767e-03  -8.7897575e-03  -1.4487347e-03
  -1.4976190e-03  -8.3470882e-04  -7.0244924e-03  -1.6476541e-03
   3.1662146e-05  -1.0594187e-03  -1.5900243e-03  -2.9012219e-03
  -8.8290793e-04  -7.7478618e-04  -2.6994054e-03  -2.9875454e-03
  -1.8274639e-03  -3.4783737e-04  -4.9631424e-03  -2.0379866e-03
   1.6762420e-06  -5.2760529e-04  -3.7188366e-03  -2.0042078e-03
   2.5729675e-03  -5.4258595e-04   3.8887165e-04  -3.0626094e-03
  -1.5949799e-04  -7.7104101e-04   4.0011538e-04  -3.0701158e-03
  -2.5921045e-03  -7.4107969e-04  -9.0040905e-04  -2.0417398e-03
  -7.0299250e-04  -6.9988288e-04   7.1119182e-04  -1.8203012e-03
   1.6696422e-03  -1.0294574e-03   3.9456373e-03  -1.9554163e-03
   1.1037514e-04  -8.2721849e-04   4.4141259e-03  -1.5463178e-03
  -1.2652282e-03  -7.5980552e-04   4.5640423e-03  -1.8916119e-03
   2.0557107e-03  -7.0362804e-04   6.1044329e-03  -2.3682679e-03
   2.1719060e-03  -4.6019232e-04   4.5565465e-03  -2.0454930e-03
  -1.0028515e-03  -5.6131177e-04   2.0416995e-03  -1.4149559e-03
  -6.2053127e-04  -7.1486354e-04   3.7957209e-03  -1.7715096e-03
  -5.3432179e-04  -9.0586695e-04   6.1044329e-03  -2.1580889e-03
  -9.1289383e-04  -7.0737321e-04   4.8526313e-03  -1.5388114e-03
   1.1448888e-03  -6.4370540e-04   6.0107352e-03  -1.9178843e-03
   2.3143391e-03  -7.1111837e-04   5.0999933e-03  -1.9404035e-03
   5.8265313e-04  -2.8042440e-04   2.9561893e-03  -1.2535684e-03
  -1.0403339e-03  -3.4409220e-04   2.7425585e-03  -1.4675007e-03
  -8.0784994e-05  -7.4482486e-04   5.3098762e-03  -1.9779355e-03
   3.2777295e-04  -8.7216047e-04   5.1374724e-03  -2.1280633e-03
  -5.9429360e-04  -8.6092497e-04   3.6345608e-03  -1.6551605e-03
  -5.1932884e-04  -5.2760529e-04   2.8549958e-03  -1.5725902e-03
   1.2348465e-03  -3.7779869e-04   3.7020232e-03  -1.9253907e-03
   1.6733904e-03  -8.5343464e-04   3.2072992e-03  -1.8953651e-03
   2.0033286e-04  -9.4706377e-04   2.0229600e-03  -1.4900198e-03
  -3.8439227e-04  -6.5494090e-04   8.3112491e-04  -1.6363945e-03
  -2.0072861e-04  -8.1972816e-04   1.1197139e-03  -1.8615863e-03
  -1.8573566e-04  -1.1792640e-03   4.2260283e-04  -1.7602500e-03
  -9.4287973e-04  -1.1493027e-03  -1.5862764e-03  -1.6213817e-03
  -5.6055946e-04  -8.5717981e-04  -2.2758916e-03  -1.6401477e-03
   2.9029057e-04  -9.1335728e-04  -2.1184795e-03  -2.1693485e-03
  -2.4195923e-04  -9.7702509e-04  -2.9392715e-03  -2.0792718e-03
  -8.6416674e-04  -8.4594431e-04  -3.9886861e-03  -1.9967014e-03
  -7.1423722e-04  -7.3358936e-04  -4.1723336e-03  -2.1806081e-03
  -7.4047488e-04  -1.0781445e-03  -4.1236108e-03  -2.0567526e-03
  -1.4676331e-03  -1.3178351e-03  -3.5614244e-03  -2.2444124e-03
  -1.3139553e-03  -1.0519284e-03  -3.9362153e-03  -2.3119700e-03
  -4.3311937e-04  -1.1642833e-03  -3.1341628e-03  -2.2031273e-03
   6.1648050e-05  -8.8714113e-04  -2.0959920e-03  -2.3382424e-03
  -1.4825328e-04  -7.2235387e-04  -2.1259753e-03  -2.1881145e-03
  -2.4945570e-04  -8.9463146e-04  -2.1259753e-03  -2.0079610e-03
  -4.1062994e-04  -8.0849266e-04  -1.0765608e-03  -2.2444124e-03
  -5.6055946e-04  -1.1118510e-03  -1.2489646e-03  -2.3645147e-03
  -5.0058765e-04  -9.4331860e-04  -9.1540068e-04  -2.2106337e-03
  -4.5560879e-04  -8.4968948e-04  -1.4813349e-03  -1.8878587e-03
   1.4410929e-04  -1.0743994e-03  -1.1102919e-03  -1.9629227e-03
   1.2911633e-04  -8.3845398e-04  -4.6939951e-04  -2.1918677e-03
  -1.3326033e-04  -9.8826058e-04  -3.7570179e-04  -2.0304802e-03
  -3.7314756e-04  -1.0669090e-03  -6.0807214e-04  -2.0830250e-03
  -7.2173369e-04  -7.5980552e-04  -4.8439115e-04  -2.0004546e-03
  -4.2937113e-04  -8.6467014e-04   2.4270320e-04  -1.7001989e-03
  -1.4825328e-04  -8.6467014e-04   5.0880474e-04  -1.9028715e-03
  -4.5186056e-04  -6.0999892e-04   2.1646784e-04  -1.9178843e-03
  -4.2187465e-04  -7.7104101e-04   6.9620019e-04  -1.7527436e-03
   1.7409519e-04  -8.1598299e-04   1.1534451e-03  -2.1355697e-03
   1.2536810e-04  -1.0332026e-03   1.3258489e-03  -1.9666759e-03
   1.0662691e-04  -9.1710245e-04   1.1047223e-03  -1.7564968e-03
   4.2522714e-04  -4.6768265e-04   8.7235191e-04  -1.9554163e-03
   4.4771656e-04  -7.2984420e-04   1.5619672e-03  -1.8390672e-03
   1.4785752e-04  -5.8003760e-04   1.7493626e-03  -1.8653395e-03
  -3.2067223e-04  -5.4633111e-04   1.5769588e-03  -1.8841055e-03
  -2.0822509e-04  -6.5868606e-04   1.3258489e-03  -2.0717654e-03
   3.1662146e-05  -6.7366672e-04   1.3933113e-03  -1.9366503e-03
   1.0662691e-04  -9.0961212e-04   8.0114164e-04  -1.7977820e-03
   2.2657052e-04  -6.0250859e-04   1.0372599e-03  -2.1505825e-03
   2.2657052e-04  -6.6243123e-04   1.0110245e-03  -1.9291439e-03
   5.7140842e-04  -9.5080893e-04   6.6996483e-04  -1.8803523e-03
   4.2147890e-04  -8.1223783e-04   5.6502337e-04  -2.0830250e-03
  -2.0719960e-06  -8.2347332e-04   8.6110818e-04  -1.8653395e-03
   1.5910224e-04  -7.4482486e-04   7.4867091e-04  -2.0042078e-03
  -4.7050852e-05  -7.8227651e-04   5.2379637e-04  -1.9891950e-03
   9.1727180e-06  -1.0182219e-03   1.6399711e-04  -1.6176285e-03
  -1.7064948e-05  -1.1193414e-03   4.9756101e-04  -2.0267270e-03
  -4.0313346e-04  -9.7327992e-04   5.8376292e-04  -2.3007104e-03
  -8.0784994e-05  -7.2609903e-04   2.5019902e-04  -2.1017910e-03
  -8.4533232e-05  -8.7965080e-04   1.6774502e-04  -2.1168037e-03
  -9.5777946e-05  -8.1972816e-04   2.0147620e-04  -2.0342334e-03
   9.1727180e-06  -7.4857002e-04   1.3776175e-04  -2.2819444e-03
  -1.7449094e-04  -9.1710245e-04   5.9055659e-05  -2.5259022e-03
   4.2906860e-05  -6.5868606e-04  -3.1948315e-04  -2.3607615e-03
  -4.3302614e-05  -7.1111837e-04  -8.7112792e-05  -2.1205569e-03
  -2.3821099e-04  -8.3470882e-04   2.3145947e-04  -2.0755186e-03
  -6.9540280e-05  -7.1111837e-04  -4.3941624e-04  -2.1731017e-03
  -3.9554376e-05  -9.1710245e-04  -1.9580215e-04  -2.2256465e-03
   8.7885716e-05  -9.1710245e-04  -2.7146248e-05  -2.3419956e-03
   9.1633954e-05  -7.4482486e-04  -3.0894157e-05  -2.3232296e-03
   2.4165670e-05  -8.4594431e-04  -6.0877429e-05  -2.1993741e-03
   6.9144526e-05  -6.9613771e-04   1.0332842e-05  -2.0079610e-03
   6.5396288e-05  -5.2386012e-04  -6.0877429e-05  -1.9929482e-03
   2.7904585e-04  -8.7965080e-04  -1.9580215e-04  -2.0229738e-03
   1.4410929e-04  -8.6092497e-04  -2.2578543e-04  -2.0755186e-03
  -7.7036756e-05  -7.1111837e-04  -1.2459188e-04  -2.1956209e-03
   6.5396288e-05  -6.5494090e-04  -3.4642066e-05  -2.0755186e-03
   1.6659871e-04  -5.2386012e-04  -8.4067030e-06  -2.0717654e-03
   3.0528352e-04  -7.7853134e-04  -4.9938278e-04  -2.0079610e-03
   3.9524123e-04  -6.0250859e-04  -4.1318088e-04  -1.8653395e-03
   3.7650004e-04  -6.8490222e-04  -3.1198733e-04  -1.9666759e-03
   2.9403881e-04  -8.0474750e-04  -2.2578543e-04  -2.2106337e-03
   1.6669194e-05  -5.9127309e-04  -2.3702915e-04  -2.2031273e-03
  -1.9698037e-04  -8.6092497e-04  -2.5202079e-04  -1.7827692e-03
  -7.3288518e-05  -6.9239255e-04  -2.0704588e-04  -1.8315608e-03
  -5.8295566e-05  -7.4857002e-04  -1.3208770e-04  -2.1355697e-03
   3.1662146e-05  -8.1223783e-04  -3.0449151e-04  -2.1168037e-03
   2.3031876e-04  -8.2721849e-04  -6.6054287e-04  -1.9854418e-03
   2.0408109e-04  -9.5829926e-04  -6.1931587e-04  -1.7677564e-03
   8.4137478e-05  -6.5119573e-04  -4.4691206e-04  -1.8991183e-03
  -7.3288518e-05  -8.7590563e-04  -3.9818924e-04  -2.0079610e-03
  -2.4561424e-05  -8.3096365e-04  -5.6309724e-04  -1.7940288e-03
   2.0417432e-05  -6.7366672e-04  -2.3702915e-04  -1.7865224e-03
  -2.6819689e-04  -6.3996024e-04   6.2803568e-05  -1.8540799e-03
  -4.8559470e-04  -6.8490222e-04   1.2651802e-04  -1.9366503e-03
  -2.6819689e-04  -1.1418123e-03  -1.3583561e-04  -1.9741823e-03
   1.6669194e-05  -8.9463146e-04  -5.7129520e-05  -1.8615863e-03
   1.2920956e-05  -1.0144767e-03   1.5650129e-04  -2.0117142e-03
  -4.0688170e-04  -1.2092253e-03   9.2786840e-05  -2.0567526e-03
  -4.8184646e-04  -8.4219915e-04   4.0386329e-04  -1.9441567e-03
  -9.2029708e-05  -9.8826058e-04   8.9109146e-04  -2.0980378e-03
  -1.8573566e-04  -9.0961212e-04   7.5991464e-04  -1.7977820e-03
  -2.8693808e-04  -8.5717981e-04   9.0983100e-04  -1.7602500e-03
  -9.2029708e-05  -9.0961212e-04   9.6230173e-04  -1.9929482e-03
  -5.8202340e-06  -8.0474750e-04   1.1047223e-03  -1.8465736e-03
  -1.3700856e-04  -1.0032412e-03   1.1159660e-03  -2.0267270e-03
  -1.8198742e-04  -9.6578959e-04   9.9603291e-04  -2.0304802e-03
  -3.2057900e-05  -9.3208311e-04   1.1646888e-03  -1.9854418e-03
  -7.3288518e-05  -9.1335728e-04   1.0522515e-03  -1.9479099e-03
  -3.0567927e-04  -6.7366672e-04   7.2618346e-04  -1.8765991e-03
  -3.1317575e-04  -8.1598299e-04   9.0608309e-04  -2.0680122e-03
