  -2.0447685e-04  -5.2760529e-04  -1.2084397e-04  -2.2856976e-03
  -3.1317575e-04  -9.2459278e-04  -2.7076033e-04  -2.2669316e-03
  -3.8439227e-04  -5.5007628e-04  -1.5082725e-04  -2.0867782e-03
  -3.7314756e-04  -5.8752793e-04  -9.8356519e-05  -1.9741823e-03
  -4.4436408e-04  -8.5343464e-04  -1.6581888e-04  -1.9591695e-03
  -3.0942751e-04  -6.0999892e-04  -2.0329797e-04  -2.2293996e-03
  -4.4436408e-04  -9.1710245e-04  -4.4691206e-04  -1.9741823e-03
  -2.6444866e-04  -7.0737321e-04  -1.9955006e-04  -1.8127948e-03
  -1.9698037e-04  -5.2760529e-04  -6.0877429e-05  -2.1130505e-03
  -2.7194513e-04  -8.1972816e-04  -9.8356519e-05  -1.9216375e-03
  -1.5200152e-04  -8.1598299e-04  -8.7112792e-05  -1.8878587e-03
  -3.2442046e-04  -9.3208311e-04   5.1559841e-05  -2.0642590e-03
  -4.6685351e-04  -9.3957344e-04   9.6534749e-05  -2.0379866e-03
  -3.9938522e-04  -9.2833794e-04  -2.2953333e-04  -1.8428204e-03
  -3.5065813e-04  -8.9088629e-04  -1.6956679e-04  -1.6889393e-03
  -2.6819689e-04  -9.0212179e-04  -1.0210443e-04  -1.9328971e-03
  -2.0447685e-04  -9.9200575e-04  -9.8356519e-05  -1.8015352e-03
  -3.5440637e-04  -8.1223783e-04  -9.0860701e-05  -1.8278076e-03
  -3.7689580e-04  -7.9351200e-04  -2.5576870e-04  -2.0717654e-03
  -3.6565108e-04  -8.9837662e-04  -3.4571851e-04  -1.9666759e-03
  -2.3446275e-04  -8.8714113e-04  -1.6956679e-04  -1.9441567e-03
  -3.5065813e-04  -8.0849266e-04  -8.7112792e-05  -1.7564968e-03
  -6.2427950e-04  -8.6841530e-04  -1.3958352e-04  -1.7827692e-03
  -4.2937113e-04  -1.1343220e-03  -2.8949988e-04  -2.0342334e-03
  -4.1062994e-04  -9.2459278e-04  -3.3822270e-04  -1.9103779e-03
  -3.7314756e-04  -7.5980552e-04  -7.5869065e-05  -1.8578331e-03
  -4.6685351e-04  -8.7590563e-04  -2.4827288e-04  -2.1205569e-03
  -4.6685351e-04  -8.5717981e-04  -2.4077706e-04  -1.8428204e-03
  -2.3821099e-04  -9.7327992e-04  -1.7706261e-04  -1.7865224e-03
  -4.4061584e-04  -9.6204443e-04  -2.2203752e-04  -2.0867782e-03
  -4.8934294e-04  -8.4968948e-04  -9.1088500e-07  -1.6964457e-03
  -3.3191694e-04  -8.7965080e-04  -1.3208770e-04  -1.5725902e-03
  -1.3700856e-04  -8.9088629e-04  -1.1709606e-04  -1.6363945e-03
  -3.9563699e-04  -7.0737321e-04  -1.7706261e-04  -1.6138753e-03
  -4.5560879e-04  -7.6729585e-04  -1.9955006e-04  -1.8353140e-03
  -2.0072861e-04  -8.6841530e-04   4.7811932e-05  -1.8503268e-03
  -4.2937113e-04  -6.3621507e-04  -1.7331470e-04  -1.7039521e-03
  -2.8318985e-04  -5.9127309e-04  -1.1334816e-04  -1.7152117e-03
  -6.5792042e-05  -6.6243123e-04   1.3776175e-04  -1.5200454e-03
  -1.3700856e-04  -6.2497958e-04  -1.0585234e-04  -1.4149559e-03
  -3.0567927e-04  -7.3733453e-04  -2.3328124e-04  -1.7302244e-03
  -3.0193104e-04  -1.0219671e-03  -2.7076033e-04  -1.8052884e-03
  -1.5949799e-04  -8.8714113e-04  -3.8694551e-04  -1.9591695e-03
  -3.9938522e-04  -9.5455410e-04  -2.8949988e-04  -2.1731017e-03
  -4.5560879e-04  -1.1193414e-03  -8.3364883e-05  -1.9741823e-03
  -3.0193104e-04  -7.5606035e-04  -2.3398339e-05  -1.8803523e-03
  -3.6190284e-04  -6.9988288e-04  -2.6326452e-04  -2.1956209e-03
  -1.5949799e-04  -7.9351200e-04  -5.3381611e-05  -2.1731017e-03
  -9.9526184e-05  -8.7216047e-04   1.7524084e-04  -2.0342334e-03
  -3.8439227e-04  -8.4219915e-04  -1.9580215e-04  -2.2669316e-03
  -1.8573566e-04  -7.6355068e-04  -2.0704588e-04  -2.0942846e-03
  -1.0327442e-04  -9.5829926e-04  -1.5832306e-04  -2.1655953e-03
  -3.2442046e-04  -8.1972816e-04  -1.7331470e-04  -2.1843613e-03
  -5.0808413e-04  -6.2872474e-04  -4.5885793e-05  -2.0792718e-03
  -3.9188875e-04  -7.4482486e-04  -1.3208770e-04  -2.3945403e-03
  -7.7036756e-05  -8.3845398e-04  -1.0210443e-04  -2.4133063e-03
  -2.9818280e-04  -8.2721849e-04  -8.3364883e-05  -2.4883702e-03
  -3.8064403e-04  -9.5080893e-04  -2.1828961e-04  -2.2106337e-03
  -2.0822509e-04  -9.6953476e-04  -3.0074361e-04  -2.2369060e-03
  -2.4945570e-04  -5.5382144e-04  -1.6581888e-04  -2.4170595e-03
  -2.4195923e-04  -9.2833794e-04   5.5307750e-05  -2.2781912e-03
  -2.6070042e-04  -1.0219671e-03  -8.3364883e-05  -2.7248217e-03
  -3.8439227e-04  -5.1636979e-04  -6.0877429e-05  -2.5296554e-03
  -3.6939932e-04  -8.3845398e-04  -8.4067030e-06  -2.2519188e-03
  -1.9323213e-04  -8.3470882e-04  -1.0960025e-04  -2.4095531e-03
  -8.8281470e-05  -7.0737321e-04  -1.2833979e-04  -2.3532552e-03
  -1.3700856e-04  -8.4594431e-04  -2.2578543e-04  -2.5071362e-03
  -3.5065813e-04  -6.5868606e-04  -1.3958352e-04  -2.4395787e-03
  -3.7689580e-04  -5.9127309e-04  -1.0960025e-04  -2.2556720e-03
  -2.9818280e-04  -9.4706377e-04  -2.7146248e-05  -2.3945403e-03
  -4.2187465e-04  -8.3845398e-04   3.6568205e-05  -2.3082168e-03
  -3.5065813e-04  -7.3358936e-04   3.6568205e-05  -2.1618421e-03
  -1.2576385e-04  -8.2347332e-04   7.4047295e-05  -2.1918677e-03
  -8.0784994e-05  -4.0776001e-04   3.2820296e-05  -2.0942846e-03
  -3.2067223e-04  -7.7104101e-04   4.0316114e-05  -2.1505825e-03
  -2.3071451e-04  -9.4706377e-04   5.5307750e-05  -2.3570083e-03
  -8.4533232e-05  -5.9876342e-04   1.0332842e-05  -2.3344892e-03
  -4.5935703e-04  -7.9351200e-04  -1.2154612e-05  -2.0792718e-03
  -2.2321804e-04  -7.9351200e-04   1.1902220e-04  -2.1693485e-03
  -1.7064948e-05  -6.4370540e-04  -1.4333143e-04  -2.3307360e-03
  -3.9938522e-04  -4.8266331e-04  -1.2154612e-05  -2.0192206e-03
  -2.1572156e-04  -7.2609903e-04  -3.8389975e-05  -1.9253907e-03
  -9.9526184e-05  -8.9463146e-04  -4.1318088e-04  -1.9291439e-03
  -2.4570747e-04  -5.7629243e-04   1.9772829e-04  -1.9854418e-03
  -2.4570747e-04  -7.7104101e-04   1.1527429e-04  -2.2031273e-03
  -1.1826737e-04  -8.0100233e-04   7.7795204e-05  -2.0417398e-03
  -9.5777946e-05  -5.4633111e-04   9.2786840e-05  -1.9178843e-03
  -4.7060175e-04  -8.2347332e-04  -4.0943297e-04  -2.0867782e-03
  -2.1946980e-04  -9.8451542e-04  -2.7146248e-05  -2.1055441e-03
  -2.1572156e-04  -8.6092497e-04  -8.7112792e-05  -2.0980378e-03
  -4.4436408e-04  -8.7965080e-04  -8.3364883e-05  -2.0642590e-03
  -2.2696628e-04  -7.6355068e-04   1.4525757e-04  -2.0117142e-03
  -4.2562289e-04  -5.3509562e-04  -1.8081052e-04  -2.0830250e-03
  -2.0447685e-04  -6.6243123e-04  -9.0860701e-05  -1.8240544e-03
  -3.0942751e-04  -8.8339596e-04  -3.0894157e-05  -1.8540799e-03
  -3.6939932e-04  -7.9351200e-04  -1.4333143e-04  -2.2031273e-03
  -5.4547328e-05  -8.9463146e-04  -2.1079379e-04  -1.9967014e-03
  -3.9188875e-04  -9.9949608e-04  -1.3958352e-04  -1.9967014e-03
  -4.1437818e-04  -8.8339596e-04   1.8648456e-04  -2.1543357e-03
  -5.1558060e-04  -8.8714113e-04  -8.4067030e-06  -1.9629227e-03
  -5.4556651e-04  -7.6355068e-04  -3.1198733e-04  -1.9178843e-03
  -3.1692399e-04  -8.2347332e-04  -1.3958352e-04  -1.9404035e-03
  -3.8439227e-04  -8.1972816e-04  -5.7129520e-05  -1.9891950e-03
  -4.1437818e-04  -7.7478618e-04  -3.0074361e-04  -1.9178843e-03
  -4.7434998e-04  -7.9351200e-04  -3.3072688e-04  -1.8315608e-03
  -3.1692399e-04  -8.2721849e-04  -1.5457515e-04  -1.9629227e-03
  -3.0942751e-04  -8.5343464e-04  -1.3208770e-04  -1.8615863e-03
  -5.7555241e-04  -7.8976684e-04  -8.7112792e-05  -1.8765991e-03
  -1.5200152e-04  -1.1343220e-03  -1.3583561e-04  -2.1430761e-03
  -2.0447685e-04  -8.6467014e-04  -2.3702915e-04  -1.9404035e-03
  -5.0058765e-04  -7.1486354e-04  -4.0568506e-04  -1.6851861e-03
  -2.6070042e-04  -1.0332026e-03  -4.6939951e-04  -1.9741823e-03
  -4.1812641e-04  -9.0212179e-04  -1.6956679e-04  -1.8765991e-03
  -3.4316165e-04  -1.0332026e-03  -1.5082725e-04  -1.5012794e-03
  -2.7194513e-04  -1.0257122e-03  -1.0960025e-04  -1.5763434e-03
  -4.4811232e-04  -7.0737321e-04  -1.8830634e-04  -1.7001989e-03
  -3.5065813e-04  -6.3246991e-04  -3.6820597e-04  -1.7640032e-03
  -2.5695218e-04  -8.9837662e-04  -4.6587940e-06  -1.8465736e-03
  -2.3821099e-04  -8.9463146e-04  -2.1079379e-04  -1.8578331e-03
  -1.7449094e-04  -9.3582827e-04  -2.6326452e-04  -1.6176285e-03
  -2.0447685e-04  -1.1567930e-03  -3.0894157e-05  -1.5388114e-03
  -2.4195923e-04  -8.6092497e-04  -6.8373247e-05  -1.7527436e-03
  -1.7074271e-04  -8.3845398e-04  -4.2137884e-05  -1.8203012e-03
  -2.0072861e-04  -9.6953476e-04  -2.6701242e-04  -1.9366503e-03
  -2.7569337e-04  -9.7327992e-04  -1.0210443e-04  -2.0379866e-03
  -3.9938522e-04  -7.1486354e-04  -9.4608610e-05  -1.9216375e-03
  -3.3941342e-04  -4.7517298e-04  -2.1454170e-04  -2.0304802e-03
  -2.7569337e-04  -8.9088629e-04  -8.7112792e-05  -1.9779355e-03
  -3.0193104e-04  -6.6617639e-04  -1.0585234e-04  -1.6964457e-03
  -1.8948390e-04  -6.4745057e-04  -1.6581888e-04  -2.0154674e-03
  -1.2576385e-04  -1.0968704e-03  -1.2084397e-04  -2.0229738e-03
  -1.2576385e-04  -8.2721849e-04  -6.0877429e-05  -1.8953651e-03
  -2.2321804e-04  -8.7590563e-04  -1.5832306e-04  -2.1468293e-03
  -3.3941342e-04  -8.9088629e-04  -3.8389975e-05  -2.1468293e-03
  -3.0942751e-04  -7.3733453e-04  -1.7706261e-04  -2.1168037e-03
  -2.1572156e-04  -7.0737321e-04  -1.4707934e-04  -1.9891950e-03
  -3.7689580e-04  -8.0100233e-04   1.1527429e-04  -2.1806081e-03
  -3.7314756e-04  -8.3470882e-04  -1.0960025e-04  -2.4208127e-03
  -1.8573566e-04  -7.1860870e-04  -1.5082725e-04  -2.2444124e-03
  -1.9698037e-04  -1.1493027e-03  -2.7450824e-04  -2.3419956e-03
  -3.9188875e-04  -9.1710245e-04  -1.7706261e-04  -2.4358255e-03
  -3.9188875e-04  -7.7104101e-04   8.5291022e-05  -2.3832807e-03
  -2.9068632e-04  -1.1418123e-03  -3.4642066e-05  -2.4696043e-03
  -4.7434998e-04  -7.4107969e-04   2.9072387e-05  -2.4433319e-03
  -2.1572156e-04  -6.8864738e-04  -1.1709606e-04  -2.5221490e-03
  -1.7449094e-04  -8.9088629e-04  -1.9205424e-04  -2.5709406e-03
  -1.2201561e-04  -7.8976684e-04  -6.4625338e-05  -2.3607615e-03
   2.4165670e-05  -7.6729585e-04  -1.6956679e-04  -2.4020467e-03
  -2.4945570e-04  -8.7965080e-04  -6.8373247e-05  -2.4320723e-03
  -9.5777946e-05  -8.1972816e-04   5.1559841e-05  -2.5259022e-03
  -3.6565108e-04  -6.9239255e-04  -2.2953333e-04  -2.5709406e-03
  -4.1812641e-04  -8.3845398e-04  -1.9955006e-04  -2.2106337e-03
  -1.3700856e-04  -8.4968948e-04   1.8648456e-04  -2.2669316e-03
  -3.4316165e-04  -7.2984420e-04  -3.8389975e-05  -2.3682679e-03
  -2.4570747e-04  -5.6131177e-04   1.6024920e-04  -2.2068805e-03
  -2.2696628e-04  -6.5868606e-04   3.1391347e-04  -2.1168037e-03
  -1.5574975e-04  -7.3358936e-04  -1.7331470e-04  -1.9967014e-03
  -5.4547328e-05  -5.6880210e-04  -2.7146248e-05  -2.0042078e-03
  -4.0313346e-04  -6.8115705e-04   3.6568205e-05  -2.1168037e-03
  -3.4690989e-04  -5.4258595e-04  -1.2154612e-05  -2.2932040e-03
  -1.0702266e-04  -5.1636979e-04  -1.2833979e-04  -2.2181401e-03
  -2.1946980e-04  -6.8115705e-04  -9.4608610e-05  -2.0417398e-03
  -1.4825328e-04  -6.3996024e-04   2.2771156e-04  -2.1918677e-03
  -2.2321804e-04  -7.6729585e-04  -1.5902521e-05  -2.2406592e-03
  -3.0942751e-04  -7.5980552e-04  -2.4827288e-04  -2.0830250e-03
  -2.3446275e-04  -5.9127309e-04  -1.2833979e-04  -2.0304802e-03
  -4.8184646e-04  -5.5756661e-04  -6.0877429e-05  -1.9554163e-03
  -4.8559470e-04  -7.1860870e-04  -1.1334816e-04  -2.0454930e-03
  -2.2321804e-04  -6.9988288e-04  -9.1088500e-07  -2.1430761e-03
  -3.2816870e-04  -7.2609903e-04   7.4047295e-05  -2.0942846e-03
  -4.0313346e-04  -9.8077025e-04   1.0028266e-04  -2.1055441e-03
  -2.3446275e-04  -9.3582827e-04  -6.4625338e-05  -1.9028715e-03
  -1.8198742e-04  -7.1860870e-04  -3.6445806e-04  -1.9629227e-03
  -3.3191694e-04  -6.3996024e-04  -1.0960025e-04  -2.0717654e-03
  -3.0567927e-04  -9.3582827e-04  -1.9650430e-05  -1.9366503e-03
  -2.2696628e-04  -7.5980552e-04  -3.5696224e-04  -2.1468293e-03
  -3.2442046e-04  -5.8378276e-04  -2.1454170e-04  -2.0379866e-03
  -1.8948390e-04  -1.1642833e-03   7.0299386e-05  -1.7077053e-03
  -2.2321804e-04  -1.1155962e-03  -3.2697897e-04  -1.8052884e-03
  -2.6444866e-04  -8.4968948e-04  -2.1454170e-04  -1.8653395e-03
  -5.4931474e-04  -1.1942447e-03  -1.2459188e-04  -1.9066247e-03
  -2.6819689e-04  -9.9575091e-04  -7.5424059e-04  -1.7827692e-03
  -4.6685351e-04  -9.0586695e-04   7.0299386e-05  -1.9404035e-03
   7.6641002e-05  -1.3515416e-03   2.9072387e-05  -2.0830250e-03
   1.2911633e-04  -4.7891814e-04  -1.2154612e-05  -2.1168037e-03
  -1.6812826e-03  -1.5762515e-03  -6.8303032e-04  -1.8615863e-03
   1.3285525e-03  -3.8154385e-04  -5.3381611e-05  -1.9028715e-03
  -2.2097842e-03  -1.0781445e-03   3.4764465e-04  -2.4208127e-03
   9.9121107e-04  -1.2242060e-03  -1.4401079e-03  -1.3999431e-03
  -6.6176188e-04   2.9258585e-04   9.0983100e-04  -2.5296554e-03
  -1.9698969e-03  -2.8271366e-03  -2.4258080e-03  -1.0171170e-03
   3.4313140e-03   2.0078714e-03   2.8025250e-03  -2.3982935e-03
  -6.7189145e-03  -4.1004927e-03  -2.5794723e-03  -2.1017910e-03
   7.7305430e-03   1.9367133e-03   1.3071094e-03  -1.0508958e-03
  -9.1252833e-03  -2.6548590e-03  -5.6309724e-04  -3.7044061e-03
   7.2695097e-03  -1.7110774e-03  -2.8193385e-03   9.0076665e-04
  -4.0539173e-03   4.0115347e-03   6.8165356e-03  -5.1568933e-03
  -4.9160120e-03  -1.1515919e-02  -1.1439529e-02   2.4170582e-03
   2.0898103e-02   1.8055903e-02   1.5249331e-02  -5.7498984e-03
  -1.1859257e-01  -3.8335046e-02  -1.7619831e-02   2.3007091e-03
  -2.9328286e-02  -7.7588120e-02   9.0765247e-03   2.0605051e-02
   7.6210851e-02  -8.2116025e-02   1.1258253e-01  -4.2107118e-02
   4.9242279e-02  -1.2035416e-01   1.3139258e-02  -3.0160692e-02
  -3.8320309e-02  -6.7491155e-02  -2.6212217e-01   4.0403165e-02
  -9.0713180e-02  -2.7466577e-02  -1.3121146e-01   1.0899283e-02
   1.9423912e-01  -3.7030836e-04   2.0726970e-01  -6.6262694e-02
   4.4013487e-02  -3.6638486e-02   1.4117462e-02  -5.4196165e-02
  -1.1111109e-01  -6.2008234e-02  -1.6649052e-01   3.2851733e-02
   5.4306148e-02  -3.8634659e-02  -3.8649348e-02   5.0292833e-03
  -8.4033820e-02  -4.8536875e-02   1.4397876e-01  -7.0413730e-02
  -7.7234516e-02  -2.1961185e-02   7.2618346e-04  -2.4759841e-02
   4.5970160e-03  -1.8377062e-02  -2.2171596e-01   1.8931125e-02
  -2.4654233e-02  -1.7541890e-02  -1.5616504e-01   8.1069049e-03
  -9.5750718e-03  -6.3176304e-03   1.1737610e-01  -2.8621881e-02
  -4.2267204e-02  -2.0706133e-03   2.0315075e-01  -7.5469286e-02
  -7.7691801e-02  -1.4856607e-02  -1.0589808e-01   1.4074482e-03
  -2.3942068e-02  -3.4290268e-02  -1.4930261e-01   3.8282609e-02
   1.4769734e-02  -1.4238654e-02   4.3163757e-02  -4.2658838e-02
  -1.2093888e-02  -3.3285671e-04   1.2014956e-01  -4.3600890e-02
  -1.0864466e-02  -8.3845398e-04  -1.0181661e-01   8.6848972e-03
  -9.6312954e-03  -2.3627361e-03  -1.4135330e-01   2.9106042e-02
   6.9471613e-03  -5.8382493e-03   1.7048327e-02  -9.4355379e-03
  -1.1123094e-02  -3.4113823e-03   1.1093345e-01  -4.5090909e-02
  -6.8756002e-02  -7.4440320e-05   5.6195237e-02  -1.6589131e-02
  -2.4747939e-02  -3.3140080e-03  -1.2496744e-01   2.6047181e-03
   8.6188754e-03  -5.8232686e-03  -3.4369236e-02  -1.9494106e-02
  -4.1963503e-03  -1.5163288e-03   4.6971633e-02  -2.5626830e-02
   2.9778704e-04  -4.9764397e-04   4.2496629e-02  -1.5241734e-02
  -6.1266929e-03  -9.4331860e-04  -2.3998772e-02   4.1472821e-03
  -3.3829827e-03  -3.5724244e-03  -4.0530799e-02   1.3534028e-02
  -2.0167592e-02  -4.3514187e-03   1.1838734e-02  -4.8603907e-03
  -1.5654714e-02  -2.4671791e-04   3.5791620e-02  -1.1848844e-02
  -4.5560879e-04  -9.8826058e-04  -1.0315859e-03  -6.0689202e-03
  -2.7495304e-03  -1.2129705e-03  -5.4963996e-02   8.4859778e-03
   4.0947521e-03  -9.3957344e-04  -4.0077302e-02   9.8634011e-03
  -4.7098589e-03  -1.2991093e-03   1.0560697e-02  -7.3712795e-03
  -3.7090794e-03  -3.8154385e-04   8.2797895e-02  -2.1535845e-02
  -1.3761854e-02  -2.9657077e-03   3.3213059e-02  -1.4967750e-02
  -1.9181806e-02  -3.0892981e-03  -6.2534773e-02   1.1916400e-02
   1.1411406e-03  -5.5756661e-04  -4.1707642e-02   8.3846415e-03
  -1.7449094e-04  -8.4219915e-04   2.8666845e-02  -1.1649924e-02
  -1.0290892e-03  -9.9949608e-04   2.2392845e-02  -8.7149241e-03
   1.0886653e-03  -1.2129705e-03  -4.4499834e-02   1.2929763e-02
  -1.0965575e-03  -1.1493027e-03  -5.9221621e-02   1.7632519e-02
  -2.8318985e-04  -8.3470882e-04   4.3167505e-02  -1.5106619e-02
  -1.3364447e-03  -1.1043607e-03   6.9830130e-02  -2.6516337e-02
   2.9403881e-04  -9.5455410e-04  -1.4640243e-02  -1.9704291e-03
   6.9144526e-05  -9.0212179e-04  -5.1901955e-02   8.1406837e-03
  -2.8309662e-05  -7.7104101e-04  -4.1198629e-03  -1.3586579e-03
  -7.0299250e-04  -7.0737321e-04   3.6278848e-02  -1.0505199e-02
  -3.6939932e-04  -8.9088629e-04  -5.1430420e-03  -2.9275000e-04
   2.2657052e-04  -1.2803834e-03  -4.0984296e-02   1.3012333e-02
  -7.1423722e-04  -1.1155962e-03  -9.3631876e-03   5.4796613e-04
   3.9158622e-05  -8.4968948e-04   3.3258034e-02  -1.2809662e-02
  -5.5306298e-04  -1.0743994e-03   2.0676303e-02  -9.3417080e-03
  -1.7074271e-04  -1.0332026e-03  -2.2278482e-02   3.0588549e-03
  -4.7050852e-05  -8.6841530e-04  -2.4010016e-02   4.8641427e-03
  -5.4181827e-04  -7.1860870e-04   2.0934909e-02  -7.6490161e-03
  -3.2067223e-04  -9.8451542e-04   2.1129800e-02  -8.3471108e-03
  -6.7675484e-04  -1.0931252e-03  -2.3620936e-03  -6.4930371e-04
  -1.6324623e-04  -1.0893800e-03  -2.0730596e-02   4.0797245e-03
  -5.1932884e-04  -1.2391866e-03  -6.5597516e-03   1.1034393e-03
  -5.8304889e-04  -8.3845398e-04   1.3525293e-02  -5.1456337e-03
  -1.1826737e-04  -9.1335728e-04  -4.2735271e-03  -4.1285799e-05
  -2.2696628e-04  -1.1680285e-03  -1.4123032e-02   3.1376721e-03
  -2.1197332e-04  -8.6841530e-04  -3.8575092e-03  -6.9434208e-04
  -8.0044669e-04  -8.7590563e-04   2.3487235e-02  -7.9154931e-03
  -4.4436408e-04  -1.0069864e-03   2.5136315e-02  -1.1240826e-02
  -1.7449094e-04  -1.2092253e-03  -5.2667230e-03  -1.2235429e-03
  -4.9309117e-04  -1.1081059e-03  -2.2893139e-02   5.0142706e-03
  -3.3566518e-04  -9.6953476e-04  -1.0412602e-02   2.4133050e-03
  -4.3311937e-04  -1.2092253e-03   1.0620663e-02  -2.7923792e-03
  -2.6070042e-04  -1.0406929e-03   3.0836182e-03  -2.5596810e-03
  -5.5306298e-04  -1.1230865e-03  -1.4621504e-02   2.0980365e-03
  -4.9683941e-04  -1.1118510e-03  -6.6054287e-04  -1.7227181e-03
  -1.7449094e-04  -8.4594431e-04   1.9207123e-02  -7.7165737e-03
  -6.5051717e-04  -9.2459278e-04   1.5819013e-02  -6.9884534e-03
  -5.8295566e-05  -8.9088629e-04  -1.1581950e-02   5.0668096e-04
  -1.3326033e-04  -9.0961212e-04  -1.6709089e-02   3.4416810e-03
  -5.7930065e-04  -9.9575091e-04   2.0791786e-03  -1.7377308e-03
  -5.8295566e-05  -1.0594187e-03   5.8233397e-03  -2.5183958e-03
  -4.3311937e-04  -1.1792640e-03  -3.8012906e-03  -4.3161829e-04
  -1.7449094e-04  -1.1081059e-03  -9.2657419e-03   6.3428966e-04
  -6.2043804e-05  -1.0706542e-03   1.0934785e-03  -1.5876030e-03
  -6.3927246e-04  -1.0781445e-03   9.8298544e-03  -5.2094381e-03
  -2.6819689e-04  -9.5455410e-04   3.6270650e-03  -3.0813754e-03
  -2.1946980e-04  -1.0219671e-03  -8.2013358e-03  -4.7665665e-04
  -2.0813186e-05  -8.7965080e-04  -4.3035104e-03  -1.2835940e-03
  -1.7074271e-04  -8.4219915e-04   4.0468308e-03  -2.8449240e-03
  -6.9924426e-04  -1.1006155e-03   5.3923302e-03  -2.7886260e-03
  -2.5320394e-04  -8.8339596e-04  -2.4857746e-03  -9.1578070e-04
  -1.5949799e-04  -8.1223783e-04  -6.9945091e-03   1.8390602e-04
  -3.9563699e-04  -1.0219671e-03  -2.9017925e-03  -9.9835103e-04
  -4.9683941e-04  -1.0856349e-03   3.1773159e-03  -2.7923792e-03
  -2.4195923e-04  -1.0144767e-03   4.5565465e-03  -3.2352564e-03
   5.7899812e-05  -1.1155962e-03  -2.3133707e-03  -2.1468293e-03
  -2.8318985e-04  -1.1155962e-03  -1.5562931e-03  -1.8090416e-03
  -3.8814051e-04  -8.4968948e-04   5.8683146e-03  -3.6481081e-03
  -2.4195923e-04  -1.0182219e-03   4.0843099e-03  -3.4604483e-03
  -3.5065813e-04  -9.0586695e-04  -5.4428748e-03  -8.8575512e-04
  -2.9443456e-04  -9.0586695e-04  -6.9457863e-03  -1.4262212e-04
  -2.3821099e-04  -1.1904995e-03  -1.4550996e-03  -1.7227181e-03
  -4.5186056e-04  -9.7702509e-04   3.4696528e-03  -3.1714521e-03
  -2.3446275e-04  -8.4968948e-04   9.5855382e-04  -2.3682679e-03
  -1.5574975e-04  -1.1081059e-03  -3.3365499e-03  -1.6063689e-03
  -3.3566518e-04  -1.2579125e-03   6.6621692e-04  -3.1789585e-03
  -3.0942751e-04  -9.8077025e-04   5.9282812e-03  -4.3949943e-03
  -2.6444866e-04  -1.0107316e-03   9.6230173e-04  -3.2202437e-03
  -1.4075680e-04  -9.6204443e-04  -4.8319656e-03  -1.2348024e-03
  -3.9188875e-04  -1.0332026e-03  -4.2098127e-03  -1.2160365e-03
  -3.0942751e-04  -1.0893800e-03  -4.2137884e-05  -2.1768549e-03
  -2.1946980e-04  -8.3845398e-04   1.2284033e-03  -2.1430761e-03
  -3.1692399e-04  -1.2017350e-03  -2.3021270e-03  -1.8428204e-03
  -6.9540280e-05  -9.8451542e-04  -2.8380780e-03  -2.0229738e-03
  -4.5935703e-04  -8.4594431e-04   1.3520843e-03  -3.1376733e-03
  -2.4195923e-04  -1.0556735e-03   5.8908021e-03  -4.2035813e-03
   6.9144526e-05  -9.5829926e-04   2.4089946e-03  -3.2577756e-03
  -3.2442046e-04  -1.2167156e-03  -3.1341628e-03  -1.3811771e-03
  -6.2043804e-05  -1.1081059e-03  -3.0554567e-03  -1.0208702e-03
  -1.5200152e-04  -1.0594187e-03   4.9381310e-04  -1.9779355e-03
  -2.9443456e-04  -9.9575091e-04   1.9967246e-03  -2.4583447e-03
  -2.8318985e-04  -9.0212179e-04  -1.1927459e-03  -1.4787603e-03
  -4.0313346e-04  -9.3582827e-04  -2.9692548e-03  -1.0734150e-03
  -2.3446275e-04  -8.2721849e-04   2.4652132e-03  -2.4846170e-03
  -2.9068632e-04  -1.1530478e-03   5.3098762e-03  -3.4454355e-03
  -2.1197332e-04  -9.7327992e-04   1.3970592e-03  -2.4508383e-03
  -1.1826737e-04  -9.2459278e-04  -1.9685631e-03  -1.4337219e-03
  -2.1197332e-04  -1.0332026e-03  -8.4419041e-04  -1.9516631e-03
  -2.2321804e-04  -9.2084761e-04   2.9711810e-03  -2.4583447e-03
  -1.4075680e-04  -1.1979898e-03   1.8543041e-03  -1.9854418e-03
  -1.6324623e-04  -1.1081059e-03  -2.8718092e-03  -8.6323594e-04
  -2.8693808e-04  -1.1043607e-03  -2.6619263e-03  -8.2945717e-04
  -3.0567927e-04  -9.2084761e-04   1.5094964e-03  -2.3269828e-03
  -4.6685351e-04  -6.9239255e-04   2.6825920e-03  -2.9087283e-03
  -3.3566518e-04  -8.0849266e-04   5.6877128e-04  -2.3344892e-03
  -2.4195923e-04  -8.1972816e-04  -7.4299687e-04  -1.9141311e-03
  -3.2442046e-04  -9.8077025e-04   1.0709911e-03  -2.2894508e-03
  -2.1197332e-04  -8.6092497e-04   1.9667413e-03  -2.5972130e-03
  -3.5440637e-04  -9.3957344e-04  -6.0432423e-04  -1.6889393e-03
  -3.6939932e-04  -1.1006155e-03  -3.7675594e-03  -9.4580628e-04
  -2.6444866e-04  -8.5343464e-04  -2.6094555e-03  -1.3436452e-03
  -1.8573566e-04  -1.1305768e-03   2.9517393e-04  -2.1468293e-03
  -2.8318985e-04  -1.2204608e-03   6.3623364e-04  -2.4696043e-03
  -3.1692399e-04  -9.3582827e-04  -2.7076033e-04  -2.1280633e-03
  -2.3821099e-04  -1.0219671e-03  -7.2800523e-04  -2.0454930e-03
  -4.4811232e-04  -9.1335728e-04   6.5849330e-06  -2.4245659e-03
  -4.2562289e-04  -1.1867543e-03   4.6008192e-04  -2.4395787e-03
  -4.2562289e-04  -1.3889932e-03  -1.4850828e-03  -1.8728459e-03
  -1.4825328e-04  -9.9949608e-04  -3.2765834e-03  -1.2835940e-03
  -1.4450504e-04  -1.0893800e-03  -1.6387471e-03  -1.4825134e-03
  -4.2187465e-04  -1.1305768e-03   4.6382983e-04  -2.1693485e-03
  -1.6324623e-04  -1.0893800e-03   2.5324478e-05  -2.0304802e-03
  -2.1197332e-04  -1.1755188e-03  -1.6724783e-03  -1.5538242e-03
  -3.2067223e-04  -1.2204608e-03  -1.2976874e-03  -1.7752628e-03
  -4.3686760e-04  -1.2803834e-03   7.4867091e-04  -2.2143869e-03
  -3.2816870e-04  -9.8826058e-04   1.6294295e-03  -2.5296554e-03
  -2.1946980e-04  -1.0294574e-03  -4.9938278e-04  -1.8878587e-03
  -4.1437818e-04  -1.1343220e-03  -1.3913851e-03  -1.1972705e-03
  -2.9818280e-04  -8.3096365e-04   5.1630056e-04  -1.6626669e-03
  -2.7569337e-04  -9.8826058e-04   8.5736028e-04  -1.8052884e-03
  -3.0567927e-04  -9.9200575e-04  -4.2137884e-05  -1.5313050e-03
  -2.0822509e-04  -8.2347332e-04  -4.7689533e-04  -1.2835940e-03
  -1.9698037e-04  -1.0332026e-03   2.6893856e-04  -1.4787603e-03
  -3.3566518e-04  -8.3845398e-04   2.2103554e-03  -2.0529994e-03
  -4.8559470e-04  -1.0144767e-03   2.4314821e-03  -2.1130505e-03
  -5.6055946e-04  -1.2766383e-03   7.4492301e-04  -1.7752628e-03
  -4.8934294e-04  -7.9351200e-04   2.6519065e-04  -1.7001989e-03
  -3.9563699e-04  -1.0594187e-03   7.3742719e-04  -1.7564968e-03
  -3.4690989e-04  -1.0369477e-03   1.0897306e-03  -1.8278076e-03
  -2.1197332e-04  -6.3621507e-04   5.7626710e-04  -2.0454930e-03
  -1.8948390e-04  -1.2167156e-03  -3.5696224e-04  -1.7302244e-03
  -8.8281470e-05  -1.1455575e-03   2.0147620e-04  -1.6701733e-03
  -1.4825328e-04  -9.4706377e-04   1.5094964e-03  -2.0492462e-03
  -1.4450504e-04  -1.2204608e-03   1.2358991e-03  -2.0980378e-03
  -1.1826737e-04  -1.1380672e-03  -1.0210443e-04  -2.0304802e-03
  -4.0688170e-04  -1.0968704e-03  -3.4946642e-04  -2.0529994e-03
  -2.3071451e-04  -1.0669090e-03   3.5514047e-04  -2.3269828e-03
  -3.2442046e-04  -1.1680285e-03   2.3145947e-04  -2.2106337e-03
  -5.7930065e-04  -9.2833794e-04  -5.6684514e-04  -1.7977820e-03
  -3.3566518e-04  -8.7216047e-04  -1.6087638e-03  -1.6814329e-03
  -4.6310527e-04  -9.8826058e-04  -1.2489646e-03  -1.9216375e-03
  -3.3191694e-04  -6.1374408e-04  -8.7112792e-05  -2.3682679e-03
  -1.5200152e-04  -8.7590563e-04  -4.9563487e-04  -2.6497577e-03
  -3.3191694e-04  -1.0069864e-03  -8.8166950e-04  -2.5371618e-03
  -1.4450504e-04  -9.0212179e-04  -6.3055960e-04  -2.4208127e-03
  -3.0193104e-04  -1.0032412e-03  -3.1198733e-04  -2.6910429e-03
  -5.3807003e-04  -9.1710245e-04  -5.5560142e-04  -2.5784470e-03
  -3.6565108e-04  -8.3096365e-04  -1.3876372e-03  -2.1806081e-03
  -2.7944161e-04  -7.7478618e-04  -1.8336384e-03  -2.0755186e-03
  -4.3686760e-04  -1.0706542e-03  -9.6787141e-04  -2.4583447e-03
  -3.3566518e-04  -1.1043607e-03  -3.2323106e-04  -2.7736132e-03
  -3.3566518e-04  -1.0481832e-03  -6.7178660e-04  -2.5146426e-03
  -4.9309117e-04  -1.0893800e-03  -3.0823942e-04  -2.5897066e-03
  -2.4195923e-04  -9.3582827e-04   1.6024920e-04  -2.7398344e-03
  -4.3686760e-04  -1.0893800e-03   6.2803568e-05  -2.6985493e-03
  -3.3191694e-04  -1.1118510e-03  -2.6701242e-04  -2.7811196e-03
  -2.4570747e-04  -9.6578959e-04  -7.1676150e-04  -2.6572641e-03
  -2.4570747e-04  -8.6467014e-04  -4.5815578e-04  -2.3344892e-03
   8.0389240e-05  -1.0257122e-03   4.5633401e-04  -2.2706848e-03
  -2.3446275e-04  -1.1380672e-03   7.3367928e-04  -2.4245659e-03
  -1.8948390e-04  -9.8077025e-04   4.9756101e-04  -2.1430761e-03
  -1.4825328e-04  -1.0968704e-03   5.0130892e-04  -1.9404035e-03
  -1.1826737e-04  -1.0444381e-03   8.4986446e-04  -2.1355697e-03
  -6.2043804e-05  -8.8339596e-04   1.0934785e-03  -2.1993741e-03
  -1.9323213e-04  -8.9088629e-04   9.9228500e-04  -2.2519188e-03
  -9.5777946e-05  -9.0212179e-04   6.9994810e-04  -2.1505825e-03
  -3.4690989e-04  -1.0332026e-03   5.2004847e-04  -1.8916119e-03
  -1.1826737e-04  -1.0257122e-03   9.3606636e-04  -2.0004546e-03
  -1.7449094e-04  -9.5080893e-04   6.4372946e-04  -2.1393229e-03
  -5.0058765e-04  -1.0069864e-03   1.1152638e-04  -1.8653395e-03
  -1.6324623e-04  -8.5343464e-04   4.3384656e-04  -2.0042078e-03
