  -8.4533232e-05  -8.5717981e-04  -3.4642066e-05  -2.1468293e-03
  -2.1197332e-04  -7.7478618e-04  -1.2459188e-04  -1.9741823e-03
  -2.2696628e-04  -6.7366672e-04   3.2820296e-05  -1.9216375e-03
  -3.0567927e-04  -1.0107316e-03   1.3401384e-04  -2.0342334e-03
  -7.7036756e-05  -9.2833794e-04  -9.0860701e-05  -1.9216375e-03
  -2.1197332e-04  -7.2609903e-04   2.0147620e-04  -2.2106337e-03
  -3.5065813e-04  -8.2347332e-04  -3.0894157e-05  -2.5221490e-03
  -2.1572156e-04  -8.1223783e-04   7.0299386e-05  -2.2481656e-03
  -1.3326033e-04  -9.2084761e-04   2.2021575e-04  -1.9479099e-03
   5.7899812e-05  -8.3845398e-04  -6.8373247e-05  -2.2068805e-03
  -2.0447685e-04  -7.7853134e-04   7.7795204e-05  -2.2106337e-03
  -3.8814051e-04  -9.3582827e-04  -9.8356519e-05  -1.9404035e-03
  -2.7194513e-04  -8.6467014e-04  -1.3208770e-04  -2.1355697e-03
  -6.2043804e-05  -8.6467014e-04  -1.5457515e-04  -2.3645147e-03
   1.8908814e-04  -1.0332026e-03  -1.5457515e-04  -2.3645147e-03
  -1.7823918e-04  -8.5717981e-04  -4.6587940e-06  -2.1543357e-03
  -2.3071451e-04  -7.8602167e-04  -2.1454170e-04  -2.2181401e-03
  -1.0702266e-04  -9.5829926e-04  -1.1334816e-04  -2.4057999e-03
  -2.9068632e-04  -7.7853134e-04  -2.3398339e-05  -2.2218933e-03
  -1.2201561e-04  -8.9463146e-04  -1.2154612e-05  -2.1430761e-03
  -2.0072861e-04  -8.4968948e-04   1.3401384e-04  -2.1618421e-03
  -1.9323213e-04  -5.8378276e-04   1.0332842e-05  -2.1806081e-03
  -2.0822509e-04  -7.2609903e-04  -8.7112792e-05  -1.9516631e-03
  -2.8309662e-05  -7.7478618e-04   1.3026593e-04  -1.9066247e-03
   2.3031876e-04  -6.9613771e-04   6.2803568e-05  -2.0529994e-03
  -6.5792042e-05  -6.9988288e-04   2.5324478e-05  -1.7790160e-03
  -1.3316710e-05  -8.3096365e-04   2.8393020e-04  -2.0154674e-03
  -2.5695218e-04  -6.3246991e-04   1.3026593e-04  -1.9967014e-03
  -2.3071451e-04  -4.6768265e-04   1.9023247e-04  -1.8240544e-03
   2.0417432e-05  -6.2497958e-04   1.0028266e-04  -2.1468293e-03
  -6.2043804e-05  -6.5119573e-04  -1.2154612e-05  -2.0267270e-03
  -5.0799090e-05  -9.2084761e-04   2.5769484e-04  -2.1243101e-03
  -2.3071451e-04  -9.5455410e-04   1.7149293e-04  -2.0117142e-03
   5.7899812e-05  -5.7254727e-04  -8.4067030e-06  -1.9028715e-03
  -6.2043804e-05  -6.7366672e-04   4.0316114e-05  -2.0642590e-03
  -2.0447685e-04  -9.2084761e-04   1.4525757e-04  -2.0004546e-03
  -1.7823918e-04  -8.7216047e-04  -1.4707934e-04  -1.8465736e-03
  -3.6190284e-04  -7.8602167e-04  -7.2121156e-05  -1.7189649e-03
  -4.3302614e-05  -7.9725717e-04   1.0028266e-04  -2.2218933e-03
  -1.4825328e-04  -7.6729585e-04  -7.2121156e-05  -2.2331528e-03
  -1.6699447e-04  -8.8339596e-04  -7.5869065e-05  -1.9253907e-03
  -1.1451914e-04  -1.0481832e-03  -1.9580215e-04  -2.0304802e-03
  -3.0567927e-04  -8.5343464e-04  -1.0585234e-04  -1.8878587e-03
  -3.0942751e-04  -9.1710245e-04  -6.0877429e-05  -1.7940288e-03
  -2.3071451e-04  -9.7702509e-04   4.0316114e-05  -1.8203012e-03
  -2.0447685e-04  -6.5868606e-04   2.0522411e-04  -2.0154674e-03
  -3.2442046e-04  -7.2235387e-04  -2.2203752e-04  -2.2481656e-03
  -2.5695218e-04  -8.9088629e-04  -4.1692878e-04  -2.0905314e-03
  -3.3566518e-04  -8.5717981e-04   7.4047295e-05  -1.9141311e-03
  -4.4061584e-04  -9.6578959e-04   1.1527429e-04  -2.0379866e-03
  -3.7689580e-04  -9.0586695e-04  -2.1454170e-04  -2.0342334e-03
  -3.4690989e-04  -1.0257122e-03  -2.7146248e-05  -1.9103779e-03
  -3.8439227e-04  -9.6578959e-04  -1.0960025e-04  -1.9967014e-03
  -3.1317575e-04  -5.8003760e-04  -1.4333143e-04  -1.9929482e-03
  -2.2696628e-04  -8.6841530e-04  -3.4642066e-05  -2.0229738e-03
  -4.7060175e-04  -8.7216047e-04  -3.1198733e-04  -2.1430761e-03
  -4.0688170e-04  -9.3208311e-04  -1.8830634e-04  -1.9328971e-03
  -4.1062994e-04  -1.2616576e-03  -2.1079379e-04  -2.1393229e-03
  -5.5681122e-04  -8.6092497e-04  -2.9699570e-04  -2.3044636e-03
  -3.8439227e-04  -8.3470882e-04  -2.3328124e-04  -1.9591695e-03
  -4.2937113e-04  -1.0706542e-03  -4.0943297e-04  -2.0980378e-03
  -3.6190284e-04  -1.0968704e-03  -4.0943297e-04  -1.9967014e-03
  -3.8814051e-04  -1.1081059e-03  -1.9580215e-04  -1.7715096e-03
  -4.5935703e-04  -9.3957344e-04  -3.0894157e-05  -2.1017910e-03
  -1.1826737e-04  -7.9351200e-04  -4.6587940e-06  -2.1130505e-03
  -1.4075680e-04  -7.8976684e-04   2.1576569e-05  -1.8690927e-03
  -1.6324623e-04  -7.7104101e-04   1.0332842e-05  -1.8803523e-03
  -1.7074271e-04  -7.2984420e-04  -2.0329797e-04  -1.7114585e-03
  -1.9323213e-04  -9.5455410e-04  -3.2323106e-04  -1.7077053e-03
  -1.5949799e-04  -7.6729585e-04  -1.0210443e-04  -1.9066247e-03
  -3.4316165e-04  -7.8976684e-04  -3.8389975e-05  -1.8503268e-03
  -1.3700856e-04  -8.3845398e-04  -1.5457515e-04  -1.8690927e-03
  -1.5200152e-04  -5.3884078e-04  -6.4625338e-05  -1.7302244e-03
  -2.6070042e-04  -1.0107316e-03   1.7149293e-04  -1.8090416e-03
  -1.2201561e-04  -9.4331860e-04  -8.4067030e-06  -1.9479099e-03
  -2.1572156e-04  -7.4107969e-04  -7.9616974e-05  -1.9967014e-03
  -3.4316165e-04  -9.4706377e-04   6.6551477e-05  -2.1505825e-03
  -3.2816870e-04  -8.9463146e-04  -2.7450824e-04  -2.0079610e-03
  -2.4195923e-04  -7.2609903e-04  -3.4946642e-04  -2.0379866e-03
  -1.1077090e-04  -6.7741189e-04  -1.2833979e-04  -2.0342334e-03
  -1.7823918e-04  -1.1530478e-03   2.1576569e-05  -1.9291439e-03
  -3.0567927e-04  -9.8077025e-04  -9.0860701e-05  -1.9291439e-03
  -1.7449094e-04  -6.9988288e-04  -4.2137884e-05  -2.0042078e-03
  -4.4811232e-04  -9.7327992e-04  -1.9650430e-05  -1.8540799e-03
  -2.3071451e-04  -8.0849266e-04  -5.7129520e-05  -1.8690927e-03
   2.4165670e-05  -8.9088629e-04   1.6024920e-04  -2.1393229e-03
  -3.8814051e-04  -7.9351200e-04  -2.2203752e-04  -1.9178843e-03
  -1.5200152e-04  -6.6617639e-04  -1.4707934e-04  -2.1055441e-03
  -2.3446275e-04  -1.0818897e-03   6.5849330e-06  -2.2556720e-03
  -4.5560879e-04  -7.9351200e-04  -2.8949988e-04  -2.1505825e-03
  -7.3288518e-05  -7.1860870e-04  -4.5885793e-05  -2.1468293e-03
  -8.8281470e-05  -8.3845398e-04  -6.4625338e-05  -2.1205569e-03
  -3.3941342e-04  -7.5980552e-04  -1.0585234e-04  -2.2556720e-03
  -2.0072861e-04  -9.3582827e-04   1.0332842e-05  -1.9967014e-03
  -1.8573566e-04  -7.4107969e-04  -1.3958352e-04  -2.0867782e-03
  -3.8814051e-04  -7.1111837e-04  -4.2137884e-05  -2.3194764e-03
  -3.1692399e-04  -7.9725717e-04  -2.7146248e-05  -2.1430761e-03
  -2.5320394e-04  -8.9837662e-04   8.5291022e-05  -2.1956209e-03
  -2.1572156e-04  -8.4594431e-04  -2.3398339e-05  -2.1881145e-03
  -1.1826737e-04  -8.6467014e-04  -1.8081052e-04  -2.2106337e-03
  -1.4075680e-04  -9.8826058e-04   3.9636747e-04  -2.4057999e-03
  -2.7569337e-04  -6.2872474e-04   1.0777848e-04  -2.3532552e-03
  -2.2321804e-04  -6.4745057e-04  -1.1709606e-04  -2.1355697e-03
  -6.5792042e-05  -6.1748925e-04   2.3520738e-04  -2.2556720e-03
  -4.7050852e-05  -6.7741189e-04   1.6774502e-04  -2.2106337e-03
  -1.4825328e-04  -8.5717981e-04   7.4047295e-05  -1.8615863e-03
  -6.9540280e-05  -4.4895682e-04  -6.4625338e-05  -1.8803523e-03
   1.2161986e-04  -7.3358936e-04   2.5019902e-04  -1.8690927e-03
  -8.0784994e-05  -1.0444381e-03   1.3776175e-04  -1.9404035e-03
  -1.8198742e-04  -8.0100233e-04   8.1543113e-05  -1.8916119e-03
  -7.7036756e-05  -8.1598299e-04   3.7013211e-04  -1.8052884e-03
   1.1037514e-04  -7.5231519e-04   1.2651802e-04  -2.1393229e-03
   5.7899812e-05  -7.6355068e-04   2.3145947e-04  -1.9291439e-03
  -2.0822509e-04  -6.2123441e-04   8.5291022e-05  -1.7114585e-03
  -2.4561424e-05  -6.3621507e-04  -1.3583561e-04  -1.9028715e-03
   7.2892764e-05  -9.5829926e-04   1.5650129e-04  -2.0154674e-03
  -3.2057900e-05  -9.0961212e-04   1.7524084e-04  -1.9629227e-03
  -2.0072861e-04  -7.7853134e-04   1.6774502e-04  -1.8353140e-03
  -2.3446275e-04  -7.5231519e-04   1.5650129e-04  -2.0342334e-03
  -5.8295566e-05  -7.4857002e-04   1.7828660e-05  -1.9929482e-03
  -2.3446275e-04  -6.8115705e-04  -5.3381611e-05  -2.0154674e-03
  -3.8814051e-04  -7.1486354e-04  -4.5885793e-05  -2.0417398e-03
  -2.5320394e-04  -6.2497958e-04  -4.2137884e-05  -1.8015352e-03
  -2.1946980e-04  -7.1486354e-04  -1.6581888e-04  -2.1580889e-03
  -2.3071451e-04  -9.2459278e-04   6.2803568e-05  -2.1881145e-03
  -1.6324623e-04  -7.0737321e-04   1.6399711e-04  -2.1092973e-03
  -1.7074271e-04  -7.6729585e-04  -3.4642066e-05  -2.1393229e-03
  -2.2321804e-04  -9.7327992e-04   6.6551477e-05  -1.8803523e-03
  -2.7194513e-04  -8.6467014e-04  -1.0210443e-04  -2.0642590e-03
  -3.4316165e-04  -9.1710245e-04  -2.6701242e-04  -2.0905314e-03
  -2.6819689e-04  -9.2459278e-04   3.2820296e-05  -2.2031273e-03
  -2.2321804e-04  -6.9613771e-04  -4.9633702e-05  -2.2444124e-03
  -3.2816870e-04  -9.4706377e-04  -2.8200406e-04  -1.9516631e-03
  -4.4436408e-04  -9.4331860e-04  -2.8949988e-04  -1.9479099e-03
  -2.9443456e-04  -7.2984420e-04  -2.7076033e-04  -2.0304802e-03
  -2.2321804e-04  -7.7853134e-04  -7.9616974e-05  -2.0154674e-03
  -5.5306298e-04  -8.0849266e-04  -2.5951661e-04  -2.0905314e-03
  -3.4690989e-04  -9.0212179e-04  -1.9205424e-04  -2.3419956e-03
  -2.0447685e-04  -7.7478618e-04   1.0332842e-05  -2.1092973e-03
  -4.2562289e-04  -9.9200575e-04  -3.4571851e-04  -1.9816886e-03
  -2.8318985e-04  -1.0818897e-03  -1.8081052e-04  -2.0792718e-03
  -3.3191694e-04  -9.8077025e-04   1.0332842e-05  -2.0867782e-03
  -5.0808413e-04  -9.8826058e-04  -9.4608610e-05  -2.1168037e-03
  -4.0688170e-04  -8.3845398e-04  -1.2084397e-04  -2.0605058e-03
  -2.3821099e-04  -8.8339596e-04  -2.0329797e-04  -2.2068805e-03
  -2.9068632e-04  -8.7590563e-04  -2.0704588e-04  -1.9516631e-03
  -2.6819689e-04  -9.0586695e-04  -1.2459188e-04  -1.7564968e-03
  -2.2321804e-04  -6.5494090e-04   1.2277011e-04  -1.8165480e-03
  -1.8573566e-04  -5.3135045e-04   2.9072387e-05  -1.9178843e-03
  -1.3700856e-04  -7.5980552e-04  -4.5885793e-05  -2.0942846e-03
  -3.3941342e-04  -8.8339596e-04   1.7524084e-04  -1.9854418e-03
  -3.4690989e-04  -1.0219671e-03   8.9038931e-05  -1.8353140e-03
  -2.0822509e-04  -8.8714113e-04  -1.2459188e-04  -1.8165480e-03
  -1.8948390e-04  -8.6467014e-04  -1.2833979e-04  -2.0004546e-03
  -4.7434998e-04  -8.0849266e-04  -1.5457515e-04  -1.9816886e-03
  -6.2053127e-04  -8.8714113e-04  -2.1079379e-04  -1.9704291e-03
  -2.3071451e-04  -8.6841530e-04   4.4064023e-05  -1.9404035e-03
  -1.4450504e-04  -5.8003760e-04  -2.1454170e-04  -1.8052884e-03
  -2.0447685e-04  -8.9463146e-04  -3.0074361e-04  -1.9854418e-03
  -4.7050852e-05  -7.1860870e-04  -9.1088500e-07  -2.0830250e-03
  -1.5200152e-04  -6.0625375e-04  -1.9580215e-04  -2.0867782e-03
  -1.9698037e-04  -7.1111837e-04  -1.4333143e-04  -1.9967014e-03
  -1.1077090e-04  -6.6992156e-04  -1.5082725e-04  -1.8803523e-03
  -2.8693808e-04  -1.1717737e-03  -1.2833979e-04  -2.0905314e-03
  -2.6070042e-04  -9.4331860e-04  -4.9633702e-05  -2.1693485e-03
  -1.7823918e-04  -8.2721849e-04  -6.0877429e-05  -2.0492462e-03
  -3.6565108e-04  -1.0294574e-03   2.8370240e-06  -2.2256465e-03
  -1.3326033e-04  -6.5868606e-04   1.4080751e-05  -2.1468293e-03
   3.9158622e-05  -7.2235387e-04   1.1152638e-04  -1.9929482e-03
  -2.6070042e-04  -8.5717981e-04   3.6568205e-05  -2.2218933e-03
  -2.5695218e-04  -9.6953476e-04   2.5019902e-04  -2.3119700e-03
  -9.5777946e-05  -9.9575091e-04   3.5888838e-04  -2.3082168e-03
  -7.7036756e-05  -5.6505694e-04   8.5291022e-05  -2.0492462e-03
  -2.1197332e-04  -7.3733453e-04   2.8370240e-06  -1.9141311e-03
  -2.4195923e-04  -8.8339596e-04  -3.3822270e-04  -2.2594252e-03
   1.2911633e-04  -7.7853134e-04  -3.4571851e-04  -2.3870339e-03
   1.6762420e-06  -9.5080893e-04   2.2396365e-04  -2.3720211e-03
  -5.0808413e-04  -7.2235387e-04  -2.5202079e-04  -2.5559278e-03
  -6.6551012e-04  -7.0362804e-04  -2.8949988e-04  -2.4470851e-03
  -3.9563699e-04  -7.5980552e-04   9.2786840e-05  -2.6009662e-03
   3.2027647e-04  -8.1972816e-04  -8.7417368e-04  -2.5409150e-03
  -5.6805593e-04  -9.5080893e-04  -1.9650430e-05  -2.1993741e-03
  -5.8202340e-06  -7.0737321e-04  -3.9444133e-04  -2.4020467e-03
   3.6900357e-04  -8.2347332e-04  -2.7076033e-04  -1.9216375e-03
  -9.5037621e-04  -7.2235387e-04   1.3108573e-03  -2.5709406e-03
   9.0874984e-04  -8.3470882e-04  -6.6429078e-04  -1.6964457e-03
  -1.8799392e-03  -7.5606035e-04   1.6444212e-03  -2.3795275e-03
   1.2685807e-03  -6.2123441e-04  -1.6237555e-03  -1.8953651e-03
  -1.3700856e-04  -9.1710245e-04   1.3933113e-03  -1.5012794e-03
  -1.3364447e-03  -4.5644715e-04  -3.0823942e-04  -3.0888818e-03
   2.8878195e-03  -7.9351200e-04  -1.5562931e-03  -4.1660550e-04
  -4.7136072e-03  -5.6505694e-04   3.4321738e-03  -3.9446107e-03
   5.5303273e-03  -8.9463146e-04  -5.6939847e-03   2.7022955e-04
  -5.8905539e-03  -4.6393748e-04   8.3119513e-03  -3.6931465e-03
   4.0460250e-03  -9.6953476e-04  -1.0566266e-02  -1.9516631e-03
  -1.9024287e-03  -8.1223783e-04   4.4685408e-02   1.7452360e-03
  -7.1423722e-04   7.9533100e-06  -7.0349163e-02  -3.9843940e-02
   2.8836871e-02  -1.4934362e-04  -1.9828778e-01  -7.0875373e-02
  -1.6089509e-02   7.2024153e-03   4.3467338e-02  -1.0942446e-01
   3.3049891e-02   4.2549704e-03  -2.5303045e-02  -1.2527796e-01
  -1.2316542e-01  -1.5324752e-02  -1.2729489e-01  -6.4577508e-02
  -7.8197813e-02  -2.2088520e-02  -2.4665900e-02  -5.5149477e-02
   1.7708718e-01   7.0455400e-04  -1.0142682e-01  -8.0813838e-02
  -1.0705925e-01   1.3670315e-02  -1.0346943e-01  -5.4883000e-02
   2.1111753e-02   1.5397258e-03   6.4155093e-03  -4.1326453e-02
   2.4124202e-01  -2.1627865e-02  -2.1393975e-02  -4.9425852e-02
   4.7150762e-02  -3.7552306e-02   1.5838572e-01  -4.8172284e-02
  -7.0716330e-02  -2.0905048e-02   3.4513279e-01  -5.0957156e-02
  -1.3138156e-01  -1.5040120e-02   6.3030721e-03  -4.5747719e-02
   9.7043558e-02  -1.5609385e-02   2.6841613e-02  -4.2159663e-02
   8.2556618e-02  -1.8121969e-03   1.7475589e-02  -4.1630462e-02
  -3.6828510e-02   7.2327982e-04  -1.2863664e-01  -3.1849630e-02
   3.5718636e-02  -5.3289068e-03  -5.3379333e-03  -3.8350168e-02
   1.3941373e-02  -1.0553412e-02  -8.0119962e-02  -3.6398505e-02
   3.1164620e-03  -1.0916693e-02  -1.1394554e-02  -1.4438549e-02
  -5.1008095e-02  -4.0405701e-03  -2.6919095e-03  -2.5379119e-02
  -2.5403881e-02   2.5059784e-03  -2.3309157e-02  -2.3134707e-02
   2.9432841e-02   2.6969818e-03   2.0361479e-02  -9.1578070e-04
   1.9511255e-02   1.5547065e-03  -1.5914532e-02  -2.0901555e-02
   2.6059427e-02   3.6374398e-04  -4.0149214e-03  -2.7589752e-02
   6.1656443e-02   1.7831615e-03  -1.2533919e-02  -2.0623818e-02
  -4.7323484e-03  -1.5238192e-03   3.9418894e-03  -6.1064522e-03
  -8.3662744e-02  -7.0217214e-03  -4.5440787e-04  -2.7398344e-03
  -1.0557110e-02  -4.6547771e-03  -8.0139403e-03  -3.2269988e-02
   8.1428492e-03   3.1801081e-03  -1.5787806e-03  -1.7422341e-02
  -6.2203988e-03   4.6032708e-03  -3.3477936e-03  -4.4925774e-03
  -4.0314278e-03  -2.1492617e-03  -2.6806658e-03  -2.7522194e-02
  -2.8732223e-03  -5.4113004e-03  -9.1533047e-03  -2.6516337e-02
   8.8662591e-03  -4.1117282e-03  -9.1120777e-03  -1.4123281e-02
  -1.9076855e-02  -1.0369477e-03  -1.6574867e-03  -1.1154502e-02
  -1.9695314e-02   4.9107959e-04  -1.1469512e-02  -7.4801223e-03
   5.5753061e-03   2.8430432e-03  -1.2271565e-02   3.0025570e-03
  -1.5590994e-02   4.1838123e-03  -1.2687583e-02   9.0076722e-03
  -6.4228037e-03   3.1505684e-04  -2.2465877e-02  -4.3236836e-03
   9.8108151e-03  -5.6210297e-03  -6.1774649e-03  -9.5556402e-03
  -1.7873671e-02  -8.2389000e-03  -3.6430586e-02   8.6322899e-05
   3.9635638e-03  -4.6023448e-03  -2.7263201e-02  -1.1334661e-03
  -2.2116676e-02   1.5809226e-03  -1.8152034e-02  -7.1123089e-03
   1.5125817e-02   5.0489454e-03  -3.2761383e-02  -6.6844445e-03
  -1.5253652e-02   1.9854004e-03  -5.1437442e-04   7.2436639e-04
  -8.2729433e-02  -1.8945905e-03  -1.1709379e-02   1.2685800e-03
   1.9940794e-01  -3.2503402e-03  -5.5185351e-04  -5.3745787e-03
   2.1084756e-01  -5.7858169e-03   3.0386433e-03  -4.9354547e-03
  -1.4114095e-03  -3.9694119e-03  -4.9069238e-03   3.2052296e-03
   3.3743315e-02   6.4130785e-05   3.9981080e-03   5.5885097e-03
   1.3206719e-02   1.7681809e-03  -3.3365499e-03  -3.1376733e-03
   1.3199222e-02   1.7382195e-03   1.3670759e-03  -5.3783319e-03
   3.6138439e-02  -1.6436645e-03  -1.2227292e-03   2.9800378e-03
  -1.3491981e-02  -5.2352777e-03  -1.6207097e-04   3.4229150e-03
  -2.9553180e-02  -6.4224950e-03   4.6008192e-04  -1.0084841e-02
  -1.4301600e-02  -2.0443971e-03  -1.0428296e-03  -1.2306734e-02
  -1.1276772e-02   3.6145472e-03   3.2890511e-04   2.1355685e-03
   1.2536810e-04   3.3598760e-03  -8.7417368e-04   5.5810033e-03
   2.9530295e-02   7.3826048e-04   2.5394693e-04  -4.8078460e-03
   3.6262224e-03  -1.0294574e-03  -7.4299687e-04  -2.5259022e-03
   2.0557107e-03  -2.6061719e-03  -6.4555123e-04   5.2394624e-03
   2.8518271e-02  -4.0705314e-03  -5.4435769e-04  -1.0096106e-03
  -7.1237242e-03  -2.7072913e-03  -5.8558469e-04  -3.9671299e-03
  -1.8417165e-02   1.2775642e-03  -4.1318088e-04  -8.0693799e-04
  -1.0043602e-02   2.3337008e-03  -7.1676150e-04  -1.3211260e-03
  -6.7638933e-03  -3.7030836e-04  -3.0074361e-04  -5.5697450e-03
  -9.5412445e-04  -2.7934301e-03  -4.3566833e-04  -7.1911261e-03
  -5.7368761e-03  -2.5687202e-03  -6.3805542e-04  -2.8524304e-03
   1.1223994e-03  -1.2429318e-03  -4.3941624e-04  -2.0454930e-03
  -1.3934273e-02  -7.5231519e-04  -3.3822270e-04  -4.0196746e-03
  -2.2022877e-03   5.4725707e-04  -3.3072688e-04  -3.7644572e-03
   8.7912944e-03   2.8879852e-03  -6.0057633e-04   3.3403390e-04
  -1.0969416e-02   2.7494141e-03  -4.2067669e-04   3.8920647e-03
  -9.5863166e-03  -9.5455410e-04  -1.3958352e-04  -1.8127948e-03
  -1.4504005e-02  -4.5124608e-03  -3.9069342e-04  -5.8512348e-03
  -6.8950817e-03  -4.1641605e-03  -4.4691206e-04  -2.3982935e-03
  -9.5412445e-04  -1.9058260e-03  -5.4810560e-04  -2.2406592e-03
  -2.8844670e-03   1.9521156e-04  -1.4707934e-04  -4.6201861e-03
  -4.2113433e-03   2.4423106e-03  -3.3447479e-04  -4.5526286e-03
   1.7760828e-02   1.8206132e-03  -5.1812233e-04  -1.3511572e-04
  -3.4316165e-04  -1.3103448e-03  -1.5902521e-05  -5.4046100e-04
  -2.2326578e-02  -3.2465951e-03  -2.7825615e-04  -4.1210109e-03
   2.4365223e-02  -2.3477555e-03   1.1152638e-04  -3.1902238e-04
  -6.8313616e-03  -7.3733453e-04  -8.8541741e-04   5.7048531e-04
  -5.4145277e-03  -3.3285671e-04   3.3265302e-04   9.2703903e-04
   1.5257005e-02   3.3003750e-04  -3.7944969e-04  -2.6910429e-03
  -8.4056216e-03  -1.2687263e-04  -4.3192042e-04  -7.6565282e-04
   1.4578574e-02  -1.2391866e-03   6.0999828e-04  -8.4071676e-04
  -3.2816870e-04  -1.7560194e-03  -1.5637889e-03  -4.5376158e-03
   1.8158234e-03  -2.0219261e-03   2.3902551e-03   3.3103191e-03
   3.4762929e-03  -7.7478618e-04  -1.1852501e-03  -9.3116824e-03
  -5.1521510e-03  -9.6911310e-05   4.4509029e-04  -1.6979464e-02
   1.7198592e-02   1.2550933e-03  -3.7825511e-03  -4.2065833e-02
  -4.4811232e-04   1.4573322e-03  -1.8890372e-02  -5.8076971e-02
  -4.2563221e-03  -2.2878328e-03  -1.1694387e-02  -3.7171664e-02
  -8.8665616e-04  -4.0255894e-03  -5.0231089e-03  -4.2467425e-02
  -3.1655849e-03  -3.1042788e-03  -1.2414688e-03  -2.6583895e-02
   9.6983679e-03   2.8509552e-04   4.9756101e-04  -2.3018358e-02
  -1.5834629e-02   3.0003401e-03  -1.8561258e-03  -1.6232578e-02
  -1.7427630e-02   6.4088619e-04   5.3129219e-04   4.9016746e-03
   2.1272927e-02  -2.9619625e-03  -5.4810560e-04  -2.0590039e-02
   1.4825958e-02  -3.0518465e-03  -3.2323106e-04  -2.0672610e-02
  -2.8582387e-02  -7.0695155e-05  -2.3328124e-04  -5.5547322e-03
  -2.1610664e-02   3.9745047e-04  -7.2050941e-04   9.8709018e-04
   2.4252776e-02  -1.9957100e-03  -4.1318088e-04   1.0433881e-03
   1.0901552e-02  -1.3515416e-03  -5.4060978e-04  -7.5927182e-03
   3.3526010e-03   1.6782969e-03  -3.1573524e-04  -1.1259654e-04
  -1.6183215e-02   1.6899540e-04  -5.2187024e-04  -9.2328709e-04
  -1.9863985e-02  -3.4825405e-03  -2.6326452e-04  -3.9521171e-03
   2.6003203e-02  -2.7859398e-03  -4.5440787e-04  -2.0417398e-03
  -1.8975653e-02   6.5586685e-04  -4.1692878e-04  -4.2298537e-03
  -1.4878829e-02   1.0753253e-03  -4.6565160e-04  -2.1318165e-03
   2.5647121e-02  -8.9463146e-04  -5.2936605e-04  -2.2969572e-03
  -1.2727247e-03  -1.3515416e-03  -3.1573524e-04  -1.1071937e-03
  -1.3664306e-03  -6.7366672e-04  -3.9069342e-04  -1.3136253e-04
  -9.9686368e-03  -4.4895682e-04  -2.6701242e-04  -3.8582871e-03
  -8.4917378e-04  -1.6548999e-03  -5.7059305e-04  -8.7449553e-04
   1.2498302e-02  -1.8309227e-03  -4.5065997e-04   5.2544695e-04
  -4.3650210e-03  -4.3772133e-04  -2.5576870e-04  -1.7602500e-03
  -4.7136072e-03   2.3640837e-04  -3.1198733e-04  -1.8203012e-03
  -2.0186240e-03  -5.4258595e-04  -6.0877429e-05  -2.4133063e-03
   4.0197874e-03  -2.1492617e-03  -4.2442460e-04  -1.4224623e-03
   2.2282228e-04  -2.0743584e-03  -4.3192042e-04  -2.2181401e-03
  -7.8771200e-03  -6.2497958e-04  -2.5576870e-04  -2.8824559e-03
  -1.1752705e-03  -4.0401484e-04  -2.9699570e-04  -1.5012794e-03
   7.2470203e-03  -8.7216047e-04  -2.4452497e-04  -1.2498152e-03
   7.5693688e-03  -7.9725717e-04  -2.4077706e-04  -7.8817769e-05
  -2.6258386e-03  -2.3548242e-04  -1.2154612e-05  -8.8575512e-04
  -6.1116999e-03  -6.7741189e-04  -2.7450824e-04  -2.5521746e-03
   1.3510419e-03  -2.0181810e-03  -4.6939951e-04  -1.4937730e-03
   2.7716241e-03  -1.4938579e-03  -4.1692878e-04  -1.1447257e-03
  -9.5777946e-05  -4.0401484e-04  -3.0074361e-04  -1.5838498e-03
  -1.7449094e-04  -2.0177593e-04  -2.1079379e-04  -2.9500135e-03
  -1.0815645e-03  -3.3285671e-04  -2.5951661e-04  -2.7360812e-03
   9.9495931e-04  -1.0219671e-03  -2.5576870e-04  -9.8709144e-04
  -2.1946980e-04  -1.1081059e-03  -4.5440787e-04  -2.0980378e-03
  -2.4046926e-03  -9.0212179e-04  -5.3686187e-04  -2.9087283e-03
   9.1727180e-06  -4.6019232e-04  -5.2187024e-04  -1.7189649e-03
   1.1298959e-03  -3.1038572e-04  -3.3822270e-04  -7.7691241e-04
   4.0460250e-03  -7.0737321e-04  -4.3192042e-04  -1.3774239e-03
   1.2723289e-03  -4.8640847e-04  -4.4316415e-04  -2.3194764e-03
  -4.2150915e-03  -7.1860870e-04  -1.5457515e-04  -1.9741823e-03
  -1.3664306e-03  -1.0818897e-03  -2.8575197e-04  -2.0642590e-03
   1.3435454e-03  -1.2654028e-03  -4.8439115e-04  -2.4883702e-03
   2.4531171e-04  -9.1710245e-04  -5.0687860e-04  -2.3194764e-03
  -1.8424569e-03  -7.8185485e-05  -3.4946642e-04  -2.3044636e-03
  -1.4563883e-03  -5.9876342e-04  -4.6565160e-04  -2.2143869e-03
   4.8894718e-04  -1.1118510e-03  -4.0568506e-04  -2.0379866e-03
  -1.3214518e-03  -8.5717981e-04  -2.1454170e-04  -2.1243101e-03
  -2.5508738e-03  -1.0032412e-03  -2.5202079e-04  -2.4433319e-03
  -1.8274639e-03  -9.0212179e-04  -2.0704588e-04  -1.8390672e-03
   2.0033286e-04  -9.7702509e-04  -2.7076033e-04  -1.3661643e-03
   2.5542263e-03  -9.9200575e-04  -4.3566833e-04  -2.2331528e-03
   5.6766018e-04  -6.0999892e-04  -5.1812233e-04  -2.4921234e-03
  -2.0935888e-03  -6.5494090e-04  -2.5202079e-04  -2.0605058e-03
  -1.1340399e-03  -9.1335728e-04  -3.6445806e-04  -1.6776797e-03
  -8.0784994e-05  -1.2129705e-03  -3.4946642e-04  -2.1956209e-03
  -7.9295021e-04  -8.1598299e-04  -1.6581888e-04  -2.4658511e-03
  -1.1377881e-03  -6.2123441e-04  -2.6701242e-04  -1.8841055e-03
   2.6780114e-04  -9.5080893e-04  -3.8389975e-05  -1.8803523e-03
   1.4484961e-03  -9.4331860e-04  -2.2203752e-04  -1.5838498e-03
  -1.6699447e-04  -8.0849266e-04  -3.7195388e-04  -1.6664201e-03
  -6.9174779e-04  -5.2011496e-04  -1.3958352e-04  -1.8165480e-03
  -6.2043804e-05  -9.9200575e-04  -2.3328124e-04  -1.5200454e-03
   7.1384146e-04  -1.1530478e-03  -3.0074361e-04  -1.6889393e-03
   1.0624276e-03  -6.4370540e-04  -2.2203752e-04  -1.7940288e-03
  -1.3700856e-04  -4.3772133e-04  -3.9444133e-04  -2.2256465e-03
   1.5535400e-04  -6.3996024e-04  -4.2067669e-04  -2.3157232e-03
   2.0033286e-04  -9.6204443e-04  -3.7570179e-04  -1.9779355e-03
   5.1518485e-04  -7.4107969e-04  -4.3566833e-04  -1.9103779e-03
   3.1652823e-04  -7.3358936e-04  -9.4608610e-05  -1.8540799e-03
   2.7904585e-04  -5.7254727e-04  -2.6326452e-04  -1.8615863e-03
   1.6021739e-03  -5.8752793e-04  -2.6326452e-04  -1.5650838e-03
   1.0436864e-03  -8.3096365e-04  -1.6207097e-04  -1.5951094e-03
   3.6900357e-04  -6.1374408e-04  -5.5560142e-04  -1.8878587e-03
  -1.2576385e-04  -9.3208311e-04  -4.3566833e-04  -1.8278076e-03
  -3.2057900e-05  -9.6578959e-04  -5.2561815e-04  -1.9741823e-03
   5.2268132e-04  -7.2609903e-04  -4.1692878e-04  -2.0229738e-03
   7.6641002e-05  -8.3845398e-04  -2.1454170e-04  -1.7114585e-03
  -1.2201561e-04  -7.4482486e-04  -3.0074361e-04  -1.8841055e-03
  -6.2043804e-05  -8.9837662e-04  -4.0568506e-04  -2.1280633e-03
  -1.1451914e-04  -9.2459278e-04  -3.7195388e-04  -1.8653395e-03
  -2.1946980e-04  -7.9351200e-04  -3.4946642e-04  -1.7865224e-03
  -3.7314756e-04  -7.8976684e-04  -7.3924896e-04  -2.0379866e-03
  -3.7314756e-04  -7.6355068e-04  -4.9563487e-04  -1.9854418e-03
  -4.4811232e-04  -9.3957344e-04  -5.4435769e-04  -1.7865224e-03
  -3.0567927e-04  -1.0706542e-03  -6.6054287e-04  -2.0905314e-03
  -2.7569337e-04  -8.6467014e-04  -3.3072688e-04  -2.2106337e-03
  -1.1640258e-03  -7.8602167e-04  -4.3192042e-04  -2.0529994e-03
  -1.1902634e-03  -1.1343220e-03  -4.0943297e-04  -1.9066247e-03
  -2.4945570e-04  -9.6953476e-04  -4.8813906e-04  -2.1055441e-03
  -1.3700856e-04  -7.9725717e-04  -5.7059305e-04  -2.3645147e-03
  -1.5949799e-04  -8.1598299e-04  -4.1318088e-04  -2.0454930e-03
  -1.8573566e-04  -7.2609903e-04  -3.6445806e-04  -1.9328971e-03
  -1.3316710e-05  -9.2084761e-04  -4.8439115e-04  -1.9854418e-03
  -2.0813186e-05  -9.0961212e-04  -2.8575197e-04  -2.0379866e-03
  -7.2548193e-04  -7.4482486e-04  -1.8455843e-04  -2.0004546e-03
  -6.9549603e-04  -6.9988288e-04  -4.1692878e-04  -1.7902756e-03
   1.5160576e-04  -8.9088629e-04  -4.5065997e-04  -1.6926925e-03
   7.9630270e-04  -8.7216047e-04  -4.9563487e-04  -1.7677564e-03
  -2.2321804e-04  -8.7965080e-04  -3.7195388e-04  -1.7715096e-03
  -1.4264024e-03  -1.2242060e-03  -3.5321433e-04  -1.7189649e-03
  -5.1558060e-04  -1.2728931e-03  -3.1573524e-04  -1.9629227e-03
   1.1787162e-04  -9.2084761e-04  -1.0210443e-04  -1.8653395e-03
  -2.3071451e-04  -7.7104101e-04  -1.9205424e-04  -1.5012794e-03
  -9.5777946e-05  -9.7702509e-04  -3.0823942e-04  -1.5988626e-03
   1.6659871e-04  -8.4219915e-04  -3.0449151e-04  -1.8991183e-03
   3.8399652e-04  -9.5080893e-04  -3.6071015e-04  -1.8690927e-03
  -6.2043804e-05  -9.9575091e-04  -1.3208770e-04  -1.6814329e-03
  -2.0447685e-04  -6.0250859e-04  -8.7112792e-05  -1.7302244e-03
   3.1652823e-04  -7.5606035e-04  -2.8949988e-04  -1.8353140e-03
  -3.3191694e-04  -9.5080893e-04  -2.0329797e-04  -2.0454930e-03
  -1.9698037e-04  -9.5080893e-04  -4.1692878e-04  -2.0492462e-03
   5.7890489e-04  -1.1006155e-03  -2.4077706e-04  -1.8052884e-03
   3.5401061e-04  -8.7965080e-04  -7.2121156e-05  -1.8953651e-03
   2.5655643e-04  -5.8378276e-04  -3.1948315e-04  -2.0079610e-03
