  -1.2951209e-04  -8.6092497e-04  -3.0449151e-04  -2.1243101e-03
  -1.7064948e-05  -8.9463146e-04  -7.2121156e-05  -1.9591695e-03
  -1.7074271e-04  -9.3957344e-04   1.6024920e-04  -2.2293996e-03
  -1.9323213e-04  -8.5717981e-04  -4.5440787e-04  -2.3344892e-03
  -2.0813186e-05  -1.0257122e-03  -3.8319760e-04  -2.3119700e-03
  -2.0447685e-04  -5.4633111e-04  -2.2203752e-04  -2.2031273e-03
  -2.3821099e-04  -1.0219671e-03  -2.4077706e-04  -2.3795275e-03
  -1.6699447e-04  -1.2316963e-03   6.2803568e-05  -2.2256465e-03
  -1.7449094e-04  -6.7741189e-04  -1.7706261e-04  -2.2594252e-03
  -2.8309662e-05  -8.5717981e-04  -1.6207097e-04  -2.3194764e-03
  -1.4075680e-04  -7.3733453e-04  -1.9580215e-04  -2.1468293e-03
  -2.2696628e-04  -9.5829926e-04  -2.4827288e-04  -2.2444124e-03
  -1.4075680e-04  -7.6355068e-04  -1.7331470e-04  -2.4620979e-03
  -1.9698037e-04  -6.1374408e-04  -2.2203752e-04  -2.3044636e-03
  -5.8295566e-05  -1.1155962e-03  -1.9205424e-04  -2.2706848e-03
  -2.2696628e-04  -8.6841530e-04  -2.5576870e-04  -2.6497577e-03
  -3.7689580e-04  -8.9088629e-04  -9.8356519e-05  -2.4883702e-03
  -8.8281470e-05  -1.2129705e-03  -2.5202079e-04  -2.5334086e-03
  -5.4547328e-05  -1.0219671e-03  -2.1828961e-04  -2.4545915e-03
  -1.3700856e-04  -7.6355068e-04  -2.7146248e-05  -2.1168037e-03
  -3.5806138e-05  -9.9200575e-04  -7.5869065e-05  -2.1543357e-03
   6.1648050e-05  -1.1230865e-03  -1.5902521e-05  -2.1505825e-03
  -6.5792042e-05  -7.8227651e-04  -3.0894157e-05  -2.2706848e-03
  -4.3302614e-05  -8.3845398e-04   8.9038931e-05  -2.1393229e-03
   7.2892764e-05  -7.5231519e-04  -6.4625338e-05  -2.1430761e-03
   2.0408109e-04  -7.4107969e-04  -3.0823942e-04  -1.9779355e-03
   1.6659871e-04  -9.0586695e-04  -8.7112792e-05  -1.9028715e-03
   1.1787162e-04  -6.3246991e-04  -9.1088500e-07  -2.2481656e-03
   1.0662691e-04  -8.4594431e-04  -2.7146248e-05  -2.0117142e-03
  -1.6699447e-04  -8.6467014e-04   4.7811932e-05  -2.0942846e-03
   4.6655098e-05  -6.9239255e-04  -1.5082725e-04  -2.0342334e-03
  -6.2043804e-05  -9.2459278e-04  -1.1709606e-04  -1.9554163e-03
  -3.5806138e-05  -7.5980552e-04  -1.5457515e-04  -2.0605058e-03
   2.0033286e-04  -7.4107969e-04  -4.3566833e-04  -2.0830250e-03
  -1.7449094e-04  -7.6355068e-04  -4.0943297e-04  -2.2218933e-03
  -9.5777946e-05  -6.3246991e-04  -9.0860701e-05  -1.7827692e-03
  -2.6070042e-04  -9.8451542e-04   8.9038931e-05  -2.1205569e-03
  -2.8693808e-04  -1.0257122e-03  -1.6207097e-04  -2.1993741e-03
  -2.4561424e-05  -7.9351200e-04  -7.5869065e-05  -1.9253907e-03
  -2.1197332e-04  -8.9088629e-04  -1.0960025e-04  -2.3232296e-03
  -2.5320394e-04  -8.3096365e-04  -2.4077706e-04  -2.2106337e-03
  -1.0702266e-04  -7.5606035e-04  -9.0860701e-05  -2.2143869e-03
   3.1662146e-05  -8.9837662e-04   1.6024920e-04  -2.1130505e-03
   6.5396288e-05  -1.0182219e-03   2.5324478e-05  -2.0942846e-03
  -1.7449094e-04  -9.6953476e-04  -4.0568506e-04  -2.0267270e-03
  -3.6565108e-04  -1.0594187e-03  -7.2121156e-05  -1.9516631e-03
  -1.1451914e-04  -9.4331860e-04  -1.9955006e-04  -2.2519188e-03
  -1.5949799e-04  -7.5980552e-04  -4.2442460e-04  -2.0605058e-03
  -2.4945570e-04  -1.0406929e-03  -2.2578543e-04  -2.0792718e-03
  -2.6070042e-04  -9.8077025e-04  -1.4333143e-04  -2.1693485e-03
  -3.0942751e-04  -8.3096365e-04  -2.2953333e-04  -2.0379866e-03
  -6.5792042e-05  -1.0631639e-03  -4.9938278e-04  -2.1017910e-03
  -6.2043804e-05  -1.1230865e-03  -2.1828961e-04  -2.0379866e-03
  -1.8948390e-04  -1.0931252e-03  -1.7706261e-04  -2.0154674e-03
  -2.7569337e-04  -1.1605382e-03  -3.0449151e-04  -2.1806081e-03
  -2.0447685e-04  -9.4331860e-04  -2.6701242e-04  -1.9967014e-03
  -2.5320394e-04  -8.1972816e-04  -1.5832306e-04  -1.7527436e-03
  -2.4195923e-04  -1.0556735e-03  -2.4827288e-04  -2.1505825e-03
  -1.0702266e-04  -1.0519284e-03  -3.9444133e-04  -2.2444124e-03
  -1.8948390e-04  -9.0586695e-04  -3.0449151e-04  -1.9404035e-03
  -1.4450504e-04  -9.5080893e-04  -4.5440787e-04  -2.0117142e-03
  -1.7074271e-04  -8.9837662e-04  -1.7706261e-04  -2.0192206e-03
  -1.2951209e-04  -8.3845398e-04  -1.6581888e-04  -2.0117142e-03
  -1.1826737e-04  -9.6204443e-04  -2.2953333e-04  -1.8203012e-03
  -2.4195923e-04  -1.0032412e-03   1.4080751e-05  -1.7564968e-03
  -7.7036756e-05  -9.5455410e-04   5.5307750e-05  -2.1505825e-03
  -2.4561424e-05  -9.0212179e-04   8.5291022e-05  -2.0529994e-03
  -3.0193104e-04  -1.0406929e-03  -1.6207097e-04  -1.9178843e-03
  -5.8295566e-05  -9.3208311e-04   2.5324478e-05  -2.0342334e-03
   5.7899812e-05  -8.8714113e-04   3.6568205e-05  -2.0680122e-03
  -1.1451914e-04  -9.9575091e-04  -4.1318088e-04  -1.8953651e-03
   1.5535400e-04  -8.6467014e-04  -2.5576870e-04  -1.7152117e-03
  -8.0784994e-05  -1.0332026e-03  -2.6326452e-04  -1.9328971e-03
  -5.8202340e-06  -9.0961212e-04  -3.8694551e-04  -1.9479099e-03
   2.5655643e-04  -7.9351200e-04  -2.0704588e-04  -1.9404035e-03
  -5.0799090e-05  -8.6467014e-04  -3.0074361e-04  -2.1205569e-03
  -1.1077090e-04  -7.9725717e-04  -1.3958352e-04  -1.9441567e-03
  -2.4570747e-04  -8.3845398e-04   4.4064023e-05  -1.8803523e-03
  -9.5777946e-05  -8.0474750e-04  -1.0960025e-04  -2.1918677e-03
  -8.4533232e-05  -9.5455410e-04  -1.7331470e-04  -1.9666759e-03
  -2.9068632e-04  -8.9837662e-04  -1.9205424e-04  -1.9178843e-03
  -1.8198742e-04  -8.2721849e-04  -2.0329797e-04  -2.2068805e-03
  -3.5806138e-05  -1.1006155e-03  -3.7944969e-04  -1.9816886e-03
   5.4151574e-05  -9.2459278e-04  -3.0074361e-04  -2.2744380e-03
  -2.5695218e-04  -7.4482486e-04  -1.5082725e-04  -2.1280633e-03
  -1.4075680e-04  -9.0961212e-04  -1.1709606e-04  -1.8315608e-03
   9.1727180e-06  -9.7327992e-04  -9.4608610e-05  -2.4433319e-03
  -1.2576385e-04  -8.7965080e-04  -2.8200406e-04  -2.3495020e-03
  -1.2201561e-04  -8.1223783e-04  -1.2459188e-04  -2.4057999e-03
  -2.6444866e-04  -8.4594431e-04  -5.7129520e-05  -2.5033830e-03
  -5.0799090e-05  -8.8339596e-04  -1.8455843e-04  -2.1092973e-03
  -1.4075680e-04  -1.0032412e-03  -2.9699570e-04  -2.3607615e-03
  -5.8202340e-06  -7.9725717e-04  -3.5696224e-04  -2.2631784e-03
   2.5280819e-04  -9.7702509e-04   5.9055659e-05  -2.0980378e-03
  -1.8948390e-04  -1.0444381e-03  -9.1088500e-07  -2.3607615e-03
   4.2906860e-05  -7.4857002e-04  -1.2459188e-04  -2.3757743e-03
  -2.0719960e-06  -1.0856349e-03   3.2820296e-05  -2.4696043e-03
  -2.6819689e-04  -6.9613771e-04  -1.6581888e-04  -2.4658511e-03
  -2.8309662e-05  -8.1972816e-04   1.7828660e-05  -2.4095531e-03
  -2.2696628e-04  -1.0594187e-03  -4.5885793e-05  -2.3832807e-03
  -9.5777946e-05  -5.9876342e-04  -2.7825615e-04  -2.3082168e-03
   8.4137478e-05  -9.0961212e-04  -3.8389975e-05  -2.1543357e-03
  -6.9540280e-05  -8.1223783e-04   8.9038931e-05  -2.0492462e-03
  -1.2576385e-04  -9.0961212e-04   7.4047295e-05  -2.0529994e-03
   3.5410384e-05  -1.0893800e-03  -2.3398339e-05  -1.8991183e-03
   1.4410929e-04  -8.9837662e-04  -9.8356519e-05  -2.1580889e-03
  -2.1946980e-04  -6.9613771e-04  -1.3208770e-04  -2.2031273e-03
   2.4165670e-05  -5.6880210e-04  -8.7112792e-05  -2.1280633e-03
   3.1652823e-04  -8.7216047e-04  -8.7112792e-05  -2.1655953e-03
   7.6641002e-05  -5.9501826e-04  -6.0877429e-05  -2.0154674e-03
   1.0287867e-04  -4.9015364e-04  -5.7129520e-05  -2.3344892e-03
   4.6655098e-05  -7.0362804e-04  -2.2953333e-04  -2.2031273e-03
  -1.7064948e-05  -8.3845398e-04  -1.1334816e-04  -2.0605058e-03
  -5.8295566e-05  -8.0849266e-04  -3.3072688e-04  -1.9516631e-03
  -4.7050852e-05  -7.6729585e-04  -3.9818924e-04  -1.8953651e-03
   1.6285048e-04  -1.0257122e-03  -3.0894157e-05  -2.2819444e-03
   1.1037514e-04  -6.8490222e-04  -2.8949988e-04  -1.9854418e-03
  -1.2576385e-04  -8.2721849e-04  -1.6956679e-04  -1.9216375e-03
  -1.2201561e-04  -1.0032412e-03   1.7828660e-05  -2.0042078e-03
   5.4244800e-06  -6.4370540e-04  -2.9324779e-04  -2.0680122e-03
   9.1727180e-06  -8.5343464e-04  -1.7331470e-04  -2.1731017e-03
  -8.8281470e-05  -9.0586695e-04  -1.5832306e-04  -2.0417398e-03
  -1.2951209e-04  -9.6953476e-04  -2.2953333e-04  -2.3232296e-03
  -1.3700856e-04  -9.9949608e-04  -1.7331470e-04  -2.0267270e-03
  -2.1572156e-04  -8.3470882e-04  -1.3958352e-04  -1.8127948e-03
  -1.6324623e-04  -9.1335728e-04  -4.2137884e-05  -2.2556720e-03
  -1.8573566e-04  -7.7478618e-04  -3.0074361e-04  -2.0379866e-03
  -3.3566518e-04  -8.0849266e-04  -2.5576870e-04  -2.0492462e-03
  -2.4945570e-04  -1.1605382e-03  -1.9650430e-05  -2.1580889e-03
  -6.9540280e-05  -1.0781445e-03  -2.8575197e-04  -1.8803523e-03
  -3.9554376e-05  -8.8339596e-04  -2.3702915e-04  -2.1243101e-03
   5.7899812e-05  -8.9837662e-04  -1.4707934e-04  -2.3082168e-03
  -5.0799090e-05  -1.0444381e-03  -2.8575197e-04  -2.1130505e-03
  -3.4316165e-04  -1.1418123e-03  -1.9955006e-04  -2.1318165e-03
  -1.7074271e-04  -1.2054801e-03  -2.7076033e-04  -2.2369060e-03
  -1.2201561e-04  -1.0706542e-03  -5.1437442e-04  -1.9479099e-03
  -3.0193104e-04  -8.0100233e-04  -4.4691206e-04  -2.0042078e-03
  -1.5949799e-04  -1.0444381e-03  -2.8575197e-04  -2.2181401e-03
  -2.0072861e-04  -1.0219671e-03  -3.6445806e-04  -2.1543357e-03
  -2.7944161e-04  -1.0444381e-03  -4.6565160e-04  -2.2293996e-03
  -1.3326033e-04  -1.1343220e-03  -3.7195388e-04  -2.2481656e-03
  -1.6324623e-04  -7.4482486e-04  -2.9324779e-04  -2.1430761e-03
  -3.2816870e-04  -8.0849266e-04  -4.5065997e-04  -1.8540799e-03
  -2.4195923e-04  -9.4706377e-04  -1.2084397e-04  -2.0154674e-03
  -9.5684720e-06  -9.4331860e-04  -1.2459188e-04  -2.0529994e-03
  -4.7050852e-05  -8.0100233e-04  -6.8303032e-04  -1.7940288e-03
  -2.0822509e-04  -9.2459278e-04  -1.9205424e-04  -1.8203012e-03
  -2.8693808e-04  -1.0669090e-03  -1.5902521e-05  -1.9028715e-03
   9.1727180e-06  -8.6841530e-04  -2.7825615e-04  -1.9591695e-03
   1.4036105e-04  -9.6578959e-04  -1.2084397e-04  -1.7227181e-03
  -1.5949799e-04  -8.4594431e-04  -2.3328124e-04  -1.7339776e-03
  -1.6699447e-04  -9.6578959e-04  -2.7146248e-05  -1.8240544e-03
  -8.8281470e-05  -9.6953476e-04  -8.4067030e-06  -1.9328971e-03
  -1.6324623e-04  -6.1748925e-04  -1.0960025e-04  -2.0304802e-03
  -3.2057900e-05  -6.6992156e-04  -4.2137884e-05  -2.0117142e-03
   2.7904585e-04  -7.6355068e-04  -3.8319760e-04  -2.0567526e-03
   1.2920956e-05  -9.1710245e-04  -1.8830634e-04  -1.9216375e-03
  -1.6699447e-04  -8.1972816e-04  -3.4642066e-05  -2.0792718e-03
   5.4244800e-06  -8.4219915e-04  -1.0585234e-04  -2.0942846e-03
  -1.4075680e-04  -1.0219671e-03   2.5324478e-05  -2.1881145e-03
  -9.9526184e-05  -1.0968704e-03  -2.9699570e-04  -2.2631784e-03
  -7.7036756e-05  -1.0743994e-03  -1.9205424e-04  -2.1205569e-03
   1.4036105e-04  -9.6953476e-04   2.8370240e-06  -2.2894508e-03
   6.9144526e-05  -9.1335728e-04  -2.4452497e-04  -2.0717654e-03
  -2.7194513e-04  -7.4482486e-04  -7.5869065e-05  -2.1393229e-03
   8.0389240e-05  -1.0069864e-03  -6.4625338e-05  -2.1806081e-03
  -1.7064948e-05  -9.5829926e-04  -1.3958352e-04  -2.0417398e-03
  -1.8573566e-04  -7.3733453e-04  -2.4077706e-04  -2.3457488e-03
   2.7913908e-05  -9.0961212e-04  -4.6190369e-04  -2.5183958e-03
  -5.8202340e-06  -8.5717981e-04   1.2651802e-04  -2.7811196e-03
   3.4276590e-04  -9.7702509e-04   1.8273666e-04  -2.4508383e-03
  -1.7074271e-04  -8.4594431e-04  -5.3686187e-04  -2.0379866e-03
  -3.7314756e-04  -5.9501826e-04   5.5003174e-04  -2.5934598e-03
   9.1727180e-06  -7.3358936e-04  -8.4419041e-04  -2.0229738e-03
  -2.6444866e-04  -9.3208311e-04   7.5241882e-04  -2.3495020e-03
   5.8265313e-04  -1.0856349e-03   4.0316114e-05  -2.7473408e-03
  -1.3364447e-03  -8.7216047e-04  -1.0428296e-03  -1.5988626e-03
   4.2897537e-04  -9.0212179e-04   1.9480018e-03  -3.0288306e-03
  -1.7449094e-04  -1.0294574e-03  -3.9362153e-03  -1.6851861e-03
  -2.3821099e-04  -9.8077025e-04   4.9950518e-03  -3.0063114e-03
   5.0768837e-04  -9.3957344e-04  -5.7876824e-03  -2.2481656e-03
  -2.1048335e-03  -8.4968948e-04   4.8301438e-03  -2.1993741e-03
   3.3451045e-03  -1.0219671e-03  -2.8643134e-03  -3.2202437e-03
  -3.8065336e-03  -5.0138913e-04  -1.8336384e-03  -6.5681011e-04
   3.9298297e-03  -8.6092497e-04   9.0690289e-03  -5.2094381e-03
  -3.3267591e-03  -7.2609903e-04  -1.7533629e-02   2.2106324e-03
   1.2123571e-03  -7.4107969e-04   2.5773459e-02  -6.7444956e-03
   3.7424178e-03  -1.1081059e-03  -3.1318438e-02   2.6797820e-03
  -1.2914752e-02  -2.7667923e-04   1.9694351e-02  -2.3269828e-03
   3.2082845e-02  -9.8826058e-04  -7.2256848e-02  -9.7857106e-02
  -3.8057932e-02   3.6374398e-04  -1.2489248e-01  -1.3488990e-01
  -8.0596685e-02  -4.4075962e-03   1.5266641e-01  -5.6170347e-02
   4.5231664e-02  -8.1302902e-03   1.5829577e-01  -2.3596350e-02
   9.5889101e-02   4.6407224e-03   2.3029990e-02  -8.8361518e-02
  -4.1896128e-02   1.1438197e-02  -4.2243593e-02  -8.1159133e-02
  -1.3108545e-01  -5.3551230e-03   8.6766930e-02  -2.6561376e-02
   6.0164644e-02  -2.0848871e-02   7.4106494e-02  -2.0661350e-02
   7.7916300e-02  -7.4187089e-03   9.2081465e-02  -4.8348684e-02
  -1.5890113e-01   1.2011207e-02   2.6208217e-02  -7.3119785e-02
  -1.5442948e-01   3.0382134e-04  -1.4208789e-01  -2.1472041e-02
   7.1930363e-02  -2.1541726e-02  -2.2833173e-02  -1.5087858e-03
   8.9430887e-02  -1.3279892e-02   5.3961483e-02  -4.6168077e-02
  -1.6006683e-01   8.2098647e-03   8.0665335e-02  -3.8436491e-02
  -1.8517627e-01   7.2810637e-03  -5.5841007e-02   6.2866043e-03
   8.4486961e-02  -1.4676839e-02  -5.6556858e-02   8.1932284e-03
   1.5624698e-01  -1.6077530e-02   4.6323244e-02  -2.2091318e-02
  -9.1170465e-02   8.4420649e-03   6.5909817e-02  -2.2646791e-02
  -1.5772043e-01   1.4348190e-02  -2.2533340e-02   8.2119944e-03
   7.9423091e-02  -6.8981310e-03  -5.6496891e-02   1.9891938e-03
   1.3139616e-01  -1.7137412e-02   2.1088573e-02  -1.9884438e-02
  -6.9902962e-02   2.4722719e-03  -3.7525678e-03  -1.1360928e-02
  -1.2599909e-01   1.2947498e-02  -1.2432725e-02  -7.9567783e-03
   5.9696115e-02  -3.7971343e-03  -2.9500703e-02  -2.5859534e-03
   1.1622704e-01  -1.3452170e-02  -1.8039597e-02  -1.6664201e-03
  -6.1233288e-02   8.9930258e-04   6.0407184e-03  -6.1740097e-03
  -1.1998692e-01   1.1161055e-02   1.3289174e-02  -9.2816568e-03
   3.5302582e-02  -1.2167156e-03  -4.2173085e-03  -9.7207809e-03
   9.3467739e-02  -1.1216306e-02  -2.5614121e-02  -4.1660550e-04
  -3.8676392e-02  -6.2872474e-04  -2.8095237e-02   3.5580301e-03
  -8.8959004e-02   8.4757714e-03   1.3154250e-02  -6.5906146e-03
   1.9679926e-02  -4.4146649e-04   1.8022783e-02  -1.2393057e-02
   7.3066080e-02  -9.8043790e-03  -4.1197927e-02   4.2336056e-03
  -1.2907255e-02  -2.9057851e-03  -4.7314514e-02   1.0159904e-02
  -6.0329963e-02   6.7529955e-03   1.3169241e-02  -5.5209534e-03
   6.3436949e-03   1.5771774e-03   1.9982940e-02  -1.1094451e-02
   5.2506994e-02  -7.3475508e-03  -2.5003212e-02   8.4822189e-04
   2.8653301e-03  -3.9656668e-03  -3.8075918e-02   7.3900443e-03
  -4.8819124e-02   4.2512253e-03   2.1541368e-03  -6.0839330e-03
  -1.8151040e-02   1.5621968e-03   2.9532612e-02  -1.4513613e-02
   2.5654617e-02  -6.5797919e-03  -1.9298894e-02  -2.8186516e-03
   1.0384296e-02  -5.4113004e-03  -3.4193085e-02   4.6614700e-03
  -2.8721072e-02   3.0115756e-03  -2.6431867e-03  -2.7398344e-03
  -1.2738585e-02   4.6706837e-03   1.1932431e-02  -9.0076734e-03
   2.4886228e-02  -2.5499944e-03  -2.0419519e-02  -1.7377308e-03
   1.3345404e-02  -5.3626133e-03  -3.8401986e-02   6.5868601e-03
  -1.6396865e-02   4.6298000e-07  -8.4636894e-03   3.7531907e-04
  -1.5163695e-02   2.5958623e-03   1.4986977e-02  -7.5289138e-03
   1.2933097e-02  -1.9357873e-03  -7.2081399e-03  -1.7865224e-03
   1.7329781e-02  -4.6922288e-03  -2.4763346e-02   5.2619816e-03
  -5.9430292e-03  -2.0552110e-04   7.1119182e-04  -1.0809214e-03
  -1.3829322e-02   3.2362855e-03   2.8089667e-02  -8.4897322e-03
  -7.3672664e-04  -2.9165989e-04   7.0788892e-03  -3.8995723e-03
   1.3982604e-02  -4.3963607e-03  -1.0034063e-02   1.4262142e-03
   3.2026715e-03  -2.3365200e-03   1.0170914e-02  -2.2106337e-03
  -1.8379683e-02   1.9254778e-03   2.3517218e-02  -6.7182233e-03
  -2.5883562e-03   6.7833784e-04   7.6223360e-03  -2.9500135e-03
   2.0017267e-02  -3.0930433e-03  -1.6405509e-02   2.9199866e-03
   9.3048030e-03  -2.1043197e-03  -1.7849156e-03   3.3028070e-04
  -1.2813549e-02   1.0715802e-03   1.6463653e-02  -4.5075902e-03
  -8.5592994e-03   3.1131167e-04   6.6703671e-03  -2.3570083e-03
   1.7569668e-02  -2.8121559e-03  -9.9103823e-03   1.3624099e-03
   1.3660256e-02  -2.2616167e-03  -3.2878271e-03  -2.4771163e-04
  -1.2806053e-02   1.4910387e-03   1.0403284e-02  -3.8320148e-03
  -1.1700323e-02   1.2887997e-03   9.6537027e-03  -4.5451222e-03
   8.6263719e-03  -2.3440103e-03  -5.5440683e-03  -1.7414840e-03
   8.2140657e-03  -2.8645882e-03  -4.8169740e-03  -1.0546490e-03
  -1.1681582e-02   2.2517288e-04   7.0713934e-03  -4.3499560e-03
  -1.1250534e-02   1.2138964e-03   5.7109024e-03  -4.7327820e-03
   9.6871232e-03  -1.3065996e-03  -6.5035330e-03  -1.4074495e-03
   1.0545470e-02  -2.3440103e-03  -1.1818068e-02   2.3645078e-04
  -6.9775429e-03  -4.5270199e-04  -3.2241126e-03  -1.8728459e-03
  -9.7025119e-03   3.5625365e-04   1.8430603e-03  -3.5092398e-03
   4.2896605e-03  -1.5088385e-03  -8.8609678e-03  -1.3436452e-03
   8.3714917e-03  -2.5724654e-03  -1.3455904e-02   3.8282546e-04
  -3.3230109e-03  -9.5829926e-04  -2.3883289e-03  -1.7489904e-03
  -8.9453679e-03   5.3227641e-04   3.9568810e-03  -4.4175135e-03
   3.8774476e-04  -5.8003760e-04  -1.5525452e-03  -2.9650263e-03
   5.3766495e-03  -2.1005746e-03  -1.0686199e-02  -6.1927814e-04
  -3.2930250e-03  -1.1455575e-03  -4.4121998e-03  -2.1355697e-03
  -9.5863166e-03   7.1621115e-05   2.7500543e-03  -4.1622961e-03
  -3.2592908e-03  -8.1223783e-04  -2.6469346e-03  -2.9387539e-03
   5.4103837e-03  -1.8758647e-03  -1.1012268e-02  -3.7532033e-04
   2.2018919e-03  -1.4526610e-03  -5.1355462e-03  -9.7207866e-04
  -5.3957865e-03  -4.9764397e-04   1.5844546e-03  -2.8899623e-03
  -1.8499533e-03  -6.8490222e-04  -1.3988809e-03  -2.2969572e-03
   5.8039487e-03  -1.5238192e-03  -7.4067791e-03  -3.1151598e-04
   3.5625023e-03  -1.4489159e-03  -6.2111961e-03  -1.9892007e-04
  -3.6865900e-03  -4.2648583e-04   2.5064402e-03  -2.3007104e-03
  -3.3867309e-03  -3.2536638e-04   3.7694856e-03  -2.5559278e-03
   2.9290501e-03  -1.1830092e-03  -1.7811677e-03  -1.2573216e-03
   2.7753724e-03  -1.2953641e-03  -1.0960025e-04  -1.3361388e-03
  -3.3642415e-03  -4.4521166e-04   6.4080135e-03  -2.7023025e-03
  -3.5516534e-03  -7.0273500e-06   7.6598151e-03  -3.5505250e-03
   2.6179464e-03  -1.0519284e-03   2.0491953e-03  -2.1168037e-03
   3.4800411e-03  -1.2541673e-03  -1.9685631e-03  -7.3187405e-04
  -1.8462051e-03  -2.2799209e-04   1.9517497e-03  -1.5575774e-03
  -2.5808597e-03  -2.5046308e-04   6.0144831e-03  -2.4095531e-03
   2.4980028e-03  -7.6355068e-04   3.8856707e-03  -1.5763434e-03
   4.6532396e-03  -1.0481832e-03  -3.1198733e-04  -4.4663107e-04
   1.8083270e-03  -8.0849266e-04   3.7282586e-03  -1.1672449e-03
  -5.8679712e-04  -4.4146649e-04   6.2918283e-03  -2.6384981e-03
   2.1907405e-04  -8.6841530e-04   3.0686266e-03  -2.3194764e-03
   1.5309573e-03  -1.3065996e-03  -4.3941624e-04  -1.2272961e-03
  -4.5560879e-04  -1.3740126e-03   1.9105227e-03  -1.7677564e-03
  -2.9406906e-03  -8.9463146e-04   5.4635404e-03  -3.0213242e-03
  -1.1565293e-03  -6.8115705e-04   3.1210973e-03  -2.7886260e-03
   1.7783411e-03  -1.1380672e-03  -1.4401079e-03  -1.6063689e-03
   1.1149029e-03  -8.8339596e-04  -1.1515189e-03  -1.7339776e-03
  -1.6625414e-03  -5.6505694e-04   1.5469755e-03  -2.5071362e-03
  -1.8724428e-03  -9.6578959e-04  -3.4571851e-04  -2.1693485e-03
   7.7006503e-04  -1.3403061e-03  -4.3035104e-03  -1.2798408e-03
   1.0586794e-03  -1.3927384e-03  -4.7607553e-03  -1.1034405e-03
  -1.2539835e-03  -8.8714113e-04  -3.1116754e-03  -1.8127948e-03
  -1.9399110e-03  -7.0362804e-04  -3.4040123e-03  -2.1055441e-03
  -3.8439227e-04  -1.1717737e-03  -5.2742188e-03  -1.5463178e-03
  -1.8198742e-04  -1.2354415e-03  -5.0980671e-03  -1.4524879e-03
  -2.1685536e-03  -1.2616576e-03  -1.3464102e-03  -2.4245659e-03
  -2.9444388e-03  -1.0594187e-03   5.9055659e-05  -2.7736132e-03
  -1.3027106e-03  -9.0961212e-04  -2.5457411e-03  -2.1092973e-03
   2.4905995e-04  -1.0893800e-03  -4.1573420e-03  -1.7039521e-03
  -3.3566518e-04  -8.1223783e-04  -2.0622608e-03  -1.7602500e-03
  -1.5500943e-03  -6.2497958e-04  -1.5562931e-03  -1.9404035e-03
  -7.0299250e-04  -8.5343464e-04  -2.4220601e-03  -1.6926925e-03
   1.0661758e-03  -1.2541673e-03  -3.5314412e-03  -1.4637475e-03
   5.4517075e-04  -1.2129705e-03  -3.4564830e-03  -1.4187091e-03
  -1.1865152e-03  -7.5231519e-04  -1.7661760e-03  -1.5613306e-03
  -5.7555241e-04  -7.7853134e-04  -9.4913186e-04  -1.8052884e-03
   1.1823712e-03  -9.6953476e-04  -1.3089311e-03  -1.5313050e-03
   2.7529762e-04  -8.9088629e-04  -1.5832306e-04  -1.8765991e-03
  -1.3064588e-03  -8.9837662e-04   1.7493626e-03  -2.2706848e-03
  -9.4287973e-04  -8.9463146e-04   2.4464737e-03  -2.1393229e-03
   3.2402471e-04  -9.5455410e-04   2.5664068e-03  -2.2706848e-03
   9.0500160e-04  -8.7590563e-04   2.3415322e-03  -1.8841055e-03
   5.7899812e-05  -6.7366672e-04   2.8849790e-03  -2.1318165e-03
  -2.0719960e-06  -8.4594431e-04   3.2972490e-03  -2.4508383e-03
   1.4972232e-03  -7.4482486e-04   2.5214319e-03  -1.6326413e-03
   1.5347056e-03  -9.1335728e-04   1.6481691e-03  -1.5988626e-03
   4.7770247e-04  -1.0032412e-03   1.6406733e-03  -1.7940288e-03
   3.9898947e-04  -6.4370540e-04   1.7193793e-03  -1.8690927e-03
   9.6122517e-04  -8.8714113e-04   1.5507234e-03  -1.8803523e-03
   8.7501570e-04  -9.8077025e-04   1.1834284e-03  -1.6589137e-03
  -2.1197332e-04  -8.2721849e-04   1.4495299e-03  -2.1243101e-03
  -5.3432179e-04  -7.1486354e-04   1.7493626e-03  -2.4095531e-03
   2.0782933e-04  -6.7741189e-04   1.8130771e-03  -2.6009662e-03
   6.9144526e-05  -7.5231519e-04   1.0522515e-03  -2.4808638e-03
  -7.2923017e-04  -9.0961212e-04   6.4372946e-04  -2.1243101e-03
  -5.3807003e-04  -7.7478618e-04   3.6638420e-04  -2.5484214e-03
   3.1662146e-05  -7.2235387e-04  -6.9802196e-04  -2.3682679e-03
   3.5401061e-04  -9.2833794e-04  -1.8411342e-03  -2.0342334e-03
   7.6641002e-05  -6.3621507e-04  -2.0884962e-03  -2.2744380e-03
  -3.2442046e-04  -7.0737321e-04  -2.2421605e-03  -2.1205569e-03
  -3.9554376e-05  -9.7702509e-04  -2.7743635e-03  -2.0755186e-03
   5.0403336e-05  -9.7702509e-04  -2.7968510e-03  -2.0529994e-03
  -3.4316165e-04  -1.0594187e-03  -3.0704484e-03  -2.1918677e-03
  -1.1415363e-03  -8.9088629e-04  -2.5494890e-03  -2.4283191e-03
  -1.1340399e-03  -6.1374408e-04  -1.3651498e-03  -2.4508383e-03
  -3.3941342e-04  -7.9351200e-04  -1.1815022e-03  -2.6347449e-03
  -4.7434998e-04  -9.3957344e-04  -1.2452167e-03  -2.1017910e-03
  -7.3297841e-04  -7.2984420e-04  -1.4326121e-03  -1.9967014e-03
  -3.2442046e-04  -7.8602167e-04  -1.6312513e-03  -2.2293996e-03
   4.3647185e-04  -9.3582827e-04  -1.2789479e-03  -1.9028715e-03
   9.1633954e-05  -9.6578959e-04  -1.6874699e-03  -1.9366503e-03
  -1.5200152e-04  -7.3733453e-04  -1.9048487e-03  -1.6551605e-03
   7.6631679e-04  -6.1748925e-04  -1.3876372e-03  -1.7452372e-03
   6.8010732e-04  -8.4968948e-04  -1.1815022e-03  -2.0755186e-03
   1.8533990e-04  -9.5455410e-04  -1.3351665e-03  -1.8615863e-03
  -2.3446275e-04  -9.5829926e-04  -8.7417368e-04  -1.8765991e-03
  -8.0784994e-05  -7.4107969e-04  -2.2203752e-04  -1.9741823e-03
   3.2027647e-04  -6.2123441e-04   7.1868764e-04  -2.1505825e-03
  -2.4195923e-04  -6.8864738e-04   1.0597474e-03  -2.1468293e-03
  -2.8693808e-04  -7.1860870e-04   6.2498992e-04  -2.0529994e-03
   2.9778704e-04  -7.1860870e-04   1.3858154e-03  -2.3344892e-03
   5.1518485e-04  -7.9351200e-04   1.8205729e-03  -2.2031273e-03
   4.7395423e-04  -1.0144767e-03   1.3221010e-03  -1.8578331e-03
   4.9269542e-04  -5.7629243e-04   1.1571930e-03  -1.9479099e-03
   8.4502979e-04  -5.7254727e-04   1.2134116e-03  -1.9216375e-03
   9.4998046e-04  -9.8077025e-04   1.3670759e-03  -1.7302244e-03
   6.2763199e-04  -6.1374408e-04   1.0485036e-03  -1.7564968e-03
   5.0768837e-04  -9.2459278e-04   7.1119182e-04  -1.7940288e-03
   5.2642956e-04  -9.0212179e-04   8.6110818e-04  -1.8278076e-03
   1.1412338e-04  -6.9988288e-04   6.8495646e-04  -1.9178843e-03
  -1.7823918e-04  -9.5829926e-04   3.8137583e-04  -1.7414840e-03
  -1.3326033e-04  -8.8339596e-04   1.3776175e-04  -2.1055441e-03
  -3.2816870e-04  -1.0669090e-03   1.8273666e-04  -2.4545915e-03
  -3.8814051e-04  -8.1598299e-04  -7.5869065e-05  -2.0830250e-03
  -2.0822509e-04  -8.1972816e-04  -7.6923223e-04  -2.2331528e-03
  -3.5806138e-05  -9.1710245e-04  -1.0690650e-03  -1.9666759e-03
  -2.4561424e-05  -8.3470882e-04  -1.4476038e-03  -1.7302244e-03
  -2.1197332e-04  -1.0893800e-03  -2.2084293e-03  -2.1580889e-03
  -2.9818280e-04  -1.0481832e-03  -2.2721437e-03  -1.9891950e-03
  -2.1946980e-04  -1.2092253e-03  -2.2983791e-03  -2.0792718e-03
  -1.4075680e-04  -1.1155962e-03  -2.2346646e-03  -2.0942846e-03
  -2.2321804e-04  -9.2084761e-04  -1.6237555e-03  -2.0117142e-03
  -4.0313346e-04  -9.9200575e-04  -1.8523779e-03  -2.1768549e-03
  -5.2682532e-04  -8.0849266e-04  -2.2796396e-03  -1.8203012e-03
  -5.8679712e-04  -9.3208311e-04  -1.9348319e-03  -2.0004546e-03
  -8.2293612e-04  -1.1081059e-03  -1.5263098e-03  -2.2218933e-03
  -9.8411035e-04  -9.8077025e-04  -1.4138726e-03  -2.1168037e-03
  -6.6176188e-04  -1.1418123e-03  -1.6462429e-03  -2.2143869e-03
  -1.4825328e-04  -1.1418123e-03  -1.7661760e-03  -1.7752628e-03
   1.3286457e-04  -8.0849266e-04  -1.1627627e-03  -1.6851861e-03
   1.6669194e-05  -8.3845398e-04  -7.4674478e-04  -1.8916119e-03
   2.0417432e-05  -9.5829926e-04  -8.4044250e-04  -1.7077053e-03
   5.4151574e-05  -8.7216047e-04  -6.7553451e-04  -1.6589137e-03
   1.5535400e-04  -8.1223783e-04  -1.7706261e-04  -1.7564968e-03
   1.9658462e-04  -8.7590563e-04  -8.4067030e-06  -1.9141311e-03
   1.3661281e-04  -9.5829926e-04   2.9892183e-04  -1.8690927e-03
   3.1278000e-04  -9.7327992e-04   9.5855382e-04  -1.8240544e-03
   1.1412338e-04  -9.7702509e-04   9.3231846e-04  -1.8540799e-03
  -9.5777946e-05  -7.1860870e-04   1.0185204e-03  -1.9779355e-03
   6.1648050e-05  -7.7104101e-04   1.4008071e-03  -1.9891950e-03
   3.3526942e-04  -1.0931252e-03   1.1459493e-03  -1.8127948e-03
   2.3406700e-04  -8.5343464e-04   1.1909242e-03  -2.0717654e-03
   2.1907405e-04  -1.0332026e-03   1.0297641e-03  -1.8315608e-03
   4.0273771e-04  -1.0856349e-03   5.1255265e-04  -1.7039521e-03
   3.3901766e-04  -6.5868606e-04   7.4492301e-04  -2.0792718e-03
   4.0648595e-04  -9.6204443e-04   7.1493973e-04  -1.8841055e-03
   2.1907405e-04  -1.0032412e-03   1.7149293e-04  -2.0830250e-03
   8.0389240e-05  -8.6841530e-04   1.0332842e-05  -2.1731017e-03
   3.1662146e-05  -9.2833794e-04  -6.4625338e-05  -1.9929482e-03
  -1.6699447e-04  -8.3096365e-04  -9.4608610e-05  -2.2256465e-03
