  -1.1826737e-04  -7.2609903e-04  -1.8081052e-04  -2.0304802e-03
  -3.6939932e-04  -9.1710245e-04  -9.8356519e-05  -1.8315608e-03
  -2.7944161e-04  -9.5080893e-04  -2.2203752e-04  -1.9479099e-03
  -2.5320394e-04  -8.7590563e-04  -3.8319760e-04  -2.0417398e-03
  -4.1812641e-04  -9.5080893e-04  -3.3072688e-04  -2.0004546e-03
  -3.0193104e-04  -8.0100233e-04   1.0332842e-05  -1.9779355e-03
  -1.7449094e-04  -8.6841530e-04  -6.0877429e-05  -1.8390672e-03
  -6.9540280e-05  -9.8451542e-04  -4.0193715e-04  -1.9103779e-03
  -9.2029708e-05  -1.0669090e-03  -2.5951661e-04  -1.9404035e-03
  -2.9443456e-04  -1.0257122e-03  -1.5832306e-04  -1.8991183e-03
  -2.4570747e-04  -8.8714113e-04  -1.5082725e-04  -1.9854418e-03
  -3.5065813e-04  -9.7702509e-04  -8.3364883e-05  -1.8916119e-03
  -5.3807003e-04  -1.0182219e-03  -4.5885793e-05  -1.9141311e-03
  -2.4570747e-04  -8.8714113e-04  -7.9616974e-05  -1.9779355e-03
  -2.4945570e-04  -7.7104101e-04  -1.5457515e-04  -1.5650838e-03
  -3.9188875e-04  -9.5455410e-04  -7.9616974e-05  -1.4787603e-03
  -1.1451914e-04  -9.6953476e-04   6.2803568e-05  -1.6589137e-03
  -1.6324623e-04  -8.9463146e-04   7.7795204e-05  -1.6288881e-03
  -3.6939932e-04  -1.0144767e-03  -3.0894157e-05  -1.8240544e-03
  -2.3821099e-04  -7.8976684e-04   2.5324478e-05  -1.6964457e-03
  -1.6324623e-04  -7.5980552e-04  -1.8081052e-04  -1.6176285e-03
  -1.6699447e-04  -6.8115705e-04  -2.4452497e-04  -1.8803523e-03
  -2.3821099e-04  -5.8003760e-04  -2.3702915e-04  -1.8353140e-03
  -5.0799090e-05  -9.2459278e-04  -3.7195388e-04  -1.8127948e-03
   1.8159167e-04  -8.7965080e-04  -9.0860701e-05  -1.7677564e-03
  -1.7074271e-04  -8.7590563e-04  -7.2121156e-05  -1.8353140e-03
  -2.1946980e-04  -9.8451542e-04  -1.0585234e-04  -1.8540799e-03
  -1.2951209e-04  -6.5119573e-04   1.0332842e-05  -1.7752628e-03
  -2.4945570e-04  -5.7629243e-04   1.7828660e-05  -1.9328971e-03
  -2.8309662e-05  -8.1972816e-04  -1.4333143e-04  -1.8503268e-03
   5.4151574e-05  -8.7965080e-04  -2.4452497e-04  -1.8803523e-03
  -6.9540280e-05  -8.8339596e-04  -1.2084397e-04  -1.9441567e-03
  -2.2696628e-04  -8.3845398e-04  -2.6326452e-04  -2.0267270e-03
  -2.8318985e-04  -6.3996024e-04  -2.5951661e-04  -2.3269828e-03
   6.5396288e-05  -6.6992156e-04  -1.9955006e-04  -2.0567526e-03
  -3.9554376e-05  -6.8490222e-04  -2.3328124e-04  -1.9967014e-03
  -3.8814051e-04  -6.3621507e-04   3.6568205e-05  -2.0980378e-03
  -9.2029708e-05  -9.0961212e-04  -8.3364883e-05  -2.0680122e-03
  -1.4450504e-04  -9.3582827e-04  -2.7146248e-05  -2.3269828e-03
  -3.3941342e-04  -7.7104101e-04   5.9055659e-05  -2.3044636e-03
  -1.1077090e-04  -7.6729585e-04  -3.4571851e-04  -2.5033830e-03
  -1.5200152e-04  -7.4482486e-04  -2.7146248e-05  -2.4545915e-03
  -1.2576385e-04  -8.0100233e-04  -4.2137884e-05  -2.2481656e-03
  -1.3316710e-05  -7.8227651e-04  -4.1692878e-04  -2.5709406e-03
   9.9130430e-05  -6.6617639e-04  -1.2084397e-04  -2.6760301e-03
  -2.3446275e-04  -8.5343464e-04  -4.5885793e-05  -2.6422513e-03
  -5.3432179e-04  -9.0961212e-04  -9.4608610e-05  -2.6460045e-03
  -3.5806138e-05  -6.8864738e-04   1.7898875e-04  -2.5972130e-03
  -2.0822509e-04  -7.1486354e-04   3.6568205e-05  -2.4846170e-03
  -4.1062994e-04  -9.6578959e-04  -2.8949988e-04  -2.4771107e-03
  -1.1826737e-04  -1.0406929e-03  -1.5902521e-05  -2.6084725e-03
  -8.4533232e-05  -9.4706377e-04  -1.2154612e-05  -2.8073920e-03
  -1.2576385e-04  -8.6467014e-04  -3.0074361e-04  -2.7848728e-03
  -1.6324623e-04  -7.1486354e-04  -1.4333143e-04  -2.4883702e-03
  -1.7064948e-05  -7.2235387e-04   7.7795204e-05  -2.3682679e-03
  -1.3316710e-05  -6.0625375e-04  -3.4642066e-05  -2.2444124e-03
  -1.7823918e-04  -6.3996024e-04   2.9072387e-05  -2.2031273e-03
  -5.8295566e-05  -6.9613771e-04   1.6024920e-04  -2.1280633e-03
   3.1662146e-05  -6.0999892e-04   2.5394693e-04  -2.1881145e-03
  -1.1451914e-04  -8.0474750e-04   1.7898875e-04  -2.1956209e-03
  -9.5777946e-05  -6.7366672e-04  -1.3208770e-04  -1.9629227e-03
  -6.2043804e-05  -6.5119573e-04   6.5849330e-06  -2.0942846e-03
   2.7913908e-05  -7.0362804e-04   4.0316114e-05  -2.0342334e-03
  -5.4547328e-05  -7.9351200e-04   8.5291022e-05  -2.1993741e-03
  -1.4075680e-04  -8.9837662e-04  -9.4608610e-05  -2.2932040e-03
   4.6655098e-05  -6.2497958e-04  -1.9955006e-04  -2.0379866e-03
  -1.4075680e-04  -8.1598299e-04   2.9072387e-05  -2.2819444e-03
  -1.3700856e-04  -7.6355068e-04  -1.9205424e-04  -2.1918677e-03
   1.1787162e-04  -6.6243123e-04  -1.5457515e-04  -2.0004546e-03
  -9.5777946e-05  -8.0849266e-04  -3.4642066e-05  -2.1806081e-03
  -2.9818280e-04  -4.5644715e-04   8.1543113e-05  -2.0492462e-03
  -1.2201561e-04  -6.8115705e-04   1.1902220e-04  -2.0267270e-03
   2.0417432e-05  -8.3845398e-04  -1.9580215e-04  -2.1843613e-03
  -4.7050852e-05  -7.9725717e-04  -2.3328124e-04  -2.0605058e-03
  -1.4825328e-04  -1.0893800e-03   2.5324478e-05  -2.1505825e-03
  -1.5574975e-04  -8.0474750e-04   1.2277011e-04  -2.1505825e-03
  -3.3566518e-04  -7.0362804e-04   5.1559841e-05  -2.0867782e-03
  -2.3821099e-04  -6.5119573e-04  -1.8081052e-04  -2.1505825e-03
  -8.4533232e-05  -6.3246991e-04  -2.5951661e-04  -1.9741823e-03
  -5.1183236e-04  -1.0219671e-03  -6.4625338e-05  -1.9516631e-03
  -2.9818280e-04  -8.0474750e-04  -1.6207097e-04  -1.9028715e-03
  -1.8948390e-04  -7.6355068e-04  -1.4707934e-04  -1.8165480e-03
  -2.9818280e-04  -1.0743994e-03  -1.4333143e-04  -2.0642590e-03
  -1.6699447e-04  -9.0212179e-04  -2.0704588e-04  -2.1956209e-03
  -3.3941342e-04  -6.6617639e-04  -2.5576870e-04  -1.8353140e-03
  -8.8281470e-05  -8.2347332e-04  -3.0823942e-04  -1.7152117e-03
  -3.3566518e-04  -9.7327992e-04  -1.3583561e-04  -1.9591695e-03
  -3.9938522e-04  -8.3845398e-04  -1.2084397e-04  -1.9028715e-03
  -7.7036756e-05  -1.1193414e-03  -1.8081052e-04  -1.7564968e-03
  -3.2442046e-04  -1.0931252e-03  -4.0943297e-04  -1.7640032e-03
  -2.6444866e-04  -8.0849266e-04  -2.9324779e-04  -1.8052884e-03
  -3.4690989e-04  -9.6953476e-04  -1.3583561e-04  -1.8315608e-03
  -2.3071451e-04  -9.0212179e-04  -3.5696224e-04  -2.0079610e-03
   1.6762420e-06  -8.1223783e-04  -3.4946642e-04  -2.0417398e-03
  -1.5574975e-04  -9.0586695e-04  -2.7076033e-04  -1.8240544e-03
  -2.0822509e-04  -9.4706377e-04  -1.6581888e-04  -1.7940288e-03
  -3.0942751e-04  -8.5717981e-04  -3.5321433e-04  -1.8203012e-03
  -9.5777946e-05  -8.7216047e-04  -1.9205424e-04  -1.5613306e-03
  -1.1077090e-04  -8.5717981e-04   7.0299386e-05  -1.5951094e-03
  -3.1692399e-04  -7.5606035e-04  -6.0877429e-05  -1.6401477e-03
   1.6669194e-05  -8.0474750e-04  -1.0960025e-04  -1.4712539e-03
   1.6669194e-05  -9.7702509e-04  -3.3447479e-04  -1.8127948e-03
  -2.7194513e-04  -9.6578959e-04  -1.6207097e-04  -1.7902756e-03
  -1.4450504e-04  -8.5717981e-04  -1.0585234e-04  -1.5876030e-03
  -6.9540280e-05  -9.5829926e-04  -9.4608610e-05  -1.7227181e-03
  -5.9429360e-04  -7.2235387e-04   2.8370240e-06  -1.7152117e-03
  -3.8064403e-04  -7.5231519e-04  -2.5951661e-04  -1.7189649e-03
   6.1648050e-05  -8.7965080e-04   3.2820296e-05  -1.8428204e-03
  -3.3191694e-04  -8.0100233e-04  -6.4625338e-05  -2.0079610e-03
  -1.4450504e-04  -8.7965080e-04  -2.2578543e-04  -2.0642590e-03
   1.2920956e-05  -8.6092497e-04  -1.1334816e-04  -1.8615863e-03
  -1.8198742e-04  -1.0032412e-03  -3.3822270e-04  -1.8315608e-03
  -2.3071451e-04  -7.3358936e-04  -1.3958352e-04  -2.2481656e-03
  -3.1692399e-04  -6.8115705e-04  -1.2459188e-04  -2.2256465e-03
  -2.1197332e-04  -8.9463146e-04  -7.2121156e-05  -2.1693485e-03
  -3.2442046e-04  -7.8227651e-04   4.0316114e-05  -2.2218933e-03
  -3.5440637e-04  -9.1710245e-04  -3.0074361e-04  -2.0529994e-03
  -1.0702266e-04  -8.5717981e-04  -1.6581888e-04  -2.2969572e-03
  -5.0799090e-05  -9.6578959e-04   1.4150966e-04  -2.1956209e-03
  -1.5574975e-04  -8.4219915e-04  -1.6581888e-04  -2.0605058e-03
  -2.4195923e-04  -6.9239255e-04  -1.2833979e-04  -2.4170595e-03
  -1.4825328e-04  -1.0182219e-03   1.2277011e-04  -2.6572641e-03
  -3.3191694e-04  -7.9351200e-04  -1.8455843e-04  -2.7023025e-03
  -3.5065813e-04  -8.6841530e-04  -6.4625338e-05  -2.3382424e-03
   4.6655098e-05  -9.6204443e-04   1.0332842e-05  -2.4020467e-03
  -7.3288518e-05  -7.2609903e-04  -1.5082725e-04  -2.6197321e-03
  -2.2321804e-04  -8.3470882e-04  -2.7076033e-04  -2.5033830e-03
  -1.1826737e-04  -7.1111837e-04  -3.3072688e-04  -2.7248217e-03
  -2.0072861e-04  -8.3470882e-04  -1.5902521e-05  -2.5859534e-03
  -1.3326033e-04  -9.9949608e-04   1.0332842e-05  -2.4133063e-03
  -2.2696628e-04  -8.4594431e-04  -3.8389975e-05  -2.4470851e-03
  -4.6310527e-04  -9.2084761e-04  -8.3364883e-05  -2.5071362e-03
  -3.3566518e-04  -8.0100233e-04  -7.5869065e-05  -2.7435876e-03
  -2.7194513e-04  -7.2235387e-04  -1.7706261e-04  -2.4545915e-03
  -2.0822509e-04  -7.8602167e-04  -3.6071015e-04  -2.3495020e-03
  -1.6699447e-04  -6.8490222e-04  -1.5457515e-04  -2.5071362e-03
  -1.2201561e-04  -7.1111837e-04   1.7828660e-05  -2.2932040e-03
   1.6669194e-05  -8.1972816e-04   9.6534749e-05  -2.3119700e-03
  -2.0719960e-06  -8.1223783e-04   1.3401384e-04  -2.4245659e-03
  -1.7064948e-05  -6.4370540e-04  -1.5457515e-04  -2.1130505e-03
  -9.9526184e-05  -5.8003760e-04  -1.9205424e-04  -2.1806081e-03
  -8.0784994e-05  -6.0250859e-04   1.6774502e-04  -2.3419956e-03
  -1.4075680e-04  -5.8003760e-04   3.2820296e-05  -2.0342334e-03
  -1.6699447e-04  -7.6729585e-04   1.3026593e-04  -2.2819444e-03
   1.2920956e-05  -7.2609903e-04   9.2786840e-05  -2.2444124e-03
  -1.2576385e-04  -8.0849266e-04  -6.4625338e-05  -2.0830250e-03
  -2.7944161e-04  -1.0182219e-03   3.4389674e-04  -2.1693485e-03
  -2.6070042e-04  -7.8602167e-04   1.9398038e-04  -1.9891950e-03
  -1.5200152e-04  -8.3845398e-04   2.8370240e-06  -2.3007104e-03
  -1.1451914e-04  -8.1972816e-04   6.2803568e-05  -2.0529994e-03
  -1.2576385e-04  -7.0737321e-04   2.1576569e-05  -1.8390672e-03
   1.6762420e-06  -7.0362804e-04  -1.5902521e-05  -2.2106337e-03
   3.5410384e-05  -6.5119573e-04  -8.4067030e-06  -2.1806081e-03
  -1.8948390e-04  -6.8864738e-04  -5.7129520e-05  -2.1092973e-03
  -3.6190284e-04  -7.3358936e-04  -1.6581888e-04  -1.8540799e-03
  -2.3821099e-04  -8.5343464e-04  -1.2833979e-04  -1.9854418e-03
  -4.7050852e-05  -8.5343464e-04  -2.7825615e-04  -2.0567526e-03
   3.9158622e-05  -9.3957344e-04  -1.7331470e-04  -1.7564968e-03
  -1.8948390e-04  -8.6467014e-04  -7.5869065e-05  -1.9028715e-03
  -2.1946980e-04  -9.1335728e-04  -2.0704588e-04  -2.0342334e-03
  -1.9698037e-04  -9.1335728e-04  -1.1709606e-04  -2.1655953e-03
  -5.3057355e-04  -7.9725717e-04  -2.4077706e-04  -1.9929482e-03
  -3.5815461e-04  -1.2129705e-03  -3.2323106e-04  -1.7940288e-03
  -2.0447685e-04  -9.5455410e-04  -2.4452497e-04  -2.0717654e-03
  -3.3566518e-04  -9.6204443e-04  -8.3364883e-05  -2.1393229e-03
  -1.2951209e-04  -1.1904995e-03  -1.5457515e-04  -1.9854418e-03
  -1.5949799e-04  -9.5455410e-04  -3.0449151e-04  -1.9141311e-03
  -2.5320394e-04  -9.7327992e-04  -2.6326452e-04  -2.0304802e-03
  -2.2696628e-04  -6.5494090e-04  -2.1079379e-04  -1.9816886e-03
  -1.6699447e-04  -1.0332026e-03  -1.9650430e-05  -1.9554163e-03
  -2.7944161e-04  -1.2841286e-03  -1.7331470e-04  -1.9704291e-03
  -5.3807003e-04  -7.9725717e-04  -2.0329797e-04  -1.7715096e-03
  -3.3191694e-04  -9.5080893e-04  -1.5457515e-04  -1.7977820e-03
  -2.2696628e-04  -9.0212179e-04  -3.9444133e-04  -1.8540799e-03
  -1.8948390e-04  -9.7327992e-04  -3.5321433e-04  -1.8315608e-03
  -1.3326033e-04  -1.1867543e-03  -9.4608610e-05  -1.7227181e-03
  -1.7074271e-04  -8.7590563e-04  -1.3583561e-04  -1.8127948e-03
  -1.0327442e-04  -9.1335728e-04  -2.9324779e-04  -2.0417398e-03
  -3.3191694e-04  -9.0586695e-04  -1.1334816e-04  -1.8878587e-03
  -5.3057355e-04  -9.6953476e-04  -1.1334816e-04  -1.6889393e-03
  -1.8948390e-04  -1.0032412e-03   1.0028266e-04  -1.6776797e-03
  -1.6699447e-04  -1.1006155e-03  -2.5576870e-04  -1.7227181e-03
   6.1638727e-04  -1.1755188e-03  -8.3669459e-04  -1.6476541e-03
   2.3406700e-04  -7.4107969e-04   3.6263629e-04  -1.8615863e-03
  -8.0794317e-04  -1.1755188e-03   9.6534749e-05  -1.8540799e-03
   3.3526942e-04  -7.8602167e-04  -4.8813906e-04  -2.0642590e-03
  -1.0478304e-03  -1.1493027e-03  -4.1692878e-04  -1.5050326e-03
   8.0005094e-04  -3.7779869e-04  -4.8439115e-04  -1.6138753e-03
  -8.0794317e-04  -1.1792640e-03   6.5872110e-04  -2.6009662e-03
   1.6669194e-05  -1.1268317e-03  -1.3089311e-03  -1.3286324e-03
   3.9149299e-04  -2.0926626e-04   1.1902220e-04  -2.8186516e-03
  -1.7524991e-03  -2.1305359e-03  -9.8286304e-04  -7.7315921e-04
   2.5467298e-03   1.2026609e-03   6.3998155e-04  -2.9575199e-03
  -4.0314278e-03  -3.3439694e-03   5.2004847e-04  -1.9404035e-03
   4.5932678e-03   1.6183743e-03  -1.9273361e-03  -1.4337219e-03
  -4.5711741e-03  -2.6586042e-03   1.7043877e-03  -4.1472833e-03
   3.0002666e-03  -9.9949608e-04  -3.0367172e-03   1.4487334e-03
   8.4137478e-05   2.0453231e-03   4.0505787e-03  -7.6189905e-03
  -6.6289568e-03  -8.0366611e-03  -4.6745534e-03   3.5993153e-03
   1.9829855e-02   1.2696572e-02   3.0798703e-03  -8.1707105e-03
  -9.0559502e-02  -3.3436370e-02  -1.0240900e-03   3.5280045e-03
  -9.0207168e-02  -7.0532229e-02   4.4665966e-03   1.6716739e-02
  -1.0327442e-04  -1.0765805e-01   1.3392312e-01  -3.5869304e-02
   8.7763014e-03  -1.5062633e-01  -3.4669069e-02  -9.0489586e-03
   1.4855184e-01  -7.8951360e-02  -3.5505532e-01   1.0933062e-02
   1.7887884e-01  -2.4107164e-02  -2.0861772e-02  -2.0229732e-02
   2.3499380e-02  -1.5238192e-03   2.8660169e-01  -8.4593308e-02
  -3.7589403e-02  -4.9338341e-02  -4.5984006e-02  -7.3236134e-02
  -1.1516659e-02  -1.0614500e-01  -2.9299744e-01   5.1595199e-02
  -2.4189452e-02  -8.1677841e-02  -9.2375624e-02   1.7895243e-02
  -5.9437882e-02  -5.0158532e-02   1.5233285e-01  -9.8619005e-02
  -4.9759931e-02  -2.2182149e-02   1.6639805e-02  -7.5086460e-02
   7.4381804e-03  -3.4754668e-02  -2.0820100e-01   3.6563645e-02
  -6.0929587e-03  -4.3170054e-02  -2.1906994e-01   5.1418798e-02
  -3.2143213e-02  -2.5803724e-02   1.2579391e-01  -6.0940660e-02
   3.4421746e-02  -2.8432830e-02   1.4913963e-01  -7.8813384e-02
   9.7508433e-03  -5.5030992e-02  -2.4440206e-01   2.0841502e-02
  -2.6449639e-02  -4.2922873e-02  -2.9522745e-01   3.8672941e-02
  -1.0946927e-02  -1.3339815e-02  -3.0493899e-02  -2.1025410e-02
  -4.1783681e-02  -1.2029007e-02   2.5142756e-01  -6.9370341e-02
  -4.3492878e-02   3.0752434e-03  -8.4287636e-02  -2.9402546e-02
  -2.2506493e-02  -2.9855992e-02  -2.2768263e-01   3.3403453e-02
  -2.0486099e-03  -4.9128611e-02  -6.2824064e-03   1.0246221e-03
  -6.4190555e-03  -8.6059262e-03   1.4284689e-01  -6.0099944e-02
  -1.9320491e-02   7.9443796e-04   1.1386056e-01  -3.6139535e-02
  -8.2369509e-03  -1.1163874e-02  -2.1580551e-01   2.7721112e-02
   8.3378508e-04  -2.7324261e-02  -1.0846540e-01   1.9546649e-02
   3.3376081e-03  -2.2414350e-02   3.3198067e-02  -8.4071619e-03
  -1.6220698e-02  -1.5537805e-03   9.9078811e-02  -3.9847693e-02
  -1.3045940e-02  -7.6209478e-03  -2.6187551e-02  -6.1627501e-03
   1.9994871e-03  -3.2275369e-02  -1.2814567e-01   2.4452078e-02
  -5.3057355e-04  -1.7867719e-02   3.0098546e-02  -2.9015967e-02
  -3.0231518e-03   8.0975097e-03   6.9417860e-02  -3.6278403e-02
  -1.4020482e-02  -9.4706377e-04   6.2191891e-02  -2.0323562e-02
  -2.3971961e-03  -1.4388461e-02  -7.1638444e-02   3.2277488e-03
   3.1726856e-03  -3.1687378e-02  -5.1590878e-02   1.3654130e-02
  -3.7165759e-03  -1.5845330e-02   1.9795544e-02  -3.2802948e-03
   7.1758970e-04   7.1949249e-03   6.7911200e-02  -1.6183786e-02
  -3.3191694e-04  -1.3523328e-02   7.0938809e-03  -9.5068486e-03
   9.5372869e-04  -2.0466864e-02  -1.0858533e-01   2.0770192e-02
  -6.3177598e-04  -4.9693710e-03  -5.4596701e-02   1.5508209e-02
  -1.4526401e-03   1.0903060e-03   4.9505219e-02  -1.5699624e-02
  -2.2696628e-04  -6.9655439e-03   6.4122064e-02  -1.8687168e-02
  -1.5574975e-04  -1.7549380e-02  -4.3004419e-02   5.6523141e-03
   1.5910224e-04  -1.5586914e-02  -5.1425970e-02   1.4187084e-02
  -1.2277458e-03  -5.2764745e-03   3.5330627e-02  -9.6794957e-03
  -4.1437818e-04   5.4351190e-04   8.6856880e-02  -2.5623077e-02
   3.9158622e-05  -5.7408750e-03  -6.7928241e-04  -7.5927182e-03
  -9.5684720e-06  -1.4306067e-02  -6.9221042e-02   1.5665844e-02
  -5.1932884e-04  -5.1865905e-03  -2.3177980e-02   6.6206389e-03
  -1.2127529e-03   3.7830796e-03   5.0659575e-02  -1.6333914e-02
  -3.7689580e-04  -4.0031184e-03   2.9431418e-02  -8.3508640e-03
  -1.3316710e-05  -7.8980900e-03  -5.9424008e-02   1.3823024e-02
  -2.9818280e-04  -7.3138443e-03  -5.0425279e-02   1.1998970e-02
  -5.8304889e-04  -4.3252026e-03   3.0477085e-02  -7.3487604e-03
  -6.8050307e-04  -7.6729585e-04   5.0509659e-02  -1.4419784e-02
  -1.4825328e-04  -8.3849615e-03  -1.4344159e-02   6.6806843e-04
   5.0403336e-05  -1.1467232e-02  -3.2810106e-02   6.8721031e-03
  -3.2816870e-04   1.0532760e-04   7.8134794e-03  -5.8812603e-03
  -5.6055946e-04   3.4834664e-03   4.7440121e-02  -1.4213358e-02
  -4.4061584e-04  -1.7747452e-03   1.3603999e-02  -6.2903588e-03
  -1.7449094e-04  -8.9879330e-03  -2.7416865e-02   5.9938550e-03
  -1.1077090e-04  -9.6770434e-03  -2.2855660e-02   4.3161759e-03
  -6.6925836e-04   1.6745517e-03   9.8823251e-03  -3.3140736e-03
  -6.2427950e-04   1.9104971e-03   1.0163418e-02  -2.7210685e-03
   2.4165670e-05  -4.0405701e-03  -2.3777646e-02   4.3011631e-03
   6.9144526e-05  -5.3775940e-03  -2.1873708e-02   5.5734969e-03
  -2.7569337e-04  -2.6923107e-03   4.0318392e-03  -3.0663626e-03
  -6.5426541e-04   1.1240125e-03   2.8576895e-02  -8.2495276e-03
  -8.0784994e-05  -1.9245518e-03   7.8696980e-03  -4.3949943e-03
   5.0403336e-05  -5.4712231e-03  -1.1203411e-02   5.6297323e-05
  -4.2562289e-04  -2.3627361e-03  -6.7209117e-03  -1.9291439e-03
  -5.6430770e-04   2.4348202e-03   1.4361076e-02  -6.0051158e-03
  -5.3807003e-04   5.7347322e-04   1.5995165e-02  -5.7649112e-03
   1.1787162e-04  -4.5012253e-03  -9.4531374e-03  -1.8390728e-04
   1.1787162e-04  -6.3738078e-03  -2.0262107e-02   3.9333498e-03
  -3.6190284e-04  -2.0219261e-03  -1.0866099e-02   7.6940475e-04
  -3.8439227e-04   2.3149750e-03   8.0795809e-03  -2.8862091e-03
  -1.8948390e-04   2.1393738e-04   6.4372946e-04  -1.6363945e-03
  -1.1077090e-04  -2.9320012e-03  -1.5993239e-02   1.8240531e-03
  -4.5186056e-04  -2.7559785e-03  -6.0163048e-03  -4.9917583e-04
  -7.8170550e-04  -2.0552110e-04   1.8821088e-02  -7.0147258e-03
  -6.4302069e-04  -2.2008010e-05   2.2351618e-02  -8.4897322e-03
  -1.1826737e-04  -2.5687202e-03  -1.7137053e-03  -2.9687795e-03
  -2.0813186e-05  -3.1454756e-03  -1.7960891e-02   1.5050314e-03
  -3.2442046e-04  -8.9420980e-05  -2.2758916e-03  -2.6384981e-03
  -3.2067223e-04   1.6033936e-03   1.6426174e-02  -6.6168869e-03
  -2.2321804e-04  -7.8227651e-04   2.8624916e-03  -2.6647705e-03
  -1.0702266e-04  -4.3926156e-03  -2.2990585e-02   3.7531964e-03
  -2.0072861e-04  -4.7708772e-03  -1.5985743e-02   2.9575186e-03
  -5.2682532e-04  -1.3436296e-04   7.5323862e-03  -4.0121682e-03
  -3.9188875e-04   2.2925040e-03   1.2520853e-02  -6.0163754e-03
  -1.5574975e-04  -5.4258595e-04  -3.1341628e-03  -2.1468293e-03
  -9.5777946e-05  -2.0930843e-03  -1.2065430e-02  -3.8282673e-04
  -3.4316165e-04  -7.1111837e-04   4.9725644e-03  -3.9971554e-03
  -4.4061584e-04   3.0382134e-04   2.0473916e-02  -7.3487604e-03
  -3.3191694e-04  -1.4564062e-03   7.8846897e-03  -4.7928332e-03
  -3.5065813e-04  -4.2353186e-03  -1.1773093e-02   1.2760807e-04
  -2.0447685e-04  -2.2428909e-03  -1.0142753e-02   8.7824747e-04
  -3.5815461e-04   1.6483356e-03   2.5551631e-03  -2.6047194e-03
  -3.9938522e-04   1.5921581e-03   7.5736132e-03  -3.9971554e-03
  -1.8948390e-04  -1.4414255e-03  -5.7914303e-03  -4.3161829e-04
  -6.5792042e-05  -3.2615757e-03  -1.3602073e-02   1.7001976e-03
  -2.9818280e-04  -1.3552868e-03  -3.1198733e-04  -1.2498152e-03
  -4.9683941e-04   6.3714103e-04   1.2936871e-02  -4.6839905e-03
  -3.0193104e-04  -1.8305011e-04   6.7977960e-03  -4.0497002e-03
  -2.7569337e-04  -1.6998419e-03  -4.0973754e-03  -1.3699175e-03
  -3.3941342e-04  -1.3103448e-03  -3.2953229e-03  -1.5162922e-03
  -4.1062994e-04   2.7386002e-04   6.1606515e-03  -3.6068229e-03
  -2.2321804e-04  -2.3548242e-04   1.0257116e-02  -4.4700583e-03
  -2.1946980e-04  -2.3589910e-03  -1.9048487e-03  -1.9516631e-03
  -9.9526184e-05  -2.5837009e-03  -9.5168518e-03   6.4179605e-04
  -3.5806138e-05  -5.2011496e-04  -2.8418259e-03  -7.7691241e-04
  -2.0447685e-04   1.0640898e-03   4.3579073e-03  -2.5409150e-03
  -9.5684720e-06  -1.6806945e-04  -6.5304705e-04  -1.7077053e-03
  -2.8318985e-04  -2.0706133e-03  -6.2899022e-03  -2.4020524e-04
  -3.6565108e-04  -1.6062128e-03  -1.7999072e-03  -1.2835940e-03
  -3.1692399e-04  -2.7293407e-04   8.2407410e-03  -4.0572066e-03
  -3.8814051e-04  -2.0177593e-04   9.0615331e-03  -4.4512923e-03
  -7.3288518e-05  -1.5013482e-03  -1.5113182e-03  -2.0229738e-03
  -2.8309662e-05  -1.8009614e-03  -4.8394614e-03  -1.1672449e-03
  -3.3941342e-04  -1.7555978e-04   1.9517497e-03  -2.6760301e-03
  -4.7434998e-04   2.6679135e-05   4.0880578e-03  -3.1489329e-03
  -2.2696628e-04  -1.3515416e-03  -2.6919095e-03  -1.7452372e-03
  -2.1572156e-04  -2.1567521e-03  -6.9870133e-03  -3.8282673e-04
  -5.0433589e-04  -1.2654028e-03  -5.1655295e-03  -9.7958505e-04
  -6.0928655e-04   5.2104091e-04   1.4307904e-03  -2.1618421e-03
  -3.3941342e-04   2.6262453e-04   4.8256938e-04  -1.8841055e-03
  -2.4945570e-04  -1.3515416e-03  -5.9113634e-03  -9.0076791e-04
  -5.2682532e-04  -1.6736258e-03  -3.5464328e-03  -1.4112027e-03
  -5.2307708e-04  -9.5455410e-04   4.0955537e-03  -3.2089841e-03
  -5.1932884e-04  -7.8976684e-04   5.4897758e-03  -3.9220915e-03
  -5.4931474e-04  -1.2466770e-03  -2.3328124e-04  -2.4771107e-03
  -2.9818280e-04  -1.2279511e-03  -5.0530922e-03  -1.1071937e-03
  -3.5065813e-04  -6.3621507e-04  -3.0629525e-03  -1.7527436e-03
  -5.1558060e-04   8.6601775e-05   2.5963901e-03  -2.5033830e-03
  -3.8064403e-04  -4.4521166e-04  -4.7689533e-04  -1.8953651e-03
  -3.9563699e-04  -2.0256713e-03  -6.4398185e-03  -2.2519245e-04
  -2.6819689e-04  -1.8721195e-03  -5.0943192e-03  -8.2570966e-05
  -2.1572156e-04  -6.4745057e-04   9.9603291e-04  -1.7790160e-03
  -3.3941342e-04  -3.4783737e-04   3.6720399e-03  -2.6497577e-03
  -2.1946980e-04  -9.8077025e-04   3.8137583e-04  -2.1580889e-03
  -1.7823918e-04  -1.2841286e-03  -2.5457411e-03  -1.2948536e-03
  -3.6939932e-04  -7.0737321e-04   1.0672432e-03  -2.1693485e-03
  -4.9683941e-04  -4.6019232e-04   6.4717280e-03  -3.2878012e-03
  -2.5320394e-04  -7.8602167e-04   3.7207628e-03  -2.6047194e-03
  -8.8281470e-05  -1.3627771e-03  -2.2758916e-03  -1.2272961e-03
  -3.0567927e-04  -1.1418123e-03  -3.0517088e-03  -5.3295461e-04
  -3.7314756e-04   7.9533100e-06   1.3026593e-04  -1.5087858e-03
  -1.5200152e-04  -1.0440164e-04   1.1234618e-03  -1.9554163e-03
  -2.8693808e-04  -1.0893800e-03  -1.8036551e-03  -9.1953390e-04
  -3.5440637e-04  -1.2916189e-03  -3.8612572e-03  -5.7799297e-04
  -1.2951209e-04  -1.1942447e-03   9.2786840e-05  -1.5388114e-03
  -3.3566518e-04  -5.9127309e-04   4.4141259e-03  -2.7811196e-03
  -4.4436408e-04  -4.8266331e-04   2.3265406e-03  -2.8036388e-03
  -1.2951209e-04  -1.2129705e-03  -4.6939951e-04  -2.0905314e-03
  -2.0072861e-04  -8.1223783e-04   5.5307750e-05  -1.9741823e-03
  -5.5306298e-04  -1.3061780e-04   1.8018333e-03  -2.4771107e-03
  -3.6939932e-04  -4.9764397e-04   2.0229600e-03  -2.8186516e-03
  -3.3191694e-04  -1.3515416e-03  -1.2976874e-03  -1.7302244e-03
  -4.6685351e-04  -1.4264449e-03  -3.7188366e-03  -1.0959342e-03
  -1.2576385e-04  -7.3358936e-04  -1.3239228e-03  -1.7677564e-03
  -5.8295566e-05  -2.9540506e-04   4.8631728e-04  -1.9066247e-03
  -3.6190284e-04  -7.8976684e-04  -1.1102919e-03  -2.0267270e-03
  -4.2187465e-04  -1.3440513e-03  -2.2646479e-03  -1.6101221e-03
  -5.1183236e-04  -1.1155962e-03  -8.2545087e-04  -1.7752628e-03
  -4.1437818e-04  -8.6841530e-04   2.0641870e-03  -3.3140736e-03
  -1.7074271e-04  -5.7254727e-04   2.5326756e-03  -3.5505250e-03
  -4.4436408e-04  -9.2459278e-04  -3.2323106e-04  -2.8299112e-03
  -4.5560879e-04  -9.3208311e-04  -1.4101247e-03  -2.4020467e-03
  -3.1692399e-04  -3.2536638e-04   3.8887165e-04  -2.5634342e-03
  -2.9443456e-04  -7.4857002e-04   6.0625037e-04  -2.7023025e-03
  -3.1317575e-04  -1.0669090e-03  -1.7286969e-03  -2.3157232e-03
  -4.4811232e-04  -1.1792640e-03  -3.1416586e-03  -1.8728459e-03
  -3.2067223e-04  -8.7965080e-04  -1.7549323e-03  -1.8803523e-03
  -3.9188875e-04  -2.4297275e-04   6.1749410e-04  -2.7698600e-03
  -3.8814051e-04  -4.4146649e-04   6.9620019e-04  -2.8336644e-03
  -1.7449094e-04  -7.8976684e-04  -1.1365273e-03  -2.2781912e-03
  -3.6939932e-04  -9.9575091e-04  -6.6054287e-04  -2.5596810e-03
  -2.8693808e-04  -8.1223783e-04   1.9030269e-03  -3.0513498e-03
   1.6762420e-06  -6.3996024e-04   1.9554976e-03  -3.2802948e-03
  -2.9818280e-04  -1.1455575e-03  -2.6701242e-04  -2.4996298e-03
  -2.9068632e-04  -1.0032412e-03  -1.6200076e-03  -1.7339776e-03
  -4.7050852e-05  -4.9764397e-04  -1.0690650e-03  -2.1430761e-03
  -1.7074271e-04  -4.3772133e-04   6.7371273e-04  -2.3532552e-03
  -1.4825328e-04  -5.8003760e-04  -1.5902521e-05  -2.1693485e-03
  -1.8198742e-04  -9.9575091e-04  -1.7774198e-03  -1.8953651e-03
  -3.9563699e-04  -8.4219915e-04  -8.4044250e-04  -1.7977820e-03
  -3.8064403e-04  -5.1636979e-04   8.1238537e-04  -2.1355697e-03
  -2.2696628e-04  -4.6768265e-04   9.8104127e-04  -2.2293996e-03
  -1.7823918e-04  -6.6243123e-04   6.6551477e-05  -2.1993741e-03
  -2.6444866e-04  -1.0369477e-03  -3.7570179e-04  -2.0342334e-03
  -4.5560879e-04  -6.5868606e-04   5.0880474e-04  -2.1205569e-03
  -3.8814051e-04  -5.3884078e-04   1.4270424e-03  -2.3269828e-03
  -3.1692399e-04  -8.9088629e-04   2.6144274e-04  -1.9741823e-03
  -2.7569337e-04  -7.4107969e-04  -1.0653170e-03  -1.7602500e-03
   3.9158622e-05  -6.9988288e-04  -7.2050941e-04  -1.7640032e-03
  -3.5806138e-05  -5.8752793e-04  -3.8319760e-04  -1.8353140e-03
  -3.5815461e-04  -6.8864738e-04  -3.6820597e-04  -1.9479099e-03
  -3.6190284e-04  -1.1755188e-03  -5.8183678e-04  -1.8765991e-03
  -3.3191694e-04  -8.7965080e-04  -6.9427405e-04  -1.6476541e-03
  -4.9683941e-04  -5.6505694e-04   5.3878801e-04  -1.9816886e-03
  -5.3807003e-04  -6.1748925e-04   1.2958656e-03  -2.2594252e-03
  -3.4690989e-04  -8.0474750e-04   2.2396365e-04  -1.7865224e-03
  -2.1197332e-04  -1.0369477e-03   7.0299386e-05  -2.0379866e-03
  -4.1062994e-04  -7.0737321e-04   8.3862073e-04  -2.2519188e-03
  -5.2682532e-04  -8.4594431e-04   5.5752756e-04  -2.0229738e-03
  -3.8814051e-04  -1.0931252e-03  -2.7146248e-05  -1.8653395e-03
  -3.7689580e-04  -1.0369477e-03  -4.8813906e-04  -1.6026158e-03
  -3.0942751e-04  -8.7216047e-04  -7.0551778e-04  -1.6101221e-03
  -3.2442046e-04  -5.9127309e-04  -1.5902521e-05  -1.7114585e-03
