  -1.8573566e-04  -9.2084761e-04  -4.7689533e-04  -2.2819444e-03
  -3.9554376e-05  -6.5494090e-04  -9.0860701e-05  -2.3344892e-03
   5.0403336e-05  -8.0474750e-04  -8.7112792e-05  -2.1168037e-03
  -1.6699447e-04  -8.2721849e-04  -1.2084397e-04  -2.1618421e-03
  -4.2937113e-04  -7.1111837e-04   1.0332842e-05  -2.2819444e-03
   3.1662146e-05  -7.3733453e-04  -9.8356519e-05  -2.1243101e-03
   1.4785752e-04  -6.2123441e-04   1.2651802e-04  -2.0042078e-03
   7.6641002e-05  -6.5868606e-04  -7.9616974e-05  -1.9891950e-03
  -5.8202340e-06  -6.0999892e-04  -4.2817251e-04  -1.8353140e-03
  -2.0447685e-04  -7.5606035e-04  -9.1088500e-07  -1.9141311e-03
  -1.3316710e-05  -9.6953476e-04   5.1559841e-05  -2.0905314e-03
   2.0417432e-05  -7.5606035e-04  -1.9650430e-05  -1.8465736e-03
  -1.1077090e-04  -6.7366672e-04  -6.8373247e-05  -1.9404035e-03
  -2.4561424e-05  -9.6953476e-04  -1.8455843e-04  -1.9629227e-03
  -2.4561424e-05  -1.1118510e-03  -1.3208770e-04  -1.8090416e-03
  -2.2321804e-04  -7.4482486e-04  -3.2697897e-04  -2.0154674e-03
   4.6655098e-05  -5.9876342e-04  -1.9650430e-05  -1.9253907e-03
   7.2892764e-05  -6.1748925e-04   1.7828660e-05  -2.0680122e-03
  -1.5949799e-04  -7.2235387e-04  -2.6701242e-04  -2.1430761e-03
  -8.4533232e-05  -8.6092497e-04  -6.4625338e-05  -1.9779355e-03
  -1.4825328e-04  -6.9239255e-04  -1.9205424e-04  -2.1393229e-03
  -2.4195923e-04  -9.2459278e-04  -1.0960025e-04  -1.9779355e-03
  -2.0072861e-04  -8.9463146e-04  -3.0894157e-05  -1.9404035e-03
  -1.2951209e-04  -7.8602167e-04  -2.5202079e-04  -2.0905314e-03
  -1.7823918e-04  -7.4107969e-04  -1.6581888e-04  -2.0567526e-03
  -4.7050852e-05  -5.3135045e-04  -8.3364883e-05  -2.0905314e-03
  -1.8573566e-04  -8.6841530e-04  -1.5082725e-04  -2.0304802e-03
  -3.0567927e-04  -9.4331860e-04  -1.2459188e-04  -1.9103779e-03
  -1.2576385e-04  -9.4706377e-04  -7.9616974e-05  -1.9479099e-03
  -3.9938522e-04  -1.0781445e-03  -1.9580215e-04  -1.9929482e-03
  -3.4690989e-04  -9.3957344e-04  -3.1948315e-04  -2.0642590e-03
  -2.0072861e-04  -8.8714113e-04  -4.1318088e-04  -2.1731017e-03
  -4.2937113e-04  -9.0586695e-04  -2.8949988e-04  -2.0830250e-03
  -4.4436408e-04  -1.0556735e-03  -3.0823942e-04  -2.1731017e-03
  -2.7569337e-04  -1.0818897e-03  -2.5202079e-04  -2.0792718e-03
  -1.1451914e-04  -9.6578959e-04  -1.5457515e-04  -1.8953651e-03
  -2.9443456e-04  -9.4331860e-04  -3.6071015e-04  -2.2856976e-03
  -3.6565108e-04  -1.0556735e-03  -1.8830634e-04  -2.2594252e-03
  -1.8573566e-04  -1.0893800e-03  -1.4707934e-04  -2.0567526e-03
  -1.2576385e-04  -9.0961212e-04  -3.4571851e-04  -2.0792718e-03
  -8.8281470e-05  -9.0212179e-04  -2.9324779e-04  -2.0792718e-03
  -2.6070042e-04  -9.5080893e-04  -3.2697897e-04  -2.0867782e-03
  -3.5440637e-04  -8.7216047e-04  -3.2697897e-04  -1.8653395e-03
  -2.3071451e-04  -8.6841530e-04  -2.9699570e-04  -2.0004546e-03
  -3.6565108e-04  -1.0444381e-03  -4.8064324e-04  -2.1993741e-03
  -3.8439227e-04  -8.7216047e-04  -4.4691206e-04  -2.0117142e-03
  -1.1077090e-04  -5.9501826e-04  -6.4625338e-05  -1.9404035e-03
  -2.7194513e-04  -9.6953476e-04  -1.0210443e-04  -2.0605058e-03
  -2.9068632e-04  -9.8077025e-04  -2.6701242e-04  -2.1505825e-03
  -1.0702266e-04  -7.7104101e-04  -5.7129520e-05  -2.0567526e-03
  -2.6070042e-04  -1.0706542e-03  -2.0329797e-04  -1.9479099e-03
  -2.0072861e-04  -1.0032412e-03  -2.4827288e-04  -2.0004546e-03
  -1.7449094e-04  -7.3358936e-04  -1.2084397e-04  -2.0117142e-03
  -1.1451914e-04  -7.5980552e-04  -4.5815578e-04  -2.0304802e-03
  -2.1946980e-04  -1.0219671e-03  -5.1812233e-04  -2.0942846e-03
  -1.7449094e-04  -9.9200575e-04  -2.3702915e-04  -2.0417398e-03
   1.3286457e-04  -8.1972816e-04   1.0332842e-05  -2.0605058e-03
  -2.6819689e-04  -8.9837662e-04  -1.8455843e-04  -1.9891950e-03
  -4.9683941e-04  -6.9613771e-04  -2.7825615e-04  -1.8090416e-03
  -2.9068632e-04  -7.1111837e-04   3.2820296e-05  -1.8765991e-03
  -1.1451914e-04  -7.8227651e-04  -1.9205424e-04  -2.1055441e-03
   1.6669194e-05  -7.2984420e-04  -3.1198733e-04  -2.1768549e-03
  -1.1826737e-04  -9.8826058e-04  -1.9205424e-04  -1.9891950e-03
  -2.6444866e-04  -9.7327992e-04  -1.9955006e-04  -2.0792718e-03
  -2.5695218e-04  -8.5343464e-04  -1.7706261e-04  -2.3044636e-03
   5.7899812e-05  -8.3845398e-04  -2.4827288e-04  -2.0830250e-03
  -5.0799090e-05  -7.8227651e-04  -1.1709606e-04  -2.1543357e-03
  -3.8064403e-04  -7.9351200e-04  -1.0960025e-04  -2.1168037e-03
  -1.7823918e-04  -7.8976684e-04  -2.6326452e-04  -1.8991183e-03
  -1.5200152e-04  -1.0144767e-03  -2.8200406e-04  -2.1430761e-03
  -2.0822509e-04  -9.9575091e-04  -3.5321433e-04  -1.9854418e-03
  -1.5574975e-04  -8.2347332e-04  -2.5951661e-04  -2.2181401e-03
   3.9158622e-05  -9.4331860e-04  -2.8575197e-04  -2.4133063e-03
  -1.2576385e-04  -7.6355068e-04  -2.4827288e-04  -2.2218933e-03
  -2.9443456e-04  -7.6729585e-04  -4.5885793e-05  -2.3570083e-03
  -2.3446275e-04  -8.4594431e-04  -3.0449151e-04  -2.2406592e-03
  -3.1317575e-04  -8.9463146e-04  -2.3328124e-04  -2.2481656e-03
  -3.2057900e-05  -1.0219671e-03  -6.8373247e-05  -2.1505825e-03
  -1.7074271e-04  -8.8714113e-04  -4.0943297e-04  -2.2819444e-03
  -2.3071451e-04  -1.0069864e-03  -1.5832306e-04  -2.3157232e-03
  -2.3821099e-04  -1.0069864e-03  -3.0894157e-05  -2.0905314e-03
  -3.2442046e-04  -9.0212179e-04  -3.8694551e-04  -2.3007104e-03
  -1.5949799e-04  -8.6092497e-04  -5.7129520e-05  -2.2631784e-03
  -2.3821099e-04  -7.3733453e-04   6.2803568e-05  -2.1768549e-03
  -9.5777946e-05  -8.3845398e-04  -1.6956679e-04  -2.0154674e-03
  -8.8281470e-05  -8.6841530e-04  -2.3398339e-05  -2.1543357e-03
   6.5396288e-05  -8.5717981e-04  -3.4642066e-05  -2.2143869e-03
   7.2892764e-05  -8.1223783e-04  -1.3583561e-04  -1.7827692e-03
  -9.5684720e-06  -7.4482486e-04   6.6551477e-05  -1.9741823e-03
   3.9158622e-05  -7.9725717e-04   2.1576569e-05  -1.9291439e-03
  -1.5574975e-04  -7.8976684e-04  -1.3208770e-04  -1.8916119e-03
   1.4785752e-04  -8.6467014e-04   7.4047295e-05  -2.1205569e-03
  -7.3288518e-05  -7.5606035e-04   2.5324478e-05  -1.8203012e-03
  -2.6819689e-04  -5.2011496e-04  -4.2137884e-05  -1.8728459e-03
   2.4531171e-04  -7.8227651e-04  -1.4707934e-04  -1.8428204e-03
   7.6641002e-05  -7.9351200e-04  -1.8081052e-04  -1.9779355e-03
   5.4151574e-05  -6.3246991e-04  -7.5869065e-05  -2.2594252e-03
   4.2906860e-05  -8.5343464e-04  -2.4827288e-04  -1.8203012e-03
  -1.3700856e-04  -9.1710245e-04  -7.2121156e-05  -2.0567526e-03
   6.1648050e-05  -8.6841530e-04   4.7811932e-05  -2.3044636e-03
  -2.1197332e-04  -8.4594431e-04  -1.6581888e-04  -1.8878587e-03
  -1.7449094e-04  -7.4107969e-04  -2.1828961e-04  -2.0004546e-03
  -1.0327442e-04  -8.4968948e-04  -1.8081052e-04  -2.1130505e-03
  -2.0822509e-04  -9.9949608e-04  -1.6581888e-04  -1.8953651e-03
  -5.0799090e-05  -7.3733453e-04  -1.9955006e-04  -1.9741823e-03
  -1.4075680e-04  -8.1598299e-04  -2.1079379e-04  -2.0267270e-03
   4.2906860e-05  -8.5343464e-04  -2.7825615e-04  -1.9779355e-03
  -8.8281470e-05  -8.2347332e-04  -2.4827288e-04  -2.0454930e-03
  -2.0813186e-05  -9.6578959e-04  -2.2578543e-04  -1.9967014e-03
  -6.5792042e-05  -8.3470882e-04  -2.1828961e-04  -2.1017910e-03
  -3.5440637e-04  -1.0369477e-03  -2.0329797e-04  -2.1243101e-03
  -2.0719960e-06  -9.0586695e-04  -4.1318088e-04  -2.1355697e-03
  -3.0567927e-04  -8.6841530e-04  -2.4827288e-04  -2.1355697e-03
  -3.0567927e-04  -9.1335728e-04  -1.7331470e-04  -1.8728459e-03
   3.5410384e-05  -8.0100233e-04  -3.1573524e-04  -2.1693485e-03
  -9.5777946e-05  -8.9463146e-04  -2.8575197e-04  -2.2444124e-03
  -1.8198742e-04  -8.3470882e-04  -3.0823942e-04  -1.9554163e-03
  -3.4316165e-04  -1.0406929e-03  -1.5082725e-04  -2.1731017e-03
  -2.4570747e-04  -9.5080893e-04  -3.3447479e-04  -2.1355697e-03
  -1.5200152e-04  -7.8227651e-04  -4.7689533e-04  -2.0642590e-03
  -2.5695218e-04  -7.1486354e-04  -1.6207097e-04  -1.8690927e-03
  -3.2067223e-04  -8.6841530e-04  -3.0074361e-04  -1.7977820e-03
  -3.8064403e-04  -1.0781445e-03  -3.3072688e-04  -2.2594252e-03
  -3.8064403e-04  -1.0144767e-03  -1.3958352e-04  -1.9779355e-03
  -2.6070042e-04  -1.1979898e-03  -2.2953333e-04  -1.9629227e-03
  -2.9818280e-04  -1.1006155e-03  -2.3398339e-05  -2.1055441e-03
  -3.5815461e-04  -8.8339596e-04  -2.7825615e-04  -1.9891950e-03
  -3.8814051e-04  -9.0586695e-04  -3.2323106e-04  -2.2444124e-03
  -3.2067223e-04  -1.1081059e-03  -1.4333143e-04  -1.9366503e-03
  -5.4547328e-05  -8.7965080e-04  -3.0074361e-04  -1.8765991e-03
  -2.7569337e-04  -6.3246991e-04   1.4080751e-05  -2.0079610e-03
  -2.5320394e-04  -8.8714113e-04  -2.5576870e-04  -1.8841055e-03
   1.6669194e-05  -7.3733453e-04  -4.2817251e-04  -1.8878587e-03
  -6.5792042e-05  -8.5717981e-04  -3.4571851e-04  -1.8465736e-03
  -7.3288518e-05  -1.0257122e-03  -2.0704588e-04  -1.7602500e-03
  -1.6699447e-04  -7.7853134e-04  -3.0894157e-05  -1.8090416e-03
  -1.0702266e-04  -7.8602167e-04  -2.9324779e-04  -2.1168037e-03
  -2.6444866e-04  -8.2347332e-04  -3.8389975e-05  -2.1318165e-03
  -3.5440637e-04  -8.7965080e-04   2.9072387e-05  -1.8991183e-03
  -5.4547328e-05  -9.7327992e-04  -3.0823942e-04  -1.8991183e-03
  -5.0799090e-05  -8.8339596e-04  -2.3328124e-04  -2.0529994e-03
   6.1648050e-05  -1.0257122e-03  -7.2121156e-05  -1.7902756e-03
  -1.8198742e-04  -1.1043607e-03  -1.3958352e-04  -1.7940288e-03
  -4.7060175e-04  -9.0586695e-04  -1.5082725e-04  -2.1280633e-03
  -5.4547328e-05  -1.0107316e-03  -2.7450824e-04  -2.0267270e-03
  -6.2043804e-05  -8.8339596e-04  -3.7195388e-04  -2.0492462e-03
  -3.1317575e-04  -9.9949608e-04  -1.4707934e-04  -2.0567526e-03
  -2.6444866e-04  -9.8077025e-04  -1.0585234e-04  -2.0755186e-03
  -1.7074271e-04  -5.0887946e-04  -3.4946642e-04  -2.0379866e-03
  -1.6324623e-04  -6.6617639e-04  -2.7825615e-04  -1.9666759e-03
  -1.9698037e-04  -6.9988288e-04  -4.5885793e-05  -1.9404035e-03
   5.4244800e-06  -8.6841530e-04  -2.4827288e-04  -1.9967014e-03
  -2.4561424e-05  -8.9088629e-04  -2.2203752e-04  -2.2406592e-03
  -2.4570747e-04  -8.3096365e-04  -1.0960025e-04  -2.2068805e-03
  -1.2201561e-04  -1.0182219e-03  -1.6956679e-04  -2.3495020e-03
  -5.4547328e-05  -8.3096365e-04  -1.6581888e-04  -2.3119700e-03
  -1.2201561e-04  -9.0212179e-04  -2.3702915e-04  -2.1017910e-03
  -1.7074271e-04  -8.5343464e-04   2.8370240e-06  -2.3194764e-03
  -2.0447685e-04  -9.3208311e-04   2.5324478e-05  -2.2819444e-03
  -2.0072861e-04  -9.7327992e-04  -2.5202079e-04  -2.1543357e-03
  -7.7036756e-05  -7.6729585e-04  -1.7706261e-04  -2.2519188e-03
  -3.9554376e-05  -9.9200575e-04  -1.1334816e-04  -2.1731017e-03
  -2.5320394e-04  -1.0781445e-03   2.9072387e-05  -1.9779355e-03
  -1.8198742e-04  -9.5829926e-04  -1.7331470e-04  -2.0942846e-03
  -1.6699447e-04  -7.9725717e-04  -4.8439115e-04  -2.3682679e-03
  -2.9443456e-04  -9.4331860e-04  -1.6207097e-04  -2.1280633e-03
  -1.9323213e-04  -1.0931252e-03  -1.5082725e-04  -2.1092973e-03
  -1.4825328e-04  -7.7853134e-04  -1.9580215e-04  -2.2218933e-03
  -2.4570747e-04  -6.5494090e-04   1.8273666e-04  -1.8390672e-03
  -1.2201561e-04  -7.7104101e-04   1.3026593e-04  -2.1393229e-03
   6.1648050e-05  -7.9725717e-04  -2.5576870e-04  -2.1505825e-03
  -3.5806138e-05  -6.4370540e-04  -9.0860701e-05  -1.8052884e-03
  -6.5792042e-05  -5.9127309e-04   1.3401384e-04  -2.0304802e-03
  -1.4825328e-04  -7.2609903e-04  -7.5869065e-05  -1.9741823e-03
  -1.7823918e-04  -7.8227651e-04  -9.8356519e-05  -2.0154674e-03
  -6.5792042e-05  -7.1486354e-04   2.8370240e-06  -2.0830250e-03
  -6.9540280e-05  -5.3884078e-04   8.5291022e-05  -2.0567526e-03
  -2.1572156e-04  -4.9389880e-04   4.7811932e-05  -2.0567526e-03
  -1.5949799e-04  -7.7478618e-04  -7.2121156e-05  -1.9891950e-03
  -3.5806138e-05  -8.7216047e-04  -1.9650430e-05  -2.0267270e-03
  -1.1451914e-04  -7.4107969e-04  -1.2459188e-04  -2.0192206e-03
  -7.7036756e-05  -9.0961212e-04  -2.2203752e-04  -2.0529994e-03
   2.6405290e-04  -1.2092253e-03  -4.9633702e-05  -2.1092973e-03
   3.9149299e-04  -1.2654028e-03   1.0332842e-05  -2.0867782e-03
  -3.2816870e-04  -1.1230865e-03   1.0777848e-04  -2.0117142e-03
   1.2161986e-04  -1.0556735e-03  -2.4827288e-04  -1.8015352e-03
  -4.3311937e-04  -6.5119573e-04  -6.4180332e-04  -1.8465736e-03
  -4.3302614e-05  -1.3403061e-03   5.9055659e-05  -2.1543357e-03
   3.3526942e-04  -5.4258595e-04  -6.8303032e-04  -1.9141311e-03
  -1.0703198e-03  -9.7327992e-04   4.3759447e-04  -2.0717654e-03
   1.1898677e-03  -1.4002287e-03  -7.6173641e-04  -2.0905314e-03
  -1.7300097e-03  -2.2050176e-04  -4.7689533e-04  -2.0267270e-03
   1.5759362e-03  -2.2016940e-03   1.3221010e-03  -2.1280633e-03
  -1.6288073e-03   6.8957334e-04  -3.0816921e-03  -1.8878587e-03
  -2.4570747e-04  -2.9657077e-03   3.6458046e-03  -2.3344892e-03
   1.4297549e-03   7.7571213e-04  -4.3297458e-03  -1.6739265e-03
  -3.8814983e-03  -1.6960968e-03   3.2635179e-03  -2.6384981e-03
   6.0513324e-03  -1.5650160e-03  -1.1027961e-03  -1.8015352e-03
  -8.4243628e-03   1.8355938e-03  -3.4977100e-03  -2.2406592e-03
   8.9899510e-03  -7.0778989e-03   7.7984877e-03  -2.3832807e-03
  -8.5705441e-03   8.2510615e-03  -1.4070561e-02  -1.2460620e-03
   3.9785568e-03  -1.2399778e-02   1.8554987e-02  -3.5280058e-03
   5.3429154e-03   1.1456923e-02  -2.2600802e-02   2.3269758e-04
  -2.9114637e-02  -9.5160013e-03   2.2456560e-02  -5.4909278e-03
   2.2290939e-01  -8.6490378e-02  -1.9797366e-02   8.2270072e-03
   3.1502609e-01  -7.8176111e-02  -1.6993930e-02   5.7048588e-03
   1.2226170e-01  -1.0411512e-01   1.5730633e-01  -3.3617386e-02
   3.2214034e-02  -6.8026714e-02  -7.7267803e-02  -1.4025698e-02
  -3.9452184e-03  -4.3889126e-02  -1.0495735e-01   2.4249405e-02
   5.5902991e-03  -4.1514691e-02  -7.6285851e-02   1.9944488e-02
  -2.6745657e-03  -1.9571769e-02   9.0727768e-03  -2.8817047e-02
  -1.8480885e-02  -5.8233108e-02   1.6022595e-01  -4.0256792e-02
  -4.2495846e-02  -4.6248580e-02  -8.2413682e-02  -3.5843038e-03
  -2.9380761e-02  -2.3298208e-02  -1.2177867e-02  -7.5514330e-03
   1.8180631e-02  -9.8905178e-03   2.6122015e-02  -5.2995148e-03
  -1.8874357e-03  -2.2916202e-02  -8.6959896e-02   1.2348017e-02
  -1.7337580e-03  -2.5092143e-02  -5.6178319e-02   7.9417642e-03
   1.9095294e-03  -1.1823023e-02   1.2224768e-02  -1.4494847e-02
  -3.9114842e-03  -4.0102764e-02   8.2610499e-02  -2.6448780e-02
   1.3435454e-03  -3.9889289e-02   4.2687773e-02  -1.7167124e-02
  -2.0748476e-03  -1.8350846e-02  -3.0849950e-02   2.3720199e-03
   1.4559926e-03   7.9776644e-03  -4.3918909e-02   3.0025570e-03
  -3.9554376e-05   2.8388814e-02   1.5612878e-02  -1.6363945e-03
  -4.2937113e-04   7.0114119e-03  -4.7666818e-02   1.1004373e-02
  -2.3446275e-04  -2.0021189e-02  -1.0495056e-02   2.7248204e-03
  -1.4338989e-03  -2.5796234e-02   6.4238249e-02  -1.0647821e-02
   4.2906860e-05  -3.2163014e-02   7.7797482e-03  -1.3012335e-02
  -1.7064948e-05  -1.5407146e-02   1.7662984e-02  -5.5247066e-03
   5.6391194e-04   9.0338010e-03  -3.4357993e-02   4.6652232e-03
   1.9283638e-04   1.6479189e-02  -3.5036364e-02   7.5176530e-03
  -3.6565108e-04   1.1224722e-02   1.4061244e-02  -1.5388171e-04
  -4.5186056e-04  -6.5311048e-03   2.4427258e-03  -3.0175710e-03
  -8.6041850e-04  -1.2096420e-02   1.2775711e-02  -5.3295404e-03
  -6.9549603e-04  -1.2351091e-02   3.0998044e-02  -1.1274604e-02
  -2.1572156e-04  -3.3889113e-03   3.2822574e-03  -6.4855250e-03
  -2.5320394e-04   5.4684039e-03  -2.0580679e-02   5.6297892e-04
  -6.2043804e-05   6.9702150e-03  -3.8285801e-02   1.1830076e-02
  -2.4945570e-04   5.4122264e-03  -1.9220188e-02   4.3349419e-03
  -7.6296431e-04  -2.1942037e-03   4.0675145e-02  -8.8462860e-03
  -5.1183236e-04  -4.3888704e-03   6.3930219e-03  -7.6527693e-03
  -2.0822509e-04  -6.6809114e-03   4.3878906e-03  -4.7027565e-03
  -2.9818280e-04  -3.8982538e-03  -5.1580337e-03  -3.4529419e-03
  -1.5200152e-04   3.0714983e-03  -8.8459761e-03  -2.1130505e-03
  -2.3071451e-04   7.3859284e-03   6.6996483e-04   5.4045974e-04
  -2.9068632e-04   2.8205722e-03  -1.0435090e-02   1.1972692e-03
  -3.7314756e-04  -4.5723835e-03   3.2410304e-03  -1.3061132e-03
  -7.6296431e-04  -5.9655849e-03   7.7984877e-03  -3.9371043e-03
  -5.2307708e-04  -4.2652800e-03   5.8870542e-03  -3.6668741e-03
  -4.3311937e-04  -4.9389880e-04  -5.0306048e-03  -3.6406017e-03
  -3.2057900e-05  -1.2687263e-04  -2.4077706e-04  -7.2061446e-04
   1.0662691e-04   5.2104091e-04  -1.6105676e-02   5.6297892e-04
  -4.2187465e-04   9.6297038e-04   3.2515720e-04  -7.6565282e-04
  -3.2816870e-04   1.2738191e-03   9.5262738e-03  -4.0271810e-03
  -3.6939932e-04  -4.7891814e-04   2.0042204e-03  -4.2373600e-03
  -2.9443456e-04  -3.3776759e-03  -3.3402978e-03  -1.9366503e-03
  -1.3326033e-04  -2.6061719e-03  -5.5253288e-03  -1.6589137e-03
  -2.4945570e-04  -9.2084761e-04  -1.5525452e-03  -1.5463178e-03
  -3.7689580e-04  -2.3173725e-04   7.5241882e-04  -2.4508383e-03
  -2.3446275e-04  -7.5606035e-04  -1.7661760e-03  -9.2328709e-04
  -1.3326033e-04   6.7875950e-05  -8.7485305e-03  -4.5038427e-04
  -5.0433589e-04  -1.4517680e-05   1.5282360e-03  -1.4262155e-03
  -5.4181827e-04   3.4501816e-04  -2.4070685e-03  -2.8299112e-03
  -4.1062994e-04   3.7123431e-04   5.0812537e-03  -3.6368485e-03
  -3.1317575e-04  -9.4331860e-04  -3.9886861e-03  -1.9516631e-03
  -2.6819689e-04  -8.1598299e-04  -4.1198629e-03  -1.5838498e-03
  -3.0193104e-04  -4.2648583e-04   4.7739252e-03  -3.0250774e-03
  -3.3566518e-04  -5.1636979e-04   1.3146052e-03  -2.7323280e-03
  -4.4811232e-04  -1.4489159e-03  -2.9692548e-03  -1.1147001e-03
  -3.6190284e-04  -2.1530069e-03  -5.7464554e-03  -2.1017966e-04
  -3.7689580e-04  -1.6511548e-03   4.1510701e-04  -1.5838498e-03
  -3.8064403e-04  -2.2050176e-04   2.3190448e-03  -2.8674431e-03
  -2.1197332e-04  -5.9127309e-04   2.0267079e-03  -2.6647705e-03
  -1.7823918e-04  -9.5829926e-04  -1.7586802e-03  -2.1430761e-03
  -2.7569337e-04  -5.0513430e-04   9.5480591e-04  -1.1672449e-03
  -3.5440637e-04  -4.6393748e-04  -1.4775870e-03  -1.5050326e-03
  -2.9068632e-04  -5.8378276e-04   1.6669086e-03  -2.2068805e-03
  -4.2187465e-04  -1.1230865e-03   1.9854809e-03  -2.3532552e-03
  -5.1183236e-04  -1.7410387e-03  -9.0860701e-05  -2.1806081e-03
  -3.0567927e-04  -1.7672549e-03   2.3078011e-03  -2.4470851e-03
  -2.3071451e-04  -4.0776001e-04   5.6877128e-04  -2.0304802e-03
  -3.7314756e-04  -4.4895682e-04  -4.5065997e-04  -1.4449815e-03
  -4.2562289e-04  -3.0664055e-04  -1.3351665e-03  -1.3624111e-03
  -3.7689580e-04   4.1243113e-04  -1.0728129e-03  -1.5650838e-03
  -5.1183236e-04  -5.3884078e-04   2.9149623e-03  -2.8411708e-03
  -3.9938522e-04  -1.5013482e-03   4.7851689e-03  -3.3028140e-03
  -1.7074271e-04  -1.4863675e-03  -2.3398339e-05  -2.1205569e-03
  -3.1317575e-04  -1.5874870e-03  -7.9546759e-04  -1.2310492e-03
  -3.3566518e-04  -1.5313095e-03  -6.0807214e-04  -1.7001989e-03
  -2.6070042e-04  -2.3548242e-04   1.7231273e-03  -1.7715096e-03
  -4.2187465e-04  -3.1413088e-04   1.7898875e-04  -1.8765991e-03
  -4.8559470e-04  -1.3627771e-03  -2.0810004e-03  -2.0379866e-03
  -3.9938522e-04  -1.4638965e-03   1.8505562e-03  -2.3570083e-03
  -3.0193104e-04  -1.3852481e-03   9.8478918e-04  -2.4208127e-03
  -1.8198742e-04  -8.5343464e-04  -2.3733373e-03  -1.2798408e-03
  -3.7689580e-04  -5.0887946e-04  -1.6537388e-03  -1.4299687e-03
  -3.9938522e-04  -6.5494090e-04  -6.4555123e-04  -2.1768549e-03
  -5.8295566e-05  -1.5683395e-04  -6.1931587e-04  -1.9816886e-03
  -2.1197332e-04  -2.1675659e-04  -6.9052614e-04  -2.1693485e-03
  -3.7689580e-04  -1.4601514e-03  -3.0894157e-05  -2.3194764e-03
  -3.3191694e-04  -2.0256713e-03  -1.0765608e-03  -1.9554163e-03
  -2.1572156e-04  -1.2579125e-03  -3.8237781e-03  -1.4862666e-03
  -1.7074271e-04  -4.4895682e-04  -1.3951330e-03  -1.6889393e-03
  -5.2682532e-04   7.1621115e-05   1.0859827e-03  -2.4470851e-03
  -5.6430770e-04   7.1621115e-05  -1.4888308e-03  -1.9967014e-03
  -3.9563699e-04  -7.3358936e-04  -3.5426849e-03  -1.5613306e-03
  -1.4825328e-04  -1.1006155e-03  -6.1182005e-04  -2.0680122e-03
  -3.6939932e-04  -1.1867543e-03   1.8992790e-03  -2.6347449e-03
  -6.7675484e-04  -1.4152094e-03   5.2379637e-04  -2.4808638e-03
  -1.7074271e-04  -1.1979898e-03  -1.9535715e-03  -1.8052884e-03
  -2.1572156e-04  -9.5080893e-04  -1.4138726e-03  -1.7489904e-03
  -2.4195923e-04  -6.1374408e-04  -1.9580215e-04  -1.9441567e-03
  -1.3700856e-04  -3.1038572e-04  -3.2323106e-04  -2.3044636e-03
  -4.8184646e-04  -6.9239255e-04   2.9072387e-05  -2.4208127e-03
  -3.3941342e-04  -1.0556735e-03   2.2771156e-04  -2.1017910e-03
  -2.0447685e-04  -9.9200575e-04   5.5003174e-04  -1.9741823e-03
  -2.9068632e-04  -9.2833794e-04  -1.7331470e-04  -1.8841055e-03
  -3.3941342e-04  -8.9837662e-04  -6.9052614e-04  -1.7827692e-03
  -4.2562289e-04  -5.9127309e-04  -3.6071015e-04  -1.9291439e-03
  -2.7194513e-04  -7.2609903e-04   5.6502337e-04  -2.3457488e-03
  -3.2442046e-04  -9.2833794e-04   1.4870090e-03  -2.6272385e-03
  -3.4690989e-04  -7.2984420e-04   1.7568584e-03  -2.6384981e-03
  -1.4450504e-04  -1.0481832e-03   6.9245228e-04  -2.1731017e-03
  -3.5065813e-04  -9.5455410e-04  -3.8694551e-04  -1.9178843e-03
  -4.5560879e-04  -3.4409220e-04  -6.8677823e-04  -1.8428204e-03
  -2.8318985e-04  -5.1262463e-04  -4.5440787e-04  -1.5838498e-03
  -2.2696628e-04  -9.6578959e-04   7.7490628e-04  -2.0980378e-03
  -3.9188875e-04  -1.0893800e-03   1.1384535e-03  -2.3832807e-03
  -3.1317575e-04  -1.1755188e-03   7.9739373e-04  -2.3457488e-03
  -2.4945570e-04  -8.8339596e-04   3.6263629e-04  -2.3570083e-03
  -4.8184646e-04  -5.7254727e-04  -2.2953333e-04  -2.0529994e-03
  -3.1692399e-04  -5.5382144e-04  -5.1812233e-04  -1.9141311e-03
  -2.4195923e-04  -3.3660187e-04  -1.2084397e-04  -1.7827692e-03
  -3.9188875e-04  -4.9015364e-04   5.1255265e-04  -2.2181401e-03
  -3.7689580e-04  -1.0669090e-03   8.3112491e-04  -2.4733575e-03
  -3.2067223e-04  -1.0519284e-03  -5.0687860e-04  -1.8390672e-03
  -4.2187465e-04  -8.5717981e-04  -1.2189813e-03  -1.6776797e-03
  -3.2067223e-04  -7.8602167e-04  -4.6939951e-04  -1.9103779e-03
  -2.5320394e-04  -4.0776001e-04   7.7795204e-05  -1.9929482e-03
  -4.8184646e-04  -4.8640847e-04   1.9023247e-04  -2.1205569e-03
  -3.6565108e-04  -9.0212179e-04  -3.6820597e-04  -2.1806081e-03
  -3.3566518e-04  -9.9949608e-04   1.0403057e-04  -2.2256465e-03
  -5.2682532e-04  -7.9351200e-04  -1.3958352e-04  -2.2256465e-03
  -3.9938522e-04  -7.7478618e-04  -7.3550105e-04  -1.9929482e-03
  -2.0822509e-04  -9.6204443e-04  -7.6548432e-04  -1.9929482e-03
  -4.6310527e-04  -8.6467014e-04  -8.2170296e-04  -2.0792718e-03
  -4.7434998e-04  -6.2872474e-04  -4.3941624e-04  -1.9028715e-03
  -1.5574975e-04  -7.8227651e-04  -2.0329797e-04  -1.9328971e-03
  -2.2321804e-04  -1.0856349e-03  -3.0823942e-04  -1.9216375e-03
  -2.9443456e-04  -9.5829926e-04  -6.4929914e-04  -1.8240544e-03
  -3.5440637e-04  -8.9463146e-04  -5.1812233e-04  -2.0042078e-03
  -3.5815461e-04  -7.9725717e-04  -1.4707934e-04  -2.2331528e-03
  -2.6070042e-04  -8.0474750e-04  -1.0585234e-04  -2.1468293e-03
  -2.7194513e-04  -9.2833794e-04  -2.8575197e-04  -1.8315608e-03
  -3.0942751e-04  -9.2084761e-04  -5.7434096e-04  -1.8615863e-03
  -4.3311937e-04  -9.4331860e-04  -4.7314742e-04  -2.1318165e-03
  -2.5695218e-04  -6.8864738e-04   1.1527429e-04  -2.1130505e-03
  -2.5695218e-04  -7.8976684e-04  -3.9818924e-04  -2.0905314e-03
  -5.1932884e-04  -9.8826058e-04  -8.0296341e-04  -2.0680122e-03
  -2.6819689e-04  -9.8077025e-04  -1.4707934e-04  -1.8728459e-03
  -2.3821099e-04  -1.1006155e-03  -4.9633702e-05  -2.0717654e-03
  -3.9563699e-04  -8.9463146e-04   2.2771156e-04  -2.1768549e-03
  -5.1558060e-04  -7.0362804e-04   3.3265302e-04  -2.1768549e-03
  -6.1303479e-04  -9.6204443e-04  -1.7706261e-04  -2.2594252e-03
  -4.4811232e-04  -1.0257122e-03   6.6551477e-05  -1.9028715e-03
  -5.7180417e-04  -6.5868606e-04   1.4900547e-04  -1.9404035e-03
  -5.0433589e-04  -8.8339596e-04  -2.7450824e-04  -2.1092973e-03
  -3.9563699e-04  -1.3477964e-03  -1.7706261e-04  -1.9779355e-03
  -4.9309117e-04  -1.0519284e-03   3.2820296e-05  -2.1843613e-03
  -4.1062994e-04  -9.1710245e-04   2.9517393e-04  -2.1505825e-03
  -4.4811232e-04  -1.2991093e-03   4.3384656e-04  -1.9929482e-03
  -3.0193104e-04  -1.2167156e-03   1.6399711e-04  -2.0717654e-03
  -3.2067223e-04  -9.0212179e-04  -3.2697897e-04  -2.1130505e-03
  -5.2307708e-04  -7.7853134e-04  -1.6207097e-04  -2.1580889e-03
  -2.0447685e-04  -8.0849266e-04   2.6519065e-04  -1.9967014e-03
  -1.6699447e-04  -1.0032412e-03   1.4525757e-04  -2.0229738e-03
  -3.6190284e-04  -8.4219915e-04   2.5769484e-04  -1.9779355e-03
  -1.7074271e-04  -7.8227651e-04   1.4900547e-04  -1.8390672e-03
  -3.1692399e-04  -1.0032412e-03  -1.6207097e-04  -2.0079610e-03
  -3.2816870e-04  -7.3358936e-04  -1.7331470e-04  -2.0454930e-03
  -2.2321804e-04  -6.9613771e-04  -4.1692878e-04  -2.1205569e-03
  -3.7689580e-04  -9.3208311e-04  -2.9699570e-04  -2.0830250e-03
  -8.0784994e-05  -6.7366672e-04   1.1527429e-04  -2.0755186e-03
  -1.7823918e-04  -9.3957344e-04   1.0332842e-05  -2.2969572e-03
  -4.6685351e-04  -1.0818897e-03  -9.8356519e-05  -2.1956209e-03
  -4.0688170e-04  -7.4482486e-04  -5.1812233e-04  -1.8916119e-03
  -3.5815461e-04  -1.1305768e-03  -6.0432423e-04  -1.9704291e-03
  -1.8198742e-04  -1.0294574e-03  -3.5321433e-04  -2.0379866e-03
  -4.2562289e-04  -9.3208311e-04  -7.6548432e-04  -2.0154674e-03
  -4.2187465e-04  -1.0257122e-03  -6.0432423e-04  -2.1655953e-03
  -2.0447685e-04  -7.6355068e-04  -3.7570179e-04  -2.0192206e-03
  -3.1317575e-04  -9.9200575e-04  -5.2187024e-04  -2.0529994e-03
  -6.9540280e-05  -6.8115705e-04  -6.1556796e-04  -2.0342334e-03
  -1.8198742e-04  -7.8602167e-04  -7.4299687e-04  -2.0004546e-03
  -4.4061584e-04  -1.2541673e-03  -7.3175314e-04  -2.2106337e-03
  -3.2442046e-04  -9.6204443e-04  -6.9802196e-04  -2.2406592e-03
  -3.7689580e-04  -9.9575091e-04  -4.8064324e-04  -2.1881145e-03
  -4.3311937e-04  -8.9463146e-04  -5.3686187e-04  -2.0830250e-03
  -3.5440637e-04  -9.0961212e-04  -6.2681169e-04  -2.0342334e-03
  -3.0193104e-04  -8.4219915e-04  -4.0943297e-04  -1.9741823e-03
  -2.0072861e-04  -7.8602167e-04  -4.6190369e-04  -2.3495020e-03
  -2.2321804e-04  -1.0144767e-03  -3.9444133e-04  -2.2331528e-03
  -3.3941342e-04  -8.0849266e-04  -2.5951661e-04  -2.1468293e-03
  -2.9443456e-04  -1.1081059e-03  -2.6701242e-04  -2.3720211e-03
  -4.9683941e-04  -1.1493027e-03  -1.1334816e-04  -2.1731017e-03
  -4.8559470e-04  -7.2984420e-04  -1.5457515e-04  -2.4921234e-03
  -2.7569337e-04  -8.1598299e-04  -2.7146248e-05  -2.0905314e-03
  -3.4690989e-04  -9.2833794e-04   8.1543113e-05  -1.9366503e-03
  -2.1572156e-04  -7.9351200e-04   1.9023247e-04  -2.2481656e-03
  -1.9698037e-04  -6.7741189e-04   2.6893856e-04  -1.9441567e-03
  -6.0553831e-04  -8.7216047e-04  -3.0894157e-05  -2.0680122e-03
  -6.3177598e-04  -7.4482486e-04   3.2890511e-04  -2.1243101e-03
