  -4.2187465e-04  -6.9988288e-04  -2.7825615e-04  -2.0642590e-03
  -4.8559470e-04  -8.2721849e-04  -3.0894157e-05  -1.9366503e-03
   1.6669194e-05  -1.1605382e-03  -2.7076033e-04  -1.8878587e-03
  -4.2562289e-04  -8.7216047e-04  -4.9938278e-04  -2.0830250e-03
  -1.0702266e-04  -6.2123441e-04  -2.7825615e-04  -1.9103779e-03
  -6.5792042e-05  -8.3845398e-04  -3.6071015e-04  -2.0042078e-03
  -2.9443456e-04  -8.2721849e-04   3.6568205e-05  -2.0567526e-03
  -1.3326033e-04  -6.9988288e-04  -1.2833979e-04  -2.1956209e-03
  -2.3446275e-04  -8.0100233e-04  -3.6445806e-04  -2.3344892e-03
   7.6641002e-05  -7.5606035e-04   6.2803568e-05  -1.9929482e-03
  -1.1826737e-04  -1.2054801e-03  -2.0329797e-04  -2.0942846e-03
  -7.3288518e-05  -1.0519284e-03  -4.1318088e-04  -2.1355697e-03
  -1.1077090e-04  -6.0250859e-04  -2.0704588e-04  -1.9291439e-03
  -2.7944161e-04  -9.1710245e-04  -1.6207097e-04  -2.1543357e-03
  -5.8295566e-05  -6.9613771e-04  -7.2121156e-05  -2.0267270e-03
  -2.8309662e-05  -6.7741189e-04   1.6024920e-04  -1.7527436e-03
   1.9658462e-04  -9.4706377e-04   1.3776175e-04  -1.9929482e-03
   2.4165670e-05  -7.4482486e-04  -9.8356519e-05  -1.9291439e-03
  -2.0719960e-06  -8.4594431e-04  -3.8389975e-05  -1.9516631e-03
  -5.0799090e-05  -8.9463146e-04  -1.2459188e-04  -1.9328971e-03
  -1.5949799e-04  -8.0849266e-04  -2.4452497e-04  -1.7452372e-03
  -1.4825328e-04  -8.4968948e-04   2.1576569e-05  -2.0980378e-03
  -1.1451914e-04  -6.8115705e-04   7.7795204e-05  -1.9779355e-03
   2.7913908e-05  -7.7104101e-04   1.7828660e-05  -1.9441567e-03
  -1.8948390e-04  -7.1111837e-04  -6.8373247e-05  -1.9591695e-03
  -2.0719960e-06  -7.7104101e-04  -3.0449151e-04  -1.7677564e-03
  -1.8573566e-04  -7.5231519e-04  -9.0860701e-05  -1.8878587e-03
  -1.9323213e-04  -4.8266331e-04  -8.3364883e-05  -1.9854418e-03
   6.9144526e-05  -1.0481832e-03  -1.1709606e-04  -2.0605058e-03
  -1.2201561e-04  -9.4331860e-04   1.0028266e-04  -1.7790160e-03
   1.0287867e-04  -5.3884078e-04  -1.4333143e-04  -1.8878587e-03
  -1.1451914e-04  -6.8490222e-04   3.6568205e-05  -1.9441567e-03
  -1.1451914e-04  -5.5007628e-04   1.7149293e-04  -1.9328971e-03
  -1.7064948e-05  -6.4370540e-04   1.1152638e-04  -2.2293996e-03
  -1.9323213e-04  -6.4745057e-04  -9.4608610e-05  -2.1881145e-03
   5.7899812e-05  -7.8227651e-04  -2.1828961e-04  -2.0717654e-03
  -1.8948390e-04  -8.8714113e-04   6.2803568e-05  -1.8503268e-03
  -1.4075680e-04  -7.7478618e-04  -1.6207097e-04  -2.0605058e-03
   1.1037514e-04  -7.8602167e-04   8.9038931e-05  -2.0192206e-03
  -2.0822509e-04  -5.5756661e-04   1.3776175e-04  -1.9141311e-03
  -1.3316710e-05  -6.3246991e-04  -2.9324779e-04  -2.0192206e-03
   7.2892764e-05  -8.6841530e-04  -1.4707934e-04  -1.7827692e-03
  -1.3700856e-04  -6.3996024e-04  -1.7331470e-04  -2.0079610e-03
  -1.4075680e-04  -6.2497958e-04  -8.7112792e-05  -2.1055441e-03
  -1.7074271e-04  -7.8602167e-04   1.7149293e-04  -2.1430761e-03
   1.1787162e-04  -6.4745057e-04   2.9072387e-05  -2.1505825e-03
  -9.2029708e-05  -7.1486354e-04  -2.3398339e-05  -2.0154674e-03
  -3.1317575e-04  -7.0737321e-04   1.5275338e-04  -2.1280633e-03
   6.9144526e-05  -8.8339596e-04  -1.6581888e-04  -1.8465736e-03
  -1.1451914e-04  -9.3582827e-04  -2.2953333e-04  -1.9779355e-03
  -2.2321804e-04  -7.0362804e-04   8.1543113e-05  -2.3570083e-03
  -1.4075680e-04  -9.8077025e-04  -2.2578543e-04  -2.2181401e-03
  -9.2029708e-05  -7.8227651e-04  -1.6581888e-04  -2.1731017e-03
  -5.8295566e-05  -6.1748925e-04  -9.8356519e-05  -2.1055441e-03
  -2.8309662e-05  -9.2084761e-04  -2.4452497e-04  -1.9854418e-03
   1.9658462e-04  -7.6355068e-04   1.0403057e-04  -1.7677564e-03
   9.5382192e-05  -5.1262463e-04   3.2820296e-05  -1.7452372e-03
   1.4036105e-04  -6.0625375e-04   7.0299386e-05  -1.7527436e-03
   1.4410929e-04  -7.4107969e-04   1.0403057e-04  -1.5500710e-03
   1.4036105e-04  -7.4857002e-04  -5.7129520e-05  -1.5951094e-03
   1.5160576e-04  -6.6243123e-04   1.7898875e-04  -1.8165480e-03
  -9.5684720e-06  -5.3884078e-04   2.7643438e-04  -1.8353140e-03
  -4.7050852e-05  -4.8266331e-04   3.3640092e-04  -1.7227181e-03
  -3.5806138e-05  -4.8640847e-04   1.7828660e-05  -1.8916119e-03
   2.7913908e-05  -5.9876342e-04   1.0332842e-05  -1.8465736e-03
  -3.3941342e-04  -7.2235387e-04   3.2140929e-04  -1.8203012e-03
  -2.9818280e-04  -8.0474750e-04  -9.0860701e-05  -1.9141311e-03
  -7.3288518e-05  -7.6355068e-04   2.5324478e-05  -1.8765991e-03
   1.5910224e-04  -7.5606035e-04   6.6551477e-05  -1.8878587e-03
   1.9283638e-04  -9.0961212e-04  -1.3958352e-04  -1.8090416e-03
  -1.3326033e-04  -6.6617639e-04   3.1016556e-04  -1.7940288e-03
   1.2911633e-04  -4.3397616e-04  -2.3398339e-05  -1.7414840e-03
  -1.9323213e-04  -7.5231519e-04  -3.1198733e-04  -1.7940288e-03
  -1.5949799e-04  -7.2984420e-04   2.1646784e-04  -1.8390672e-03
   1.1787162e-04  -5.8378276e-04  -8.4067030e-06  -2.0642590e-03
  -1.2576385e-04  -8.1972816e-04  -1.0210443e-04  -1.9141311e-03
  -6.2043804e-05  -7.5606035e-04   1.9023247e-04  -1.7715096e-03
  -5.8295566e-05  -7.4482486e-04  -1.7331470e-04  -2.0304802e-03
  -9.5777946e-05  -8.7216047e-04  -2.3702915e-04  -1.9178843e-03
  -3.6939932e-04  -8.0100233e-04   3.2820296e-05  -2.1017910e-03
  -3.1317575e-04  -8.5717981e-04   2.5324478e-05  -2.1731017e-03
  -2.7944161e-04  -7.7478618e-04  -4.2137884e-05  -2.1993741e-03
  -2.7944161e-04  -6.8115705e-04   4.7811932e-05  -2.1768549e-03
  -1.4075680e-04  -1.0069864e-03  -8.3364883e-05  -2.0192206e-03
  -2.3821099e-04  -9.1335728e-04  -2.7076033e-04  -2.0792718e-03
  -1.9698037e-04  -7.1860870e-04  -1.5902521e-05  -2.3119700e-03
  -3.2442046e-04  -8.5717981e-04  -1.6207097e-04  -2.3194764e-03
  -1.8573566e-04  -7.7853134e-04  -1.5457515e-04  -1.9779355e-03
  -2.4945570e-04  -8.0100233e-04   1.7828660e-05  -2.1843613e-03
  -3.7689580e-04  -6.5119573e-04  -2.3328124e-04  -2.0529994e-03
  -2.1946980e-04  -7.3358936e-04  -1.6581888e-04  -2.1168037e-03
  -2.9068632e-04  -8.7965080e-04  -1.8081052e-04  -2.3907871e-03
  -1.3700856e-04  -6.8115705e-04  -2.8949988e-04  -1.8653395e-03
  -1.7449094e-04  -8.4968948e-04  -1.9205424e-04  -1.8878587e-03
  -3.1317575e-04  -7.3358936e-04  -6.8373247e-05  -2.0680122e-03
  -1.8198742e-04  -8.9463146e-04  -1.7331470e-04  -2.0117142e-03
   8.7885716e-05  -1.0257122e-03  -3.0074361e-04  -2.0529994e-03
   2.0782933e-04  -7.2609903e-04  -1.4707934e-04  -1.9704291e-03
  -1.2576385e-04  -7.4857002e-04  -2.4452497e-04  -1.7752628e-03
  -2.7194513e-04  -6.9988288e-04  -1.1709606e-04  -1.7827692e-03
  -6.9540280e-05  -7.7853134e-04  -1.2154612e-05  -2.1505825e-03
   5.0403336e-05  -7.8602167e-04  -2.7825615e-04  -1.9929482e-03
   7.2892764e-05  -8.4968948e-04  -6.0877429e-05  -1.7640032e-03
   9.1633954e-05  -6.7741189e-04   1.6774502e-04  -1.9479099e-03
  -1.0702266e-04  -7.9351200e-04  -8.3364883e-05  -1.9028715e-03
  -3.0942751e-04  -1.0481832e-03  -8.3364883e-05  -1.9404035e-03
  -2.2696628e-04  -6.4745057e-04  -9.0860701e-05  -1.8578331e-03
  -9.2029708e-05  -6.8864738e-04  -8.7112792e-05  -1.7977820e-03
   5.0403336e-05  -7.7104101e-04   2.5769484e-04  -1.9629227e-03
  -6.5792042e-05  -7.4107969e-04   5.9055659e-05  -1.8765991e-03
   3.5410384e-05  -4.7517298e-04   1.6774502e-04  -2.0079610e-03
  -2.4561424e-05  -5.6131177e-04   3.4764465e-04  -1.8615863e-03
  -3.6565108e-04  -1.0294574e-03  -1.2459188e-04  -1.7339776e-03
  -1.3700856e-04  -8.4968948e-04   5.5307750e-05  -2.0529994e-03
  -2.1946980e-04  -6.3996024e-04   1.9023247e-04  -2.0717654e-03
  -1.3326033e-04  -7.4857002e-04  -8.7112792e-05  -2.0304802e-03
   2.4165670e-05  -1.0743994e-03  -4.9633702e-05  -1.9366503e-03
  -1.9698037e-04  -7.7478618e-04  -9.4608610e-05  -1.9591695e-03
  -1.0702266e-04  -6.9239255e-04  -1.0585234e-04  -2.0154674e-03
  -2.1197332e-04  -8.3845398e-04  -9.1088500e-07  -1.8953651e-03
  -1.9323213e-04  -5.0513430e-04  -4.9633702e-05  -1.9516631e-03
  -3.9554376e-05  -8.6467014e-04  -5.3381611e-05  -2.0229738e-03
  -1.4075680e-04  -8.4968948e-04  -1.4707934e-04  -1.8315608e-03
  -1.3700856e-04  -5.3509562e-04  -6.4625338e-05  -2.0079610e-03
  -5.4547328e-05  -7.9351200e-04   7.0299386e-05  -2.1393229e-03
   3.9158622e-05  -9.9575091e-04  -2.4827288e-04  -1.9178843e-03
   4.2906860e-05  -8.9463146e-04  -3.9444133e-04  -2.1393229e-03
  -2.7194513e-04  -5.9876342e-04  -9.8356519e-05  -2.1318165e-03
  -1.9698037e-04  -7.2235387e-04   6.2803568e-05  -2.0867782e-03
   2.2282228e-04  -8.3845398e-04  -8.7112792e-05  -2.0079610e-03
  -2.0719960e-06  -8.0474750e-04  -1.0960025e-04  -1.9929482e-03
   1.6762420e-06  -8.7590563e-04  -5.3381611e-05  -2.0942846e-03
  -5.4547328e-05  -7.8227651e-04   2.1576569e-05  -1.7715096e-03
  -3.2067223e-04  -8.8714113e-04   1.1902220e-04  -1.9479099e-03
   9.1633954e-05  -7.9351200e-04   2.6144274e-04  -1.8803523e-03
   7.2892764e-05  -6.0625375e-04   1.7149293e-04  -1.6063689e-03
   7.2892764e-05  -7.6729585e-04  -2.7146248e-05  -1.7677564e-03
   2.3781524e-04  -6.8864738e-04   2.9892183e-04  -1.8690927e-03
  -1.2201561e-04  -5.6505694e-04   2.0897202e-04  -1.8953651e-03
  -4.3302614e-05  -5.6505694e-04  -1.9650430e-05  -1.6926925e-03
   1.1787162e-04  -5.6505694e-04   2.8393020e-04  -1.8916119e-03
   5.7899812e-05  -6.7741189e-04   1.9023247e-04  -1.6401477e-03
   5.0403336e-05  -6.5119573e-04   2.9072387e-05  -1.4299687e-03
  -1.4825328e-04  -7.2235387e-04  -2.7146248e-05  -1.8803523e-03
   1.0662691e-04  -7.5231519e-04   3.2820296e-05  -1.7602500e-03
   4.6655098e-05  -6.3246991e-04   1.9398038e-04  -1.7452372e-03
  -2.7569337e-04  -9.8826058e-04   1.0332842e-05  -1.6213817e-03
   2.2657052e-04  -8.4219915e-04  -9.0860701e-05  -1.8690927e-03
   2.7154938e-04  -6.5868606e-04  -2.8575197e-04  -1.9666759e-03
   7.6641002e-05  -9.0212179e-04  -2.1454170e-04  -1.6701733e-03
   3.1662146e-05  -5.2386012e-04   5.9055659e-05  -1.9441567e-03
  -6.5792042e-05  -4.9389880e-04  -2.6326452e-04  -1.7790160e-03
   1.4036105e-04  -6.6992156e-04  -1.8455843e-04  -1.8465736e-03
  -3.9554376e-05  -6.4370540e-04   1.4900547e-04  -1.9103779e-03
  -1.2576385e-04  -6.1748925e-04   4.7811932e-05  -1.8315608e-03
   1.9283638e-04  -5.2386012e-04  -2.0329797e-04  -1.8578331e-03
   1.6762420e-06  -8.1223783e-04  -1.3583561e-04  -1.7039521e-03
  -1.1451914e-04  -9.1710245e-04   2.2396365e-04  -1.9891950e-03
  -7.3288518e-05  -8.3845398e-04  -2.7146248e-05  -2.0154674e-03
  -2.5695218e-04  -7.6729585e-04  -1.2154612e-05  -1.9891950e-03
  -1.5949799e-04  -5.9876342e-04   1.9398038e-04  -2.0267270e-03
  -2.0447685e-04  -7.8602167e-04  -7.2121156e-05  -2.0004546e-03
  -2.4195923e-04  -8.1972816e-04   2.0147620e-04  -2.0680122e-03
  -1.9698037e-04  -8.5343464e-04   3.6568205e-05  -2.0492462e-03
  -2.9068632e-04  -9.0961212e-04  -1.9955006e-04  -2.0680122e-03
  -2.9818280e-04  -9.2084761e-04   8.9038931e-05  -1.9854418e-03
  -3.2442046e-04  -9.9575091e-04  -1.1334816e-04  -2.0417398e-03
  -3.8814051e-04  -7.4857002e-04  -1.2084397e-04  -2.1092973e-03
  -3.5440637e-04  -9.3957344e-04  -2.5202079e-04  -2.1205569e-03
  -2.4570747e-04  -9.3582827e-04  -3.8319760e-04  -2.2106337e-03
  -2.5320394e-04  -8.0100233e-04  -1.2084397e-04  -2.0980378e-03
  -1.8948390e-04  -9.3957344e-04  -1.5082725e-04  -2.0454930e-03
  -1.7823918e-04  -7.8227651e-04  -3.9818924e-04  -2.3832807e-03
  -5.0433589e-04  -7.7853134e-04  -7.1676150e-04  -2.2744380e-03
  -3.1692399e-04  -7.8602167e-04  -2.7076033e-04  -2.1168037e-03
   3.3526942e-04  -6.6243123e-04  -3.0074361e-04  -2.2293996e-03
  -3.3191694e-04  -8.1972816e-04  -2.5576870e-04  -2.1580889e-03
  -4.5560879e-04  -9.8451542e-04   1.6774502e-04  -2.2819444e-03
  -8.8281470e-05  -8.2347332e-04  -1.0540733e-03  -1.7152117e-03
   6.5396288e-05  -9.5080893e-04   9.8853709e-04  -2.2669316e-03
  -4.7050852e-05  -7.4482486e-04  -1.0428296e-03  -2.0079610e-03
  -6.8050307e-04  -5.0138913e-04   6.5122528e-04  -1.8052884e-03
   5.0394013e-04  -9.5829926e-04  -5.1812233e-04  -2.1843613e-03
  -6.0928655e-04  -8.8714113e-04  -9.0415695e-04  -1.4862666e-03
   8.5252627e-04  -4.6019232e-04   2.5739026e-03  -2.6234853e-03
  -7.0299250e-04  -7.0362804e-04  -4.4084519e-03  -1.0508958e-03
  -2.1946980e-04  -8.0474750e-04   6.0257268e-03  -2.8711963e-03
   8.6002274e-04  -9.0961212e-04  -7.2268794e-03  -1.2535684e-03
  -1.8387086e-03  -8.8339596e-04   7.0713934e-03  -1.9404035e-03
   2.5129957e-03  -6.4745057e-04  -5.0193610e-03  -2.7623536e-03
  -3.6603523e-03  -1.0406929e-03   2.5769484e-04  -2.0642647e-04
   4.4770724e-03  -6.4370540e-04   8.2407410e-03  -6.2828524e-03
  -4.8372990e-03  -1.1081059e-03  -2.2255995e-02   7.6752872e-03
   8.4277153e-03  -8.6467014e-04   4.9876262e-02  -3.5253780e-02
   2.9301653e-02   9.9293170e-04  -7.1143720e-02  -1.1203668e-01
  -5.7110226e-02   1.4872935e-03  -1.8219426e-01  -8.7689695e-02
  -2.7727788e-02  -3.1192595e-03  -1.2993717e-01  -3.5925602e-02
   9.1207551e-02  -7.9692481e-03  -3.6445806e-04  -5.2150673e-02
   8.6713507e-03   2.4123492e-03   5.2331142e-02  -7.1915008e-02
  -1.1292149e-01   1.1449432e-02  -8.0937006e-02  -1.6566612e-02
  -2.5280189e-02  -3.8870183e-03  -8.9441011e-02   2.9425058e-03
   1.2128341e-01  -1.6777876e-02   2.9600074e-02  -4.5976664e-02
   2.3147046e-02  -1.0743994e-03   8.1392429e-02  -4.8821587e-02
  -1.4334219e-01   1.5370620e-02  -5.6253277e-02  -1.3042360e-02
  -1.2584907e-02   1.5210000e-03  -4.6699857e-02   6.0876849e-03
   1.3590904e-01  -1.6961389e-02  -1.9827349e-02  -5.8287156e-03
   3.6149777e-03  -3.8682925e-03   1.8992790e-03  -7.7503524e-03
  -1.3710137e-01   1.3314525e-02  -2.3477813e-02   1.4112020e-02
  -2.9549432e-02   2.5696462e-03  -7.2275588e-02   1.4419782e-02
   1.2254657e-01  -1.3347305e-02   4.4824081e-02  -8.2645404e-03
   2.9110493e-02  -5.7071685e-03  -1.7979630e-02  -3.1526861e-03
  -9.8985541e-02   1.1494374e-02   1.0571940e-02  -3.3253332e-03
  -3.7964226e-02   4.7306064e-03   5.2803379e-02  -2.1869880e-02
   6.9913811e-02  -1.0684493e-02   7.2288056e-03  -1.4401018e-02
   4.0167795e-02  -8.5647294e-03  -1.2934945e-02   2.5897053e-03
  -6.0884702e-02   5.3485586e-03  -5.8948024e-02   1.6191291e-02
  -3.4545833e-02   9.1686269e-03   1.3866352e-02   1.0171158e-03
   4.2105634e-02  -3.5948954e-03   1.8813592e-02  -4.9955058e-03
   3.1824217e-02  -7.7370479e-03  -5.9427756e-02   1.3143695e-02
  -1.8642060e-02   3.0424300e-05  -2.2534042e-03   3.9033186e-04
  -3.1802123e-02   4.6968999e-03   5.5842933e-02  -1.9745570e-02
  -1.5163601e-03  -2.9540506e-04   3.3276773e-02  -1.8574573e-02
   2.9249177e-02  -6.7558147e-03  -2.2360936e-02  -4.4287788e-04
   1.2457071e-02  -2.4076781e-03  -4.1906281e-02   8.3471095e-03
  -1.9893971e-02   4.4534642e-03   2.3329823e-02  -2.4771107e-03
  -1.8971905e-02   2.7494141e-03   7.9364582e-04  -6.6806970e-04
   8.1091150e-03  -3.0743175e-03  -4.3652807e-02   1.1447250e-02
   2.2903410e-02  -4.5311867e-03  -2.1986145e-02   6.6431581e-03
  -1.8986804e-03   4.5737311e-04   1.3083039e-02  -8.0918934e-03
  -2.4534290e-02   3.8430023e-03   3.4899618e-02  -1.5260500e-02
  -8.7392148e-03  -1.7335484e-03  -6.5410121e-03  -7.1761133e-03
   2.7187646e-02  -5.0967066e-03  -1.9921047e-02  -1.7640032e-03
   1.3442858e-02  -1.7822356e-03   4.2154867e-03  -4.5826542e-03
  -2.7008127e-02   2.5359397e-03  -1.1979228e-02   1.2197884e-03
  -1.7015324e-02   1.9292230e-03  -2.2255995e-02   5.4346286e-03
   2.0399587e-02  -3.3626952e-03  -2.6120089e-02   5.5810033e-03
   1.9826107e-02  -2.0032003e-03  -1.5805843e-02   1.5162910e-03
  -1.6321900e-02   1.8992616e-03   1.0339570e-02  -6.1589969e-03
  -2.0962219e-02   8.1316378e-04   7.4461843e-03  -8.7524560e-03
   9.3048030e-03  -2.9619625e-03   4.7589335e-03  -8.9363627e-03
   1.9286361e-02  -4.6847384e-03  -3.5426849e-03  -5.3220340e-03
  -5.1821369e-03   1.0907276e-04  -9.7004994e-03  -9.6832546e-04
  -1.7345169e-02   2.3898783e-03  -7.4592498e-03   8.9326025e-04
   5.8640137e-04  -1.4976030e-03  -1.6701593e-02   3.6180813e-03
   1.3881402e-02  -2.3290296e-03  -1.9838593e-02   4.4175122e-03
   1.5834327e-03  -5.6505694e-04  -7.3430646e-03   6.1927687e-04
  -1.1291765e-02   9.0679291e-04   9.0915163e-03  -6.0163754e-03
  -3.7802959e-03  -8.9463146e-04   1.4121210e-02  -9.3980059e-03
   7.9591855e-03  -3.5536986e-03   2.7238190e-03  -6.9359087e-03
   4.8556445e-03  -1.5837418e-03  -2.6994054e-03  -3.6818869e-03
  -6.0667211e-03   3.5999882e-04   6.5872110e-04  -1.5988626e-03
  -5.6806526e-03   4.2081450e-06  -6.7059201e-03   1.0809201e-03
   2.3668144e-03  -1.2766383e-03  -1.4374142e-02   4.1585416e-03
   4.9755881e-03  -1.3590319e-03  -1.1120957e-02   3.6518600e-03
  -4.5186056e-04   3.1131167e-04   3.7882251e-03  -1.9891950e-03
  -3.4242133e-03   2.1393738e-04   1.4979481e-02  -6.4479931e-03
   1.1412338e-04  -1.5275643e-03   1.0905504e-02  -6.4142143e-03
   3.6786977e-03  -2.1230456e-03   7.5623695e-03  -5.4571491e-03
   5.3392604e-04  -8.7590563e-04   7.7010421e-03  -4.0234278e-03
  -4.0239314e-03   7.9111445e-05   4.5258610e-04  -1.0584022e-03
  -1.4863742e-03  -9.2459278e-04  -7.1069463e-03   2.4283178e-03
   2.4717651e-03  -1.2429318e-03  -1.0157744e-02   3.9596222e-03
   1.5234609e-03  -3.6656319e-04  -2.5082620e-03   1.5988613e-03
  -1.4001648e-03   4.1659795e-05   7.3000158e-03  -2.4020467e-03
  -1.3064588e-03  -3.5532770e-04   8.9341042e-03  -4.5301094e-03
   1.0549311e-03  -1.4077191e-03   8.9865749e-03  -5.2432168e-03
   1.8233199e-03  -1.2616576e-03   9.4925426e-03  -5.5096938e-03
  -7.2173369e-04  -5.4633111e-04   6.1344161e-03  -3.6293421e-03
  -1.4751295e-03  -6.0999892e-04  -2.6394388e-03  -6.3804981e-05
   7.4382737e-04  -7.4482486e-04  -8.7560263e-03   2.4358242e-03
   1.5759362e-03  -6.5868606e-04  -8.0026966e-03   2.3119687e-03
  -5.0058765e-04  -3.5907286e-04  -1.8936049e-03   1.9516561e-04
  -1.4226542e-03  -4.7517298e-04   2.1691284e-03  -2.4771107e-03
   5.4517075e-04  -7.9351200e-04   4.7664294e-03  -4.3049176e-03
   1.0699241e-03  -7.9725717e-04   5.3511032e-03  -5.2432168e-03
  -2.4561424e-05  -7.1486354e-04   4.2717054e-03  -5.3257872e-03
  -7.2923017e-04  -6.5494090e-04   8.3862073e-04  -3.5017334e-03
  -6.5792042e-05  -8.4219915e-04  -7.3767958e-03  -5.9675895e-04
   3.7650004e-04  -8.6841530e-04  -1.1124705e-02   1.4937718e-03
  -7.8545374e-04  -6.5868606e-04  -9.8391720e-03   1.4524866e-03
  -8.9415264e-04  -6.0999892e-04  -5.7801866e-03  -3.6406074e-04
  -2.0072861e-04  -6.7366672e-04  -1.6762262e-03  -2.5446682e-03
  -5.8295566e-05  -9.2833794e-04  -7.3175314e-04  -4.2748920e-03
  -4.3302614e-05  -1.1418123e-03   2.1091619e-03  -5.3070212e-03
  -4.5560879e-04  -8.1972816e-04   2.4127425e-03  -5.1231145e-03
  -3.9563699e-04  -6.1374408e-04  -2.6731700e-03  -3.0175710e-03
  -3.4316165e-04  -9.7702509e-04  -8.2613023e-03  -3.0400959e-04
  -4.9683941e-04  -8.3096365e-04  -1.1068486e-02   9.6081780e-04
  -6.7300660e-04  -3.8903418e-04  -7.2606106e-03   4.3912342e-04
  -6.9549603e-04  -5.5007628e-04  -3.9137279e-03  -7.9567840e-04
   2.7904585e-04  -7.8602167e-04  -1.2489646e-03  -2.3607615e-03
   4.4022009e-04  -9.7327992e-04   2.4951965e-03  -4.2523728e-03
  -1.4075680e-04  -1.1081059e-03   3.9531331e-03  -5.0480506e-03
  -1.9323213e-04  -7.9725717e-04   3.2860053e-03  -4.3987475e-03
  -3.5815461e-04  -8.4219915e-04  -8.2919877e-04  -2.4583447e-03
  -4.2562289e-04  -9.3957344e-04  -4.7120325e-03  -1.5012851e-04
  -2.1572156e-04  -5.3135045e-04  -4.9181675e-03   5.4045974e-04
  -4.1437818e-04  -4.7891814e-04  -2.8418259e-03  -3.3779405e-05
   1.0662691e-04  -6.0250859e-04  -9.4608610e-05  -1.1935173e-03
   1.0099523e-03  -7.5606035e-04   3.2297867e-03  -2.4620979e-03
   2.4531171e-04  -8.3845398e-04   6.5504340e-03  -3.6030698e-03
  -4.9309117e-04  -7.5606035e-04   8.0795809e-03  -4.1172577e-03
   2.3781524e-04  -6.3621507e-04   5.4710363e-03  -3.1001414e-03
   8.5252627e-04  -5.1262463e-04   1.3708238e-03  -1.4262155e-03
   2.0408109e-04  -5.2011496e-04  -2.0247817e-03   2.1393160e-04
  -2.2696628e-04  -4.0026968e-04  -2.4745308e-03   8.0318353e-04
   5.0394013e-04  -5.0138913e-04   4.6757774e-04  -1.7640089e-04
   7.3633089e-04  -5.8003760e-04   2.0079683e-03  -1.3061132e-03
   3.5401061e-04  -6.3996024e-04   3.6795358e-03  -2.1318165e-03
   1.6669194e-05  -8.6841530e-04   6.0894412e-03  -3.2164905e-03
  -8.8281470e-05  -7.2984420e-04   6.3180637e-03  -3.8507808e-03
   3.1278000e-04  -6.1374408e-04   4.1892514e-03  -2.7248217e-03
   4.3647185e-04  -5.0887946e-04   4.6382983e-04  -1.2160365e-03
   1.8908814e-04  -6.2872474e-04  -1.9198403e-03  -2.5521803e-04
   9.5382192e-05  -5.8378276e-04  -1.8036551e-03   3.3778141e-05
   1.2911633e-04  -5.5382144e-04  -1.1889980e-03  -8.7449553e-04
   1.0287867e-04  -1.0294574e-03  -9.1088500e-07  -1.6363945e-03
  -7.7036756e-05  -8.7590563e-04   1.7231273e-03  -2.6460045e-03
  -1.8948390e-04  -8.4968948e-04   3.1810639e-03  -3.6668741e-03
  -4.5186056e-04  -1.0069864e-03   2.3377843e-03  -3.5880570e-03
  -2.6819689e-04  -8.4968948e-04  -6.7178660e-04  -2.5446682e-03
   2.7154938e-04  -7.7853134e-04  -3.3253062e-03  -1.4599943e-03
  -1.2576385e-04  -5.5382144e-04  -4.8357135e-03  -1.1297129e-03
  -5.4556651e-04  -4.4146649e-04  -5.0605880e-03  -5.4046100e-04
  -5.0433589e-04  -7.1860870e-04  -4.7420158e-03  -1.1484789e-03
  -3.5065813e-04  -1.0144767e-03  -3.2316084e-03  -2.2744380e-03
  -1.6324623e-04  -8.1223783e-04  -7.1301360e-04  -2.7173153e-03
  -5.1183236e-04  -8.6467014e-04   5.5307750e-05  -3.4979802e-03
  -3.5440637e-04  -9.3957344e-04  -9.2664441e-04  -3.3591119e-03
   6.5396288e-05  -9.3957344e-04  -2.4407996e-03  -2.6497577e-03
  -2.0447685e-04  -8.4968948e-04  -4.2772751e-03  -1.6964457e-03
  -6.7675484e-04  -6.8115705e-04  -5.0193610e-03  -1.0321298e-03
  -9.3913150e-04  -1.1343220e-03  -4.5208891e-03  -1.0321298e-03
  -2.6070042e-04  -9.4331860e-04  -3.0854400e-03  -1.3173728e-03
   1.5535400e-04  -8.8714113e-04  -1.1327794e-03  -2.5671874e-03
  -2.9818280e-04  -1.0519284e-03   6.5122528e-04  -3.1301669e-03
  -4.8184646e-04  -7.9725717e-04   1.4757653e-03  -3.1189073e-03
  -2.4570747e-04  -1.0444381e-03   9.0233518e-04  -3.1189073e-03
  -3.9554376e-05  -8.8714113e-04  -1.7331470e-04  -2.2894508e-03
  -2.1572156e-04  -6.9239255e-04  -1.5637889e-03  -1.4975262e-03
  -4.4436408e-04  -9.9200575e-04  -1.9947985e-03  -9.9084464e-04
  -2.2321804e-04  -7.5980552e-04  -1.1365273e-03  -1.2610748e-03
   5.1518485e-04  -6.2497958e-04   1.3026593e-04  -1.5012794e-03
   2.5655643e-04  -8.0474750e-04   1.8617999e-03  -1.8690927e-03
  -6.5792042e-05  -6.0625375e-04   3.5483589e-03  -2.6572641e-03
   3.0153528e-04  -7.5980552e-04   4.0243434e-03  -2.6309917e-03
   4.2906860e-05  -7.9725717e-04   2.9486935e-03  -2.3682679e-03
   2.7529762e-04  -6.1748925e-04   1.4120508e-03  -1.8052884e-03
   3.4276590e-04  -6.1748925e-04   3.2515720e-04  -1.3549047e-03
   3.1662146e-05  -4.9389880e-04  -9.4608610e-05  -9.9084464e-04
   5.4244800e-06  -6.4745057e-04   1.8648456e-04  -1.0734150e-03
  -2.7944161e-04  -8.4968948e-04   1.5094964e-03  -1.8278076e-03
   5.7899812e-05  -8.2347332e-04   2.6788440e-03  -2.1768549e-03
   2.0408109e-04  -7.5606035e-04   2.8512479e-03  -2.4733575e-03
  -1.5574975e-04  -7.1486354e-04   2.9262060e-03  -2.6722769e-03
   2.8279409e-04  -6.3246991e-04   2.1428931e-03  -2.3832807e-03
   1.9658462e-04  -8.8714113e-04   7.2618346e-04  -1.5688370e-03
  -3.2816870e-04  -9.6204443e-04  -4.5440787e-04  -1.0621554e-03
  -2.3446275e-04  -4.0401484e-04  -9.5287977e-04  -1.1522321e-03
  -9.2029708e-05  -5.2386012e-04  -2.5202079e-04  -1.4825134e-03
  -4.7050852e-05  -8.0100233e-04   3.5139256e-04  -1.9779355e-03
  -1.6699447e-04  -5.9127309e-04   6.5872110e-04  -2.2068805e-03
  -2.0813186e-05  -6.6617639e-04   9.0983100e-04  -2.5784470e-03
   8.4137478e-05  -7.2984420e-04   5.0505683e-04  -2.6234853e-03
  -1.5200152e-04  -8.7965080e-04  -4.1692878e-04  -2.0567526e-03
  -2.8318985e-04  -8.5343464e-04  -1.7024616e-03  -1.7602500e-03
  -3.0193104e-04  -5.9876342e-04  -2.5157578e-03  -1.5538242e-03
  -1.3326033e-04  -7.0362804e-04  -2.4557913e-03  -1.4599943e-03
  -4.1062994e-04  -7.2235387e-04  -2.1297232e-03  -1.7414840e-03
  -6.2053127e-04  -9.1710245e-04  -1.2826958e-03  -2.1693485e-03
  -2.1572156e-04  -1.1755188e-03  -4.9938278e-04  -2.5634342e-03
  -5.8202340e-06  -9.8077025e-04  -6.0432423e-04  -2.7998856e-03
  -5.8295566e-05  -7.4107969e-04  -9.6412350e-04  -2.7248217e-03
  -3.9563699e-04  -6.8115705e-04  -1.5075703e-03  -2.2181401e-03
  -1.3326033e-04  -7.0737321e-04  -2.1409669e-03  -1.6701733e-03
   6.1648050e-05  -7.9725717e-04  -2.4820266e-03  -1.5838498e-03
  -3.5065813e-04  -9.3208311e-04  -2.4932704e-03  -1.5500710e-03
  -8.4533232e-05  -8.5717981e-04  -1.6949658e-03  -1.8203012e-03
  -6.2043804e-05  -6.9613771e-04  -7.7672805e-04  -2.4883702e-03
  -5.8295566e-05  -1.0332026e-03  -1.7331470e-04  -2.4733575e-03
   5.4151574e-05  -1.0631639e-03   2.0897202e-04  -2.5746938e-03
  -3.5806138e-05  -4.5644715e-04   1.5650129e-04  -2.5033830e-03
   1.6762420e-06  -3.1038572e-04  -4.2137884e-05  -1.8540799e-03
  -9.9526184e-05  -4.7517298e-04  -7.7672805e-04  -1.5650838e-03
   2.0033286e-04  -9.0212179e-04  -8.9291323e-04  -1.2911004e-03
   1.8533990e-04  -7.9725717e-04   5.5307750e-05  -1.3699175e-03
   6.9144526e-05  -4.5270199e-04   8.0863746e-04  -1.6589137e-03
   2.4156347e-04  -5.2386012e-04   1.4045550e-03  -1.7827692e-03
   1.8533990e-04  -3.6656319e-04   1.9292623e-03  -1.8690927e-03
   2.8279409e-04  -6.4370540e-04   2.1466410e-03  -2.0229738e-03
   1.3661281e-04  -8.0849266e-04   1.6144379e-03  -1.9328971e-03
   2.7913908e-05  -7.6355068e-04   8.3862073e-04  -1.4937730e-03
   1.7034695e-04  -7.5980552e-04   5.8751083e-04  -1.5162922e-03
  -3.2057900e-05  -5.8752793e-04   6.1749410e-04  -1.4299687e-03
  -9.9526184e-05  -5.3884078e-04   8.1613328e-04  -1.3736707e-03
  -1.1451914e-04  -4.3023100e-04   1.3520843e-03  -1.6814329e-03
  -1.4075680e-04  -5.2760529e-04   2.1503889e-03  -1.8390672e-03
   3.9158622e-05  -7.0737321e-04   2.2103554e-03  -2.0755186e-03
  -9.2029708e-05  -7.9725717e-04   1.4645215e-03  -1.9666759e-03
  -8.8281470e-05  -7.6355068e-04   9.1732682e-04  -1.8765991e-03
   1.2911633e-04  -6.1748925e-04   6.1374619e-04  -1.8015352e-03
   1.1787162e-04  -7.6355068e-04   1.0777848e-04  -1.5725902e-03
  -7.3288518e-05  -7.9725717e-04  -2.1828961e-04  -1.7227181e-03
  -9.5684720e-06  -5.6880210e-04   5.5307750e-05  -1.7715096e-03
   1.2920956e-05  -6.6617639e-04   2.8018229e-04  -1.8953651e-03
  -2.8318985e-04  -5.5007628e-04   5.9125874e-04  -2.1881145e-03
  -6.9540280e-05  -6.3996024e-04   2.1271993e-04  -2.3044636e-03
  -2.0813186e-05  -9.8451542e-04  -4.4316415e-04  -2.1543357e-03
  -1.5200152e-04  -6.2497958e-04  -5.2561815e-04  -2.2331528e-03
  -3.5806138e-05  -6.9613771e-04  -1.2264771e-03  -2.1881145e-03
   2.0417432e-05  -8.8339596e-04  -1.5787806e-03  -1.6739265e-03
