  -2.0822509e-04  -1.0107316e-03  -4.2817251e-04  -2.2068805e-03
  -2.4945570e-04  -8.2347332e-04  -4.6587940e-06  -2.0680122e-03
  -2.9068632e-04  -8.0474750e-04  -1.0585234e-04  -2.2331528e-03
  -2.1572156e-04  -7.3358936e-04  -1.4333143e-04  -2.2444124e-03
  -2.0822509e-04  -8.5717981e-04  -6.4625338e-05  -1.8728459e-03
  -1.7823918e-04  -8.5343464e-04  -1.4707934e-04  -2.1168037e-03
  -2.7944161e-04  -8.1598299e-04  -3.6445806e-04  -2.3194764e-03
  -2.7944161e-04  -1.0069864e-03  -4.5440787e-04  -2.1881145e-03
  -3.9563699e-04  -7.5606035e-04  -2.7825615e-04  -2.0342334e-03
  -2.7194513e-04  -8.4219915e-04  -2.7825615e-04  -1.8615863e-03
  -2.8309662e-05  -8.7965080e-04  -3.6445806e-04  -1.9854418e-03
  -2.7944161e-04  -9.2084761e-04  -1.3958352e-04  -2.1768549e-03
  -1.8573566e-04  -1.1493027e-03  -1.0210443e-04  -2.1956209e-03
  -1.7823918e-04  -8.7590563e-04  -2.6326452e-04  -2.1168037e-03
  -3.2067223e-04  -9.8826058e-04  -1.5082725e-04  -2.1543357e-03
  -3.9563699e-04  -7.6729585e-04  -1.8455843e-04  -2.1543357e-03
  -2.8318985e-04  -8.7216047e-04  -1.4333143e-04  -2.0417398e-03
  -9.2029708e-05  -1.1830092e-03  -1.9955006e-04  -2.0529994e-03
  -3.8439227e-04  -7.9351200e-04  -2.6701242e-04  -2.1768549e-03
  -1.4075680e-04  -9.5455410e-04  -9.4608610e-05  -2.1017910e-03
  -6.9540280e-05  -1.0257122e-03  -1.0960025e-04  -1.9178843e-03
  -5.0058765e-04  -1.0069864e-03  -7.2121156e-05  -2.0905314e-03
  -2.7194513e-04  -8.4219915e-04  -8.3364883e-05  -1.9816886e-03
  -4.3302614e-05  -8.2347332e-04  -1.3208770e-04  -1.6514073e-03
   1.2920956e-05  -1.1118510e-03  -3.8389975e-05  -1.6589137e-03
  -7.7036756e-05  -7.3358936e-04   1.1152638e-04  -1.7339776e-03
  -3.4316165e-04  -7.7478618e-04  -7.5869065e-05  -1.8165480e-03
  -3.7314756e-04  -9.3582827e-04  -2.1079379e-04  -1.7302244e-03
  -2.4945570e-04  -6.5868606e-04  -1.6581888e-04  -1.5538242e-03
  -8.4533232e-05  -9.6953476e-04  -2.1454170e-04  -1.8052884e-03
  -1.6324623e-04  -1.1717737e-03  -7.2121156e-05  -2.0192206e-03
   1.1787162e-04  -8.1223783e-04  -2.2203752e-04  -1.8315608e-03
   2.0417432e-05  -8.1598299e-04  -1.1334816e-04  -1.8690927e-03
  -4.1437818e-04  -6.1748925e-04   1.6024920e-04  -1.9103779e-03
  -3.9554376e-05  -3.7405352e-04   5.9055659e-05  -1.7077053e-03
  -2.7194513e-04  -9.5829926e-04  -1.3583561e-04  -1.7677564e-03
  -1.8573566e-04  -1.0444381e-03  -3.1573524e-04  -1.9666759e-03
  -9.5777946e-05  -7.8602167e-04  -2.1079379e-04  -1.9891950e-03
  -3.9938522e-04  -9.8826058e-04  -4.6587940e-06  -1.9291439e-03
   1.5535400e-04  -8.0100233e-04   1.7149293e-04  -2.0755186e-03
  -2.4570747e-04  -7.4107969e-04  -7.5869065e-05  -2.1543357e-03
  -4.6310527e-04  -9.9575091e-04  -1.0960025e-04  -2.0717654e-03
  -1.9323213e-04  -7.8227651e-04  -8.3364883e-05  -2.3082168e-03
  -4.1062994e-04  -7.5980552e-04  -2.0704588e-04  -2.1543357e-03
  -1.2576385e-04  -7.4107969e-04  -7.5869065e-05  -2.0229738e-03
  -2.5320394e-04  -5.7629243e-04  -3.1198733e-04  -2.2594252e-03
  -2.0447685e-04  -8.1972816e-04  -1.0210443e-04  -2.2181401e-03
  -1.2576385e-04  -6.2123441e-04  -1.0210443e-04  -2.3044636e-03
  -3.3191694e-04  -6.7366672e-04  -2.0329797e-04  -2.4170595e-03
   4.2906860e-05  -9.2459278e-04   2.9072387e-05  -2.4733575e-03
  -1.1451914e-04  -6.4370540e-04  -2.6701242e-04  -2.3870339e-03
  -3.4690989e-04  -8.2721849e-04   2.9072387e-05  -2.3945403e-03
  -2.5695218e-04  -9.5080893e-04   2.1271993e-04  -2.4733575e-03
  -1.6699447e-04  -9.9949608e-04  -2.3398339e-05  -2.2556720e-03
  -1.8948390e-04  -9.1710245e-04  -7.2121156e-05  -2.2932040e-03
  -3.8814051e-04  -6.8115705e-04   2.8370240e-06  -2.4095531e-03
  -1.6699447e-04  -7.6355068e-04   5.5307750e-05  -2.3007104e-03
  -1.5949799e-04  -7.1860870e-04  -2.8949988e-04  -2.3682679e-03
  -3.0942751e-04  -8.7965080e-04  -7.9616974e-05  -2.5634342e-03
  -1.8573566e-04  -9.9575091e-04   1.5275338e-04  -2.5746938e-03
  -2.9818280e-04  -8.9088629e-04  -9.4608610e-05  -2.4733575e-03
  -1.9323213e-04  -8.7965080e-04  -1.2833979e-04  -2.5033830e-03
  -2.0447685e-04  -7.8227651e-04   6.6551477e-05  -2.3720211e-03
  -3.0942751e-04  -5.9501826e-04   8.9038931e-05  -2.0417398e-03
  -2.0719960e-06  -5.6131177e-04  -1.0960025e-04  -2.0454930e-03
   1.6762420e-06  -5.5007628e-04   1.9772829e-04  -2.0229738e-03
   1.4036105e-04  -5.9876342e-04   2.1271993e-04  -1.9479099e-03
   2.7913908e-05  -7.7104101e-04  -1.7331470e-04  -2.0867782e-03
  -1.7074271e-04  -6.1748925e-04  -4.9633702e-05  -2.1017910e-03
   2.7154938e-04  -7.4857002e-04   5.5307750e-05  -2.1017910e-03
   2.4156347e-04  -7.1486354e-04  -4.2137884e-05  -1.9103779e-03
  -1.7449094e-04  -6.3996024e-04  -1.7331470e-04  -1.8991183e-03
  -2.0822509e-04  -8.3470882e-04  -1.9205424e-04  -2.0905314e-03
  -7.3288518e-05  -7.7853134e-04  -2.1454170e-04  -1.9216375e-03
  -2.5320394e-04  -8.8714113e-04  -2.2203752e-04  -2.0792718e-03
  -9.5777946e-05  -4.3023100e-04   9.2786840e-05  -2.3982935e-03
   1.3286457e-04  -5.5756661e-04   1.4080751e-05  -1.9929482e-03
  -2.2696628e-04  -9.4331860e-04  -3.8389975e-05  -1.6589137e-03
  -3.1317575e-04  -6.6992156e-04   4.0316114e-05  -2.1017910e-03
  -1.1826737e-04  -9.0961212e-04  -2.8200406e-04  -2.0792718e-03
  -1.0327442e-04  -7.4857002e-04  -2.0704588e-04  -1.8540799e-03
  -9.2029708e-05  -8.5343464e-04  -1.9580215e-04  -2.2631784e-03
  -3.5806138e-05  -9.8077025e-04  -1.7331470e-04  -1.9967014e-03
   3.9158622e-05  -7.6729585e-04  -2.5576870e-04  -1.8690927e-03
  -6.9540280e-05  -7.7853134e-04  -3.0823942e-04  -2.1843613e-03
  -3.3941342e-04  -6.0999892e-04  -1.4333143e-04  -2.0267270e-03
  -7.3288518e-05  -7.8976684e-04  -4.5065997e-04  -2.0980378e-03
  -5.0799090e-05  -8.7965080e-04  -2.2578543e-04  -1.9404035e-03
  -4.2937113e-04  -1.0369477e-03  -1.5457515e-04  -1.8765991e-03
  -2.8318985e-04  -8.9088629e-04  -1.0210443e-04  -2.0004546e-03
  -1.0702266e-04  -7.0737321e-04  -1.5902521e-05  -2.0492462e-03
  -2.6444866e-04  -9.8077025e-04  -4.3192042e-04  -1.9666759e-03
  -3.7689580e-04  -9.4331860e-04  -6.4625338e-05  -1.9929482e-03
  -1.1451914e-04  -1.0107316e-03  -3.0894157e-05  -2.2744380e-03
  -1.3326033e-04  -8.7965080e-04  -2.4077706e-04  -1.9253907e-03
  -2.4570747e-04  -9.6953476e-04   8.9038931e-05  -2.1430761e-03
  -2.6070042e-04  -1.0182219e-03   1.2277011e-04  -2.0642590e-03
  -2.7569337e-04  -9.3582827e-04  -4.5885793e-05  -1.8991183e-03
  -1.6324623e-04  -1.2354415e-03  -9.8356519e-05  -2.2331528e-03
  -2.9443456e-04  -8.0100233e-04  -1.3208770e-04  -1.8878587e-03
  -3.4316165e-04  -7.5980552e-04  -2.3702915e-04  -2.0905314e-03
  -4.0313346e-04  -9.8077025e-04  -1.6207097e-04  -2.0642590e-03
  -2.7194513e-04  -7.5231519e-04  -1.3958352e-04  -1.9741823e-03
  -2.4945570e-04  -8.7590563e-04  -2.9699570e-04  -2.1318165e-03
  -4.1062994e-04  -8.2347332e-04  -3.9069342e-04  -1.9028715e-03
  -2.4945570e-04  -8.7965080e-04  -1.9205424e-04  -1.7302244e-03
  -2.6070042e-04  -8.0849266e-04  -2.7825615e-04  -1.5838498e-03
  -1.0702266e-04  -6.9239255e-04  -4.3566833e-04  -1.7827692e-03
  -9.2029708e-05  -9.7702509e-04  -6.8373247e-05  -2.0267270e-03
  -5.8295566e-05  -8.7965080e-04  -7.5869065e-05  -2.0680122e-03
  -9.2029708e-05  -7.5231519e-04  -6.8373247e-05  -1.9704291e-03
  -3.8064403e-04  -6.5868606e-04  -1.8830634e-04  -1.9103779e-03
  -1.1826737e-04  -8.3845398e-04  -3.1573524e-04  -1.6213817e-03
  -1.6699447e-04  -1.1268317e-03  -8.7112792e-05  -1.6589137e-03
  -2.3071451e-04  -8.9837662e-04  -6.4625338e-05  -1.9554163e-03
   2.0417432e-05  -9.8451542e-04  -3.8389975e-05  -1.9554163e-03
   1.6762420e-06  -8.2721849e-04  -1.7331470e-04  -2.1130505e-03
  -2.7569337e-04  -6.1748925e-04  -5.3381611e-05  -1.9291439e-03
  -2.8693808e-04  -8.2347332e-04  -1.5457515e-04  -1.9291439e-03
  -2.9818280e-04  -7.7478618e-04  -1.8455843e-04  -1.9854418e-03
  -4.3311937e-04  -9.8826058e-04   6.5849330e-06  -1.8540799e-03
  -3.5806138e-05  -8.6841530e-04  -1.9580215e-04  -2.1205569e-03
  -6.9540280e-05  -8.3096365e-04  -1.0210443e-04  -2.2143869e-03
  -1.9323213e-04  -8.4219915e-04  -1.5832306e-04  -2.1655953e-03
  -2.1197332e-04  -6.0625375e-04  -3.8389975e-05  -2.1017910e-03
  -3.6190284e-04  -8.2721849e-04  -9.4608610e-05  -2.0304802e-03
  -1.5200152e-04  -7.5980552e-04  -2.2203752e-04  -2.0755186e-03
  -9.2029708e-05  -7.5980552e-04  -8.7112792e-05  -2.1318165e-03
  -2.4561424e-05  -6.8115705e-04  -1.3583561e-04  -2.1618421e-03
  -7.7036756e-05  -7.9725717e-04   1.4525757e-04  -2.1318165e-03
  -2.3821099e-04  -1.0182219e-03   1.7149293e-04  -2.0905314e-03
  -9.5777946e-05  -8.6841530e-04   1.6024920e-04  -2.2406592e-03
  -1.0327442e-04  -9.1335728e-04   2.8370240e-06  -2.3795275e-03
  -9.2029708e-05  -8.1598299e-04  -1.8830634e-04  -2.1843613e-03
   4.2906860e-05  -6.8490222e-04   1.0777848e-04  -2.2856976e-03
  -2.0813186e-05  -5.7629243e-04   1.7149293e-04  -2.5371618e-03
  -1.1077090e-04  -9.7327992e-04  -1.3208770e-04  -2.4771107e-03
  -2.3071451e-04  -1.0032412e-03  -2.1454170e-04  -2.4696043e-03
  -1.8573566e-04  -4.9015364e-04   4.4064023e-05  -2.4470851e-03
  -1.5200152e-04  -8.0849266e-04   6.5849330e-06  -2.3870339e-03
  -2.0447685e-04  -7.9725717e-04  -1.0960025e-04  -2.2969572e-03
  -7.7036756e-05  -7.0362804e-04   5.9055659e-05  -2.3007104e-03
  -1.8573566e-04  -8.1598299e-04   2.3895529e-04  -2.4733575e-03
  -1.7074271e-04  -5.6505694e-04  -6.8373247e-05  -2.4320723e-03
  -1.5200152e-04  -7.4857002e-04   2.8370240e-06  -2.3194764e-03
  -8.4533232e-05  -4.8640847e-04   2.3145947e-04  -2.1355697e-03
   1.5535400e-04  -4.9389880e-04  -1.3208770e-04  -2.0154674e-03
  -5.8202340e-06  -9.0586695e-04  -2.3398339e-05  -2.0830250e-03
  -9.5777946e-05  -6.4370540e-04   3.2820296e-05  -1.9591695e-03
  -9.5684720e-06  -9.1335728e-04  -4.2137884e-05  -2.1017910e-03
   5.4151574e-05  -7.0737321e-04  -2.0329797e-04  -2.1693485e-03
  -3.2057900e-05  -5.5382144e-04  -2.4452497e-04  -2.0567526e-03
   5.7899812e-05  -7.3358936e-04   1.1527429e-04  -2.2481656e-03
   1.2911633e-04  -5.2011496e-04  -2.7146248e-05  -2.1355697e-03
  -6.9540280e-05  -9.1710245e-04  -1.6956679e-04  -2.0942846e-03
  -6.2043804e-05  -8.6841530e-04  -1.2154612e-05  -2.0304802e-03
  -1.5574975e-04  -7.9351200e-04   6.6551477e-05  -2.0267270e-03
  -2.0822509e-04  -1.0519284e-03  -5.3381611e-05  -2.1843613e-03
  -1.2951209e-04  -7.1860870e-04  -3.0894157e-05  -2.0605058e-03
  -1.2951209e-04  -6.2872474e-04   7.7795204e-05  -2.1055441e-03
  -2.8318985e-04  -8.0100233e-04   1.1152638e-04  -2.0304802e-03
  -3.1317575e-04  -6.6243123e-04   1.4525757e-04  -2.1280633e-03
  -1.9323213e-04  -7.7104101e-04  -6.4625338e-05  -2.0830250e-03
  -2.0072861e-04  -9.9200575e-04  -1.9955006e-04  -2.0117142e-03
  -1.0702266e-04  -8.3845398e-04  -1.3208770e-04  -2.1806081e-03
  -2.7944161e-04  -7.9725717e-04   2.5324478e-05  -2.0642590e-03
  -2.8693808e-04  -8.7965080e-04  -1.8455843e-04  -2.0642590e-03
   2.7913908e-05  -9.0961212e-04  -2.5951661e-04  -1.9328971e-03
  -2.4561424e-05  -9.7702509e-04  -8.7112792e-05  -2.0529994e-03
  -1.2951209e-04  -9.5080893e-04  -9.1088500e-07  -1.9666759e-03
  -1.7449094e-04  -1.0182219e-03  -4.6587940e-06  -1.8916119e-03
  -2.6444866e-04  -1.0631639e-03  -3.4197060e-04  -2.1693485e-03
  -2.9068632e-04  -8.8339596e-04  -3.3072688e-04  -2.2894508e-03
  -6.5426541e-04  -1.0856349e-03  -2.9699570e-04  -2.2218933e-03
  -5.2307708e-04  -1.1006155e-03   5.4253592e-04  -2.1318165e-03
   1.5535400e-04  -7.5231519e-04   3.3265302e-04  -2.3457488e-03
  -9.6911740e-04  -9.1710245e-04  -2.7076033e-04  -2.4057999e-03
  -5.6805593e-04  -1.0032412e-03   8.2362909e-04  -2.2331528e-03
  -2.4195923e-04  -1.0069864e-03  -3.7570179e-04  -2.3795275e-03
  -1.4825328e-04  -1.1043607e-03   8.5736028e-04  -2.3307360e-03
  -1.4450504e-04  -8.8714113e-04  -8.7792159e-04  -1.6701733e-03
  -2.0148758e-03  -1.1230865e-03   6.9994810e-04  -2.4095531e-03
   1.9020329e-03  -8.4968948e-04  -3.6071015e-04  -1.3811771e-03
  -1.6925273e-03  -8.4968948e-04  -1.5457515e-04  -2.7548472e-03
   6.4637318e-04  -1.0107316e-03   1.1152638e-04  -1.3999431e-03
  -1.5351013e-03  -7.8976684e-04  -1.2714520e-03  -2.0154674e-03
  -7.4047488e-04  -1.3590319e-03   2.8212646e-03  -3.1752053e-03
   2.4642686e-03  -4.1899550e-04  -4.6558139e-03   4.5038301e-04
  -5.0809345e-03  -1.1642833e-03   5.8158439e-03  -4.6914969e-03
   6.4936245e-03  -3.9277935e-04  -7.2381232e-03   1.6288869e-03
  -8.7242218e-03  -8.6467014e-04   6.3817781e-03  -5.3558128e-03
   9.7733327e-03  -1.4788772e-03  -2.0285297e-03  -1.5763491e-04
  -1.0459656e-02   3.0007618e-04  -1.0127761e-02   4.4437846e-03
   1.7356018e-02  -3.4563243e-03  -2.3230451e-02  -6.1135827e-02
   7.8133697e-02   5.3223424e-03  -8.6307759e-02  -1.6601141e-01
  -1.2205595e-01   6.7642310e-03  -6.5926630e-02  -1.5859509e-01
  -6.2605143e-02  -1.0017853e-02   2.3688193e-01  -1.3031101e-02
   2.1232437e-01  -1.2145107e-02   3.9587947e-01  -6.2637105e-02
  -4.7623436e-02  -2.6024267e-03   8.5841197e-02  -1.6484417e-01
  -3.0244740e-01   9.8315211e-03   1.8121049e-01  -6.2318084e-02
  -2.1160876e-02  -7.2838829e-03   1.9642700e-01  -1.9389016e-02
   1.6719183e-01  -3.9507283e-02   2.1388101e-01  -7.1554701e-02
  -1.4584601e-01  -1.4122554e-02   2.1496791e-01  -6.2175462e-02
  -3.3565678e-01   2.7909433e-02  -1.9014053e-02  -5.4533959e-03
   1.5018608e-01  -1.4339352e-03   1.7473785e-01  -2.5578038e-02
   3.0721101e-01  -4.4761749e-02   6.0617769e-02  -8.3921486e-02
  -2.0681485e-01  -9.3774302e-03  -1.7364973e-02  -4.9718601e-02
  -3.0151034e-01   2.5377701e-02   5.8904975e-02  -1.9100020e-02
   9.0169290e-02  -5.4749683e-03   8.4859245e-02  -7.1479637e-02
   2.0158566e-01  -2.7616384e-02   1.2325962e-02  -2.6373716e-02
  -1.0668067e-01  -4.1903767e-03  -1.3820131e-01   4.7736912e-02
  -1.6050537e-01   1.7336832e-02   3.5574241e-02  -4.6276920e-02
   4.6134990e-02   2.1352070e-03   1.5126470e-01  -9.0647215e-02
   6.5940679e-02  -1.5066336e-02  -3.4654077e-02   6.0726721e-03
  -4.1787429e-02  -1.0871751e-02  -1.2805197e-01   2.8400441e-02
  -9.1781428e-02   2.5996075e-03   7.2382456e-02  -4.3653435e-02
  -5.0884310e-03   8.2173550e-03   1.2149880e-01  -6.0520302e-02
   5.7409689e-02  -4.6393748e-04  -1.4014343e-02  -7.6978077e-03
   2.8270887e-02  -6.3176304e-03  -1.0190656e-01   1.2978555e-02
  -1.6989087e-02  -2.7821946e-03   1.7730447e-02  -2.8407949e-02
  -3.7720591e-02   3.4460148e-03   1.6247844e-01  -6.2858544e-02
  -5.3208217e-03   2.2026200e-03   2.4319271e-02  -2.3847814e-02
   3.4961492e-02  -5.6360103e-03  -1.2053741e-01   2.7676074e-02
   5.4512301e-02  -6.8344631e-03  -2.0044728e-02  -3.5993166e-03
  -2.1801824e-02   3.3898373e-03   8.5983617e-02  -4.0358128e-02
  -9.9817650e-02   9.8689728e-03   1.7142025e-02  -9.2516312e-03
   1.2779420e-02  -2.3627361e-03  -9.2615490e-02   2.6703996e-02
   8.2912701e-02  -1.3287382e-02  -4.6415016e-02   1.2220409e-02
  -3.3477586e-02  -2.3103038e-03   3.1185440e-02  -1.8203006e-02
  -1.0508767e-01   1.0295922e-02   1.6711015e-02  -1.2865960e-02
   1.4248729e-02   2.0603037e-03  -2.4553463e-02   2.1430749e-03
   1.1124563e-01  -9.0516008e-03  -4.6047721e-02   4.4100058e-03
   3.3038739e-03  -1.7035871e-03  -3.8162822e-03  -4.9354547e-03
  -8.3044285e-02   8.1124904e-03   2.8951686e-02  -1.7155864e-02
  -5.5644572e-03   9.9293170e-04   1.5129398e-02  -1.4881427e-02
   6.8395775e-02  -9.2800559e-03  -3.7611178e-02   1.8052871e-03
   1.4537343e-02  -3.4488340e-03  -5.3427354e-02   9.2891619e-03
  -5.6060720e-02   6.0526496e-03   6.4604842e-03  -5.5021874e-03
  -1.6130740e-02   2.7681399e-03   2.2036794e-02  -1.3894336e-02
   4.0520129e-02  -5.4225359e-03  -3.5197524e-02   1.7752615e-03
   8.3378508e-04  -4.3401833e-03  -6.6278934e-02   1.7062033e-02
  -4.0048247e-02   2.5546655e-03  -1.9520021e-02   1.5200442e-03
  -1.0186035e-02   2.5546655e-03   3.7399473e-02  -1.9843153e-02
   2.1666492e-02  -2.3065587e-03  -2.1341505e-02  -4.3574623e-03
   1.2835643e-02  -3.4076372e-03  -6.6803641e-02   1.5301784e-02
   1.3960208e-03  -6.1374408e-04   3.6720399e-03  -5.7423920e-03
  -4.6199012e-03   1.8131228e-03   4.6765498e-02  -2.4215628e-02
  -1.1561638e-02   7.4575081e-04  -5.9638341e-03  -5.0405442e-03
   1.8150645e-02  -3.3589500e-03  -4.4968323e-02   1.1259590e-02
   3.0617284e-02  -4.2091025e-03   1.7524084e-04  -3.2239969e-03
  -1.8604577e-02   1.2850546e-03   3.3411698e-02  -1.4840142e-02
  -3.9917058e-02   3.6782150e-03  -4.7607553e-03  -4.0159271e-04
   1.3918884e-02  -2.8496076e-03  -2.9714333e-02   8.8275187e-03
   3.5609937e-02  -6.0142720e-03  -5.3266896e-03   1.9216362e-03
  -2.3338602e-02   4.4988278e-04   1.3420351e-02  -3.3966439e-03
  -4.4549881e-02   3.6407634e-03   1.2715744e-02  -2.1806081e-03
   1.3416620e-02  -1.9095712e-03   4.7027149e-03   4.0534464e-04
   3.7716447e-02  -5.2352777e-03   3.2485262e-03   1.5162910e-03
  -1.0246006e-02  -3.7030836e-04   1.3971294e-02  -1.8165480e-03
  -2.7285496e-02   3.4347793e-03   3.0387135e-02  -7.5514330e-03
   1.3555305e-02  -4.3772133e-04   2.3239873e-02  -6.5868614e-03
   3.0276195e-02  -3.7709182e-03  -4.2622834e-03   7.5063877e-04
  -5.2870876e-03  -9.2833794e-04  -6.1849607e-03   2.4133050e-03
  -2.9324538e-02   1.5060193e-03   1.6021400e-02  -3.8320148e-03
  -6.4640343e-03  -6.1748925e-04   1.7662984e-02  -4.6764841e-03
   1.9455031e-02  -2.9207657e-03   2.4270320e-04   9.9834977e-04
   4.0722627e-03  -1.3815029e-03  -1.1353327e-02   4.8678959e-03
  -2.0654863e-02   1.1389931e-03   5.1374724e-03   9.6832419e-04
  -6.6589427e-03   2.5887936e-04   2.3236125e-02  -5.9863498e-03
   1.0841581e-02  -1.8608840e-03   8.5780528e-03  -2.7811196e-03
   4.6832255e-03  -2.1118101e-03  -8.8909510e-03   3.7306772e-03
  -3.2892767e-03  -7.7478618e-04   7.3337470e-03  -9.0452111e-04
  -2.3634619e-03   3.7497948e-04   2.3509722e-02  -8.2870596e-03
   2.6179464e-03  -1.6432428e-04   4.9987997e-03  -4.2336068e-03
   7.5393829e-03  -1.0182219e-03  -1.3692022e-02   2.9349994e-03
   5.1854894e-03  -1.3440513e-03  -5.6452618e-03  -5.0668223e-04
  -6.5577403e-03  -3.8528902e-04   6.5841652e-03  -5.9675839e-03
  -1.1805273e-02   2.2891804e-04  -5.9338508e-03  -2.6234853e-03
   2.0856966e-03  -1.4376804e-03  -2.3339140e-02   2.4358242e-03
   1.1175174e-02  -1.6698806e-03  -1.7829714e-02   6.7932802e-04
  -3.6978347e-03  -4.8224165e-05  -7.0619714e-03  -4.1322705e-03
  -1.1958951e-02   6.0343454e-04  -8.5836225e-03  -4.1660493e-03
   2.9740290e-03  -7.2235387e-04  -1.3377198e-02  -1.2573216e-03
   1.4020086e-02  -2.0481423e-03  -1.1600689e-02  -1.7152117e-03
   4.2522714e-04  -8.4594431e-04  -3.7563157e-03  -4.1547897e-03
  -9.5563307e-03   2.8884068e-04  -7.3175314e-04  -4.9279483e-03
   4.6457431e-03  -4.7142781e-04  -5.2667230e-03  -4.0346874e-03
   1.0879063e-02  -1.4751320e-03  -1.5670918e-02  -1.4337219e-03
   8.0389240e-05  -1.0032412e-03  -1.5112480e-02  -4.3161829e-04
  -8.0495390e-03  -1.7181461e-04  -4.2772751e-03  -3.3853843e-03
  -4.6049083e-03  -8.7216047e-04  -4.9331591e-03  -4.4325263e-03
   3.4088246e-03  -1.2991093e-03  -1.6180634e-02  -9.1953390e-04
   2.3480732e-03  -9.7327992e-04  -1.9280155e-02   7.4313237e-04
  -2.2285254e-03  -6.3996024e-04  -8.1863441e-03  -2.4170595e-03
  -4.1251338e-03  -3.1413088e-04  -7.9616974e-05  -4.7890800e-03
  -1.0515786e-03  -7.7478618e-04  -5.7314637e-03  -2.9687795e-03
   5.3841460e-03  -1.5687612e-03  -7.2343753e-03  -1.5951094e-03
   5.0055740e-03  -1.3552868e-03   2.8362562e-03  -3.6931465e-03
  -1.9099251e-03  -4.5644715e-04   7.9296646e-03  -4.8716503e-03
  -3.0718789e-03  -4.2648583e-04   4.1442765e-03  -2.9012219e-03
   4.7956726e-03  -1.3665222e-03   1.8468083e-03  -1.2310492e-03
   4.5445407e-03  -1.9095712e-03   5.0400267e-03  -1.4187091e-03
  -6.5952226e-03  -7.7478618e-04   8.7167254e-03  -1.9554163e-03
  -7.8883647e-03  -1.3436296e-04   8.4693635e-03  -1.8090416e-03
   1.1748747e-03  -1.2092253e-03   6.3592907e-03  -8.0318479e-04
   4.1209898e-03  -1.2616576e-03   5.6209526e-03  -3.3778836e-04
  -2.8957117e-03  -3.9652451e-04   7.0114269e-03  -1.0208702e-03
  -5.8118409e-03  -7.0273500e-06   9.5150301e-03  -1.9891950e-03
   1.5721880e-03  -5.0887946e-04   8.5105905e-03  -2.3982935e-03
   2.5992052e-03  -1.0631639e-03   4.1105453e-03  -1.2122833e-03
  -8.0784994e-05  -5.5007628e-04   5.0625142e-03  -1.7527436e-03
  -2.0336170e-03  -1.5308879e-04   9.1439871e-03  -3.1864649e-03
  -1.0515786e-03  -5.9876342e-04   7.9521520e-03  -2.3832807e-03
   6.4711350e-03  -1.0706542e-03   8.5068425e-03  -2.6835365e-03
   1.0699241e-03  -7.8227651e-04   5.5310028e-03  -1.9141311e-03
  -5.7368761e-03  -1.5683395e-04   3.0049121e-03  -5.1794182e-04
  -1.3064588e-03  -4.7891814e-04   7.3862178e-03  -1.8878587e-03
   1.7371104e-03  -1.2054801e-03   6.0032393e-03  -2.0755186e-03
  -5.7555241e-04  -9.5455410e-04   1.1496972e-03  -6.2303133e-04
  -4.2000986e-03  -5.9876342e-04   5.8376292e-04  -4.8416305e-04
  -3.9563699e-04  -5.3509562e-04   2.7800376e-03  -2.1318165e-03
   2.0782001e-03  -5.7629243e-04   2.1166577e-03  -2.6234853e-03
  -6.3927246e-04  -5.9501826e-04  -2.4857746e-03  -1.5162922e-03
  -8.7166321e-04  -2.9915022e-04  -2.3695894e-03  -2.2068805e-03
   9.6872165e-04  -6.0250859e-04  -2.4077706e-04  -3.8207552e-03
   9.4248398e-04  -9.2459278e-04  -4.1123671e-03  -3.4604483e-03
  -2.9818280e-04  -8.8714113e-04  -8.6810681e-03  -2.1280633e-03
   1.1561335e-03  -8.0849266e-04  -8.7372868e-03  -2.3307360e-03
   2.3406700e-04  -6.1748925e-04  -8.0176882e-03  -2.8186516e-03
  -2.3934478e-03  -7.5231519e-04  -9.5018602e-03  -2.1168037e-03
  -7.6671255e-04  -6.6992156e-04  -9.4006667e-03  -1.6476541e-03
   2.1606613e-03  -9.8826058e-04  -6.2674147e-03  -2.7210685e-03
   6.5396288e-05  -9.8451542e-04  -5.1580337e-03  -3.1114009e-03
  -2.3147348e-03  -2.7293407e-04  -7.3393167e-03  -2.2106337e-03
   2.1719060e-03  -7.7104101e-04  -7.2568627e-03  -2.4283191e-03
   2.2731085e-03  -1.0444381e-03  -8.2200753e-03  -2.2293996e-03
  -2.9744247e-03  -7.5980552e-04  -9.6292891e-03  -1.9028715e-03
  -2.3409725e-03  -1.1043607e-03  -6.5335163e-03  -2.6460045e-03
   9.8371460e-04  -1.4039739e-03  -5.2779668e-03  -3.1639457e-03
   1.3510419e-03  -1.2316963e-03  -7.8827635e-03  -2.6685237e-03
  -6.5051717e-04  -9.7327992e-04  -9.1158256e-03  -1.7414840e-03
  -5.7180417e-04  -9.4331860e-04  -7.0994505e-03  -2.4433319e-03
   9.7246988e-04  -1.1343220e-03  -4.5358808e-03  -3.1151541e-03
  -6.9540280e-05  -1.4077191e-03  -5.1392941e-03  -2.4133063e-03
  -1.6625414e-03  -1.2391866e-03  -5.0530922e-03  -1.8315608e-03
  -7.4422312e-04  -1.3477964e-03  -1.5413015e-03  -2.2594252e-03
   5.2268132e-04  -1.1642833e-03   5.6877128e-04  -2.9912986e-03
   5.4151574e-05  -8.9837662e-04  -1.5832306e-04  -1.8315608e-03
   1.2920956e-05  -1.1904995e-03   1.0522515e-03  -1.2272961e-03
  -1.8198742e-04  -8.1972816e-04   4.9125978e-03  -2.3119700e-03
  -1.6438002e-03  -8.7216047e-04   6.0632059e-03  -1.8765991e-03
  -1.6587932e-03  -8.4594431e-04   5.3398594e-03  -1.0659086e-03
   2.9029057e-04  -5.9501826e-04   6.8352751e-03  -1.2197897e-03
   6.6511437e-04  -7.1486354e-04   8.0346060e-03  -1.4712539e-03
  -1.0290892e-03  -4.8266331e-04   7.5211425e-03  -1.6138753e-03
  -1.5463461e-03  -6.6992156e-04   5.6921629e-03  -1.1147001e-03
  -8.5667026e-04  -6.7741189e-04   4.1929993e-03  -7.4313364e-04
  -4.4061584e-04  -5.5007628e-04   5.4897758e-03  -1.4374751e-03
  -2.1648053e-03  -8.3470882e-04   5.3735906e-03  -1.4637475e-03
  -1.2652282e-03  -7.7104101e-04   4.6390005e-03  -1.5763434e-03
   1.0286935e-03  -6.7366672e-04   4.3953864e-03  -1.7452372e-03
  -1.3776753e-03  -7.1486354e-04   3.4096863e-03  -1.0471426e-03
   4.2897537e-04  -8.6092497e-04   7.4349406e-03  -2.4696043e-03
   1.5946774e-03  -7.4482486e-04   8.2182536e-03  -3.2427628e-03
  -1.7412544e-03  -4.5644715e-04   1.5020006e-03  -1.3248792e-03
  -5.3057355e-04  -6.9613771e-04   8.5361237e-04  -8.6698914e-04
   1.1786230e-03  -1.0893800e-03   4.8376396e-03  -2.3682679e-03
  -7.5171960e-04  -1.1155962e-03   4.9763123e-03  -3.0400902e-03
  -2.7307893e-03  -7.0737321e-04   4.1510701e-04  -1.5463178e-03
  -4.8934294e-04  -8.3845398e-04  -2.0135380e-03  -7.5814643e-04
   1.4409996e-03  -1.0481832e-03   2.1271993e-04  -2.0717654e-03
  -1.4413954e-03  -6.3996024e-04   9.2786840e-05  -2.7811196e-03
  -2.8507329e-03  -5.9501826e-04  -2.9542632e-03  -2.1505825e-03
   1.3885243e-03  -8.1223783e-04  -4.3634770e-03  -1.9103779e-03
   2.4642686e-03  -9.7327992e-04  -4.4384351e-03  -2.5559278e-03
  -1.1940117e-03  -7.4857002e-04  -5.1243025e-03  -2.8749495e-03
  -1.4301507e-03  -5.5756661e-04  -5.9301029e-03  -2.8186516e-03
   8.0005094e-04  -7.3358936e-04  -6.5335163e-03  -2.7923792e-03
   1.9957389e-03  -1.0219671e-03  -5.7014805e-03  -2.7623536e-03
   4.2897537e-04  -1.0594187e-03  -4.0524005e-03  -3.2502692e-03
  -1.1527811e-03  -7.4857002e-04  -4.7082846e-03  -3.2540224e-03
  -1.1451914e-04  -9.7327992e-04  -6.6009786e-03  -2.5859534e-03
   2.2581155e-03  -1.1530478e-03  -6.5784912e-03  -2.6047194e-03
   1.4785752e-04  -9.8451542e-04  -7.6241578e-03  -2.4208127e-03
  -3.9827008e-03  -6.6617639e-04  -8.6735723e-03  -1.9328971e-03
  -1.0103480e-03  -7.5606035e-04  -6.5634995e-03  -2.4020467e-03
   2.0894448e-03  -1.1343220e-03  -5.5328246e-03  -3.0776222e-03
   2.4905995e-04  -6.9988288e-04  -6.3723562e-03  -2.8374176e-03
  -1.3664306e-03  -4.5644715e-04  -6.9495342e-03  -2.5221490e-03
   7.2133794e-04  -7.6355068e-04  -5.4353789e-03  -3.0325838e-03
   2.3105909e-03  -9.8077025e-04  -4.4196956e-03  -3.3065672e-03
  -1.4450504e-04  -7.9725717e-04  -5.8251615e-03  -2.5296554e-03
  -1.2314941e-03  -4.8640847e-04  -4.2660313e-03  -2.2406592e-03
   5.8640137e-04  -5.1262463e-04  -1.9573194e-03  -2.8524304e-03
   1.7033763e-03  -7.7853134e-04  -2.2196730e-03  -2.3945403e-03
  -1.3316710e-05  -7.3358936e-04  -2.0735046e-03  -1.5500710e-03
  -9.5787269e-04  -5.7254727e-04   1.3401384e-04  -2.0079610e-03
  -5.1183236e-04  -1.0369477e-03   3.2410304e-03  -2.4283191e-03
  -1.1490328e-03  -9.9949608e-04   3.5670985e-03  -1.7001989e-03
  -5.1932884e-04  -8.2721849e-04   3.6757878e-03  -1.3699175e-03
   2.0033286e-04  -9.2084761e-04   6.3517949e-03  -1.8765991e-03
  -5.8295566e-05  -6.6992156e-04   7.8097315e-03  -1.9441567e-03
  -1.3326033e-04  -7.6355068e-04   7.3824698e-03  -1.5876030e-03
   2.2657052e-04  -5.0138913e-04   6.2543492e-03  -1.3661643e-03
   9.9130430e-05  -5.4633111e-04   5.5647340e-03  -1.3173728e-03
  -1.5013672e-03  -1.1567930e-03   4.9163457e-03  -1.3211260e-03
  -1.1940117e-03  -9.6578959e-04   4.6427484e-03  -1.6476541e-03
  -1.7823918e-04  -8.6092497e-04   4.5303111e-03  -1.5688370e-03
   2.1157757e-04  -9.5829926e-04   4.0205955e-03  -1.7077053e-03
  -2.5695218e-04  -7.3733453e-04   4.1555202e-03  -1.9816886e-03
  -2.4834056e-03  -6.2872474e-04   3.0686266e-03  -1.2197897e-03
