  -6.2043804e-05  -6.3246991e-04  -1.3208770e-04  -1.9141311e-03
  -4.7050852e-05  -6.0999892e-04  -1.8830634e-04  -2.0454930e-03
  -7.7036756e-05  -6.0999892e-04  -8.4067030e-06  -1.8803523e-03
   3.1662146e-05  -5.9501826e-04  -3.0894157e-05  -1.7790160e-03
   1.3286457e-04  -7.6729585e-04   1.7149293e-04  -1.8803523e-03
   2.0033286e-04  -6.8864738e-04   1.4080751e-05  -1.7865224e-03
   9.1727180e-06  -2.5795341e-04  -8.4067030e-06  -1.7264713e-03
   1.4785752e-04  -6.4370540e-04   8.1543113e-05  -1.7677564e-03
   1.2161986e-04  -7.1860870e-04  -9.1088500e-07  -1.6889393e-03
   2.4165670e-05  -3.7779869e-04   1.5275338e-04  -1.7377308e-03
   6.5396288e-05  -6.9613771e-04  -1.5832306e-04  -1.7039521e-03
   5.4244800e-06  -8.2721849e-04  -3.8389975e-05  -1.6476541e-03
  -2.0719960e-06  -7.6729585e-04   1.9023247e-04  -1.9141311e-03
  -4.7050852e-05  -7.4482486e-04  -1.7706261e-04  -1.9141311e-03
   2.3031876e-04  -5.0138913e-04   2.5324478e-05  -1.6138753e-03
   4.6655098e-05  -6.2123441e-04  -1.2154612e-05  -1.9253907e-03
  -1.5949799e-04  -6.7741189e-04  -1.4333143e-04  -2.1280633e-03
   1.2920956e-05  -5.4633111e-04   2.8370240e-06  -1.7302244e-03
  -1.5200152e-04  -7.0362804e-04   6.5849330e-06  -1.7602500e-03
  -2.0813186e-05  -7.2235387e-04   2.8370240e-06  -1.8916119e-03
  -1.2201561e-04  -6.8115705e-04  -1.1334816e-04  -1.9103779e-03
  -1.7449094e-04  -6.7366672e-04  -3.4642066e-05  -1.9854418e-03
   3.1662146e-05  -8.2347332e-04  -2.1828961e-04  -1.9666759e-03
   2.0417432e-05  -8.0849266e-04  -2.2953333e-04  -1.9891950e-03
   5.4151574e-05  -7.5606035e-04  -1.2459188e-04  -1.9741823e-03
  -3.2057900e-05  -7.8976684e-04  -1.3208770e-04  -2.0605058e-03
  -2.0813186e-05  -6.9988288e-04   1.4080751e-05  -2.1393229e-03
  -1.8948390e-04  -9.5455410e-04  -4.2067669e-04  -2.1693485e-03
  -1.8573566e-04  -8.9463146e-04  -3.0449151e-04  -2.2481656e-03
  -1.5949799e-04  -9.5829926e-04   9.2786840e-05  -2.0154674e-03
  -3.3566518e-04  -1.0406929e-03  -2.2203752e-04  -1.9666759e-03
  -9.9526184e-05  -6.5119573e-04  -2.4452497e-04  -2.3382424e-03
   6.5396288e-05  -8.7965080e-04  -1.2084397e-04  -2.2331528e-03
  -2.0447685e-04  -9.9575091e-04  -3.8389975e-05  -2.2181401e-03
  -5.6430770e-04  -8.4219915e-04  -3.8389975e-05  -2.2293996e-03
  -3.9938522e-04  -8.2721849e-04  -1.7331470e-04  -2.0454930e-03
  -5.0799090e-05  -7.9351200e-04  -3.0894157e-05  -2.3682679e-03
   1.6762420e-06  -8.4968948e-04  -3.3447479e-04  -2.3044636e-03
  -8.0784994e-05  -7.8602167e-04  -5.0313069e-04  -2.3194764e-03
  -9.5777946e-05  -5.7254727e-04  -1.2459188e-04  -2.0905314e-03
  -1.8573566e-04  -5.9876342e-04  -3.6820597e-04  -1.7564968e-03
  -2.1572156e-04  -8.0474750e-04  -3.8694551e-04  -2.2744380e-03
  -9.5684720e-06  -7.7853134e-04   1.9398038e-04  -2.1956209e-03
  -1.5574975e-04  -8.6092497e-04   1.0403057e-04  -2.1543357e-03
  -3.2442046e-04  -8.5717981e-04  -1.4333143e-04  -2.2106337e-03
   1.0662691e-04  -7.3733453e-04   1.5650129e-04  -1.8690927e-03
   3.1278000e-04  -7.2235387e-04  -2.2203752e-04  -1.9929482e-03
  -5.8295566e-05  -6.3246991e-04  -2.7076033e-04  -1.9854418e-03
  -1.1077090e-04  -6.0250859e-04   2.4645111e-04  -1.7077053e-03
   2.0417432e-05  -7.3358936e-04  -2.2953333e-04  -1.8841055e-03
  -3.5806138e-05  -7.1111837e-04  -2.0329797e-04  -1.9253907e-03
  -1.9323213e-04  -7.1860870e-04   1.3026593e-04  -1.8465736e-03
  -2.0072861e-04  -1.0219671e-03  -1.5832306e-04  -2.0567526e-03
  -1.1077090e-04  -7.4107969e-04  -1.4333143e-04  -1.8916119e-03
  -1.5200152e-04  -6.4745057e-04  -2.3398339e-05  -1.8465736e-03
  -3.9554376e-05  -8.3470882e-04  -1.1334816e-04  -2.0567526e-03
  -1.3326033e-04  -5.3884078e-04  -1.0210443e-04  -2.0755186e-03
  -1.8198742e-04  -6.9613771e-04   1.0332842e-05  -1.9366503e-03
  -2.4561424e-05  -8.5717981e-04  -6.8373247e-05  -2.0042078e-03
   1.1412338e-04  -7.6729585e-04  -1.6207097e-04  -2.1205569e-03
  -7.7036756e-05  -8.5717981e-04  -1.2084397e-04  -2.0342334e-03
  -4.4436408e-04  -7.5980552e-04  -1.5457515e-04  -2.2218933e-03
  -5.8295566e-05  -7.5606035e-04  -4.5885793e-05  -2.0942846e-03
   6.5396288e-05  -7.4107969e-04  -3.4642066e-05  -2.0567526e-03
  -1.9698037e-04  -5.3884078e-04  -1.6956679e-04  -2.1543357e-03
  -8.8281470e-05  -7.1486354e-04   6.2803568e-05  -1.8090416e-03
  -7.7036756e-05  -7.4482486e-04  -1.5902521e-05  -1.8428204e-03
  -2.4570747e-04  -5.7254727e-04  -1.0585234e-04  -1.9929482e-03
  -3.3191694e-04  -7.2984420e-04   2.9072387e-05  -2.0079610e-03
   4.2906860e-05  -8.3845398e-04   1.7828660e-05  -2.2256465e-03
   2.0417432e-05  -7.6355068e-04  -4.2137884e-05  -2.1280633e-03
  -2.0447685e-04  -7.4482486e-04  -1.0210443e-04  -1.8353140e-03
   4.6655098e-05  -6.6243123e-04   2.1576569e-05  -2.1618421e-03
  -1.5200152e-04  -6.2123441e-04  -2.6701242e-04  -2.3082168e-03
  -1.1077090e-04  -8.3470882e-04  -8.4067030e-06  -2.0154674e-03
   9.1633954e-05  -7.4857002e-04   1.7149293e-04  -2.1130505e-03
  -1.2201561e-04  -6.8490222e-04  -2.6701242e-04  -2.0680122e-03
   5.0403336e-05  -8.5717981e-04   1.0332842e-05  -2.0942846e-03
  -2.4561424e-05  -8.2721849e-04  -1.6956679e-04  -2.3194764e-03
  -1.6324623e-04  -6.4745057e-04  -2.7076033e-04  -2.0642590e-03
   1.5910224e-04  -5.3884078e-04  -1.9650430e-05  -2.0642590e-03
   1.6762420e-06  -7.4857002e-04  -1.9955006e-04  -2.4470851e-03
  -2.4570747e-04  -7.6355068e-04  -1.2459188e-04  -2.0417398e-03
  -1.3326033e-04  -6.0250859e-04   7.7795204e-05  -1.6101221e-03
  -6.5792042e-05  -6.2123441e-04   1.4900547e-04  -1.8916119e-03
   1.2920956e-05  -4.9389880e-04  -7.5869065e-05  -1.8953651e-03
  -1.4825328e-04  -5.9501826e-04  -5.3381611e-05  -1.8428204e-03
  -8.8281470e-05  -7.8602167e-04   1.0403057e-04  -1.7489904e-03
   2.0033286e-04  -5.6505694e-04  -1.5832306e-04  -1.2986068e-03
  -9.5684720e-06  -4.5270199e-04  -9.1088500e-07  -1.3849303e-03
  -1.7064948e-05  -6.4745057e-04   1.1152638e-04  -1.6551605e-03
   3.7275180e-04  -6.5119573e-04  -2.3398339e-05  -1.5463178e-03
   1.3661281e-04  -5.3884078e-04   6.2803568e-05  -1.7602500e-03
  -1.5574975e-04  -6.6617639e-04   5.1559841e-05  -1.9066247e-03
   6.9144526e-05  -6.8115705e-04  -9.1088500e-07  -1.7564968e-03
  -8.4533232e-05  -7.3358936e-04  -2.1454170e-04  -1.9479099e-03
  -1.5200152e-04  -6.7741189e-04  -1.3958352e-04  -2.0379866e-03
  -1.3316710e-05  -4.3772133e-04  -1.8081052e-04  -1.8615863e-03
   1.6762420e-06  -5.3884078e-04  -2.8200406e-04  -1.8090416e-03
   2.7913908e-05  -6.9988288e-04   2.3895529e-04  -1.8728459e-03
  -1.0702266e-04  -8.6092497e-04  -7.2121156e-05  -1.9253907e-03
  -3.9554376e-05  -5.8752793e-04  -1.8455843e-04  -1.9253907e-03
  -6.5792042e-05  -4.1150517e-04   2.3145947e-04  -1.9479099e-03
  -1.5949799e-04  -6.7741189e-04  -8.3364883e-05  -1.8165480e-03
  -2.2321804e-04  -5.7254727e-04  -1.3208770e-04  -1.8465736e-03
  -2.2321804e-04  -7.1486354e-04  -1.8455843e-04  -1.9479099e-03
   1.2920956e-05  -8.6467014e-04  -2.2203752e-04  -1.8578331e-03
  -2.0822509e-04  -7.6729585e-04  -1.9955006e-04  -1.9028715e-03
  -2.8309662e-05  -7.6355068e-04   1.3026593e-04  -1.9404035e-03
   9.5382192e-05  -6.1374408e-04   1.7524084e-04  -1.9591695e-03
  -3.6565108e-04  -8.7965080e-04  -2.4452497e-04  -1.9479099e-03
  -8.8281470e-05  -9.1335728e-04   2.3145947e-04  -2.1280633e-03
  -2.1197332e-04  -6.9239255e-04   4.4064023e-05  -2.1243101e-03
  -2.3446275e-04  -9.5829926e-04  -1.2459188e-04  -2.0304802e-03
   8.7885716e-05  -8.8339596e-04  -5.7129520e-05  -2.1881145e-03
  -3.8814051e-04  -9.7702509e-04  -3.5696224e-04  -2.0680122e-03
  -2.2321804e-04  -9.6204443e-04  -3.8389975e-05  -2.1655953e-03
  -9.5777946e-05  -5.8003760e-04  -4.2137884e-05  -2.2781912e-03
  -3.2442046e-04  -8.5343464e-04   4.4064023e-05  -2.2556720e-03
  -1.3326033e-04  -9.5455410e-04  -1.0960025e-04  -2.1355697e-03
  -6.2043804e-05  -6.8115705e-04  -2.0329797e-04  -2.1318165e-03
  -5.0799090e-05  -8.1972816e-04   2.1576569e-05  -2.3194764e-03
  -4.1062994e-04  -1.0669090e-03  -2.4452497e-04  -2.1280633e-03
  -1.9323213e-04  -6.8490222e-04  -9.0860701e-05  -2.0605058e-03
   1.7784343e-04  -7.2609903e-04  -2.3702915e-04  -2.0755186e-03
  -1.4075680e-04  -1.0481832e-03  -2.4452497e-04  -2.0267270e-03
  -4.3302614e-05  -5.8752793e-04   8.5291022e-05  -1.9666759e-03
  -1.2201561e-04  -6.5868606e-04  -2.1454170e-04  -1.8240544e-03
  -1.3326033e-04  -8.3845398e-04  -2.1454170e-04  -1.7377308e-03
   6.5396288e-05  -8.3470882e-04   1.4080751e-05  -1.8578331e-03
  -1.6324623e-04  -6.6243123e-04  -6.4625338e-05  -2.0229738e-03
  -2.7194513e-04  -3.9652451e-04  -3.7944969e-04  -1.7977820e-03
  -2.6819689e-04  -7.8602167e-04  -2.8575197e-04  -1.8052884e-03
  -1.4075680e-04  -7.3358936e-04  -1.0585234e-04  -2.0605058e-03
  -1.7449094e-04  -7.4107969e-04  -1.9955006e-04  -1.8878587e-03
  -4.3686760e-04  -8.9088629e-04  -1.0960025e-04  -1.8015352e-03
  -1.5949799e-04  -9.3582827e-04  -2.4077706e-04  -2.0304802e-03
   8.7885716e-05  -1.0406929e-03  -1.5082725e-04  -2.1318165e-03
  -3.1692399e-04  -7.1486354e-04   1.3401384e-04  -2.0117142e-03
  -2.1572156e-04  -7.8227651e-04   1.7524084e-04  -1.9253907e-03
   1.4410929e-04  -6.5119573e-04   6.6551477e-05  -1.9891950e-03
  -1.0702266e-04  -5.5382144e-04  -4.5885793e-05  -1.8728459e-03
  -2.1197332e-04  -8.2721849e-04  -1.3958352e-04  -1.7977820e-03
  -2.0822509e-04  -7.4482486e-04  -1.6956679e-04  -2.0304802e-03
  -2.0813186e-05  -9.2833794e-04  -1.5457515e-04  -1.8953651e-03
   1.1787162e-04  -6.7366672e-04  -1.8455843e-04  -1.7489904e-03
   9.1727180e-06  -6.2123441e-04  -2.7146248e-05  -2.0717654e-03
   3.9158622e-05  -9.3208311e-04  -9.1088500e-07  -2.0830250e-03
  -6.9540280e-05  -7.5980552e-04   1.2277011e-04  -1.9028715e-03
   1.3286457e-04  -8.4968948e-04  -4.6587940e-06  -2.0642590e-03
  -6.5792042e-05  -6.6992156e-04  -2.5576870e-04  -2.1693485e-03
  -3.5440637e-04  -7.6355068e-04  -1.5902521e-05  -2.1243101e-03
  -8.0784994e-05  -9.6204443e-04  -1.6207097e-04  -2.1505825e-03
  -2.4945570e-04  -6.0250859e-04  -2.5576870e-04  -2.0942846e-03
  -1.6324623e-04  -6.5119573e-04  -3.8389975e-05  -2.0642590e-03
  -1.5949799e-04  -6.4370540e-04  -9.8356519e-05  -2.0830250e-03
  -1.6699447e-04  -7.0737321e-04  -9.1088500e-07  -2.0717654e-03
  -7.3288518e-05  -1.1193414e-03  -3.8389975e-05  -2.1393229e-03
  -2.9068632e-04  -9.2084761e-04  -1.5832306e-04  -2.2218933e-03
   7.2892764e-05  -6.3996024e-04   2.5324478e-05  -2.1017910e-03
   4.2906860e-05  -7.6729585e-04  -1.1334816e-04  -1.9404035e-03
  -9.2029708e-05  -8.6467014e-04  -9.8356519e-05  -2.2369060e-03
   1.5160576e-04  -9.0212179e-04  -4.9633702e-05  -2.2406592e-03
  -2.0822509e-04  -8.2347332e-04  -2.2203752e-04  -1.9779355e-03
  -2.6070042e-04  -7.1111837e-04   5.1559841e-05  -2.3269828e-03
   1.1412338e-04  -5.2011496e-04   9.2786840e-05  -2.0905314e-03
   8.7885716e-05  -6.1748925e-04  -9.8356519e-05  -1.6288881e-03
   2.4165670e-05  -7.4107969e-04   3.6568205e-05  -1.7189649e-03
   9.5382192e-05  -6.7741189e-04  -7.2121156e-05  -1.7001989e-03
   1.5160576e-04  -6.8115705e-04  -8.3364883e-05  -1.7189649e-03
   1.1412338e-04  -5.0513430e-04   1.8273666e-04  -1.5388114e-03
   9.1633954e-05  -4.9015364e-04  -5.7129520e-05  -1.6926925e-03
   6.9144526e-05  -4.2274067e-04   1.7828660e-05  -1.7977820e-03
  -2.0813186e-05  -6.4370540e-04   2.0147620e-04  -1.5425646e-03
  -1.1451914e-04  -9.1335728e-04  -1.2154612e-05  -1.7001989e-03
   6.1648050e-05  -8.0849266e-04   1.3776175e-04  -1.6439009e-03
   4.2906860e-05  -9.9200575e-04   1.6774502e-04  -1.7227181e-03
  -3.4690989e-04  -8.6092497e-04  -1.4707934e-04  -1.7902756e-03
   2.2282228e-04  -4.0776001e-04  -3.5696224e-04  -1.7640032e-03
  -2.9068632e-04  -1.0481832e-03  -5.3381611e-05  -1.9741823e-03
   1.1787162e-04  -5.2011496e-04   1.7149293e-04  -1.8203012e-03
  -1.3326033e-04  -8.1223783e-04   2.7268647e-04  -1.9216375e-03
  -1.5200152e-04  -1.0594187e-03  -2.4452497e-04  -1.9328971e-03
   1.3285525e-03  -6.6949990e-05  -1.7331470e-04  -1.7339776e-03
  -1.7562474e-03  -1.8196872e-03   1.0777848e-04  -1.9929482e-03
   1.9769977e-03   6.5586685e-04  -4.2442460e-04  -1.9967014e-03
  -2.1198265e-03  -2.3814620e-03   5.4253592e-04  -2.1993741e-03
   1.3135595e-03   3.2254717e-04  -6.3055960e-04  -2.2106337e-03
  -1.1451914e-04  -9.5829926e-04   2.6519065e-04  -1.8127948e-03
  -3.1243543e-03  -2.2428909e-03  -2.4452497e-04  -2.3044636e-03
   5.6690121e-03   2.3149750e-03  -3.5696224e-04  -2.0492462e-03
  -8.8591584e-03  -6.1303721e-03   6.5497319e-04  -2.3232296e-03
   1.1756151e-02   6.5582469e-03  -1.6649825e-03  -2.1993741e-03
  -1.3087171e-02  -9.7669273e-03   1.9442539e-03  -2.2819444e-03
   1.0151905e-02   7.3934187e-03  -2.7743635e-03  -2.2856976e-03
  -2.5808597e-03  -3.6173664e-03   2.9674330e-03  -2.2256465e-03
  -2.7585355e-02  -7.8861476e-02  -6.4398185e-03   1.0846733e-03
   8.4996721e-02  -7.6164958e-02   9.6537027e-03  -1.7790160e-03
   1.6085366e-02  -9.0048284e-02   8.6268458e-02  -2.6538857e-02
   5.0917834e-03  -7.1846782e-02  -1.2091665e-02  -7.5401734e-03
  -2.7083092e-02  -6.0525149e-02  -1.4752610e-01   3.0036835e-02
  -2.5759964e-02  -5.6985968e-02  -6.6155253e-02   1.0940569e-02
  -3.3361390e-02  -3.5638527e-02   7.4432562e-02  -2.3299848e-02
  -2.0622638e-01  -5.5150837e-02   1.1134947e-01  -3.2037290e-02
  -1.9474168e-02  -4.4671865e-02  -3.1944339e-02   4.0984905e-03
   1.4158012e-01  -6.5678496e-02  -8.9913248e-02   2.0169680e-02
   1.0154519e-01  -3.9810641e-02  -1.1338336e-02  -1.0509015e-04
   1.7610898e-02  -1.1257503e-02   2.2542762e-02  -1.0820468e-02
  -2.3563496e-02  -3.3316525e-02   3.3797030e-03  -6.0989458e-03
  -5.1259133e-03  -3.4578645e-02  -7.8790156e-03  -7.9192520e-04
  -4.4591111e-02  -5.5615237e-02   4.1383500e-02  -1.0407616e-02
  -8.5132053e-02  -2.7253103e-02   1.4567211e-02  -5.9825966e-03
  -7.2927791e-02   9.3558851e-03  -1.4029334e-02   4.2373588e-03
   7.5622378e-02  -1.3931551e-02  -5.0417783e-02   1.1023139e-02
   1.0702886e-01  -2.1388174e-02  -2.9564417e-02   4.5526273e-03
  -1.1254282e-02  -1.2186304e-02   4.0705129e-02  -1.0445148e-02
  -1.1295148e-01  -1.1826768e-02   4.3501069e-02  -1.3079892e-02
  -5.9479113e-02  -1.3219969e-02   2.7906020e-02  -8.3696299e-03
   5.7938191e-02  -1.7384593e-02  -2.4954489e-02   3.1864636e-03
   4.1539650e-02  -2.0968294e-03  -3.4489170e-02   9.7057668e-03
  -2.3863355e-02   1.1018738e-02   4.8076564e-03  -4.5413747e-04
  -3.5842724e-02   3.7643538e-03   3.5124492e-02  -1.1353422e-02
   1.7187347e-02  -9.9429501e-03   1.2273491e-02  -6.6206401e-03
   1.7757080e-02  -1.6628070e-02  -1.1477008e-02   2.0042066e-03
  -2.0414976e-02   5.9594421e-04  -1.3129836e-02   3.6030685e-03
  -1.7926146e-02   1.1067426e-02   1.3708940e-02  -3.5580314e-03
   2.4728802e-02   3.7119215e-03  -1.1290315e-03  -2.2444124e-03
   3.3387232e-02  -5.2577487e-03  -2.7754177e-02   5.0255302e-03
  -1.5512281e-02  -8.0853483e-03   8.4393802e-03  -3.3253332e-03
  -4.5655611e-02  -1.9882196e-03   3.3928909e-02  -1.2603236e-02
  -2.0583647e-02  -5.3884078e-04   1.6774730e-02  -7.8141568e-03
   3.3544658e-02  -1.6361741e-03  -3.8169616e-02   5.9150378e-03
   3.7813901e-02   2.9965950e-03  -3.2326626e-02   8.1819688e-03
  -2.7944161e-04   6.3560080e-03   8.1170600e-03  -4.3124240e-03
  -3.2251912e-02   1.9479488e-03   2.1740709e-02  -8.8350264e-03
  -1.9028128e-02  -6.9318374e-03  -3.9024842e-03  -2.6797833e-03
   1.1981045e-02  -8.6770843e-03  -1.9025297e-02   1.6926912e-03
   4.2671711e-03  -7.6355068e-04   3.2410304e-03  -2.0792718e-03
  -7.8508824e-03   4.3448544e-03   6.8839979e-03  -4.9579739e-03
   7.5882032e-04   1.1726996e-03  -2.6281951e-03  -2.8186516e-03
   1.5875464e-02  -3.2278692e-03  -7.2381232e-03  -1.2798408e-03
   4.3383876e-03  -2.8795689e-03  -3.3440457e-03  -1.4712539e-03
  -2.0257550e-02   8.1316378e-04   4.0655704e-03  -2.7736132e-03
  -1.5396085e-02   2.5513420e-04  -4.0411568e-03  -1.2798408e-03
   1.0223121e-02  -2.5837009e-03  -1.1218403e-02   4.0909784e-04
   1.7884520e-02  -1.0556735e-03  -2.2421605e-03  -1.2610748e-03
   7.1009322e-04   1.9329681e-03   3.2372825e-03  -3.2953076e-03
  -9.2902058e-03   1.5621968e-03   4.7476898e-03  -3.3215800e-03
  -1.8349604e-03  -1.8908453e-03  -3.2878271e-03  -1.9704291e-03
   4.1547239e-03  -2.4601104e-03  -3.3815248e-03  -1.1785045e-03
  -2.5846080e-03   5.2104091e-04   1.1459493e-03  -1.7489904e-03
  -6.5877262e-03   5.5100223e-04  -3.7570179e-04  -1.9216375e-03
   1.4409996e-03  -2.2990683e-03   1.6219337e-03  -2.2556720e-03
   5.4253766e-03  -1.9994551e-03   2.3145947e-04  -2.0417398e-03
  -5.4556651e-04   1.2138964e-03   2.8370240e-06  -1.0546490e-03
   1.2086089e-03   2.7007269e-03  -2.0704588e-04  -1.1559853e-03
   4.9643434e-03  -3.5158253e-04  -6.7178660e-04  -1.0584022e-03
  -2.2696628e-04  -3.1754369e-03   3.6495525e-03  -2.0192206e-03
  -8.4168663e-03  -2.7260171e-03   7.5548737e-03  -3.7569508e-03
  -7.8621271e-03  -1.5949773e-03   7.7497649e-03  -3.7081593e-03
   4.5970160e-03  -1.2312747e-04  -7.0176987e-04  -1.2460620e-03
   9.4847184e-03  -2.9915022e-04  -6.9008114e-03   4.5413620e-04
   3.1014691e-03   2.8884068e-04   4.6382983e-04  -1.3323856e-03
  -3.4204651e-03   1.2213868e-03   5.7221462e-03  -2.9725327e-03
  -8.0419493e-04  -2.4671791e-04   1.7681022e-03  -1.8278076e-03
   4.2746676e-03  -1.0219671e-03  -3.6776096e-03  -1.6889450e-04
   8.1879213e-04  -5.9127309e-04  -2.8230864e-03  -4.6539706e-04
  -4.3312869e-03   6.2965070e-04   4.0243434e-03  -2.5784470e-03
  -2.2022877e-03   1.2779859e-04   6.2018785e-03  -3.7231721e-03
   3.5812435e-03  -2.3140490e-03   1.2958656e-03  -2.6384981e-03
   2.4042968e-03  -2.5162879e-03  -4.9633702e-05  -2.0004546e-03
  -3.8665054e-03  -8.2721849e-04   2.2403387e-03  -2.3682679e-03
  -4.2038468e-03   5.5100223e-04   5.8376292e-04  -1.9854418e-03
   3.3563493e-03   3.4876332e-04  -4.5546203e-03  -6.4930371e-04
   6.0588288e-03  -9.7702509e-04  -5.8289094e-03  -4.0909911e-04
  -1.2165011e-03  -1.4077191e-03   8.7235191e-04  -2.3194764e-03
  -7.0712489e-03  -1.0781445e-03   5.5759777e-03  -3.8920659e-03
  -3.4916816e-03  -1.1680285e-03   9.7354545e-04  -3.0363370e-03
   3.7236766e-03  -9.8077025e-04  -4.9219154e-03  -1.4149559e-03
   3.3713422e-03  -3.5158253e-04  -4.8919321e-03  -1.6026158e-03
  -2.7982575e-03   1.5026958e-04   4.0761120e-04  -2.9312475e-03
  -3.9189807e-03  -5.2386012e-04   1.4757653e-03  -3.3553588e-03
   1.0099523e-03  -1.9208067e-03  -3.6063993e-03  -1.9441567e-03
   3.0977208e-03  -1.3889932e-03  -4.9968736e-03  -1.0283766e-03
  -8.4167731e-04   1.2779859e-04  -3.6888533e-03  -1.2948536e-03
  -2.7270410e-03   6.7084751e-04  -2.6994054e-03  -1.4149559e-03
   1.2273501e-03  -2.5046308e-04  -1.8074030e-03  -2.1092973e-03
   3.3338598e-03  -1.4564062e-03  -6.7928241e-04  -2.6572641e-03
  -8.7166321e-04  -1.5500353e-03   1.7568584e-03  -3.2052309e-03
  -4.7960684e-03  -9.9200575e-04   2.6151296e-03  -3.4416823e-03
  -2.1348194e-03  -6.9239255e-04  -4.2442460e-04  -2.4320723e-03
   2.3368285e-03  -1.0931252e-03  -4.0936275e-03  -1.1034405e-03
   1.7033763e-03  -8.6467014e-04  -3.2878271e-03  -9.0452111e-04
  -2.0411135e-03  -4.0026968e-04   3.2890511e-04  -2.0342334e-03
  -1.9998829e-03  -5.6131177e-04   1.4607736e-03  -2.3382424e-03
   2.2581155e-03  -7.7853134e-04  -3.5321433e-04  -1.8278076e-03
   3.6824460e-03  -5.9127309e-04  -2.0660087e-03  -1.4937730e-03
   3.9898947e-04   9.7837270e-05  -2.0704588e-04  -1.7077053e-03
  -3.0231518e-03  -1.9803077e-04   2.8962228e-03  -2.5371618e-03
  -2.8694741e-03  -1.4826224e-03   3.1735680e-03  -2.7060557e-03
  -2.4195923e-04  -1.7747452e-03   1.9405060e-03  -2.3607615e-03
   1.4447479e-03  -7.1860870e-04   8.3112491e-04  -2.0117142e-03
   2.1306754e-03   3.7123431e-04   1.3401384e-04  -1.5237986e-03
   2.3105909e-03   5.3976674e-04  -8.6292996e-04  -1.0471426e-03
   1.3922725e-03  -3.5907286e-04  -1.1327794e-03  -1.0058574e-03
  -7.8545374e-04  -9.4331860e-04   1.0372599e-03  -1.4862666e-03
  -2.5208879e-03  -1.0631639e-03   2.9486935e-03  -2.1430761e-03
  -1.3102071e-03  -1.1680285e-03   1.9892288e-03  -2.5371618e-03
   1.3023148e-03  -6.8864738e-04   2.8393020e-04  -2.1655953e-03
   2.0257248e-03  -4.3397616e-04   1.3776175e-04  -2.0867782e-03
   5.7890489e-04  -3.4783737e-04   1.5619672e-03  -2.5671874e-03
  -1.3851718e-03  -5.1636979e-04   1.8655478e-03  -2.6460045e-03
  -1.8087227e-03  -1.0519284e-03  -8.3364883e-05  -1.9891950e-03
  -7.9295021e-04  -1.2916189e-03  -1.1477710e-03  -1.4074495e-03
  -2.7944161e-04  -1.0107316e-03  -1.4813349e-03  -1.6626669e-03
   3.2027647e-04  -3.0289539e-04  -1.6200076e-03  -1.7865224e-03
   1.4110137e-03  -3.5158253e-04  -1.1852501e-03  -1.8315608e-03
   1.1523853e-03  -6.1748925e-04  -8.8541741e-04  -2.1168037e-03
  -7.9295021e-04  -4.9764397e-04  -2.9324779e-04  -2.2444124e-03
  -2.0935888e-03  -6.0250859e-04  -6.0057633e-04  -2.2781912e-03
  -1.1265434e-03  -4.2274067e-04  -1.3838893e-03  -2.1505825e-03
   1.2161986e-04  -5.7629243e-04  -1.6087638e-03  -1.9704291e-03
   1.5160576e-04  -5.9876342e-04  -1.5750327e-03  -1.8240544e-03
   3.9149299e-04  -2.7667923e-04  -6.9802196e-04  -2.0117142e-03
   7.5882032e-04  -6.8864738e-04  -6.5304705e-04  -2.0454930e-03
   6.8385556e-04  -6.8490222e-04  -1.3089311e-03  -1.7640032e-03
   2.8654233e-04  -6.2497958e-04  -9.2664441e-04  -1.9816886e-03
  -9.8411035e-04  -8.5717981e-04  -8.4067030e-06  -2.2068805e-03
  -1.3289482e-03  -1.0406929e-03   5.6877128e-04  -2.2181401e-03
  -4.6685351e-04  -1.2878738e-03   6.3248574e-04  -2.2068805e-03
  -6.2043804e-05  -9.5455410e-04   5.9875455e-04  -2.1580889e-03
   1.8533990e-04  -7.5231519e-04  -4.2137884e-05  -1.8428204e-03
   1.7409519e-04  -3.4783737e-04  -5.3311396e-04  -1.5913562e-03
   4.2147890e-04  -7.8185485e-05  -5.7434096e-04  -1.5688370e-03
   4.9269542e-04  -6.1748925e-04  -7.3924896e-04  -1.4187091e-03
  -4.7434998e-04  -5.0138913e-04  -1.8455843e-04  -1.6926925e-03
  -8.1169140e-04  -3.8528902e-04   1.3401384e-04  -1.6326413e-03
  -2.5320394e-04  -5.6880210e-04  -1.7706261e-04  -1.6551605e-03
   5.4517075e-04  -3.9652451e-04   6.5849330e-06  -2.0342334e-03
   1.0099523e-03  -4.9015364e-04  -6.4625338e-05  -1.7752628e-03
   3.9898947e-04  -6.1374408e-04   2.4645111e-04  -1.7865224e-03
  -2.9443456e-04  -5.6131177e-04   7.1868764e-04  -1.9253907e-03
  -2.9818280e-04  -5.7254727e-04   3.6263629e-04  -1.7752628e-03
  -3.1692399e-04  -7.5231519e-04   2.6144274e-04  -1.7264713e-03
   3.9158622e-05  -7.2984420e-04   5.0880474e-04  -1.7339776e-03
   6.6136613e-04  -6.4370540e-04   8.9109146e-04  -1.9816886e-03
   5.3767428e-04  -7.8227651e-04   6.9245228e-04  -1.9779355e-03
   2.9029057e-04  -7.3358936e-04   7.4117510e-04  -1.7114585e-03
  -1.6324623e-04  -9.3957344e-04   1.0822348e-03  -1.9441567e-03
  -4.2562289e-04  -1.0893800e-03   7.7865419e-04  -2.0117142e-03
  -4.5560879e-04  -9.1335728e-04   5.6127546e-04  -1.9516631e-03
  -6.3177598e-04  -8.0849266e-04   2.1646784e-04  -1.7189649e-03
  -9.2029708e-05  -8.3096365e-04   1.7898875e-04  -1.5313050e-03
   4.7770247e-04  -6.3621507e-04   1.4525757e-04  -2.0004546e-03
   3.8024828e-04  -4.7891814e-04  -5.5934933e-04  -1.9891950e-03
  -1.0327442e-04  -7.1486354e-04  -7.4299687e-04  -2.0304802e-03
  -7.7795726e-04  -7.3733453e-04  -1.4707934e-04  -2.3382424e-03
  -1.0028515e-03  -9.3582827e-04  -1.3583561e-04  -2.1918677e-03
  -4.8184646e-04  -1.0069864e-03  -4.5815578e-04  -2.1693485e-03
  -9.9526184e-05  -7.7104101e-04  -8.1045923e-04  -2.2444124e-03
   4.9644366e-04  -6.7741189e-04  -9.9035886e-04  -2.2031273e-03
   4.8145071e-04  -6.7366672e-04  -5.4435769e-04  -2.2181401e-03
  -5.9804184e-04  -6.4370540e-04  -9.1540068e-04  -2.0004546e-03
  -7.5921607e-04  -5.1262463e-04  -1.0053505e-03  -2.0379866e-03
  -7.4422312e-04  -8.0474750e-04  -3.2697897e-04  -2.4020467e-03
  -7.9295021e-04  -1.0294574e-03  -2.3702915e-04  -2.1693485e-03
  -3.2067223e-04  -7.9351200e-04  -2.2578543e-04  -2.1731017e-03
   1.7784343e-04  -7.1860870e-04  -1.5082725e-04  -2.3532552e-03
   1.0287867e-04  -7.2984420e-04   2.9072387e-05  -2.3232296e-03
  -5.7180417e-04  -8.6092497e-04   1.9772829e-04  -2.2331528e-03
  -6.3177598e-04  -1.0594187e-03   2.1576569e-05  -2.0830250e-03
  -5.3807003e-04  -7.7853134e-04  -3.9444133e-04  -2.0980378e-03
  -2.8309662e-05  -7.1860870e-04  -4.0943297e-04  -1.9216375e-03
   2.3781524e-04  -7.2235387e-04  -1.8081052e-04  -1.8841055e-03
  -2.9818280e-04  -5.4258595e-04  -8.4067030e-06  -1.9366503e-03
   2.6030466e-04  -6.7366672e-04   2.9892183e-04  -1.9479099e-03
   2.1157757e-04  -5.7254727e-04   1.8648456e-04  -1.7414840e-03
  -2.8309662e-05  -7.1860870e-04   4.4064023e-05  -1.6326413e-03
   1.1787162e-04  -7.9725717e-04   3.2140929e-04  -1.8916119e-03
  -4.1812641e-04  -4.5270199e-04   4.3384656e-04  -1.8015352e-03
   9.5382192e-05  -5.3884078e-04   1.2277011e-04  -1.7602500e-03
   5.1143661e-04  -5.8003760e-04   9.2786840e-05  -1.8540799e-03
   1.2161986e-04  -4.3397616e-04   1.2651802e-04  -1.7452372e-03
  -2.6819689e-04  -7.8602167e-04   3.6568205e-05  -1.8390672e-03
  -5.5681122e-04  -9.2833794e-04   4.3009865e-04  -2.0980378e-03
  -5.0808413e-04  -7.8227651e-04   3.8887165e-04  -1.9816886e-03
  -2.1572156e-04  -8.4594431e-04   3.2890511e-04  -1.9216375e-03
  -1.7823918e-04  -9.1710245e-04   4.2260283e-04  -2.3795275e-03
  -4.4811232e-04  -7.9351200e-04   1.7524084e-04  -2.2781912e-03
  -2.4195923e-04  -6.2123441e-04  -6.4625338e-05  -1.8390672e-03
   2.0417432e-05  -7.2984420e-04  -2.8200406e-04  -1.9253907e-03
   3.5410384e-05  -6.2872474e-04  -7.2121156e-05  -1.8878587e-03
  -2.3821099e-04  -9.6204443e-04  -9.8356519e-05  -1.9328971e-03
  -2.9068632e-04  -1.0144767e-03  -1.9205424e-04  -1.9328971e-03
  -4.7050852e-05  -4.8266331e-04  -2.2203752e-04  -1.8278076e-03
  -9.2029708e-05  -6.6617639e-04  -3.6445806e-04  -1.9291439e-03
  -2.0072861e-04  -7.1486354e-04  -8.4067030e-06  -1.9891950e-03
  -3.4690989e-04  -5.7254727e-04   7.4047295e-05  -2.1243101e-03
  -2.0072861e-04  -7.5231519e-04   8.1543113e-05  -2.0680122e-03
  -2.1197332e-04  -8.7590563e-04  -2.7146248e-05  -2.0079610e-03
  -3.6939932e-04  -6.0250859e-04  -3.5321433e-04  -2.1205569e-03
  -1.7449094e-04  -6.0625375e-04  -3.7570179e-04  -1.9854418e-03
  -3.2057900e-05  -6.9239255e-04  -4.3941624e-04  -2.0117142e-03
   1.1412338e-04  -6.0250859e-04  -2.5576870e-04  -2.1243101e-03
  -9.9526184e-05  -8.6841530e-04  -6.4625338e-05  -1.9666759e-03
  -2.9443456e-04  -7.7104101e-04   2.8018229e-04  -2.2293996e-03
  -2.4945570e-04  -7.1486354e-04   5.0130892e-04  -2.3194764e-03
  -2.7944161e-04  -9.5829926e-04   1.0777848e-04  -2.1205569e-03
   6.5396288e-05  -6.2872474e-04   1.4080751e-05  -2.1843613e-03
  -2.3821099e-04  -6.7741189e-04  -8.3364883e-05  -2.1468293e-03
  -2.7194513e-04  -9.8077025e-04  -3.2697897e-04  -2.2369060e-03
