  -1.3316710e-05  -5.7254727e-04  -1.3583561e-04  -1.9816886e-03
   3.6900357e-04  -6.0999892e-04  -1.2459188e-04  -1.9779355e-03
  -1.5574975e-04  -6.6992156e-04   1.4900547e-04  -1.9741823e-03
   2.4165670e-05  -8.0100233e-04   2.6893856e-04  -1.7114585e-03
   1.3661281e-04  -5.4258595e-04   1.1152638e-04  -1.7077053e-03
  -1.8198742e-04  -6.0999892e-04   1.2277011e-04  -1.8278076e-03
   2.0408109e-04  -7.4857002e-04   6.2803568e-05  -1.7302244e-03
   3.1652823e-04  -6.0999892e-04  -5.7129520e-05  -1.7602500e-03
   8.0389240e-05  -6.3246991e-04   4.0316114e-05  -1.8127948e-03
   6.9144526e-05  -5.5007628e-04   3.6568205e-05  -1.6701733e-03
   2.0417432e-05  -5.8003760e-04  -1.8081052e-04  -1.7414840e-03
   2.0417432e-05  -6.5494090e-04   1.1527429e-04  -1.9178843e-03
   1.6659871e-04  -6.2872474e-04   9.6534749e-05  -1.7715096e-03
   1.8533990e-04  -6.1374408e-04  -1.3583561e-04  -1.5500710e-03
   1.2161986e-04  -6.3621507e-04  -2.3398339e-05  -1.7827692e-03
   1.4785752e-04  -6.8864738e-04  -1.4333143e-04  -1.9441567e-03
   5.4151574e-05  -6.3246991e-04  -9.0860701e-05  -1.7302244e-03
   1.2920956e-05  -7.2609903e-04  -3.8389975e-05  -1.7227181e-03
  -2.0813186e-05  -6.7741189e-04  -2.3398339e-05  -1.8390672e-03
  -2.4945570e-04  -6.3621507e-04   4.7811932e-05  -1.9591695e-03
  -3.9554376e-05  -7.7478618e-04  -4.6587940e-06  -1.9216375e-03
   2.0033286e-04  -6.4745057e-04  -1.5082725e-04  -1.7865224e-03
   7.2892764e-05  -7.5231519e-04  -3.0074361e-04  -1.9554163e-03
  -4.7050852e-05  -7.8602167e-04  -2.7450824e-04  -2.0079610e-03
  -2.4561424e-05  -5.6505694e-04  -4.2137884e-05  -2.0004546e-03
   2.3031876e-04  -6.9988288e-04   2.9072387e-05  -2.0154674e-03
  -1.3316710e-05  -6.4370540e-04  -1.5832306e-04  -1.8690927e-03
  -2.3071451e-04  -5.4258595e-04   5.9055659e-05  -1.9479099e-03
   6.9144526e-05  -7.3358936e-04  -1.1334816e-04  -1.8390672e-03
  -1.5574975e-04  -7.8976684e-04  -3.2323106e-04  -1.9704291e-03
  -2.9068632e-04  -8.1598299e-04  -1.0960025e-04  -2.2031273e-03
  -1.1451914e-04  -7.2235387e-04  -2.1079379e-04  -2.1055441e-03
   5.4244800e-06  -6.7366672e-04  -1.8081052e-04  -2.0567526e-03
   2.0417432e-05  -7.6355068e-04  -1.4707934e-04  -1.8240544e-03
  -2.4945570e-04  -8.0100233e-04  -8.3364883e-05  -2.1881145e-03
   1.2920956e-05  -8.9837662e-04  -1.0960025e-04  -2.1693485e-03
  -5.8202340e-06  -1.0069864e-03  -1.9205424e-04  -1.9141311e-03
  -2.2321804e-04  -9.6204443e-04  -1.9580215e-04  -2.2519188e-03
   9.1633954e-05  -7.5231519e-04  -1.3958352e-04  -2.1243101e-03
  -2.8318985e-04  -7.6355068e-04  -2.1454170e-04  -2.1993741e-03
  -1.4450504e-04  -1.0182219e-03  -4.4691206e-04  -2.1768549e-03
   1.7034695e-04  -1.0332026e-03  -1.2833979e-04  -2.0529994e-03
  -2.2321804e-04  -8.1972816e-04  -6.0877429e-05  -2.1731017e-03
  -1.6699447e-04  -8.2347332e-04  -3.6445806e-04  -2.0980378e-03
  -2.0813186e-05  -8.0100233e-04  -3.2697897e-04  -2.0154674e-03
   5.4151574e-05  -7.4482486e-04  -1.9580215e-04  -2.0004546e-03
  -1.5200152e-04  -7.1111837e-04  -1.2833979e-04  -2.1430761e-03
  -2.7569337e-04  -6.9613771e-04  -4.5885793e-05  -1.9816886e-03
  -1.7064948e-05  -8.5343464e-04   6.2803568e-05  -1.8240544e-03
   1.0287867e-04  -9.0586695e-04  -4.5885793e-05  -2.0417398e-03
   1.2536810e-04  -1.0032412e-03  -9.4608610e-05  -2.0492462e-03
   1.7034695e-04  -6.5119573e-04   3.2820296e-05  -1.9366503e-03
   1.6669194e-05  -4.6768265e-04  -2.0704588e-04  -1.9441567e-03
  -8.0784994e-05  -9.1335728e-04  -1.9955006e-04  -1.9216375e-03
  -3.2057900e-05  -8.0474750e-04  -1.5457515e-04  -1.9178843e-03
   5.4151574e-05  -6.8490222e-04  -4.2067669e-04  -1.8390672e-03
   1.8159167e-04  -8.0474750e-04  -7.9616974e-05  -1.9666759e-03
  -2.0719960e-06  -7.5231519e-04  -4.5885793e-05  -1.9666759e-03
  -1.1077090e-04  -7.5606035e-04  -2.1828961e-04  -1.7564968e-03
  -1.4450504e-04  -7.1860870e-04  -6.8373247e-05  -2.0642590e-03
   6.5396288e-05  -7.1111837e-04  -9.4608610e-05  -2.0417398e-03
  -2.4561424e-05  -8.6467014e-04   4.7811932e-05  -1.9629227e-03
  -1.2201561e-04  -7.9351200e-04  -9.8356519e-05  -1.8878587e-03
   1.7784343e-04  -7.1111837e-04  -2.5576870e-04  -1.8052884e-03
   4.2906860e-05  -8.1972816e-04  -2.6326452e-04  -2.0042078e-03
   1.1787162e-04  -7.0737321e-04  -2.1079379e-04  -1.9178843e-03
   4.2906860e-05  -7.1860870e-04   1.3026593e-04  -1.9554163e-03
  -1.5574975e-04  -8.6467014e-04  -4.5885793e-05  -1.8052884e-03
   5.7899812e-05  -7.4107969e-04  -1.3583561e-04  -1.8803523e-03
   1.5535400e-04  -4.7891814e-04  -5.3381611e-05  -1.9441567e-03
  -9.2029708e-05  -5.7254727e-04   6.5849330e-06  -1.9554163e-03
  -2.0072861e-04  -8.1972816e-04   2.9072387e-05  -2.1993741e-03
  -3.2057900e-05  -7.6729585e-04  -2.1454170e-04  -1.9929482e-03
  -2.4561424e-05  -7.8976684e-04  -6.8373247e-05  -1.9666759e-03
  -3.5806138e-05  -8.1598299e-04  -8.3364883e-05  -2.1693485e-03
  -2.0719960e-06  -9.2084761e-04  -6.8373247e-05  -2.2068805e-03
  -1.2201561e-04  -7.7478618e-04   7.4047295e-05  -2.0755186e-03
  -5.0799090e-05  -5.5007628e-04  -4.2137884e-05  -2.1280633e-03
   1.3661281e-04  -6.9988288e-04  -1.6207097e-04  -2.0454930e-03
  -1.5574975e-04  -7.2609903e-04  -9.4608610e-05  -1.8015352e-03
  -1.1451914e-04  -8.4219915e-04  -3.0894157e-05  -2.0905314e-03
   6.9144526e-05  -8.0849266e-04  -2.3702915e-04  -2.1205569e-03
  -1.3316710e-05  -6.8864738e-04  -1.2459188e-04  -1.8615863e-03
   4.6655098e-05  -5.5382144e-04  -1.5457515e-04  -2.0717654e-03
  -2.0719960e-06  -4.6393748e-04  -1.4707934e-04  -2.1092973e-03
   6.9144526e-05  -8.1972816e-04   7.4047295e-05  -1.7264713e-03
   2.1532581e-04  -7.6355068e-04   1.6399711e-04  -1.6814329e-03
   9.1633954e-05  -6.1748925e-04   1.8648456e-04  -1.9066247e-03
  -5.0799090e-05  -5.5007628e-04   6.2803568e-05  -1.6063689e-03
   1.8159167e-04  -5.2760529e-04   1.3026593e-04  -1.5725902e-03
   1.6285048e-04  -1.0069864e-03   4.0316114e-05  -2.0192206e-03
   5.4151574e-05  -8.2347332e-04  -9.1088500e-07  -1.7152117e-03
   9.5382192e-05  -5.2386012e-04  -9.8356519e-05  -1.7152117e-03
   2.7913908e-05  -7.3358936e-04   2.8370240e-06  -1.8428204e-03
   1.3286457e-04  -6.0625375e-04   2.8018229e-04  -1.6439009e-03
  -2.4561424e-05  -6.2872474e-04   7.7795204e-05  -1.9103779e-03
  -1.4450504e-04  -9.2459278e-04  -4.5885793e-05  -1.6926925e-03
   1.6285048e-04  -6.7741189e-04   3.6568205e-05  -1.6701733e-03
   1.1787162e-04  -6.0625375e-04   4.7811932e-05  -1.9629227e-03
   6.5396288e-05  -8.5343464e-04  -1.6581888e-04  -1.8165480e-03
   2.7154938e-04  -6.9988288e-04   6.5849330e-06  -1.9066247e-03
   8.4137478e-05  -7.7478618e-04  -1.0960025e-04  -1.8052884e-03
  -2.4561424e-05  -6.4370540e-04  -2.1828961e-04  -1.7264713e-03
   1.1037514e-04  -3.8154385e-04   6.2803568e-05  -1.9891950e-03
  -3.9554376e-05  -6.4370540e-04  -1.8830634e-04  -1.9891950e-03
  -1.0702266e-04  -8.7216047e-04  -4.2137884e-05  -2.0642590e-03
   1.2920956e-05  -6.9988288e-04   6.5849330e-06  -1.9929482e-03
  -1.4825328e-04  -6.3246991e-04   2.8370240e-06  -1.8803523e-03
   3.1662146e-05  -6.4370540e-04  -9.4608610e-05  -1.9666759e-03
   4.2906860e-05  -4.5644715e-04  -2.2203752e-04  -1.9704291e-03
  -1.7823918e-04  -6.4745057e-04   1.4080751e-05  -2.1843613e-03
  -5.4547328e-05  -8.9463146e-04  -3.6820597e-04  -2.0567526e-03
  -2.1946980e-04  -8.3096365e-04  -1.3958352e-04  -2.0905314e-03
  -1.1451914e-04  -6.6243123e-04  -1.5902521e-05  -2.1993741e-03
  -2.5320394e-04  -8.0474750e-04  -3.0449151e-04  -1.9704291e-03
  -2.7194513e-04  -8.3845398e-04  -1.2154612e-05  -2.2068805e-03
  -9.2029708e-05  -6.9613771e-04  -2.5951661e-04  -2.1055441e-03
  -1.9698037e-04  -9.4706377e-04  -2.2578543e-04  -2.0229738e-03
  -6.2043804e-05  -9.5829926e-04  -2.3398339e-05  -2.2631784e-03
  -1.7449094e-04  -7.3358936e-04  -7.9616974e-05  -2.2631784e-03
  -1.1826737e-04  -8.3845398e-04  -2.3398339e-05  -2.2256465e-03
  -3.0193104e-04  -8.8714113e-04  -2.2953333e-04  -2.0529994e-03
  -2.3446275e-04  -6.5494090e-04  -2.1828961e-04  -2.0492462e-03
   4.6655098e-05  -9.9949608e-04  -2.1079379e-04  -2.1205569e-03
  -1.1826737e-04  -1.0107316e-03  -1.9580215e-04  -1.8540799e-03
  -1.0702266e-04  -6.1748925e-04  -1.6956679e-04  -1.8878587e-03
  -1.8198742e-04  -8.6467014e-04  -2.9324779e-04  -2.2631784e-03
   3.5410384e-05  -7.6729585e-04  -1.6956679e-04  -2.0379866e-03
   5.0403336e-05  -8.1223783e-04  -9.4608610e-05  -1.8127948e-03
  -1.4825328e-04  -8.8714113e-04   1.7828660e-05  -1.9554163e-03
  -7.3288518e-05  -6.0250859e-04   1.7828660e-05  -2.0042078e-03
  -5.8295566e-05  -7.8976684e-04  -5.3381611e-05  -2.1130505e-03
  -3.2057900e-05  -7.0737321e-04  -3.4642066e-05  -1.9328971e-03
  -2.4561424e-05  -5.1636979e-04  -9.0860701e-05  -1.7640032e-03
   2.7913908e-05  -8.2721849e-04  -1.4707934e-04  -1.9967014e-03
  -9.2029708e-05  -7.3358936e-04  -2.9699570e-04  -1.9629227e-03
  -2.7569337e-04  -6.2497958e-04  -1.8455843e-04  -1.7790160e-03
  -1.3326033e-04  -8.2347332e-04  -1.4707934e-04  -1.8390672e-03
  -2.0719960e-06  -6.2872474e-04  -1.3583561e-04  -1.9854418e-03
  -7.3288518e-05  -6.3246991e-04  -1.2154612e-05  -2.0304802e-03
   3.9158622e-05  -8.6467014e-04  -1.5902521e-05  -1.8278076e-03
   1.7409519e-04  -7.3358936e-04   2.5324478e-05  -2.0717654e-03
   3.1662146e-05  -6.1748925e-04  -1.1709606e-04  -2.1956209e-03
  -1.0327442e-04  -8.4594431e-04  -1.3958352e-04  -1.6889393e-03
   6.9144526e-05  -7.9351200e-04  -8.3364883e-05  -1.9328971e-03
   2.7913908e-05  -7.5980552e-04  -9.8356519e-05  -2.0229738e-03
  -6.2043804e-05  -7.6729585e-04  -1.6207097e-04  -1.8578331e-03
   9.5382192e-05  -5.4258595e-04  -1.3958352e-04  -2.0492462e-03
   1.2920956e-05  -7.5980552e-04  -5.7129520e-05  -1.8353140e-03
   1.2920956e-05  -7.6355068e-04   6.2803568e-05  -1.7564968e-03
   1.2536810e-04  -7.3733453e-04   1.5650129e-04  -1.7715096e-03
   2.1532581e-04  -7.2235387e-04   4.0316114e-05  -1.9741823e-03
  -9.5684720e-06  -5.6880210e-04  -9.1088500e-07  -2.2706848e-03
  -1.5949799e-04  -8.2721849e-04  -2.4077706e-04  -2.0229738e-03
   1.2536810e-04  -7.8976684e-04   6.6551477e-05  -2.0079610e-03
  -9.5777946e-05  -6.3996024e-04   1.7524084e-04  -2.1655953e-03
  -1.1826737e-04  -6.2872474e-04  -2.2953333e-04  -1.8540799e-03
   1.7034695e-04  -6.9613771e-04   1.0332842e-05  -1.7527436e-03
  -1.0702266e-04  -8.0474750e-04  -7.2121156e-05  -1.9441567e-03
  -1.2201561e-04  -6.1748925e-04  -8.3364883e-05  -2.0642590e-03
   8.7885716e-05  -5.9501826e-04   8.1543113e-05  -1.9779355e-03
  -8.4533232e-05  -6.7366672e-04   1.0332842e-05  -1.8428204e-03
  -2.8309662e-05  -6.7741189e-04   1.0332842e-05  -2.0342334e-03
   2.0417432e-05  -6.7366672e-04  -2.1454170e-04  -2.0867782e-03
   1.6669194e-05  -6.1748925e-04  -1.5082725e-04  -2.0792718e-03
   2.0782933e-04  -6.5494090e-04  -8.7112792e-05  -2.2031273e-03
   3.9158622e-05  -7.3733453e-04  -2.6701242e-04  -2.0154674e-03
  -3.5806138e-05  -7.1486354e-04  -6.0877429e-05  -1.8090416e-03
  -4.3302614e-05  -6.0625375e-04   8.9038931e-05  -1.8428204e-03
  -1.1826737e-04  -6.0625375e-04   1.1527429e-04  -1.8203012e-03
   1.5535400e-04  -5.0138913e-04   1.3401384e-04  -1.8615863e-03
   2.0033286e-04  -4.6019232e-04   2.3895529e-04  -1.8878587e-03
  -5.8295566e-05  -6.6243123e-04   7.6741046e-04  -1.8690927e-03
  -1.3316710e-05  -8.8714113e-04   2.0897202e-04  -2.1092973e-03
   3.0153528e-04  -8.0474750e-04   6.6551477e-05  -1.7827692e-03
   5.3767428e-04  -5.6880210e-04   9.2482264e-04  -1.9779355e-03
  -1.2201561e-04  -7.2235387e-04  -4.3941624e-04  -1.5876030e-03
  -5.0799090e-05  -7.2235387e-04   1.6819003e-03  -1.8390672e-03
   1.7784343e-04  -4.5270199e-04  -1.3801414e-03  -2.2669316e-03
  -3.0193104e-04  -5.5007628e-04   1.0859827e-03  -1.3211260e-03
   3.2027647e-04  -7.7104101e-04   5.9125874e-04  -2.8974687e-03
  -7.3297841e-04  -7.7104101e-04  -2.8718092e-03  -1.2272961e-03
   4.8519894e-04  -7.0737321e-04   6.1006850e-03  -2.7848728e-03
  -2.6444866e-04  -7.5231519e-04  -9.0333716e-03  -1.1297129e-03
   2.2657052e-04  -5.2760529e-04   1.0643151e-02  -1.9891950e-03
   2.6030466e-04  -5.0138913e-04  -1.0300165e-02  -2.8524304e-03
  -8.5292202e-04  -9.3957344e-04   7.0901329e-03   1.2385487e-04
   1.6171668e-03  -4.4521166e-04   9.3606636e-04  -5.5359662e-03
  -2.1010853e-03  -8.0849266e-04  -1.2661347e-02   3.2915531e-03
   2.8840713e-03  -6.0999892e-04   2.7460018e-02  -8.2195021e-03
  -2.5996009e-03  -4.6393748e-04  -4.3862690e-02   4.7252744e-03
  -1.6324623e-04  -1.2616576e-03   6.7510174e-02  -8.0618678e-03
   1.7502199e-02  -5.1969330e-05  -7.8309722e-02  -9.0624695e-02
   2.7288849e-02   1.0491092e-03   8.9394215e-02  -1.0258238e-01
  -7.3448702e-03   3.4947019e-03   3.1773557e-01  -9.6239478e-02
  -8.6249028e-02   9.3675423e-04   1.0936307e-01  -8.1189158e-02
  -3.2214429e-02  -8.6920650e-03   2.0801179e-01  -7.9117393e-02
   6.7046409e-02  -9.9054984e-03   1.1426159e-01  -9.9820028e-02
  -9.3989047e-03   3.0040853e-03   2.7979924e-01  -6.7929113e-02
  -8.5469395e-02   8.9551525e-03   1.2908082e-01  -6.0873103e-02
   1.5535400e-04  -3.7559375e-03  -6.7808783e-03  -6.6836933e-02
   5.7934443e-02  -1.3815451e-02   1.8407389e-01  -5.7161191e-02
  -1.5208674e-02  -7.3213346e-03   9.4064109e-02  -5.5141971e-02
  -6.9097091e-02   2.1127360e-03   1.6438987e-01  -4.9943793e-02
  -3.3604932e-03  -1.8833550e-03   3.1938770e-02  -3.7558243e-02
   7.2054055e-02  -6.6172436e-03   1.2018633e-02  -4.6201856e-02
   2.8304621e-02  -7.8602167e-04   1.0440764e-02  -4.7579279e-02
  -4.2773216e-02   4.6219966e-03  -9.5618267e-03  -2.1738518e-02
  -3.0868812e-02   1.5659420e-03   6.8090398e-03  -3.0982642e-02
   2.7457520e-02  -6.2951594e-03  -1.3111097e-02  -1.7133345e-02
   2.1970099e-02  -5.3289068e-03   9.9385438e-03   7.5057620e-06
  -2.7510391e-02   4.2025381e-03  -1.3801414e-03  -4.5226030e-03
  -1.8881947e-02   6.0601399e-03  -3.6438082e-02  -3.0400959e-04
   2.0414580e-02  -4.7517298e-04  -7.5086520e-02  -9.0827374e-03
   3.1992888e-02  -3.8870183e-03  -4.8704988e-02  -4.5038427e-04
  -5.6356737e-03  -7.6355068e-04  -3.3604663e-02   7.8816505e-05
  -2.6449639e-02   3.2887179e-03  -1.3403433e-02  -3.9408575e-03
  -4.0201831e-03   7.3077015e-04  -5.4386818e-02  -3.4754611e-03
   1.8814083e-02  -3.1492208e-03  -6.6312665e-02  -2.6159789e-03
   1.4900922e-02  -2.7297623e-03  -5.6590589e-02   1.1484776e-03
  -1.6299411e-02   9.4798972e-04  -9.1213772e-02  -4.0046618e-03
  -1.7719993e-02   2.3674073e-03  -6.5810445e-02  -5.9825966e-03
  -1.8387086e-03  -2.7484881e-03  -5.2550343e-02  -3.6556145e-03
   7.2320273e-03  -4.2016121e-03  -8.4006543e-02   1.0021030e-03
  -6.8538511e-03  -1.9357873e-03  -4.9154737e-02  -1.4562411e-03
  -1.9995173e-02   1.0678350e-03  -5.6380706e-02  -3.8695467e-03
  -7.9595813e-03   5.4351190e-04  -5.3644732e-02  -3.7456912e-03
   8.7763014e-03  -3.1979079e-03  -5.2677772e-02  -8.4446996e-04
   1.1388823e-02  -2.0668681e-03  -4.6370041e-02  -1.5050326e-03
  -1.4294103e-02  -2.9498340e-05  -3.5951556e-03  -4.5713946e-03
  -1.7453868e-02   7.0455400e-04  -2.9099676e-02  -1.9891950e-03
   4.3496323e-03  -1.8796099e-03  -1.7162586e-02  -2.8336644e-03
   1.3060537e-02  -2.7147816e-03  -2.7102041e-02  -1.2798408e-03
  -5.8718127e-03   2.3266321e-04  -2.5726558e-02  -1.3511516e-03
  -1.6194460e-02   8.2065411e-04  -1.0341392e-02  -3.3478524e-03
  -7.4047488e-04  -1.3627771e-03  -1.9190205e-02  -3.0325838e-03
   8.5289177e-03  -3.1754369e-03  -1.1956741e-02  -2.0454930e-03
  -4.7050852e-05  -1.2429318e-03  -1.3058626e-02  -1.3173728e-03
  -1.0234762e-02   6.4088619e-04   1.2996135e-03  -3.0138178e-03
   9.0874984e-04  -4.9389880e-04   6.0557101e-03  -3.0813754e-03
   9.7845774e-03  -2.1754779e-03   5.8376292e-04  -1.0396362e-03
   3.4275658e-03  -1.8683744e-03   7.3824698e-03  -4.6915026e-04
  -4.2150915e-03  -4.0026968e-04   1.8326364e-02  -2.5559278e-03
   3.2402471e-04  -4.4521166e-04   1.7944077e-02  -2.9274943e-03
   9.3310406e-03  -1.6249386e-03   1.3574016e-02  -1.2235429e-03
   8.5626518e-03  -1.4301901e-03   1.0279604e-02  -5.7048658e-04
   2.3406700e-04   3.7872464e-04   1.7861623e-02  -2.4658511e-03
  -3.9789525e-03   5.0231509e-04   1.5526676e-02  -2.1618421e-03
   2.9402948e-03  -1.0107316e-03   9.1927099e-03  -1.6664201e-03
   5.2004823e-03  -8.6467014e-04   5.6696754e-03  -7.2436765e-04
  -1.3664306e-03   6.7875950e-05   3.8631833e-03  -9.3454669e-04
  -2.6820622e-03   1.0079124e-03   1.7662984e-02  -3.0475966e-03
   2.5467298e-03   7.3826048e-04   1.9929767e-03  -1.2235429e-03
   5.6652639e-03  -9.7702509e-04   1.1130379e-02  -2.8336644e-03
   6.6136613e-04  -2.3173725e-04   1.1002950e-02   3.7419368e-03
  -2.2847489e-03   3.4501816e-04  -4.1771357e-02  -1.1664937e-02
   7.1195802e-03   2.5887936e-04  -1.1451452e-01  -3.9937770e-02
   7.4757560e-04   4.0868596e-04  -1.1113016e-01  -2.2350289e-02
  -1.0422174e-02  -7.2984420e-04  -5.8846830e-02  -8.0918934e-03
  -5.3732970e-03  -1.2092253e-03  -9.8173639e-02  -5.4046043e-03
   2.5167439e-03  -2.1080649e-03  -1.0214267e-01  -2.1393286e-04
   3.0002666e-03  -1.2391866e-03  -7.0645248e-02  -4.1885685e-03
  -5.7893515e-03   3.0756651e-04  -8.3909098e-02   5.2920015e-04
  -1.8949322e-03   2.2933970e-05  -6.8598889e-02  -3.1451797e-03
   3.8586131e-03  -9.0212179e-04  -4.5376845e-02  -3.4566951e-03
  -1.8986804e-03  -1.7185678e-03  -5.3839624e-02   5.4045974e-04
  -4.8073131e-03  -7.7853134e-04  -6.0038665e-02  -2.0342334e-03
  -2.2397701e-03  -8.5717981e-04  -5.0417783e-02  -1.6363945e-03
   4.1398242e-04  -8.6467014e-04  -3.1520826e-02  -3.3741247e-03
   1.9957389e-03  -8.4219915e-04  -3.4447943e-02  -8.0318479e-04
  -4.7434998e-04  -1.4676417e-03  -2.6299988e-02  -1.2348024e-03
  -2.5208879e-03  -3.0289539e-04  -1.4996295e-02  -3.2427628e-03
  -2.2135324e-03  -9.2084761e-04  -2.0640646e-02  -1.7827692e-03
  -5.2682532e-04  -1.3515416e-03  -1.7552369e-02  -1.7339776e-03
   1.0174487e-03  -1.0107316e-03  -1.8399396e-02  -1.1860109e-03
  -2.2510148e-03  -1.1043607e-03  -1.3448408e-02  -2.3419956e-03
  -1.2127529e-03  -1.3436296e-04  -1.1570706e-02  -2.9387539e-03
   1.1037514e-04  -1.0219671e-03  -1.3579585e-02  -1.9704291e-03
   1.8533058e-03  -1.3403061e-03  -1.2743801e-02  -1.5237986e-03
   7.2133794e-04  -1.0556735e-03  -7.1856524e-03  -2.1731017e-03
  -2.6258386e-03  -9.2084761e-04  -6.0238006e-03  -1.9291439e-03
  -1.3700856e-04  -7.8976684e-04  -6.1437337e-03  -1.4149559e-03
   2.3930521e-03  -1.5799966e-03  -4.1498461e-03  -1.6176285e-03
   3.0002666e-03  -9.9949608e-04  -1.7811677e-03  -2.2706848e-03
  -4.6685351e-04  -6.9613771e-04  -4.0193715e-04  -2.5371618e-03
  -1.2314941e-03  -8.0100233e-04  -3.8762488e-03  -1.6589137e-03
   1.5834327e-03  -7.9351200e-04  -3.3590373e-03  -1.7527436e-03
   1.2460913e-03  -7.8602167e-04  -3.3028187e-03  -1.6401477e-03
  -7.8170550e-04  -4.6768265e-04  -1.9685631e-03  -1.9591695e-03
  -7.0299250e-04  -5.5756661e-04  -1.9947985e-03  -2.0267270e-03
   1.1786230e-03  -6.9988288e-04  -3.5539286e-03  -1.6701733e-03
   2.9740290e-03  -7.6729585e-04  -1.2377209e-03  -2.1168037e-03
   6.3138023e-04  -5.6505694e-04  -3.4152560e-03  -1.7302244e-03
  -2.5996009e-03  -3.6281803e-04  -4.3972081e-03  -1.1747513e-03
   7.2892764e-05  -6.3621507e-04  -2.4220601e-03  -1.3886835e-03
   2.4680168e-03  -1.0144767e-03  -3.4864663e-03  -2.1243101e-03
   1.5834327e-03  -5.1636979e-04  -4.4834100e-03  -1.8841055e-03
  -8.3043259e-04  -4.3772133e-04  -6.1999524e-03  -1.1109469e-03
  -4.0313346e-04  -1.0444381e-03  -5.2892105e-03  -1.3061132e-03
   8.8626041e-04  -7.3358936e-04  -5.0081173e-03  -1.9554163e-03
  -3.5065813e-04  -7.1860870e-04  -6.6909284e-03  -1.7039521e-03
  -1.2464870e-03  -9.4331860e-04  -7.2568627e-03  -1.3173728e-03
  -9.0539735e-04  -5.9876342e-04  -6.5934828e-03  -1.8090416e-03
   5.9764608e-04  -5.0887946e-04  -6.1025067e-03  -1.9554163e-03
   1.4785752e-04  -6.6992156e-04  -7.4892331e-03  -1.9554163e-03
  -1.8799392e-03  -5.9127309e-04  -8.3662438e-03  -1.7077053e-03
  -2.6183421e-03  -5.8752793e-04  -6.4548102e-03  -1.7152117e-03
  -6.2053127e-04  -9.4706377e-04  -4.9144196e-03  -2.4283191e-03
  -1.4450504e-04  -9.6953476e-04  -7.2456190e-03  -2.1468293e-03
  -1.2802212e-03  -7.1860870e-04  -8.8609678e-03  -1.4149559e-03
  -9.0539735e-04  -8.4219915e-04  -7.4367623e-03  -1.6363945e-03
  -1.1302916e-03  -9.1335728e-04  -4.2435439e-03  -2.1205569e-03
  -8.4917378e-04  -1.0032412e-03  -4.9294112e-03  -2.2969572e-03
  -8.6791497e-04  -1.0519284e-03  -6.6347098e-03  -1.9253907e-03
  -9.5787269e-04  -8.3096365e-04  -5.0980671e-03  -1.8203012e-03
  -3.5815461e-04  -9.1335728e-04  -3.3965164e-03  -2.4170595e-03
  -1.4825328e-04  -8.6092497e-04  -3.3627853e-03  -2.1693485e-03
  -9.9526184e-05  -1.1418123e-03  -3.8200302e-03  -1.7602500e-03
  -1.7449094e-04  -1.3103448e-03  -3.5276933e-03  -1.7790160e-03
  -2.3821099e-04  -6.9239255e-04  -2.2121772e-03  -1.8353140e-03
  -3.6565108e-04  -7.4482486e-04  -6.9802196e-04  -2.1205569e-03
   4.2906860e-05  -9.7327992e-04  -1.4738391e-03  -1.8690927e-03
   7.0259675e-04  -8.9088629e-04  -1.1590148e-03  -1.7865224e-03
   6.0889080e-04  -7.0737321e-04   1.7828660e-05  -1.9854418e-03
   1.5160576e-04  -7.1111837e-04   4.7132565e-04  -2.0492462e-03
   1.2161986e-04  -8.3470882e-04   2.8018229e-04  -2.0154674e-03
   5.5641547e-04  -5.2760529e-04   5.9875455e-04  -1.7152117e-03
   9.1624631e-04  -6.6617639e-04   1.2396470e-03  -1.9854418e-03
   9.6122517e-04  -5.8752793e-04   1.1009744e-03  -2.0417398e-03
   5.9764608e-04  -3.7030836e-04   7.0369601e-04  -1.7827692e-03
   1.8908814e-04  -6.0250859e-04   3.1766138e-04  -1.6476541e-03
   5.4891899e-04  -4.2274067e-04   1.1534451e-03  -1.4900198e-03
   6.7635908e-04  -6.1748925e-04   2.0117162e-03  -1.4937730e-03
   5.1518485e-04  -6.0625375e-04   1.4757653e-03  -1.3774239e-03
   8.4877803e-04  -3.6281803e-04   1.0485036e-03  -1.5613306e-03
   8.2254036e-04  -6.0625375e-04   1.2696303e-03  -1.6326413e-03
   3.4651414e-04  -4.5644715e-04   1.1834284e-03  -1.5275518e-03
  -1.0327442e-04  -6.8115705e-04   1.1009744e-03  -1.5388114e-03
  -2.0813186e-05  -8.9088629e-04   5.8376292e-04  -1.4524879e-03
   2.9029057e-04  -5.8752793e-04   2.4645111e-04  -1.6251349e-03
   8.4137478e-05  -5.7254727e-04  -1.8455843e-04  -1.5613306e-03
  -8.4533232e-05  -5.0138913e-04  -4.6939951e-04  -1.5275518e-03
  -2.8318985e-04  -5.0513430e-04  -5.2187024e-04  -1.7790160e-03
  -4.5560879e-04  -5.7254727e-04  -7.5798850e-04  -1.5913562e-03
  -2.1572156e-04  -4.7891814e-04  -1.0690650e-03  -1.6514073e-03
  -2.4561424e-05  -3.9652451e-04  -1.4625954e-03  -1.7752628e-03
   5.4244800e-06  -5.6880210e-04  -1.5188140e-03  -1.7527436e-03
  -3.3941342e-04  -8.6841530e-04  -1.8411342e-03  -2.0079610e-03
  -3.2067223e-04  -5.9876342e-04  -1.8561258e-03  -2.0042078e-03
  -4.4061584e-04  -6.6617639e-04  -1.8148988e-03  -1.8578331e-03
  -3.6190284e-04  -1.2354415e-03  -2.2758916e-03  -1.8465736e-03
  -1.0702266e-04  -9.4331860e-04  -2.1859418e-03  -1.7715096e-03
  -5.1183236e-04  -7.7104101e-04  -2.1784460e-03  -1.7715096e-03
  -1.1451914e-04  -1.1193414e-03  -2.3171186e-03  -1.9404035e-03
   9.5382192e-05  -1.0743994e-03  -2.0772525e-03  -1.8991183e-03
   5.4244800e-06  -9.9200575e-04  -2.2758916e-03  -1.9479099e-03
  -1.5949799e-04  -1.1118510e-03  -2.1597065e-03  -2.0379866e-03
  -3.6565108e-04  -1.0893800e-03  -2.1821939e-03  -1.9291439e-03
  -2.0447685e-04  -8.9463146e-04  -2.1372190e-03  -1.9103779e-03
   2.0417432e-05  -9.5455410e-04  -2.0097901e-03  -2.0267270e-03
   4.9269542e-04  -1.0594187e-03  -1.8448821e-03  -2.1393229e-03
   9.1727180e-06  -9.9200575e-04  -1.7249490e-03  -2.0454930e-03
  -3.0942751e-04  -7.7104101e-04  -1.8973528e-03  -2.0229738e-03
   1.0287867e-04  -8.5343464e-04  -1.2377209e-03  -2.1618421e-03
   5.0403336e-05  -1.0182219e-03  -1.0165942e-03  -1.9629227e-03
   2.4165670e-05  -7.1860870e-04  -1.2677041e-03  -2.0079610e-03
  -4.3302614e-05  -9.3208311e-04  -7.1676150e-04  -2.2068805e-03
   3.5410384e-05  -9.9200575e-04  -1.3583561e-04  -2.0229738e-03
  -8.0784994e-05  -6.9239255e-04  -3.7570179e-04  -2.2969572e-03
  -3.0942751e-04  -7.5980552e-04  -1.3208770e-04  -2.1505825e-03
  -1.7823918e-04  -8.3470882e-04   2.2771156e-04  -2.1468293e-03
  -5.8295566e-05  -9.0586695e-04   2.8767811e-04  -2.3232296e-03
   8.7885716e-05  -7.4857002e-04   6.1374619e-04  -1.7527436e-03
   8.4137478e-05  -5.8003760e-04   6.7371273e-04  -1.7264713e-03
   3.9149299e-04  -3.9277935e-04   7.4117510e-04  -1.7827692e-03
   3.0528352e-04  -4.9764397e-04   1.0185204e-03  -1.7902756e-03
  -2.1572156e-04  -7.8976684e-04   1.1234618e-03  -1.8278076e-03
   2.0417432e-05  -5.4633111e-04   1.1309576e-03  -1.8165480e-03
   3.5401061e-04  -5.4633111e-04   1.3858154e-03  -1.8052884e-03
   3.9149299e-04  -5.6880210e-04   1.3258489e-03  -1.8503268e-03
   4.4022009e-04  -3.2536638e-04   1.3520843e-03  -1.7077053e-03
   4.4396833e-04  -5.2760529e-04   1.1272097e-03  -1.5500710e-03
   1.7034695e-04  -7.5606035e-04   6.9994810e-04  -1.8953651e-03
   6.5396288e-05  -5.9501826e-04   9.2107473e-04  -1.8803523e-03
   5.4151574e-05  -5.3884078e-04   9.1732682e-04  -1.8278076e-03
   2.3031876e-04  -7.1860870e-04   4.1135910e-04  -1.7827692e-03
   6.6886261e-04  -6.3246991e-04   4.1885492e-04  -1.9591695e-03
   4.8894718e-04  -4.7142781e-04   2.5769484e-04  -1.9028715e-03
   6.1648050e-05  -6.1374408e-04   7.4047295e-05  -1.7902756e-03
  -1.3316710e-05  -7.8227651e-04   4.7132565e-04  -2.1205569e-03
   5.4151574e-05  -7.0737321e-04  -6.8373247e-05  -1.7452372e-03
  -1.2951209e-04  -6.9613771e-04  -4.2067669e-04  -1.7377308e-03
  -1.7823918e-04  -9.0212179e-04  -4.7314742e-04  -1.9441567e-03
   1.0662691e-04  -9.2084761e-04  -8.2919877e-04  -2.0042078e-03
   1.7034695e-04  -7.2984420e-04  -1.0165942e-03  -2.0605058e-03
   3.1662146e-05  -7.5606035e-04  -1.1440231e-03  -1.9854418e-03
  -1.0702266e-04  -8.8714113e-04  -1.2564604e-03  -2.0454930e-03
  -3.3566518e-04  -9.8077025e-04  -1.8036551e-03  -1.9253907e-03
  -3.7314756e-04  -1.1605382e-03  -1.6949658e-03  -2.0379866e-03
  -9.5777946e-05  -7.6729585e-04  -1.3726456e-03  -2.0980378e-03
  -1.6699447e-04  -3.4409220e-04  -1.9048487e-03  -2.0492462e-03
  -1.8573566e-04  -6.1748925e-04  -1.7474365e-03  -2.0304802e-03
  -3.5440637e-04  -5.1636979e-04  -1.6275034e-03  -2.1468293e-03
  -4.8559470e-04  -5.6505694e-04  -1.6612346e-03  -2.2143869e-03
  -9.5684720e-06  -9.1335728e-04  -1.2939395e-03  -2.1993741e-03
  -3.6939932e-04  -6.5868606e-04  -1.5525452e-03  -2.0304802e-03
  -2.8318985e-04  -6.3246991e-04  -1.0315859e-03  -1.7189649e-03
   2.0408109e-04  -8.6092497e-04  -4.3566833e-04  -1.9291439e-03
  -1.2201561e-04  -8.0100233e-04  -7.7298014e-04  -2.1168037e-03
   3.9158622e-05  -7.2609903e-04  -5.0687860e-04  -2.1693485e-03
   3.1662146e-05  -9.0586695e-04  -1.6956679e-04  -2.0154674e-03
