  -3.0942751e-04  -9.0212179e-04  -1.6956679e-04  -2.1017910e-03
  -2.5695218e-04  -7.8227651e-04  -2.4077706e-04  -2.0830250e-03
  -3.6190284e-04  -9.1335728e-04   6.5849330e-06  -2.0905314e-03
  -4.5560879e-04  -7.2235387e-04   2.5324478e-05  -2.0004546e-03
  -3.8064403e-04  -7.1486354e-04  -9.0860701e-05  -1.9929482e-03
  -5.3057355e-04  -7.8976684e-04  -3.9818924e-04  -1.9516631e-03
  -3.7314756e-04  -8.8339596e-04  -3.7570179e-04  -2.0492462e-03
  -3.7689580e-04  -9.3208311e-04  -2.1454170e-04  -2.1806081e-03
  -4.0688170e-04  -8.8339596e-04  -3.3822270e-04  -2.2631784e-03
  -3.9188875e-04  -9.1335728e-04  -4.2442460e-04  -2.2744380e-03
  -6.2053127e-04  -7.3733453e-04  -3.3072688e-04  -1.9629227e-03
  -4.9683941e-04  -9.3957344e-04  -3.0074361e-04  -2.0980378e-03
  -3.8439227e-04  -9.8826058e-04  -2.7450824e-04  -2.4170595e-03
  -5.6805593e-04  -8.7216047e-04  -1.5082725e-04  -2.2481656e-03
  -3.5440637e-04  -1.0369477e-03  -1.5082725e-04  -2.2444124e-03
  -3.1317575e-04  -1.0669090e-03  -9.0860701e-05  -2.1881145e-03
  -4.3311937e-04  -9.3582827e-04  -2.7450824e-04  -1.9178843e-03
  -3.3191694e-04  -1.0332026e-03  -3.9069342e-04  -2.2181401e-03
  -4.6310527e-04  -9.0961212e-04  -2.5202079e-04  -2.2631784e-03
  -3.7314756e-04  -6.5494090e-04  -3.9444133e-04  -2.0755186e-03
  -3.8064403e-04  -9.9949608e-04  -2.6701242e-04  -2.1693485e-03
  -5.7555241e-04  -9.8826058e-04  -4.9633702e-05  -1.9516631e-03
  -5.3807003e-04  -9.2084761e-04  -1.6581888e-04  -2.0642590e-03
  -2.1197332e-04  -8.8714113e-04  -1.7331470e-04  -2.2631784e-03
  -1.2201561e-04  -8.7590563e-04  -1.4333143e-04  -1.7752628e-03
  -4.8184646e-04  -1.2616576e-03  -1.9205424e-04  -1.5725902e-03
  -4.1812641e-04  -9.0212179e-04  -3.0074361e-04  -1.9479099e-03
  -2.0072861e-04  -5.8378276e-04  -7.9616974e-05  -1.9929482e-03
  -4.4436408e-04  -9.6953476e-04   1.7149293e-04  -1.8653395e-03
  -7.2548193e-04  -9.3957344e-04  -8.3364883e-05  -1.8203012e-03
  -4.9683941e-04  -7.1860870e-04  -1.0585234e-04  -1.8878587e-03
  -3.5440637e-04  -9.8077025e-04  -8.7112792e-05  -1.9291439e-03
  -4.1437818e-04  -1.1230865e-03  -1.8081052e-04  -1.8465736e-03
  -3.9938522e-04  -9.2833794e-04  -5.3381611e-05  -2.0079610e-03
  -4.2562289e-04  -7.7853134e-04  -8.3364883e-05  -2.0079610e-03
  -2.3821099e-04  -8.0849266e-04  -9.8356519e-05  -2.0792718e-03
  -1.5574975e-04  -1.0294574e-03   4.4064023e-05  -2.1843613e-03
  -2.9443456e-04  -7.8976684e-04  -9.0860701e-05  -1.9629227e-03
  -3.8814051e-04  -6.5494090e-04  -2.7825615e-04  -1.8690927e-03
  -2.4195923e-04  -9.3582827e-04  -3.2323106e-04  -2.1505825e-03
  -2.0072861e-04  -7.7104101e-04  -4.2817251e-04  -2.2068805e-03
  -2.9818280e-04  -6.5868606e-04  -2.0329797e-04  -1.9929482e-03
  -2.6070042e-04  -9.2084761e-04  -4.9633702e-05  -2.1505825e-03
  -3.7689580e-04  -9.4706377e-04  -1.8830634e-04  -2.2106337e-03
  -4.3311937e-04  -9.0586695e-04  -1.6207097e-04  -2.1318165e-03
  -3.9938522e-04  -1.0856349e-03  -1.2459188e-04  -1.9741823e-03
  -5.2307708e-04  -9.7327992e-04  -1.1334816e-04  -2.1130505e-03
  -5.4556651e-04  -7.2609903e-04  -2.3328124e-04  -2.4620979e-03
  -2.9818280e-04  -7.9725717e-04  -9.8356519e-05  -2.1655953e-03
  -2.8318985e-04  -8.8339596e-04  -7.2121156e-05  -1.9967014e-03
  -3.7314756e-04  -7.5980552e-04  -3.1948315e-04  -2.1505825e-03
  -4.3311937e-04  -8.2347332e-04  -2.8575197e-04  -2.2819444e-03
  -3.7314756e-04  -8.8339596e-04  -3.3447479e-04  -2.3307360e-03
  -2.3821099e-04  -6.0625375e-04  -2.1079379e-04  -2.2369060e-03
  -4.5186056e-04  -6.6243123e-04  -2.7450824e-04  -2.3044636e-03
  -3.2067223e-04  -8.6841530e-04  -2.8949988e-04  -2.3194764e-03
  -3.0942751e-04  -8.4219915e-04  -1.9650430e-05  -2.2406592e-03
  -4.5560879e-04  -7.8976684e-04  -1.3208770e-04  -2.2068805e-03
  -2.3071451e-04  -7.8976684e-04  -1.6207097e-04  -2.2256465e-03
  -1.8198742e-04  -8.5717981e-04  -2.4827288e-04  -2.1543357e-03
  -3.6190284e-04  -6.2497958e-04  -2.5202079e-04  -2.3157232e-03
  -4.5560879e-04  -5.4633111e-04  -1.1709606e-04  -2.3907871e-03
  -2.4195923e-04  -8.1598299e-04  -6.4625338e-05  -2.0004546e-03
  -2.2696628e-04  -5.9127309e-04   3.6568205e-05  -1.9629227e-03
  -3.5065813e-04  -6.6992156e-04   6.5849330e-06  -2.0454930e-03
  -2.9818280e-04  -9.3208311e-04  -3.0894157e-05  -2.0079610e-03
  -3.0942751e-04  -7.4107969e-04  -5.3381611e-05  -2.0454930e-03
  -3.6565108e-04  -8.2721849e-04  -1.5082725e-04  -2.0605058e-03
  -3.6190284e-04  -8.0474750e-04  -2.5951661e-04  -1.9291439e-03
  -4.7060175e-04  -6.6992156e-04  -4.2137884e-05  -2.0154674e-03
  -3.8439227e-04  -7.9725717e-04   7.4047295e-05  -1.9516631e-03
  -2.0447685e-04  -7.4857002e-04  -1.6956679e-04  -1.7264713e-03
  -5.0058765e-04  -5.4258595e-04  -2.6701242e-04  -2.1092973e-03
  -3.9938522e-04  -8.4968948e-04  -1.5832306e-04  -2.0417398e-03
  -1.7074271e-04  -7.8227651e-04   2.9072387e-05  -1.8728459e-03
  -5.0808413e-04  -5.5007628e-04  -4.6587940e-06  -2.1055441e-03
  -4.1812641e-04  -9.5080893e-04  -3.8389975e-05  -1.9554163e-03
  -2.5320394e-04  -7.9351200e-04  -1.6581888e-04  -2.0642590e-03
  -2.7194513e-04  -8.7216047e-04  -3.5696224e-04  -2.1355697e-03
  -1.5574975e-04  -9.6204443e-04  -2.4452497e-04  -1.9441567e-03
  -3.1692399e-04  -8.1598299e-04  -2.0704588e-04  -2.0642590e-03
  -2.1946980e-04  -6.5868606e-04  -4.2137884e-05  -1.9854418e-03
  -2.9818280e-04  -4.4895682e-04  -1.3958352e-04  -2.1092973e-03
  -4.5935703e-04  -8.9463146e-04  -3.0449151e-04  -2.1993741e-03
  -2.8318985e-04  -9.9949608e-04  -4.9633702e-05  -1.9929482e-03
  -4.0688170e-04  -9.1710245e-04  -2.3328124e-04  -2.1205569e-03
  -4.0313346e-04  -7.2984420e-04  -2.2953333e-04  -1.8578331e-03
  -3.1692399e-04  -7.6355068e-04  -1.0960025e-04  -1.8765991e-03
  -3.8439227e-04  -9.4331860e-04  -4.1318088e-04  -2.0867782e-03
  -5.1558060e-04  -8.2721849e-04  -4.4691206e-04  -1.9854418e-03
  -2.9818280e-04  -8.3096365e-04  -4.8064324e-04  -2.0867782e-03
  -3.8814051e-04  -7.5231519e-04  -4.6190369e-04  -1.9704291e-03
  -5.5306298e-04  -9.8826058e-04  -3.1573524e-04  -2.1205569e-03
  -3.6939932e-04  -7.5231519e-04  -2.7076033e-04  -2.2106337e-03
  -5.6430770e-04  -7.4482486e-04  -2.1828961e-04  -2.0304802e-03
  -2.0447685e-04  -1.1043607e-03  -9.0860701e-05  -2.0567526e-03
  -3.0193104e-04  -1.0069864e-03  -4.9633702e-05  -1.9854418e-03
  -5.3432179e-04  -9.3582827e-04  -2.0329797e-04  -2.1580889e-03
  -3.2067223e-04  -7.8602167e-04  -2.3328124e-04  -2.0605058e-03
  -5.4556651e-04  -9.9949608e-04  -2.1828961e-04  -1.9516631e-03
  -3.0193104e-04  -8.6092497e-04  -3.3447479e-04  -2.3082168e-03
  -3.4316165e-04  -8.6467014e-04  -3.6445806e-04  -2.0642590e-03
  -6.8425131e-04  -9.6953476e-04  -1.6956679e-04  -2.1092973e-03
  -3.9938522e-04  -7.4482486e-04  -2.7450824e-04  -2.3495020e-03
  -2.0072861e-04  -1.0856349e-03  -3.3072688e-04  -1.9816886e-03
  -3.6565108e-04  -9.5080893e-04  -1.3208770e-04  -1.8878587e-03
  -4.2187465e-04  -7.7478618e-04  -1.3208770e-04  -2.0192206e-03
  -5.1932884e-04  -1.0481832e-03  -1.7706261e-04  -1.9891950e-03
  -4.6685351e-04  -8.8339596e-04  -3.0823942e-04  -1.7377308e-03
  -1.8573566e-04  -6.3246991e-04  -2.5951661e-04  -1.8428204e-03
  -1.8573566e-04  -6.8490222e-04  -1.3208770e-04  -1.8728459e-03
  -3.1317575e-04  -7.5606035e-04  -1.7331470e-04  -1.7715096e-03
  -3.7689580e-04  -8.6467014e-04  -2.1454170e-04  -1.8465736e-03
  -3.5065813e-04  -1.0144767e-03  -2.8575197e-04  -1.8090416e-03
  -4.4436408e-04  -9.0586695e-04  -1.8455843e-04  -2.0605058e-03
  -3.5440637e-04  -8.0100233e-04   1.0332842e-05  -2.0942846e-03
  -1.5949799e-04  -8.6841530e-04  -2.2578543e-04  -2.0529994e-03
  -3.6190284e-04  -9.8451542e-04  -3.2323106e-04  -2.2556720e-03
  -4.3686760e-04  -8.1972816e-04  -9.8356519e-05  -2.0417398e-03
  -3.4316165e-04  -6.7366672e-04  -2.7825615e-04  -1.7677564e-03
  -4.7060175e-04  -9.8451542e-04  -1.9580215e-04  -2.1806081e-03
  -4.3686760e-04  -1.0669090e-03   2.8370240e-06  -2.2519188e-03
  -4.4811232e-04  -8.1598299e-04  -3.4197060e-04  -2.0229738e-03
  -4.2937113e-04  -6.5868606e-04  -3.0074361e-04  -2.1092973e-03
  -2.1572156e-04  -8.3845398e-04  -1.9955006e-04  -1.9666759e-03
  -4.0688170e-04  -9.1710245e-04  -3.0449151e-04  -2.1130505e-03
  -3.2067223e-04  -7.8976684e-04  -1.8455843e-04  -2.0830250e-03
  -2.9068632e-04  -8.7216047e-04  -3.1573524e-04  -1.9066247e-03
  -2.3821099e-04  -8.4219915e-04  -2.5202079e-04  -2.1655953e-03
  -2.4561424e-05  -6.8490222e-04  -2.9324779e-04  -2.1731017e-03
  -5.8679712e-04  -8.1972816e-04  -4.1692878e-04  -2.0004546e-03
  -3.7314756e-04  -6.2872474e-04  -2.7146248e-05  -2.0304802e-03
  -1.6324623e-04  -4.3397616e-04  -6.0877429e-05  -2.1393229e-03
  -5.9429360e-04  -9.2833794e-04  -1.7706261e-04  -2.1280633e-03
  -2.5320394e-04  -9.5829926e-04  -6.8373247e-05  -2.0529994e-03
  -3.2816870e-04  -8.9837662e-04  -6.4625338e-05  -2.2444124e-03
  -5.3432179e-04  -7.9351200e-04  -3.8389975e-05  -2.2106337e-03
  -2.8318985e-04  -8.0474750e-04  -1.9955006e-04  -2.1543357e-03
  -2.8318985e-04  -9.9200575e-04  -1.6581888e-04  -2.3082168e-03
  -2.6819689e-04  -7.5231519e-04  -1.2084397e-04  -2.2293996e-03
  -2.7569337e-04  -8.3096365e-04  -2.6701242e-04  -2.3157232e-03
  -4.8559470e-04  -7.7853134e-04  -1.6581888e-04  -2.2106337e-03
  -3.6939932e-04  -8.8339596e-04  -2.2953333e-04  -2.1731017e-03
  -1.2201561e-04  -7.4107969e-04  -1.9205424e-04  -2.3532552e-03
  -2.7194513e-04  -6.4370540e-04  -1.3958352e-04  -2.2293996e-03
  -2.1572156e-04  -9.8826058e-04  -9.8356519e-05  -2.1092973e-03
  -1.5574975e-04  -8.1223783e-04  -3.4642066e-05  -2.0642590e-03
  -8.8281470e-05  -7.5980552e-04  -2.6326452e-04  -2.0454930e-03
  -2.4570747e-04  -6.5494090e-04   3.2820296e-05  -2.0454930e-03
  -3.8064403e-04  -8.1598299e-04   1.6024920e-04  -2.0755186e-03
  -1.6324623e-04  -6.7741189e-04  -1.2154612e-05  -1.9178843e-03
  -2.7944161e-04  -4.4521166e-04  -4.2137884e-05  -1.8615863e-03
  -6.9540280e-05  -1.0182219e-03  -1.0585234e-04  -1.8578331e-03
  -1.9698037e-04  -7.2609903e-04  -5.3381611e-05  -1.9253907e-03
  -3.3566518e-04  -6.5119573e-04  -1.2833979e-04  -2.1017910e-03
  -2.1197332e-04  -1.0743994e-03  -1.6581888e-04  -2.0342334e-03
  -3.4690989e-04  -6.0250859e-04  -2.8949988e-04  -2.0980378e-03
  -3.9554376e-05  -8.1223783e-04  -1.5457515e-04  -2.0192206e-03
  -2.4945570e-04  -1.0519284e-03  -1.1709606e-04  -2.1355697e-03
  -2.9068632e-04  -8.4968948e-04  -2.6326452e-04  -2.2669316e-03
  -1.4450504e-04  -1.0219671e-03   2.8370240e-06  -2.1092973e-03
  -4.3311937e-04  -7.3358936e-04  -1.3208770e-04  -2.0792718e-03
  -3.3191694e-04  -6.8115705e-04  -3.0894157e-05  -1.9741823e-03
  -4.2562289e-04  -8.4219915e-04   1.7828660e-05  -2.1843613e-03
  -3.6939932e-04  -6.8864738e-04  -5.2561815e-04  -2.0905314e-03
  -1.3700856e-04  -6.8490222e-04  -2.5202079e-04  -1.7977820e-03
  -2.6070042e-04  -7.9725717e-04  -8.3364883e-05  -1.9103779e-03
  -3.6939932e-04  -7.2984420e-04  -2.7450824e-04  -2.1130505e-03
  -2.9443456e-04  -7.9351200e-04  -1.2084397e-04  -2.1280633e-03
  -3.2067223e-04  -9.4331860e-04  -1.7706261e-04  -1.9929482e-03
  -4.3311937e-04  -8.2347332e-04  -2.7450824e-04  -2.1505825e-03
  -3.9563699e-04  -8.7590563e-04  -2.5951661e-04  -2.2331528e-03
  -4.0313346e-04  -9.3208311e-04  -1.3958352e-04  -2.1881145e-03
  -3.3191694e-04  -9.7702509e-04  -1.5832306e-04  -2.0004546e-03
  -3.0567927e-04  -8.7590563e-04  -2.2578543e-04  -2.2106337e-03
  -2.5695218e-04  -8.5343464e-04  -7.9616974e-05  -2.4057999e-03
  -2.5695218e-04  -1.0107316e-03  -1.1709606e-04  -2.1205569e-03
  -2.9443456e-04  -8.4968948e-04  -2.5951661e-04  -2.2331528e-03
  -2.4570747e-04  -9.6204443e-04  -3.0449151e-04  -2.1806081e-03
  -2.3071451e-04  -1.1680285e-03  -1.8081052e-04  -2.1881145e-03
  -3.5440637e-04  -1.0481832e-03  -1.7706261e-04  -2.1243101e-03
  -8.4167731e-04  -9.4331860e-04  -3.0449151e-04  -2.0867782e-03
  -5.1558060e-04  -1.2054801e-03  -1.3208770e-04  -2.3119700e-03
   3.8399652e-04  -1.3290706e-03  -9.8356519e-05  -2.2218933e-03
  -5.4547328e-05  -1.1867543e-03  -4.3192042e-04  -2.0942846e-03
  -6.1678303e-04  -8.0100233e-04  -6.2681169e-04  -1.9178843e-03
  -1.8198742e-04  -8.3096365e-04   1.4900547e-04  -2.1843613e-03
  -5.8304889e-04  -1.1380672e-03  -6.0877429e-05  -1.9929482e-03
   8.4137478e-05  -6.0625375e-04  -5.7129520e-05  -1.8165480e-03
  -3.5815461e-04  -1.5537805e-03  -3.3822270e-04  -1.7602500e-03
  -4.5560879e-04  -3.1413088e-04  -5.1437442e-04  -1.9891950e-03
   1.0024558e-03  -1.5275643e-03   9.0233518e-04  -2.1092973e-03
  -1.8761910e-03  -6.6243123e-04  -1.5225619e-03  -1.6063689e-03
   9.9495931e-04  -2.2424692e-04   5.6502337e-04  -2.0942846e-03
  -2.0223723e-03  -2.2691070e-03  -1.0165942e-03  -1.4487347e-03
  -7.7036756e-05   1.2925449e-03   5.6127546e-04  -2.5409150e-03
   9.6122517e-04  -3.8008795e-03   1.0028266e-04  -1.4224623e-03
  -2.9631800e-03   2.4198396e-03  -2.5157578e-03  -2.4170595e-03
   4.4920654e-03  -3.8046247e-03   3.0498870e-03  -2.1806081e-03
  -6.4527896e-03   6.0717971e-04  -4.8769405e-03  -1.1822577e-03
   5.3541601e-03   5.7347322e-04   5.6921629e-03  -3.3065672e-03
  -5.3545559e-03  -7.5797510e-03  -6.4135832e-03   8.4071550e-04
   7.1608108e-03   1.5767608e-02   5.1786994e-03  -6.0876862e-03
  -1.1587885e-01  -5.4536630e-02  -2.9804985e-03   6.7182220e-03
  -1.4994284e-01  -1.1699475e-01   1.0447557e-03   6.0201274e-03
   2.8755525e-01  -1.2069871e-01   1.0803257e-01  -2.5037578e-02
   2.0370342e-01  -1.0130251e-01  -6.9854439e-02  -9.6945085e-03
  -1.4418929e-01  -3.7571032e-02  -2.1603413e-01   8.8838167e-03
  -5.8444599e-02  -1.7789071e-02   4.3538548e-02  -2.0098371e-02
   8.2477998e-03  -2.9908425e-02   1.8838024e-01  -5.6189113e-02
   6.5318472e-02  -7.6569435e-02   1.1377741e-02  -1.4592431e-02
  -1.0823235e-02  -8.2254596e-02  -1.7226230e-01   3.1703254e-02
   1.2008023e-01  -4.9971274e-02   1.1077908e-02  -3.5797994e-02
   1.6153199e-01  -5.0828916e-02   1.9846961e-01  -6.9674350e-02
  -6.9306993e-02  -4.1027820e-02  -5.2868915e-02  -6.0276350e-03
  -3.7285795e-02  -3.3754709e-02  -2.5026379e-01   1.8946138e-02
  -1.1652355e-01  -3.6432502e-02  -1.2227292e-03  -2.7766152e-02
  -1.4877339e-01  -3.5559879e-02   2.1577745e-01  -6.7643870e-02
   3.2701305e-02  -2.9279237e-02   1.9180185e-03  -1.3121177e-02
   1.0048444e-01  -2.4492916e-02  -2.0052903e-01   2.7739878e-02
   4.1033638e-02   1.2550933e-03  -6.9097361e-02  -1.9156318e-02
  -6.3872048e-02   1.6572818e-02   1.1838429e-01  -4.3856108e-02
  -1.3116791e-01  -5.4674779e-03   5.7057256e-02  -2.2185148e-02
  -2.2457766e-02  -2.5219478e-02  -1.0207146e-01   2.2027513e-02
   6.0190882e-02  -4.4570746e-02  -5.1901955e-02   1.3695415e-02
  -6.5247651e-02  -1.7485712e-02   9.6417796e-02  -2.8340391e-02
  -9.9690210e-02   6.7904471e-03   6.9530297e-02  -2.1693479e-02
   4.6476079e-02  -2.2215856e-02  -7.2099436e-02   1.0227461e-02
   7.9685468e-02  -2.4961062e-02  -7.7616358e-02   1.5876023e-02
  -6.6342136e-02  -1.0729435e-02   1.1137875e-02  -5.3520596e-03
  -1.6990220e-01  -6.7895212e-03   6.4384418e-02  -1.4318447e-02
  -6.9835494e-02  -1.5403401e-02   2.0934909e-02  -8.5385238e-03
   1.2487048e-01  -2.4110909e-02  -6.5458142e-02   9.8596479e-03
   5.4238680e-02  -1.1838004e-02  -5.6504387e-02   1.2456860e-02
  -1.1219808e-01   1.1940049e-02   3.6016495e-02  -9.4805763e-03
  -5.6709165e-02   1.1374529e-02   6.0842644e-02  -1.7718844e-02
   7.2919898e-02  -1.2718117e-02  -2.5932693e-02   1.7977807e-03
   6.5142304e-02  -1.4699310e-02  -6.4389988e-02   1.4832634e-02
  -5.9692762e-02   1.0940512e-03   1.4724624e-02  -4.4587987e-03
  -6.8276227e-02   8.4420649e-03   8.0601620e-02  -2.2211420e-02
   3.0733480e-02  -2.5574847e-03   2.9974163e-03  -6.0464010e-03
   6.0303329e-02  -1.0811828e-02  -7.8126074e-02   1.6506560e-02
  -7.6484775e-03  -8.4968948e-04  -1.4138024e-02   4.1923204e-03
  -5.7410085e-02   8.6967361e-03   6.7712561e-02  -1.8030359e-02
  -9.2077445e-03   3.5696052e-03   1.5391751e-02  -7.7653652e-03
   4.6202458e-02  -8.4261583e-03  -6.6218967e-02   1.3924360e-02
   1.5545619e-02  -7.1153505e-03  -2.4564706e-02   5.7911823e-03
  -5.2083839e-02   3.3748566e-03   5.6139018e-02  -1.5091606e-02
  -3.6607364e-02   5.0040034e-03   3.0844380e-02  -1.0062322e-02
   4.3556202e-02  -3.6061309e-03  -4.8989829e-02   9.3980047e-03
   5.0546666e-02  -6.5610661e-03  -3.4024429e-02   7.2586824e-03
  -2.5074036e-02   2.9441627e-03   3.9738168e-02  -1.1315890e-02
  -5.1083059e-02   7.0938055e-03   4.3684716e-02  -1.4145800e-02
   1.3877653e-02  -3.6211116e-03  -1.7893428e-02   1.5050314e-03
   4.6997084e-02  -1.0662022e-02  -3.8994156e-02   8.4859778e-03
  -1.2367509e-02  -1.3515416e-03   8.7954315e-03  -3.0438434e-03
  -4.6412755e-02   8.4270842e-03   3.6811051e-02  -1.1240826e-02
   1.0238114e-02   3.3036985e-03  -6.3273813e-03  -1.7489904e-03
   4.7641781e-02  -6.6322242e-03  -4.0766917e-02   8.0656197e-03
  -5.8005962e-03  -5.3101810e-03  -6.2711626e-03   9.5706460e-04
  -5.7882363e-02   2.3561718e-03   3.7391977e-02  -1.0283760e-02
  -1.3746861e-02   1.8093777e-03   1.3933815e-02  -6.7482488e-03
   4.9077356e-02  -4.4899899e-03  -3.3529705e-02   5.2995135e-03
   2.7502498e-02  -2.8683334e-03  -2.1540144e-02   3.9183370e-03
  -2.9703110e-02   4.0040444e-03   2.6924067e-02  -8.7411964e-03
  -2.7146812e-02   3.3898373e-03   2.9705016e-02  -1.0272501e-02
   2.0545769e-02  -4.8270547e-03  -1.8721716e-02   1.4299674e-03
   2.4964941e-02  -7.7632641e-03  -2.8593709e-02   5.0442961e-03
  -1.7423882e-02   4.6486344e-04   1.2622047e-02  -4.6314457e-03
  -2.5640020e-02   5.8766269e-03   2.2842594e-02  -8.6173409e-03
   1.5594346e-02   8.2814444e-04  -1.4681470e-02  -6.3200000e-10
   2.9451582e-02  -4.8158192e-03  -3.1801919e-02   6.0876849e-03
  -1.2468712e-02  -3.2428499e-03   7.7865419e-04  -1.1259597e-03
  -3.8511469e-02   1.7194937e-03   2.7883532e-02  -8.7336901e-03
  -2.6895586e-03   6.4088619e-04   5.5003174e-04  -3.4454355e-03
   3.5718636e-02  -3.2166338e-03  -2.9373274e-02   4.3874867e-03
   1.5290739e-02  -1.5912321e-03  -8.8684636e-03   8.3696230e-04
  -2.5981110e-02   2.2513071e-03   2.3543453e-02  -7.3975519e-03
  -1.7101534e-02   1.3000352e-03   1.4990725e-02  -6.2790992e-03
   2.0208427e-02  -3.8533118e-03  -1.4614008e-02   1.1785032e-03
   1.8705384e-02  -4.1529250e-03  -1.3437165e-02   1.8690915e-03
  -1.4421544e-02   1.0828157e-03   1.1662582e-02  -4.5939138e-03
  -1.8229753e-02   2.8205722e-03   1.4814573e-02  -6.0989458e-03
   1.1917325e-02  -9.8826058e-04  -1.0551275e-02   1.0133569e-04
   1.8776600e-02  -3.9357054e-03  -1.8710473e-02   2.9237398e-03
  -1.0122315e-02  -1.6024676e-03   4.7964126e-03  -2.1843613e-03
  -2.3859607e-02   1.4985290e-03   1.7363152e-02  -5.9187923e-03
   1.4934750e-03   8.2856610e-05  -1.7137053e-03  -2.3570083e-03
   2.2303692e-02  -2.8421173e-03  -1.5539742e-02   1.9328958e-03
   4.7581903e-03  -1.6623903e-03  -1.7099574e-03  -6.4930371e-04
  -1.7989866e-02   1.5060193e-03   1.6437418e-02  -5.7386388e-03
  -5.9805116e-03   5.9968938e-04   9.5712487e-03  -4.4963306e-03
   1.6490175e-02  -2.5200331e-03  -9.0783465e-03  -2.1768606e-04
   9.3385371e-03  -2.3440103e-03  -6.3198855e-03  -1.6514130e-04
  -1.2862277e-02   5.5474740e-04   1.0819302e-02  -3.7419380e-03
  -1.0418425e-02   1.3786837e-03   9.6537027e-03  -4.6126797e-03
   1.0286841e-02  -1.2878738e-03  -7.6878722e-03  -7.0184847e-04
   1.0680406e-02  -2.6960558e-03  -1.1184671e-02   1.0283753e-03
  -9.0840527e-03  -8.0474750e-04   3.2897532e-03  -2.1205569e-03
  -1.4084202e-02   6.8582817e-04   1.0613167e-02  -4.6239393e-03
   3.6037330e-03  -5.5382144e-04  -1.8111509e-03  -2.3082168e-03
   1.3382886e-02  -2.2878328e-03  -1.0993528e-02   5.9675769e-04
  -1.0327442e-04  -1.0369477e-03  -1.4333143e-04  -1.6851861e-03
  -1.1449191e-02   9.8544137e-04   1.0826798e-02  -4.8003396e-03
  -5.1183236e-04   5.2895290e-05   2.4727091e-03  -3.5242526e-03
   1.1838612e-02  -2.0443971e-03  -8.0064445e-03  -7.9567840e-04
   3.4875376e-03  -1.9844745e-03  -3.0779442e-03  -1.3699175e-03
  -1.0365950e-02   1.0907276e-04   6.6553755e-03  -4.0647130e-03
  -5.2008781e-03   7.3826048e-04   3.0686266e-03  -3.4416823e-03
   9.3685230e-03  -1.1268317e-03  -8.6023620e-03  -4.3537148e-04
   6.8946859e-03  -1.7035871e-03  -8.5498913e-03  -2.1017966e-04
  -8.4805864e-03  -3.9277935e-04   2.9262060e-03  -2.5822002e-03
  -9.1402762e-03   2.8509552e-04   5.1861952e-03  -3.4529419e-03
   5.1967341e-03  -7.1486354e-04  -4.5995952e-03  -1.5350582e-03
   9.0649157e-03  -1.5949773e-03  -7.6728806e-03  -2.8149041e-04
  -2.2847489e-03  -5.8378276e-04   1.1571930e-03  -2.2218933e-03
  -7.8471341e-03  -3.2821850e-06   6.6366360e-03  -3.8620403e-03
   2.0482142e-03  -6.2872474e-04   5.9875455e-04  -2.3457488e-03
   8.6900919e-03  -1.6249386e-03  -5.7089763e-03  -9.8709144e-04
   2.4531171e-04  -1.4526610e-03  -1.2377209e-03  -1.8991183e-03
  -7.7759176e-03  -7.4440320e-05   6.0744496e-03  -3.3028140e-03
  -2.0336170e-03  -9.3166145e-05   1.1122181e-03  -2.8148984e-03
   6.8871894e-03  -1.1118510e-03  -6.1849607e-03  -8.1069118e-04
   2.8615818e-03  -1.3852481e-03  -3.3852727e-03  -8.7449553e-04
  -7.0037806e-03  -2.5420824e-04   3.4808966e-03  -2.6159789e-03
  -4.5599294e-03   2.3640837e-04   3.4734008e-03  -2.7510940e-03
   4.9605951e-03  -1.1680285e-03  -2.8643134e-03  -1.4787603e-03
   4.9868328e-03  -1.9320422e-03  -3.5089537e-03  -1.0508958e-03
  -3.3829827e-03  -7.4482486e-04   3.4284259e-03  -2.3870339e-03
  -5.1109204e-03   3.7914630e-05   5.9245332e-03  -3.2427628e-03
   3.2401539e-03  -7.9725717e-04  -3.1948315e-04  -1.8353140e-03
   5.9238923e-03  -1.4189546e-03  -3.2128689e-03  -9.0452111e-04
  -1.6962756e-03  -9.2833794e-04   1.9704892e-03  -2.1430761e-03
  -5.7406244e-03  -1.1189197e-04   4.5677902e-03  -3.0325838e-03
  -4.4061584e-04  -6.1748925e-04   2.8767811e-04  -2.2106337e-03
   4.5820231e-03  -1.6062128e-03  -3.9811902e-03  -1.0358830e-03
   1.5160576e-04  -1.1455575e-03  -1.6387471e-03  -1.4937730e-03
  -5.2870876e-03  -1.9054044e-04   3.7170148e-03  -2.7098089e-03
  -1.7337580e-03  -3.6281803e-04   1.5582193e-03  -2.3232296e-03
   3.8211308e-03  -1.2766383e-03  -3.7750552e-03  -1.2423088e-03
   2.0369695e-03  -1.4526610e-03  -1.8148988e-03  -1.4524879e-03
  -4.1363785e-03  -6.3621507e-04   3.4996361e-03  -2.8937155e-03
  -3.1468437e-03  -1.8305011e-04   2.8287604e-03  -3.0100646e-03
   3.2551468e-03  -9.8826058e-04  -2.0360255e-03  -1.7527436e-03
   3.7274248e-03  -1.3852481e-03  -2.9954902e-03  -1.6439009e-03
  -1.9399110e-03  -8.6092497e-04   9.2107473e-04  -2.4395787e-03
  -4.4174964e-03  -3.8903418e-04   2.4502216e-03  -2.8261580e-03
   2.2657052e-04  -7.9725717e-04  -2.0135380e-03  -1.9779355e-03
   3.0002666e-03  -1.5837418e-03  -4.7195283e-03  -1.2160365e-03
  -9.6536916e-04  -1.1193414e-03  -9.4538395e-04  -1.9629227e-03
  -3.9639596e-03  -4.5644715e-04   1.3445884e-03  -2.6309917e-03
  -6.3552422e-04  -4.9389880e-04  -1.1627627e-03  -2.0605058e-03
   3.3076222e-03  -1.0069864e-03  -3.1116754e-03  -1.2310492e-03
   9.0125336e-04  -1.2354415e-03  -1.6987137e-03  -1.5650838e-03
  -3.2068155e-03  -7.1111837e-04   1.7193793e-03  -2.4208127e-03
  -1.3851718e-03  -4.7517298e-04   1.2733782e-03  -2.4320723e-03
   2.8690783e-03  -1.0032412e-03  -2.5082620e-03  -1.9253907e-03
   2.1456684e-03  -1.2129705e-03  -2.4108164e-03  -1.5425646e-03
  -2.0186240e-03  -6.5119573e-04   7.2618346e-04  -1.9178843e-03
  -2.3522172e-03  -5.3509562e-04   1.0147725e-03  -2.5596810e-03
   1.0099523e-03  -8.1223783e-04  -1.6612346e-03  -1.9404035e-03
   1.7483552e-03  -9.1335728e-04  -3.0404651e-03  -1.4224623e-03
  -1.1790187e-03  -8.3096365e-04  -4.4691206e-04  -2.0567526e-03
  -2.6408315e-03  -6.7741189e-04   1.5694630e-03  -2.5108894e-03
  -2.0719960e-06  -6.3996024e-04  -4.4316415e-04  -2.2519188e-03
   2.0182283e-03  -9.0586695e-04  -1.8636217e-03  -1.5500710e-03
   1.4036105e-04  -9.8451542e-04   8.5291022e-05  -1.8428204e-03
  -2.0186240e-03  -5.9876342e-04   2.1466410e-03  -2.6647705e-03
  -7.6296431e-04  -5.3884078e-04   1.1684367e-03  -2.4846170e-03
   1.7483552e-03  -9.4706377e-04  -6.6054287e-04  -1.9253907e-03
   9.6872165e-04  -1.1230865e-03  -4.5885793e-05  -1.8465736e-03
  -1.5126119e-03  -5.7254727e-04   1.8805394e-03  -2.3570083e-03
  -1.4226542e-03  -3.9277935e-04   1.6893961e-03  -2.4057999e-03
   6.2763199e-04  -9.1335728e-04  -5.4060978e-04  -1.9479099e-03
   8.7501570e-04  -1.0332026e-03  -9.9410677e-04  -1.8765991e-03
  -1.3177035e-03  -8.3096365e-04   1.0335120e-03  -2.2819444e-03
  -1.8349604e-03  -5.9501826e-04   1.3445884e-03  -2.7360812e-03
   1.7409519e-04  -8.7590563e-04  -2.2203752e-04  -2.2819444e-03
   1.0549311e-03  -1.1155962e-03  -8.3294668e-04  -1.7414840e-03
  -2.2321804e-04  -9.5080893e-04   1.2651802e-04  -2.1881145e-03
  -1.1415363e-03  -9.2833794e-04   1.4457820e-03  -2.5671874e-03
  -1.9698037e-04  -6.0625375e-04   5.8376292e-04  -2.3495020e-03
   1.0849170e-03  -8.0849266e-04  -9.9410677e-04  -2.1017910e-03
   3.8399652e-04  -8.6841530e-04  -7.2121156e-05  -2.4057999e-03
  -1.1677740e-03  -5.4633111e-04   1.1909242e-03  -2.7398344e-03
  -6.0928655e-04  -7.1486354e-04  -3.4642066e-05  -2.4395787e-03
   5.0019190e-04  -9.0586695e-04  -1.6125118e-03  -2.2181401e-03
   2.6405290e-04  -1.1755188e-03  -1.5263098e-03  -2.1655953e-03
  -6.3927246e-04  -8.3470882e-04  -8.3669459e-04  -2.2331528e-03
  -1.0665716e-03  -6.3621507e-04  -2.8949988e-04  -2.5183958e-03
   1.9283638e-04  -6.9613771e-04  -8.1045923e-04  -2.1543357e-03
   8.1129565e-04  -7.0737321e-04  -1.5150661e-03  -1.8991183e-03
  -2.4570747e-04  -7.4107969e-04  -3.0823942e-04  -2.2819444e-03
  -3.0567927e-04  -5.0887946e-04   1.2651802e-04  -2.3982935e-03
   6.5012142e-04  -9.7702509e-04  -1.0728129e-03  -2.2932040e-03
   1.0249452e-03  -7.7104101e-04  -1.0690650e-03  -2.1655953e-03
   3.0153528e-04  -4.6768265e-04  -3.5321433e-04  -2.1618421e-03
  -5.3807003e-04  -8.0100233e-04   9.2786840e-05  -2.2406592e-03
  -2.4570747e-04  -5.2011496e-04  -1.5457515e-04  -2.0004546e-03
   6.0514256e-04  -9.6578959e-04  -1.3726456e-03  -1.7077053e-03
   2.3781524e-04  -1.0107316e-03  -1.0315859e-03  -2.0267270e-03
  -7.4047488e-04  -4.7517298e-04   2.1576569e-05  -2.2293996e-03
  -1.8948390e-04  -8.3845398e-04  -4.3566833e-04  -2.0379866e-03
   3.8399652e-04  -8.7590563e-04  -8.3669459e-04  -1.9441567e-03
  -6.2043804e-05  -6.9613771e-04  -3.0449151e-04  -1.6213817e-03
  -3.8814051e-04  -6.1374408e-04   6.4372946e-04  -1.9103779e-03
  -2.3821099e-04  -7.8602167e-04   8.2737700e-04  -2.2256465e-03
   4.8145071e-04  -8.5717981e-04   2.8018229e-04  -1.9103779e-03
   6.9135203e-04  -6.8864738e-04  -1.3208770e-04  -1.9629227e-03
   3.9158622e-05  -8.7216047e-04   4.5258610e-04  -2.0717654e-03
  -4.3686760e-04  -7.4857002e-04   9.5480591e-04  -2.2481656e-03
