  -2.8309662e-05  -6.3621507e-04   1.4525757e-04  -2.1693485e-03
   5.0019190e-04  -7.3358936e-04  -8.4067030e-06  -1.8465736e-03
   3.9158622e-05  -8.6467014e-04   2.1576569e-05  -1.9216375e-03
  -8.0784994e-05  -7.3733453e-04   7.7795204e-05  -1.8953651e-03
   1.6285048e-04  -4.1899550e-04   3.6638420e-04  -2.2369060e-03
  -2.0813186e-05  -6.9988288e-04   2.4645111e-04  -2.0079610e-03
   1.2536810e-04  -7.5980552e-04  -9.1088500e-07  -1.8203012e-03
   1.6669194e-05  -6.6617639e-04  -1.5902521e-05  -1.9967014e-03
   9.1633954e-05  -1.0219671e-03  -6.8373247e-05  -2.0905314e-03
  -9.5684720e-06  -9.5080893e-04   1.3401384e-04  -2.1693485e-03
  -2.4945570e-04  -5.1262463e-04   1.2277011e-04  -1.9666759e-03
   5.0403336e-05  -5.9501826e-04   1.3401384e-04  -1.9741823e-03
  -3.9554376e-05  -8.0849266e-04   5.5307750e-05  -2.0117142e-03
  -8.8281470e-05  -7.0362804e-04   7.0299386e-05  -2.1693485e-03
   1.3286457e-04  -1.0069864e-03   2.1646784e-04  -2.0605058e-03
   2.0417432e-05  -1.0631639e-03  -9.4608610e-05  -1.9291439e-03
   9.1727180e-06  -7.7853134e-04  -9.4608610e-05  -2.1843613e-03
   1.0662691e-04  -1.0144767e-03  -6.8373247e-05  -2.1806081e-03
  -8.8281470e-05  -8.7216047e-04  -5.7129520e-05  -2.1280633e-03
  -8.8281470e-05  -6.4370540e-04  -1.6581888e-04  -2.1168037e-03
  -4.7050852e-05  -9.2459278e-04  -2.6326452e-04  -2.0417398e-03
  -2.2696628e-04  -9.4706377e-04   8.1543113e-05  -2.0379866e-03
  -9.5684720e-06  -8.1972816e-04  -9.0860701e-05  -2.0229738e-03
  -1.1077090e-04  -7.7853134e-04  -2.3328124e-04  -2.0379866e-03
  -2.0072861e-04  -8.0474750e-04  -3.8389975e-05  -2.1468293e-03
  -1.2951209e-04  -1.0556735e-03   2.1576569e-05  -2.1806081e-03
  -2.7944161e-04  -1.0107316e-03  -1.7331470e-04  -2.2444124e-03
   2.4165670e-05  -8.4219915e-04  -3.5321433e-04  -2.1768549e-03
  -2.1572156e-04  -9.2084761e-04   7.7795204e-05  -2.0980378e-03
  -3.7689580e-04  -8.8339596e-04  -1.2833979e-04  -2.0117142e-03
  -2.5695218e-04  -1.0481832e-03  -4.5440787e-04  -1.8991183e-03
  -4.0688170e-04  -1.0294574e-03  -1.5902521e-05  -2.1430761e-03
  -2.6070042e-04  -8.6092497e-04  -9.4608610e-05  -2.1806081e-03
  -2.9068632e-04  -9.0961212e-04  -2.3702915e-04  -2.1731017e-03
  -1.5200152e-04  -8.6467014e-04  -1.2459188e-04  -2.3157232e-03
   5.7899812e-05  -9.1710245e-04  -1.4333143e-04  -2.0717654e-03
  -4.3302614e-05  -8.9463146e-04  -2.5576870e-04  -2.1168037e-03
  -9.9526184e-05  -8.9088629e-04  -1.8081052e-04  -2.2369060e-03
  -1.1826737e-04  -9.6578959e-04  -5.7129520e-05  -2.0042078e-03
  -2.4195923e-04  -9.5455410e-04  -3.4642066e-05  -2.0529994e-03
  -3.3941342e-04  -9.0586695e-04   3.6568205e-05  -2.1468293e-03
  -2.7194513e-04  -9.6204443e-04  -1.9205424e-04  -2.1393229e-03
  -4.0688170e-04  -1.0893800e-03  -1.6956679e-04  -1.7865224e-03
  -2.6444866e-04  -1.0594187e-03  -7.5869065e-05  -1.6213817e-03
   1.8908814e-04  -8.7965080e-04  -1.9650430e-05  -1.8803523e-03
  -9.5684720e-06  -7.9725717e-04   8.1543113e-05  -1.7940288e-03
  -1.7074271e-04  -9.5829926e-04  -1.0210443e-04  -1.8615863e-03
  -6.9540280e-05  -9.4331860e-04  -1.9205424e-04  -1.8390672e-03
  -6.5792042e-05  -8.3096365e-04  -3.6820597e-04  -1.7077053e-03
  -2.0719960e-06  -8.5343464e-04  -6.4625338e-05  -2.0417398e-03
  -8.4533232e-05  -8.4968948e-04   9.2786840e-05  -2.0229738e-03
  -1.3316710e-05  -7.5231519e-04  -2.4452497e-04  -1.8090416e-03
  -8.4533232e-05  -9.8451542e-04  -8.7112792e-05  -1.9929482e-03
  -2.7569337e-04  -1.1830092e-03  -1.5082725e-04  -2.0454930e-03
  -2.0447685e-04  -8.5717981e-04  -1.9580215e-04  -2.0792718e-03
  -1.6699447e-04  -8.4219915e-04  -1.5832306e-04  -2.2406592e-03
  -1.5574975e-04  -9.5829926e-04  -1.6956679e-04  -2.1655953e-03
  -8.4533232e-05  -1.0931252e-03   7.7795204e-05  -1.9554163e-03
   4.2906860e-05  -9.1710245e-04   2.8370240e-06  -1.9591695e-03
  -8.8281470e-05  -6.4745057e-04  -4.5885793e-05  -2.1468293e-03
  -7.7036756e-05  -8.8339596e-04  -1.2154612e-05  -2.1130505e-03
   1.6762420e-06  -7.4857002e-04  -3.0894157e-05  -2.2106337e-03
  -7.7036756e-05  -8.3845398e-04   3.6568205e-05  -2.2894508e-03
   1.3286457e-04  -9.9575091e-04   2.1576569e-05  -2.0605058e-03
  -9.9526184e-05  -6.7741189e-04   5.5307750e-05  -2.1430761e-03
  -2.0447685e-04  -9.8826058e-04  -1.9650430e-05  -2.2369060e-03
   2.7913908e-05  -9.9200575e-04  -1.8830634e-04  -2.1993741e-03
  -2.0447685e-04  -6.4745057e-04  -9.4608610e-05  -2.2932040e-03
  -1.7449094e-04  -1.0219671e-03   1.3776175e-04  -2.3157232e-03
  -1.2951209e-04  -9.9200575e-04   1.3401384e-04  -2.1243101e-03
  -1.4450504e-04  -7.9725717e-04  -1.4707934e-04  -2.3607615e-03
  -1.2201561e-04  -6.4370540e-04  -1.5082725e-04  -2.5859534e-03
  -2.4570747e-04  -6.9239255e-04  -6.8373247e-05  -2.1430761e-03
  -8.8281470e-05  -1.2728931e-03  -1.7331470e-04  -2.3269828e-03
  -4.3302614e-05  -9.9949608e-04   1.0332842e-05  -2.4057999e-03
  -7.7036756e-05  -7.5231519e-04  -9.1088500e-07  -2.1843613e-03
  -1.6699447e-04  -9.3208311e-04  -4.5885793e-05  -2.4245659e-03
  -2.1572156e-04  -7.8602167e-04   1.0332842e-05  -2.3757743e-03
   4.2906860e-05  -9.1710245e-04  -1.8081052e-04  -2.4320723e-03
  -3.9554376e-05  -1.1193414e-03  -4.5885793e-05  -2.4433319e-03
  -1.1077090e-04  -1.0369477e-03   3.2820296e-05  -2.2744380e-03
   1.9283638e-04  -9.0961212e-04   1.0403057e-04  -2.2331528e-03
   9.9130430e-05  -9.0586695e-04   1.9023247e-04  -2.1505825e-03
  -4.7050852e-05  -7.9351200e-04   5.1559841e-05  -2.2781912e-03
   1.2911633e-04  -6.5868606e-04   9.2786840e-05  -2.2631784e-03
   1.2920956e-05  -6.9988288e-04   4.7811932e-05  -2.2068805e-03
  -7.3288518e-05  -5.9876342e-04   1.7898875e-04  -2.1055441e-03
   3.5410384e-05  -6.2123441e-04   1.6774502e-04  -1.8503268e-03
   2.3781524e-04  -8.1223783e-04  -4.9633702e-05  -2.1543357e-03
   1.5160576e-04  -6.5119573e-04  -4.5885793e-05  -2.2256465e-03
  -2.1946980e-04  -6.9239255e-04  -4.6587940e-06  -2.0267270e-03
   1.8533990e-04  -7.9351200e-04   1.1902220e-04  -2.0680122e-03
   1.4036105e-04  -5.8378276e-04  -1.3583561e-04  -2.0792718e-03
  -2.4945570e-04  -8.2347332e-04  -7.9616974e-05  -2.0454930e-03
  -5.8295566e-05  -9.2833794e-04   1.4150966e-04  -1.8578331e-03
  -2.0813186e-05  -8.5343464e-04  -6.0877429e-05  -2.0605058e-03
   5.4151574e-05  -7.4482486e-04   2.9072387e-05  -1.9741823e-03
  -6.5792042e-05  -5.8003760e-04  -7.5869065e-05  -1.7489904e-03
  -4.7050852e-05  -7.4107969e-04  -4.6587940e-06  -2.0905314e-03
  -3.9554376e-05  -6.8115705e-04  -7.5869065e-05  -1.9178843e-03
  -2.2321804e-04  -7.9725717e-04  -2.9699570e-04  -1.9253907e-03
  -1.5574975e-04  -8.2721849e-04   2.1271993e-04  -2.0642590e-03
  -1.4825328e-04  -6.6243123e-04  -1.2154612e-05  -2.0267270e-03
  -1.3326033e-04  -7.9351200e-04  -2.3328124e-04  -2.1618421e-03
  -1.7449094e-04  -1.0332026e-03   2.9072387e-05  -1.9629227e-03
  -4.7050852e-05  -1.1006155e-03  -1.6956679e-04  -2.0680122e-03
   6.9144526e-05  -6.2872474e-04  -1.0960025e-04  -2.1731017e-03
  -1.9698037e-04  -6.7741189e-04  -2.3328124e-04  -1.9366503e-03
  -3.5815461e-04  -9.0212179e-04  -4.5815578e-04  -1.8991183e-03
  -3.0942751e-04  -8.1223783e-04  -1.6207097e-04  -2.0717654e-03
  -8.0784994e-05  -9.9575091e-04   9.2786840e-05  -2.2369060e-03
   3.5410384e-05  -9.4706377e-04  -1.3583561e-04  -2.1580889e-03
  -2.9818280e-04  -8.5343464e-04  -3.3447479e-04  -2.0492462e-03
  -2.8318985e-04  -8.6841530e-04  -8.4067030e-06  -2.0529994e-03
  -4.7050852e-05  -9.1710245e-04   1.2651802e-04  -2.1881145e-03
  -3.0942751e-04  -9.2833794e-04  -2.2578543e-04  -2.0042078e-03
  -3.0567927e-04  -8.3845398e-04  -2.9324779e-04  -1.7564968e-03
  -1.8573566e-04  -8.8339596e-04  -1.3958352e-04  -1.9891950e-03
  -7.3288518e-05  -1.0406929e-03  -1.9205424e-04  -2.1393229e-03
   2.4165670e-05  -1.0519284e-03  -1.7706261e-04  -2.1580889e-03
  -2.8693808e-04  -8.3470882e-04  -1.7331470e-04  -2.0905314e-03
  -1.2201561e-04  -9.8826058e-04  -1.4333143e-04  -2.1243101e-03
  -2.9818280e-04  -1.1155962e-03  -2.3328124e-04  -2.3082168e-03
  -3.6190284e-04  -9.2459278e-04  -1.3583561e-04  -1.9178843e-03
   2.4531171e-04  -8.8714113e-04   1.3401384e-04  -1.9028715e-03
   5.0403336e-05  -9.5455410e-04   1.4080751e-05  -2.1881145e-03
  -1.7064948e-05  -8.2347332e-04  -1.6956679e-04  -1.7189649e-03
  -8.0784994e-05  -6.8115705e-04  -2.3328124e-04  -1.8465736e-03
  -1.4450504e-04  -9.0961212e-04  -2.1079379e-04  -2.0792718e-03
   1.4785752e-04  -8.3845398e-04  -2.7825615e-04  -1.7377308e-03
  -1.2576385e-04  -5.8003760e-04  -3.0894157e-05  -1.7640032e-03
  -1.7449094e-04  -6.3621507e-04  -3.4642066e-05  -1.9779355e-03
   1.5535400e-04  -7.6729585e-04  -1.4333143e-04  -1.9291439e-03
  -5.8295566e-05  -7.0737321e-04   1.3776175e-04  -1.6889393e-03
  -2.5695218e-04  -7.4857002e-04   2.9072387e-05  -1.9141311e-03
  -6.9540280e-05  -9.4706377e-04  -1.9955006e-04  -2.1768549e-03
  -3.0193104e-04  -8.9463146e-04  -1.1709606e-04  -1.9178843e-03
   1.6669194e-05  -9.3957344e-04   8.1543113e-05  -1.8052884e-03
   2.7904585e-04  -8.8714113e-04  -2.7825615e-04  -2.1693485e-03
  -1.7823918e-04  -8.1972816e-04  -9.0860701e-05  -2.1806081e-03
  -6.5792042e-05  -8.1223783e-04   9.2786840e-05  -2.0379866e-03
  -1.1826737e-04  -7.6729585e-04  -3.8694551e-04  -2.0529994e-03
  -6.5792042e-05  -8.4968948e-04   8.5291022e-05  -1.9929482e-03
   4.6655098e-05  -6.6992156e-04  -3.0894157e-05  -2.3119700e-03
  -1.7074271e-04  -9.3957344e-04  -2.7450824e-04  -2.1580889e-03
  -2.0719960e-06  -1.1567930e-03  -3.0894157e-05  -2.0079610e-03
  -8.8281470e-05  -8.6092497e-04  -2.2578543e-04  -2.2369060e-03
  -3.4316165e-04  -8.8714113e-04  -1.1334816e-04  -2.1618421e-03
  -1.2201561e-04  -7.7853134e-04  -1.3208770e-04  -2.2932040e-03
   2.7913908e-05  -7.7104101e-04   9.2786840e-05  -2.4433319e-03
   8.7885716e-05  -7.6355068e-04  -2.3398339e-05  -2.3119700e-03
  -9.9526184e-05  -8.4594431e-04  -1.9205424e-04  -2.1655953e-03
  -2.5320394e-04  -1.0182219e-03   2.3895529e-04  -2.3119700e-03
   3.9158622e-05  -7.7104101e-04  -1.1334816e-04  -2.3344892e-03
  -1.3700856e-04  -9.3208311e-04  -2.1828961e-04  -2.3269828e-03
  -2.0813186e-05  -1.1006155e-03   5.1559841e-05  -2.3457488e-03
   1.2920956e-05  -1.0182219e-03  -4.5885793e-05  -2.1731017e-03
  -1.5949799e-04  -9.2833794e-04  -6.4625338e-05  -2.2781912e-03
   1.9283638e-04  -8.9463146e-04   2.5324478e-05  -2.3532552e-03
  -1.1451914e-04  -1.0182219e-03   1.1902220e-04  -2.4470851e-03
  -3.5806138e-05  -7.9725717e-04   1.1527429e-04  -2.4283191e-03
   2.4531171e-04  -7.4107969e-04   6.2803568e-05  -2.3157232e-03
  -8.8281470e-05  -7.7104101e-04  -1.2154612e-05  -2.3307360e-03
   1.0287867e-04  -6.7366672e-04  -2.7146248e-05  -2.1468293e-03
   2.5655643e-04  -5.9127309e-04   6.6551477e-05  -2.1505825e-03
   2.3781524e-04  -5.4258595e-04   7.7795204e-05  -2.0942846e-03
   2.7154938e-04  -7.5231519e-04  -6.8373247e-05  -1.9779355e-03
  -1.2576385e-04  -5.8003760e-04  -3.0894157e-05  -1.9629227e-03
  -1.7823918e-04  -5.4633111e-04   1.3401384e-04  -2.0417398e-03
   9.5382192e-05  -8.0474750e-04   7.0299386e-05  -2.2218933e-03
   2.4165670e-05  -7.3358936e-04   1.4150966e-04  -2.0680122e-03
   8.4137478e-05  -7.5231519e-04   1.5650129e-04  -2.1205569e-03
   2.1157757e-04  -6.9988288e-04  -1.9650430e-05  -1.9666759e-03
   9.5382192e-05  -6.2497958e-04  -2.7146248e-05  -1.9066247e-03
   1.7409519e-04  -6.8490222e-04  -8.3364883e-05  -2.1993741e-03
   1.9658462e-04  -7.1486354e-04  -9.8356519e-05  -2.1243101e-03
  -9.5777946e-05  -8.0474750e-04   1.0332842e-05  -2.4470851e-03
  -3.2442046e-04  -8.1972816e-04   3.5139256e-04  -2.2819444e-03
  -3.5815461e-04  -9.9575091e-04   3.4014883e-04  -1.9704291e-03
   5.1893309e-04  -1.0107316e-03   2.9892183e-04  -2.3044636e-03
  -4.1437818e-04  -5.8752793e-04   4.0761120e-04  -2.1168037e-03
  -3.6939932e-04  -7.5980552e-04  -4.6565160e-04  -2.4733575e-03
   2.5280819e-04  -1.0257122e-03   1.4083029e-03  -1.8653395e-03
  -3.5065813e-04  -8.7590563e-04   2.6519065e-04  -2.3457488e-03
   7.3633089e-04  -7.7478618e-04  -7.3924896e-04  -2.1956209e-03
  -2.1310712e-03  -6.2123441e-04   1.2771261e-03  -1.8165480e-03
   2.5092475e-03  -9.7702509e-04  -2.7968510e-03  -2.9462603e-03
  -2.0785958e-03  -1.0144767e-03   3.9081582e-03  -1.1372193e-03
   4.3272361e-04  -8.4594431e-04  -3.5614244e-03  -3.3103204e-03
   4.9644366e-04  -9.5455410e-04   2.7950292e-03  -5.2544821e-04
  -3.3492485e-03  -8.8339596e-04  -1.9955006e-04  -3.2315032e-03
   6.8159729e-03  -1.2316963e-03  -4.5583682e-03  -1.6213817e-03
  -1.0054846e-02  -8.9088629e-04   9.6911818e-03  -1.3136196e-03
   1.1415061e-02  -1.1418123e-03  -1.5164951e-02  -5.1643997e-03
  -1.1273024e-02  -9.3957344e-04   2.0080386e-02   3.3891363e-03
   7.5693688e-03  -1.0743994e-03  -2.2773206e-02  -1.1192034e-02
  -2.2696628e-04  -9.5829926e-04   1.9982940e-02   1.2160358e-02
  -1.2063902e-02  -1.2579125e-03  -5.6489395e-02  -2.6415001e-02
   1.0527094e-01   1.5809226e-03  -5.7726907e-03  -1.5528477e-01
  -1.1262913e-01   9.6330274e-03   3.2824471e-01  -1.4660363e-01
  -1.4333469e-01  -7.3213346e-03   1.8380029e-01  -4.4317751e-02
   1.2543271e-01  -2.1867555e-02   2.7402371e-01  -7.3213615e-02
   1.1572487e-02  -1.0298741e-02   1.1784834e-01  -1.5645202e-01
  -2.5303812e-01   3.4127299e-04  -6.6676212e-02  -4.4227674e-02
  -1.0205160e-01  -1.6744170e-02   3.7575320e-01  -1.2610748e-03
   2.4893715e-01  -6.1345340e-02   3.0796852e-01  -1.0363328e-01
  -1.2398629e-01  -2.0118563e-02  -6.7347088e-02  -4.7766939e-02
  -2.8353004e-01   4.3215922e-02  -8.5775556e-02  -1.1342162e-02
   1.5882951e-01  -1.5414636e-02   6.0381651e-02  -8.8890718e-02
   1.2355859e-01  -5.8787392e-02   6.3848467e-02  -1.0003021e-01
  -1.3494614e-01  -3.2128886e-03   1.7956891e-01  -4.1701772e-02
  -2.2285731e-01   2.1711184e-02   1.4480330e-01  -2.7732373e-02
   7.3272233e-02  -2.1968675e-02   1.3064745e-01  -4.8401229e-02
   1.6030257e-01  -3.5859492e-02  -2.0475738e-02  -2.9286197e-02
  -1.5533280e-01  -2.3964426e-03  -1.4129708e-01  -6.8495852e-03
  -8.0937775e-02   1.6100927e-02   1.8167523e-01  -4.0500749e-02
   8.7103231e-02   4.8504517e-03   1.4138521e-01  -6.4611287e-02
   7.7162904e-02  -6.0442333e-03  -1.4777721e-01   1.9891881e-04
  -1.0148552e-02  -3.6885245e-03  -1.7834516e-01   1.5770933e-02
  -6.2421479e-02   7.8694763e-04   1.3005528e-01  -6.2205488e-02
  -8.2444474e-03  -1.3815029e-03   1.8379280e-01  -6.6011229e-02
  -2.2926296e-02  -6.5273596e-03  -1.3043939e-01   3.9971542e-03
  -8.9415264e-04  -7.0891344e-03  -1.9648504e-01   1.0993113e-02
   7.9835397e-02   2.4764387e-04   5.4995906e-02  -4.1799356e-02
  -2.3630964e-02   1.2853869e-02   1.3749863e-01  -3.9772629e-02
  -1.1840516e-01   8.2323357e-03  -6.1432887e-02   1.3218759e-02
   5.0936482e-02  -1.4497071e-02  -7.1271148e-02   2.2481644e-03
   1.0656783e-01  -1.6665521e-02   6.0246726e-02  -4.3289375e-02
  -8.5862960e-02   8.0338419e-03  -2.5599129e-02  -2.6576389e-02
  -9.9367861e-02   1.4389387e-02  -6.0061153e-02   1.1522308e-03
   1.0375290e-01  -6.8119922e-03  -2.0689369e-02  -4.0909911e-04
   6.7904756e-02  -1.2306149e-02  -6.6507556e-02   1.0021030e-03
  -1.1257290e-01   5.6481718e-03  -1.5614700e-02  -1.0996874e-03
  -7.0611379e-02   9.6068112e-03   1.3870100e-02  -9.9835047e-03
   4.5985060e-02  -6.3700627e-03  -4.4780928e-02  -4.0534591e-04
   6.2795907e-02  -1.0729435e-02  -9.2476818e-02   9.8521415e-03
  -3.1299859e-02   3.0864789e-03  -2.3106770e-02  -3.0588562e-03
  -6.9539383e-02   9.2734915e-03   4.0663902e-02  -1.8090410e-02
   2.6824067e-02  -2.6586042e-03   2.9711810e-03  -1.3038607e-02
   7.4104342e-02  -9.7219854e-03  -5.4094481e-02   4.3161759e-03
  -1.3405771e-02  -1.0257122e-03  -4.5534257e-02   5.7273780e-03
  -6.1982936e-02   7.0001764e-03   1.7363152e-02  -1.1349668e-02
   7.9142067e-03   2.8804949e-03   2.0361479e-02  -1.3781740e-02
   3.1479379e-02  -5.3139262e-03  -7.7136626e-02   1.0790441e-02
  -5.5569607e-03  -5.0929614e-03  -8.9336070e-02   1.5380601e-02
  -2.2862576e-02   9.4798972e-04   3.1230415e-02  -1.5110372e-02
  -1.6471830e-02   3.4422696e-03   3.9558269e-02  -2.0935333e-02
   1.8682988e-03  -2.0219261e-03  -4.9432083e-02   5.4233690e-03
   4.2487954e-02  -6.1191366e-03  -4.4297447e-02   6.2678384e-03
   2.2813453e-02  -5.6880210e-04   3.9067293e-02  -1.4265902e-02
  -4.8238147e-02   5.0227292e-03   2.4975155e-02  -1.0418876e-02
  -2.1104652e-02  -2.6169857e-04  -2.6667283e-02   7.2474228e-03
   4.2817799e-02  -8.4373938e-03  -1.4748933e-02   5.9563230e-03
   7.0970908e-03  -4.2016121e-03   2.0612589e-02  -3.1639457e-03
  -5.2559865e-02   5.2961263e-03   2.4465439e-02  -2.6835365e-03
  -6.4977685e-03   3.4272890e-03   1.6268762e-02  -1.0509015e-04
   5.0527924e-02  -5.4187908e-03   9.6686943e-03   3.1151472e-04
   1.7082397e-02  -3.9731571e-03   2.4746532e-02  -3.1526861e-03
  -3.4939398e-02   4.2811866e-03   4.3055068e-02  -6.0388946e-03
  -1.2318782e-02   3.0153208e-03   2.8160877e-02  -4.2448664e-03
   3.9950397e-02  -4.3326929e-03   4.6764795e-03   1.9516561e-04
   1.2048513e-02  -3.7035052e-03  -1.0607493e-02   4.2260992e-03
  -4.4572370e-02   1.8393390e-03   9.1927099e-03   1.8916107e-03
  -2.4298151e-02   6.0343454e-04   2.7943499e-02  -4.0234278e-03
   3.0362404e-02  -4.0705314e-03   1.8318868e-02  -3.3853843e-03
   1.6868747e-02  -3.4825405e-03  -9.4943644e-03   3.9596222e-03
  -2.1104652e-02   1.0865608e-03   8.7991794e-03   1.3961887e-03
  -5.8418268e-03   1.7719260e-03   4.6143345e-02  -9.3942527e-03
   1.7284802e-02  -1.4526610e-03   2.6335646e-02  -5.9413115e-03
   7.7830183e-03  -2.4338943e-03  -1.9673685e-02   5.9563230e-03
  -3.5291640e-03  -8.6092497e-04  -2.2871354e-03   2.0229726e-03
  -7.2811502e-03   9.2177357e-04   3.0649489e-02  -8.1744637e-03
  -1.1996434e-02   1.1352480e-03   1.3776175e-04  -2.3907871e-03
   6.1412901e-03  -1.2691480e-03  -2.9909225e-02   5.3858371e-03
   1.6505168e-02  -2.4526201e-03  -1.1551966e-02  -4.7290345e-04
  -7.7047011e-03   5.8096355e-04   1.0744344e-02  -7.5739522e-03
  -1.6411858e-02   1.8093777e-03  -4.8656968e-03  -4.6126797e-03
   6.1937654e-03  -1.5088385e-03  -2.4961985e-02   4.0534464e-04
   1.9781128e-02  -3.3252435e-03  -2.0160913e-02  -2.7360812e-03
  -6.2278953e-03  -7.5606035e-04  -4.8769405e-03  -6.3541632e-03
  -2.2922547e-02   1.5397258e-03  -9.5280956e-03  -4.4663051e-03
   3.6637048e-03  -1.6361741e-03  -2.3605242e-02  -5.1794182e-04
   1.7007432e-02  -4.3102219e-03  -2.5467953e-02   7.9943033e-04
  -6.2802774e-04  -1.0294574e-03  -4.2885188e-03  -3.6818869e-03
  -1.5737175e-02   2.1951297e-03  -2.2758916e-03  -4.8378716e-03
  -3.7877924e-03   8.2439928e-04  -1.9002810e-02  -6.5305691e-04
   1.8248099e-02  -2.7559785e-03  -1.7702285e-02  -6.7182289e-04
   7.6068511e-03  -2.4001878e-03  -5.8813801e-03  -4.2823984e-03
  -1.6404361e-02   8.5061543e-04  -4.2472918e-03  -4.9241951e-03
  -1.0905696e-02   5.2478608e-04  -1.5438548e-02  -2.1130505e-03
   1.2588259e-02  -2.3814620e-03  -2.0067216e-02  -1.2648280e-03
   1.1594976e-02  -2.5837009e-03  -1.2923701e-02  -2.9312475e-03
  -1.2809801e-02   2.5513420e-04  -5.7502033e-03  -3.2164905e-03
  -1.2521187e-02   1.0453640e-03  -6.5297684e-03  -2.3532552e-03
   1.0129415e-02  -1.5837418e-03  -7.1744087e-03  -1.5012794e-03
   1.1325103e-02  -2.6885655e-03  -6.2074482e-03  -1.1184533e-03
  -9.5600789e-03  -4.1525034e-04   3.9194019e-03  -1.7039521e-03
  -1.1003151e-02   4.4239245e-04   1.2730736e-02  -3.1789585e-03
   7.6105994e-03  -1.6960968e-03   1.1329018e-02  -2.4620979e-03
   9.2560759e-03  -2.7409978e-03   5.3960781e-03   2.1768479e-04
  -3.3380038e-03  -1.2204608e-03   1.2464634e-02  -6.4555052e-04
  -7.4160868e-03  -1.9054044e-04   2.3910749e-02  -3.7231721e-03
   2.4867580e-03  -9.8451542e-04   2.0781245e-02  -3.2052309e-03
   8.5701483e-03  -1.7972162e-03   6.8802500e-03   3.0400833e-04
   6.0139432e-04  -1.4826224e-03   6.7115941e-03   1.2385487e-04
  -6.3403425e-03  -3.8528902e-04   1.6699772e-02  -2.9087283e-03
  -3.6453593e-03  -4.3397616e-04   1.1902448e-02  -2.6234853e-03
   2.1569131e-03  -1.5125837e-03   1.0072766e-03   1.4262085e-04
   2.8728266e-03  -1.4301901e-03   4.7514377e-03  -5.3295461e-04
  -7.2923017e-04  -4.8266331e-04   2.0027915e-02  -4.4550455e-03
  -2.8244952e-03   2.0270189e-04   1.5151885e-02  -3.7156657e-03
   1.2873219e-03  -2.3922758e-04  -8.5168623e-04   7.7691115e-04
   5.2004823e-03  -1.3065996e-03  -1.8336384e-03   9.9084338e-04
   6.9884851e-04  -9.8077025e-04   1.3364133e-02  -3.1752053e-03
  -5.7481208e-03   2.1768255e-04   1.6253770e-02  -4.4437859e-03
  -3.1543402e-03   2.5138903e-04   2.1916159e-03  -1.1634917e-03
   6.6060716e-03  -7.9351200e-04  -3.2578438e-03  -4.7665665e-04
   5.9501299e-03  -8.1223783e-04   4.5977735e-03  -3.1339201e-03
  -4.8447955e-03   3.5625365e-04   5.1786994e-03  -3.4266695e-03
  -4.8560402e-03  -1.9428560e-04  -3.6438784e-03  -1.8428204e-03
   5.0205669e-03  -2.1604972e-03  -8.2275711e-03  -1.8015352e-03
   2.8465889e-03  -1.8571389e-03  -6.5709954e-03  -2.8148984e-03
  -8.3981251e-03   3.0424300e-05  -6.1774649e-03  -3.4116567e-03
  -5.1971299e-03   1.9146639e-04  -1.0330148e-02  -2.9912986e-03
   5.5528167e-03  -1.1717737e-03  -1.4569033e-02  -1.7752628e-03
   4.1472275e-03  -1.6736258e-03  -1.4910093e-02  -1.8878587e-03
  -5.3170735e-03  -6.5494090e-04  -6.6347098e-03  -3.1939713e-03
  -5.4070312e-03  -2.6544374e-04  -2.9317757e-03  -3.9896490e-03
   5.6802568e-03  -1.1867543e-03  -5.9863216e-03  -3.4416823e-03
   5.8226899e-03  -1.2766383e-03  -1.2503935e-02  -1.8615863e-03
  -5.8830574e-03  -7.4440320e-05  -1.4419117e-02  -1.0358830e-03
  -7.0000323e-03   6.7875950e-05  -7.0994505e-03  -2.2181401e-03
   4.3271429e-03  -1.1680285e-03  -1.6949658e-03  -4.1172577e-03
   7.4119428e-03  -1.1830092e-03  -7.5529475e-03  -3.0363370e-03
  -2.9294459e-03   2.4015354e-04  -1.5202430e-02  -9.8333825e-04
  -5.0509486e-03   4.4988278e-04  -1.1117209e-02  -2.0717654e-03
   1.9095294e-03  -1.0144767e-03  -3.5501807e-03  -4.0572066e-03
   1.2123571e-03  -1.6736258e-03  -6.7846262e-03  -3.3215800e-03
  -3.5928840e-03  -1.3552868e-03  -1.0914822e-02  -1.6026158e-03
  -1.2614800e-03  -9.8077025e-04  -4.7120325e-03  -2.6647705e-03
   3.5999847e-03  -4.6768265e-04  -5.1062651e-04  -3.4003971e-03
   1.3435454e-03  -4.0776001e-04  -3.9437112e-03  -1.3736707e-03
  -1.5950731e-03  -8.2721849e-04  -4.5396287e-03  -5.5922698e-04
  -5.9054536e-04  -1.3328158e-03   5.2424138e-03  -2.1693485e-03
  -1.5950731e-03  -1.4601514e-03   9.7698879e-03  -2.8824559e-03
  -2.3784549e-03  -1.2728931e-03   5.8570709e-03  -1.2685812e-03
   1.6883833e-03  -8.2721849e-04   7.1163683e-03  -9.0076791e-04
   4.5145548e-03  -6.5119573e-04   1.2963106e-02  -2.5634342e-03
   1.6021739e-03  -4.8640847e-04   1.3424099e-02  -2.4846170e-03
  -4.4061584e-04   6.0385620e-05   9.7848795e-03  -1.3736707e-03
   1.1036582e-03  -6.5494090e-04   7.7610087e-03  -1.2460620e-03
   2.6030466e-04  -1.0893800e-03   9.2301890e-03  -1.8127948e-03
  -2.7495304e-03  -5.8003760e-04   8.6342715e-03  -2.1881145e-03
  -2.5696150e-03  -6.0625375e-04   4.3204282e-03  -1.3961899e-03
  -5.6805593e-04  -8.5717981e-04   2.3415322e-03  -9.0827431e-04
   1.0811688e-03  -9.9575091e-04   6.2168701e-03  -1.7152117e-03
   1.3360490e-03  -8.1598299e-04   1.1505170e-02  -2.8636899e-03
  -3.7689580e-04  -5.1636979e-04   9.0278019e-03  -2.7961324e-03
   5.6016370e-04  -4.9764397e-04   4.5602944e-03  -1.4449815e-03
   1.5909292e-03  -8.1598299e-04   2.9337019e-03  -1.1297129e-03
  -1.4114095e-03  -6.3996024e-04   4.6165130e-03  -1.5800966e-03
  -3.2442979e-03  -6.7741189e-04   4.8413875e-03  -1.8841055e-03
  -1.1265434e-03  -1.0594187e-03   2.5326756e-03  -1.6814329e-03
   1.2610842e-03  -1.0818897e-03   1.3595801e-03  -1.3736707e-03
   5.7140842e-04  -1.0556735e-03   2.0117162e-03  -2.0717654e-03
  -1.1452846e-03  -6.9239255e-04   2.0641870e-03  -2.1393229e-03
  -2.7569337e-04  -7.3733453e-04  -1.0960025e-04  -1.9253907e-03
   1.6284115e-03  -1.2167156e-03  -2.1259753e-03  -2.0830250e-03
   2.9029057e-04  -1.1493027e-03  -3.0217255e-03  -2.0605058e-03
  -2.0561064e-03  -6.2497958e-04  -3.5464328e-03  -2.2556720e-03
  -1.2389905e-03  -6.2872474e-04  -5.8101698e-03  -2.0680122e-03
   1.1748747e-03  -8.4594431e-04  -8.2275711e-03  -1.9066247e-03
  -2.0813186e-05  -8.6092497e-04  -8.5461434e-03  -1.5538242e-03
  -2.1648053e-03  -9.3957344e-04  -5.4803538e-03  -1.8916119e-03
   1.8908814e-04  -7.1486354e-04  -2.3433540e-03  -3.0100646e-03
   2.0107318e-03  -7.3733453e-04  -4.2060648e-03  -2.6572641e-03
   2.2581155e-03  -6.8490222e-04  -7.2681064e-03  -2.2481656e-03
   8.5627451e-04  -2.4671791e-04  -8.1076381e-03  -2.0867782e-03
  -2.3522172e-03  -5.2386012e-04  -8.7447826e-03  -1.5725902e-03
  -2.4946503e-03  -1.2991093e-03  -7.0507277e-03  -1.7302244e-03
  -5.9054536e-04  -1.5125837e-03  -4.6183348e-03  -2.5334086e-03
   6.4637318e-04  -1.0818897e-03  -3.0292214e-03  -2.9124815e-03
   9.5372869e-04  -5.0887946e-04  -3.9661986e-03  -2.3419956e-03
   1.5047197e-03  -3.5532770e-04  -6.1324900e-03  -2.0454930e-03
   1.4035173e-03  -5.9501826e-04  -6.9120551e-03  -1.9891950e-03
  -7.3672664e-04  -1.0219671e-03  -6.4173311e-03  -2.3419956e-03
  -2.8132505e-03  -1.2991093e-03  -4.7570074e-03  -2.7811196e-03
  -2.2660077e-03  -1.0519284e-03  -4.5958473e-03  -2.7323280e-03
   4.8894718e-04  -9.0212179e-04  -4.9743861e-03  -2.6947961e-03
   1.6958798e-03  -5.7629243e-04  -4.7532595e-03  -2.2669316e-03
   8.8626041e-04  -1.9428560e-04  -2.7631198e-03  -2.2856976e-03
   1.8908814e-04  -4.5270199e-04  -2.5202079e-04  -2.4921234e-03
  -2.6070042e-04  -9.9949608e-04   1.5020006e-03  -2.3082168e-03
  -6.8799955e-04  -1.3103448e-03   2.6151296e-03  -2.1806081e-03
  -8.7915969e-04  -8.7590563e-04   4.7177065e-03  -2.3082168e-03
  -4.4436408e-04  -6.9613771e-04   6.5279466e-03  -2.3269828e-03
   8.2254036e-04  -9.4331860e-04   6.6628713e-03  -1.9216375e-03
   1.0549311e-03  -9.0961212e-04   7.0976288e-03  -1.8390672e-03
   7.2892764e-05  -9.5829926e-04   8.0495976e-03  -1.8278076e-03
  -3.2816870e-04  -6.3246991e-04   8.8029274e-03  -1.8991183e-03
  -7.6671255e-04  -6.0625375e-04   7.1650911e-03  -2.0830250e-03
  -1.7823918e-04  -8.9463146e-04   5.4448009e-03  -2.0117142e-03
   3.8024828e-04  -5.9501826e-04   5.4448009e-03  -2.0079610e-03
  -6.4676893e-04  -4.0026968e-04   4.6277567e-03  -2.1243101e-03
  -8.3418083e-04  -3.9277935e-04   4.1929993e-03  -1.8278076e-03
   6.1638727e-04  -8.1598299e-04   5.6996587e-03  -1.9328971e-03
   2.0144800e-03  -1.0219671e-03   8.0758330e-03  -2.7661068e-03
   1.7784343e-04  -7.3358936e-04   7.3637303e-03  -2.5259022e-03
  -1.0628233e-03  -7.4857002e-04   4.2979407e-03  -1.7527436e-03
   8.7501570e-04  -6.8864738e-04   3.9081582e-03  -1.3661643e-03
   6.5386965e-04  -7.4482486e-04   3.5296194e-03  -1.5087858e-03
