  -2.2696628e-04  -6.0625375e-04  -6.0877429e-05  -2.1655953e-03
   5.4244800e-06  -7.7478618e-04  -2.9324779e-04  -2.2594252e-03
  -2.2321804e-04  -8.8714113e-04   1.0332842e-05  -2.0492462e-03
  -2.2321804e-04  -7.5980552e-04   4.4064023e-05  -2.0567526e-03
  -2.0072861e-04  -1.1043607e-03   5.1559841e-05  -2.2932040e-03
  -1.4075680e-04  -9.0212179e-04   7.4047295e-05  -2.1130505e-03
   1.4785752e-04  -7.4482486e-04  -9.0860701e-05  -2.1355697e-03
  -3.5065813e-04  -9.8077025e-04   7.4047295e-05  -2.0454930e-03
  -1.5574975e-04  -9.2833794e-04  -3.8389975e-05  -2.0117142e-03
   1.0662691e-04  -8.4219915e-04  -1.0585234e-04  -2.1693485e-03
  -2.3821099e-04  -9.2084761e-04  -1.0585234e-04  -2.0192206e-03
   1.0662691e-04  -9.6204443e-04  -1.1334816e-04  -2.1393229e-03
  -1.1451914e-04  -7.9351200e-04   6.5849330e-06  -2.0004546e-03
  -2.5695218e-04  -8.0474750e-04  -1.5902521e-05  -2.0755186e-03
  -5.0799090e-05  -9.1335728e-04  -3.0894157e-05  -2.3194764e-03
  -7.3288518e-05  -8.4594431e-04  -4.6587940e-06  -2.1017910e-03
  -4.7050852e-05  -7.8602167e-04   8.1543113e-05  -2.4095531e-03
  -1.4825328e-04  -8.3845398e-04  -1.4707934e-04  -2.2331528e-03
   1.1412338e-04  -8.1598299e-04  -2.7825615e-04  -1.9891950e-03
  -1.1077090e-04  -7.8976684e-04   5.5307750e-05  -2.0417398e-03
  -2.1572156e-04  -1.0743994e-03  -1.9650430e-05  -2.0304802e-03
   1.2911633e-04  -8.6841530e-04  -2.0329797e-04  -2.3495020e-03
  -2.0822509e-04  -7.7104101e-04  -1.8081052e-04  -2.0342334e-03
  -2.8318985e-04  -1.0781445e-03  -1.3958352e-04  -2.1318165e-03
  -1.3700856e-04  -7.9351200e-04   6.2803568e-05  -2.2106337e-03
   1.2920956e-05  -7.6355068e-04  -1.2154612e-05  -1.9666759e-03
   4.6655098e-05  -6.0625375e-04   2.9072387e-05  -2.1731017e-03
   1.0287867e-04  -3.8903418e-04   1.1152638e-04  -1.8127948e-03
   2.9029057e-04  -7.1111837e-04  -1.1334816e-04  -1.8278076e-03
  -8.8281470e-05  -6.9613771e-04  -4.2137884e-05  -1.8353140e-03
  -1.7064948e-05  -7.4857002e-04   6.2803568e-05  -1.8540799e-03
   2.1157757e-04  -7.9725717e-04   4.0316114e-05  -2.1168037e-03
  -2.4561424e-05  -6.8490222e-04  -9.0860701e-05  -1.8540799e-03
   3.1662146e-05  -9.3582827e-04   1.4080751e-05  -1.9028715e-03
   3.5410384e-05  -8.4968948e-04   1.8648456e-04  -1.9066247e-03
  -1.2576385e-04  -5.6880210e-04  -2.1079379e-04  -1.9366503e-03
  -2.4570747e-04  -6.9239255e-04   2.9072387e-05  -2.1843613e-03
  -3.3941342e-04  -7.8976684e-04   3.2890511e-04  -2.1205569e-03
  -1.2576385e-04  -8.7216047e-04  -2.9324779e-04  -1.8953651e-03
   1.2536810e-04  -7.4482486e-04  -2.7076033e-04  -1.9554163e-03
  -8.0784994e-05  -9.2459278e-04  -1.7331470e-04  -2.1243101e-03
  -9.9526184e-05  -1.1155962e-03  -1.9650430e-05  -2.0192206e-03
  -4.7050852e-05  -6.8115705e-04   1.5650129e-04  -2.0792718e-03
  -2.1197332e-04  -8.6467014e-04  -3.6445806e-04  -2.0304802e-03
   5.4151574e-05  -9.4331860e-04  -1.5832306e-04  -1.9779355e-03
  -2.8309662e-05  -8.8714113e-04  -3.0894157e-05  -1.9967014e-03
  -4.1437818e-04  -9.1710245e-04  -8.3364883e-05  -1.8728459e-03
  -2.6819689e-04  -7.1860870e-04   1.2277011e-04  -1.9366503e-03
  -4.3302614e-05  -8.8714113e-04   6.2803568e-05  -2.1318165e-03
  -1.1077090e-04  -7.7104101e-04   2.1576569e-05  -2.3457488e-03
  -4.2562289e-04  -6.3621507e-04  -1.6207097e-04  -2.0267270e-03
  -2.8318985e-04  -8.1223783e-04  -2.1079379e-04  -1.9629227e-03
   1.6669194e-05  -9.4706377e-04  -2.9324779e-04  -2.1693485e-03
  -2.4945570e-04  -1.0332026e-03  -2.1454170e-04  -2.0117142e-03
  -3.4690989e-04  -1.0332026e-03   4.0316114e-05  -2.3344892e-03
  -2.0447685e-04  -9.2833794e-04  -1.6207097e-04  -2.0642590e-03
  -2.6444866e-04  -9.7327992e-04  -1.8455843e-04  -1.8953651e-03
  -2.5695218e-04  -9.0586695e-04  -2.2578543e-04  -2.3044636e-03
  -2.6444866e-04  -6.0625375e-04  -3.0449151e-04  -2.1017910e-03
  -3.3941342e-04  -1.0406929e-03   4.4064023e-05  -2.2519188e-03
  -4.1062994e-04  -1.0743994e-03  -1.9205424e-04  -2.2706848e-03
  -4.0688170e-04  -5.5382144e-04  -3.5321433e-04  -1.9328971e-03
  -1.7449094e-04  -9.5829926e-04  -1.6581888e-04  -2.1393229e-03
  -2.4570747e-04  -8.9463146e-04  -2.4452497e-04  -2.1580889e-03
  -2.8318985e-04  -7.1486354e-04  -1.5082725e-04  -1.9967014e-03
  -1.9698037e-04  -1.0706542e-03  -1.2833979e-04  -2.2218933e-03
  -2.4945570e-04  -6.9239255e-04  -1.9650430e-05  -2.0117142e-03
  -4.3302614e-05  -7.8227651e-04  -3.0894157e-05  -2.0079610e-03
  -1.4075680e-04  -1.1343220e-03  -2.2578543e-04  -2.0492462e-03
  -2.1946980e-04  -8.6467014e-04  -1.8081052e-04  -1.6664201e-03
  -2.8309662e-05  -7.8976684e-04  -1.9205424e-04  -1.9704291e-03
   6.5396288e-05  -8.4594431e-04  -9.0860701e-05  -1.8878587e-03
   4.6655098e-05  -8.6841530e-04   1.3776175e-04  -1.8090416e-03
   1.6762420e-06  -9.0961212e-04  -6.4625338e-05  -1.9704291e-03
   6.1648050e-05  -9.2459278e-04  -1.5082725e-04  -1.8615863e-03
  -2.4570747e-04  -7.2609903e-04   8.5291022e-05  -2.0942846e-03
  -2.3446275e-04  -7.8602167e-04  -2.7146248e-05  -1.8953651e-03
  -1.1451914e-04  -7.5980552e-04   5.1559841e-05  -1.8465736e-03
  -3.0942751e-04  -6.9239255e-04  -9.4608610e-05  -2.0905314e-03
  -2.8309662e-05  -8.3845398e-04  -3.7944969e-04  -1.9516631e-03
  -2.8309662e-05  -7.1860870e-04  -2.5202079e-04  -1.8653395e-03
  -5.0799090e-05  -9.8451542e-04  -5.2561815e-04  -2.0830250e-03
  -2.2321804e-04  -9.3208311e-04  -2.7825615e-04  -2.0867782e-03
  -4.2187465e-04  -6.9988288e-04   8.5291022e-05  -1.9666759e-03
  -1.4450504e-04  -9.2084761e-04  -1.6956679e-04  -2.1843613e-03
  -2.4945570e-04  -9.2084761e-04  -2.3398339e-05  -1.9854418e-03
  -7.3288518e-05  -8.2347332e-04  -8.4067030e-06  -2.0304802e-03
  -1.5949799e-04  -8.0100233e-04  -7.9616974e-05  -2.0792718e-03
  -2.6819689e-04  -8.2347332e-04   1.2651802e-04  -1.8278076e-03
   1.0662691e-04  -8.0100233e-04  -1.8081052e-04  -2.1731017e-03
  -2.0447685e-04  -8.8339596e-04  -3.0823942e-04  -1.9516631e-03
  -4.7060175e-04  -8.3096365e-04   5.1559841e-05  -1.9178843e-03
  -8.8281470e-05  -6.0625375e-04  -1.8081052e-04  -2.2031273e-03
   6.1648050e-05  -7.2235387e-04  -1.9580215e-04  -1.8916119e-03
  -2.6070042e-04  -8.3845398e-04   7.4047295e-05  -2.1130505e-03
  -1.1826737e-04  -5.8752793e-04  -3.8389975e-05  -2.2444124e-03
  -1.1077090e-04  -6.5119573e-04   2.9072387e-05  -2.1731017e-03
  -1.5574975e-04  -9.5829926e-04  -4.9633702e-05  -2.4283191e-03
  -3.5806138e-05  -9.0586695e-04  -5.3381611e-05  -2.1580889e-03
  -2.1197332e-04  -9.6953476e-04   5.1559841e-05  -1.9816886e-03
   1.1787162e-04  -9.8077025e-04  -9.0860701e-05  -2.2181401e-03
   9.1727180e-06  -7.4107969e-04  -4.6587940e-06  -2.0755186e-03
  -3.3566518e-04  -7.5980552e-04  -1.9650430e-05  -2.0454930e-03
  -1.6324623e-04  -7.7104101e-04  -1.2154612e-05  -2.3682679e-03
  -9.5777946e-05  -6.2497958e-04   1.2651802e-04  -2.2556720e-03
  -7.7036756e-05  -8.2347332e-04  -4.5885793e-05  -2.0492462e-03
   8.4137478e-05  -6.8115705e-04   7.4047295e-05  -2.1430761e-03
   1.6285048e-04  -4.3772133e-04   3.3640092e-04  -2.0229738e-03
   7.2892764e-05  -7.0737321e-04   1.0028266e-04  -1.9479099e-03
   2.0033286e-04  -6.6243123e-04   1.0403057e-04  -1.9253907e-03
   2.7904585e-04  -7.5231519e-04   2.2396365e-04  -1.9178843e-03
   1.2911633e-04  -7.6729585e-04   9.2786840e-05  -2.0079610e-03
  -9.9526184e-05  -6.4745057e-04   4.7811932e-05  -1.9516631e-03
  -2.8309662e-05  -7.8976684e-04  -5.3381611e-05  -1.8390672e-03
   9.9130430e-05  -6.4370540e-04   9.6534749e-05  -1.8390672e-03
   1.0662691e-04  -6.5494090e-04   1.7828660e-05  -1.9741823e-03
   7.2892764e-05  -6.0250859e-04  -3.9818924e-04  -1.9854418e-03
   4.6655098e-05  -6.5494090e-04  -1.3958352e-04  -2.1655953e-03
   3.5410384e-05  -9.5829926e-04   1.6024920e-04  -2.0417398e-03
  -2.4195923e-04  -8.0849266e-04  -9.1088500e-07  -1.8578331e-03
  -1.3700856e-04  -7.2984420e-04   1.6024920e-04  -2.2369060e-03
  -2.0813186e-05  -6.3996024e-04   1.4900547e-04  -2.0454930e-03
   6.5396288e-05  -5.9501826e-04  -1.0960025e-04  -2.0454930e-03
  -5.8202340e-06  -9.2833794e-04  -3.0894157e-05  -2.0492462e-03
  -1.2201561e-04  -9.2833794e-04  -6.0877429e-05  -1.9891950e-03
  -5.0799090e-05  -7.9351200e-04   1.1152638e-04  -2.3157232e-03
  -3.9188875e-04  -6.8490222e-04   1.1902220e-04  -1.8353140e-03
  -2.8309662e-05  -6.9239255e-04  -1.7331470e-04  -1.9366503e-03
   1.5160576e-04  -8.7965080e-04  -3.8389975e-05  -2.0942846e-03
  -3.5806138e-05  -7.3358936e-04  -1.5832306e-04  -1.7902756e-03
  -9.9526184e-05  -8.2721849e-04  -2.8200406e-04  -2.1918677e-03
  -2.7569337e-04  -9.4706377e-04  -1.9650430e-05  -2.2706848e-03
  -1.5574975e-04  -7.8976684e-04  -7.9616974e-05  -1.9854418e-03
  -2.7569337e-04  -9.0586695e-04  -2.7825615e-04  -1.9891950e-03
  -1.1451914e-04  -9.5080893e-04  -1.7331470e-04  -2.1092973e-03
  -2.6819689e-04  -8.6467014e-04  -8.3364883e-05  -2.0342334e-03
  -2.1197332e-04  -1.0069864e-03  -2.4452497e-04  -2.2481656e-03
  -6.2043804e-05  -9.2084761e-04  -3.6071015e-04  -2.3119700e-03
  -5.6430770e-04  -7.3733453e-04  -2.2578543e-04  -2.1168037e-03
  -9.9526184e-05  -9.7327992e-04   6.6551477e-05  -2.1355697e-03
  -1.4825328e-04  -8.9088629e-04  -9.0860701e-05  -1.9291439e-03
  -5.2307708e-04  -9.4331860e-04  -3.8319760e-04  -2.2143869e-03
  -8.8281470e-05  -1.0818897e-03  -1.4333143e-04  -2.1993741e-03
  -2.7944161e-04  -8.3470882e-04  -8.7112792e-05  -1.8690927e-03
  -4.1062994e-04  -9.8451542e-04  -2.0704588e-04  -2.1393229e-03
  -3.3941342e-04  -8.4219915e-04  -1.9580215e-04  -2.0342334e-03
  -4.5560879e-04  -6.5494090e-04  -2.5951661e-04  -2.0792718e-03
  -2.2696628e-04  -9.0586695e-04  -1.6956679e-04  -2.0680122e-03
  -1.8948390e-04  -7.9725717e-04  -1.3958352e-04  -1.8315608e-03
  -1.9698037e-04  -6.5494090e-04  -1.1709606e-04  -2.0192206e-03
  -1.2201561e-04  -8.0100233e-04   1.2651802e-04  -2.0830250e-03
  -1.1077090e-04  -8.8339596e-04   1.4080751e-05  -1.9141311e-03
  -1.1077090e-04  -8.1223783e-04  -2.7076033e-04  -1.7189649e-03
  -3.1692399e-04  -9.4331860e-04   5.1559841e-05  -1.9253907e-03
  -1.2576385e-04  -1.1193414e-03   2.6144274e-04  -2.0117142e-03
  -7.7036756e-05  -8.7965080e-04  -1.6956679e-04  -1.7564968e-03
  -2.4195923e-04  -9.5829926e-04  -2.5202079e-04  -1.8390672e-03
  -1.4075680e-04  -1.0818897e-03  -1.2084397e-04  -1.8165480e-03
  -2.9818280e-04  -6.8490222e-04  -1.4333143e-04  -1.8803523e-03
  -1.8573566e-04  -7.6355068e-04  -6.4625338e-05  -2.1318165e-03
  -2.6444866e-04  -1.0968704e-03   1.1902220e-04  -1.9066247e-03
  -3.8814051e-04  -1.0743994e-03   1.3026593e-04  -1.9216375e-03
  -1.8198742e-04  -8.5717981e-04  -1.5082725e-04  -1.9216375e-03
  -2.1946980e-04  -6.5494090e-04   4.0316114e-05  -1.8353140e-03
   7.2892764e-05  -7.8602167e-04  -7.2121156e-05  -2.1505825e-03
   1.6669194e-05  -8.4219915e-04  -3.3072688e-04  -2.0154674e-03
  -5.8295566e-05  -7.3358936e-04  -7.5869065e-05  -1.9854418e-03
  -5.8202340e-06  -9.2459278e-04  -2.3702915e-04  -2.2669316e-03
  -3.5815461e-04  -8.0474750e-04  -2.5202079e-04  -2.2481656e-03
  -3.5440637e-04  -7.4107969e-04  -1.2833979e-04  -2.0229738e-03
   1.6762420e-06  -9.5829926e-04  -3.6820597e-04  -2.1993741e-03
  -6.9540280e-05  -8.3470882e-04  -4.5065997e-04  -2.2669316e-03
  -4.1812641e-04  -9.1335728e-04   7.7795204e-05  -2.2181401e-03
  -1.0327442e-04  -9.1710245e-04  -5.2936605e-04  -2.1993741e-03
   9.1633954e-05  -7.9725717e-04   7.5241882e-04  -2.3495020e-03
   3.7275180e-04  -9.9200575e-04  -9.9410677e-04  -2.2068805e-03
  -8.4542555e-04  -9.8451542e-04   2.9892183e-04  -2.2143869e-03
  -1.7074271e-04  -6.6992156e-04   9.2786840e-05  -2.5634342e-03
   1.1037514e-04  -7.8227651e-04  -1.4288642e-03  -1.6514073e-03
  -3.9554376e-05  -6.2497958e-04   3.5258715e-03  -2.9650263e-03
   1.4785752e-04  -7.1860870e-04  -5.4728580e-03  -1.4036963e-03
  -9.2413854e-04  -8.4968948e-04   6.4867196e-03  -2.5183958e-03
   1.7108728e-03  -6.5119573e-04  -7.1706608e-03  -2.1768549e-03
  -1.6363038e-03  -1.1567930e-03   5.3585990e-03  -1.5988626e-03
   1.1486371e-03  -4.7142781e-04  -1.3688977e-03  -4.0947386e-03
  -1.5051154e-03  -9.9200575e-04  -5.5065892e-03   7.9943033e-04
   2.9403881e-04  -6.1374408e-04   1.5492945e-02  -6.5643422e-03
   1.6771386e-03  -1.0406929e-03  -2.7038326e-02   3.2277488e-03
  -5.4707512e-03  -1.1867543e-03   3.1522752e-02  -6.6994573e-03
   2.2656027e-02   6.0717971e-04  -4.8971090e-02  -8.3692541e-02
  -2.5538817e-02  -8.4219915e-04  -7.4970335e-02  -1.2590475e-01
  -8.9131423e-02  -1.7260581e-03  -1.3363635e-01  -5.9116607e-02
   5.3653955e-02  -6.9018761e-03  -1.6818083e-01  -3.1211587e-02
   1.2193935e-01   4.5404960e-05  -5.3685959e-02  -1.0568627e-01
  -9.6163118e-02   1.5033555e-02  -1.1548148e-01  -6.5996217e-02
  -1.4517133e-01   2.2812685e-03  -2.3327897e-02   8.4822189e-04
   1.1353955e-01  -1.8860188e-02   4.2009401e-02  -2.6722763e-02
   1.6186559e-01  -1.0763141e-02   9.1894070e-02  -4.6569669e-02
  -1.4031361e-01   1.1344568e-02  -1.9714912e-02  -2.9646504e-02
  -1.9121469e-01   1.0149860e-02  -1.0766709e-01   1.1053165e-02
   8.9577068e-02  -1.0703219e-02   4.7736206e-02  -1.5035308e-02
   1.5207519e-01  -1.4422167e-02   2.5016382e-02  -4.4291478e-02
  -8.8336797e-02   4.3186382e-03  -7.0802660e-02  -1.7853959e-02
  -2.1014704e-01   1.2704063e-02  -2.2555827e-02   7.2774484e-03
   5.2840587e-02  -2.1043197e-03   1.2412164e-02   6.1214637e-03
   1.8254087e-01  -1.7395828e-02  -1.4021838e-02  -1.5842245e-02
  -1.6737955e-02  -1.3889932e-03  -1.5637187e-02   5.9037782e-03
  -1.4622084e-01   1.5295717e-02  -6.0840718e-02   2.1303146e-02
  -2.9140874e-02   3.5621149e-03   7.3075117e-03  -6.5530826e-03
   1.2960450e-01  -1.2579546e-02   2.0901178e-02  -1.4479835e-02
   3.4380515e-02  -1.1725649e-02  -4.3214302e-02   5.1906708e-03
  -9.5589637e-02   8.8914847e-03  -3.6944050e-02   7.4576018e-03
  -6.7020567e-02   1.2419430e-02   2.8074675e-02  -1.5590781e-02
   4.8080325e-02  -5.3626133e-03   2.9187804e-02  -1.8818530e-02
   6.3369388e-02  -1.2047733e-02  -4.1925021e-02   1.5951081e-03
  -2.9778075e-02  -1.1455575e-03  -3.0932404e-02   9.6457157e-03
  -5.8695731e-02   7.5619511e-03   1.4349833e-02  -6.2190481e-03
  -3.0193104e-04   2.5022332e-03   5.7034066e-03  -1.1728741e-02
   5.8631615e-02  -7.1977442e-03  -4.9330889e-02   9.7245328e-03
   2.2532335e-02  -6.5048886e-03  -6.1028113e-02   1.5541988e-02
  -2.6794477e-02   4.0602218e-03   5.2836408e-03  -4.9279483e-03
  -4.2694503e-02   4.3448544e-03   2.9247771e-02  -1.4712533e-02
   1.7745928e-03  -3.9282151e-03  -2.2664517e-02  -4.4325263e-03
   3.7124225e-02  -8.0591321e-03  -4.1302868e-02   5.1005941e-03
  -8.9940950e-03  -1.1118510e-03  -8.7417368e-04  -5.3558128e-03
  -4.0599238e-02   6.5657372e-03   2.3393537e-02  -1.5594534e-02
  -1.7472609e-02   1.3487224e-03  -8.3250168e-03  -6.6806913e-03
   3.3720825e-02  -6.2951594e-03  -4.0883102e-02   4.9504662e-03
   2.4530146e-02  -4.4824995e-03  -3.4803994e-02   4.8003383e-03
  -2.6970644e-02   2.3411911e-03   3.1210973e-03  -3.4003971e-03
  -2.3106211e-02   3.1913436e-03  -2.9392715e-03  -2.7698600e-03
   2.0129714e-02  -3.0481013e-03  -3.4466682e-02   4.2223460e-03
   3.2776269e-02  -5.4712231e-03  -3.4204328e-02   4.9241938e-03
  -8.0045601e-03   8.0567345e-04   7.3742719e-04  -5.3670723e-03
  -3.9036223e-02   3.6519989e-03   1.3334149e-02  -1.0996868e-02
  -1.2105132e-02  -1.8421582e-03  -6.4585581e-03  -4.8791567e-03
   2.2120029e-02  -5.8120331e-03  -1.6349290e-02  -1.9103779e-03
   8.8812521e-03  -2.0406519e-03  -4.1910731e-03  -4.1247641e-03
  -2.5343909e-02   3.3898373e-03   1.0834294e-02  -5.5209534e-03
  -1.2356264e-02   1.6595711e-03  -5.4278831e-03  -6.1552494e-04
   2.6284321e-02  -4.3851252e-03  -2.0625654e-02   4.0084138e-03
   2.3799239e-02  -4.2989864e-03  -1.0116517e-02   2.9387526e-03
  -1.0448411e-02   1.0603447e-03   5.4935237e-03  -1.0321298e-03
  -2.0962219e-02   1.6483356e-03   7.8622022e-03  -1.8465736e-03
   7.9329479e-03  -2.7634688e-03  -6.7178660e-04  -8.4822315e-04
   2.1681485e-02  -3.9019989e-03   2.3977509e-03  -3.3028140e-03
  -1.9061769e-03   6.8957334e-04   1.0999202e-02  -5.3145276e-03
  -2.3064980e-02   3.2587565e-03   1.2813190e-02  -5.6823409e-03
  -7.3861009e-03  -2.0552110e-04   1.5919504e-03  -3.8582871e-03
   1.4143778e-02  -3.9731571e-03  -4.5621161e-03  -1.9066247e-03
   6.3474432e-03  -1.6773709e-03  -4.5440787e-04  -1.2873472e-03
  -1.0365950e-02   2.1052457e-03   2.2021575e-04  -8.3321037e-04
  -4.8223061e-03   1.0266382e-03  -4.4009561e-03   2.4771037e-04
   1.6550147e-02  -1.7335484e-03  -7.2868460e-03   1.1447245e-03
   1.4439889e-02  -2.2428909e-03  -3.3965164e-03   2.4395717e-04
  -7.4610656e-03   2.2891804e-04   2.0379516e-03  -1.4299687e-03
  -1.5995804e-02   9.9667687e-04   6.0519622e-03  -3.1827117e-03
  -7.2548193e-04  -1.5200740e-03   2.8587437e-03  -3.9708831e-03
   1.0091933e-02  -2.5724654e-03   1.0260162e-03  -3.9145851e-03
  -1.6175626e-03  -9.4706377e-04   3.0086600e-03  -4.3011644e-03
  -1.2611145e-02   6.8208301e-04   2.7837855e-03  -4.0647130e-03
  -4.3162939e-03  -3.7779869e-04  -2.3133707e-03  -2.5033830e-03
   9.3572783e-03  -2.3065587e-03  -7.6991160e-03  -4.9542264e-04
   5.8826617e-03  -1.7148226e-03  -1.0333896e-02   6.5680884e-04
  -4.3912587e-03  -1.4517680e-05  -6.0275486e-03   4.8790929e-05
  -3.8177783e-03   3.0756651e-04  -4.7082846e-03  -9.4205308e-04
   5.5678097e-03  -9.6953476e-04  -7.4667456e-03  -1.1785045e-03
   6.5123656e-03  -1.7784904e-03  -7.0807110e-03  -1.7489904e-03
  -5.0584451e-03  -5.4633111e-04  -7.6923223e-04  -3.6668741e-03
  -1.1190562e-02  -8.1930650e-05   3.0498870e-03  -5.1343741e-03
  -4.6986142e-03  -1.0856349e-03   1.5132444e-03  -4.4025007e-03
   3.5699988e-03  -1.6586451e-03  -2.7368845e-03  -2.6947961e-03
   1.7895858e-03  -1.0706542e-03  -3.9587028e-03  -1.8090416e-03
  -3.5816393e-03   1.0907276e-04  -1.4288642e-03  -1.6026158e-03
  -1.1865152e-03  -2.0177593e-04  -3.2241126e-03  -7.6189962e-04
   5.8526758e-03  -1.1455575e-03  -7.9015031e-03   5.4796613e-04
   5.9201440e-03  -1.5313095e-03  -5.9450946e-03   4.1660423e-04
  -1.8387086e-03  -1.2017350e-03  -1.0278380e-03  -1.1109469e-03
  -4.9909768e-03  -4.6768265e-04   1.5244881e-03  -2.4470851e-03
  -6.0553831e-04  -1.0144767e-03   1.7755980e-03  -2.9687795e-03
   2.9552878e-03  -1.5125837e-03   2.0147620e-04  -2.9462603e-03
  -1.0103480e-03  -7.8976684e-04   2.3190448e-03  -3.3553588e-03
  -5.8980504e-03  -7.0695155e-05   5.4148176e-03  -3.6143293e-03
  -3.1880743e-03  -4.9389880e-04   3.0948619e-03  -3.0888818e-03
   2.2881014e-03  -1.4976030e-03  -6.9802196e-04  -1.7189649e-03
   3.4125728e-03  -1.3103448e-03  -1.6537388e-03  -5.0292903e-04
   3.9149299e-04  -4.4895682e-04  -9.9785468e-04  -8.3321037e-04
  -2.4945570e-04  -7.4440320e-05  -1.0540733e-03  -1.0959342e-03
   3.0302525e-03  -6.6243123e-04  -2.3358582e-03  -7.2436765e-04
   3.7199283e-03  -1.1530478e-03  -1.9273361e-03  -1.0283766e-03
  -7.5546783e-04  -5.9501826e-04   1.6369253e-03  -2.4545915e-03
  -4.7211036e-03  -2.6918890e-04   4.4216217e-03  -3.4454355e-03
  -3.6865900e-03  -8.6467014e-04   2.4652132e-03  -3.2277501e-03
   2.3406700e-04  -1.3365609e-03   2.2141033e-03  -2.8374176e-03
   5.9764608e-04  -1.0032412e-03   2.5214319e-03  -2.6985493e-03
  -2.3672102e-03  -6.9988288e-04   2.2965573e-03  -2.7210685e-03
  -1.2239976e-03  -6.3246991e-04   1.6781523e-03  -2.0004546e-03
   2.4192898e-03  -9.6204443e-04  -1.5188140e-03  -9.6832546e-04
   3.6374671e-03  -1.1418123e-03  -3.3815248e-03  -3.3028197e-04
   1.5047197e-03  -7.4107969e-04  -1.1515189e-03  -6.9434208e-04
  -1.2352423e-03  -5.6505694e-04   6.2803568e-05  -1.6063689e-03
  -6.0928655e-04  -8.7216047e-04   2.7643438e-04  -1.9929482e-03
   5.4142251e-04  -1.3927384e-03   7.1119182e-04  -2.4846170e-03
  -9.3538326e-04  -1.2916189e-03   1.8168250e-03  -2.9237411e-03
  -3.3380038e-03  -7.0362804e-04   2.4239862e-03  -3.4379291e-03
  -3.1768296e-03  -6.0250859e-04   1.9105227e-03  -3.1864649e-03
  -5.3057355e-04  -1.0332026e-03  -6.9427405e-04  -2.2631784e-03
   9.5372869e-04  -1.0781445e-03  -2.4820266e-03  -1.9554163e-03
  -5.8295566e-05  -8.1972816e-04  -2.4258080e-03  -1.7452372e-03
  -8.7915969e-04  -4.0026968e-04  -3.1641461e-03  -1.3886835e-03
   6.3887670e-04  -5.3509562e-04  -3.7000971e-03  -9.9084464e-04
   1.8907882e-03  -1.2728931e-03  -2.9842464e-03  -1.2460620e-03
   3.3901766e-04  -8.9837662e-04  -2.2159251e-03  -1.6101221e-03
  -2.0223723e-03  -6.2497958e-04  -5.1812233e-04  -1.9741823e-03
  -2.0823441e-03  -8.4968948e-04   7.1119182e-04  -2.7023025e-03
  -9.6536916e-04  -9.9200575e-04   2.1646784e-04  -2.8224048e-03
  -8.3043259e-04  -1.3740126e-03   1.6024920e-04  -2.7811196e-03
  -1.7375062e-03  -1.0257122e-03   3.5139256e-04  -2.5559278e-03
  -1.3289482e-03  -5.2386012e-04  -6.0807214e-04  -1.9441567e-03
   8.4128155e-04  -7.3358936e-04  -1.3876372e-03  -1.7039521e-03
   1.6359080e-03  -8.3096365e-04  -2.0322776e-03  -1.3436452e-03
   1.0286935e-03  -6.6617639e-04  -2.6844137e-03  -1.0921810e-03
  -1.1826737e-04  -7.5231519e-04  -1.1290315e-03  -1.5500710e-03
  -7.7036756e-05  -8.0849266e-04  -3.0823942e-04  -1.7489904e-03
   4.7020599e-04  -7.4482486e-04  -3.8319760e-04  -1.8578331e-03
  -4.7434998e-04  -8.3096365e-04   6.8120855e-04  -2.1318165e-03
  -1.0740681e-03  -9.0212179e-04   1.5394797e-03  -2.3982935e-03
  -1.1565293e-03  -9.6204443e-04   1.8580520e-03  -2.7848728e-03
  -7.8170550e-04  -7.4482486e-04   1.7980854e-03  -2.7473408e-03
  -2.7944161e-04  -6.3996024e-04   4.7507356e-04  -2.2744380e-03
  -3.5806138e-05  -8.5717981e-04   7.4047295e-05  -1.9741823e-03
   3.7650004e-04  -6.3246991e-04   1.3026593e-04  -1.8690927e-03
   7.9255446e-04  -7.2609903e-04  -9.9410677e-04  -1.3924367e-03
   1.1936159e-03  -8.3845398e-04  -1.0353338e-03  -1.2573216e-03
   8.0005094e-04  -6.8115705e-04   1.4900547e-04  -1.5800966e-03
  -1.8573566e-04  -9.2833794e-04   2.9517393e-04  -2.0154674e-03
  -8.0044669e-04  -7.6355068e-04   1.2171595e-03  -2.4545915e-03
  -8.0794317e-04  -7.7478618e-04   1.3633280e-03  -2.4470851e-03
  -6.2802774e-04  -9.3208311e-04   1.1721846e-03  -2.8561835e-03
  -1.0178445e-03  -7.9725717e-04   1.4382862e-03  -2.6197321e-03
  -8.7166321e-04  -8.3845398e-04   8.9483937e-04  -2.3607615e-03
   1.4036105e-04  -7.2984420e-04  -1.6956679e-04  -2.6272385e-03
   4.0273771e-04  -7.5231519e-04  -7.0926569e-04  -1.8540799e-03
   2.4531171e-04  -7.0362804e-04  -1.2039897e-03  -1.6701733e-03
   4.7770247e-04  -4.6393748e-04  -1.8111509e-03  -1.7527436e-03
   3.7275180e-04  -7.3358936e-04  -1.3276707e-03  -1.7752628e-03
   1.0662691e-04  -9.3208311e-04  -6.7553451e-04  -2.2781912e-03
   1.2911633e-04  -7.3358936e-04  -9.3414023e-04  -2.2594252e-03
  -2.6819689e-04  -8.5343464e-04   2.2396365e-04  -2.4508383e-03
  -5.4181827e-04  -1.0631639e-03   6.6246901e-04  -2.8148984e-03
  -5.8304889e-04  -8.4594431e-04  -1.4707934e-04  -2.7548472e-03
  -5.4181827e-04  -5.8378276e-04   1.7828660e-05  -2.6460045e-03
   8.0389240e-05  -8.3845398e-04  -6.9052614e-04  -2.3232296e-03
   3.3526942e-04  -9.1335728e-04  -1.0915524e-03  -1.9291439e-03
   4.8519894e-04  -7.4857002e-04  -1.1140399e-03  -1.6964457e-03
   7.3633089e-04  -8.1223783e-04  -1.9460757e-03  -1.5463178e-03
   4.0648595e-04  -6.1374408e-04  -1.6050159e-03  -1.5763434e-03
   5.4151574e-05  -6.6243123e-04  -6.4929914e-04  -1.7377308e-03
   1.4036105e-04  -7.6355068e-04  -6.6054287e-04  -1.9741823e-03
   1.6762420e-06  -7.4482486e-04  -6.5304705e-04  -2.1655953e-03
  -4.1062994e-04  -6.9988288e-04  -9.4608610e-05  -2.3419956e-03
  -3.4690989e-04  -4.3023100e-04  -1.2084397e-04  -2.3870339e-03
  -2.7569337e-04  -6.3996024e-04  -5.0313069e-04  -2.3382424e-03
  -2.0822509e-04  -6.9988288e-04  -1.9205424e-04  -2.2293996e-03
   3.5410384e-05  -7.7478618e-04  -5.2936605e-04  -1.9554163e-03
   6.1648050e-05  -8.8339596e-04  -6.9802196e-04  -1.7715096e-03
   4.8145071e-04  -4.2648583e-04  -8.1045923e-04  -1.7827692e-03
   7.8130975e-04  -5.6131177e-04  -1.2377209e-03  -1.8353140e-03
   4.8145071e-04  -8.0849266e-04  -7.1301360e-04  -1.7452372e-03
   1.0662691e-04  -6.8490222e-04   1.2277011e-04  -1.8127948e-03
  -3.3941342e-04  -9.7327992e-04   3.3640092e-04  -2.0792718e-03
  -3.2067223e-04  -1.0968704e-03   8.5736028e-04  -2.3757743e-03
  -1.2201561e-04  -8.5717981e-04   9.3231846e-04  -2.3457488e-03
  -2.0447685e-04  -8.3096365e-04   6.5872110e-04  -2.3194764e-03
  -1.7823918e-04  -8.0849266e-04   4.7882147e-04  -2.3044636e-03
  -7.3288518e-05  -6.6992156e-04   2.3145947e-04  -1.9178843e-03
   2.0033286e-04  -8.7590563e-04  -1.0960025e-04  -1.9816886e-03
   3.0153528e-04  -1.1380672e-03  -8.7112792e-05  -2.0529994e-03
   1.9658462e-04  -9.1710245e-04  -2.1454170e-04  -1.8916119e-03
   3.4276590e-04  -6.7366672e-04  -3.9444133e-04  -1.7940288e-03
   2.7529762e-04  -5.7254727e-04  -6.0877429e-05  -1.9779355e-03
   2.4165670e-05  -7.5980552e-04  -9.8356519e-05  -2.3682679e-03
  -4.0313346e-04  -1.0182219e-03  -6.0877429e-05  -2.1918677e-03
  -5.7180417e-04  -8.9463146e-04   6.8495646e-04  -2.3344892e-03
  -2.7944161e-04  -1.0743994e-03   1.6774502e-04  -2.3945403e-03
  -3.4690989e-04  -1.0818897e-03  -1.9205424e-04  -2.0642590e-03
  -1.0702266e-04  -9.8826058e-04  -6.0877429e-05  -2.2781912e-03
  -8.8281470e-05  -1.1755188e-03  -5.6309724e-04  -2.1205569e-03
  -1.7823918e-04  -8.9463146e-04  -5.7059305e-04  -1.9629227e-03
   2.9029057e-04  -8.0474750e-04  -9.2289650e-04  -2.0004546e-03
   2.4531171e-04  -1.1418123e-03  -1.0765608e-03  -1.9216375e-03
  -1.7064948e-05  -1.2541673e-03  -6.4555123e-04  -2.2781912e-03
  -3.1317575e-04  -1.0219671e-03  -4.9563487e-04  -2.2856976e-03
  -1.4450504e-04  -8.4968948e-04  -6.1556796e-04  -2.2331528e-03
  -1.1826737e-04  -8.5343464e-04  -6.0807214e-04  -2.2106337e-03
  -2.6819689e-04  -9.1335728e-04  -3.4197060e-04  -2.1092973e-03
  -1.2576385e-04  -9.4706377e-04  -5.3686187e-04  -2.1355697e-03
  -4.3686760e-04  -9.0212179e-04  -4.7314742e-04  -1.8428204e-03
  -2.6070042e-04  -9.8451542e-04  -5.3311396e-04  -2.0267270e-03
  -1.7449094e-04  -9.2459278e-04  -9.1165277e-04  -1.8690927e-03
   4.6655098e-05  -7.3358936e-04  -6.1931587e-04  -1.6701733e-03
   2.9778704e-04  -7.1111837e-04  -7.8797178e-04  -1.9216375e-03
   5.4151574e-05  -7.3733453e-04  -9.2664441e-04  -1.8278076e-03
   2.1532581e-04  -7.6355068e-04  -5.7808887e-04  -1.9779355e-03
  -1.4450504e-04  -7.2984420e-04  -2.2203752e-04  -2.0229738e-03
  -4.2937113e-04  -7.3358936e-04   7.0299386e-05  -2.2068805e-03
  -3.6190284e-04  -8.4594431e-04   2.2396365e-04  -2.0042078e-03
  -2.3446275e-04  -7.2984420e-04  -1.9580215e-04  -1.8278076e-03
  -4.3302614e-05  -8.9463146e-04  -2.8949988e-04  -1.9479099e-03
  -9.2029708e-05  -1.0594187e-03  -9.0860701e-05  -1.8390672e-03
  -9.5684720e-06  -8.6841530e-04  -3.7944969e-04  -2.2106337e-03
