  -2.3821099e-04  -7.6729585e-04  -3.0449151e-04  -2.1355697e-03
  -1.0327442e-04  -7.8976684e-04  -2.4452497e-04  -1.8991183e-03
   5.0403336e-05  -6.7366672e-04  -3.9069342e-04  -1.9178843e-03
  -3.2057900e-05  -9.6578959e-04  -7.5869065e-05  -2.0079610e-03
  -2.4945570e-04  -9.0961212e-04   1.6774502e-04  -2.0830250e-03
  -9.5684720e-06  -5.5007628e-04  -8.7112792e-05  -2.1205569e-03
  -8.8281470e-05  -7.6355068e-04  -4.0568506e-04  -1.7640032e-03
  -1.9698037e-04  -9.6953476e-04  -2.7825615e-04  -1.9103779e-03
   9.1633954e-05  -6.2872474e-04  -2.2953333e-04  -2.0642590e-03
  -1.8948390e-04  -7.8976684e-04  -4.3566833e-04  -1.9479099e-03
  -6.9540280e-05  -1.1268317e-03  -2.8949988e-04  -2.1618421e-03
  -5.4547328e-05  -8.0474750e-04  -7.2121156e-05  -2.1655953e-03
  -1.9698037e-04  -6.2497958e-04  -7.2121156e-05  -2.0905314e-03
  -1.7823918e-04  -7.2235387e-04  -1.8830634e-04  -2.0830250e-03
  -3.7689580e-04  -9.5080893e-04  -2.3702915e-04  -2.0717654e-03
  -2.8309662e-05  -9.5455410e-04  -4.1692878e-04  -2.2031273e-03
  -1.7064948e-05  -7.8976684e-04  -3.6071015e-04  -2.2894508e-03
  -1.8198742e-04  -6.7741189e-04  -7.2121156e-05  -2.3119700e-03
  -1.1077090e-04  -7.1111837e-04  -5.7129520e-05  -2.3194764e-03
  -2.8693808e-04  -1.0032412e-03  -1.3208770e-04  -2.2293996e-03
  -2.0072861e-04  -9.0212179e-04  -1.8081052e-04  -2.1655953e-03
  -3.5806138e-05  -7.0737321e-04  -1.8830634e-04  -2.0267270e-03
  -2.7569337e-04  -9.4706377e-04  -1.6207097e-04  -2.0004546e-03
  -1.3700856e-04  -8.9088629e-04  -1.8081052e-04  -2.1993741e-03
   9.1633954e-05  -6.0250859e-04  -3.1573524e-04  -2.2218933e-03
  -2.4195923e-04  -8.6467014e-04  -2.4827288e-04  -2.1355697e-03
  -5.0799090e-05  -7.8602167e-04  -2.1828961e-04  -2.1505825e-03
   2.2282228e-04  -5.4258595e-04  -1.7331470e-04  -2.1543357e-03
  -1.3316710e-05  -7.7478618e-04   2.0522411e-04  -1.8653395e-03
   7.6641002e-05  -8.0849266e-04   1.5650129e-04  -1.6664201e-03
   8.7885716e-05  -7.1486354e-04   1.0332842e-05  -1.8240544e-03
  -1.1451914e-04  -7.0737321e-04   2.5394693e-04  -1.8878587e-03
   5.0403336e-05  -7.7853134e-04   1.6024920e-04  -1.9516631e-03
   1.1787162e-04  -6.5868606e-04   2.8370240e-06  -2.0004546e-03
   7.2892764e-05  -6.9988288e-04   1.0403057e-04  -1.9216375e-03
  -1.2201561e-04  -7.6355068e-04   3.2820296e-05  -1.9704291e-03
  -7.7036756e-05  -5.8752793e-04  -1.5902521e-05  -1.7715096e-03
   8.7885716e-05  -7.0362804e-04  -1.6581888e-04  -1.8390672e-03
  -2.9818280e-04  -7.9725717e-04  -2.7076033e-04  -1.9629227e-03
  -1.4075680e-04  -8.6841530e-04  -1.0585234e-04  -1.7489904e-03
   1.6669194e-05  -7.6355068e-04  -4.2137884e-05  -2.0492462e-03
  -1.1077090e-04  -6.9239255e-04   1.3026593e-04  -2.0529994e-03
  -2.4561424e-05  -7.9725717e-04  -1.0585234e-04  -1.8090416e-03
  -8.8281470e-05  -5.9127309e-04  -1.9580215e-04  -1.7865224e-03
  -1.7064948e-05  -8.6467014e-04  -2.7146248e-05  -2.0229738e-03
   7.6641002e-05  -8.9463146e-04  -4.3566833e-04  -2.0792718e-03
  -1.0327442e-04  -5.4633111e-04  -1.1334816e-04  -1.8841055e-03
  -2.2321804e-04  -9.1710245e-04  -2.3398339e-05  -2.0980378e-03
   4.2906860e-05  -9.3208311e-04  -3.3072688e-04  -1.8728459e-03
   2.0417432e-05  -7.9351200e-04  -2.2203752e-04  -1.9066247e-03
  -1.0327442e-04  -8.4219915e-04  -2.8949988e-04  -2.0079610e-03
  -6.9540280e-05  -7.6729585e-04   2.8370240e-06  -1.8203012e-03
  -3.2067223e-04  -8.4594431e-04  -1.3583561e-04  -2.1393229e-03
  -1.2201561e-04  -9.9575091e-04  -3.7195388e-04  -2.0942846e-03
   5.4244800e-06  -1.0444381e-03  -2.1828961e-04  -2.1468293e-03
  -1.1451914e-04  -8.8339596e-04  -3.4571851e-04  -2.1768549e-03
  -2.2696628e-04  -8.7216047e-04  -2.9699570e-04  -2.0079610e-03
  -5.5681122e-04  -7.9725717e-04  -3.0449151e-04  -2.1468293e-03
  -2.4945570e-04  -8.6092497e-04  -4.9563487e-04  -1.9479099e-03
  -2.5320394e-04  -1.0594187e-03  -2.7825615e-04  -1.9629227e-03
  -3.4316165e-04  -8.6467014e-04  -1.1709606e-04  -2.2744380e-03
  -9.9526184e-05  -8.1972816e-04  -3.1948315e-04  -2.2218933e-03
  -3.1692399e-04  -8.6841530e-04  -3.1198733e-04  -2.1731017e-03
  -1.7823918e-04  -7.3733453e-04  -2.1079379e-04  -2.2594252e-03
  -2.3071451e-04  -8.0100233e-04  -2.2578543e-04  -2.0529994e-03
  -4.7809822e-04  -9.6204443e-04  -2.5202079e-04  -1.9967014e-03
  -2.3446275e-04  -9.9949608e-04  -2.4077706e-04  -2.3082168e-03
  -2.0072861e-04  -1.0182219e-03  -2.7450824e-04  -2.1092973e-03
  -5.0433589e-04  -1.0519284e-03  -2.0329797e-04  -1.9704291e-03
  -3.6565108e-04  -9.8826058e-04  -2.6701242e-04  -2.1918677e-03
  -1.9323213e-04  -8.1972816e-04  -2.9324779e-04  -1.9554163e-03
  -2.9068632e-04  -8.0474750e-04  -9.4608610e-05  -1.8015352e-03
  -3.2057900e-05  -8.4968948e-04  -1.1334816e-04  -1.9066247e-03
  -2.2321804e-04  -8.6467014e-04  -3.3072688e-04  -2.0004546e-03
  -2.2321804e-04  -7.6729585e-04  -2.8575197e-04  -1.9816886e-03
   1.6669194e-05  -7.4857002e-04  -1.0210443e-04  -1.9779355e-03
  -2.3446275e-04  -7.5606035e-04  -5.1437442e-04  -1.8916119e-03
  -2.7194513e-04  -7.0362804e-04  -2.5202079e-04  -1.6851861e-03
  -3.7689580e-04  -9.9949608e-04  -1.5082725e-04  -2.0942846e-03
  -3.3566518e-04  -1.0144767e-03  -4.7689533e-04  -2.1205569e-03
  -3.3941342e-04  -9.0586695e-04  -7.2121156e-05  -1.9666759e-03
  -1.8198742e-04  -7.5231519e-04  -1.0210443e-04  -2.1168037e-03
  -7.3288518e-05  -6.5494090e-04  -1.5082725e-04  -1.8240544e-03
  -2.5695218e-04  -7.4107969e-04  -2.8200406e-04  -1.8015352e-03
  -3.5806138e-05  -8.4968948e-04  -2.4827288e-04  -1.8278076e-03
  -2.0072861e-04  -1.1268317e-03  -4.9633702e-05  -2.0680122e-03
  -2.5320394e-04  -8.6841530e-04  -2.1454170e-04  -2.2444124e-03
  -7.7036756e-05  -7.5231519e-04  -1.9955006e-04  -1.8578331e-03
  -9.2029708e-05  -8.7590563e-04  -2.5576870e-04  -2.0267270e-03
  -9.5684720e-06  -7.3733453e-04  -7.5869065e-05  -2.2781912e-03
  -1.3326033e-04  -6.3246991e-04  -1.5902521e-05  -2.1017910e-03
  -2.2696628e-04  -7.2235387e-04  -2.7076033e-04  -2.0154674e-03
  -2.9443456e-04  -7.4857002e-04  -9.8356519e-05  -1.9666759e-03
  -2.4945570e-04  -7.0737321e-04  -5.3381611e-05  -1.9516631e-03
  -1.1077090e-04  -8.5343464e-04  -2.7825615e-04  -2.2444124e-03
  -2.0822509e-04  -6.3621507e-04  -1.6207097e-04  -2.1956209e-03
  -1.4075680e-04  -5.4258595e-04  -2.3398339e-05  -2.0192206e-03
  -6.5792042e-05  -6.7741189e-04  -3.4642066e-05  -2.1655953e-03
  -2.3446275e-04  -7.7478618e-04  -1.0585234e-04  -2.0792718e-03
  -2.0072861e-04  -8.3845398e-04  -3.4642066e-05  -2.0830250e-03
  -5.8295566e-05  -7.3358936e-04  -9.0860701e-05  -2.1768549e-03
  -6.5792042e-05  -8.4594431e-04  -2.2953333e-04  -2.3082168e-03
  -2.1197332e-04  -7.6729585e-04  -3.4642066e-05  -2.2218933e-03
  -3.0942751e-04  -7.6729585e-04  -2.9324779e-04  -1.9666759e-03
  -2.4945570e-04  -1.0032412e-03  -3.7944969e-04  -2.2031273e-03
  -1.8198742e-04  -8.6092497e-04  -7.5869065e-05  -2.0379866e-03
  -1.4825328e-04  -9.2833794e-04  -1.7331470e-04  -1.8841055e-03
  -1.7064948e-05  -8.5343464e-04  -1.0585234e-04  -2.2594252e-03
  -1.0327442e-04  -7.7104101e-04  -2.7450824e-04  -2.2631784e-03
  -1.7823918e-04  -8.2721849e-04  -4.1692878e-04  -2.1731017e-03
   7.2892764e-05  -4.4895682e-04   5.5307750e-05  -2.0680122e-03
  -2.4561424e-05  -5.0138913e-04   1.1902220e-04  -1.9779355e-03
  -1.0702266e-04  -7.1111837e-04  -1.0960025e-04  -1.7790160e-03
   4.6655098e-05  -6.3621507e-04  -1.3208770e-04  -1.8653395e-03
   5.0403336e-05  -6.3621507e-04  -2.2953333e-04  -2.0379866e-03
   5.7899812e-05  -6.3621507e-04  -3.6445806e-04  -1.7302244e-03
   1.6762420e-06  -6.3246991e-04  -2.4077706e-04  -1.8653395e-03
  -2.4561424e-05  -5.3509562e-04   4.4064023e-05  -1.8690927e-03
  -2.0813186e-05  -5.5382144e-04  -7.5869065e-05  -1.8953651e-03
  -1.7064948e-05  -8.0849266e-04  -5.3381611e-05  -2.1017910e-03
  -3.5806138e-05  -7.7853134e-04  -2.3398339e-05  -2.0342334e-03
  -1.7074271e-04  -7.9725717e-04  -3.7944969e-04  -2.0492462e-03
  -2.0822509e-04  -8.3470882e-04  -3.0074361e-04  -1.7790160e-03
  -1.7823918e-04  -8.4594431e-04  -1.9205424e-04  -1.8315608e-03
  -6.5792042e-05  -8.5717981e-04  -1.2084397e-04  -1.9366503e-03
   3.5410384e-05  -4.4521166e-04  -6.4625338e-05  -1.8690927e-03
  -1.8573566e-04  -6.8490222e-04  -1.8081052e-04  -2.0454930e-03
  -2.1197332e-04  -9.8826058e-04  -1.7706261e-04  -1.9854418e-03
   1.6762420e-06  -8.4594431e-04  -1.0960025e-04  -2.0605058e-03
  -2.2321804e-04  -8.3096365e-04  -8.4067030e-06  -2.1468293e-03
  -3.1692399e-04  -7.7478618e-04  -6.4625338e-05  -2.0642590e-03
  -1.6699447e-04  -8.5343464e-04  -4.6587940e-06  -1.8991183e-03
  -3.0567927e-04  -6.9239255e-04  -5.3381611e-05  -1.7377308e-03
  -2.1572156e-04  -8.2721849e-04  -1.2459188e-04  -2.0004546e-03
  -2.9443456e-04  -1.0743994e-03  -5.3381611e-05  -2.0004546e-03
  -4.7060175e-04  -8.1223783e-04  -2.3702915e-04  -1.8653395e-03
  -2.8318985e-04  -7.5606035e-04  -1.0585234e-04  -2.1055441e-03
  -3.1317575e-04  -8.7590563e-04  -6.0877429e-05  -2.1205569e-03
  -4.4061584e-04  -8.7590563e-04  -1.6207097e-04  -1.9779355e-03
  -3.8814051e-04  -9.2459278e-04  -2.3702915e-04  -1.9741823e-03
  -1.0327442e-04  -1.0069864e-03  -1.7331470e-04  -2.1243101e-03
  -2.3446275e-04  -1.0444381e-03  -2.7146248e-05  -2.2781912e-03
  -3.5065813e-04  -8.9837662e-04  -3.4197060e-04  -2.0342334e-03
  -1.8948390e-04  -9.5455410e-04  -1.8830634e-04  -2.0117142e-03
  -3.3941342e-04  -1.1043607e-03  -3.4946642e-04  -2.2744380e-03
  -1.8198742e-04  -8.6841530e-04  -2.3702915e-04  -2.2519188e-03
  -2.3446275e-04  -1.0144767e-03  -3.1948315e-04  -2.3119700e-03
  -4.3311937e-04  -8.0100233e-04  -4.2067669e-04  -2.2781912e-03
  -1.4075680e-04  -5.9876342e-04  -1.0585234e-04  -2.2256465e-03
  -2.8693808e-04  -1.0781445e-03  -5.1812233e-04  -2.1318165e-03
  -3.2067223e-04  -6.9988288e-04   3.2820296e-05  -2.1055441e-03
  -2.0447685e-04  -6.7366672e-04  -4.3941624e-04  -2.0042078e-03
  -3.4316165e-04  -9.8826058e-04  -4.2137884e-05  -1.8015352e-03
  -8.0784994e-05  -7.5231519e-04  -1.0428296e-03  -1.8878587e-03
  -5.9054536e-04  -7.8602167e-04   5.0505683e-04  -1.2798408e-03
   3.0153528e-04  -6.8115705e-04   6.3742823e-03  -1.1071937e-03
   8.7126746e-04  -7.8227651e-04   5.3023804e-03  -1.9066247e-03
  -1.1752705e-03  -7.2984420e-04   4.2417221e-03  -2.1393229e-03
   9.5382192e-05  -7.0737321e-04   1.8580520e-03  -1.5200454e-03
   1.9507600e-03  -1.0107316e-03   2.3827592e-03  -1.4299687e-03
   3.0528352e-04  -7.4107969e-04   6.1344161e-03  -1.9891950e-03
  -1.4001648e-03  -7.1486354e-04   3.6720399e-03  -1.2610748e-03
  -7.3288518e-05  -9.8077025e-04   1.0448259e-02  -3.6406074e-04
   2.1719060e-03  -1.0706542e-03   1.8562482e-02  -5.2544821e-04
   1.3210560e-03  -5.9127309e-04   2.0166587e-02  -1.1297129e-03
  -1.3064588e-03  -2.2050176e-04   2.0766253e-02  -1.0096106e-03
   1.3397972e-03  -7.2235387e-04   1.8926030e-02  -5.2920141e-04
   4.1997028e-03  -8.9088629e-04   2.0428941e-02  -9.7583185e-04
   2.4567721e-03  -5.6131177e-04   2.3817051e-02  -1.0846746e-03
   2.5767157e-03  -3.2911154e-04   2.0185327e-02  -1.0771682e-03
  -7.1423722e-04  -3.7405352e-04   1.3840117e-02  -9.9835103e-04
   1.2385948e-03  -3.8903418e-04   1.5826509e-02  -9.7583754e-05
  -3.0493895e-03  -3.4783737e-04   5.6996587e-03  -1.9028715e-03
   2.0408109e-04  -2.9540506e-04  -2.0760579e-02  -5.0405442e-03
   1.8982847e-03  -3.7030836e-04  -4.7172094e-02  -4.1660493e-03
  -2.4121890e-03  -9.2084761e-04  -6.5330713e-02  -3.4003971e-03
   8.9037415e-03  -9.6953476e-04  -6.8572654e-02  -5.6147833e-03
  -1.1201807e-02  -5.7629243e-04  -7.5004066e-02  -6.0689202e-03
  -2.8919635e-03  -9.2833794e-04  -8.0063743e-02  -4.8979227e-03
  -1.1235541e-02  -2.0294164e-03  -7.1878310e-02  -5.3182808e-03
  -1.0174790e-02  -2.3065587e-03  -6.2118755e-02  -4.9054291e-03
   2.4275266e-02  -1.9432777e-03  -4.8401408e-02  -3.6068229e-03
  -1.9035625e-02  -1.8908453e-03  -3.0583848e-02  -4.1472833e-03
  -1.0189783e-02  -1.5200740e-03  -1.5595960e-02  -4.2974112e-03
   1.1441299e-02  -1.8983357e-03  -2.6169514e-03  -3.4566951e-03
  -2.0223723e-03  -2.3028135e-03   9.3088951e-03  -2.6985493e-03
  -1.6063179e-03  -1.8871002e-03   2.2823855e-02  -2.4433319e-03
   7.5956064e-03  -1.4826224e-03   3.3475412e-02  -1.8841055e-03
   1.0440519e-02  -9.2084761e-04   4.0472758e-02  -1.1935173e-03
  -1.2472460e-02  -4.1525034e-04   4.8478292e-02  -1.2235429e-03
   5.0917834e-03  -1.0772515e-05   4.9992447e-02   2.4020398e-04
   5.5415720e-03  -3.1413088e-04   5.2945800e-02   4.3537022e-04
  -3.0718789e-03  -7.1486354e-04   5.4950931e-02  -1.5013420e-05
   1.1298959e-03  -7.5606035e-04   4.9628900e-02   4.3161702e-04
   1.2011124e-03  -8.1972816e-04   4.5731075e-02  -7.1310806e-04
   8.0566397e-03  -1.1189197e-04   3.6481235e-02  -8.2195078e-04
  -6.9438088e-03   2.7011486e-04   2.2842594e-02  -4.8792193e-05
   1.2161054e-03  -2.5795341e-04   1.4728371e-02  -2.2519245e-04
  -4.2488257e-03  -4.7891814e-04   1.0470747e-02  -1.9554163e-03
   8.0379917e-04  -2.4297275e-04  -1.9798068e-03  -5.9300576e-04
  -1.8214760e-02  -4.9764397e-04  -6.7996178e-03   1.1559840e-03
  -4.4549787e-03  -1.2841286e-03   2.5739026e-03  -2.6084725e-03
   1.3251698e-02  -4.5270199e-04   4.1480244e-03  -4.1397769e-03
  -9.5282282e-02   1.0266382e-03  -3.5426849e-03  -2.0567526e-03
   6.1963799e-02  -2.9165989e-04  -9.1832879e-03  -8.6698914e-04
   1.0660531e-01  -2.7409978e-03  -3.1529024e-03  -2.9650263e-03
  -9.2141259e-02  -1.0968704e-03  -8.2163274e-03  -2.7736132e-03
  -2.0377494e-02   1.8767906e-03  -1.6754064e-02   1.5012156e-05
  -8.4393557e-03   3.7123431e-04  -7.7290992e-03  -2.6159789e-03
   5.6802568e-03  -1.8646292e-03  -8.2538065e-03  -4.1622961e-03
   2.6014448e-02  -1.6361741e-03  -1.4988799e-02  -1.8765991e-03
  -3.9249872e-02   1.6899540e-04  -1.4778916e-02  -1.6101221e-03
   3.5401061e-04   8.4687027e-04  -7.3205772e-03  -4.2298537e-03
   1.4417400e-02  -3.1413088e-04  -2.0585129e-03  -5.1343741e-03
   9.6421444e-03   1.5026958e-04  -1.1806824e-02  -2.7773664e-03
  -1.1752798e-02   8.8432192e-04  -1.4434108e-02  -2.2106337e-03
  -7.6972046e-03  -7.4440320e-05  -8.7147993e-03  -2.6610173e-03
   1.8083270e-03  -2.0818488e-03  -1.0011576e-02  -2.4395787e-03
  -1.4425292e-02  -3.1155143e-03  -1.3032390e-02  -1.7827692e-03
   4.1022486e-03  -2.1342811e-03  -1.2012959e-02  -1.1334661e-03
  -5.5794501e-03  -1.4264449e-03  -8.5611350e-03  -2.3119700e-03
   3.3151186e-03  -1.4901127e-03  -8.2687981e-03  -3.0663626e-03
   1.1250138e-02  -2.0781036e-03  -8.2088316e-03  -2.2293996e-03
  -3.6228699e-03  -2.5612299e-03  -7.2268794e-03  -2.3720211e-03
   1.2348465e-03  -2.2054392e-03  -4.1198629e-03  -3.7156657e-03
  -3.4392062e-03  -1.8196872e-03  -3.0667004e-03  -3.5167462e-03
   1.2911633e-04  -1.2654028e-03  -8.8909510e-03  -1.4412283e-03
   3.7461660e-03  -2.2799209e-04  -9.8016929e-03  -6.2303133e-04
   3.9185850e-03   4.5737311e-04  -4.5471245e-03  -1.7377308e-03
   4.0760109e-03   8.6601775e-05  -8.1795505e-04  -2.7098089e-03
  -1.5838284e-03  -8.5717981e-04   2.3677676e-03  -2.9612731e-03
  -1.7075203e-03  -1.7298032e-03   4.9088499e-03  -3.2915544e-03
  -3.7952889e-03  -1.7035871e-03   6.3892740e-03  -3.5280058e-03
  -5.2307708e-04  -5.5756661e-04   4.9575727e-03  -2.5108894e-03
   3.4388105e-03  -1.4517680e-05   5.9500665e-04  -7.1310806e-04
   4.1172416e-03  -3.7779869e-04   1.1796804e-03  -3.9408632e-04
   2.5655643e-04  -7.1111837e-04   5.2574054e-03  -1.1709981e-03
  -7.8621271e-03  -1.4039739e-03   7.5098988e-03  -1.5988626e-03
  -5.4857442e-03  -1.7335484e-03   9.3950970e-03  -1.8540799e-03
   9.9495931e-04  -1.3253254e-03   9.2526764e-03  -1.8090416e-03
   4.7132114e-03  -5.5382144e-04   8.1170600e-03  -1.9704291e-03
   3.9448226e-03   4.9856992e-04   7.9446562e-03  -1.7790160e-03
   1.3098113e-03   2.3266321e-04   7.1613432e-03  -1.4562411e-03
   3.0153528e-04  -6.1748925e-04   6.3105679e-03  -1.5237986e-03
  -2.3109866e-03  -9.8826058e-04   4.7064628e-03  -1.2047769e-03
  -3.3155144e-03  -1.1455575e-03   3.9606289e-03  -9.0076791e-04
  -2.1648053e-03  -7.3733453e-04   6.5017112e-03  -1.1559853e-03
   1.8533058e-03  -2.9165989e-04   8.7654483e-03  -2.1768549e-03
   5.2791953e-03   1.2779859e-04   7.9109250e-03  -2.2706848e-03
  -4.4061584e-04   8.2856610e-05   5.4785321e-03  -1.5913562e-03
  -4.0726585e-03  -6.1748925e-04   5.6546838e-03  -1.5313050e-03
   5.2268132e-04  -1.3065996e-03   7.4986550e-03  -1.7302244e-03
  -1.9586522e-03  -1.3103448e-03   5.7521294e-03  -1.5125390e-03
  -8.7541145e-04  -5.3509562e-04   2.0941702e-03  -7.4313364e-04
   5.1330141e-03  -1.9054044e-04   2.0117162e-03  -9.0827431e-04
   5.5228308e-03  -2.0552110e-04   3.8519396e-03  -1.9554163e-03
   3.9298297e-03  -2.8042440e-04   2.7687939e-03  -2.4433319e-03
  -4.1288820e-03  -8.3845398e-04   1.2021679e-03  -2.2932040e-03
  -4.2375809e-03  -1.3552868e-03  -1.8830634e-04  -2.4283191e-03
   5.2754471e-03  -1.0818897e-03  -3.1603982e-03  -2.3344892e-03
   1.0571707e-02  -5.7254727e-04  -5.8364052e-03  -2.1092973e-03
  -6.8463546e-03  -2.3548242e-04  -8.7710179e-03  -2.0079610e-03
  -1.4661431e-02   7.9533100e-06  -1.0495056e-02  -1.7640032e-03
   5.9238923e-03  -5.6131177e-04  -9.6742640e-03  -2.3007104e-03
  -2.3709584e-03  -1.1343220e-03  -9.4044146e-03  -2.4996298e-03
  -3.6978347e-03  -1.2728931e-03  -7.7665783e-03  -2.5897066e-03
   1.7472214e-02  -1.3028544e-03  -6.3648604e-03  -2.8374176e-03
   2.7828688e-03  -6.8490222e-04  -5.6040348e-03  -3.0325838e-03
  -7.7946588e-03   1.5775991e-04  -4.3559811e-03  -3.7344316e-03
   1.9672429e-02   1.3154375e-04  -1.0101526e-02  -2.3607615e-03
   1.4368672e-02  -9.2459278e-04  -1.2979920e-02  -9.3454669e-04
  -1.9054366e-02  -1.5238192e-03  -5.6602535e-03  -2.4996298e-03
  -8.4880828e-03  -1.4564062e-03  -1.7361928e-03  -3.8808063e-03
   6.0139432e-04  -9.5080893e-04  -6.7171638e-03  -2.4245659e-03
  -1.4938800e-02  -5.3509562e-04  -1.1649412e-02  -5.4421420e-04
   5.5902991e-03  -1.1493027e-03  -6.0387923e-03  -1.9704291e-03
   1.7400997e-02  -9.0961212e-04   2.3145947e-04  -3.5805506e-03
  -4.2713151e-03  -5.1262463e-04  -2.8418259e-03  -2.5634342e-03
  -5.0134662e-03  -1.4152094e-03  -4.7757470e-03  -1.5012794e-03
  -3.1880743e-03  -1.9844745e-03  -1.3351665e-03  -1.8953651e-03
  -6.5801365e-04  -1.5837418e-03   1.6781523e-03  -2.5409150e-03
   2.2955979e-03  -6.7741189e-04   5.2004847e-04  -1.6776797e-03
   1.6658939e-03  -1.1938230e-04  -1.0960025e-04  -1.1672449e-03
   7.0933425e-03  -1.3061780e-04   3.3197365e-03  -1.8090416e-03
  -1.2576385e-04  -7.0362804e-04   5.1449682e-03  -1.6439009e-03
  -4.7998166e-03  -1.0481832e-03   5.8645667e-03  -1.2235429e-03
  -3.0343965e-03  -1.4788772e-03   7.3412428e-03  -1.3699175e-03
   1.8120752e-03  -1.8346679e-03   8.3869095e-03  -1.6326413e-03
   3.0714832e-03  -1.0444381e-03   7.8322189e-03  -1.4900198e-03
  -1.7824850e-03  -2.7293407e-04   6.3293074e-03  -1.2423088e-03
   2.7228970e-03  -6.3204825e-05   6.7790565e-03  -1.6101221e-03
   3.8960955e-03  -1.3328158e-03   6.2131222e-03  -1.9629227e-03
  -1.4189060e-03  -1.4901127e-03   4.9163457e-03  -1.7339776e-03
  -5.5269748e-03  -4.0401484e-04   5.6321963e-03  -1.6626669e-03
  -1.4264024e-03  -9.4331860e-04   8.3306908e-03  -2.4583447e-03
   6.8647000e-03  -9.1710245e-04   7.0001831e-03  -2.2706848e-03
   1.7258657e-03  -2.7667923e-04   1.2771261e-03  -9.7958505e-04
  -6.6102156e-03   4.6298000e-07   1.1009744e-03  -8.7074234e-04
  -1.2239976e-03  -7.8227651e-04   3.9194019e-03  -1.8615863e-03
   4.7207079e-03  -1.5013482e-03   4.1855035e-03  -2.6722769e-03
  -1.7824850e-03  -6.1748925e-04   1.8168250e-03  -2.1956209e-03
  -4.9909768e-03  -4.4521166e-04   9.7354545e-04  -2.3682679e-03
   1.3210560e-03  -9.2459278e-04   2.4277341e-03  -3.2052309e-03
   1.7595999e-03  -8.6467014e-04   2.1646784e-04  -2.5296554e-03
  -2.2735042e-03  -8.5343464e-04  -3.5726682e-03  -1.8127948e-03
  -1.6363038e-03  -9.3582827e-04  -4.4571747e-03  -1.9141311e-03
   1.3135595e-03  -9.1710245e-04  -4.3897123e-03  -2.2969572e-03
   6.5761789e-04  -6.5494090e-04  -5.7202200e-03  -2.2519188e-03
  -2.7495304e-03  -5.5382144e-04  -6.6422056e-03  -1.9216375e-03
  -3.1918225e-03  -8.2721849e-04  -4.6258306e-03  -2.3419956e-03
  -1.4189060e-03  -9.1710245e-04  -2.4482955e-03  -2.8787027e-03
   8.6751922e-04  -8.3096365e-04  -3.4339955e-03  -2.6610173e-03
   1.7521034e-03  -5.2760529e-04  -5.0755797e-03  -2.1618421e-03
   1.0286935e-03  -6.0625375e-04  -6.5972307e-03  -2.2369060e-03
   5.4517075e-04  -8.4594431e-04  -7.2531148e-03  -2.1731017e-03
  -1.9886381e-03  -6.2872474e-04  -6.0537839e-03  -1.7977820e-03
  -3.7877924e-03  -1.0294574e-03  -3.7338282e-03  -2.3082168e-03
   2.8654233e-04  -1.1717737e-03  -1.8261426e-03  -2.7285749e-03
   3.1389514e-03  -5.1262463e-04  -3.3590373e-03  -2.1430761e-03
  -9.4662797e-04  -4.3397616e-04  -4.7682511e-03  -1.5125390e-03
  -1.2464870e-03  -7.8227651e-04  -3.1791377e-03  -1.7039521e-03
   2.1531649e-03  -9.8826058e-04  -1.8598737e-03  -2.0942846e-03
  -6.6551012e-04  -1.1081059e-03  -1.6649825e-03  -1.9741823e-03
  -3.2030672e-03  -1.1380672e-03  -1.6162597e-03  -1.9103779e-03
  -1.1565293e-03  -1.0743994e-03  -3.0823942e-04  -2.1993741e-03
   2.5280819e-04  -1.0182219e-03   3.7388001e-04  -1.9178843e-03
   3.1652823e-04  -7.8602167e-04  -1.1334816e-04  -1.5913562e-03
   4.3272361e-04  -7.4857002e-04   7.2618346e-04  -2.0192206e-03
   3.3152119e-04  -8.2721849e-04   2.0004725e-03  -2.0417398e-03
  -5.9429360e-04  -7.9725717e-04   3.2072992e-03  -2.0117142e-03
  -1.6737861e-03  -1.1418123e-03   3.5558548e-03  -1.9141311e-03
  -1.7262615e-03  -1.1755188e-03   4.5453027e-03  -1.9554163e-03
  -7.2173369e-04  -1.0968704e-03   6.0707017e-03  -2.1655953e-03
   2.4156347e-04  -8.7216047e-04   4.5228153e-03  -1.9216375e-03
   3.2777295e-04  -3.7405352e-04   2.6113817e-03  -1.6026158e-03
   5.2268132e-04  -6.6243123e-04   2.4802049e-03  -1.4036963e-03
   8.3753332e-04  -7.8976684e-04   3.9044103e-03  -2.2331528e-03
  -1.3964165e-03  -9.6578959e-04   5.3323636e-03  -2.3682679e-03
  -3.3380038e-03  -1.4564062e-03   4.6015214e-03  -1.6326413e-03
  -1.9474075e-03  -1.0257122e-03   5.2761450e-03  -2.0680122e-03
  -2.7944161e-04  -7.4857002e-04   5.8945500e-03  -2.3757743e-03
   1.3735314e-03  -7.4482486e-04   2.9074665e-03  -1.6288881e-03
   5.3392604e-04  -1.1043607e-03   1.0522515e-03  -1.2573216e-03
  -1.8724428e-03  -1.9208067e-03   3.2710137e-03  -1.9779355e-03
  -9.7661388e-04  -1.4751320e-03   4.4328655e-03  -2.5559278e-03
  -6.3552422e-04  -5.8378276e-04   2.4989444e-03  -2.6384981e-03
  -1.6699447e-04  -1.6432428e-04   1.3595801e-03  -2.4358255e-03
   1.4559926e-03  -6.5494090e-04  -3.6071015e-04  -1.9291439e-03
  -1.4825328e-04  -1.8833550e-03  -2.2983791e-03  -1.6551605e-03
  -3.0793754e-03  -2.0331616e-03  -2.1259753e-03  -1.7452372e-03
  -4.8560402e-03  -1.7223129e-03  -2.5682286e-03  -2.1843613e-03
  -1.1340399e-03  -1.0257122e-03  -3.1154233e-03  -3.0513498e-03
   5.0767905e-03   3.4169465e-05  -3.4977100e-03  -3.4491887e-03
   1.5684397e-03  -3.3243505e-05  -5.6977326e-03  -2.9988050e-03
  -3.5966322e-03  -4.2274067e-04  -5.5140850e-03  -2.7698600e-03
  -3.5806138e-05  -8.9463146e-04  -3.8799967e-03  -2.5746938e-03
   1.2985666e-03  -1.2129705e-03  -5.9151113e-03  -2.2181401e-03
  -5.5681122e-04  -4.1899550e-04  -8.8984469e-03  -1.8465736e-03
  -9.0539735e-04   1.2779859e-04  -1.0596250e-02  -1.1860109e-03
  -3.1543402e-03   6.4130785e-05  -7.8003095e-03  -1.7790160e-03
  -5.3807003e-04  -4.9764397e-04  -2.3471019e-03  -3.5280058e-03
   2.7416382e-03  -9.8826058e-04  -2.8155905e-03  -3.6406017e-03
  -7.4047488e-04  -5.1636979e-04  -7.6316536e-03  -1.9666759e-03
  -1.2614800e-03  -8.6092497e-04  -8.3662438e-03  -1.6626669e-03
   1.6846351e-03  -1.2579125e-03  -5.0605880e-03  -2.7998856e-03
  -2.2696628e-04  -6.0625375e-04  -4.8357135e-03  -2.3795275e-03
  -7.7047011e-03  -5.6131177e-04  -7.2718543e-03  -1.4675007e-03
  -5.4295206e-03  -1.1493027e-03  -5.9076155e-03  -1.5913562e-03
   2.3143391e-03  -1.7298032e-03  -1.9310840e-03  -2.0304802e-03
  -1.7412544e-03  -1.4638965e-03  -1.2002418e-03  -2.0605058e-03
  -1.9624005e-03  -7.5606035e-04  -8.6292996e-04  -1.6589137e-03
   3.1876785e-03  -7.2235387e-04   2.1541368e-03  -2.3757743e-03
   4.2259405e-03  -5.6505694e-04   4.4591008e-03  -2.7098089e-03
   9.9130430e-05  -3.1413088e-04   5.4035739e-03  -1.9216375e-03
  -5.1184169e-03  -6.3246991e-04   6.2018785e-03  -1.7677564e-03
   4.1398242e-04  -1.0706542e-03   7.0863850e-03  -1.5800966e-03
   3.5401061e-04  -9.9949608e-04   7.2363014e-03  -1.2685812e-03
  -2.8020058e-03  -4.3397616e-04   7.1238641e-03  -1.0696618e-03
   1.7183692e-03  -1.6806945e-04   7.7909919e-03  -1.2760876e-03
   1.3098113e-03  -3.3660187e-04   8.1283037e-03  -1.7039521e-03
   7.4382737e-04  -4.1899550e-04   7.9484041e-03  -1.9328971e-03
   2.3781524e-04  -7.5980552e-04   6.8802500e-03  -2.0342334e-03
  -2.2172807e-03  -1.0519284e-03   5.3998260e-03  -1.5725902e-03
  -1.6063179e-03  -1.0182219e-03   6.9589561e-03  -1.7377308e-03
   2.2955979e-03  -1.0893800e-03   9.3388783e-03  -2.4620979e-03
   1.9844941e-03  -7.3358936e-04   6.7790565e-03  -2.1580889e-03
  -2.9144529e-03  -6.2123441e-04   2.5439193e-03  -9.8333825e-04
  -1.0628233e-03  -1.1493027e-03   3.0723745e-03  -8.9326152e-04
   1.1298959e-03  -1.6623903e-03   6.2880804e-03  -2.2969572e-03
  -2.8169987e-03  -1.4376804e-03   5.7034066e-03  -2.3645147e-03
  -2.4159373e-03  -7.0737321e-04   1.9854809e-03  -1.5913562e-03
   1.3023148e-03  -8.6467014e-04   9.4731009e-04  -2.0717654e-03
   4.4395900e-03  -8.6092497e-04   1.1459493e-03  -2.6985493e-03
   4.1884581e-03  -6.9613771e-04  -1.0128463e-03  -2.5521746e-03
  -4.1888538e-03  -1.0556735e-03  -3.2166168e-03  -2.2444124e-03
  -3.8702536e-03  -1.2429318e-03  -4.9444029e-03  -2.3982935e-03
   7.1384146e-04  -1.2167156e-03  -6.7508950e-03  -2.6272385e-03
  -1.7300097e-03  -6.1748925e-04  -8.1226297e-03  -2.4057999e-03
   3.5775885e-04  -3.1413088e-04  -9.6592724e-03  -1.9554163e-03
   7.2133794e-04  -6.6243123e-04  -8.1263776e-03  -2.1580889e-03
  -5.7930065e-04  -8.8339596e-04  -4.7045367e-03  -2.8224048e-03
  -3.1692399e-04  -1.0968704e-03  -4.1198629e-03  -2.7398344e-03
  -4.3302614e-05  -8.9837662e-04  -4.8806884e-03  -2.5446682e-03
   2.3030944e-03  -5.8003760e-04  -8.0551673e-03  -2.2556720e-03
  -1.5575908e-03  -6.3621507e-04  -1.0862351e-02  -1.0771682e-03
  -3.9339737e-03  -8.7590563e-04  -6.8595844e-03  -1.4750071e-03
   1.6209151e-03  -1.2991093e-03  -2.2271688e-03  -3.2352564e-03
   1.9432635e-03  -1.1493027e-03  -4.1161150e-03  -3.1376733e-03
  -2.0561064e-03  -5.0887946e-04  -8.6960598e-03  -1.5988626e-03
  -2.0822509e-04  -6.1748925e-04  -7.8078053e-03  -1.4787603e-03
   3.1689374e-03  -7.9351200e-04  -2.6994054e-03  -2.9199879e-03
