  -1.0702266e-04  -9.9200575e-04  -2.8575197e-04  -2.0304802e-03
  -2.3821099e-04  -7.8976684e-04  -4.3941624e-04  -2.1843613e-03
  -3.9563699e-04  -1.3178351e-03  -2.9699570e-04  -2.0905314e-03
  -3.2816870e-04  -1.1043607e-03  -3.1948315e-04  -2.0004546e-03
  -2.3446275e-04  -8.1598299e-04  -2.1079379e-04  -2.1956209e-03
  -3.3191694e-04  -9.3582827e-04  -3.1198733e-04  -2.0980378e-03
  -2.3071451e-04  -8.6092497e-04  -4.2817251e-04  -2.0229738e-03
  -2.1197332e-04  -9.3582827e-04  -1.1334816e-04  -2.1055441e-03
  -2.5695218e-04  -4.8266331e-04  -1.8081052e-04  -1.8878587e-03
   5.4244800e-06  -6.8864738e-04  -1.0960025e-04  -1.7152117e-03
  -2.0719960e-06  -1.0669090e-03   1.0332842e-05  -1.7564968e-03
  -2.6444866e-04  -9.0961212e-04  -1.0960025e-04  -1.7377308e-03
  -1.4450504e-04  -8.4968948e-04  -1.9205424e-04  -1.8916119e-03
  -2.4561424e-05  -7.6355068e-04  -1.4707934e-04  -2.0267270e-03
  -1.7823918e-04  -7.5980552e-04  -1.1709606e-04  -1.9479099e-03
  -9.2029708e-05  -7.9725717e-04  -9.8356519e-05  -1.8353140e-03
  -1.6324623e-04  -9.4706377e-04   7.0299386e-05  -1.9929482e-03
  -1.6324623e-04  -8.3470882e-04   3.2820296e-05  -2.1130505e-03
  -5.8295566e-05  -9.2833794e-04  -2.3328124e-04  -1.9779355e-03
  -1.7449094e-04  -8.7965080e-04  -4.0568506e-04  -2.0492462e-03
  -5.4547328e-05  -7.5980552e-04  -8.3364883e-05  -1.9554163e-03
  -2.1572156e-04  -1.0144767e-03  -9.1088500e-07  -1.9479099e-03
  -2.1197332e-04  -7.6355068e-04  -3.4571851e-04  -1.9028715e-03
   1.6762420e-06  -8.9088629e-04  -2.7076033e-04  -1.8203012e-03
  -3.2442046e-04  -1.0369477e-03  -1.5457515e-04  -2.0942846e-03
  -3.3566518e-04  -8.0474750e-04  -2.1828961e-04  -2.1731017e-03
   7.2892764e-05  -8.0849266e-04  -3.5321433e-04  -2.2932040e-03
  -5.8295566e-05  -7.5980552e-04  -3.7195388e-04  -2.1806081e-03
  -4.1812641e-04  -8.1598299e-04  -2.4077706e-04  -2.0867782e-03
  -9.9526184e-05  -7.7853134e-04  -2.0329797e-04  -2.2293996e-03
  -6.2043804e-05  -9.2459278e-04  -1.9205424e-04  -2.1993741e-03
  -2.1572156e-04  -9.5829926e-04  -2.8200406e-04  -2.2218933e-03
   2.0417432e-05  -8.4594431e-04  -1.7331470e-04  -2.1618421e-03
  -2.1572156e-04  -9.8077025e-04  -9.4608610e-05  -2.2331528e-03
  -1.1451914e-04  -8.3845398e-04  -3.7195388e-04  -2.3044636e-03
  -1.3326033e-04  -6.8864738e-04  -2.8200406e-04  -2.2706848e-03
  -3.0567927e-04  -7.8602167e-04  -1.1334816e-04  -2.1355697e-03
  -5.0799090e-05  -8.3845398e-04  -3.1948315e-04  -2.2444124e-03
  -3.5440637e-04  -7.5231519e-04  -2.2578543e-04  -2.3945403e-03
  -3.3941342e-04  -9.2084761e-04  -3.4642066e-05  -2.1618421e-03
  -2.6444866e-04  -9.7702509e-04  -2.5951661e-04  -2.2631784e-03
  -2.0072861e-04  -7.1486354e-04  -2.0704588e-04  -2.3795275e-03
  -7.3288518e-05  -5.7254727e-04  -2.3398339e-05  -2.4057999e-03
  -3.5440637e-04  -8.1223783e-04  -1.9955006e-04  -2.3344892e-03
  -7.3288518e-05  -1.0556735e-03  -1.2084397e-04  -2.2669316e-03
   1.6762420e-06  -8.4968948e-04   1.4900547e-04  -2.1017910e-03
  -1.8573566e-04  -8.8714113e-04  -1.3208770e-04  -2.0417398e-03
   2.4165670e-05  -8.4968948e-04  -2.3328124e-04  -2.2444124e-03
   2.0417432e-05  -6.6243123e-04   3.2820296e-05  -1.9216375e-03
  -1.7823918e-04  -6.2872474e-04  -9.8356519e-05  -2.0905314e-03
  -1.5574975e-04  -6.4370540e-04   4.0316114e-05  -2.0905314e-03
  -2.8309662e-05  -8.2347332e-04   6.2803568e-05  -1.8841055e-03
   3.1662146e-05  -6.6243123e-04  -1.3208770e-04  -2.0454930e-03
   4.6655098e-05  -6.6992156e-04  -7.5869065e-05  -1.8765991e-03
  -8.0784994e-05  -9.0961212e-04  -2.3328124e-04  -2.1168037e-03
  -9.5777946e-05  -7.7104101e-04  -1.1334816e-04  -2.0567526e-03
  -7.3288518e-05  -7.0737321e-04   1.4080751e-05  -1.8203012e-03
  -1.3316710e-05  -6.5494090e-04   2.8370240e-06  -1.9704291e-03
  -1.5200152e-04  -6.2497958e-04  -3.8389975e-05  -2.1993741e-03
  -2.9818280e-04  -8.7590563e-04  -1.0585234e-04  -2.2106337e-03
   2.4165670e-05  -9.3957344e-04  -4.9633702e-05  -1.8803523e-03
  -2.0813186e-05  -6.9613771e-04  -3.6445806e-04  -1.9253907e-03
  -1.1826737e-04  -6.4745057e-04  -1.6581888e-04  -1.7977820e-03
  -5.8202340e-06  -8.1598299e-04  -4.9633702e-05  -1.9366503e-03
  -8.8281470e-05  -7.0737321e-04  -3.5696224e-04  -2.1092973e-03
  -1.2201561e-04  -7.1860870e-04  -2.2953333e-04  -1.9028715e-03
  -8.8281470e-05  -8.8714113e-04  -3.4197060e-04  -2.1468293e-03
   9.1727180e-06  -8.3096365e-04  -1.8830634e-04  -2.0304802e-03
  -2.8309662e-05  -8.2347332e-04  -1.8081052e-04  -2.0079610e-03
  -4.3302614e-05  -7.5231519e-04  -3.7195388e-04  -2.1168037e-03
  -2.4195923e-04  -1.0968704e-03  -2.1828961e-04  -2.0117142e-03
  -4.3686760e-04  -8.5717981e-04  -3.9818924e-04  -2.1092973e-03
  -1.9698037e-04  -6.0625375e-04  -3.3072688e-04  -2.0417398e-03
  -3.0193104e-04  -1.1830092e-03  -2.3328124e-04  -2.0830250e-03
  -3.9563699e-04  -9.5455410e-04  -2.5202079e-04  -2.1055441e-03
  -2.6444866e-04  -9.8826058e-04  -1.9955006e-04  -2.0117142e-03
  -2.4945570e-04  -8.9088629e-04  -3.7195388e-04  -1.9366503e-03
  -2.8693808e-04  -9.0961212e-04  -1.9580215e-04  -2.0192206e-03
  -3.1692399e-04  -1.0182219e-03  -3.3822270e-04  -2.1655953e-03
  -2.4195923e-04  -6.8864738e-04  -5.5560142e-04  -2.0905314e-03
  -3.8064403e-04  -9.8451542e-04  -1.2459188e-04  -2.0529994e-03
  -3.0942751e-04  -7.7853134e-04  -2.5576870e-04  -2.0905314e-03
  -3.3566518e-04  -8.3845398e-04  -3.1948315e-04  -2.0980378e-03
  -3.5440637e-04  -8.0100233e-04  -1.3208770e-04  -2.0492462e-03
  -7.7036756e-05  -7.6729585e-04  -3.7570179e-04  -2.1430761e-03
  -3.2442046e-04  -1.1605382e-03  -2.4077706e-04  -2.0605058e-03
  -2.8318985e-04  -9.5080893e-04  -1.6956679e-04  -2.0342334e-03
  -2.7194513e-04  -9.2833794e-04  -3.5696224e-04  -2.3532552e-03
  -3.9938522e-04  -9.4331860e-04  -2.5202079e-04  -2.1092973e-03
  -3.2057900e-05  -8.8714113e-04  -6.4625338e-05  -1.9554163e-03
  -1.6699447e-04  -6.5494090e-04  -6.8373247e-05  -1.9891950e-03
  -3.6939932e-04  -7.3358936e-04  -2.4827288e-04  -1.7114585e-03
  -1.4825328e-04  -9.3208311e-04  -2.4827288e-04  -1.8428204e-03
  -5.8295566e-05  -7.4857002e-04  -1.2833979e-04  -2.0529994e-03
  -1.2576385e-04  -8.8714113e-04  -1.6956679e-04  -1.8540799e-03
  -1.1451914e-04  -9.8826058e-04  -3.3072688e-04  -1.6326413e-03
  -2.0813186e-05  -9.0961212e-04  -1.9205424e-04  -1.7640032e-03
  -1.6699447e-04  -7.4482486e-04   7.0299386e-05  -1.8878587e-03
  -2.2696628e-04  -7.1486354e-04   1.3401384e-04  -1.9028715e-03
  -2.4561424e-05  -9.0586695e-04  -3.4642066e-05  -2.0529994e-03
  -8.4533232e-05  -7.4107969e-04  -3.8319760e-04  -1.9479099e-03
   2.0417432e-05  -7.6355068e-04  -4.2817251e-04  -1.9216375e-03
  -9.5684720e-06  -1.0706542e-03  -2.5951661e-04  -2.0942846e-03
  -3.5440637e-04  -8.1972816e-04  -2.2203752e-04  -1.9741823e-03
   9.1727180e-06  -6.7366672e-04  -1.2833979e-04  -1.9216375e-03
  -9.9526184e-05  -9.6204443e-04  -1.5902521e-05  -2.0905314e-03
  -5.0433589e-04  -7.7478618e-04  -8.7112792e-05  -2.1318165e-03
  -8.8281470e-05  -6.3621507e-04  -9.4608610e-05  -2.0304802e-03
  -1.1077090e-04  -1.0069864e-03  -2.9699570e-04  -2.0267270e-03
  -1.7449094e-04  -6.8115705e-04  -3.8319760e-04  -2.0042078e-03
  -1.7064948e-05  -4.4521166e-04  -2.7076033e-04  -2.0830250e-03
  -2.2696628e-04  -6.7741189e-04  -2.7825615e-04  -2.1430761e-03
  -1.2951209e-04  -8.7216047e-04  -1.2833979e-04  -1.9629227e-03
  -2.0719960e-06  -1.0219671e-03  -3.3822270e-04  -2.1918677e-03
  -2.0813186e-05  -7.0362804e-04  -3.3447479e-04  -2.3607615e-03
  -2.4195923e-04  -7.3733453e-04  -9.8356519e-05  -2.1843613e-03
  -3.2067223e-04  -7.9725717e-04  -2.2578543e-04  -2.1843613e-03
  -1.1077090e-04  -8.3845398e-04  -3.6820597e-04  -2.2256465e-03
  -2.2696628e-04  -9.7702509e-04  -2.9324779e-04  -2.0304802e-03
  -4.3302614e-05  -8.3845398e-04  -1.2084397e-04  -1.9891950e-03
  -2.1946980e-04  -9.2459278e-04  -1.0960025e-04  -2.2218933e-03
  -3.5815461e-04  -7.5980552e-04  -1.5832306e-04  -2.0342334e-03
   1.6762420e-06  -8.0849266e-04  -3.6820597e-04  -2.2444124e-03
  -1.0702266e-04  -9.8077025e-04  -1.6956679e-04  -2.5559278e-03
  -9.5777946e-05  -9.6204443e-04   6.5849330e-06  -2.0304802e-03
  -1.3316710e-05  -9.5829926e-04  -1.7706261e-04  -2.1543357e-03
  -1.4450504e-04  -7.7478618e-04  -5.7129520e-05  -2.4095531e-03
  -1.7823918e-04  -8.0474750e-04   1.4080751e-05  -1.9328971e-03
   9.5382192e-05  -5.0513430e-04   1.1902220e-04  -1.9629227e-03
   1.8533990e-04  -5.4633111e-04  -1.9650430e-05  -2.0454930e-03
   5.4151574e-05  -8.2721849e-04  -1.2459188e-04  -1.9554163e-03
   9.9130430e-05  -5.3884078e-04  -1.2833979e-04  -2.0079610e-03
   1.6762420e-06  -5.8003760e-04  -9.8356519e-05  -1.8916119e-03
   3.1662146e-05  -6.6992156e-04   1.9023247e-04  -2.0192206e-03
   1.4785752e-04  -6.5119573e-04   5.1559841e-05  -1.9891950e-03
  -8.0784994e-05  -5.3135045e-04  -2.7146248e-05  -1.8090416e-03
  -8.8281470e-05  -6.9239255e-04  -7.5869065e-05  -1.7940288e-03
   1.2161986e-04  -8.1598299e-04  -9.8356519e-05  -1.9328971e-03
   5.4244800e-06  -5.2011496e-04  -7.9616974e-05  -2.1505825e-03
   9.9130430e-05  -8.3845398e-04  -1.9580215e-04  -1.7640032e-03
   2.0417432e-05  -8.3096365e-04  -9.4608610e-05  -1.7865224e-03
  -3.3191694e-04  -6.3621507e-04  -9.0860701e-05  -2.1130505e-03
  -4.3302614e-05  -8.2347332e-04   1.4080751e-05  -1.9479099e-03
  -7.7036756e-05  -8.9463146e-04  -1.8830634e-04  -1.8765991e-03
  -1.7074271e-04  -9.5455410e-04  -3.2323106e-04  -1.8953651e-03
  -4.7050852e-05  -8.6467014e-04  -1.6956679e-04  -2.1918677e-03
  -3.0193104e-04  -1.0219671e-03  -1.5832306e-04  -2.1168037e-03
  -2.3071451e-04  -8.3470882e-04  -9.4608610e-05  -1.7902756e-03
  -1.3326033e-04  -6.8115705e-04  -2.8949988e-04  -2.0117142e-03
  -1.8948390e-04  -8.6841530e-04  -4.2137884e-05  -1.9704291e-03
  -1.7074271e-04  -9.5455410e-04  -1.2833979e-04  -1.9441567e-03
  -5.4547328e-05  -9.7327992e-04  -4.3192042e-04  -2.1430761e-03
  -1.8948390e-04  -6.6243123e-04  -3.3447479e-04  -1.8390672e-03
  -4.1062994e-04  -8.2347332e-04  -5.5560142e-04  -1.9929482e-03
  -2.0447685e-04  -9.0586695e-04  -2.8575197e-04  -2.2819444e-03
  -2.0813186e-05  -1.0069864e-03  -1.7331470e-04  -1.9741823e-03
  -5.0799090e-05  -1.1118510e-03  -3.1198733e-04  -2.2031273e-03
  -2.0447685e-04  -7.9351200e-04  -2.6326452e-04  -2.2031273e-03
  -2.8318985e-04  -1.0406929e-03  -2.2953333e-04  -1.8728459e-03
  -3.2067223e-04  -1.0931252e-03  -2.2578543e-04  -1.9554163e-03
  -9.9526184e-05  -1.0369477e-03  -3.5696224e-04  -2.0605058e-03
  -1.6324623e-04  -1.1418123e-03  -4.0568506e-04  -2.2369060e-03
  -2.9818280e-04  -9.6204443e-04  -3.4197060e-04  -2.1731017e-03
   2.4165670e-05  -1.0481832e-03  -2.7076033e-04  -2.0117142e-03
  -2.1197332e-04  -1.0594187e-03  -4.1318088e-04  -2.0529994e-03
  -1.9323213e-04  -1.0669090e-03  -4.2817251e-04  -2.1092973e-03
  -3.3191694e-04  -1.0406929e-03  -3.6445806e-04  -2.1092973e-03
  -5.7180417e-04  -8.7216047e-04  -8.4067030e-06  -1.9441567e-03
  -1.5574975e-04  -9.6204443e-04   1.0332842e-05  -1.8503268e-03
  -2.2321804e-04  -7.5231519e-04  -4.8064324e-04  -1.9779355e-03
   5.4244800e-06  -8.8714113e-04  -2.4077706e-04  -1.9253907e-03
  -1.3316710e-05  -8.2347332e-04  -2.2953333e-04  -1.8803523e-03
  -3.2067223e-04  -5.6131177e-04  -2.4827288e-04  -1.8127948e-03
   1.6762420e-06  -9.0961212e-04   3.2820296e-05  -1.7152117e-03
  -1.3700856e-04  -7.8227651e-04  -4.1318088e-04  -1.9028715e-03
  -1.7823918e-04  -8.6841530e-04  -2.5951661e-04  -1.8127948e-03
   6.9144526e-05  -9.2084761e-04   7.4047295e-05  -1.9516631e-03
  -7.7036756e-05  -8.0100233e-04  -2.8575197e-04  -2.0267270e-03
  -1.9323213e-04  -7.8227651e-04  -1.0210443e-04  -1.8916119e-03
  -2.1197332e-04  -6.6992156e-04  -4.6587940e-06  -2.1055441e-03
  -1.5949799e-04  -9.4331860e-04   1.7828660e-05  -1.9291439e-03
  -1.7074271e-04  -8.6841530e-04   6.5849330e-06  -2.0304802e-03
  -2.1197332e-04  -8.5717981e-04  -5.4060978e-04  -2.2669316e-03
  -2.4561424e-05  -9.6204443e-04  -6.0807214e-04  -2.2068805e-03
  -2.0072861e-04  -8.5717981e-04   1.4900547e-04  -2.3119700e-03
  -1.5200152e-04  -8.7965080e-04   7.4047295e-05  -2.4733575e-03
   6.1648050e-05  -6.9239255e-04  -1.4333143e-04  -2.0830250e-03
  -2.7194513e-04  -8.3470882e-04   5.4628383e-04  -2.2406592e-03
  -3.8064403e-04  -9.8451542e-04  -6.3805542e-04  -2.3194764e-03
  -7.3288518e-05  -8.0849266e-04   1.1272097e-03  -2.1618421e-03
  -2.0719960e-06  -8.9088629e-04  -9.6037559e-04  -2.7923792e-03
  -1.5574975e-04  -7.3358936e-04   1.0777848e-04  -1.4787603e-03
  -1.2951209e-04  -6.1748925e-04   5.8751083e-04  -2.8561835e-03
  -2.6070042e-04  -8.8339596e-04  -2.8230864e-03  -1.8690927e-03
   4.6655098e-05  -9.4331860e-04   4.5078236e-03  -2.3682679e-03
  -1.0327442e-04  -8.0100233e-04  -7.3393167e-03  -2.6572641e-03
  -1.2576385e-04  -9.3957344e-04   6.9589561e-03  -1.2235429e-03
  -2.5695218e-04  -9.3208311e-04  -6.4210790e-03  -4.2035813e-03
  -1.3700856e-04  -1.2391866e-03   2.1616326e-03   1.0133569e-04
  -2.4561424e-05  -1.0743994e-03   4.1330327e-03  -5.2131913e-03
  -5.3807003e-04  -6.3621507e-04  -1.3253517e-02   8.5572828e-04
   5.8265313e-04  -1.1942447e-03   2.3513470e-02  -4.2598792e-03
  -5.5306298e-04  -4.7891814e-04  -3.5624786e-02  -3.4829674e-03
  -1.5088637e-03  -8.4968948e-04   5.5415672e-02   6.6544176e-03
   1.7217333e-02  -9.5829926e-04  -5.7703718e-02  -8.6150885e-02
   2.7723644e-02   2.0303424e-03  -5.8944276e-02  -1.5362961e-01
  -1.4980031e-02   4.0602218e-03   2.1499039e-01  -1.2985686e-01
  -4.3856457e-02   3.4501816e-04   2.0867142e-01  -1.2173119e-01
  -1.4151670e-02  -6.0816850e-03   2.1162477e-01  -1.0266120e-01
   1.5796751e-02  -6.2539626e-03   5.6007841e-02  -7.3209861e-02
  -2.8844670e-03  -1.3140899e-03   2.0602539e-01  -5.7829260e-02
  -2.6453388e-02   1.6258646e-03   1.8925350e-01  -5.5975181e-02
   8.6263719e-03  -4.2877509e-03   2.9116594e-02  -6.9576767e-02
   2.2138770e-02  -9.0703267e-03   1.4550791e-01  -6.2828518e-02
  -1.9612853e-02  -6.3475917e-03  -4.8843661e-02  -5.3419254e-02
  -1.9125582e-02  -4.5274415e-03  -5.5589897e-02  -6.1117061e-02
   3.4200693e-03  -3.6810342e-03  -9.4748050e-02  -5.3554369e-02
  -3.8440159e-03  -2.9245109e-03  -1.7481838e-01  -4.4025001e-02
   2.5054992e-03  -3.2162121e-04  -1.0150178e-01  -3.4585711e-02
  -8.4917378e-04   1.8397606e-04  -3.8098406e-02  -2.9368767e-02
  -1.1055626e-02   1.9188805e-05  -1.9969770e-02  -3.5591568e-02
  -1.1685330e-02  -1.0706542e-03  -4.0144764e-02  -3.0573543e-02
  -5.0059697e-03  -3.7297214e-03  -4.7202077e-02  -1.7842699e-02
   8.1128633e-03  -1.4751320e-03  -6.1500350e-02  -1.8991177e-02
  -1.3525715e-02   1.5921581e-03  -2.4695883e-02  -3.0307066e-02
  -9.0578150e-03   2.2138555e-03  -4.1733878e-02  -2.3971670e-02
   7.5019005e-03  -1.4376804e-03  -2.6937133e-02  -1.7940282e-02
   1.1122698e-02  -3.5836599e-03  -1.8586792e-02  -2.4808633e-02
  -1.1826737e-04  -4.1525034e-04  -1.6536685e-02  -2.1017904e-02
  -2.0628626e-02   1.0715802e-03  -9.0790486e-04  -1.4235877e-02
   1.6531406e-02  -1.0294574e-03  -4.3484853e-03  -1.4284668e-02
   1.4795972e-02  -2.3402651e-03   3.6083255e-03  -1.1056919e-02
  -2.0429969e-02  -7.0695155e-05  -2.6206993e-03  -5.7649112e-03
  -9.0240809e-03   5.4351190e-04   1.6519170e-03  -1.1282111e-02
   1.8645505e-03  -1.5462902e-03  -8.4044250e-04  -1.5755922e-02
   2.7528829e-03  -1.3215803e-03  -4.9563487e-04  -1.1402213e-02
  -8.9341232e-03   8.2856610e-05  -2.3021270e-03  -1.0276254e-02
  -4.2638186e-03   3.2629233e-04  -1.7586802e-03  -1.3451459e-02
   7.2994956e-03  -1.9054044e-04  -3.7944969e-04  -1.5797207e-02
  -1.2914659e-03  -8.1223783e-04  -3.6776096e-03  -1.3203748e-02
   8.1615904e-03  -1.5462902e-03  -5.4691101e-03  -1.1394707e-02
   6.2387443e-03  -1.2916189e-03  -1.3261013e-02  -1.5714636e-02
  -3.5816393e-03   4.2081450e-06  -2.2034868e-02  -1.2325500e-02
   6.0139432e-04  -7.0362804e-04  -2.8878550e-02  -5.0217782e-03
   2.2093884e-03  -2.3252845e-03  -3.3814546e-02  -5.7348856e-03
   6.3549397e-03  -1.8758647e-03  -3.1138539e-02  -7.3262412e-03
   2.5992052e-03   2.9258585e-04  -1.3886914e-02  -8.1406849e-03
  -3.2180602e-03   1.4386063e-03  -3.9751234e-02  -2.2781912e-03
  -4.3762657e-03   8.6601775e-05  -5.8243417e-02  -4.5826542e-03
  -3.1393472e-03  -1.8496485e-03  -2.6236274e-02  -1.4378498e-02
  -5.5757019e-03  -1.8047066e-03  -2.2420903e-02  -1.1882622e-02
  -9.9086650e-03  -7.3733453e-04  -2.6442409e-02  -6.9133895e-03
   6.5311068e-03  -7.3358936e-04  -2.3871343e-02  -4.2336068e-03
   2.0305881e-02  -6.1374408e-04  -7.6091662e-03  -5.7911836e-03
   2.7978618e-03   6.4088619e-04   4.7701773e-03  -4.8115992e-03
  -6.8950817e-03   6.6710235e-04   3.6195692e-03  -2.1393229e-03
   6.5760857e-03  -2.1193004e-03   1.7216983e-02  -3.2990608e-03
   5.5828026e-03  -3.8270956e-03   1.7797909e-02  -1.8240544e-03
  -9.4626247e-03  -2.5837009e-03   1.5417987e-02   1.5763364e-04
  -8.7991866e-03  -1.2279511e-03   2.0395210e-02  -8.2570966e-05
   3.1989233e-03  -1.1230865e-03   1.4829565e-02  -7.5439323e-04
   1.3060631e-03  -1.7710001e-03   4.4441092e-03   1.1222053e-03
  -3.7315688e-03  -1.6099580e-03   1.3034317e-02   6.6431524e-04
  -4.3050492e-03  -1.2054801e-03   1.2955611e-02  -1.9366503e-03
  -3.0456413e-03  -1.4226997e-03   4.0011538e-04  -3.0213242e-03
  -8.0784994e-05  -8.7590563e-04  -1.4513517e-03  -1.8390672e-03
  -3.1505919e-03  -2.3173725e-04  -6.8183574e-03   1.3886766e-04
   3.7275180e-04  -2.1675659e-04  -3.8012906e-03  -1.9891950e-03
   1.9507600e-03  -6.8490222e-04   7.8240210e-04  -3.8432744e-03
   1.5347056e-03  -9.4706377e-04  -2.4827288e-04  -3.3591119e-03
   2.0782933e-04  -8.8339596e-04  -3.0894157e-05  -1.6063689e-03
  -2.3822031e-03  -1.0519284e-03  -4.6190369e-04  -7.6565282e-04
   3.2776363e-03  -7.5231519e-04  -2.5576870e-04  -2.5446682e-03
  -1.7823918e-04  -3.1038572e-04  -6.7178660e-04  -2.1693485e-03
  -4.3762657e-03  -4.0733835e-05  -2.5576870e-04  -7.4688684e-04
  -8.6416674e-04  -6.3246991e-04  -6.1931587e-04  -1.5575774e-03
  -1.5276049e-03  -1.2691480e-03  -6.2306378e-04  -2.6535109e-03
  -4.8298025e-03  -3.7779869e-04   1.5275338e-04  -2.1243101e-03
  -1.9736452e-03   8.6601775e-05  -8.8166950e-04  -1.7489904e-03
   5.9988570e-03  -5.7254727e-04   6.9994810e-04  -2.9725327e-03
   4.6232537e-03  -5.4633111e-04  -1.3951330e-03  -3.4717079e-03
  -3.4354580e-03  -1.0814681e-04   5.6502337e-04  -3.2014777e-03
   6.8010732e-04  -5.9876342e-04  -1.2714520e-03  -3.9145851e-03
   5.4441178e-03  -1.2541673e-03  -2.1934376e-03  -3.9108319e-03
   1.8757952e-03  -1.1418123e-03  -1.4251163e-03  -3.3028140e-03
  -1.9961346e-03  -5.6131177e-04  -7.1931483e-03  -3.0138178e-03
  -4.0051902e-03  -7.3733453e-04  -4.3110062e-03  -2.0755186e-03
   4.5745266e-03  -1.5013482e-03  -9.3519438e-03  -3.0213242e-03
   5.4666072e-03  -1.0032412e-03  -9.7642138e-03  -3.4942270e-03
  -1.6400520e-03  -1.3810813e-04  -1.8028353e-02  -1.9629227e-03
  -1.2277458e-03   1.0532760e-04  -2.6382442e-02  -1.5425646e-03
  -3.0306483e-03  -3.6656319e-04  -2.3605242e-02  -1.2310492e-03
  -2.4196855e-03  -1.0818897e-03  -2.3901327e-02  -2.3307360e-03
  -8.3418083e-04  -7.3358936e-04  -1.5974499e-02  -3.5955634e-03
   1.0324417e-03  -2.0926626e-04  -1.5374834e-02  -3.2052309e-03
   5.4403696e-03  -2.9498340e-05  -1.2147884e-02  -2.8073920e-03
   5.6202850e-03  -1.3436296e-04  -4.8394614e-03  -2.8224048e-03
   1.6846351e-03  -6.8490222e-04   1.3071094e-03  -3.0851286e-03
  -1.0028515e-03  -1.1155962e-03   7.5098988e-03  -2.9350007e-03
   3.2027647e-04  -1.5088385e-03   9.6349632e-03  -2.2894508e-03
   1.6434045e-03  -1.5725063e-03   1.1377741e-02  -1.0846746e-03
  -1.8948390e-04  -1.3103448e-03   1.4072487e-02  -4.2786509e-04
  -2.9631800e-03  -1.2766383e-03   1.7389387e-02  -6.6431650e-04
  -2.7495304e-03  -1.2054801e-03   1.8513760e-02  -1.6138810e-04
  -2.3971961e-03  -1.5050934e-03   1.7524312e-02   2.8524234e-04
   8.0005094e-04  -1.6773709e-03   1.6272510e-02  -1.5763491e-04
  -1.1677740e-03  -1.1305768e-03   1.0946731e-02  -4.2786509e-04
  -3.9564631e-03  -5.2011496e-04   2.8587437e-03  -1.2498152e-03
  -2.5320394e-04  -4.6768265e-04   3.2890511e-04  -1.3211260e-03
  -1.3889201e-03  -9.5829926e-04   3.9636747e-04  -4.1285230e-04
   8.5627451e-04  -1.0519284e-03   1.1197139e-03  -1.1897641e-03
  -1.2839694e-03  -8.7590563e-04   3.2140929e-04  -1.7977820e-03
  -2.0748476e-03  -6.0999892e-04  -2.1828961e-04  -1.9253907e-03
   4.7581903e-03  -4.9389880e-04   2.8370240e-06  -2.3682679e-03
   3.3863352e-03  -4.8640847e-04  -3.1948315e-04  -1.4224623e-03
  -8.7915969e-04  -2.3548242e-04  -2.2578543e-04  -5.2544821e-04
  -3.2967732e-03  -3.3660187e-04  -2.7076033e-04  -1.2911004e-03
  -2.3559655e-03  -9.3957344e-04  -3.4197060e-04  -1.6889393e-03
  -2.2847489e-03  -1.3740126e-03  -3.9444133e-04  -7.0935486e-04
  -2.1535606e-03  -7.9351200e-04  -1.9955006e-04  -9.5331267e-04
   7.3633089e-04  -2.5420824e-04  -6.7553451e-04  -2.0867782e-03
   4.2906860e-05  -4.0026968e-04   9.2786840e-05  -2.0792718e-03
  -6.6925836e-04  -5.5756661e-04  -1.1252836e-03  -2.1393229e-03
   8.7501570e-04  -1.0257122e-03   4.6382983e-04  -2.7736132e-03
   2.6405290e-04  -1.1567930e-03  -1.1665106e-03  -3.3778779e-03
   4.5521304e-04  -7.1486354e-04  -7.8047596e-04  -3.2239969e-03
   2.2431226e-03  -7.8602167e-04  -2.2578543e-04  -2.7023025e-03
   2.7303935e-03  -1.0182219e-03  -3.6813575e-03  -2.5897066e-03
   1.1898677e-03  -1.0107316e-03  -6.6803869e-04  -2.8937155e-03
  -4.3050492e-03  -8.4219915e-04  -7.4817372e-03  -2.2331528e-03
  -1.3551859e-03  -9.2084761e-04  -5.6377660e-03  -2.2706848e-03
   5.2754471e-03  -1.1193414e-03  -5.8701364e-03  -3.4003971e-03
  -2.3446275e-04  -5.2011496e-04  -1.2653852e-02  -1.9178843e-03
  -1.8462051e-03  -7.8185485e-05  -1.1203411e-02  -1.4262155e-03
   1.4972232e-03  -3.4409220e-04  -1.5457288e-02  -2.3307360e-03
  -1.8948390e-04  -4.9389880e-04  -1.6439240e-02  -1.7452372e-03
  -3.6753452e-03  -5.0513430e-04  -1.7207561e-02  -1.7001989e-03
  -2.8469846e-03  -7.3358936e-04  -1.1952993e-02  -2.7473408e-03
   3.2813845e-03  -8.4968948e-04  -6.4435665e-03  -3.5805506e-03
   3.6824460e-03  -6.0250859e-04  -7.9839571e-03  -2.4620979e-03
   1.9357670e-03  -3.1413088e-04  -4.9631424e-03  -1.7865224e-03
   2.5354851e-03  -8.0849266e-04   3.8594354e-03  -3.2540224e-03
   6.9144526e-05  -1.5462902e-03   7.3824698e-03  -2.9837922e-03
  -2.4496714e-03  -1.7298032e-03   5.2424138e-03  -1.0659086e-03
  -1.2015082e-03  -1.8871002e-03   8.5068425e-03  -9.3454669e-04
  -2.1572156e-04  -1.7110774e-03   1.2340953e-02  -1.3473984e-03
  -2.3409725e-03  -1.3740126e-03   1.3135510e-02  -7.4313364e-04
  -3.3005214e-03  -1.1979898e-03   1.2202281e-02  -2.6273011e-05
  -4.8934294e-04  -1.6137031e-03   1.3873848e-02  -2.0642647e-04
   6.7261084e-04  -1.6548999e-03   1.4503497e-02  -1.2047769e-03
  -3.0943683e-03  -6.6992156e-04   9.5075342e-03  -9.4955947e-04
  -2.0785958e-03  -4.1150517e-04   5.5384986e-03  -8.8575512e-04
   2.5129957e-03  -5.7254727e-04   3.6832837e-03  -1.5838498e-03
  -7.3288518e-05  -5.9501826e-04   1.9217664e-03  -1.5313050e-03
  -1.9249181e-03  -4.9015364e-04   1.7043877e-03  -1.9554163e-03
   2.8279409e-04  -5.1262463e-04   7.2993137e-04  -2.1731017e-03
   6.8010732e-04  -8.0849266e-04  -1.4333143e-04  -1.7339776e-03
   1.8270681e-03  -7.1486354e-04   1.2277011e-04  -1.6889393e-03
   4.8145071e-04  -6.6992156e-04  -7.2121156e-05  -2.1092973e-03
  -2.4159373e-03  -6.0625375e-04  -2.2203752e-04  -1.5275518e-03
  -2.2285254e-03  -5.9501826e-04  -1.7706261e-04  -5.1418862e-04
  -9.9910330e-04  -9.9200575e-04  -1.9580215e-04  -8.0318479e-04
  -1.5088637e-03  -9.5455410e-04  -3.5696224e-04  -1.4712539e-03
  -3.5179192e-03  -5.6505694e-04  -1.8830634e-04  -1.5725902e-03
  -7.5546783e-04  -5.8752793e-04  -4.4691206e-04  -1.7602500e-03
   2.6816664e-03  -7.5231519e-04  -2.3328124e-04  -2.3607615e-03
   1.1561335e-03  -6.0999892e-04  -6.8677823e-04  -2.3570083e-03
  -4.8184646e-04  -4.9015364e-04  -2.2578543e-04  -2.8036388e-03
   2.9403881e-04  -6.3621507e-04  -6.3805542e-04  -3.1451797e-03
   2.3518215e-03  -7.9725717e-04  -7.8422387e-04  -2.9237411e-03
   1.7071245e-03  -8.7216047e-04  -5.1437442e-04  -2.8636899e-03
  -1.0065998e-03  -7.1111837e-04  -2.0510171e-03  -2.3945403e-03
  -3.0942751e-04  -5.1262463e-04  -1.4925787e-03  -2.9162347e-03
  -7.7036756e-05  -6.7741189e-04  -4.4346872e-03  -2.2706848e-03
  -8.7541145e-04  -1.0294574e-03  -5.3304375e-03  -1.4562411e-03
   2.1194307e-03  -8.7965080e-04  -3.2615917e-03  -2.7923792e-03
   4.1398242e-04  -2.8791473e-04  -6.6234661e-03  -2.2856976e-03
  -2.0261205e-03  -9.3166145e-05  -9.9291218e-03  -1.2047769e-03
   2.7528829e-03  -5.8378276e-04  -8.4074708e-03  -1.9366503e-03
   2.8428406e-03  -8.0849266e-04  -8.3250168e-03  -2.8299112e-03
  -2.0785958e-03  -4.1899550e-04  -1.2593885e-02  -2.1430761e-03
  -2.8432364e-03  -5.6505694e-04  -1.2297800e-02  -1.6176285e-03
   1.9507600e-03  -1.1081059e-03  -7.8565281e-03  -2.9800391e-03
   3.2888810e-03  -1.2728931e-03  -5.1692774e-03  -3.3478524e-03
  -1.3214518e-03  -7.2984420e-04  -6.1924566e-03  -2.2143869e-03
  -3.2057900e-05  -6.5494090e-04  -4.2697792e-03  -1.9141311e-03
   3.1726856e-03  -1.3253254e-03   1.8655478e-03  -2.6835365e-03
   4.2906860e-05  -1.2916189e-03   2.2440866e-03  -1.9929482e-03
  -2.9182012e-03  -1.2204608e-03   2.4127425e-03  -9.4955947e-04
  -1.0515786e-03  -1.2204608e-03   7.4349406e-03  -1.4374751e-03
   6.8385556e-04  -1.0594187e-03   1.0039737e-02  -1.5800966e-03
  -1.1265434e-03  -9.0586695e-04   9.5187780e-03  -8.4071676e-04
  -1.4451436e-03  -6.9613771e-04   1.1130379e-02  -5.4421420e-04
   1.1261476e-03  -7.5980552e-04   1.4552220e-02  -1.4374751e-03
   5.1518485e-04  -5.6131177e-04   1.3412855e-02  -1.6589137e-03
  -2.2735042e-03  -3.6281803e-04   8.8553981e-03  -8.2570397e-04
  -4.3311937e-04  -7.1486354e-04   7.1051246e-03  -1.0133638e-03
   4.1398242e-04  -9.3957344e-04   5.3810864e-03  -1.5688370e-03
  -2.4384267e-03  -9.3208311e-04   2.6451129e-03  -1.1259597e-03
  -1.0778163e-03  -9.1710245e-04   1.9817330e-03  -1.5237986e-03
   9.5372869e-04  -9.1710245e-04   1.2284033e-03  -1.9854418e-03
  -4.3311937e-04  -1.0032412e-03   4.7882147e-04  -1.1860109e-03
  -2.0973370e-03  -9.8451542e-04   4.9381310e-04  -1.4036963e-03
  -6.1303479e-04  -1.0931252e-03   5.5307750e-05  -1.8540799e-03
   9.4248398e-04  -1.0032412e-03  -2.9324779e-04  -1.6514073e-03
  -1.2952141e-03  -6.3621507e-04  -3.6445806e-04  -1.1447257e-03
  -1.1415363e-03  -5.6880210e-04  -2.6326452e-04  -1.0208702e-03
  -2.4195923e-04  -5.4633111e-04  -5.3686187e-04  -1.6589137e-03
  -1.8724428e-03  -7.5231519e-04  -5.5934933e-04  -1.7339776e-03
  -1.4901225e-03  -1.0406929e-03  -3.7944969e-04  -1.6776797e-03
   9.1624631e-04  -8.9088629e-04  -4.3192042e-04  -1.8240544e-03
