  -1.8198742e-04  -4.4521166e-04  -6.8373247e-05  -1.5838498e-03
  -1.5574975e-04  -6.3246991e-04   5.1559841e-05  -1.8052884e-03
  -1.2201561e-04  -7.5980552e-04   1.7828660e-05  -1.8315608e-03
   2.0417432e-05  -5.3135045e-04   5.9055659e-05  -1.7302244e-03
   5.0403336e-05  -7.7478618e-04  -1.3583561e-04  -1.8390672e-03
  -8.0784994e-05  -6.1374408e-04  -1.5832306e-04  -1.7865224e-03
  -5.4547328e-05  -5.8003760e-04   2.1646784e-04  -1.6551605e-03
  -1.6699447e-04  -8.1972816e-04   8.1543113e-05  -1.6551605e-03
  -9.9526184e-05  -4.4895682e-04   8.9038931e-05  -2.1243101e-03
  -5.4547328e-05  -5.7629243e-04  -1.0585234e-04  -2.0792718e-03
  -1.5574975e-04  -6.9613771e-04  -2.1079379e-04  -1.7077053e-03
  -9.5684720e-06  -7.1486354e-04   1.6774502e-04  -1.9779355e-03
  -3.5806138e-05  -8.6092497e-04   1.7828660e-05  -2.0117142e-03
  -5.4547328e-05  -5.6131177e-04  -1.9955006e-04  -1.9028715e-03
  -1.9698037e-04  -6.1748925e-04  -1.1334816e-04  -1.8991183e-03
  -2.4570747e-04  -7.6729585e-04  -9.0860701e-05  -1.8615863e-03
  -2.0447685e-04  -7.7478618e-04  -3.8389975e-05  -1.8841055e-03
  -3.3566518e-04  -9.9949608e-04  -2.0704588e-04  -1.9178843e-03
  -1.4450504e-04  -8.9837662e-04  -3.0449151e-04  -2.1993741e-03
  -9.2029708e-05  -5.7629243e-04  -2.9324779e-04  -2.0642590e-03
  -1.9323213e-04  -5.8752793e-04  -2.4452497e-04  -1.9066247e-03
  -1.1826737e-04  -7.4482486e-04  -1.6207097e-04  -2.3945403e-03
  -8.8281470e-05  -7.3733453e-04  -2.2953333e-04  -2.1993741e-03
  -2.5695218e-04  -7.2984420e-04  -7.5869065e-05  -1.9816886e-03
  -3.4316165e-04  -7.5980552e-04  -2.1079379e-04  -2.0830250e-03
  -2.5320394e-04  -8.5717981e-04  -4.1318088e-04  -1.8690927e-03
  -8.8281470e-05  -7.3358936e-04  -1.6956679e-04  -2.0042078e-03
  -1.7064948e-05  -7.7853134e-04  -1.2084397e-04  -2.1280633e-03
  -4.0313346e-04  -9.3582827e-04  -2.9699570e-04  -2.0192206e-03
  -3.5065813e-04  -6.9239255e-04  -5.7129520e-05  -1.9929482e-03
   2.4165670e-05  -7.1860870e-04   4.7811932e-05  -2.1355697e-03
  -1.5949799e-04  -8.3096365e-04  -2.8949988e-04  -2.0154674e-03
  -2.0719960e-06  -9.4331860e-04   6.5849330e-06  -1.8991183e-03
   1.7784343e-04  -9.2833794e-04   3.6568205e-05  -1.8953651e-03
  -1.7823918e-04  -7.1111837e-04  -2.8949988e-04  -1.8278076e-03
   2.7913908e-05  -8.1598299e-04   6.6551477e-05  -1.9741823e-03
   1.3661281e-04  -9.0212179e-04  -3.4642066e-05  -1.7977820e-03
  -1.4450504e-04  -7.1486354e-04  -7.2121156e-05  -1.7865224e-03
  -1.2576385e-04  -6.3621507e-04   3.6568205e-05  -1.8090416e-03
  -5.4547328e-05  -6.6617639e-04  -1.8455843e-04  -1.7077053e-03
  -3.9554376e-05  -7.1486354e-04  -1.6956679e-04  -1.7640032e-03
   5.0403336e-05  -7.3733453e-04  -2.3398339e-05  -1.6964457e-03
   1.5160576e-04  -7.2609903e-04   5.0130892e-04  -1.7977820e-03
  -1.4075680e-04  -7.6355068e-04   2.1576569e-05  -1.8165480e-03
  -9.5777946e-05  -5.6505694e-04  -3.3072688e-04  -2.0154674e-03
   1.6762420e-06  -7.2235387e-04  -8.4067030e-06  -2.0717654e-03
  -2.6070042e-04  -6.7741189e-04  -4.0568506e-04  -1.8090416e-03
   1.2920956e-05  -5.3135045e-04  -7.2121156e-05  -2.0192206e-03
   2.7154938e-04  -7.8227651e-04   4.7811932e-05  -1.9591695e-03
  -5.0799090e-05  -5.9127309e-04  -3.0823942e-04  -1.8315608e-03
  -3.2442046e-04  -7.0737321e-04  -1.0585234e-04  -1.8578331e-03
  -1.2576385e-04  -7.3358936e-04  -1.0960025e-04  -1.6326413e-03
   1.3286457e-04  -7.4107969e-04  -2.4077706e-04  -1.8803523e-03
   9.1633954e-05  -8.9088629e-04   2.9072387e-05  -1.9741823e-03
  -2.2321804e-04  -5.5756661e-04  -1.5902521e-05  -1.8803523e-03
  -1.8948390e-04  -6.6617639e-04  -3.2323106e-04  -1.8578331e-03
   3.1662146e-05  -7.6729585e-04  -1.7706261e-04  -1.7527436e-03
   6.5396288e-05  -6.6617639e-04  -1.5082725e-04  -2.0642590e-03
   1.2161986e-04  -8.3470882e-04  -1.7331470e-04  -2.1543357e-03
  -1.1826737e-04  -6.0999892e-04  -2.7450824e-04  -1.9967014e-03
  -1.8948390e-04  -7.1860870e-04  -1.5082725e-04  -1.9328971e-03
  -2.0447685e-04  -9.2459278e-04   3.6568205e-05  -2.0867782e-03
  -3.6190284e-04  -5.8003760e-04  -8.3364883e-05  -2.1543357e-03
  -1.7064948e-05  -8.3096365e-04  -7.9616974e-05  -1.9028715e-03
   5.7899812e-05  -8.8714113e-04  -2.1079379e-04  -2.0605058e-03
  -1.3700856e-04  -7.5231519e-04  -1.5082725e-04  -2.2631784e-03
  -1.1077090e-04  -8.8714113e-04  -1.7331470e-04  -2.0042078e-03
  -1.2576385e-04  -7.3358936e-04   3.6568205e-05  -1.9441567e-03
  -1.0702266e-04  -8.6467014e-04  -6.8373247e-05  -2.1918677e-03
  -1.8198742e-04  -8.0100233e-04  -2.5202079e-04  -2.1055441e-03
  -1.7823918e-04  -6.9613771e-04   4.7811932e-05  -1.9028715e-03
  -1.2576385e-04  -8.4219915e-04   7.0299386e-05  -1.8765991e-03
  -5.8202340e-06  -7.2235387e-04   2.7643438e-04  -1.8540799e-03
   4.2906860e-05  -6.5494090e-04  -9.8356519e-05  -1.7715096e-03
  -1.1451914e-04  -6.3996024e-04   1.1902220e-04  -1.7602500e-03
   2.5655643e-04  -5.0513430e-04  -1.9205424e-04  -1.7152117e-03
   2.3031876e-04  -5.4633111e-04  -1.9650430e-05  -1.4825134e-03
  -5.8202340e-06  -5.4633111e-04   3.5888838e-04  -1.5087858e-03
   2.6030466e-04  -5.8752793e-04  -1.2833979e-04  -1.7077053e-03
   1.6669194e-05  -8.4968948e-04   3.0266974e-04  -1.6514073e-03
  -2.0719960e-06  -6.5119573e-04  -4.9938278e-04  -1.5575774e-03
   1.2536810e-04  -5.1262463e-04   2.9517393e-04  -1.6363945e-03
  -5.8202340e-06  -6.8115705e-04   6.5849330e-06  -1.6363945e-03
  -1.7064948e-05  -7.7104101e-04  -2.3328124e-04  -1.6439009e-03
   1.1037514e-04  -8.8714113e-04   6.0999828e-04  -1.8578331e-03
   1.6762420e-06  -6.8864738e-04  -1.9580215e-04  -1.7977820e-03
  -9.2029708e-05  -5.3509562e-04   2.9892183e-04  -1.5725902e-03
   2.7904585e-04  -7.5980552e-04  -6.4625338e-05  -1.6551605e-03
  -6.2043804e-05  -8.1598299e-04   8.5291022e-05  -1.8465736e-03
  -5.0799090e-05  -6.6617639e-04   1.2651802e-04  -1.9816886e-03
   4.2906860e-05  -8.9837662e-04  -3.3447479e-04  -1.9366503e-03
  -1.6699447e-04  -9.1335728e-04   3.5514047e-04  -2.0004546e-03
   6.1648050e-05  -4.5644715e-04  -1.3208770e-04  -1.9779355e-03
  -3.0942751e-04  -6.6243123e-04  -3.9818924e-04  -1.7527436e-03
  -2.8693808e-04  -9.6953476e-04   6.3998155e-04  -1.8127948e-03
  -1.3326033e-04  -6.2497958e-04  -1.9580215e-04  -1.8353140e-03
  -2.1197332e-04  -4.2274067e-04  -4.1692878e-04  -1.9066247e-03
  -1.1077090e-04  -6.3246991e-04   6.2803568e-05  -1.7902756e-03
  -2.0447685e-04  -8.7216047e-04  -5.5185351e-04  -1.9854418e-03
  -2.8309662e-05  -8.6841530e-04   7.4047295e-05  -2.4320723e-03
  -2.0813186e-05  -8.4219915e-04  -2.7825615e-04  -1.9816886e-03
  -1.2951209e-04  -8.6092497e-04  -4.6565160e-04  -1.9516631e-03
  -8.4533232e-05  -6.6617639e-04  -1.6207097e-04  -1.9704291e-03
  -3.3566518e-04  -7.2984420e-04  -3.7195388e-04  -1.8278076e-03
  -2.6819689e-04  -8.4968948e-04  -2.7076033e-04  -2.2369060e-03
   1.2536810e-04  -7.6355068e-04  -4.3192042e-04  -2.0417398e-03
  -1.6324623e-04  -8.5343464e-04  -2.9324779e-04  -2.1580889e-03
  -3.9188875e-04  -8.6092497e-04  -9.4608610e-05  -2.3607615e-03
  -1.8948390e-04  -7.8227651e-04  -2.1454170e-04  -1.9741823e-03
  -8.8281470e-05  -6.6617639e-04  -1.5457515e-04  -2.1168037e-03
  -8.4533232e-05  -8.0474750e-04  -2.8200406e-04  -2.0905314e-03
  -3.9554376e-05  -8.1598299e-04  -2.0704588e-04  -2.0980378e-03
   2.0417432e-05  -5.4258595e-04   1.4525757e-04  -2.2894508e-03
  -1.9698037e-04  -7.8976684e-04  -1.1334816e-04  -2.0042078e-03
  -6.5792042e-05  -7.1111837e-04  -1.4707934e-04  -1.7827692e-03
  -1.1451914e-04  -6.7741189e-04  -1.0210443e-04  -1.7752628e-03
  -1.2576385e-04  -9.4331860e-04   5.1559841e-05  -1.8991183e-03
   3.9158622e-05  -6.3996024e-04   1.7828660e-05  -1.6889393e-03
  -1.9698037e-04  -6.8490222e-04  -3.2697897e-04  -1.7564968e-03
   9.1633954e-05  -8.4594431e-04  -1.6956679e-04  -2.0154674e-03
  -2.2321804e-04  -6.8490222e-04  -6.4625338e-05  -1.8765991e-03
  -1.8948390e-04  -8.3470882e-04  -1.6207097e-04  -1.9854418e-03
   1.6659871e-04  -5.9876342e-04  -2.1828961e-04  -1.7827692e-03
  -2.3071451e-04  -6.0250859e-04   6.5849330e-06  -1.5838498e-03
   1.6762420e-06  -9.8451542e-04  -2.7146248e-05  -1.8991183e-03
   3.5410384e-05  -4.6768265e-04  -2.5202079e-04  -2.1280633e-03
   1.5535400e-04  -7.1486354e-04  -4.6587940e-06  -1.9291439e-03
   2.0417432e-05  -9.7327992e-04  -1.5902521e-05  -1.8052884e-03
  -2.1946980e-04  -5.6131177e-04  -9.1088500e-07  -1.8090416e-03
   9.1727180e-06  -8.6467014e-04   8.5291022e-05  -1.7414840e-03
  -1.5200152e-04  -6.9239255e-04  -3.0449151e-04  -1.8765991e-03
   9.1633954e-05  -7.3358936e-04  -1.0210443e-04  -1.9516631e-03
   2.4165670e-05  -7.0737321e-04  -6.4625338e-05  -1.9704291e-03
  -2.0822509e-04  -4.8266331e-04  -2.7450824e-04  -1.8052884e-03
   1.1037514e-04  -8.9463146e-04   1.7828660e-05  -1.7940288e-03
  -1.0327442e-04  -7.4482486e-04  -1.3208770e-04  -1.9854418e-03
  -4.1812641e-04  -7.3358936e-04  -5.3381611e-05  -1.7752628e-03
  -1.1077090e-04  -8.7216047e-04   1.0777848e-04  -1.7865224e-03
   5.4244800e-06  -6.9988288e-04  -1.0210443e-04  -1.9554163e-03
  -2.4195923e-04  -6.3621507e-04  -8.3364883e-05  -1.7977820e-03
  -9.5777946e-05  -6.5494090e-04  -2.3702915e-04  -1.9178843e-03
  -1.3316710e-05  -7.4482486e-04  -3.1198733e-04  -1.9404035e-03
   5.4244800e-06  -6.9988288e-04  -2.4827288e-04  -1.7940288e-03
   1.6669194e-05  -8.4219915e-04  -2.0329797e-04  -2.0192206e-03
  -2.9818280e-04  -1.0444381e-03   6.5849330e-06  -1.9779355e-03
   3.9158622e-05  -8.4968948e-04  -4.2137884e-05  -1.9141311e-03
   2.1532581e-04  -6.7366672e-04   2.5324478e-05  -1.9066247e-03
  -1.7449094e-04  -6.6992156e-04  -1.4333143e-04  -1.9291439e-03
  -6.5792042e-05  -6.3996024e-04  -1.7706261e-04  -2.2256465e-03
   4.6655098e-05  -8.5717981e-04   7.7795204e-05  -2.0379866e-03
  -1.3700856e-04  -6.7741189e-04  -3.3822270e-04  -2.0680122e-03
  -6.9540280e-05  -5.0138913e-04  -1.7706261e-04  -2.2744380e-03
   7.2892764e-05  -6.6243123e-04   1.9023247e-04  -1.6851861e-03
   1.2920956e-05  -5.9127309e-04  -7.9616974e-05  -1.6363945e-03
   2.2282228e-04  -7.5231519e-04  -9.0860701e-05  -1.7902756e-03
   1.4785752e-04  -6.5494090e-04   4.0316114e-05  -1.5125390e-03
   9.9130430e-05  -6.1374408e-04  -6.0877429e-05  -1.6101221e-03
   1.4036105e-04  -5.4258595e-04  -1.9650430e-05  -1.5125390e-03
  -1.3326033e-04  -2.8791473e-04   1.3026593e-04  -1.6889393e-03
   1.2911633e-04  -6.2872474e-04   7.0299386e-05  -1.8015352e-03
   1.6669194e-05  -7.1860870e-04   1.0028266e-04  -1.5800966e-03
  -6.5792042e-05  -6.4370540e-04   1.3401384e-04  -1.7827692e-03
   2.5280819e-04  -6.2497958e-04  -4.6587940e-06  -1.6101221e-03
   8.0389240e-05  -6.4370540e-04  -9.1088500e-07  -1.6251349e-03
   4.6655098e-05  -9.4706377e-04  -9.1088500e-07  -1.7865224e-03
  -2.0822509e-04  -7.5606035e-04   5.5307750e-05  -1.6439009e-03
  -2.7194513e-04  -7.6729585e-04  -1.0210443e-04  -1.7414840e-03
   3.5410384e-05  -7.4107969e-04  -2.7076033e-04  -1.7077053e-03
   1.3661281e-04  -4.3397616e-04   1.4080751e-05  -1.7602500e-03
   2.0033286e-04  -8.1972816e-04  -3.0894157e-05  -1.8803523e-03
  -2.1197332e-04  -7.5231519e-04  -6.8373247e-05  -2.0529994e-03
  -1.0702266e-04  -5.8752793e-04  -4.2137884e-05  -2.2143869e-03
   6.5396288e-05  -9.0586695e-04   6.1749410e-04  -2.0529994e-03
  -1.2951209e-04  -6.6617639e-04   5.9055659e-05  -2.2406592e-03
   2.7154938e-04  -5.8752793e-04  -7.4674478e-04  -1.9366503e-03
   1.2920956e-05  -8.3845398e-04   9.5480591e-04  -2.2143869e-03
  -6.5792042e-05  -5.9876342e-04  -7.0926569e-04  -2.0492462e-03
   1.1787162e-04  -7.2235387e-04   4.7882147e-04  -1.6363945e-03
   5.4151574e-05  -8.4594431e-04  -3.1948315e-04  -2.5897066e-03
   5.7899812e-05  -8.1223783e-04  -1.1065440e-03  -1.2385556e-03
  -2.7569337e-04  -8.9463146e-04   1.9217664e-03  -2.7473408e-03
   1.1037514e-04  -6.6243123e-04  -3.9886861e-03  -1.3736707e-03
  -2.6444866e-04  -8.3845398e-04   5.0999933e-03  -2.0605058e-03
   1.9658462e-04  -6.8864738e-04  -5.3491770e-03  -2.5709406e-03
  -2.8318985e-04  -6.8490222e-04   3.6570483e-03  -9.0452111e-04
  -3.4690989e-04  -1.1418123e-03  -5.3686187e-04  -4.2373600e-03
  -8.8281470e-05  -8.9463146e-04  -5.2479835e-03   8.9326025e-04
  -9.1664207e-04  -8.0849266e-04   1.2074852e-02  -5.5096938e-03
   9.4623222e-04  -8.9088629e-04  -1.9490038e-02   1.4036950e-03
  -1.5800802e-03  -8.9463146e-04   2.5863409e-02  -4.4512923e-03
   1.2460913e-03  -8.3845398e-04  -3.0373965e-02  -3.0288306e-03
  -1.7524991e-03  -6.9613771e-04   4.4854064e-02   5.9112846e-03
   3.6374671e-03  -8.3845398e-04  -6.4528660e-02  -7.6662803e-02
   9.7171091e-03  -2.5420824e-04  -1.3735428e-01  -1.0474047e-01
  -2.4459325e-02   7.7196697e-04   2.6620932e-01  -8.3553672e-02
  -1.7420134e-02  -7.8227651e-04   6.7431468e-02  -8.9862796e-02
   1.5107075e-02  -4.0742765e-03   3.7544939e-03  -5.9510692e-02
   1.2813154e-02  -2.8046656e-03   9.6946251e-02  -5.6857182e-02
   6.9144526e-05   2.4198396e-03   3.2381023e-02  -6.4277252e-02
  -2.1048428e-02   3.3411502e-03   3.0559539e-02  -5.1216127e-02
  -1.0234762e-02  -1.6848613e-03  -9.5973617e-02  -4.7969611e-02
   3.8436202e-03  -6.5311048e-03   4.5929714e-02  -4.6062987e-02
  -3.6528558e-03  -4.1379443e-03  -1.9613719e-02  -3.7130379e-02
  -5.7293797e-03   2.1988748e-03  -2.5007662e-03  -3.0153185e-02
   4.8406515e-03   2.5059784e-03   2.1489599e-02  -3.8890628e-02
   2.4957445e-02  -1.2129705e-03  -3.3394780e-02  -2.9192367e-02
   7.4906558e-03  -2.9057851e-03   3.0364648e-02  -8.0018166e-03
  -2.2172900e-02  -1.4002287e-03   5.0850016e-03  -1.0861753e-02
  -1.8953163e-02  -4.1899550e-04   1.6752242e-02  -1.0268748e-02
   1.1726165e-02  -1.8271775e-03  -1.3455904e-02  -2.1393229e-03
   2.4736299e-02  -1.0669090e-03   9.2107473e-04  -1.6439009e-03
   5.5453202e-03   1.4872935e-03  -1.4813349e-03  -6.7069637e-03
  -1.0069839e-02   2.6295688e-03   9.8036191e-03  -6.2678396e-03
  -1.0028609e-02  -3.3285671e-04  -1.0708687e-02  -2.9650320e-04
   9.2785653e-03  -4.6173255e-03  -1.4351654e-02  -1.4412283e-03
   2.7004076e-03  -3.0293755e-03   8.7729441e-03  -4.0421938e-03
  -1.5437316e-02   1.4161353e-03  -6.5185246e-03  -2.3344892e-03
  -3.3230109e-03   1.7419647e-03   1.4195466e-03  -1.5575774e-03
   1.8263092e-02  -5.6131177e-04   1.7718501e-03  -1.8278076e-03
   1.6775041e-02  -1.7522742e-03   5.3504010e-04  -6.0051784e-05
  -8.9228784e-03  -2.4297275e-04   4.8826145e-03  -1.1897641e-03
  -1.3949266e-02   5.8470872e-04   1.0137183e-02  -3.1601925e-03
   1.9658462e-04  -1.5612708e-03  -1.4063768e-03  -3.0213242e-03
   6.8909377e-03  -2.1530069e-03  -5.1093109e-03  -1.1972705e-03
   7.6256856e-04  -5.7254727e-04  -1.5974499e-02  -3.9783951e-04
  -5.3095770e-03   8.9930258e-04  -3.3253062e-03  -4.0759726e-03
  -1.0215927e-03   4.1243113e-04  -1.2312792e-02  -4.3124240e-03
   2.3593179e-03  -1.6436645e-03  -2.5655348e-02  -2.6647762e-04
   1.1261476e-03  -2.0069455e-03  -2.3965041e-02  -1.5012851e-04
  -5.2983323e-03  -5.4633111e-04  -2.0734343e-02  -2.6159789e-03
  -1.0928186e-02   1.8023090e-04  -1.3028643e-02  -3.8845595e-03
  -3.5703946e-03  -6.6243123e-04  -2.3305409e-02  -2.1618421e-03
   4.8331550e-03  -1.8608840e-03  -2.3380367e-02  -7.4688684e-04
   3.4575517e-03  -1.4376804e-03  -1.3347215e-02  -2.7210685e-03
  -3.5591499e-03   8.6601775e-05  -6.1512296e-03  -3.9220915e-03
  -2.3222313e-03  -1.4559846e-04  -9.5880621e-03  -2.9387539e-03
   5.3054330e-03  -1.1418123e-03  -1.4317923e-02  -5.9675895e-04
   3.4276590e-04  -1.2316963e-03  -1.8699229e-02   1.2760807e-04
  -5.5869466e-03  -5.2386012e-04  -7.3055855e-03  -2.1993741e-03
  -3.1543402e-03  -2.5795341e-04  -5.6452618e-03  -3.4191631e-03
   2.8915677e-03  -1.0743994e-03  -1.4220478e-02  -1.6626669e-03
   4.4395900e-03  -1.0444381e-03  -1.7245040e-02  -1.7264769e-04
   5.2642956e-04  -4.0401484e-04  -1.1402050e-02  -1.8653395e-03
  -2.5883562e-03  -2.1675659e-04  -8.7042577e-04  -4.0084150e-03
  -4.4962094e-03  -7.8976684e-04  -6.0537839e-03  -2.4620979e-03
   3.2027647e-04  -1.8047066e-03  -9.3631876e-03  -3.5655435e-04
   3.2551468e-03  -1.4751320e-03  -1.6537388e-03  -1.0809214e-03
  -2.4570747e-04  -5.1969330e-05   3.0873661e-03  -2.0229738e-03
  -1.3739271e-03   2.3266321e-04   2.7612980e-03  -1.2610748e-03
   2.7828688e-03  -7.9725717e-04   2.5701547e-03  -7.8817200e-04
   4.5857713e-03  -1.5762515e-03   6.2880804e-03  -1.4224623e-03
  -2.4571679e-03  -9.8826058e-04   1.2843173e-02  -2.4395787e-03
  -4.5524329e-03  -1.4517680e-05   1.1317774e-02  -2.4846170e-03
   2.5542263e-03  -5.2011496e-04   9.6499548e-03  -1.3061132e-03
   7.3557192e-03  -1.0332026e-03   6.7603170e-03  -1.3136196e-03
   1.7595999e-03  -4.6768265e-04   3.8069647e-03  -8.5948274e-04
  -5.8080927e-03   7.9533100e-06   5.3286157e-03  -7.6565282e-04
  -3.9939455e-03  -6.8115705e-04   6.3780302e-03  -1.3774239e-03
   9.2374279e-04  -1.7747452e-03   7.1538474e-03  -1.4675007e-03
   3.5924882e-03  -1.1006155e-03   9.3051472e-03  -2.3607615e-03
  -9.5412445e-04   1.0532760e-04   4.8039085e-03  -1.7339776e-03
  -4.0651620e-03   1.7274057e-04   3.8819228e-03  -8.6323594e-04
   1.8982847e-03  -8.7590563e-04   9.0840205e-03  -1.8765991e-03
   4.0535215e-03  -1.7972162e-03   1.0669386e-02  -2.5071362e-03
  -1.3889201e-03  -1.1043607e-03   9.4288282e-03  -1.4299687e-03
  -3.5104228e-03  -1.1189197e-04   4.8413875e-03  -6.0426535e-04
   2.8053583e-03  -3.3285671e-04   7.0976288e-03  -1.5313050e-03
   4.9980775e-03  -8.1598299e-04   4.7851689e-03  -1.8203012e-03
  -5.6430770e-04  -6.9239255e-04   4.1135910e-04  -1.3061132e-03
  -3.4467027e-03  -6.6243123e-04   1.1721846e-03  -1.9404035e-03
  -5.3057355e-04  -8.9837662e-04   2.5769484e-04  -2.8111452e-03
   1.5047197e-03  -1.3028544e-03  -5.4203873e-03  -2.2181401e-03
  -9.5777946e-05  -8.3845398e-04  -1.1960489e-02  -9.3829988e-04
  -7.4422312e-04  -5.4258595e-04  -1.0292669e-02  -1.7302244e-03
  -1.2727247e-03  -9.2833794e-04  -9.2507503e-03  -2.6910429e-03
  -2.1160782e-03  -7.4857002e-04  -1.3781972e-02  -1.6476541e-03
  -1.6962756e-03  -1.3440513e-03  -1.6049457e-02  -1.1972705e-03
  -3.3941342e-04  -1.4976030e-03  -1.2983668e-02  -2.0942846e-03
  -1.1752705e-03  -9.2084761e-04  -9.2694898e-03  -2.6835365e-03
  -2.6520763e-03  -7.0362804e-04  -8.8309845e-03  -2.1355697e-03
   1.3323007e-03  -7.7853134e-04  -8.3999750e-03  -1.9253907e-03
   2.8128547e-03  -1.2841286e-03  -7.2418711e-03  -1.8878587e-03
   4.2147890e-04  -7.2609903e-04  -6.0762714e-03  -1.9816886e-03
  -1.5838284e-03  -3.2536638e-04  -7.3318209e-03  -1.7865224e-03
  -3.4616957e-03  -1.0107316e-03  -1.0273929e-02  -1.0734150e-03
   3.5775885e-04  -1.2916189e-03  -5.5927911e-03  -1.9816886e-03
   2.0069836e-03  -1.0818897e-03  -2.0847483e-03  -2.8711963e-03
  -2.1273229e-03  -5.3884078e-04  -4.8432093e-03  -2.4245659e-03
  -2.8657258e-03  -4.0401484e-04  -6.6834326e-03  -1.5162922e-03
   1.2423430e-03  -8.1598299e-04  -4.6070910e-03  -1.8653395e-03
   2.0557107e-03  -9.0586695e-04  -1.1177878e-03  -2.6272385e-03
  -2.8282434e-03  -5.2386012e-04  -1.7212011e-03  -2.0042078e-03
  -3.5366604e-03  -6.3996024e-04  -1.9235882e-03  -1.7114585e-03
   3.8399652e-04  -9.6953476e-04   8.8359564e-04  -1.7489904e-03
   1.8945364e-03  -9.1335728e-04   2.3752634e-03  -1.8765991e-03
  -5.6055946e-04  -7.4857002e-04   3.1061057e-03  -1.8991183e-03
  -1.3964165e-03  -2.6169857e-04   6.0482142e-03  -1.9967014e-03
   1.0137005e-03  -4.4521166e-04   7.6635630e-03  -2.2256465e-03
   2.1569131e-03  -7.7478618e-04   7.2288056e-03  -2.0342334e-03
   1.1186512e-03  -6.0625375e-04   5.7971043e-03  -1.7114585e-03
  -1.3439412e-03  -3.5158253e-04   3.7469981e-03  -1.1222065e-03
  -1.4413954e-03  -2.5046308e-04   4.6652358e-03  -1.2648280e-03
   1.7409519e-04  -8.3845398e-04   6.6141485e-03  -1.6626669e-03
   1.6659871e-04  -9.6953476e-04   7.2700326e-03  -1.8953651e-03
   8.3753332e-04  -5.6505694e-04   8.7204734e-03  -2.3194764e-03
   2.0969413e-03  -2.2424692e-04   8.6005403e-03  -2.3382424e-03
   1.6546492e-03  -1.9428560e-04   4.7964126e-03  -1.4675007e-03
  -4.7809822e-04  -5.8003760e-04   2.3527760e-03  -6.1552494e-04
  -1.1415363e-03  -8.9837662e-04   6.0669538e-03  -1.4825134e-03
  -3.2057900e-05  -1.2691480e-03   9.6836860e-03  -2.3532552e-03
   5.0768837e-04  -1.1680285e-03   7.5661174e-03  -1.8278076e-03
   1.9057811e-03  -4.6768265e-04   4.4853362e-03  -1.0283766e-03
   3.5475094e-03  -2.6918890e-04   4.1517723e-03  -1.0208702e-03
   2.4717651e-03  -5.4258595e-04   5.6059610e-03  -1.8390672e-03
  -1.1040540e-03  -8.5343464e-04   4.0693183e-03  -2.1543357e-03
  -2.2135324e-03  -8.6841530e-04   5.2754428e-04  -1.6551605e-03
   4.6655098e-05  -7.7853134e-04  -1.3126790e-03  -1.5575774e-03
   8.6002274e-04  -8.0100233e-04  -3.1154233e-03  -1.7001989e-03
  -3.0567927e-04  -8.5675815e-05  -6.0837672e-03  -1.3849303e-03
  -3.8814051e-04   2.6679135e-05  -7.8827635e-03  -1.4712539e-03
   5.4891899e-04  -6.9988288e-04  -8.0926464e-03  -1.9066247e-03
  -7.0299250e-04  -8.8714113e-04  -8.8309845e-03  -1.9404035e-03
  -2.7795164e-03  -8.4594431e-04  -9.7679617e-03  -1.4487347e-03
  -2.4609161e-03  -7.3358936e-04  -9.7192389e-03  -1.5050326e-03
  -4.3311937e-04  -6.7741189e-04  -8.0401757e-03  -2.1693485e-03
  -1.9698037e-04  -5.8752793e-04  -7.2830981e-03  -2.0605058e-03
  -3.4316165e-04  -6.9239255e-04  -6.3011459e-03  -1.9066247e-03
   2.1907405e-04  -7.8227651e-04  -5.0680839e-03  -2.1768549e-03
   5.4151574e-05  -5.2760529e-04  -5.5628078e-03  -2.1393229e-03
   4.5896128e-04  -8.2347332e-04  -5.9263550e-03  -1.9891950e-03
  -9.8036211e-04  -9.6953476e-04  -6.4360706e-03  -2.1130505e-03
  -2.1385677e-03  -5.2760529e-04  -5.1055629e-03  -2.0042078e-03
  -1.1677740e-03  -8.0474750e-04  -2.5419932e-03  -2.2068805e-03
  -5.8202340e-06  -8.6467014e-04  -1.7886635e-03  -2.6422513e-03
   4.8894718e-04  -6.0999892e-04  -3.2241126e-03  -1.9103779e-03
   6.9144526e-05  -6.1748925e-04  -4.0261652e-03  -1.6026158e-03
   4.1773066e-04  -5.0138913e-04  -1.7549323e-03  -1.8540799e-03
  -1.3326033e-04  -8.0100233e-04  -1.8081052e-04  -1.9366503e-03
  -1.1940117e-03  -9.2833794e-04  -3.3447479e-04  -2.0229738e-03
  -1.0215927e-03  -1.0406929e-03   3.3265302e-04  -1.6926925e-03
   2.3781524e-04  -9.2084761e-04   2.0154642e-03  -2.0154674e-03
   1.3697831e-03  -5.2760529e-04   3.2335346e-03  -2.0942846e-03
   9.9121107e-04  -7.4107969e-04   3.2785095e-03  -1.6889393e-03
   6.9510027e-04  -8.4594431e-04   3.8144605e-03  -1.8353140e-03
   1.1223994e-03  -7.9351200e-04   5.2986324e-03  -2.0379866e-03
   7.2508618e-04  -8.6467014e-04   4.5677902e-03  -2.1055441e-03
  -9.4287973e-04  -7.4482486e-04   1.9142706e-03  -1.4524879e-03
  -1.1003057e-03  -5.1636979e-04   2.0004725e-03  -1.1409725e-03
   7.2508618e-04  -9.4331860e-04   5.0924974e-03  -1.8953651e-03
   6.3138023e-04  -1.0594187e-03   6.3405511e-03  -2.2106337e-03
   2.2282228e-04  -6.0250859e-04   5.2386659e-03  -1.9666759e-03
   1.6209151e-03  -8.5717981e-04   5.7633732e-03  -1.9479099e-03
   1.6209151e-03  -7.3733453e-04   5.2499096e-03  -1.9591695e-03
  -1.7449094e-04  -6.8490222e-04   2.2740699e-03  -1.6176285e-03
  -1.6100661e-03  -9.8077025e-04   1.7156314e-03  -1.4299687e-03
  -8.4542555e-04  -9.9575091e-04   3.0723745e-03  -1.7264713e-03
   3.6150709e-04  -9.8826058e-04   3.4246779e-03  -2.0567526e-03
   5.6016370e-04  -6.2497958e-04   2.6563566e-03  -1.8390672e-03
   1.0511829e-03  -5.9876342e-04   1.6631607e-03  -1.5162922e-03
   9.3873574e-04  -4.7891814e-04   2.1578847e-03  -1.9441567e-03
   1.5535400e-04  -4.0776001e-04   2.6601045e-03  -2.1205569e-03
  -1.0515786e-03  -7.8227651e-04   9.0233518e-04  -1.6213817e-03
  -1.3701789e-03  -8.6841530e-04  -7.2425732e-04  -1.4825134e-03
  -3.5806138e-05  -9.2084761e-04  -7.9546759e-04  -1.5763434e-03
   3.3901766e-04  -6.2123441e-04  -1.7361928e-03  -1.6326413e-03
  -4.7050852e-05  -4.0026968e-04  -3.0254734e-03  -1.5763434e-03
   6.1648050e-05  -7.1111837e-04  -3.3627853e-03  -1.7339776e-03
  -1.4075680e-04  -8.7590563e-04  -3.5539286e-03  -2.1843613e-03
  -7.7420902e-04  -9.3208311e-04  -3.8612572e-03  -1.9554163e-03
  -1.3252000e-03  -8.3096365e-04  -4.6408222e-03  -1.7114585e-03
  -1.1078022e-03  -5.9876342e-04  -4.9893778e-03  -1.9103779e-03
  -4.4061584e-04  -8.5343464e-04  -4.7120325e-03  -1.7001989e-03
   2.6030466e-04  -8.3845398e-04  -3.6401305e-03  -1.7414840e-03
   6.9884851e-04  -6.4370540e-04  -2.7406324e-03  -2.0004546e-03
   4.0648595e-04  -1.0107316e-03  -2.9092883e-03  -1.7827692e-03
  -5.0799090e-05  -7.7853134e-04  -2.8530696e-03  -1.8015352e-03
  -8.8281470e-05  -4.9389880e-04  -2.2908833e-03  -1.9929482e-03
  -3.9554376e-05  -8.3470882e-04  -1.8411342e-03  -2.1468293e-03
  -5.7930065e-04  -7.8602167e-04  -2.3958247e-03  -2.1543357e-03
   8.7885716e-05  -7.0362804e-04  -2.5120099e-03  -1.8578331e-03
   9.9870755e-04  -9.0961212e-04  -2.5195057e-03  -1.8278076e-03
  -1.2576385e-04  -7.5980552e-04  -3.0704484e-03  -1.7827692e-03
  -5.8304889e-04  -7.6355068e-04  -2.7443803e-03  -1.6326413e-03
  -4.7050852e-05  -8.3470882e-04  -1.5038224e-03  -2.0755186e-03
  -6.5792042e-05  -7.5231519e-04  -1.2714520e-03  -2.2556720e-03
  -2.7194513e-04  -9.9575091e-04  -1.7399407e-03  -1.9516631e-03
  -1.1451914e-04  -8.5717981e-04  -6.9052614e-04  -2.2218933e-03
   2.9029057e-04  -7.5231519e-04  -9.4608610e-05  -2.1318165e-03
   2.4156347e-04  -7.8602167e-04  -1.3583561e-04  -1.9028715e-03
  -1.3326033e-04  -5.9501826e-04  -4.9633702e-05  -1.8465736e-03
  -3.2816870e-04  -8.0474750e-04   4.3009865e-04  -1.6926925e-03
  -2.4195923e-04  -8.8714113e-04   1.4907569e-03  -1.9779355e-03
  -2.6444866e-04  -7.1860870e-04   1.6481691e-03  -1.9328971e-03
   3.9158622e-05  -5.7254727e-04   1.9592455e-03  -1.9291439e-03
   2.7904585e-04  -5.0887946e-04   2.1916159e-03  -1.8390672e-03
  -1.7074271e-04  -5.9876342e-04   2.2178512e-03  -1.8615863e-03
  -5.8202340e-06  -7.5606035e-04   3.3759551e-03  -2.1130505e-03
   2.6030466e-04  -7.1486354e-04   3.9456373e-03  -1.8991183e-03
  -1.1451914e-04  -5.1636979e-04   3.2222909e-03  -2.0454930e-03
   1.2920956e-05  -6.4370540e-04   2.7650460e-03  -1.7940288e-03
   4.2147890e-04  -5.4258595e-04   3.3347281e-03  -1.5388114e-03
   2.1157757e-04  -5.6131177e-04   2.7275669e-03  -1.6439009e-03
   1.1412338e-04  -6.5119573e-04   1.7493626e-03  -1.4224623e-03
   9.5382192e-05  -3.9277935e-04   2.3902551e-03  -1.6926925e-03
   1.6659871e-04  -5.9127309e-04   2.2365908e-03  -1.5725902e-03
   2.6405290e-04  -5.9127309e-04   1.8130771e-03  -1.3924367e-03
   5.7899812e-05  -3.1787605e-04   1.3858154e-03  -1.6401477e-03
   5.4142251e-04  -5.0513430e-04   1.0709911e-03  -1.4975262e-03
   4.3272361e-04  -6.6992156e-04   1.1909242e-03  -1.4224623e-03
   6.5396288e-05  -5.8003760e-04   7.7490628e-04  -1.2760876e-03
   3.9149299e-04  -6.7366672e-04   6.2498992e-04  -1.3436452e-03
