  -2.4570747e-04  -7.1486354e-04  -9.4608610e-05  -1.9666759e-03
  -9.5777946e-05  -6.7366672e-04  -1.9205424e-04  -2.0680122e-03
  -1.3700856e-04  -9.1710245e-04  -2.5202079e-04  -1.9591695e-03
   3.9158622e-05  -9.9200575e-04  -1.5902521e-05  -1.8428204e-03
  -4.7050852e-05  -8.7216047e-04   7.0299386e-05  -2.0042078e-03
  -8.0784994e-05  -8.4219915e-04  -4.9633702e-05  -1.9216375e-03
   7.2892764e-05  -8.0474750e-04  -2.2953333e-04  -1.9741823e-03
  -3.5065813e-04  -6.3621507e-04   2.8370240e-06  -2.1618421e-03
  -3.4316165e-04  -7.2235387e-04   2.5324478e-05  -2.1430761e-03
  -1.8948390e-04  -8.1972816e-04  -2.4077706e-04  -2.0079610e-03
  -1.5200152e-04  -9.1335728e-04  -3.0894157e-05  -1.8953651e-03
   9.1727180e-06  -8.1223783e-04  -6.0877429e-05  -1.9216375e-03
  -5.8295566e-05  -5.9127309e-04   2.1576569e-05  -1.8428204e-03
  -1.3326033e-04  -8.1598299e-04   5.9055659e-05  -1.9854418e-03
  -1.6699447e-04  -5.9127309e-04  -2.7076033e-04  -2.1543357e-03
  -1.5200152e-04  -8.2721849e-04  -1.5832306e-04  -2.2781912e-03
  -3.6939932e-04  -1.0294574e-03   2.1576569e-05  -2.4583447e-03
  -1.7449094e-04  -6.3246991e-04  -1.0585234e-04  -2.3682679e-03
  -1.4825328e-04  -9.9200575e-04  -1.6956679e-04  -2.2744380e-03
  -3.2067223e-04  -9.5455410e-04  -7.9616974e-05  -2.4095531e-03
  -3.2057900e-05  -7.1486354e-04   4.0316114e-05  -2.1580889e-03
  -1.1077090e-04  -8.7965080e-04   1.4080751e-05  -2.0042078e-03
  -1.4075680e-04  -9.6953476e-04  -1.4333143e-04  -2.2819444e-03
  -2.7569337e-04  -8.8339596e-04  -1.8455843e-04  -2.3570083e-03
  -1.7074271e-04  -6.8864738e-04  -8.7112792e-05  -2.4508383e-03
  -1.6324623e-04  -8.7965080e-04  -7.5869065e-05  -2.2218933e-03
  -4.0688170e-04  -9.2084761e-04  -1.4707934e-04  -2.1956209e-03
  -9.2029708e-05  -7.7853134e-04  -1.6581888e-04  -2.2444124e-03
   4.2906860e-05  -9.1335728e-04  -1.7706261e-04  -2.1693485e-03
   5.0403336e-05  -8.0474750e-04  -3.4642066e-05  -2.2969572e-03
  -2.1197332e-04  -6.5494090e-04   4.0316114e-05  -2.0342334e-03
  -1.1451914e-04  -8.0100233e-04  -1.0960025e-04  -1.9704291e-03
   1.6659871e-04  -6.4745057e-04  -5.3381611e-05  -2.1543357e-03
  -6.9540280e-05  -5.8378276e-04  -2.7146248e-05  -1.9704291e-03
   2.7913908e-05  -7.9725717e-04  -8.3364883e-05  -1.7377308e-03
   1.2536810e-04  -5.5756661e-04   5.9055659e-05  -1.8315608e-03
   1.4785752e-04  -5.6505694e-04  -9.0860701e-05  -1.9216375e-03
   1.0287867e-04  -8.4219915e-04  -1.0960025e-04  -2.0154674e-03
   6.9144526e-05  -7.1111837e-04   1.2277011e-04  -2.0605058e-03
   3.5410384e-05  -7.9351200e-04   7.7795204e-05  -2.1430761e-03
  -2.3446275e-04  -8.7590563e-04  -2.3398339e-05  -2.2556720e-03
  -2.2696628e-04  -7.6355068e-04  -3.8389975e-05  -1.9366503e-03
  -1.4450504e-04  -8.3845398e-04   7.7795204e-05  -2.0079610e-03
   9.1633954e-05  -6.9239255e-04   1.1527429e-04  -2.0942846e-03
   2.4905995e-04  -7.2609903e-04  -2.3398339e-05  -1.8728459e-03
   5.0403336e-05  -8.7965080e-04  -2.8949988e-04  -1.9854418e-03
   3.9158622e-05  -6.2872474e-04  -1.2459188e-04  -1.9366503e-03
  -1.1826737e-04  -5.3135045e-04   5.9055659e-05  -1.9479099e-03
  -4.5560879e-04  -9.0586695e-04  -2.3398339e-05  -2.1168037e-03
  -1.8573566e-04  -1.0669090e-03  -4.2137884e-05  -2.0867782e-03
  -1.3316710e-05  -8.0474750e-04  -5.1062651e-04  -2.0379866e-03
  -2.3071451e-04  -8.8339596e-04  -3.1948315e-04  -2.0980378e-03
  -1.3700856e-04  -9.0961212e-04  -4.9633702e-05  -2.0154674e-03
  -2.4195923e-04  -8.6467014e-04  -2.1828961e-04  -2.0042078e-03
  -1.9698037e-04  -8.6092497e-04   5.1559841e-05  -2.0792718e-03
  -1.5574975e-04  -8.1598299e-04  -4.9633702e-05  -2.0042078e-03
  -3.0193104e-04  -1.1904995e-03  -7.2121156e-05  -2.0117142e-03
  -9.5777946e-05  -8.7216047e-04  -1.1334816e-04  -1.9929482e-03
  -2.2696628e-04  -7.1486354e-04  -2.1454170e-04  -2.1881145e-03
  -2.4945570e-04  -1.0369477e-03  -7.9616974e-05  -2.0117142e-03
  -2.4945570e-04  -7.0362804e-04  -1.8830634e-04  -1.9891950e-03
  -4.0688170e-04  -8.8339596e-04  -2.7450824e-04  -2.4020467e-03
  -3.5440637e-04  -9.8451542e-04  -2.7825615e-04  -2.1993741e-03
  -2.4195923e-04  -1.0107316e-03  -2.1454170e-04  -2.1393229e-03
  -1.4825328e-04  -1.0743994e-03  -3.8694551e-04  -1.9854418e-03
  -2.6444866e-04  -8.6092497e-04  -4.6565160e-04  -1.8803523e-03
  -1.2201561e-04  -9.7702509e-04  -2.0704588e-04  -2.3194764e-03
  -3.0942751e-04  -9.2833794e-04  -3.3447479e-04  -2.2706848e-03
  -2.8318985e-04  -9.0212179e-04  -5.8183678e-04  -2.1393229e-03
  -8.8281470e-05  -9.2833794e-04  -4.4691206e-04  -2.1168037e-03
  -5.9054536e-04  -1.1006155e-03  -8.3364883e-05  -1.7715096e-03
  -2.9818280e-04  -1.0444381e-03  -2.3702915e-04  -2.1580889e-03
  -2.3071451e-04  -6.8115705e-04  -2.9324779e-04  -2.1393229e-03
  -4.1812641e-04  -8.6841530e-04  -8.4067030e-06  -1.8878587e-03
  -2.0719960e-06  -1.0444381e-03  -2.4077706e-04  -2.1318165e-03
  -3.9554376e-05  -8.9463146e-04   7.0299386e-05  -1.6514073e-03
   2.7154938e-04  -7.9725717e-04  -1.5082725e-04  -1.9291439e-03
   9.1633954e-05  -8.1972816e-04  -3.8319760e-04  -2.0042078e-03
  -4.0313346e-04  -8.6841530e-04   2.5769484e-04  -1.8615863e-03
  -1.2201561e-04  -9.0212179e-04  -1.5832306e-04  -2.0154674e-03
  -3.8439227e-04  -8.5717981e-04  -1.2833979e-04  -1.6701733e-03
  -4.9309117e-04  -9.6953476e-04   9.2786840e-05  -1.8841055e-03
  -1.6699447e-04  -9.3582827e-04  -2.6701242e-04  -1.9666759e-03
   2.7913908e-05  -7.5231519e-04  -1.4707934e-04  -2.0529994e-03
   1.2911633e-04  -9.3957344e-04  -1.4333143e-04  -1.8615863e-03
  -2.8309662e-05  -8.0100233e-04  -2.0704588e-04  -1.8015352e-03
  -1.3700856e-04  -6.6243123e-04  -2.0329797e-04  -1.9591695e-03
  -1.2201561e-04  -7.3733453e-04  -1.3208770e-04  -1.6251349e-03
  -2.5320394e-04  -6.5868606e-04  -1.2459188e-04  -1.9816886e-03
  -3.8439227e-04  -8.9463146e-04  -1.7331470e-04  -2.1430761e-03
  -1.5949799e-04  -8.7590563e-04  -1.0210443e-04  -2.0942846e-03
   7.6641002e-05  -6.2123441e-04  -5.3381611e-05  -2.0567526e-03
   4.2906860e-05  -7.4482486e-04  -8.4067030e-06  -2.0492462e-03
  -1.7449094e-04  -8.7965080e-04  -1.6956679e-04  -2.3419956e-03
  -1.5574975e-04  -9.6204443e-04  -1.6581888e-04  -1.9704291e-03
  -1.1077090e-04  -7.7478618e-04  -8.7112792e-05  -1.8465736e-03
  -9.2029708e-05  -6.1374408e-04  -1.7706261e-04  -2.1393229e-03
  -6.9540280e-05  -8.4219915e-04   2.1576569e-05  -2.3044636e-03
  -2.7944161e-04  -7.3733453e-04  -1.2154612e-05  -2.4095531e-03
  -2.0447685e-04  -8.5717981e-04  -1.3583561e-04  -2.1393229e-03
  -1.2951209e-04  -8.3470882e-04  -1.1709606e-04  -2.0454930e-03
  -1.4825328e-04  -6.6617639e-04  -1.3583561e-04  -2.1918677e-03
  -9.2029708e-05  -1.0219671e-03  -2.3398339e-05  -2.2444124e-03
  -6.5792042e-05  -9.0212179e-04  -2.4452497e-04  -2.2143869e-03
  -1.5949799e-04  -9.0586695e-04  -1.5082725e-04  -2.2369060e-03
  -1.2201561e-04  -9.0961212e-04  -7.5869065e-05  -2.4433319e-03
  -4.7050852e-05  -6.5868606e-04  -2.1079379e-04  -2.4470851e-03
  -3.1692399e-04  -8.0474750e-04   5.5307750e-05  -2.3645147e-03
  -2.2321804e-04  -9.2459278e-04  -2.2203752e-04  -2.4320723e-03
  -1.9698037e-04  -9.5455410e-04  -1.4333143e-04  -2.3007104e-03
  -2.9443456e-04  -9.8451542e-04  -3.8389975e-05  -2.2631784e-03
  -5.8295566e-05  -7.1111837e-04  -1.8830634e-04  -2.2369060e-03
   9.1633954e-05  -6.8115705e-04   7.7795204e-05  -2.1731017e-03
  -2.4561424e-05  -9.2833794e-04  -2.0704588e-04  -2.1243101e-03
  -1.7064948e-05  -7.0737321e-04  -1.0585234e-04  -1.7827692e-03
   3.0903176e-04  -7.4482486e-04   1.4150966e-04  -2.0117142e-03
  -5.4547328e-05  -6.1374408e-04  -1.0960025e-04  -2.1993741e-03
  -2.4561424e-05  -5.3509562e-04  -7.2121156e-05  -1.9291439e-03
   3.7650004e-04  -8.7965080e-04  -1.2154612e-05  -2.0529994e-03
  -1.4825328e-04  -7.6729585e-04  -3.0894157e-05  -2.0492462e-03
  -3.1317575e-04  -6.8490222e-04  -1.2154612e-05  -1.9554163e-03
  -9.5684720e-06  -8.0474750e-04   3.2820296e-05  -1.8165480e-03
   2.0782933e-04  -8.7965080e-04   3.6568205e-05  -1.8015352e-03
  -6.5792042e-05  -7.5606035e-04  -1.2084397e-04  -2.0830250e-03
  -3.5440637e-04  -8.0474750e-04  -4.5885793e-05  -2.0267270e-03
  -2.6444866e-04  -8.8339596e-04  -8.4067030e-06  -1.9816886e-03
  -1.7074271e-04  -8.8714113e-04  -2.7450824e-04  -2.0267270e-03
  -1.3326033e-04  -9.3582827e-04  -2.1079379e-04  -1.9328971e-03
  -1.5949799e-04  -8.5343464e-04  -1.7706261e-04  -1.9929482e-03
   3.0153528e-04  -8.2347332e-04  -2.9699570e-04  -1.9629227e-03
   8.7885716e-05  -6.7741189e-04  -1.5082725e-04  -1.8690927e-03
  -3.7314756e-04  -5.9127309e-04  -5.7129520e-05  -2.2481656e-03
  -1.3316710e-05  -7.1486354e-04  -9.8356519e-05  -2.3044636e-03
  -1.4075680e-04  -8.3470882e-04  -8.4067030e-06  -1.9328971e-03
  -3.3566518e-04  -6.6243123e-04  -1.3958352e-04  -2.0792718e-03
  -8.4533232e-05  -6.0625375e-04  -2.1079379e-04  -2.0117142e-03
   6.9144526e-05  -8.3096365e-04  -1.3208770e-04  -1.9554163e-03
  -1.0327442e-04  -8.7216047e-04  -2.3328124e-04  -2.0642590e-03
  -3.1692399e-04  -8.5343464e-04  -1.7331470e-04  -1.9328971e-03
  -2.6819689e-04  -7.0362804e-04  -6.0877429e-05  -1.9178843e-03
  -3.8814051e-04  -1.0069864e-03   4.4064023e-05  -1.8991183e-03
  -3.7314756e-04  -1.0968704e-03  -2.5951661e-04  -2.1993741e-03
  -2.4195923e-04  -7.5980552e-04  -3.8319760e-04  -2.2669316e-03
  -3.1692399e-04  -1.0332026e-03  -1.9205424e-04  -1.9854418e-03
  -3.0942751e-04  -9.4331860e-04  -3.5321433e-04  -2.1580889e-03
  -3.9938522e-04  -1.0182219e-03  -2.5951661e-04  -2.1318165e-03
  -2.2321804e-04  -1.1642833e-03  -3.1198733e-04  -2.0004546e-03
  -1.6699447e-04  -8.3096365e-04  -3.1948315e-04  -2.1731017e-03
  -2.5695218e-04  -9.3208311e-04  -6.4625338e-05  -1.7489904e-03
  -1.5949799e-04  -9.2459278e-04  -2.4452497e-04  -1.8353140e-03
  -4.6310527e-04  -9.8077025e-04  -3.3822270e-04  -2.1055441e-03
  -3.1692399e-04  -1.0332026e-03  -2.1454170e-04  -1.7790160e-03
  -1.9323213e-04  -8.6841530e-04  -1.8455843e-04  -2.2894508e-03
  -2.4570747e-04  -1.0069864e-03  -1.5082725e-04  -2.0004546e-03
   1.7034695e-04  -8.7965080e-04  -1.5082725e-04  -1.7602500e-03
  -1.9698037e-04  -8.4594431e-04  -3.4642066e-05  -2.1243101e-03
  -4.9309117e-04  -8.6092497e-04   8.1543113e-05  -1.8165480e-03
  -1.7074271e-04  -6.8115705e-04  -1.1709606e-04  -1.8878587e-03
  -3.3941342e-04  -7.4482486e-04  -6.8373247e-05  -1.7302244e-03
  -1.2201561e-04  -6.8490222e-04   5.9055659e-05  -1.8240544e-03
   1.9283638e-04  -8.5343464e-04  -1.8455843e-04  -1.9103779e-03
  -3.4690989e-04  -8.3096365e-04  -1.5902521e-05  -1.7564968e-03
  -4.0688170e-04  -6.6617639e-04   4.7811932e-05  -1.9967014e-03
  -2.0822509e-04  -8.0849266e-04  -1.8830634e-04  -1.8052884e-03
  -3.8439227e-04  -8.6841530e-04  -6.0877429e-05  -1.9028715e-03
  -2.1572156e-04  -9.9575091e-04  -1.8455843e-04  -2.1130505e-03
  -1.8573566e-04  -8.9088629e-04  -1.8455843e-04  -2.0492462e-03
   4.2906860e-05  -7.7853134e-04  -1.0960025e-04  -1.9591695e-03
   3.2027647e-04  -8.5717981e-04  -3.6445806e-04  -1.9366503e-03
  -1.7449094e-04  -6.9988288e-04  -2.4452497e-04  -2.2293996e-03
  -2.1197332e-04  -6.9613771e-04  -1.6956679e-04  -2.0079610e-03
  -1.5574975e-04  -8.8339596e-04  -7.5869065e-05  -2.0342334e-03
  -2.4945570e-04  -8.0849266e-04   8.1543113e-05  -2.2068805e-03
   2.7913908e-05  -8.3845398e-04  -2.4077706e-04  -2.0192206e-03
  -1.6699447e-04  -7.6355068e-04  -2.2578543e-04  -2.1881145e-03
  -5.8202340e-06  -7.3358936e-04  -6.0877429e-05  -2.0042078e-03
   1.5910224e-04  -8.0474750e-04  -8.3364883e-05  -2.0379866e-03
  -2.8693808e-04  -8.0474750e-04  -5.3381611e-05  -2.2631784e-03
  -2.3821099e-04  -8.8714113e-04  -1.2459188e-04  -2.2256465e-03
  -2.4561424e-05  -7.8976684e-04  -6.4625338e-05  -2.3194764e-03
  -1.1451914e-04  -9.6953476e-04  -3.0449151e-04  -2.3832807e-03
  -2.6070042e-04  -1.0594187e-03  -2.2578543e-04  -2.3832807e-03
  -4.3302614e-05  -1.0556735e-03  -1.5902521e-05  -2.1092973e-03
   4.6270952e-04  -1.2504221e-03  -8.4067030e-06  -2.3982935e-03
  -2.3071451e-04  -8.0849266e-04  -9.8356519e-05  -2.5446682e-03
  -2.8693808e-04  -7.7853134e-04  -2.3328124e-04  -2.4057999e-03
   1.0662691e-04  -1.2204608e-03   1.3401384e-04  -2.4358255e-03
  -5.3432179e-04  -1.1189197e-04  -3.3072688e-04  -2.1543357e-03
   4.8145071e-04  -1.5050934e-03   6.7746064e-04  -2.4395787e-03
  -9.3913150e-04  -2.9915022e-04  -1.0203421e-03  -2.1168037e-03
   1.2123571e-03  -8.3096365e-04   2.2021575e-04  -2.5559278e-03
  -4.8559470e-04  -1.1268317e-03   2.6893856e-04  -2.2143869e-03
  -1.1078022e-03   4.1617629e-04  -1.5188140e-03  -2.1280633e-03
   2.0369695e-03  -3.2353596e-03   1.7531105e-03  -2.5934598e-03
  -3.3267591e-03   2.7906109e-03  -3.1154233e-03  -1.4187091e-03
   3.8848508e-03  -4.5536577e-03   4.0056038e-03  -2.7323280e-03
  -4.2750633e-03   2.4572912e-03  -3.3140624e-03  -1.0321298e-03
   3.2663915e-03  -2.1792230e-03   2.1766242e-03  -3.0701158e-03
  -8.6791497e-04  -2.2840877e-03  -9.4608610e-05  -1.3661643e-03
  -2.5321326e-03   5.5882492e-03  -4.0973754e-03  -1.7302244e-03
   7.7980113e-03  -1.3474641e-02   8.4993467e-03  -3.5430186e-03
  -1.5635973e-02   2.1340413e-02  -1.4599016e-02   8.9701345e-04
   3.5287589e-02  -3.7409990e-02   2.1148540e-02  -7.0259854e-03
  -9.7227617e-02  -7.9393290e-02  -2.7874110e-02   1.2794648e-02
  -3.5272992e-02  -7.9460703e-02   2.3824547e-02   1.2798395e-03
   3.0987976e-01  -9.4182946e-02   1.1034128e-01  -3.1106497e-02
   1.2773413e-01  -3.5499956e-02  -7.5839850e-02  -1.3699175e-03
  -9.3906679e-02  -6.1802250e-02  -1.3251198e-01   1.9201355e-02
  -2.8691086e-02  -3.4586136e-02  -6.2572252e-02   5.5547252e-04
  -9.2527234e-03  -2.8694991e-02   9.1553010e-02  -5.0319113e-02
  -1.0138816e-01  -6.4157959e-02   1.4251333e-01  -3.8016133e-02
   2.4417792e-03  -4.5147501e-02  -5.5282569e-02   1.4337212e-02
   2.2952128e-01  -3.9335005e-02  -4.5886561e-02   3.2915531e-03
   2.5407233e-02  -5.0742356e-03   1.3450335e-02  -6.6731849e-03
  -5.0993102e-02  -2.8384143e-02  -7.6102203e-02   3.6105749e-03
   2.5688351e-02  -2.8571401e-02  -8.2402438e-02   1.5215460e-02
  -4.8103210e-02  -1.6485753e-02   4.8413875e-03  -1.1484789e-03
  -1.8836968e-02  -4.6623096e-02   5.4995906e-02  -2.3048383e-02
  -4.8114455e-02  -4.3750555e-02   5.3837802e-02  -1.3631612e-02
  -5.3579386e-02  -1.3822941e-02   7.6260839e-03  -6.9509215e-03
   4.7544420e-03  -7.3850024e-03  -3.3792058e-02  -5.5659918e-03
   2.6516805e-03  -1.8159842e-02   9.2039536e-03  -1.4074495e-03
  -2.6933069e-03  -1.0219671e-03  -3.0047897e-02  -6.0051784e-05
   1.5684397e-03  -1.7369612e-02  -1.5689658e-02   2.8599355e-03
  -1.6018293e-02  -3.4908220e-02   5.0884450e-02  -7.5476798e-03
  -4.6165371e-02  -3.1297881e-02   1.5050692e-02  -6.3429036e-03
  -3.4845692e-02  -2.4343110e-02   7.3562345e-03   2.7811183e-03
  -9.0053397e-03   8.7641491e-03  -3.9833688e-02   2.8674419e-03
  -2.7795164e-03   1.3760199e-02  -3.4530397e-02   7.6077297e-03
   1.7595999e-03  -3.1754369e-03   2.0586353e-02  -1.1597379e-02
  -5.8605680e-03  -1.3785489e-02   5.2911366e-03  -3.9183383e-03
  -1.0632075e-02  -2.1103542e-02   6.5916610e-03   1.6401465e-03
  -5.6469184e-03  -2.1380684e-02   3.9157242e-02  -1.4596184e-02
  -6.0292387e-03  -1.6526950e-02   1.4634674e-02  -5.1531401e-03
   3.3526942e-04   1.2138964e-03  -1.5764616e-02  -4.7890800e-03
   1.4672373e-03   1.3112286e-02  -3.4863960e-02   6.7069624e-03
  -1.7450027e-03   3.1613822e-03  -2.9954200e-02   7.0447501e-03
   1.4559926e-03  -1.1175109e-02   4.3166803e-03  -3.1114009e-03
  -4.0239314e-03  -1.7575596e-02  -1.0693695e-02   5.3895903e-03
  -8.3831322e-03  -2.2725198e-02   1.8678668e-02  -4.7027565e-03
  -5.0808413e-04  -1.3796725e-02   3.4656004e-02  -1.0482680e-02
   9.1999455e-04   3.9253959e-03  -4.1048712e-03  -1.9516631e-03
  -2.6819689e-04   9.4495143e-03  -2.0985453e-02   1.0508888e-04
   4.9644366e-04   7.5731866e-03  -1.4302932e-02  -3.7532602e-05
  -9.9160683e-04  -4.3326929e-03   1.9364535e-02  -6.9471683e-03
  -4.4061584e-04  -1.3178773e-02   2.9581335e-02  -8.4709663e-03
  -1.0928093e-03  -1.4392206e-02   3.3722072e-03  -8.1069118e-04
  -3.2816870e-04  -1.3294873e-02  -1.4748933e-02   1.9479086e-03
   1.0287867e-04  -3.4034704e-04  -1.8496842e-02   3.6406005e-03
  -4.3311937e-04   1.0906383e-02  -2.3818873e-02   4.0159202e-03
  -5.4547328e-05   7.3859284e-03  -6.6946764e-03  -1.0358830e-03
  -5.0433589e-04  -8.0849266e-04   3.7207628e-03  -4.0009086e-03
  -4.5186056e-04  -7.8905997e-03   9.8710814e-03  -5.5472258e-03
  -3.9188875e-04  -9.4598238e-03   2.5795947e-02  -1.0193684e-02
   9.9130430e-05  -2.7372526e-03   8.0158665e-03  -6.7407424e-03
   1.6669194e-05   3.6407634e-03  -1.0731174e-02  -5.8925256e-04
  -2.5320394e-04   6.6631115e-03  -2.7761673e-02   2.5146414e-03
  -4.7050852e-05   4.3373640e-03  -1.9834845e-02   4.3724739e-03
  -6.7300660e-04  -3.1267498e-03   7.6972942e-03  -2.8599367e-03
  -7.2173369e-04  -8.5160422e-03   4.7401940e-03  -2.8824559e-03
  -2.8318985e-04  -7.7295576e-03  -1.0765608e-03  -7.1310806e-04
  -1.7449094e-04  -3.4151275e-03   2.7013315e-03  -4.4212667e-03
  -1.7449094e-04   3.4872116e-03  -3.2803313e-03  -2.2068805e-03
  -3.1692399e-04   6.8466246e-03  -5.8776322e-03  -1.8052884e-03
  -4.4436408e-04   1.9591843e-03   1.4270424e-03  -2.8711963e-03
  -6.1303479e-04  -3.2166338e-03   1.1014194e-02  -4.9241951e-03
  -5.3807003e-04  -7.1453118e-03   1.3855109e-02  -5.3895915e-03
  -4.1062994e-04  -6.4524563e-03   6.9620019e-04  -2.0492462e-03
  -1.5200152e-04  -1.0669090e-03  -4.0636442e-03  -1.4750071e-03
  -2.1946980e-04   2.4647816e-03  -1.1889278e-02   2.7773595e-04
  -4.9309117e-04   4.3860512e-03  -1.6963947e-02   2.2406580e-03
  -2.6444866e-04   3.1239306e-03  -5.1542858e-03   7.8816505e-05
  -5.9804184e-04  -1.5687612e-03   5.5759777e-03  -2.8711963e-03
  -4.8559470e-04  -4.5686383e-03   1.4053748e-02  -4.9579739e-03
  -8.4533232e-05  -4.7783676e-03   8.3456825e-03  -4.6014202e-03
  -3.4316165e-04  -1.4301901e-03   1.0859827e-03  -2.8599367e-03
  -1.5949799e-04   3.8991797e-03   2.6601045e-03  -2.9687795e-03
   4.2906860e-05   3.7044312e-03  -1.5600410e-03  -2.0192206e-03
  -3.0193104e-04   7.2327982e-04  -3.6626180e-03  -4.6915026e-04
  -5.6805593e-04  -2.2541263e-03   2.3827592e-03  -1.1447257e-03
  -4.7809822e-04  -5.1004518e-03   4.8189001e-03  -1.6776797e-03
  -3.9188875e-04  -4.5424222e-03   2.3115490e-03  -1.4299687e-03
  -1.5574975e-04  -1.6923516e-03  -2.6656742e-03  -7.2061446e-04
  -7.7036756e-05   1.5584516e-03  -6.5859870e-03  -3.6406074e-04
  -3.0567927e-04   2.3037395e-03  -6.0877429e-05  -1.8353140e-03
  -5.6805593e-04   1.2213868e-03   4.6689837e-03  -3.2277501e-03
  -4.9309117e-04  -1.3215803e-03   9.0390456e-03  -4.2899048e-03
  -3.6190284e-04  -4.4675189e-03   9.9835187e-03  -4.7853268e-03
  -2.7194513e-04  -3.5462083e-03   1.3520843e-03  -3.1789585e-03
   1.2920956e-05   4.4239245e-04  -4.7195283e-03  -1.8240544e-03
  -1.6324623e-04   2.3861331e-03  -9.1795400e-03  -3.3403516e-04
  -2.2321804e-04   1.5022741e-03  -1.1285865e-02   8.1819631e-04
  -3.4690989e-04  -4.0776001e-04  -6.0612797e-03  -2.6272442e-04
  -3.9563699e-04  -2.1567521e-03  -2.7146248e-05  -1.6363945e-03
  -3.4690989e-04  -2.7110365e-03   1.9105227e-03  -2.7210685e-03
  -4.0688170e-04  -2.1567521e-03   1.7306231e-03  -3.3891375e-03
  -1.0327442e-04   4.9482476e-04  -6.2681169e-04  -3.1189073e-03
  -1.5200152e-04   2.4385654e-03  -1.3389144e-03  -2.8073920e-03
  -2.0822509e-04   1.4685677e-03  -2.4827288e-04  -2.8636899e-03
  -3.6565108e-04  -6.3996024e-04   6.6551477e-05  -2.4658511e-03
  -4.4436408e-04  -2.9357464e-03  -3.0449151e-04  -1.8278076e-03
  -3.7689580e-04  -3.8570570e-03  -1.2452167e-03  -1.5313050e-03
  -5.4181827e-04  -2.5237782e-03  -2.6769179e-03  -1.4224623e-03
  -4.2562289e-04  -2.0926626e-04  -5.0530922e-03  -8.1069118e-04
  -4.2937113e-04   8.8432192e-04  -4.8619489e-03  -1.1484789e-03
  -3.2442046e-04   7.6073147e-04  -7.7672805e-04  -2.1693485e-03
  -3.2067223e-04  -3.7405352e-04   2.8400041e-03  -2.5221490e-03
  -3.9188875e-04  -1.9282970e-03   4.7851689e-03  -3.4867206e-03
  -3.2442046e-04  -2.5799557e-03   4.4815883e-03  -3.3103204e-03
  -4.9309117e-04  -1.7372936e-03   1.5357318e-03  -2.5521746e-03
  -5.2682532e-04  -2.6169857e-04  -1.1327794e-03  -2.0079610e-03
  -5.2307708e-04   2.5138903e-04  -2.4707829e-03  -1.1785045e-03
  -1.1451914e-04   2.4764387e-04  -2.8718092e-03  -1.1785045e-03
  -2.0447685e-04  -3.9652451e-04  -1.1027961e-03  -1.0508958e-03
  -7.0299250e-04  -1.4676417e-03  -2.1454170e-04  -1.2573216e-03
  -2.9068632e-04  -1.8796099e-03   6.0625037e-04  -1.6138753e-03
  -3.0567927e-04  -1.3852481e-03   1.3895634e-03  -1.8203012e-03
  -5.1558060e-04  -3.1413088e-04   1.0897306e-03  -2.0117142e-03
  -3.1317575e-04   6.7875950e-05   2.3865071e-03  -2.3832807e-03
  -3.9938522e-04  -2.3548242e-04   3.9343936e-03  -2.8374176e-03
  -4.0688170e-04  -6.4745057e-04   3.3084928e-03  -2.6122257e-03
  -3.5440637e-04  -1.4788772e-03   2.4202383e-03  -2.4020467e-03
  -5.3807003e-04  -1.7260581e-03   1.2396470e-03  -1.9441567e-03
  -3.6190284e-04  -9.9949608e-04  -1.0728129e-03  -1.4187091e-03
  -1.5949799e-04  -4.0401484e-04  -2.7293886e-03  -1.1034405e-03
  -4.6310527e-04  -1.9803077e-04  -2.7856073e-03  -9.4580628e-04
  -3.8064403e-04  -4.3772133e-04  -1.5937722e-03  -1.3436452e-03
  -9.9526184e-05  -9.4706377e-04   1.4150966e-04  -2.0229738e-03
  -2.7569337e-04  -8.3470882e-04   1.7343710e-03  -2.6197321e-03
  -4.3311937e-04  -7.1111837e-04   1.3670759e-03  -2.7886260e-03
  -3.5065813e-04  -6.1748925e-04   6.2124201e-04  -2.6422513e-03
  -4.0688170e-04  -2.5753175e-05  -1.2459188e-04  -2.3645147e-03
  -3.9188875e-04  -9.3166145e-05  -1.5338057e-03  -2.0605058e-03
  -1.7823918e-04  -6.6243123e-04  -1.8973528e-03  -1.7339776e-03
  -2.4570747e-04  -1.2316963e-03  -2.0397734e-03  -1.5463178e-03
  -3.3941342e-04  -1.4751320e-03  -2.1259753e-03  -1.5237986e-03
  -2.2696628e-04  -1.2766383e-03  -1.5000745e-03  -1.6101221e-03
  -2.7569337e-04  -7.4857002e-04  -1.0390817e-03  -1.9929482e-03
  -3.1317575e-04  -5.9459660e-05  -4.3192042e-04  -2.1205569e-03
  -2.3821099e-04  -1.8305011e-04   6.0625037e-04  -2.3645147e-03
  -3.7314756e-04  -6.2123441e-04   1.0410078e-03  -2.5296554e-03
  -5.7555241e-04  -1.0182219e-03   1.5394797e-03  -2.5972130e-03
  -4.7809822e-04  -1.4751320e-03   2.0791786e-03  -2.8261580e-03
  -3.8814051e-04  -1.0444381e-03  -3.0894157e-05  -2.2932040e-03
  -5.9054536e-04  -5.5382144e-04  -1.9498236e-03  -1.7865224e-03
  -2.6819689e-04  -6.5494090e-04  -1.8748654e-03  -1.7001989e-03
  -9.5777946e-05  -4.5270199e-04  -1.9011007e-03  -1.7189649e-03
  -3.3941342e-04  -6.4370540e-04  -1.5225619e-03  -1.9516631e-03
  -3.7314756e-04  -9.7702509e-04  -2.7825615e-04  -2.2369060e-03
  -4.5560879e-04  -8.9837662e-04   3.2140929e-04  -2.4095531e-03
  -5.4547328e-05  -7.8976684e-04   5.7626710e-04  -2.4958766e-03
  -1.5949799e-04  -4.3023100e-04   6.8495646e-04  -2.7023025e-03
  -4.2562289e-04  -2.9540506e-04   2.1576569e-05  -2.4508383e-03
  -1.7823918e-04  -6.0999892e-04  -8.7112792e-05  -2.1130505e-03
  -3.0567927e-04  -9.4706377e-04   2.8370240e-06  -2.1243101e-03
  -3.8064403e-04  -8.9837662e-04  -2.5951661e-04  -2.1580889e-03
  -4.1812641e-04  -8.7216047e-04   5.5307750e-05  -2.2143869e-03
  -2.0447685e-04  -7.7853134e-04  -2.7825615e-04  -1.9816886e-03
  -1.8573566e-04  -4.8266331e-04  -1.0465775e-03  -1.7039521e-03
  -5.0808413e-04  -3.6656319e-04  -4.5440787e-04  -1.8052884e-03
  -3.0942751e-04  -5.7254727e-04   6.8120855e-04  -2.0454930e-03
  -1.7823918e-04  -1.2316963e-03   1.3858154e-03  -2.2819444e-03
  -3.4690989e-04  -1.2242060e-03   1.6819003e-03  -2.3419956e-03
  -1.2576385e-04  -7.4107969e-04   1.4570257e-03  -2.2481656e-03
  -2.0447685e-04  -5.8752793e-04   7.8240210e-04  -2.1580889e-03
  -5.9054536e-04  -2.8416956e-04   3.1016556e-04  -1.8916119e-03
  -3.8814051e-04  -1.3810813e-04  -4.0568506e-04  -1.6476541e-03
  -4.7060175e-04  -5.1636979e-04  -8.4419041e-04  -1.8127948e-03
  -4.8184646e-04  -8.6467014e-04  -5.3311396e-04  -1.8353140e-03
  -3.2442046e-04  -9.7327992e-04  -5.4435769e-04  -1.6926925e-03
  -2.4195923e-04  -7.9351200e-04  -2.1454170e-04  -2.0342334e-03
  -5.8202340e-06  -3.3660187e-04   3.4389674e-04  -2.2331528e-03
  -4.7434998e-04  -1.7181461e-04   3.6263629e-04  -2.1355697e-03
  -6.3552422e-04  -1.8679527e-04   3.9636747e-04  -2.0680122e-03
  -2.6444866e-04  -5.9127309e-04   5.4253592e-04  -2.0830250e-03
  -2.6070042e-04  -9.9200575e-04   5.9875455e-04  -2.1355697e-03
  -1.9698037e-04  -9.0961212e-04   1.9772829e-04  -1.9141311e-03
  -2.3446275e-04  -1.1567930e-03  -2.6701242e-04  -1.7001989e-03
  -2.8318985e-04  -1.1343220e-03  -6.9802196e-04  -1.7152117e-03
  -2.9068632e-04  -6.4745057e-04  -5.9682842e-04  -1.7902756e-03
  -3.5065813e-04  -5.2760529e-04  -2.5951661e-04  -1.9028715e-03
  -3.8439227e-04  -7.5606035e-04  -2.2203752e-04  -2.1055441e-03
  -4.4061584e-04  -9.0212179e-04   1.0028266e-04  -2.1430761e-03
  -3.7689580e-04  -1.0594187e-03   1.8648456e-04  -2.0905314e-03
  -5.3432179e-04  -1.0818897e-03  -2.3328124e-04  -2.2406592e-03
  -5.0808413e-04  -8.2347332e-04  -6.3055960e-04  -2.2031273e-03
  -2.1197332e-04  -8.0474750e-04  -7.7298014e-04  -2.0867782e-03
  -2.8318985e-04  -7.1486354e-04  -8.1420714e-04  -2.2293996e-03
  -3.5440637e-04  -7.9351200e-04  -1.2302250e-03  -2.0755186e-03
  -3.3941342e-04  -1.0856349e-03  -1.4775870e-03  -1.9666759e-03
  -5.2682532e-04  -1.0856349e-03  -1.0915524e-03  -2.0192206e-03
  -4.7434998e-04  -1.0556735e-03  -8.3669459e-04  -1.9291439e-03
  -2.3821099e-04  -9.3582827e-04  -7.5798850e-04  -1.9929482e-03
  -5.0808413e-04  -8.3845398e-04  -3.6445806e-04  -2.0042078e-03
  -3.0567927e-04  -7.0362804e-04  -4.5885793e-05  -2.1768549e-03
  -2.7944161e-04  -7.8976684e-04  -1.9205424e-04  -2.2106337e-03
  -5.6055946e-04  -1.1155962e-03  -1.5902521e-05  -2.0792718e-03
  -2.0822509e-04  -1.1380672e-03   2.8018229e-04  -2.2031273e-03
  -4.5935703e-04  -1.0107316e-03  -9.8356519e-05  -2.1280633e-03
  -1.9698037e-04  -8.0474750e-04  -3.8694551e-04  -1.8841055e-03
  -9.2029708e-05  -6.6992156e-04  -3.7195388e-04  -1.9328971e-03
  -6.0553831e-04  -6.7741189e-04  -3.3822270e-04  -1.9366503e-03
  -2.8318985e-04  -7.1860870e-04  -8.4067030e-06  -1.8465736e-03
  -4.0688170e-04  -7.5231519e-04   1.3026593e-04  -1.9929482e-03
  -4.8934294e-04  -7.4857002e-04   3.1016556e-04  -1.8540799e-03
  -2.8318985e-04  -7.3733453e-04   5.1630056e-04  -1.9216375e-03
  -3.1317575e-04  -7.7104101e-04   3.0266974e-04  -2.0529994e-03
  -2.6819689e-04  -6.1374408e-04   3.0641765e-04  -1.8540799e-03
  -3.6565108e-04  -5.1262463e-04   4.7882147e-04  -2.0042078e-03
  -1.7449094e-04  -7.5231519e-04   2.5769484e-04  -2.0229738e-03
  -2.1946980e-04  -7.5606035e-04   1.7828660e-05  -1.8203012e-03
