  -1.3700856e-04  -8.8714113e-04  -1.1334816e-04  -2.0079610e-03
  -2.4570747e-04  -7.8602167e-04  -3.3822270e-04  -1.9967014e-03
   1.6669194e-05  -9.8451542e-04  -1.5832306e-04  -2.0567526e-03
  -8.4533232e-05  -1.0893800e-03  -1.0960025e-04  -1.9216375e-03
  -2.8693808e-04  -9.8451542e-04  -3.0449151e-04  -2.1693485e-03
  -5.8202340e-06  -8.0474750e-04  -2.0704588e-04  -2.0605058e-03
  -2.8318985e-04  -7.3358936e-04  -1.9955006e-04  -2.0792718e-03
  -2.3446275e-04  -8.9837662e-04  -1.6581888e-04  -2.2331528e-03
  -1.5574975e-04  -8.4594431e-04  -2.6326452e-04  -2.1055441e-03
  -2.7944161e-04  -9.8826058e-04  -2.1079379e-04  -2.3232296e-03
   1.0287867e-04  -9.3208311e-04  -4.2137884e-05  -2.1881145e-03
  -2.4195923e-04  -6.9613771e-04  -8.3364883e-05  -2.1393229e-03
  -4.4061584e-04  -1.0069864e-03  -1.0210443e-04  -2.2331528e-03
  -1.5200152e-04  -1.0107316e-03  -2.8575197e-04  -2.1130505e-03
  -1.5200152e-04  -9.3957344e-04  -2.9324779e-04  -2.1430761e-03
  -2.4570747e-04  -9.5829926e-04  -3.5321433e-04  -2.0717654e-03
  -2.4561424e-05  -6.6992156e-04  -2.9699570e-04  -2.1543357e-03
   1.6762420e-06  -7.8602167e-04  -1.2833979e-04  -2.1655953e-03
  -5.0058765e-04  -9.9200575e-04  -3.3072688e-04  -2.0980378e-03
  -2.4570747e-04  -7.5606035e-04  -1.1709606e-04  -2.2143869e-03
  -1.2951209e-04  -6.6617639e-04  -1.6956679e-04  -1.9704291e-03
  -5.8295566e-05  -8.1223783e-04  -3.0074361e-04  -1.8203012e-03
   8.7885716e-05  -8.1223783e-04   3.6568205e-05  -1.8803523e-03
  -2.4195923e-04  -6.3246991e-04  -1.6956679e-04  -1.9666759e-03
   3.1662146e-05  -6.2497958e-04  -1.8455843e-04  -2.0042078e-03
   2.0417432e-05  -6.5868606e-04  -4.6587940e-06  -1.8503268e-03
  -1.6324623e-04  -4.9389880e-04  -9.0860701e-05  -2.1505825e-03
   5.4151574e-05  -6.8115705e-04   1.3026593e-04  -2.1017910e-03
   1.2161986e-04  -7.8602167e-04  -8.4067030e-06  -1.8578331e-03
   1.3286457e-04  -5.8003760e-04  -2.4827288e-04  -1.8390672e-03
   3.1662146e-05  -8.8339596e-04  -3.4642066e-05  -1.8390672e-03
  -7.7036756e-05  -1.0406929e-03   2.8370240e-06  -2.1468293e-03
  -3.9554376e-05  -8.8339596e-04   4.4064023e-05  -1.9666759e-03
  -2.3821099e-04  -1.0032412e-03   8.9038931e-05  -1.6514073e-03
  -4.6685351e-04  -9.5455410e-04   1.5650129e-04  -1.7977820e-03
  -1.3700856e-04  -5.6131177e-04   2.9072387e-05  -1.8841055e-03
   1.6762420e-06  -6.0250859e-04  -2.9324779e-04  -1.7827692e-03
  -1.3700856e-04  -8.2721849e-04  -2.4452497e-04  -2.2594252e-03
  -6.2043804e-05  -7.0362804e-04  -3.3822270e-04  -2.3570083e-03
  -2.3071451e-04  -9.3957344e-04  -5.7129520e-05  -1.8841055e-03
  -2.7194513e-04  -8.0474750e-04   1.1527429e-04  -1.9591695e-03
   1.4785752e-04  -7.1486354e-04  -2.1828961e-04  -1.9103779e-03
   5.4244800e-06  -1.0743994e-03  -1.2833979e-04  -1.9479099e-03
  -2.9818280e-04  -8.3096365e-04  -3.0074361e-04  -1.9366503e-03
  -8.4533232e-05  -8.3470882e-04  -2.5202079e-04  -2.0642590e-03
  -2.3071451e-04  -1.1193414e-03  -3.0449151e-04  -2.1243101e-03
  -2.7194513e-04  -9.7702509e-04  -5.6684514e-04  -2.1355697e-03
  -1.8198742e-04  -7.8976684e-04  -3.0823942e-04  -2.3832807e-03
  -3.3941342e-04  -9.4331860e-04  -4.6939951e-04  -1.9666759e-03
  -1.4075680e-04  -7.8602167e-04  -1.9955006e-04  -1.9854418e-03
  -2.5320394e-04  -7.6729585e-04  -2.3398339e-05  -2.1393229e-03
  -2.6070042e-04  -1.1343220e-03  -4.8064324e-04  -2.0379866e-03
   9.1727180e-06  -1.2803834e-03  -3.2697897e-04  -2.3757743e-03
  -2.6070042e-04  -1.1979898e-03  -2.1454170e-04  -2.3119700e-03
  -2.0447685e-04  -1.0107316e-03  -2.8949988e-04  -2.1130505e-03
  -3.5440637e-04  -1.0144767e-03  -2.9699570e-04  -2.3570083e-03
  -4.5186056e-04  -8.7965080e-04  -2.4827288e-04  -2.6009662e-03
  -1.7449094e-04  -1.0669090e-03  -1.7331470e-04  -2.3982935e-03
  -4.8559470e-04  -1.1493027e-03  -1.6207097e-04  -2.0680122e-03
  -1.9323213e-04  -9.3208311e-04  -3.0449151e-04  -2.0867782e-03
  -1.1077090e-04  -1.0706542e-03  -2.9324779e-04  -2.0267270e-03
  -4.8184646e-04  -1.0069864e-03  -8.7112792e-05  -2.0680122e-03
  -8.4533232e-05  -9.0212179e-04  -3.1573524e-04  -2.1318165e-03
   5.4244800e-06  -9.3208311e-04  -1.9955006e-04  -1.8353140e-03
  -1.5949799e-04  -7.8602167e-04  -6.4625338e-05  -1.8428204e-03
  -2.2696628e-04  -1.0032412e-03  -1.7331470e-04  -1.9216375e-03
  -2.7944161e-04  -1.0781445e-03  -2.0704588e-04  -1.8465736e-03
  -3.0942751e-04  -7.9351200e-04  -2.8575197e-04  -1.9216375e-03
  -3.5440637e-04  -1.0706542e-03  -1.5902521e-05  -1.9066247e-03
  -2.7944161e-04  -8.9463146e-04  -2.0329797e-04  -1.8353140e-03
  -1.8573566e-04  -5.8003760e-04  -2.6326452e-04  -1.8278076e-03
  -1.8948390e-04  -8.5343464e-04  -2.0704588e-04  -1.9704291e-03
  -7.3288518e-05  -7.7478618e-04  -3.2323106e-04  -2.0567526e-03
   1.1037514e-04  -6.4370540e-04  -2.7146248e-05  -1.9103779e-03
  -1.0702266e-04  -8.1972816e-04  -1.2084397e-04  -1.9967014e-03
  -3.9554376e-05  -8.4219915e-04  -1.3208770e-04  -2.0417398e-03
  -8.8281470e-05  -7.5231519e-04  -1.9580215e-04  -1.9253907e-03
  -3.1692399e-04  -9.3957344e-04  -2.8200406e-04  -1.9216375e-03
  -8.8281470e-05  -7.7853134e-04  -1.0960025e-04  -1.9741823e-03
  -2.4945570e-04  -6.2123441e-04  -9.0860701e-05  -2.0567526e-03
  -2.3821099e-04  -8.8339596e-04   1.7828660e-05  -1.9854418e-03
  -7.7036756e-05  -8.2721849e-04  -1.5457515e-04  -1.9929482e-03
  -2.4570747e-04  -9.6204443e-04  -3.5696224e-04  -2.0042078e-03
  -6.5792042e-05  -8.8714113e-04  -3.7195388e-04  -2.0680122e-03
   1.2920956e-05  -8.3845398e-04  -7.9616974e-05  -2.1806081e-03
  -1.3700856e-04  -1.0669090e-03  -2.3398339e-05  -2.1017910e-03
  -1.0327442e-04  -9.2084761e-04  -2.4452497e-04  -2.1168037e-03
  -2.2321804e-04  -8.5717981e-04  -4.6587940e-06  -2.0192206e-03
  -2.8693808e-04  -6.3246991e-04  -2.2953333e-04  -2.0792718e-03
  -1.2951209e-04  -7.1111837e-04  -2.7450824e-04  -2.2106337e-03
  -1.9323213e-04  -7.6729585e-04  -1.6956679e-04  -2.2481656e-03
  -3.0567927e-04  -8.1598299e-04  -3.2697897e-04  -2.1806081e-03
  -1.4825328e-04  -9.7702509e-04  -8.4067030e-06  -2.0529994e-03
  -1.3316710e-05  -6.9239255e-04  -7.2121156e-05  -2.2594252e-03
  -1.5574975e-04  -8.6467014e-04  -1.2084397e-04  -2.2406592e-03
  -1.5574975e-04  -7.8227651e-04   1.2651802e-04  -2.1881145e-03
  -5.0799090e-05  -6.7366672e-04  -2.1079379e-04  -2.1543357e-03
  -2.2696628e-04  -9.2833794e-04  -3.3447479e-04  -2.0830250e-03
  -2.3446275e-04  -6.8490222e-04  -1.1334816e-04  -2.2932040e-03
  -1.7823918e-04  -6.9613771e-04  -1.0210443e-04  -2.3307360e-03
  -1.3326033e-04  -8.2347332e-04   9.6534749e-05  -2.2331528e-03
   5.4151574e-05  -8.3845398e-04   4.4064023e-05  -2.1168037e-03
  -5.8202340e-06  -7.3358936e-04  -1.1709606e-04  -2.0117142e-03
   3.9158622e-05  -6.3621507e-04  -6.0877429e-05  -1.8765991e-03
   5.4244800e-06  -7.9351200e-04  -1.7331470e-04  -1.7414840e-03
   9.1727180e-06  -5.8003760e-04  -2.1454170e-04  -1.6476541e-03
  -1.2951209e-04  -7.8976684e-04  -7.5869065e-05  -1.7452372e-03
  -3.2442046e-04  -7.9725717e-04   5.5307750e-05  -1.8878587e-03
   9.9130430e-05  -4.4895682e-04  -1.5082725e-04  -1.7902756e-03
  -1.6324623e-04  -7.6355068e-04  -2.3702915e-04  -1.8240544e-03
  -2.0447685e-04  -7.7478618e-04  -1.3958352e-04  -1.8540799e-03
  -6.9540280e-05  -8.5717981e-04  -9.8356519e-05  -1.8653395e-03
  -2.9443456e-04  -9.7702509e-04  -5.3381611e-05  -2.0042078e-03
   2.4165670e-05  -7.8602167e-04  -1.3208770e-04  -1.9591695e-03
  -6.2043804e-05  -6.9988288e-04   1.0332842e-05  -1.6476541e-03
  -5.8202340e-06  -6.7366672e-04  -7.2121156e-05  -1.8991183e-03
  -1.2201561e-04  -6.5868606e-04  -8.3364883e-05  -2.1768549e-03
  -2.5695218e-04  -7.4107969e-04   1.1902220e-04  -1.8841055e-03
   1.7784343e-04  -8.2347332e-04   6.5849330e-06  -2.1055441e-03
  -1.5574975e-04  -5.2386012e-04   2.1271993e-04  -2.0454930e-03
  -2.7944161e-04  -7.1860870e-04   1.1152638e-04  -2.0154674e-03
  -8.8281470e-05  -1.0856349e-03  -3.1948315e-04  -2.2481656e-03
  -3.6190284e-04  -8.9463146e-04  -1.1334816e-04  -1.9216375e-03
  -2.2321804e-04  -8.2347332e-04  -5.7129520e-05  -1.9816886e-03
  -8.0784994e-05  -7.5980552e-04  -2.4827288e-04  -2.0117142e-03
  -2.1197332e-04  -8.5343464e-04  -1.8830634e-04  -2.0942846e-03
  -1.7823918e-04  -8.6467014e-04  -1.7706261e-04  -2.1618421e-03
  -2.5320394e-04  -8.3096365e-04  -2.2953333e-04  -2.0342334e-03
  -3.0942751e-04  -1.1380672e-03  -2.8575197e-04  -2.2369060e-03
  -2.5320394e-04  -1.1043607e-03  -3.4946642e-04  -2.1092973e-03
  -1.7823918e-04  -9.2833794e-04  -3.3072688e-04  -2.0867782e-03
  -2.7944161e-04  -9.1335728e-04  -3.3447479e-04  -2.1580889e-03
  -3.5440637e-04  -1.0594187e-03  -2.1079379e-04  -2.3007104e-03
  -2.1197332e-04  -9.7702509e-04  -3.1573524e-04  -2.3307360e-03
  -3.2442046e-04  -8.7216047e-04  -4.3941624e-04  -1.8991183e-03
  -4.1062994e-04  -1.0481832e-03  -2.3328124e-04  -2.2519188e-03
  -2.8693808e-04  -7.4857002e-04  -4.0943297e-04  -2.3607615e-03
  -1.1077090e-04  -7.8602167e-04  -3.1948315e-04  -2.1468293e-03
  -1.5574975e-04  -9.1335728e-04  -1.2154612e-05  -2.3495020e-03
  -2.3446275e-04  -8.7590563e-04  -1.1709606e-04  -2.1505825e-03
  -2.2696628e-04  -9.5080893e-04  -1.7331470e-04  -2.2519188e-03
  -3.8814051e-04  -6.8490222e-04  -1.0210443e-04  -2.2293996e-03
  -1.4075680e-04  -8.3845398e-04  -3.3822270e-04  -2.1017910e-03
  -1.2576385e-04  -1.0032412e-03  -4.6565160e-04  -2.2218933e-03
  -2.6444866e-04  -9.6578959e-04  -1.8455843e-04  -1.9929482e-03
  -1.2576385e-04  -1.0257122e-03  -1.8081052e-04  -2.0229738e-03
  -3.5815461e-04  -1.0107316e-03  -7.9616974e-05  -2.0079610e-03
  -4.0313346e-04  -8.7216047e-04   3.6568205e-05  -2.0229738e-03
  -2.6444866e-04  -7.3733453e-04   4.0316114e-05  -2.2293996e-03
  -7.7036756e-05  -8.3845398e-04  -5.7129520e-05  -1.9028715e-03
  -5.4547328e-05  -8.3845398e-04  -2.4452497e-04  -1.9178843e-03
   2.7913908e-05  -6.2497958e-04  -2.2953333e-04  -2.0792718e-03
   7.6641002e-05  -6.7366672e-04  -4.3566833e-04  -1.8728459e-03
  -2.1572156e-04  -8.7590563e-04  -4.1692878e-04  -2.0379866e-03
  -1.3326033e-04  -5.1262463e-04  -8.7112792e-05  -1.9929482e-03
  -3.0942751e-04  -7.2984420e-04   1.4080751e-05  -2.0342334e-03
  -2.3446275e-04  -9.9949608e-04  -2.9324779e-04  -2.1806081e-03
  -3.9554376e-05  -5.8378276e-04  -4.7689533e-04  -1.9328971e-03
  -3.1692399e-04  -8.7965080e-04  -1.4333143e-04  -2.0117142e-03
  -1.9698037e-04  -9.3208311e-04  -2.4077706e-04  -2.1055441e-03
  -1.4825328e-04  -8.9463146e-04  -2.6326452e-04  -1.9404035e-03
  -3.3566518e-04  -1.1755188e-03   9.2786840e-05  -2.0717654e-03
  -3.9188875e-04  -1.0706542e-03  -9.4608610e-05  -2.3495020e-03
  -2.2321804e-04  -7.8602167e-04  -1.2833979e-04  -2.2031273e-03
  -1.4825328e-04  -7.2609903e-04  -4.2137884e-05  -2.0680122e-03
  -5.0799090e-05  -1.0856349e-03  -2.1828961e-04  -2.0980378e-03
  -5.8295566e-05  -1.0406929e-03  -3.0449151e-04  -2.0229738e-03
  -1.4825328e-04  -6.2497958e-04  -3.0449151e-04  -2.0680122e-03
  -3.5806138e-05  -7.0362804e-04  -2.3328124e-04  -2.0680122e-03
  -2.4945570e-04  -8.8339596e-04  -1.9580215e-04  -1.9704291e-03
  -1.3700856e-04  -7.4482486e-04  -1.2833979e-04  -2.1168037e-03
  -1.3326033e-04  -7.9351200e-04  -2.7450824e-04  -2.2744380e-03
  -4.6310527e-04  -9.8077025e-04  -2.7076033e-04  -2.1505825e-03
  -9.2029708e-05  -9.4331860e-04  -1.2084397e-04  -2.1393229e-03
  -1.1826737e-04  -8.4594431e-04  -2.8575197e-04  -2.0417398e-03
  -3.0193104e-04  -8.0100233e-04  -3.1573524e-04  -2.0567526e-03
   1.6762420e-06  -7.4107969e-04  -2.3328124e-04  -2.3382424e-03
  -6.2043804e-05  -8.4968948e-04  -2.7450824e-04  -2.2969572e-03
  -1.8948390e-04  -8.4594431e-04  -1.6956679e-04  -2.2406592e-03
  -3.1692399e-04  -7.2984420e-04  -8.3364883e-05  -2.1243101e-03
  -2.7569337e-04  -1.0481832e-03  -3.5321433e-04  -2.2744380e-03
  -2.9443456e-04  -1.1942447e-03  -2.1454170e-04  -2.1956209e-03
   3.1662146e-05  -8.6467014e-04   2.1576569e-05  -1.9854418e-03
   9.1624631e-04  -8.2721849e-04  -9.8356519e-05  -2.2932040e-03
   5.0403336e-05  -7.2235387e-04  -3.0074361e-04  -1.9554163e-03
  -1.7823918e-04  -9.0586695e-04  -2.5202079e-04  -1.9404035e-03
   5.1518485e-04  -9.7327992e-04   1.9398038e-04  -1.9516631e-03
  -5.5681122e-04  -3.7405352e-04   5.9875455e-04  -1.7902756e-03
   7.3633089e-04  -1.6736258e-03  -1.6207097e-04  -1.9404035e-03
  -8.1169140e-04   3.0424300e-05  -2.9699570e-04  -2.0379866e-03
   1.0662691e-04  -1.0706542e-03  -1.8830634e-04  -2.1243101e-03
   6.9135203e-04  -8.2347332e-04  -5.7059305e-04  -1.7827692e-03
  -1.8499533e-03  -8.9420980e-05   9.8478918e-04  -2.2744380e-03
   2.7041558e-03  -2.3215393e-03  -1.6799741e-03  -1.5275518e-03
  -3.3604932e-03   1.5809226e-03   1.4645215e-03  -2.5596810e-03
   2.9852737e-03  -4.2091025e-03  -1.1140399e-03  -1.9328971e-03
  -2.3859514e-03   2.8617690e-03   8.5291022e-05  -1.9704291e-03
  -2.0072861e-04  -3.8982538e-03   7.5616673e-04  -2.2894508e-03
   2.9028125e-03   1.9146639e-04  -3.2091210e-03  -6.2678453e-04
  -6.9625500e-03   1.5959033e-03   5.5235070e-03  -4.1660493e-03
   1.1190167e-02  -9.3474689e-03  -8.0664111e-03   6.1927687e-04
  -1.6558039e-02   1.9100804e-02   9.0652810e-03  -5.0555570e-03
   2.3431912e-02  -5.8304266e-02  -8.7222951e-03   1.5800953e-03
  -6.9179553e-02  -1.1219344e-01   6.1749410e-04   1.0996867e-02
   1.4900922e-02  -1.0652327e-01   9.2519971e-02  -1.9268914e-02
   4.1823757e-01  -1.3671679e-01   6.7603872e-02  -2.3446222e-02
   1.9429909e-01  -1.0736593e-01  -1.3552155e-01   8.3846415e-03
  -6.1289512e-02  -5.2046095e-02  -2.2685435e-01   5.2657348e-03
   3.0576054e-02  -9.8156145e-03   6.1670932e-02  -4.5203505e-02
  -3.8151638e-02  -3.9233886e-02   1.5822456e-01  -4.6569669e-02
  -3.9789618e-02  -5.5596511e-02   1.7483085e-02  -9.1165161e-03
  -6.6795673e-02  -7.0464816e-02  -4.2861998e-02   8.1556964e-03
  -4.3264235e-02  -6.4794637e-02  -8.0768350e-02   9.2178512e-03
   1.5170795e-02  -2.8683334e-03   1.7423118e-02  -1.8019099e-02
  -9.0428221e-03  -8.0216805e-03  -3.5501105e-02   1.6889380e-03
   4.9943293e-03  -9.1040331e-03  -8.7402149e-02   2.5833254e-02
  -2.4309302e-03  -2.5837430e-02   5.5887908e-02  -3.2881760e-02
  -1.5013672e-03  -4.6806609e-02   1.0836988e-01  -6.0779273e-02
   1.2920956e-05  -3.2376488e-02   3.5308140e-02  -1.6761778e-02
  -2.4871538e-03  -2.9174372e-02  -9.2964046e-02   1.6915658e-02
   2.9215536e-03  -1.2216265e-02  -8.2413682e-02   9.8221159e-03
  -1.5800802e-03  -1.0036579e-02   4.1777031e-02  -1.6716740e-02
  -2.9068632e-04  -1.1942868e-02   3.6706110e-02  -9.7620660e-03
  -1.2839694e-03  -2.2410604e-02   1.2929375e-02   1.0546477e-03
  -2.3446275e-04  -4.2578318e-02   2.5735980e-02  -8.0318422e-03
  -1.8948390e-04  -1.3673134e-02  -1.0217711e-02   1.4712526e-03
  -1.2314941e-03  -6.0999892e-04  -4.0661976e-02   8.5647949e-03
   7.2508618e-04  -5.9131526e-03  -2.6344963e-02   1.5200442e-03
   4.5521304e-04  -1.0107737e-02   5.4741048e-02  -1.4404771e-02
  -1.2201561e-04  -2.8533949e-02   3.7062161e-02  -1.1537328e-02
  -3.7314756e-04  -1.1849239e-02  -1.6810283e-02   5.0818281e-03
  -4.4061584e-04   1.4273708e-03  -1.2811264e-02   2.9425058e-03
  -1.1451914e-04  -1.7372936e-03   2.7987771e-03  -5.9825966e-03
  -8.7541145e-04  -4.3401833e-03  -9.5287977e-04  -4.2373600e-03
  -1.2689764e-03  -1.2021517e-02  -3.4451690e-02   9.3229407e-03
  -3.9563699e-04  -1.5085062e-02   3.1155457e-02  -2.0379866e-03
  -4.7050852e-05  -1.3572015e-02   5.1397913e-02  -1.4247136e-02
   1.1037514e-04   2.6520398e-03  -1.3066122e-02  -6.8683568e-04
   2.0782933e-04   7.4570865e-03  -5.1853232e-02   6.2415660e-03
  -7.1423722e-04  -1.8496485e-03  -7.3655521e-03  -9.0452111e-04
  -8.0044669e-04  -2.8233914e-03   4.7451365e-02  -1.2903492e-02
  -6.0553831e-04  -1.4365990e-02   9.2376848e-03  -4.0609598e-03
  -4.6310527e-04  -2.1669062e-02  -1.9752391e-02   6.0088678e-03
  -3.2057900e-05  -2.8533528e-03  -1.3628308e-02  -6.3804412e-04
  -6.5792042e-05   1.0524377e-02   8.5743049e-03  -5.7198729e-03
  -1.3326033e-04   2.4647816e-03  -6.7583908e-03  -3.2277501e-03
  -2.9818280e-04  -3.2765564e-03  -3.0583848e-02   5.2544752e-03
  -5.9429360e-04  -6.8681696e-03   5.9055659e-05  -6.3053773e-04
  -7.5546783e-04  -1.1115187e-02   2.9064123e-02  -1.0617795e-02
  -4.8559470e-04  -6.8794051e-03   1.9585662e-02  -8.6886517e-03
  -8.0784994e-05  -7.8227651e-04  -2.4204907e-02   5.4045974e-04
  -7.3288518e-05   5.3822651e-03  -3.4271791e-02   5.6748332e-03
  -3.4316165e-04   4.0152799e-03  -5.0568401e-03  -1.1409725e-03
  -5.7555241e-04  -1.7485291e-03   1.1542649e-02  -4.6014202e-03
  -4.8559470e-04  -8.2314097e-03   2.9187102e-03  -2.6985493e-03
  -1.5949799e-04  -1.2058968e-02  -1.0056551e-02  -7.2812085e-04
  -3.8814051e-04  -4.9356645e-03   2.1054140e-03  -3.1038946e-03
  -2.6819689e-04   3.6782150e-03   7.1388558e-03  -5.7836772e-03
  -1.8198742e-04   4.4122673e-03  -4.3597291e-03  -2.4658511e-03
  -3.5065813e-04  -9.4331860e-04  -9.3669355e-03  -6.4179732e-04
  -4.6310527e-04  -3.1417305e-03  -1.3726456e-03  -1.1709981e-03
  -6.7300660e-04  -2.9657077e-03   6.8427709e-03  -2.7886260e-03
  -3.3191694e-04  -2.5724654e-03   3.0161559e-03  -1.8653395e-03
  -2.5320394e-04  -2.4938169e-03  -9.0333716e-03   2.4771037e-04
  -2.0822509e-04  -7.4857002e-04  -8.4224624e-03  -1.0021042e-03
  -4.2937113e-04   2.6932366e-03   6.9327208e-03  -3.7757168e-03
  -3.7689580e-04   1.8655551e-03   1.1505170e-02  -4.8191056e-03
  -7.7036756e-05  -2.3926975e-03   1.8880353e-03  -1.8278076e-03
  -4.5560879e-04  -4.5798738e-03  -5.3791603e-03   2.5896996e-04
  -4.4436408e-04  -1.4077191e-03  -5.8558469e-04  -7.5064003e-04
  -1.8198742e-04   1.5509613e-03   6.3517949e-03  -2.3082168e-03
  -6.2043804e-05   3.7872464e-04   1.4008071e-03  -1.7790160e-03
  -2.2321804e-04  -2.1492617e-03  -5.7202200e-03  -2.8149041e-04
  -4.8559470e-04  -2.1043197e-03   1.6444212e-03  -1.4036963e-03
  -4.0688170e-04   3.1131167e-04   9.3838533e-03  -3.4829674e-03
  -2.6444866e-04   7.5698631e-04   6.9177291e-03  -3.8657935e-03
  -3.2442046e-04  -1.2017350e-03  -2.7856073e-03  -1.5125390e-03
  -2.9818280e-04  -1.7784904e-03  -3.3890206e-03  -6.4179732e-04
  -4.5560879e-04  -8.6841530e-04   6.6441318e-03  -2.5784470e-03
  -3.9188875e-04  -6.5868606e-04   8.0383539e-03  -2.6572641e-03
  -6.9540280e-05  -1.3702674e-03  -1.8636217e-03  -6.2303133e-04
  -3.9563699e-04  -9.6578959e-04  -7.7141076e-03   7.9192393e-04
  -3.8814051e-04   1.2663287e-03   1.5657151e-03  -1.6551605e-03
  -4.7809822e-04   8.5436060e-04   9.1627266e-03  -4.5676414e-03
  -6.2802774e-04  -1.5313095e-03   2.8062730e-03  -3.2014777e-03
  -2.4195923e-04  -3.5087566e-03  -3.0142297e-03  -1.4074495e-03
  -3.4690989e-04  -2.7222720e-03   8.9858727e-04  -2.1092973e-03
  -4.1062994e-04   7.3077015e-04   3.6345608e-03  -3.0926350e-03
  -3.5440637e-04   1.0004220e-03  -1.8861091e-03  -2.0980378e-03
  -1.2576385e-04  -1.5683395e-04  -1.0682452e-02  -1.8766048e-04
  -4.2937113e-04  -7.5606035e-04  -6.5260205e-03  -7.3187405e-04
  -8.7915969e-04  -1.6698806e-03   5.5984652e-03  -3.5880570e-03
  -5.0058765e-04  -2.3515006e-03   3.7057711e-03  -3.8808063e-03
  -4.1812641e-04  -2.3777168e-03  -5.1430420e-03  -1.8353140e-03
  -1.2951209e-04  -5.5382144e-04  -6.7471471e-03  -1.6138753e-03
  -3.0193104e-04   1.2251319e-03  -1.5487973e-03  -3.0438434e-03
  -4.5935703e-04   9.3300906e-04  -7.5798850e-04  -3.0513498e-03
  -2.4570747e-04  -1.3552868e-03  -6.1662212e-03  -1.0659086e-03
  -6.2053127e-04  -3.1941628e-03  -6.0312965e-03  -8.1819758e-04
  -5.6055946e-04  -2.4039329e-03   5.5307750e-05  -2.3307360e-03
  -3.5065813e-04  -5.6880210e-04   2.0416995e-03  -2.9837922e-03
  -3.0567927e-04   3.2629233e-04  -2.3958247e-03  -2.3870339e-03
  -2.1946980e-04  -2.1675659e-04  -5.3266896e-03  -1.3811771e-03
  -3.1692399e-04  -7.1486354e-04  -7.0176987e-04  -2.2519188e-03
  -3.7689580e-04  -9.3208311e-04   3.7919730e-03  -3.3628651e-03
  -1.9698037e-04  -1.4414255e-03   1.2621344e-03  -2.5334086e-03
  -4.2937113e-04  -1.7335484e-03  -3.3965164e-03  -1.5688370e-03
  -4.9683941e-04  -1.4638965e-03  -4.3447374e-03  -1.2047769e-03
  -2.3821099e-04  -1.8305011e-04   1.9772829e-04  -1.8315608e-03
  -2.5320394e-04   3.3003750e-04   2.0941702e-03  -2.4208127e-03
  -1.6699447e-04  -7.4857002e-04  -3.3447479e-04  -1.8578331e-03
  -3.2816870e-04  -1.4039739e-03  -2.9324779e-04  -1.8465736e-03
  -3.1692399e-04  -9.7702509e-04   2.1466410e-03  -2.3795275e-03
  -6.5792042e-05  -3.5158253e-04   2.8962228e-03  -2.4057999e-03
  -1.7074271e-04  -5.4633111e-04   3.7388001e-04  -1.7940288e-03
  -3.9188875e-04  -1.1755188e-03  -2.6394388e-03  -9.6457226e-04
  -4.1812641e-04  -1.0444381e-03  -3.9444133e-04  -1.3398920e-03
  -4.7060175e-04  -5.3884078e-04   3.7395023e-03  -2.2744380e-03
  -4.2562289e-04  -4.6019232e-04   2.8137688e-03  -2.2293996e-03
  -1.5949799e-04  -9.6953476e-04   2.2021575e-04  -1.9066247e-03
  -2.6070042e-04  -1.0144767e-03   2.4645111e-04  -1.7865224e-03
  -3.5440637e-04  -4.6393748e-04   2.1653805e-03  -2.1318165e-03
  -2.9443456e-04  -5.5007628e-04   2.0267079e-03  -2.3382424e-03
  -3.2067223e-04  -1.0893800e-03  -4.9633702e-05  -1.7902756e-03
  -2.3446275e-04  -1.2616576e-03  -1.4363600e-03  -1.4524879e-03
  -2.9068632e-04  -5.1262463e-04  -3.8389975e-05  -1.5500710e-03
  -1.8948390e-04  -8.1930650e-05   1.8842873e-03  -2.0417398e-03
   9.1633954e-05  -5.5007628e-04   5.9875455e-04  -2.2369060e-03
  -5.2682532e-04  -1.1979898e-03  -7.2800523e-04  -2.0192206e-03
  -6.7300660e-04  -1.1418123e-03  -1.2833979e-04  -2.1430761e-03
  -1.8198742e-04  -4.4895682e-04   5.2004847e-04  -2.4057999e-03
  -7.2548193e-04  -3.8528902e-04   1.0777848e-04  -2.3982935e-03
  -5.0433589e-04  -7.7853134e-04  -2.1634544e-03  -1.9779355e-03
  -3.9554376e-05  -1.0781445e-03  -2.8680613e-03  -1.7977820e-03
  -4.5935703e-04  -8.9837662e-04  -2.8949988e-04  -2.2706848e-03
  -5.4556651e-04  -7.5980552e-04   1.3401384e-04  -2.6309917e-03
  -4.9309117e-04  -9.9575091e-04  -1.8673696e-03  -2.1881145e-03
  -2.5320394e-04  -1.1942447e-03  -2.6544305e-03  -1.9666759e-03
  -2.3071451e-04  -7.4482486e-04  -1.2377209e-03  -2.2556720e-03
  -5.5306298e-04  -3.2536638e-04  -1.5082725e-04  -2.3682679e-03
  -4.1812641e-04  -8.2721849e-04  -1.1215357e-03  -2.3495020e-03
  -1.7074271e-04  -1.1867543e-03  -2.4482955e-03  -1.8916119e-03
  -3.9938522e-04  -1.0781445e-03  -1.8561258e-03  -1.7940288e-03
  -3.5815461e-04  -5.8003760e-04  -1.8830634e-04  -2.3157232e-03
  -1.0327442e-04  -5.0513430e-04  -8.2919877e-04  -2.3795275e-03
  -3.3941342e-04  -8.3470882e-04  -1.5825285e-03  -2.2256465e-03
  -3.7314756e-04  -7.4107969e-04  -7.0926569e-04  -2.2406592e-03
  -3.0193104e-04  -6.0625375e-04   5.2379637e-04  -2.3232296e-03
  -3.0193104e-04  -7.2609903e-04   6.0625037e-04  -2.4208127e-03
  -2.3071451e-04  -9.7327992e-04  -4.3941624e-04  -1.9516631e-03
  -2.8318985e-04  -8.6092497e-04  -8.8166950e-04  -1.7414840e-03
  -2.8318985e-04  -6.9988288e-04   2.1576569e-05  -2.1017910e-03
  -3.0942751e-04  -4.1899550e-04   1.0634953e-03  -1.9967014e-03
  -3.9563699e-04  -4.4895682e-04   2.7643438e-04  -1.9028715e-03
  -2.9068632e-04  -9.7327992e-04  -9.4608610e-05  -1.9028715e-03
  -4.5935703e-04  -9.3208311e-04   6.9620019e-04  -1.9554163e-03
  -5.7930065e-04  -6.7741189e-04   1.1721846e-03  -1.8578331e-03
  -1.7823918e-04  -7.1486354e-04   9.3606636e-04  -1.8803523e-03
  -3.3941342e-04  -8.1972816e-04   3.3640092e-04  -1.8991183e-03
  -4.3686760e-04  -6.4370540e-04   5.4628383e-04  -1.7677564e-03
  -3.0942751e-04  -5.8378276e-04   1.3783196e-03  -2.2406592e-03
  -4.4061584e-04  -7.3358936e-04   1.4008071e-03  -2.0867782e-03
  -2.7569337e-04  -9.8451542e-04   4.9756101e-04  -1.6138753e-03
  -3.3941342e-04  -1.1343220e-03   5.7251919e-04  -1.8728459e-03
  -5.0433589e-04  -7.5606035e-04   1.0185204e-03  -2.1393229e-03
  -4.3311937e-04  -6.7741189e-04   5.5752756e-04  -2.1130505e-03
  -3.0567927e-04  -7.4857002e-04   2.8370240e-06  -1.9967014e-03
  -2.2321804e-04  -7.5231519e-04  -5.0313069e-04  -1.8615863e-03
  -4.2562289e-04  -8.0474750e-04  -1.8081052e-04  -2.0229738e-03
  -5.9054536e-04  -5.3509562e-04   5.3504010e-04  -2.1580889e-03
  -3.5815461e-04  -8.6092497e-04  -1.8455843e-04  -1.9404035e-03
  -2.9818280e-04  -1.1867543e-03  -7.6923223e-04  -2.0004546e-03
  -5.0058765e-04  -6.7366672e-04  -4.0943297e-04  -1.9779355e-03
  -5.3057355e-04  -6.1748925e-04  -4.3192042e-04  -2.0792718e-03
  -4.1437818e-04  -7.5231519e-04  -4.2442460e-04  -2.2631784e-03
  -4.5186056e-04  -7.1486354e-04  -5.8183678e-04  -2.0605058e-03
  -4.2937113e-04  -8.1223783e-04  -1.0090984e-03  -2.1693485e-03
  -4.1062994e-04  -9.0212179e-04  -5.5185351e-04  -2.2744380e-03
  -5.4181827e-04  -1.0294574e-03  -4.3566833e-04  -2.2256465e-03
  -4.8934294e-04  -9.0961212e-04  -1.2677041e-03  -2.1543357e-03
  -4.9309117e-04  -1.0219671e-03  -1.2152334e-03  -2.1618421e-03
  -3.4316165e-04  -7.8976684e-04  -7.0176987e-04  -2.3344892e-03
  -3.0193104e-04  -6.6992156e-04  -3.4197060e-04  -2.2819444e-03
  -4.8559470e-04  -1.0706542e-03  -4.2442460e-04  -2.2781912e-03
  -4.2187465e-04  -8.9837662e-04  -9.3788814e-04  -2.0830250e-03
  -5.1558060e-04  -1.1081059e-03  -8.2170296e-04  -2.0792718e-03
  -4.9309117e-04  -8.6841530e-04  -3.2323106e-04  -2.3720211e-03
  -2.6070042e-04  -5.3884078e-04  -3.9069342e-04  -2.1580889e-03
  -3.9188875e-04  -1.1006155e-03  -7.5798850e-04  -2.1580889e-03
  -4.5186056e-04  -8.6841530e-04  -3.2323106e-04  -2.2932040e-03
  -4.7434998e-04  -6.6992156e-04   3.4389674e-04  -2.0567526e-03
  -4.8559470e-04  -8.6092497e-04   6.0250246e-04  -1.8916119e-03
  -3.9188875e-04  -7.4482486e-04   1.9772829e-04  -1.8353140e-03
  -6.3177598e-04  -7.7478618e-04  -6.4625338e-05  -1.8803523e-03
  -3.0567927e-04  -6.5119573e-04   5.2004847e-04  -1.9404035e-03
  -3.3566518e-04  -6.5494090e-04   8.7235191e-04  -2.0117142e-03
  -4.6685351e-04  -7.5606035e-04   6.2124201e-04  -2.0042078e-03
   4.6655098e-05  -7.9351200e-04   2.1271993e-04  -1.7339776e-03
  -2.8318985e-04  -9.6953476e-04   4.8631728e-04  -1.9291439e-03
  -5.1183236e-04  -8.0100233e-04   9.1732682e-04  -2.0792718e-03
  -5.2307708e-04  -7.7478618e-04   7.2243555e-04  -1.9028715e-03
  -3.9563699e-04  -6.9613771e-04   1.9772829e-04  -1.9929482e-03
  -2.8693808e-04  -5.8378276e-04   2.1576569e-05  -1.8428204e-03
  -5.4556651e-04  -7.6729585e-04   4.6008192e-04  -2.0154674e-03
  -3.1317575e-04  -7.1860870e-04   2.9517393e-04  -2.1693485e-03
  -3.0193104e-04  -8.6092497e-04  -3.4571851e-04  -1.7865224e-03
  -4.2187465e-04  -7.8602167e-04  -5.3381611e-05  -2.1806081e-03
  -4.7809822e-04  -6.8490222e-04   3.6263629e-04  -2.4921234e-03
  -3.9563699e-04  -7.9351200e-04  -4.2137884e-05  -2.0042078e-03
  -1.7823918e-04  -7.0737321e-04  -1.5082725e-04  -2.1843613e-03
  -4.6685351e-04  -7.6729585e-04  -2.8575197e-04  -2.2181401e-03
