  -4.1812641e-04  -1.0444381e-03  -2.1079379e-04  -1.8240544e-03
  -3.1317575e-04  -1.0856349e-03  -7.5869065e-05  -1.9404035e-03
  -2.9068632e-04  -1.0069864e-03  -8.3364883e-05  -2.0680122e-03
  -4.0313346e-04  -8.9088629e-04  -3.0449151e-04  -2.0004546e-03
  -4.4811232e-04  -1.0144767e-03  -2.8575197e-04  -2.1393229e-03
  -4.1812641e-04  -9.3208311e-04  -1.3958352e-04  -1.8353140e-03
  -2.7194513e-04  -8.3845398e-04  -2.7825615e-04  -1.9779355e-03
  -2.2321804e-04  -9.8077025e-04  -1.7331470e-04  -2.0192206e-03
  -4.6310527e-04  -8.8339596e-04  -1.2084397e-04  -2.0192206e-03
  -1.7449094e-04  -7.5231519e-04  -1.9580215e-04  -2.0079610e-03
  -1.4075680e-04  -1.1118510e-03  -2.1454170e-04  -1.8052884e-03
  -3.2067223e-04  -9.5829926e-04  -2.3328124e-04  -1.9554163e-03
  -2.8693808e-04  -8.3470882e-04  -1.5457515e-04  -1.9141311e-03
  -1.3326033e-04  -9.8077025e-04  -2.3702915e-04  -1.8390672e-03
   5.4244800e-06  -7.2235387e-04  -1.0960025e-04  -1.8878587e-03
  -3.3191694e-04  -8.1223783e-04  -2.3702915e-04  -1.9216375e-03
  -3.9188875e-04  -8.0474750e-04  -1.9205424e-04  -1.9441567e-03
  -3.4316165e-04  -7.1860870e-04   6.5849330e-06  -1.7414840e-03
  -2.1946980e-04  -9.0212179e-04  -3.4197060e-04  -1.6739265e-03
  -1.3316710e-05  -1.1193414e-03  -2.3398339e-05  -1.8878587e-03
  -2.2696628e-04  -9.9575091e-04  -8.3364883e-05  -1.9328971e-03
  -3.3941342e-04  -6.8864738e-04  -4.4691206e-04  -1.7489904e-03
  -1.8573566e-04  -8.1223783e-04  -1.2459188e-04  -1.8841055e-03
  -2.2321804e-04  -7.8227651e-04  -2.3328124e-04  -1.9891950e-03
  -3.3941342e-04  -5.3884078e-04  -1.7331470e-04  -1.8390672e-03
  -1.9323213e-04  -7.3733453e-04  -1.1709606e-04  -1.8878587e-03
  -1.1451914e-04  -9.0212179e-04  -8.7112792e-05  -2.1243101e-03
  -1.6324623e-04  -7.5980552e-04  -1.3583561e-04  -2.1618421e-03
  -4.3302614e-05  -8.7965080e-04  -2.5951661e-04  -1.9441567e-03
  -1.7074271e-04  -9.6204443e-04   7.4047295e-05  -2.1205569e-03
  -3.0193104e-04  -7.7478618e-04  -1.9955006e-04  -2.0267270e-03
  -3.9554376e-05  -7.7853134e-04  -1.9580215e-04  -1.7940288e-03
  -2.2321804e-04  -9.6953476e-04   3.2820296e-05  -2.1806081e-03
  -4.1062994e-04  -8.3096365e-04  -7.2121156e-05  -2.1731017e-03
  -1.2201561e-04  -8.1972816e-04  -2.4077706e-04  -2.1655953e-03
  -2.1572156e-04  -1.1530478e-03  -3.8319760e-04  -2.1693485e-03
  -2.3821099e-04  -7.7853134e-04   2.1576569e-05  -2.0792718e-03
  -2.0822509e-04  -5.8003760e-04  -1.0585234e-04  -2.3194764e-03
  -3.0942751e-04  -8.4594431e-04  -1.5832306e-04  -2.0942846e-03
  -1.9323213e-04  -8.6092497e-04  -1.6581888e-04  -2.2744380e-03
  -1.8948390e-04  -8.2721849e-04  -3.9818924e-04  -2.6309917e-03
  -6.5792042e-05  -7.3358936e-04  -1.3583561e-04  -2.3157232e-03
  -7.7036756e-05  -9.6204443e-04  -3.6445806e-04  -2.2181401e-03
  -1.3326033e-04  -8.8339596e-04  -4.2067669e-04  -2.2932040e-03
  -2.0447685e-04  -7.5231519e-04  -2.7450824e-04  -2.2369060e-03
  -2.4195923e-04  -1.0332026e-03  -1.0210443e-04  -2.1655953e-03
  -6.5792042e-05  -9.4706377e-04   4.4064023e-05  -2.3419956e-03
  -2.0072861e-04  -8.7216047e-04  -2.7450824e-04  -2.3382424e-03
  -1.8198742e-04  -9.2459278e-04  -2.2578543e-04  -2.2331528e-03
  -6.5792042e-05  -9.6953476e-04  -2.8575197e-04  -2.2631784e-03
   2.4165670e-05  -8.1223783e-04  -1.3208770e-04  -1.9479099e-03
  -9.5777946e-05  -6.5868606e-04   1.2277011e-04  -2.0004546e-03
  -1.8948390e-04  -8.2347332e-04  -1.6581888e-04  -2.1130505e-03
  -4.3302614e-05  -8.5717981e-04  -2.7146248e-05  -1.8841055e-03
  -6.2043804e-05  -7.8976684e-04   2.8370240e-06  -1.8991183e-03
   6.9144526e-05  -6.8490222e-04  -9.4608610e-05  -1.8916119e-03
  -6.9540280e-05  -5.5756661e-04   4.4064023e-05  -2.0830250e-03
  -3.0942751e-04  -4.4521166e-04  -4.6587940e-06  -2.0717654e-03
  -1.7074271e-04  -7.0362804e-04   2.2021575e-04  -1.9441567e-03
  -6.2043804e-05  -8.0100233e-04   1.4525757e-04  -2.1693485e-03
  -1.2576385e-04  -6.3246991e-04  -1.6581888e-04  -2.1580889e-03
  -1.7449094e-04  -9.6578959e-04  -1.2833979e-04  -2.0529994e-03
  -4.7050852e-05  -9.1335728e-04  -1.3958352e-04  -1.8728459e-03
   3.1662146e-05  -7.4857002e-04   2.8370240e-06  -1.9741823e-03
  -1.1451914e-04  -9.1710245e-04  -8.3364883e-05  -2.2068805e-03
  -2.2321804e-04  -8.0849266e-04  -2.7076033e-04  -1.9479099e-03
  -1.5574975e-04  -8.4594431e-04  -1.0585234e-04  -1.9929482e-03
  -2.8318985e-04  -7.8602167e-04  -1.0960025e-04  -2.1618421e-03
  -4.2187465e-04  -6.2872474e-04  -3.2323106e-04  -1.8240544e-03
  -1.5949799e-04  -9.7702509e-04  -1.5832306e-04  -1.8765991e-03
  -3.2057900e-05  -1.0444381e-03  -2.3398339e-05  -2.1993741e-03
  -2.9068632e-04  -9.2833794e-04  -2.6701242e-04  -2.0267270e-03
  -3.0193104e-04  -8.7965080e-04  -2.8200406e-04  -1.8428204e-03
  -1.8198742e-04  -8.0849266e-04  -1.1709606e-04  -2.0117142e-03
  -9.2029708e-05  -1.0107316e-03  -1.3958352e-04  -2.0004546e-03
  -1.5574975e-04  -8.7965080e-04  -2.7825615e-04  -1.8878587e-03
  -3.3566518e-04  -9.2084761e-04  -1.6207097e-04  -2.0042078e-03
  -1.1077090e-04  -9.7702509e-04  -3.7944969e-04  -2.0792718e-03
  -2.1197332e-04  -9.0212179e-04  -3.5321433e-04  -2.0642590e-03
  -4.4061584e-04  -1.1118510e-03  -6.0877429e-05  -2.0304802e-03
  -3.1692399e-04  -9.6953476e-04  -3.4571851e-04  -2.0942846e-03
  -2.7944161e-04  -8.4968948e-04  -2.5576870e-04  -2.2706848e-03
  -2.4195923e-04  -9.8826058e-04  -2.5951661e-04  -2.2819444e-03
  -3.7314756e-04  -1.0294574e-03  -2.8949988e-04  -2.1243101e-03
  -4.6310527e-04  -9.4706377e-04  -3.0823942e-04  -1.9366503e-03
  -3.2442046e-04  -1.0294574e-03  -3.6445806e-04  -2.1092973e-03
  -3.3566518e-04  -8.9837662e-04  -4.9633702e-05  -2.1055441e-03
  -4.6310527e-04  -8.4968948e-04  -2.9324779e-04  -1.6851861e-03
  -3.5065813e-04  -1.2728931e-03  -3.5696224e-04  -2.0454930e-03
  -3.9563699e-04  -9.0212179e-04  -8.3364883e-05  -2.0792718e-03
  -5.7180417e-04  -7.8602167e-04  -3.1948315e-04  -1.9366503e-03
  -4.0688170e-04  -1.0481832e-03  -1.5832306e-04  -2.2143869e-03
  -2.1197332e-04  -6.1748925e-04  -9.1088500e-07  -1.5951094e-03
  -5.8202340e-06  -9.2833794e-04  -3.0074361e-04  -1.4750071e-03
  -1.2951209e-04  -9.3582827e-04  -7.5869065e-05  -1.7189649e-03
  -2.3446275e-04  -6.4745057e-04  -2.7146248e-05  -1.6889393e-03
  -1.7823918e-04  -1.0968704e-03  -2.0329797e-04  -1.8540799e-03
  -3.3941342e-04  -7.4857002e-04  -1.6956679e-04  -1.9441567e-03
  -5.0799090e-05  -6.3996024e-04  -2.4452497e-04  -1.9591695e-03
  -6.9540280e-05  -9.3582827e-04  -1.5832306e-04  -1.7902756e-03
  -3.8439227e-04  -8.2347332e-04  -1.7706261e-04  -1.8503268e-03
  -1.2201561e-04  -9.5455410e-04  -2.1828961e-04  -1.7940288e-03
  -2.5695218e-04  -8.6467014e-04  -2.7825615e-04  -1.8953651e-03
  -4.6685351e-04  -7.9351200e-04  -1.8455843e-04  -2.0567526e-03
  -1.9323213e-04  -9.3208311e-04  -9.1088500e-07  -1.9404035e-03
  -1.4450504e-04  -1.0931252e-03  -2.1079379e-04  -2.1205569e-03
  -1.2951209e-04  -9.7327992e-04  -2.4452497e-04  -1.9554163e-03
  -3.1692399e-04  -7.5606035e-04  -2.2578543e-04  -2.0717654e-03
  -2.3071451e-04  -6.8115705e-04  -1.5082725e-04  -2.2256465e-03
  -9.9526184e-05  -6.1748925e-04   5.5307750e-05  -1.9404035e-03
  -4.5186056e-04  -8.1223783e-04  -2.9699570e-04  -2.1580889e-03
  -2.4945570e-04  -7.5231519e-04  -3.1198733e-04  -2.1543357e-03
  -1.9323213e-04  -9.2084761e-04  -6.8373247e-05  -2.1843613e-03
  -1.5200152e-04  -8.6841530e-04  -2.7076033e-04  -2.1355697e-03
  -8.8281470e-05  -7.3358936e-04  -5.7129520e-05  -2.0004546e-03
  -3.3566518e-04  -9.5080893e-04  -1.2084397e-04  -2.1543357e-03
  -2.9443456e-04  -6.9613771e-04  -2.2578543e-04  -2.0529994e-03
  -1.9323213e-04  -8.4219915e-04  -1.9650430e-05  -2.3344892e-03
  -8.8281470e-05  -7.4107969e-04   2.5324478e-05  -2.2331528e-03
  -3.2442046e-04  -6.5868606e-04  -3.8389975e-05  -2.1318165e-03
  -3.6565108e-04  -8.1223783e-04  -2.4827288e-04  -2.2594252e-03
  -1.1451914e-04  -7.3733453e-04   2.9072387e-05  -2.1055441e-03
  -1.6699447e-04  -8.0474750e-04  -9.1088500e-07  -2.3607615e-03
  -2.8693808e-04  -7.3733453e-04  -1.9955006e-04  -2.2143869e-03
  -2.1572156e-04  -1.0332026e-03  -3.6445806e-04  -2.1843613e-03
  -2.1572156e-04  -8.1223783e-04  -5.3311396e-04  -2.4996298e-03
  -3.3566518e-04  -6.6243123e-04  -1.2459188e-04  -2.3532552e-03
  -3.0193104e-04  -1.0332026e-03  -1.6956679e-04  -2.1806081e-03
  -2.9818280e-04  -7.4482486e-04  -3.3822270e-04  -2.2856976e-03
  -2.6070042e-04  -8.1598299e-04  -2.0704588e-04  -2.4395787e-03
  -3.5440637e-04  -9.2459278e-04  -1.1709606e-04  -2.2894508e-03
  -9.2029708e-05  -6.8490222e-04  -1.0210443e-04  -2.1130505e-03
   1.1787162e-04  -7.9725717e-04  -7.2121156e-05  -2.0755186e-03
  -9.5777946e-05  -7.5980552e-04  -7.2121156e-05  -1.8540799e-03
  -1.3316710e-05  -8.0474750e-04  -1.9205424e-04  -1.9441567e-03
  -1.6699447e-04  -6.9613771e-04  -1.9205424e-04  -2.1468293e-03
  -2.3821099e-04  -4.1150517e-04  -1.4707934e-04  -2.0004546e-03
  -1.0327442e-04  -8.6467014e-04   9.2786840e-05  -2.0492462e-03
  -1.3316710e-05  -9.2833794e-04   7.4047295e-05  -1.8052884e-03
   1.5910224e-04  -8.0474750e-04  -6.4625338e-05  -1.8803523e-03
  -1.3316710e-05  -9.4706377e-04  -1.5902521e-05  -2.3232296e-03
  -2.4570747e-04  -6.9988288e-04   2.9072387e-05  -2.0229738e-03
  -2.4570747e-04  -7.5980552e-04   5.9055659e-05  -1.9591695e-03
  -1.2201561e-04  -6.9239255e-04  -9.0860701e-05  -2.0867782e-03
  -1.5949799e-04  -7.4482486e-04   9.2786840e-05  -1.9929482e-03
  -2.9068632e-04  -9.5455410e-04   1.9023247e-04  -1.9404035e-03
  -1.6324623e-04  -8.3096365e-04  -2.3398339e-05  -1.7715096e-03
  -3.4316165e-04  -9.5080893e-04  -1.0210443e-04  -1.9516631e-03
  -1.7823918e-04  -8.9463146e-04  -1.6581888e-04  -1.9028715e-03
  -8.4533232e-05  -8.9463146e-04  -1.7331470e-04  -1.7977820e-03
  -3.1692399e-04  -9.5080893e-04   1.0403057e-04  -2.2143869e-03
   1.6669194e-05  -9.6578959e-04   1.9772829e-04  -2.0454930e-03
  -3.6565108e-04  -8.9088629e-04  -1.6581888e-04  -1.6401477e-03
  -2.6070042e-04  -6.4745057e-04  -1.2833979e-04  -1.9066247e-03
  -1.3326033e-04  -9.3957344e-04  -8.3364883e-05  -2.2369060e-03
  -6.3177598e-04  -9.9200575e-04  -3.2697897e-04  -2.0079610e-03
  -2.3821099e-04  -7.5980552e-04  -1.3208770e-04  -2.0004546e-03
  -3.3566518e-04  -1.0144767e-03  -6.4625338e-05  -2.2068805e-03
  -4.5935703e-04  -8.0100233e-04  -2.2953333e-04  -2.0229738e-03
  -3.3941342e-04  -5.7629243e-04  -1.7331470e-04  -1.8765991e-03
  -1.7074271e-04  -7.8602167e-04  -2.9324779e-04  -1.9404035e-03
  -8.0784994e-05  -8.6467014e-04  -2.5202079e-04  -2.2894508e-03
  -3.6939932e-04  -1.1418123e-03  -2.7450824e-04  -2.1993741e-03
  -2.4195923e-04  -8.9463146e-04  -3.3447479e-04  -1.9929482e-03
  -4.0313346e-04  -8.3845398e-04  -1.6207097e-04  -2.2143869e-03
  -3.5065813e-04  -1.0519284e-03  -3.7944969e-04  -2.0117142e-03
  -4.1062994e-04  -7.4107969e-04  -4.0193715e-04  -1.8991183e-03
  -4.1062994e-04  -1.0032412e-03  -3.7570179e-04  -1.9404035e-03
  -4.3302614e-05  -1.0556735e-03  -2.1454170e-04  -1.8765991e-03
  -4.8934294e-04  -8.1598299e-04  -7.2121156e-05  -1.9441567e-03
  -3.8439227e-04  -9.6953476e-04  -3.0074361e-04  -1.9404035e-03
  -2.5695218e-04  -9.5080893e-04  -3.1573524e-04  -2.0079610e-03
  -5.4931474e-04  -8.9088629e-04  -3.6071015e-04  -1.8953651e-03
  -4.2187465e-04  -9.7702509e-04  -7.9616974e-05  -1.7377308e-03
  -1.4825328e-04  -1.1605382e-03   8.1543113e-05  -2.0229738e-03
  -1.9323213e-04  -1.0968704e-03  -1.5082725e-04  -2.3645147e-03
  -1.8198742e-04  -1.0968704e-03  -7.5049269e-04  -1.8803523e-03
   1.7034695e-04  -8.2721849e-04  -4.1318088e-04  -1.5350582e-03
  -5.2307708e-04  -1.0406929e-03   5.1255265e-04  -1.8916119e-03
   8.9000865e-04  -6.3246991e-04  -4.4691206e-04  -1.8127948e-03
  -7.7046079e-04  -1.0069864e-03  -4.2442460e-04  -1.7377308e-03
   5.4151574e-05  -1.2953641e-03  -9.8356519e-05  -1.7677564e-03
   6.8760380e-04  -2.5420824e-04   9.2786840e-05  -2.2556720e-03
  -9.1289383e-04  -2.2129295e-03   2.2771156e-04  -1.8991183e-03
   1.5534468e-03   3.2254717e-04  -1.0503254e-03  -1.7752628e-03
  -3.3642415e-03  -2.3215393e-03   1.6774502e-04  -2.0867782e-03
   3.1426997e-03   1.8772123e-04  -2.4077706e-04  -1.6664201e-03
  -3.6940864e-03  -8.7965080e-04   3.7388001e-04  -2.4208127e-03
   2.0594589e-03  -2.3664813e-03  -6.2306378e-04  -1.3699175e-03
  -6.2043804e-05   2.3224653e-03  -1.1440231e-03  -2.3982935e-03
  -3.9901972e-03  -5.9992913e-03   1.2583865e-03  -1.8428204e-03
   8.8025391e-03   6.2811047e-03  -1.7286969e-03  -2.1543357e-03
  -1.6633004e-02  -9.1002880e-03   1.7830938e-03  -2.6685237e-03
   2.7888567e-02   6.5956985e-03  -3.4227518e-03  -5.8549936e-04
  -2.5377643e-02  -3.8046247e-03   2.7762897e-03  -5.1606465e-03
  -9.2208727e-02  -8.2209654e-02   5.0962454e-03   4.5376145e-03
  -2.1378273e-02  -1.1839169e-01   9.9378644e-02  -1.9182590e-02
  -3.1820864e-02  -1.5343520e-01   1.0586627e-01  -4.0804758e-02
  -2.8822274e-02  -8.2284557e-02  -2.6665339e-01   2.1610908e-02
  -5.9704007e-02  -1.8268452e-02  -2.5983969e-01   5.3407987e-03
  -1.6303159e-02  -1.5246104e-02   2.0716851e-01  -8.0761294e-02
   1.9834719e-01  -3.5260265e-02   1.3253265e-01  -5.5757495e-02
   5.7499647e-02  -1.1711085e-01  -2.1201638e-01   7.6189893e-03
  -9.5986951e-02  -1.0100289e-01  -9.3848552e-02  -1.5560755e-02
   1.8664894e-01  -5.0518068e-02   1.4243837e-01  -5.7551523e-02
   2.2361031e-01  -2.8590127e-02   8.5646306e-02  -3.9427335e-02
   1.1208908e-02  -1.3497112e-02  -1.8708903e-01   1.4862654e-03
  -4.0936579e-02  -2.7451596e-02  -2.2272790e-01   2.3262314e-02
   1.5009621e-02  -2.6286850e-02   1.5733631e-01  -5.3940948e-02
  -4.5854267e-02  -3.8840643e-02   2.5973668e-01  -9.4625603e-02
  -2.5119015e-02  -9.0119442e-02  -9.1701000e-02   1.0929309e-02
   8.5900046e-02  -4.9776525e-02  -2.6871099e-01   5.1767846e-02
  -6.2863771e-02   9.1236849e-03   4.4475525e-02  -2.6775308e-02
  -4.2570811e-02  -1.4249890e-02   2.4592938e-01  -7.3007189e-02
  -9.7999661e-03  -1.7216061e-02  -3.5239453e-03  -1.0024790e-02
  -4.7327325e-02  -4.3237467e-02  -2.3694372e-01   4.3642174e-02
  -7.4397100e-02  -5.6338054e-02  -1.5697154e-02  -1.3199994e-02
  -2.0650375e-01  -6.2464722e-03   2.4685137e-01  -7.3630219e-02
   1.1497522e-02   1.1494374e-02  -9.9216260e-03  -2.1693479e-02
   1.0215615e-01   6.1949659e-03  -2.3954477e-01   2.2290236e-02
  -1.3345799e-02   3.8804539e-03  -1.1444706e-01  -1.3286324e-03
   3.4800411e-03  -5.3101810e-03   1.5023777e-01  -4.3582124e-02
  -1.9871866e-01  -1.5676798e-02   1.1768343e-01  -4.4171376e-02
  -7.6158772e-02  -4.8563092e-02  -1.2298854e-01   2.5773203e-02
   1.7282169e-01  -4.8207301e-02  -1.1588251e-01   2.5593050e-02
  -4.9647484e-02   1.0146115e-02   3.6833539e-02  -2.0571273e-02
  -8.3407864e-02   3.1444868e-02   8.9472921e-02  -3.1339196e-02
   3.0388642e-02  -3.8158602e-03  -6.1916368e-02   5.1156069e-03
   5.4962090e-02  -3.6649722e-02  -1.2008392e-01   2.4883695e-02
  -2.3094966e-02  -2.7485303e-02   3.4165028e-02  -1.3218760e-02
  -1.9437445e-01   4.1089090e-03   9.6818822e-02  -2.9473857e-02
  -3.8931272e-02   3.6707247e-03  -3.9624507e-03  -8.6248473e-03
   1.5049718e-01  -1.5493285e-02  -1.0619042e-01   1.8829789e-02
   1.6909978e-02  -1.8305011e-04  -6.7875543e-02   1.0039801e-02
  -9.8858101e-02   2.3430215e-02   8.7640193e-02  -2.0560014e-02
  -7.0547659e-02   9.3821013e-03   4.8429569e-02  -1.9621715e-02
   4.3140147e-02  -2.3777590e-02  -9.4628117e-02   1.6337666e-02
   6.8564446e-02  -2.4238245e-02  -7.0176759e-02   1.7245940e-02
  -8.9716149e-02   6.7717213e-03   3.5315636e-02  -1.3038607e-02
  -4.8017001e-02   1.9063353e-02   7.3589282e-02  -2.2924528e-02
   9.2796804e-02  -4.7891814e-04  -4.2359778e-02  -6.7932929e-04
   6.3909134e-02  -1.2987769e-02  -1.0009257e-01   2.1494559e-02
  -7.6870937e-02   2.2142771e-04   1.6980865e-02  -4.8003396e-03
  -1.2039922e-01   6.9889409e-03   7.3971569e-02  -2.2977073e-02
   1.5815492e-02  -7.1602925e-03   3.0498870e-03  -6.3654227e-03
   8.3321259e-02  -1.4223674e-02  -7.8808193e-02   1.5812218e-02
   2.5868267e-02   3.1838532e-03  -3.0685042e-02   7.1460865e-03
  -5.6739151e-02   1.6074711e-02   7.3679232e-02  -2.0240992e-02
  -2.5208973e-02   3.2512662e-03   2.2108004e-02  -8.8200136e-03
   2.7637435e-02  -1.5804133e-02  -5.4709139e-02   1.4731298e-02
   1.5628080e-02  -1.1238777e-02  -1.8601783e-02   6.9509202e-03
  -3.9182404e-02   7.4645768e-03   5.8196620e-02  -1.5695870e-02
  -1.9462924e-02   8.9926041e-03   4.9467740e-02  -1.4198345e-02
   5.5419375e-02  -4.4787544e-03  -3.6303157e-02   6.7407412e-03
   2.7326331e-02  -7.0516827e-03  -3.7768590e-02   1.0899283e-02
  -4.5119613e-02   3.4572503e-03   3.9970539e-02  -7.8742079e-03
  -5.7526281e-02   4.1987929e-03   4.9786312e-02  -1.3436446e-02
   3.1419407e-02  -5.9206429e-03  -1.0457577e-02   1.9291426e-03
   5.0790301e-02  -8.1265451e-03  -3.6250687e-02   9.4505494e-03
  -1.1887735e-02   3.7081763e-03   1.7194496e-02  -2.4771107e-03
  -3.5584095e-02   8.7379329e-03   5.0528398e-02  -1.3091152e-02
   1.2119730e-02  -1.5949773e-03  -4.4346872e-03  -7.6565282e-04
   3.5291337e-02  -8.9317555e-03  -3.5591055e-02   9.5556389e-03
  -1.6580529e-02  -2.9544722e-03   4.1592681e-03   7.5063308e-05
  -3.7739332e-02   5.3448134e-03   4.4614198e-02  -1.2216657e-02
   7.5768652e-03   2.2550523e-03   8.6230277e-03  -5.9262987e-03
   4.2904008e-02  -4.9281742e-03  -3.8252070e-02   7.6039765e-03
   4.9680916e-03  -2.0032003e-03  -1.5757120e-02   3.0325825e-03
  -3.9212390e-02   4.3111479e-03   2.7591195e-02  -9.9835047e-03
  -2.0156348e-02   9.5548005e-04   1.2322214e-02  -7.8629483e-03
   2.8173433e-02  -5.7708363e-03  -3.6258183e-02   4.5676401e-03
   1.9466276e-02  -3.8083698e-03  -3.1389649e-02   4.2861503e-03
  -2.1992984e-02   3.6220375e-03   1.3952554e-02  -6.8983767e-03
  -2.0336263e-02   2.9891046e-03   1.5440474e-02  -8.9175967e-03
   1.6658846e-02  -4.1604153e-03  -2.4740858e-02   1.8202999e-03
   1.6775041e-02  -4.4562834e-03  -3.0576353e-02   4.6201849e-03
  -1.7809951e-02   1.6408453e-03   4.1105453e-03  -4.9879994e-03
  -2.0962219e-02   2.6932366e-03   2.1508339e-02  -9.9121939e-03
   9.7283539e-03  -3.1642014e-03  -1.2312792e-02  -2.3232296e-03
   1.7528437e-02  -5.4974392e-03  -3.1123547e-02   4.2748908e-03
  -9.6537848e-03   2.2933970e-05  -4.3409895e-03  -2.0079610e-03
  -1.8278480e-02   3.0902241e-03   1.7460597e-02  -8.2720468e-03
   5.2567059e-03  -7.2235387e-04  -4.4984017e-03  -3.5505250e-03
   1.8056939e-02  -3.6885245e-03  -2.7799152e-02   3.8170007e-03
  -2.6220904e-03  -1.5799966e-03  -9.2432545e-03   9.3829293e-05
  -1.7866174e-02   1.4311160e-03   1.6328729e-02  -7.8179100e-03
  -4.8672849e-03  -2.5046308e-04   6.8615105e-03  -5.4233703e-03
   1.3416620e-02  -3.0069045e-03  -1.8935347e-02   1.9028702e-03
   8.6750990e-03  -1.7972162e-03  -1.1488252e-02   7.2811959e-04
  -9.5825683e-03   1.3075256e-03   1.6617318e-02  -6.4592527e-03
  -1.0568355e-02   1.2213868e-03   1.3768907e-02  -5.2807488e-03
   7.4644181e-03  -2.1979489e-03  -1.0150248e-02   1.3023587e-03
   1.5054600e-02  -3.0031593e-03  -5.8401531e-03   1.1184521e-03
  -2.4946503e-03  -1.0440164e-04   1.5567903e-02  -4.4963306e-03
  -1.2513690e-02   1.9591843e-03   1.7636749e-02  -5.4008511e-03
   5.5378238e-03   2.2933970e-05  -2.0060422e-03  -2.9275000e-04
   1.7805807e-02  -2.3552458e-03  -7.1894003e-03   1.4337206e-03
   1.0662691e-04  -1.0481832e-03   9.6836860e-03  -2.9237411e-03
  -1.7405141e-02   4.3490212e-04   1.9454485e-02  -5.3032680e-03
  -4.7960684e-03  -7.4107969e-04   4.8376396e-03  -1.8390672e-03
   1.6760048e-02  -2.2279102e-03  -6.1399858e-03   6.1177048e-04
   9.7883257e-03  -1.0706542e-03   3.8406958e-03  -1.3586579e-03
  -1.1051878e-02   1.3299966e-03   1.2779459e-02  -3.8770531e-03
  -7.2586608e-03   6.0717971e-04   6.6366360e-03  -2.5934598e-03
   1.0478001e-02  -2.0781036e-03  -4.1011233e-03   1.5388045e-04
   8.4014776e-03  -2.2803425e-03  -1.6200076e-03  -6.0426535e-04
  -8.6342641e-03  -4.8224165e-05   8.1882703e-03  -3.4679547e-03
  -8.7991866e-03   8.0192829e-04   7.4349406e-03  -3.7757168e-03
   8.0641362e-03  -8.8339596e-04  -4.7157804e-03  -1.0959342e-03
   9.7658362e-03  -1.5275643e-03  -6.4098353e-03  -2.8899680e-04
  -6.2241471e-03  -7.4440320e-05   1.8505562e-03  -2.5559278e-03
  -1.0883207e-02   2.3266321e-04   4.8338917e-03  -4.2861516e-03
   1.7071245e-03  -1.1455575e-03  -4.9593945e-03  -2.3232296e-03
   8.7313225e-03  -1.9020808e-03  -1.1102217e-02  -3.8657992e-04
  -1.6550450e-03  -6.9613771e-04  -5.3754124e-03  -1.5575774e-03
  -8.5967817e-03   5.3602157e-04   1.3933113e-03  -3.2577756e-03
   1.4709855e-03  -7.7853134e-04  -1.6125118e-03  -3.1339201e-03
   6.6323093e-03  -1.9844745e-03  -1.1926757e-02  -7.2812085e-04
  -2.4384267e-03  -1.1755188e-03  -9.8429199e-03  -7.7691241e-04
  -8.2219579e-03  -2.8416956e-04   2.3520738e-04  -3.5767974e-03
  -1.5688355e-03  -6.9988288e-04  -4.7314742e-04  -3.7269253e-03
   4.9718398e-03  -1.7073323e-03  -9.5580788e-03  -1.3774239e-03
   1.3922725e-03  -1.3065996e-03  -1.0198971e-02  -7.3187405e-04
  -4.8260543e-03  -4.7517298e-04  -1.5937722e-03  -2.8711963e-03
  -4.5711741e-03  -5.4633111e-04   1.1871763e-03  -3.9408575e-03
   1.6583974e-03  -1.3889932e-03  -6.5672475e-03  -1.8803523e-03
   3.5587541e-03  -1.8384130e-03  -9.5993058e-03  -5.0292903e-04
  -1.3214518e-03  -6.9239255e-04  -3.5052058e-03  -1.9404035e-03
  -3.4279615e-03  -2.5753175e-05   1.5244881e-03  -3.3553588e-03
  -1.1451914e-04  -1.0369477e-03  -2.5719765e-03  -2.1430761e-03
   2.8765748e-03  -1.7672549e-03  -5.9750778e-03  -5.1418862e-04
   6.8385556e-04  -1.1305768e-03  -9.0860701e-05  -2.0117142e-03
  -3.5404087e-03  -6.7366672e-04   5.6134568e-03  -3.4867206e-03
  -1.9436593e-03  -1.0069864e-03   3.4734008e-03  -2.3495020e-03
   3.5437612e-03  -1.6361741e-03  -2.2578543e-04  -1.0959342e-03
   4.3121499e-03  -1.4301901e-03   3.2560220e-03  -1.5237986e-03
  -9.5037621e-04  -2.7293407e-04   7.7422691e-03  -2.6610173e-03
  -2.3934478e-03  -4.7891814e-04   7.0901329e-03  -2.1618421e-03
   2.8278477e-03  -1.1193414e-03   3.8856707e-03  -1.1597385e-03
   4.1659687e-03  -1.2504221e-03   3.0236517e-03  -1.0959342e-03
  -8.6041850e-04  -9.5080893e-04   4.9650685e-03  -1.6514073e-03
  -2.8619776e-03  -6.3204825e-05   5.9620123e-03  -2.0905314e-03
   1.3997690e-03  -5.9127309e-04   3.1210973e-03  -1.5388114e-03
   3.8398720e-03  -1.1867543e-03   1.6331774e-03  -1.0133638e-03
   2.4905995e-04  -7.9351200e-04   4.8863625e-03  -1.6889393e-03
  -2.3034901e-03  -4.0776001e-04   7.1500995e-03  -2.5371618e-03
   5.0768837e-04  -5.5382144e-04   3.3122407e-03  -1.7715096e-03
   2.7079041e-03  -1.2691480e-03  -6.3055960e-04  -7.9943159e-04
   6.5012142e-04  -9.6953476e-04   4.9006519e-04  -1.3999431e-03
  -1.7487509e-03  -6.6243123e-04   3.0011642e-03  -2.4358255e-03
  -5.0058765e-04  -6.5119573e-04   1.6631607e-03  -2.0980378e-03
   2.1606613e-03  -8.5343464e-04  -2.9055404e-03  -1.2272961e-03
   1.1823712e-03  -1.0219671e-03  -3.0592046e-03  -1.4487347e-03
  -1.9698969e-03  -3.7779869e-04   4.3384656e-04  -2.5859534e-03
  -2.0973370e-03  -6.2123441e-04   2.4270320e-04  -2.9912986e-03
  -2.2321804e-04  -1.1717737e-03  -3.8987362e-03  -1.9028715e-03
   2.9403881e-04  -1.2541673e-03  -4.9518987e-03  -1.6514073e-03
  -1.1752705e-03  -6.8864738e-04  -2.8643134e-03  -2.1993741e-03
  -2.2210289e-03  -2.9540506e-04  -1.8486300e-03  -2.4771107e-03
  -6.0928655e-04  -9.1335728e-04  -4.0711401e-03  -2.2556720e-03
   7.3633089e-04  -1.1605382e-03  -5.9975653e-03  -1.5425646e-03
  -6.6925836e-04  -1.0144767e-03  -3.7038450e-03  -1.9704291e-03
  -2.4496714e-03  -6.2123441e-04  -1.7999072e-03  -2.8824559e-03
  -1.4863742e-03  -8.7965080e-04  -3.2241126e-03  -2.4095531e-03
   3.5775885e-04  -1.2167156e-03  -4.6558139e-03  -1.7339776e-03
   1.3286457e-04  -5.9501826e-04  -3.6363826e-03  -2.2106337e-03
  -1.1752705e-03  -6.8864738e-04  -1.2414688e-03  -2.9837922e-03
  -1.5313531e-03  -1.1043607e-03  -9.4538395e-04  -2.9425071e-03
  -5.4556651e-04  -1.0144767e-03  -3.3253062e-03  -1.8765991e-03
   3.6150709e-04  -1.2991093e-03  -3.1079274e-03  -1.9028715e-03
  -5.8679712e-04  -1.1118510e-03  -2.4827288e-04  -2.9012219e-03
  -1.3027106e-03  -6.9239255e-04   4.2635074e-04  -2.5334086e-03
   5.1518485e-04  -1.0556735e-03  -1.4288642e-03  -1.9253907e-03
   1.7446069e-03  -7.7104101e-04  -1.2339729e-03  -1.7977820e-03
   5.0768837e-04  -5.6505694e-04   1.0072766e-03  -2.1768549e-03
  -1.1490328e-03  -8.2721849e-04   2.3115490e-03  -2.8561835e-03
  -5.2682532e-04  -8.5717981e-04   2.2403387e-03  -2.3982935e-03
   1.5496985e-03  -9.1335728e-04   1.4870090e-03  -1.7827692e-03
   1.4409996e-03  -6.0250859e-04   2.6226254e-03  -1.9291439e-03
   1.5535400e-04  -4.3397616e-04   4.2379742e-03  -2.0567526e-03
   4.1398242e-04  -3.9652451e-04   3.2860053e-03  -1.9103779e-03
   1.8158234e-03  -4.2274067e-04   2.4839528e-03  -1.7227181e-03
   1.3360490e-03  -8.0849266e-04   2.7463064e-03  -1.7940288e-03
  -1.1977599e-03  -7.3358936e-04   2.9411977e-03  -2.0304802e-03
  -1.1452846e-03  -5.6880210e-04   3.4096863e-03  -1.9704291e-03
   7.4757560e-04  -9.8077025e-04   3.0648787e-03  -1.8503268e-03
   1.6246633e-03  -8.9088629e-04   3.4846445e-03  -2.0229738e-03
   1.2086089e-03  -5.2011496e-04   4.3541594e-03  -2.0867782e-03
  -2.4945570e-04  -6.1748925e-04   3.5221236e-03  -2.0417398e-03
  -1.3326033e-04  -8.6467014e-04   2.2215992e-03  -1.8540799e-03
   5.1893309e-04  -1.0556735e-03   1.5994463e-03  -1.7114585e-03
  -3.9938522e-04  -9.0961212e-04   1.6144379e-03  -1.9028715e-03
  -5.5306298e-04  -7.7478618e-04   1.1609409e-03  -2.0192206e-03
   4.0273771e-04  -6.0625375e-04  -1.2154612e-05  -1.8841055e-03
   9.7996636e-04  -6.6617639e-04  -7.0926569e-04  -1.8765991e-03
   2.2657052e-04  -9.0212179e-04  -1.1815022e-03  -1.9741823e-03
  -1.4114095e-03  -6.6243123e-04  -8.0296341e-04  -2.1430761e-03
  -1.2314941e-03  -8.1972816e-04  -1.0090984e-03  -2.2031273e-03
  -1.2951209e-04  -1.0107316e-03  -2.7181449e-03  -1.9704291e-03
  -1.6324623e-04  -6.6992156e-04  -2.9655069e-03  -2.0417398e-03
  -6.7300660e-04  -5.9876342e-04  -2.8793050e-03  -2.0605058e-03
  -6.2427950e-04  -7.5980552e-04  -3.0329693e-03  -2.0867782e-03
  -2.7569337e-04  -1.0107316e-03  -3.2278605e-03  -2.0905314e-03
  -7.0299250e-04  -1.1567930e-03  -3.8125343e-03  -1.8916119e-03
  -1.2202493e-03  -1.0144767e-03  -3.2653396e-03  -2.1205569e-03
  -1.1340399e-03  -1.0107316e-03  -2.8455738e-03  -2.2519188e-03
  -3.9938522e-04  -1.0818897e-03  -3.1903814e-03  -2.0642590e-03
  -9.2029708e-05  -1.1567930e-03  -2.9392715e-03  -1.8953651e-03
  -7.2548193e-04  -1.0931252e-03  -2.5569848e-03  -2.1318165e-03
  -1.0365857e-03  -9.8451542e-04  -1.9910506e-03  -2.3570083e-03
  -7.1423722e-04  -1.1455575e-03  -1.5525452e-03  -2.1993741e-03
