  -2.3821099e-04  -7.1111837e-04  -1.6581888e-04  -2.1993741e-03
   8.4137478e-05  -6.9988288e-04  -2.3702915e-04  -2.2781912e-03
   3.1662146e-05  -7.8602167e-04  -2.3328124e-04  -2.3007104e-03
  -1.3326033e-04  -5.6505694e-04   1.3026593e-04  -2.1843613e-03
   8.4137478e-05  -5.2011496e-04  -8.4067030e-06  -2.2894508e-03
  -5.8295566e-05  -9.0212179e-04  -3.4197060e-04  -2.3795275e-03
  -4.3302614e-05  -9.1335728e-04   3.6568205e-05  -2.2519188e-03
   8.7885716e-05  -8.7216047e-04  -1.9650430e-05  -2.2706848e-03
  -4.3302614e-05  -6.5494090e-04  -7.5869065e-05  -2.3232296e-03
  -3.9554376e-05  -5.8378276e-04  -9.1088500e-07  -2.3007104e-03
  -8.0784994e-05  -7.4107969e-04   7.4047295e-05  -2.3382424e-03
  -2.4195923e-04  -3.5158253e-04   1.6024920e-04  -2.1318165e-03
  -3.2057900e-05  -3.4034704e-04   1.0028266e-04  -1.8878587e-03
   1.9283638e-04  -7.5231519e-04   1.6399711e-04  -1.9291439e-03
   1.0662691e-04  -6.1748925e-04   2.8370240e-06  -1.9141311e-03
   6.9144526e-05  -4.3397616e-04  -1.5902521e-05  -1.9629227e-03
   9.1727180e-06  -4.9389880e-04   1.6399711e-04  -2.0492462e-03
  -1.3316710e-05  -5.5007628e-04   1.4900547e-04  -2.0117142e-03
  -3.5806138e-05  -5.8003760e-04   1.0403057e-04  -1.8278076e-03
  -2.0447685e-04  -4.6393748e-04  -2.7146248e-05  -1.7227181e-03
  -1.5574975e-04  -5.3135045e-04  -9.8356519e-05  -2.0229738e-03
  -1.5574975e-04  -6.1748925e-04   4.4064023e-05  -2.0342334e-03
  -9.9526184e-05  -4.7517298e-04   8.1543113e-05  -1.6739265e-03
   1.8159167e-04  -7.5231519e-04  -2.7146248e-05  -1.6851861e-03
  -1.4450504e-04  -7.3733453e-04   4.7811932e-05  -1.8052884e-03
  -1.4825328e-04  -3.9277935e-04   2.9142602e-04  -1.8841055e-03
   3.1662146e-05  -6.8490222e-04  -3.4642066e-05  -2.0154674e-03
  -5.8202340e-06  -8.1972816e-04  -1.5832306e-04  -1.9516631e-03
   1.4410929e-04  -6.3996024e-04   1.8273666e-04  -1.8540799e-03
  -1.4075680e-04  -6.0250859e-04  -1.5902521e-05  -1.7527436e-03
  -9.5777946e-05  -7.6729585e-04   9.2786840e-05  -1.6626669e-03
  -2.3071451e-04  -7.6355068e-04   2.5394693e-04  -1.7790160e-03
  -1.1077090e-04  -5.4258595e-04   6.5849330e-06  -1.8465736e-03
   2.3031876e-04  -5.8378276e-04  -5.7129520e-05  -1.7752628e-03
  -2.4561424e-05  -6.1374408e-04   3.2820296e-05  -1.7865224e-03
   1.0662691e-04  -5.9876342e-04  -1.9650430e-05  -1.7489904e-03
  -1.2576385e-04  -7.5980552e-04  -2.0704588e-04  -1.7302244e-03
  -3.3941342e-04  -8.8714113e-04  -1.5457515e-04  -1.9216375e-03
  -2.7569337e-04  -6.6243123e-04  -2.7450824e-04  -1.8916119e-03
  -1.7449094e-04  -6.0625375e-04  -1.9580215e-04  -1.8578331e-03
   6.9144526e-05  -7.0737321e-04  -8.7112792e-05  -1.9479099e-03
  -2.0072861e-04  -6.6992156e-04  -2.7825615e-04  -1.8240544e-03
  -2.4195923e-04  -8.0474750e-04   4.7811932e-05  -1.9291439e-03
  -2.0822509e-04  -8.5717981e-04   2.9072387e-05  -2.0454930e-03
  -3.3941342e-04  -9.9949608e-04  -2.6701242e-04  -1.8728459e-03
  -1.5949799e-04  -9.4706377e-04  -1.6956679e-04  -1.8690927e-03
   4.2906860e-05  -8.0100233e-04  -7.2121156e-05  -1.8315608e-03
   9.1727180e-06  -9.8451542e-04  -4.6587940e-06  -1.7527436e-03
  -3.4316165e-04  -7.1860870e-04  -1.9580215e-04  -1.8390672e-03
  -3.1692399e-04  -6.1374408e-04  -8.7112792e-05  -1.7827692e-03
  -1.4450504e-04  -9.3582827e-04   8.1543113e-05  -1.7152117e-03
  -3.0942751e-04  -8.0100233e-04  -1.0960025e-04  -1.9441567e-03
  -1.4825328e-04  -7.3358936e-04  -9.8356519e-05  -2.0042078e-03
  -7.3288518e-05  -7.7853134e-04   6.6551477e-05  -1.7377308e-03
  -1.3316710e-05  -6.3996024e-04  -9.8356519e-05  -1.7602500e-03
  -4.7050852e-05  -7.5231519e-04  -1.5082725e-04  -1.7189649e-03
  -2.6444866e-04  -7.5980552e-04   1.9023247e-04  -1.5050326e-03
   1.1037514e-04  -6.0250859e-04  -3.4642066e-05  -1.5463178e-03
   1.4410929e-04  -6.2123441e-04   1.1902220e-04  -1.8090416e-03
  -5.4547328e-05  -7.4482486e-04   1.2651802e-04  -1.8653395e-03
  -5.8202340e-06  -7.7104101e-04  -5.3381611e-05  -1.6101221e-03
  -5.8295566e-05  -6.3996024e-04   2.0147620e-04  -1.6664201e-03
  -1.1451914e-04  -5.6505694e-04  -6.0877429e-05  -1.6776797e-03
  -3.1692399e-04  -5.7254727e-04   1.6399711e-04  -1.6926925e-03
  -2.1197332e-04  -6.9613771e-04  -8.4067030e-06  -1.8841055e-03
  -3.9554376e-05  -7.4482486e-04  -8.3364883e-05  -1.8991183e-03
  -2.4561424e-05  -8.0849266e-04   1.8648456e-04  -1.9854418e-03
  -7.7036756e-05  -7.6355068e-04  -1.3208770e-04  -2.0379866e-03
  -1.9323213e-04  -4.9015364e-04   1.7828660e-05  -1.9629227e-03
   2.0417432e-05  -5.3509562e-04   1.7828660e-05  -1.8165480e-03
   3.5410384e-05  -7.6729585e-04  -8.7112792e-05  -1.8765991e-03
  -1.5574975e-04  -7.0362804e-04  -1.2154612e-05  -2.1918677e-03
  -1.1826737e-04  -5.0138913e-04   2.2771156e-04  -2.2256465e-03
  -1.2576385e-04  -7.7853134e-04  -9.1088500e-07  -2.1580889e-03
  -2.1197332e-04  -7.1860870e-04  -1.9955006e-04  -2.1693485e-03
  -1.5574975e-04  -3.5907286e-04   1.5650129e-04  -2.0192206e-03
  -3.9554376e-05  -6.1748925e-04  -3.8389975e-05  -2.0980378e-03
  -3.2057900e-05  -8.3845398e-04   1.7828660e-05  -2.3194764e-03
  -3.9554376e-05  -7.5231519e-04   1.6774502e-04  -2.2444124e-03
  -2.0822509e-04  -6.5494090e-04   1.7524084e-04  -2.2331528e-03
  -2.1572156e-04  -6.2872474e-04   7.0299386e-05  -2.2894508e-03
   1.2920956e-05  -5.4633111e-04   2.8370240e-06  -2.1843613e-03
   3.5410384e-05  -5.5007628e-04   2.1576569e-05  -2.2369060e-03
  -1.3326033e-04  -4.8640847e-04  -1.7706261e-04  -2.2856976e-03
  -1.7074271e-04  -6.2872474e-04   2.2021575e-04  -2.3495020e-03
  -2.4561424e-05  -8.2347332e-04  -9.1088500e-07  -2.3344892e-03
  -2.3071451e-04  -6.5868606e-04  -3.2697897e-04  -2.2556720e-03
  -1.3700856e-04  -7.4107969e-04   1.6774502e-04  -2.4133063e-03
  -1.0702266e-04  -5.6505694e-04  -4.5885793e-05  -2.3307360e-03
  -1.9323213e-04  -4.8266331e-04  -1.8830634e-04  -2.3119700e-03
   1.0287867e-04  -6.4745057e-04   1.4080751e-05  -2.1881145e-03
  -1.5949799e-04  -6.0999892e-04   3.6568205e-05  -2.2181401e-03
  -2.0719960e-06  -7.0737321e-04   1.4150966e-04  -2.5634342e-03
   1.2161986e-04  -6.3246991e-04   1.4525757e-04  -2.0867782e-03
   3.5410384e-05  -6.1374408e-04   2.8018229e-04  -1.8127948e-03
   1.4036105e-04  -5.6505694e-04   2.8767811e-04  -1.9929482e-03
   1.1787162e-04  -5.3135045e-04   2.5769484e-04  -1.8390672e-03
   4.1773066e-04  -6.5868606e-04   2.3145947e-04  -2.0567526e-03
   2.7913908e-05  -5.4633111e-04   1.0028266e-04  -2.0454930e-03
  -7.7036756e-05  -5.9876342e-04   2.2021575e-04  -1.7827692e-03
   1.1787162e-04  -6.6992156e-04   1.8648456e-04  -2.0042078e-03
  -8.8281470e-05  -5.0138913e-04   7.7795204e-05  -1.9891950e-03
   8.7885716e-05  -5.2760529e-04  -2.3398339e-05  -1.7189649e-03
   3.9158622e-05  -7.4482486e-04   7.0299386e-05  -1.7715096e-03
   1.0287867e-04  -6.8490222e-04   2.9142602e-04  -1.9141311e-03
   8.4137478e-05  -4.3772133e-04  -4.6587940e-06  -1.9404035e-03
  -1.7064948e-05  -5.4258595e-04  -1.3583561e-04  -1.9479099e-03
   7.2892764e-05  -6.1748925e-04   2.9892183e-04  -1.7865224e-03
  -1.4450504e-04  -4.6393748e-04   3.1016556e-04  -1.8878587e-03
  -2.4570747e-04  -4.9389880e-04  -8.7112792e-05  -2.0079610e-03
  -2.5320394e-04  -6.3996024e-04  -3.4642066e-05  -1.9253907e-03
  -2.4195923e-04  -4.8640847e-04   1.0332842e-05  -1.8991183e-03
  -1.8198742e-04  -4.0776001e-04  -8.7112792e-05  -1.6814329e-03
  -3.5440637e-04  -8.9463146e-04  -1.2154612e-05  -1.8278076e-03
  -2.9818280e-04  -7.4482486e-04  -2.3398339e-05  -1.8690927e-03
   8.0389240e-05  -6.6617639e-04   3.6568205e-05  -1.5650838e-03
   5.7899812e-05  -8.6092497e-04   1.2277011e-04  -1.7227181e-03
  -1.1077090e-04  -5.7254727e-04   7.0299386e-05  -1.7940288e-03
  -4.7050852e-05  -9.1335728e-04  -5.3381611e-05  -1.7790160e-03
  -1.5574975e-04  -8.3845398e-04  -1.3208770e-04  -1.9404035e-03
  -2.3821099e-04  -5.8003760e-04  -1.2084397e-04  -1.8578331e-03
  -2.6444866e-04  -9.0212179e-04  -2.7450824e-04  -1.8653395e-03
  -2.1946980e-04  -9.3582827e-04  -1.6956679e-04  -1.9366503e-03
  -1.9698037e-04  -7.1860870e-04  -1.9650430e-05  -1.8615863e-03
  -2.5320394e-04  -6.2872474e-04  -1.2459188e-04  -1.7677564e-03
  -9.9526184e-05  -8.2721849e-04  -6.4625338e-05  -1.7339776e-03
  -4.1062994e-04  -6.6617639e-04  -1.7706261e-04  -1.8615863e-03
  -4.2562289e-04  -6.0250859e-04  -1.0585234e-04  -1.8690927e-03
  -9.5777946e-05  -7.8976684e-04   6.2803568e-05  -1.9328971e-03
  -3.0942751e-04  -8.9088629e-04   9.2786840e-05  -1.8916119e-03
  -1.8573566e-04  -1.0069864e-03   4.4064023e-05  -1.7302244e-03
  -2.6070042e-04  -8.4968948e-04  -1.6207097e-04  -1.9404035e-03
  -4.1437818e-04  -6.0999892e-04  -6.8373247e-05  -1.8991183e-03
  -2.1572156e-04  -5.1636979e-04  -7.5869065e-05  -1.8240544e-03
  -3.4690989e-04  -7.1860870e-04  -1.0585234e-04  -1.8803523e-03
  -1.6324623e-04  -8.9088629e-04  -9.1088500e-07  -1.7489904e-03
   6.9144526e-05  -7.4107969e-04   3.6568205e-05  -1.7977820e-03
  -7.3288518e-05  -4.3023100e-04   8.5291022e-05  -1.6814329e-03
  -9.2029708e-05  -4.9015364e-04  -1.9650430e-05  -1.6288881e-03
  -9.5777946e-05  -7.5980552e-04   2.8370240e-06  -1.7114585e-03
  -1.3700856e-04  -6.3621507e-04  -4.2137884e-05  -1.6476541e-03
  -1.2576385e-04  -7.4482486e-04  -1.9205424e-04  -1.5988626e-03
  -2.0813186e-05  -8.1223783e-04  -4.5885793e-05  -1.5050326e-03
   1.2920956e-05  -6.9239255e-04  -9.0860701e-05  -1.6589137e-03
  -1.6699447e-04  -8.3845398e-04  -1.1334816e-04  -1.8165480e-03
  -2.8309662e-05  -8.0474750e-04  -2.7146248e-05  -1.8841055e-03
   1.5910224e-04  -6.8490222e-04  -2.1454170e-04  -1.8353140e-03
  -6.5792042e-05  -7.4482486e-04   7.4047295e-05  -1.8353140e-03
  -3.1692399e-04  -8.7216047e-04   3.6638420e-04  -1.9554163e-03
  -3.6565108e-04  -7.7478618e-04   9.6534749e-05  -1.9066247e-03
  -6.9540280e-05  -7.2609903e-04  -7.2121156e-05  -1.9929482e-03
  -1.7064948e-05  -7.2235387e-04  -9.8356519e-05  -1.9441567e-03
  -2.8318985e-04  -6.8864738e-04  -4.2137884e-05  -2.1243101e-03
  -2.6070042e-04  -8.2347332e-04   8.1543113e-05  -2.0605058e-03
  -1.1826737e-04  -5.2386012e-04   2.5324478e-05  -1.7339776e-03
  -6.2043804e-05  -6.0999892e-04   3.6568205e-05  -2.0192206e-03
  -6.5792042e-05  -8.0849266e-04   2.8018229e-04  -2.0980378e-03
  -4.3302614e-05  -4.8640847e-04   2.2771156e-04  -2.0905314e-03
  -1.5574975e-04  -7.1860870e-04  -8.4067030e-06  -2.0267270e-03
  -1.2201561e-04  -7.7104101e-04  -1.3958352e-04  -2.0117142e-03
  -5.8202340e-06  -6.8864738e-04   1.1527429e-04  -2.3044636e-03
  -1.3700856e-04  -6.8490222e-04   7.4047295e-05  -2.2894508e-03
  -2.4561424e-05  -4.7891814e-04  -2.7146248e-05  -2.0942846e-03
  -1.1826737e-04  -4.9015364e-04   2.0897202e-04  -2.0229738e-03
  -1.7823918e-04  -5.5756661e-04  -1.0960025e-04  -2.2669316e-03
  -3.5806138e-05  -6.5868606e-04  -7.2121156e-05  -2.4696043e-03
  -2.4570747e-04  -6.6243123e-04  -1.2084397e-04  -2.3832807e-03
  -2.2696628e-04  -7.5231519e-04  -6.0877429e-05  -2.3007104e-03
  -1.0702266e-04  -4.2648583e-04   1.9772829e-04  -2.1430761e-03
  -2.4570747e-04  -4.0026968e-04  -1.4333143e-04  -2.3157232e-03
  -3.1692399e-04  -8.9463146e-04  -6.8373247e-05  -2.5446682e-03
   1.7409519e-04  -4.8640847e-04  -8.7112792e-05  -2.3832807e-03
   6.5396288e-05  -5.4258595e-04  -1.2833979e-04  -2.2932040e-03
  -1.1077090e-04  -7.0362804e-04  -1.4707934e-04  -2.4020467e-03
   1.9658462e-04  -4.7142781e-04  -6.4625338e-05  -2.4545915e-03
  -1.4825328e-04  -6.8490222e-04   2.0147620e-04  -2.1055441e-03
   4.2906860e-05  -4.9015364e-04  -2.7146248e-05  -1.8728459e-03
   1.4785752e-04  -3.4783737e-04   1.2651802e-04  -1.9291439e-03
   2.8279409e-04  -4.6393748e-04  -9.1088500e-07  -1.8428204e-03
   1.6285048e-04  -4.5270199e-04  -4.2817251e-04  -2.0004546e-03
  -8.0784994e-05  -5.5007628e-04  -7.2121156e-05  -2.1168037e-03
   2.0033286e-04  -4.9015364e-04   2.3145947e-04  -1.7977820e-03
  -8.4533232e-05  -5.2011496e-04  -2.3398339e-05  -1.8315608e-03
   5.7899812e-05  -6.0250859e-04   4.4064023e-05  -1.9328971e-03
  -2.9818280e-04  -5.6880210e-04   1.7149293e-04  -1.7865224e-03
   3.0903176e-04  -7.8976684e-04   2.1646784e-04  -1.8841055e-03
   1.2873219e-03  -4.6768265e-04   3.4764465e-04  -1.6401477e-03
   1.7409519e-04  -4.3023100e-04   1.9772829e-04  -1.6814329e-03
  -7.6296431e-04  -9.4706377e-04   1.1159660e-03  -2.0229738e-03
  -8.7166321e-04  -5.0513430e-04   8.0114164e-04  -1.6626669e-03
   2.2657052e-04  -5.3135045e-04  -7.5869065e-05  -1.5913562e-03
   1.2236018e-03  -5.7254727e-04  -9.8356519e-05  -1.5425646e-03
   1.2460913e-03  -1.6057912e-04  -1.6956679e-04  -1.5500710e-03
   7.8130975e-04  -3.7030836e-04   1.0559995e-03  -2.0792718e-03
   9.1249808e-04  -4.6393748e-04   6.9994810e-04  -1.8203012e-03
   1.0736723e-03  -9.2459278e-04   5.2004847e-04  -1.4599943e-03
  -3.3566518e-04  -1.1717737e-03   1.1159660e-03  -1.5425646e-03
  -2.5695218e-04  -5.9876342e-04   6.8495646e-04  -1.5838498e-03
   8.1129565e-04  -4.2274067e-04   6.6246901e-04  -1.5988626e-03
   2.2806049e-03  -3.2536638e-04  -2.5202079e-04  -1.1409725e-03
   2.8840713e-03  -1.6057912e-04  -3.2323106e-04  -9.9084464e-04
   7.5882032e-04  -3.7779869e-04   1.1534451e-03  -1.5050326e-03
  -6.9924426e-04  -6.2872474e-04   1.8468083e-03  -1.5538242e-03
   5.1143661e-04  -8.1223783e-04   1.6931440e-03  -1.3398920e-03
   3.0302525e-03  -6.0250859e-04   9.6979755e-04  -1.4036963e-03
   3.1314550e-03  -3.5532770e-04   8.3487282e-04  -1.2498152e-03
   9.9495931e-04  -6.7366672e-04   1.7643543e-03  -1.3999431e-03
  -8.3043259e-04  -1.0294574e-03   1.7868417e-03  -1.4750071e-03
  -1.8424569e-03  -1.5313095e-03   1.2921177e-03  -1.1822577e-03
  -1.8199674e-03  -1.7185678e-03   8.7609982e-04  -1.3924367e-03
  -7.0674074e-04  -1.1305768e-03   5.5377965e-04  -1.7001989e-03
   2.7904585e-04  -8.0474750e-04   7.0299386e-05  -1.9967014e-03
   7.7381327e-04  -6.5119573e-04  -1.4333143e-04  -2.2519188e-03
   5.2642956e-04  -4.9015364e-04  -7.9616974e-05  -2.5296554e-03
  -1.8199674e-03  -1.0069864e-03  -5.3311396e-04  -2.4245659e-03
  -2.8319917e-03  -1.4489159e-03  -4.9188696e-04  -2.8374176e-03
  -1.8799392e-03  -9.9575091e-04  -1.8074030e-03  -3.1902181e-03
  -1.4114095e-03  -5.0138913e-04  -2.9730027e-03  -2.3232296e-03
  -1.0702266e-04  -4.2648583e-04  -3.1529024e-03  -2.4996298e-03
  -6.8799955e-04  -3.6281803e-04  -3.5801640e-03  -2.6947961e-03
  -2.8994600e-03  -4.9764397e-04  -4.1723336e-03  -2.3419956e-03
  -3.3679897e-03  -7.5606035e-04  -4.7532595e-03  -2.1881145e-03
  -3.0793754e-03  -7.9725717e-04  -3.7900469e-03  -2.2556720e-03
  -2.0336170e-03  -6.7366672e-04  -3.4264997e-03  -2.6234853e-03
  -1.3289482e-03  -5.8003760e-04  -3.5164495e-03  -2.1655953e-03
  -5.9054536e-04  -4.6019232e-04  -3.1753898e-03  -2.0079610e-03
  -4.7809822e-04  -4.2274067e-04  -2.6206993e-03  -2.2369060e-03
  -2.2847489e-03  -7.7104101e-04  -1.2339729e-03  -2.4846170e-03
  -2.6820622e-03  -5.8752793e-04  -7.0926569e-04  -2.7173153e-03
  -7.3672664e-04  -4.1899550e-04  -1.2939395e-03  -2.3832807e-03
   4.0273771e-04  -7.3733453e-04  -1.6050159e-03  -2.1468293e-03
  -4.7434998e-04  -3.7030836e-04  -1.0503254e-03  -2.0867782e-03
  -2.4159373e-03  -4.3397616e-04  -2.2203752e-04  -2.1243101e-03
  -2.4121890e-03  -8.2721849e-04   3.8887165e-04  -2.1355697e-03
  -1.0928093e-03  -9.4331860e-04   3.4014883e-04  -2.1017910e-03
  -1.8087227e-03  -1.0893800e-03   6.9620019e-04  -2.0304802e-03
  -1.0365857e-03  -7.4857002e-04   2.3565239e-03  -2.3757743e-03
   1.7409519e-04  -6.2123441e-04   2.4502216e-03  -2.4395787e-03
   1.0361899e-03  -4.7517298e-04   1.6481691e-03  -2.0117142e-03
   6.0889080e-04  -3.7030836e-04   2.1616326e-03  -2.1505825e-03
  -1.4301507e-03  -7.4107969e-04   3.3384760e-03  -2.1580889e-03
  -1.1527811e-03  -9.2084761e-04   3.3609635e-03  -2.3720211e-03
  -7.9295021e-04  -7.6355068e-04   1.7381189e-03  -2.2519188e-03
  -6.5792042e-05  -5.6880210e-04   9.9978082e-04  -1.5538242e-03
  -1.2201561e-04  -6.2872474e-04   1.3258489e-03  -1.8315608e-03
  -1.2952141e-03  -5.5756661e-04   1.4757653e-03  -2.0042078e-03
  -9.6911740e-04  -7.1860870e-04   1.1721846e-03  -2.0492462e-03
  -5.0433589e-04  -8.4594431e-04   1.1571930e-03  -2.2856976e-03
  -3.6190284e-04  -6.5119573e-04   1.4457820e-03  -2.1993741e-03
   8.4137478e-05  -7.4857002e-04   1.7268752e-03  -2.4545915e-03
   6.9510027e-04  -6.0999892e-04   1.8318166e-03  -2.3044636e-03
   8.6751922e-04  -4.7517298e-04   9.8104127e-04  -2.1655953e-03
  -6.9540280e-05  -7.7104101e-04   8.6485609e-04  -2.5446682e-03
  -7.5171960e-04  -9.8451542e-04   9.9978082e-04  -2.5071362e-03
  -1.4075680e-04  -8.5717981e-04   3.4014883e-04  -2.4470851e-03
   1.1787162e-04  -6.1374408e-04  -3.8694551e-04  -2.3457488e-03
   3.9158622e-05  -5.7629243e-04  -1.1740064e-03  -2.0830250e-03
   3.8399652e-04  -6.2872474e-04  -8.5918205e-04  -2.1768549e-03
   9.0874984e-04  -6.9613771e-04  -6.9802196e-04  -2.1205569e-03
   2.3781524e-04  -6.9239255e-04  -1.5450494e-03  -1.7715096e-03
  -3.4690989e-04  -5.5756661e-04  -1.6874699e-03  -1.8540799e-03
   4.2147890e-04  -5.3884078e-04  -1.4138726e-03  -2.1280633e-03
   2.5280819e-04  -6.1748925e-04  -1.4813349e-03  -2.2369060e-03
   5.2268132e-04  -6.1374408e-04  -1.9873027e-03  -2.0454930e-03
   1.0361899e-03  -7.1860870e-04  -1.8748654e-03  -1.8540799e-03
   9.2374279e-04  -6.6617639e-04  -1.1702585e-03  -2.0529994e-03
   8.6002274e-04  -4.2648583e-04  -1.2677041e-03  -2.1768549e-03
   4.8145071e-04  -6.3996024e-04  -1.7249490e-03  -1.9891950e-03
   8.0754741e-04  -7.1486354e-04  -1.6912178e-03  -1.6814329e-03
   5.4891899e-04  -4.5644715e-04  -1.4026289e-03  -1.7152117e-03
   1.1037514e-04  -5.7254727e-04  -1.3801414e-03  -1.6964457e-03
   2.1907405e-04  -7.4107969e-04  -1.1065440e-03  -1.4337219e-03
   3.9524123e-04  -6.3996024e-04  -9.3788814e-04  -1.5575774e-03
   3.7650004e-04  -5.1262463e-04  -5.2187024e-04  -1.5650838e-03
  -6.2043804e-05  -6.0625375e-04   1.9772829e-04  -1.6889393e-03
   7.2508618e-04  -7.1111837e-04   3.1016556e-04  -1.8803523e-03
   1.0699241e-03  -7.0362804e-04   8.4611655e-04  -1.5951094e-03
   8.9000865e-04  -6.1748925e-04   1.2321512e-03  -1.6626669e-03
   5.6016370e-04  -6.8490222e-04   1.3146052e-03  -1.8578331e-03
  -2.8693808e-04  -5.5382144e-04   1.4645215e-03  -1.6101221e-03
   5.3392604e-04  -3.9277935e-04   1.3595801e-03  -1.5650838e-03
   8.3003684e-04  -8.6467014e-04   1.5769588e-03  -1.8765991e-03
   4.2906860e-05  -6.4745057e-04   1.6294295e-03  -1.6176285e-03
   2.9029057e-04  -3.7779869e-04   1.4832611e-03  -1.5725902e-03
   8.3753332e-04  -7.3733453e-04   1.4045550e-03  -1.7902756e-03
   6.9510027e-04  -6.0999892e-04   1.2696303e-03  -1.5237986e-03
   1.7034695e-04  -6.8115705e-04   1.4008071e-03  -1.5313050e-03
   1.4410929e-04  -8.0849266e-04   1.2996135e-03  -1.7077053e-03
   1.5910224e-04  -8.5343464e-04   1.0597474e-03  -1.8428204e-03
   3.3901766e-04  -8.0100233e-04   8.1613328e-04  -1.5763434e-03
   5.9764608e-04  -4.6019232e-04   6.5122528e-04  -1.6889393e-03
   1.3661281e-04  -6.6243123e-04   9.6230173e-04  -1.8765991e-03
   1.4036105e-04  -6.8490222e-04   7.3367928e-04  -1.6251349e-03
   5.9389785e-04  -5.8003760e-04   4.0761120e-04  -1.6439009e-03
   5.3017780e-04  -6.8864738e-04   2.9142602e-04  -1.5050326e-03
   9.5382192e-05  -5.6131177e-04   1.6024920e-04  -1.6288881e-03
  -8.8281470e-05  -6.7366672e-04   3.3265302e-04  -1.5463178e-03
   4.7020599e-04  -6.5494090e-04   1.6399711e-04  -1.4074495e-03
   5.8640137e-04  -5.0887946e-04   7.4047295e-05  -1.8127948e-03
   3.5775885e-04  -4.8266331e-04   4.0386329e-04  -1.8991183e-03
   6.1638727e-04  -5.0513430e-04   7.5241882e-04  -1.6551605e-03
   9.7621812e-04  -5.5007628e-04   4.7882147e-04  -1.4900198e-03
   8.9750512e-04  -8.1598299e-04  -3.4642066e-05  -1.5237986e-03
   2.1532581e-04  -8.2347332e-04  -1.3958352e-04  -1.7227181e-03
   6.5396288e-05  -5.1262463e-04  -1.5082725e-04  -1.7640032e-03
   4.0648595e-04  -7.3358936e-04  -2.4827288e-04  -1.6101221e-03
   5.3017780e-04  -8.2347332e-04  -8.3669459e-04  -1.6514073e-03
   4.0273771e-04  -5.0887946e-04  -1.2114855e-03  -1.4337219e-03
   9.9130430e-05  -5.2386012e-04  -8.5168623e-04  -1.6326413e-03
   1.2161986e-04  -8.8714113e-04  -9.1540068e-04  -2.0267270e-03
   6.5396288e-05  -7.0362804e-04  -1.3539060e-03  -1.7001989e-03
   2.4156347e-04  -6.1748925e-04  -1.1815022e-03  -1.7414840e-03
   6.8010732e-04  -6.5119573e-04  -1.0203421e-03  -1.8653395e-03
   4.7020599e-04  -5.1636979e-04  -1.1627627e-03  -2.0454930e-03
   2.9778704e-04  -7.3733453e-04  -1.1627627e-03  -2.0980378e-03
  -9.5684720e-06  -7.2609903e-04  -1.0390817e-03  -1.8615863e-03
  -1.6699447e-04  -7.3358936e-04  -6.5304705e-04  -2.0605058e-03
   1.2920956e-05  -4.7517298e-04  -3.2697897e-04  -2.2669316e-03
  -5.4547328e-05  -3.5907286e-04  -3.7195388e-04  -1.9816886e-03
   2.4156347e-04  -6.3246991e-04  -8.3364883e-05  -1.9554163e-03
   2.6030466e-04  -6.8864738e-04   6.1374619e-04  -2.4095531e-03
   1.4410929e-04  -7.5606035e-04   9.0233518e-04  -2.0004546e-03
  -8.4533232e-05  -5.5382144e-04   8.9483937e-04  -1.7264713e-03
  -1.2201561e-04  -4.8266331e-04   9.1732682e-04  -2.1956209e-03
   1.8908814e-04  -7.4482486e-04   1.3558322e-03  -2.2744380e-03
  -2.8318985e-04  -8.6092497e-04   1.3146052e-03  -2.2519188e-03
  -3.5806138e-05  -6.8490222e-04   7.7490628e-04  -2.2706848e-03
   2.4156347e-04  -6.2872474e-04   1.1946721e-03  -2.1318165e-03
  -2.7569337e-04  -6.4745057e-04   1.2696303e-03  -2.3570083e-03
  -2.1197332e-04  -5.8752793e-04   1.1721846e-03  -2.4733575e-03
  -1.1451914e-04  -6.9988288e-04   1.1759325e-03  -2.0004546e-03
  -1.1077090e-04  -6.8490222e-04   1.0447557e-03  -2.1580889e-03
  -1.7449094e-04  -6.7741189e-04   1.2508907e-03  -2.2669316e-03
  -3.6190284e-04  -7.4857002e-04   1.0035287e-03  -2.3007104e-03
  -1.9323213e-04  -7.9725717e-04   7.4492301e-04  -2.4170595e-03
  -4.7050852e-05  -6.6992156e-04   3.8137583e-04  -2.3007104e-03
  -1.6699447e-04  -4.6393748e-04   3.0641765e-04  -2.5484214e-03
  -1.5200152e-04  -4.9015364e-04   4.1510701e-04  -2.4320723e-03
  -9.5777946e-05  -4.4146649e-04   2.1271993e-04  -2.2969572e-03
   4.6655098e-05  -4.6768265e-04   5.9055659e-05  -2.0042078e-03
  -5.0799090e-05  -6.6617639e-04  -3.2323106e-04  -1.9291439e-03
  -1.9323213e-04  -6.8490222e-04  -2.7076033e-04  -2.1505825e-03
  -6.9540280e-05  -5.9127309e-04  -7.2121156e-05  -2.0192206e-03
  -1.5200152e-04  -4.9015364e-04  -3.9444133e-04  -2.1243101e-03
  -1.9323213e-04  -4.4146649e-04  -6.9052614e-04  -2.0605058e-03
  -1.7074271e-04  -5.8378276e-04  -5.2561815e-04  -1.9854418e-03
   1.6762420e-06  -5.3509562e-04  -5.5934933e-04  -2.0454930e-03
  -2.1946980e-04  -5.0513430e-04  -6.1182005e-04  -2.0942846e-03
  -5.4181827e-04  -7.6355068e-04  -3.4946642e-04  -2.0717654e-03
  -2.1197332e-04  -7.1860870e-04  -5.8183678e-04  -2.0229738e-03
  -2.7194513e-04  -6.6992156e-04  -6.2306378e-04  -2.0642590e-03
  -2.4570747e-04  -8.1223783e-04  -5.8558469e-04  -1.9591695e-03
   2.4165670e-05  -6.3996024e-04  -7.9921550e-04  -2.0417398e-03
  -3.9938522e-04  -6.1374408e-04  -6.9427405e-04  -2.2256465e-03
  -6.6176188e-04  -7.3733453e-04  -6.1182005e-04  -2.0905314e-03
  -5.3057355e-04  -4.4146649e-04  -5.7434096e-04  -1.9704291e-03
  -3.3566518e-04  -5.0138913e-04  -7.3924896e-04  -2.1655953e-03
  -3.0942751e-04  -7.9725717e-04  -7.4299687e-04  -2.2706848e-03
  -5.1932884e-04  -7.8227651e-04  -4.8439115e-04  -2.0042078e-03
  -3.2816870e-04  -7.1860870e-04  -5.2936605e-04  -2.0117142e-03
  -6.3177598e-04  -7.3358936e-04  -5.5185351e-04  -2.0229738e-03
  -9.2039031e-04  -1.0556735e-03  -5.6309724e-04  -1.6326413e-03
  -8.6416674e-04  -9.5455410e-04  -5.9308051e-04  -1.9666759e-03
  -8.3043259e-04  -6.8115705e-04  -6.0432423e-04  -1.9629227e-03
  -4.0688170e-04  -9.3208311e-04  -6.3055960e-04  -1.7302244e-03
  -5.5306298e-04  -8.9463146e-04  -5.9308051e-04  -2.0492462e-03
  -2.3071451e-04  -6.9613771e-04  -3.8694551e-04  -1.9967014e-03
  -1.4450504e-04  -7.9351200e-04  -9.8356519e-05  -2.1580889e-03
  -5.1558060e-04  -7.9725717e-04  -2.7825615e-04  -2.0830250e-03
  -2.7569337e-04  -6.9988288e-04  -2.9699570e-04  -1.9666759e-03
  -4.1437818e-04  -8.8339596e-04  -4.1692878e-04  -1.9028715e-03
  -3.9563699e-04  -8.3845398e-04  -6.5304705e-04  -1.9967014e-03
  -5.1183236e-04  -6.1748925e-04  -3.4197060e-04  -2.0642590e-03
  -6.6176188e-04  -5.2011496e-04  -4.9938278e-04  -1.7790160e-03
  -8.3418083e-04  -5.9876342e-04  -3.1573524e-04  -2.0492462e-03
  -9.5787269e-04  -1.0257122e-03  -2.5202079e-04  -1.8428204e-03
  -7.7046079e-04  -7.5980552e-04  -3.0074361e-04  -1.6326413e-03
  -8.4542555e-04  -4.7891814e-04   4.0761120e-04  -1.7414840e-03
  -5.9429360e-04  -7.0362804e-04   2.8393020e-04  -1.7452372e-03
  -4.8559470e-04  -5.8003760e-04   3.4764465e-04  -1.8916119e-03
  -5.8679712e-04  -6.8490222e-04   9.0983100e-04  -1.7715096e-03
  -6.7300660e-04  -1.0444381e-03   8.4986446e-04  -1.7865224e-03
  -6.9924426e-04  -8.5717981e-04   6.7746064e-04  -1.7564968e-03
  -4.2937113e-04  -7.8227651e-04   6.5497319e-04  -1.6138753e-03
  -3.3941342e-04  -8.4968948e-04   7.3367928e-04  -1.6739265e-03
  -4.3686760e-04  -7.8602167e-04   7.0744392e-04  -1.7114585e-03
  -5.4556651e-04  -1.0032412e-03   3.9261956e-04  -1.5725902e-03
  -4.2187465e-04  -6.0250859e-04   1.0403057e-04  -1.7264713e-03
  -6.2427950e-04  -7.2984420e-04   8.9038931e-05  -2.0192206e-03
  -8.0794317e-04  -1.0406929e-03  -2.3398339e-05  -1.8991183e-03
  -3.3941342e-04  -5.8003760e-04  -3.3072688e-04  -1.9066247e-03
   1.3661281e-04  -6.9613771e-04  -5.5560142e-04  -1.8390672e-03
   1.6669194e-05  -5.3884078e-04  -2.5951661e-04  -1.8390672e-03
  -3.3941342e-04  -4.2648583e-04  -3.8389975e-05  -1.9967014e-03
  -3.3191694e-04  -5.6505694e-04  -2.5202079e-04  -2.0454930e-03
  -3.7314756e-04  -5.9501826e-04  -3.6445806e-04  -2.1618421e-03
  -5.0799090e-05  -5.9501826e-04  -3.7195388e-04  -1.8953651e-03
  -2.5695218e-04  -4.6768265e-04  -4.4316415e-04  -2.0529994e-03
  -4.7060175e-04  -7.2235387e-04  -7.7672805e-04  -2.1318165e-03
   7.6641002e-05  -7.1486354e-04  -7.1301360e-04  -1.8278076e-03
  -1.8573566e-04  -5.8003760e-04  -4.0568506e-04  -2.0717654e-03
  -3.7689580e-04  -6.8115705e-04  -3.6071015e-04  -2.1130505e-03
  -2.7194513e-04  -6.8115705e-04  -3.7195388e-04  -2.1543357e-03
  -1.6699447e-04  -6.1374408e-04  -3.6445806e-04  -2.0417398e-03
   7.6641002e-05  -6.2497958e-04  -3.1198733e-04  -2.0942846e-03
  -3.5806138e-05  -8.1972816e-04  -2.5951661e-04  -2.4057999e-03
  -2.6819689e-04  -9.1710245e-04  -1.5832306e-04  -2.4395787e-03
  -2.7194513e-04  -8.1223783e-04  -2.4077706e-04  -2.5822002e-03
  -2.0072861e-04  -9.0212179e-04  -1.6207097e-04  -2.3607615e-03
  -1.0702266e-04  -9.7702509e-04  -3.3072688e-04  -2.3382424e-03
  -8.0784994e-05  -7.2609903e-04  -3.6071015e-04  -2.3044636e-03
