  -1.9698037e-04  -5.2386012e-04  -9.0860701e-05  -1.7339776e-03
  -9.2029708e-05  -7.2235387e-04  -1.6956679e-04  -1.7339776e-03
  -6.5792042e-05  -6.0999892e-04   2.1576569e-05  -1.9366503e-03
  -1.3316710e-05  -4.7142781e-04  -3.8389975e-05  -1.8165480e-03
  -1.7074271e-04  -5.5756661e-04  -7.2121156e-05  -1.8127948e-03
  -2.3071451e-04  -5.0887946e-04   2.9072387e-05  -1.8578331e-03
  -1.4075680e-04  -6.3621507e-04  -4.9633702e-05  -1.7902756e-03
  -9.9526184e-05  -7.7104101e-04  -4.2137884e-05  -1.6626669e-03
  -2.1946980e-04  -6.0250859e-04  -1.8830634e-04  -1.4637475e-03
  -2.5695218e-04  -5.3509562e-04  -1.6581888e-04  -1.7114585e-03
  -5.8202340e-06  -6.6617639e-04   1.2651802e-04  -1.7902756e-03
  -1.1826737e-04  -9.5080893e-04   5.1559841e-05  -1.5650838e-03
   1.6762420e-06  -6.1374408e-04  -3.1948315e-04  -1.3361388e-03
   7.2892764e-05  -2.0177593e-04  -3.1948315e-04  -1.4787603e-03
  -4.3302614e-05  -4.0401484e-04   6.2803568e-05  -1.5538242e-03
  -1.4075680e-04  -5.0887946e-04   2.5394693e-04  -1.5650838e-03
  -3.6565108e-04  -6.6992156e-04   2.0897202e-04  -1.6626669e-03
  -8.8281470e-05  -5.7629243e-04   3.6568205e-05  -1.4524879e-03
  -6.2043804e-05  -4.2274067e-04  -1.4707934e-04  -1.6776797e-03
   1.6762420e-06  -3.3285671e-04  -1.4333143e-04  -1.7227181e-03
   3.1662146e-05  -4.3772133e-04  -5.3381611e-05  -1.4787603e-03
  -2.6444866e-04  -6.7366672e-04   1.6774502e-04  -1.4262155e-03
  -1.7064948e-05  -4.1150517e-04   1.4525757e-04  -1.4900198e-03
   5.0403336e-05  -4.1150517e-04  -8.3364883e-05  -1.7302244e-03
   4.6655098e-05  -5.7629243e-04  -1.1334816e-04  -1.8052884e-03
   2.6780114e-04  -5.0513430e-04  -1.5082725e-04  -1.6926925e-03
   1.4410929e-04  -3.1413088e-04  -1.7706261e-04  -1.4862666e-03
   1.4785752e-04  -2.7293407e-04  -1.6956679e-04  -1.5313050e-03
  -6.5792042e-05  -6.0625375e-04   1.9398038e-04  -1.6439009e-03
  -3.7689580e-04  -6.5868606e-04   2.3145947e-04  -1.6589137e-03
  -5.8202340e-06  -7.5606035e-04  -6.4625338e-05  -1.7152117e-03
   5.0403336e-05  -6.7741189e-04   1.7898875e-04  -1.7677564e-03
  -2.0719960e-06  -3.9277935e-04  -2.7146248e-05  -1.8653395e-03
   1.2920956e-05  -4.1150517e-04  -1.3583561e-04  -1.7527436e-03
  -2.6070042e-04  -5.2386012e-04   1.1902220e-04  -1.6776797e-03
  -5.8295566e-05  -6.9239255e-04  -9.1088500e-07  -1.8953651e-03
  -6.9540280e-05  -4.2648583e-04   2.1576569e-05  -1.8803523e-03
  -1.2576385e-04  -6.2872474e-04   1.0028266e-04  -1.6326413e-03
  -2.0719960e-06  -6.8115705e-04  -1.9650430e-05  -1.9591695e-03
  -2.1572156e-04  -4.9389880e-04  -3.8389975e-05  -1.9967014e-03
  -1.3316710e-05  -8.4219915e-04   9.6534749e-05  -1.5613306e-03
  -8.8281470e-05  -5.1636979e-04   6.6551477e-05  -1.9141311e-03
  -3.3941342e-04  -5.5382144e-04   1.5275338e-04  -2.0417398e-03
  -1.5200152e-04  -7.5980552e-04   4.0316114e-05  -1.8578331e-03
  -1.4450504e-04  -7.6355068e-04  -4.5885793e-05  -2.0267270e-03
  -1.4075680e-04  -5.6505694e-04   2.7643438e-04  -1.9178843e-03
   5.4244800e-06  -1.9428560e-04   1.1152638e-04  -1.8653395e-03
  -5.8202340e-06  -5.5382144e-04   1.3026593e-04  -1.8315608e-03
  -1.7074271e-04  -4.9389880e-04   7.0299386e-05  -1.7715096e-03
  -3.5806138e-05  -5.6505694e-04  -1.5832306e-04  -1.8540799e-03
   1.3286457e-04  -6.9988288e-04   1.9398038e-04  -1.5613306e-03
   2.0033286e-04  -2.2424692e-04   1.0028266e-04  -1.6439009e-03
   1.3661281e-04  -2.7293407e-04   1.1902220e-04  -1.7902756e-03
  -9.5777946e-05  -2.3922758e-04   2.8767811e-04  -1.3549047e-03
   8.4137478e-05  -2.3548242e-04  -1.9650430e-05  -1.4412283e-03
   1.4785752e-04  -4.3397616e-04   1.0028266e-04  -1.6776797e-03
   7.2892764e-05  -2.6918890e-04   2.5394693e-04  -1.6851861e-03
   1.8159167e-04  -3.8528902e-04  -7.5869065e-05  -1.7077053e-03
   1.8533990e-04  -4.6019232e-04  -1.9955006e-04  -1.7564968e-03
   2.4531171e-04  -4.7891814e-04   5.5307750e-05  -1.6026158e-03
  -2.8309662e-05  -5.3884078e-04   7.0299386e-05  -1.4599943e-03
  -2.7569337e-04  -4.2274067e-04   1.8648456e-04  -1.6026158e-03
  -6.5792042e-05  -5.0513430e-04   3.4389674e-04  -1.4900198e-03
   9.1633954e-05  -3.8154385e-04  -3.0894157e-05  -1.6026158e-03
   1.4036105e-04  -2.5795341e-04  -2.1079379e-04  -1.7264713e-03
  -2.0719960e-06  -3.2911154e-04  -2.5202079e-04  -1.5838498e-03
  -9.5777946e-05  -3.1038572e-04  -1.8081052e-04  -1.5125390e-03
  -5.0799090e-05  -4.4895682e-04   7.0299386e-05  -1.5650838e-03
  -1.2951209e-04  -4.1150517e-04   1.2277011e-04  -1.7114585e-03
  -2.1197332e-04  -5.1636979e-04   2.1271993e-04  -1.5388114e-03
  -1.2951209e-04  -7.5231519e-04   1.2651802e-04  -1.5800966e-03
   9.1727180e-06  -5.9127309e-04  -5.3381611e-05  -1.9028715e-03
  -5.0799090e-05  -5.5756661e-04  -1.7706261e-04  -1.7452372e-03
  -1.1077090e-04  -4.0776001e-04  -1.8455843e-04  -1.6664201e-03
  -5.0799090e-05  -3.4409220e-04   4.4064023e-05  -1.6288881e-03
  -1.1451914e-04  -6.8115705e-04   1.1152638e-04  -1.6776797e-03
  -8.4533232e-05  -6.9613771e-04  -9.8356519e-05  -1.9291439e-03
   1.0287867e-04  -6.8115705e-04  -3.0074361e-04  -1.5388114e-03
  -2.0072861e-04  -6.6617639e-04  -1.1709606e-04  -1.7414840e-03
  -3.0942751e-04  -4.2648583e-04  -1.0960025e-04  -1.9141311e-03
   8.4137478e-05  -6.2872474e-04  -1.6956679e-04  -1.5388114e-03
  -1.6324623e-04  -7.0737321e-04   5.1559841e-05  -1.8090416e-03
  -2.9068632e-04  -4.5270199e-04  -1.0210443e-04  -1.8390672e-03
  -6.2043804e-05  -7.2609903e-04  -8.7112792e-05  -1.6138753e-03
  -2.2321804e-04  -7.9725717e-04  -1.2459188e-04  -1.5425646e-03
  -3.1317575e-04  -6.1748925e-04  -2.3702915e-04  -1.9103779e-03
  -1.1077090e-04  -6.5494090e-04   4.7811932e-05  -2.0567526e-03
  -1.7074271e-04  -5.7629243e-04  -4.5885793e-05  -1.6701733e-03
  -3.6190284e-04  -5.7629243e-04  -1.9580215e-04  -1.7152117e-03
  -1.0327442e-04  -5.9127309e-04  -1.6956679e-04  -1.7640032e-03
  -1.8573566e-04  -6.5868606e-04  -9.4608610e-05  -1.6551605e-03
  -4.7050852e-05  -6.2123441e-04  -5.7129520e-05  -1.6664201e-03
   1.2911633e-04  -6.1374408e-04  -1.9650430e-05  -1.6213817e-03
  -9.5777946e-05  -6.0999892e-04   1.7828660e-05  -1.5800966e-03
  -3.9554376e-05  -4.6768265e-04  -1.5902521e-05  -1.6964457e-03
  -2.3071451e-04  -7.0737321e-04   1.9023247e-04  -1.6363945e-03
   1.6669194e-05  -4.7142781e-04   1.6024920e-04  -1.5500710e-03
   5.7899812e-05  -4.2648583e-04   2.5019902e-04  -1.6514073e-03
  -2.0447685e-04  -7.5980552e-04   3.9636747e-04  -1.5838498e-03
  -1.2201561e-04  -4.6019232e-04  -1.9650430e-05  -1.5951094e-03
  -1.6324623e-04  -4.4146649e-04  -1.7331470e-04  -1.6401477e-03
   8.4137478e-05  -4.0026968e-04  -1.4707934e-04  -1.7489904e-03
   3.1662146e-05  -6.0625375e-04  -3.0074361e-04  -1.6326413e-03
  -5.4547328e-05  -5.9876342e-04  -2.2203752e-04  -1.4599943e-03
   4.6655098e-05  -3.2536638e-04   1.6024920e-04  -1.7414840e-03
  -1.7823918e-04  -8.2721849e-04   3.0641765e-04  -1.5313050e-03
  -8.4533232e-05  -5.5756661e-04   3.5888838e-04  -1.3736707e-03
  -4.3302614e-05  -4.0026968e-04  -4.6587940e-06  -1.8315608e-03
  -6.5792042e-05  -6.6992156e-04  -4.2442460e-04  -1.9066247e-03
   2.0782933e-04  -2.8042440e-04  -4.5885793e-05  -1.7752628e-03
  -7.7036756e-05  -3.8903418e-04  -2.2953333e-04  -1.8165480e-03
  -2.1946980e-04  -5.7629243e-04   5.1559841e-05  -1.6101221e-03
  -1.3316710e-05  -5.3135045e-04   3.5514047e-04  -1.6326413e-03
  -2.1197332e-04  -5.8003760e-04  -6.8373247e-05  -1.9591695e-03
  -1.7449094e-04  -6.6617639e-04   1.3401384e-04  -1.7189649e-03
   3.5410384e-05  -6.6992156e-04  -1.7331470e-04  -1.6814329e-03
   7.6641002e-05  -3.5158253e-04  -5.3381611e-05  -1.8278076e-03
   6.1648050e-05  -5.3509562e-04   1.4080751e-05  -1.6664201e-03
  -3.9554376e-05  -7.4107969e-04  -3.0449151e-04  -1.8428204e-03
  -9.5777946e-05  -5.0887946e-04   1.1527429e-04  -1.9328971e-03
  -3.5806138e-05  -5.9876342e-04  -6.0877429e-05  -1.7902756e-03
  -2.0719960e-06  -5.3884078e-04   5.1559841e-05  -1.8127948e-03
   3.5410384e-05  -5.8378276e-04   1.3776175e-04  -1.8165480e-03
  -8.4533232e-05  -7.2235387e-04  -2.5576870e-04  -1.7414840e-03
  -5.0799090e-05  -4.9389880e-04  -9.8356519e-05  -1.8240544e-03
   1.8159167e-04  -4.8266331e-04   4.0316114e-05  -1.6589137e-03
  -5.4547328e-05  -6.0250859e-04  -6.8373247e-05  -1.5313050e-03
  -1.1077090e-04  -6.0625375e-04  -1.2833979e-04  -1.9666759e-03
  -1.8198742e-04  -5.6880210e-04   6.6551477e-05  -1.8690927e-03
  -2.1197332e-04  -6.8115705e-04  -1.6956679e-04  -1.6288881e-03
   1.7034695e-04  -5.0513430e-04  -9.4608610e-05  -2.0042078e-03
  -1.7064948e-05  -2.6544374e-04   3.5139256e-04  -1.8878587e-03
  -1.0702266e-04  -5.0513430e-04   2.1271993e-04  -1.5688370e-03
   1.5160576e-04  -5.9127309e-04   2.6519065e-04  -1.6514073e-03
   3.9158622e-05  -5.1636979e-04   1.5650129e-04  -1.6326413e-03
  -2.8309662e-05  -3.2536638e-04  -3.0894157e-05  -1.5876030e-03
   1.3286457e-04  -2.6544374e-04  -1.0960025e-04  -1.5200454e-03
   2.7904585e-04  -5.5756661e-04   1.8648456e-04  -1.6701733e-03
   1.6659871e-04  -5.0138913e-04   1.1527429e-04  -1.8540799e-03
  -5.8295566e-05  -2.5795341e-04  -2.4077706e-04  -1.4750071e-03
  -6.2043804e-05  -4.2648583e-04   4.1510701e-04  -1.2835940e-03
   4.2906860e-05  -5.7629243e-04   4.4509029e-04  -1.6026158e-03
   1.0287867e-04  -4.8266331e-04   1.5650129e-04  -1.6701733e-03
  -1.5574975e-04  -7.3733453e-04   1.6774502e-04  -1.6851861e-03
  -8.0784994e-05  -6.3996024e-04   8.5291022e-05  -1.7414840e-03
   2.4905995e-04  -3.5907286e-04  -9.8356519e-05  -1.4599943e-03
   1.0662691e-04  -4.0026968e-04  -1.6207097e-04  -1.6026158e-03
  -5.8202340e-06  -2.3548242e-04   1.7828660e-05  -1.7790160e-03
  -2.4945570e-04  -4.0776001e-04  -6.0877429e-05  -1.6476541e-03
  -9.9526184e-05  -5.6880210e-04   2.0147620e-04  -1.6814329e-03
   5.7899812e-05  -7.0737321e-04   3.7388001e-04  -1.6626669e-03
  -1.5200152e-04  -5.9127309e-04   1.6774502e-04  -1.7865224e-03
   1.2161986e-04  -3.0289539e-04  -3.4642066e-05  -1.6626669e-03
   4.6655098e-05  -4.2274067e-04  -3.7944969e-04  -1.6514073e-03
   4.2906860e-05  -4.6393748e-04  -2.3328124e-04  -1.7752628e-03
   8.7885716e-05  -5.0138913e-04  -9.4608610e-05  -1.7039521e-03
  -1.2576385e-04  -6.0999892e-04  -6.4625338e-05  -1.7715096e-03
   3.5410384e-05  -6.1374408e-04  -4.6587940e-06  -1.8203012e-03
  -2.0822509e-04  -4.4146649e-04  -4.3941624e-04  -1.9328971e-03
  -9.9526184e-05  -5.9127309e-04   2.6938357e-03  -1.4937730e-03
   3.1278000e-04  -8.3845398e-04   5.8158439e-03  -1.4712539e-03
   1.7409519e-04  -6.9988288e-04   4.0018559e-03  -1.7489904e-03
   2.4165670e-05  -4.8640847e-04   2.8849790e-03  -1.4825134e-03
  -3.3566518e-04  -5.8378276e-04   3.1810639e-03  -1.5688370e-03
  -3.5440637e-04  -8.2721849e-04   3.9044103e-03  -1.4524879e-03
  -2.4945570e-04  -7.8602167e-04   5.2011868e-03  -1.4900198e-03
  -2.6819689e-04  -6.7741189e-04   7.1088725e-03  -1.5350582e-03
  -1.3326033e-04  -6.3996024e-04   9.4175844e-03  -1.3436452e-03
  -2.7944161e-04  -6.0625375e-04   1.1115387e-02  -1.3586579e-03
  -7.5546783e-04  -6.0250859e-04   1.0575688e-02  -1.2010237e-03
  -1.5763320e-03  -7.0737321e-04   9.0240540e-03  -1.0809214e-03
  -8.8665616e-04  -6.1374408e-04   9.8485940e-03  -1.3473984e-03
  -7.9669845e-04  -6.0250859e-04   9.5112822e-03  -1.4675007e-03
  -2.2360218e-03  -6.0250859e-04   7.4236968e-03  -1.0996874e-03
  -1.6475485e-03  -1.2687263e-04   7.9071771e-03  -1.1184533e-03
  -1.2839694e-03  -3.4034704e-04   1.1104143e-02  -9.1578070e-04
  -1.8274639e-03  -6.5494090e-04   1.1568884e-02  -8.0693799e-04
  -3.1243543e-03  -3.6656319e-04   8.3156992e-03  -1.0058574e-03
  -4.2225880e-03  -6.3996024e-04   5.9170374e-03  -5.1418862e-04
  -3.9414701e-03  -8.4219915e-04   3.3497198e-03  -8.9701471e-04
  -3.1393472e-03  -6.6992156e-04  -3.2728354e-03  -1.4187091e-03
  -3.0044106e-03  -6.0999892e-04  -1.5378582e-02  -1.5725902e-03
  -7.6934564e-03  -5.8752793e-04  -3.0568857e-02  -1.8278076e-03
  -9.4438835e-03  -9.1710245e-04  -4.1891290e-02  -1.8841055e-03
  -5.8980504e-03  -1.5537805e-03  -4.6872261e-02  -2.8336644e-03
  -7.0000323e-03  -1.5612708e-03  -4.9499545e-02  -3.2127373e-03
  -8.4131181e-03  -1.2316963e-03  -4.7277035e-02  -3.0213242e-03
  -5.4482618e-03  -1.1717737e-03  -3.8971669e-02  -3.3853843e-03
  -2.6483280e-03  -1.0219671e-03  -2.9654367e-02  -3.0025582e-03
  -9.0914559e-04  -1.0669090e-03  -1.9062776e-02  -2.3082168e-03
   7.7381327e-04  -1.3964836e-03  -7.1106943e-03  -2.2406592e-03
   1.9732494e-03  -1.4039739e-03   4.6015214e-03  -2.5071362e-03
   4.1434792e-03  -1.3103448e-03   1.3817630e-02  -2.3570083e-03
   5.2716989e-03  -8.7590563e-04   1.9720586e-02  -1.4825134e-03
   8.6076307e-03   7.0829916e-04   2.7572456e-02  -1.2160365e-03
   1.3165488e-02   4.9482476e-04   3.3943901e-02  -1.3511516e-03
   1.0616686e-02  -7.3358936e-04   3.5525519e-02  -9.9835103e-04
   7.0371190e-03  -4.9389880e-04   3.7084649e-02  -1.6363945e-03
   6.3811773e-03  -2.6918890e-04   3.5982763e-02  -2.1956209e-03
   7.7005571e-03  -9.6204443e-04   2.9926142e-02  -1.7527436e-03
   7.1495661e-03  -8.1598299e-04   2.2756393e-02  -1.3248792e-03
   5.7327321e-03  -8.9837662e-04   1.6103854e-02  -8.7824873e-04
   1.0287867e-04  -4.1304540e-03   1.0163418e-02  -1.4712539e-03
  -8.1170073e-03  -9.0961212e-04   5.0587663e-03  -2.1580889e-03
   1.4709855e-03   4.2362446e-03  -2.0060422e-03  -2.0605058e-03
   1.8244351e-02   3.5284084e-03  -9.6367849e-03  -1.5650838e-03
   1.8101918e-02   3.8504926e-03  -1.5172447e-02  -1.7640089e-04
  -2.6819689e-04   1.9554391e-03  -1.1623177e-02  -9.1953390e-04
  -1.4623948e-02  -5.6505694e-04  -2.6919095e-03  -3.4529419e-03
  -1.0905696e-02  -2.3552458e-03  -4.5358808e-03  -3.7231721e-03
  -2.3071451e-04  -3.9619216e-03  -1.2957432e-02  -2.1468293e-03
   3.5175235e-03  -3.1716918e-03  -1.7900924e-02  -1.1484789e-03
  -2.6633210e-03  -1.1380672e-03  -1.3763233e-02  -2.6647705e-03
  -5.0359556e-03   1.2026609e-03  -1.2177867e-02  -3.8245084e-03
   2.4680168e-03   1.9367133e-03  -1.8391900e-02  -2.5033830e-03
   9.6646338e-03   1.6932776e-03  -2.2098582e-02  -1.0096106e-03
   3.9785568e-03   9.6671555e-04  -1.8391900e-02  -9.7207866e-04
  -8.3269086e-03  -2.9498340e-05  -8.6623286e-03  -2.4921234e-03
  -1.0231013e-02  -1.4039739e-03  -6.6197182e-03  -2.6535109e-03
  -7.3297841e-04  -2.7297623e-03  -7.6578890e-03  -2.0004546e-03
   4.5445407e-03  -3.0555917e-03  -5.7502033e-03  -2.2406592e-03
  -2.0785958e-03  -1.8758647e-03  -1.2826958e-03  -2.2744380e-03
  -6.6889286e-03  -3.1413088e-04   2.0491953e-03  -2.5709406e-03
   6.5761789e-04   5.7721839e-04   6.6996483e-04  -1.9216375e-03
   9.9944788e-03   9.5548005e-04  -7.0926569e-04  -5.7423977e-04
   6.9321683e-03   5.3976674e-04   9.8478918e-04  -7.1686126e-04
  -2.7307893e-03   5.8845388e-04   8.1507912e-03  -1.6476541e-03
  -4.0389243e-03  -3.9652451e-04   1.2292231e-02  -2.1993741e-03
   1.8608023e-03  -1.8646292e-03   1.0714361e-02  -1.7790160e-03
   3.9035920e-03  -2.0631229e-03   8.9341042e-03  -1.0621554e-03
  -2.0822509e-04  -1.5050934e-03   1.1107891e-02  -1.8465736e-03
  -3.2330532e-03  -7.0695155e-05   1.2104835e-02  -2.8148984e-03
   6.9884851e-04   6.9706367e-04   6.7378295e-03  -1.7640032e-03
   7.6105994e-03   6.5212169e-04   1.8205729e-03  -5.5922698e-04
   7.3144886e-03   3.0756651e-04   1.8580520e-03  -6.0801855e-04
  -6.2053127e-04  -1.6432428e-04   4.9950518e-03  -1.3586579e-03
  -5.5269748e-03  -4.9389880e-04   4.4628487e-03  -1.7189649e-03
  -1.7225132e-03  -1.3215803e-03   7.7865419e-04  -9.1202750e-04
   3.6449636e-03  -1.8721195e-03  -6.6429078e-04  -1.0508958e-03
   1.8720470e-03  -1.3328158e-03  -4.3941624e-04  -1.9704291e-03
  -3.8477642e-03  -4.4895682e-04  -4.3941624e-04  -2.1130505e-03
  -3.0006624e-03   3.0424300e-05  -1.5263098e-03  -1.9891950e-03
   3.2513986e-03  -1.2312747e-04  -3.5464328e-03  -1.7302244e-03
   4.6532396e-03  -4.1525034e-04  -5.4241352e-03  -1.6251349e-03
  -1.0740681e-03  -5.2011496e-04  -5.3004542e-03  -1.6701733e-03
  -5.3508076e-03  -6.5119573e-04  -3.8050385e-03  -1.8916119e-03
  -2.3559655e-03  -1.3290706e-03  -4.0149214e-03  -1.9291439e-03
   2.1081860e-03  -1.6811161e-03  -5.7202200e-03  -1.4449815e-03
   1.6284115e-03  -9.9200575e-04  -6.2486752e-03  -1.4487347e-03
  -2.6558245e-03  -5.2386012e-04  -4.2397960e-03  -2.2669316e-03
  -3.7128276e-03  -2.2050176e-04  -2.8793050e-03  -2.5859534e-03
  -1.2951209e-04  -3.1787605e-04  -4.7232762e-03  -2.1993741e-03
   2.1119342e-03  -7.9351200e-04  -6.0238006e-03  -1.7377308e-03
   2.7154938e-04  -7.9351200e-04  -4.0598963e-03  -1.7677564e-03
  -3.2967732e-03  -5.5382144e-04  -1.2227292e-03  -2.5859534e-03
  -3.0643824e-03  -6.9613771e-04  -1.6424950e-03  -2.3682679e-03
   5.9389785e-04  -1.0631639e-03  -3.3852727e-03  -1.4487347e-03
   2.0332212e-03  -9.0586695e-04  -2.5232536e-03  -1.1522321e-03
   3.3152119e-04  -4.4895682e-04  -1.9955006e-04  -1.5650838e-03
  -1.7599956e-03  -1.8262845e-05   1.1984200e-03  -2.1918677e-03
  -5.5681122e-04  -2.8791473e-04   1.1534451e-03  -1.8090416e-03
   1.6583974e-03  -9.5829926e-04   1.5844546e-03  -1.4975262e-03
   8.0754741e-04  -6.6992156e-04   2.7875334e-03  -1.6326413e-03
  -9.2039031e-04  -2.9165989e-04   3.9456373e-03  -1.7752628e-03
  -7.2923017e-04  -6.0250859e-04   3.6533004e-03  -1.7489904e-03
   1.5122162e-03  -7.9351200e-04   2.3040532e-03  -1.2235429e-03
   2.4042968e-03  -7.2984420e-04   2.3265406e-03  -1.3361388e-03
   7.0634499e-04  -3.9277935e-04   3.1061057e-03  -1.4562411e-03
  -4.7809822e-04  -2.9165989e-04   3.6083255e-03  -1.2085301e-03
   2.3781524e-04  -5.3884078e-04   3.4808966e-03  -1.5575774e-03
   9.7621812e-04  -6.0625375e-04   2.7238190e-03  -1.5237986e-03
   1.6659871e-04  -5.8752793e-04   2.5664068e-03  -1.4937730e-03
  -8.1543964e-04  -2.3922758e-04   2.7912813e-03  -1.9404035e-03
  -5.8304889e-04  -4.1899550e-04   1.9105227e-03  -1.9967014e-03
   3.9898947e-04  -7.4482486e-04   5.4628383e-04  -1.6401477e-03
   5.3392604e-04  -5.6131177e-04  -2.3398339e-05  -1.2197897e-03
  -2.1946980e-04  -3.4409220e-04   2.2021575e-04  -1.5237986e-03
  -6.5426541e-04  -1.8679527e-04   4.6757774e-04  -1.6926925e-03
  -6.9924426e-04  -5.5007628e-04  -1.9205424e-04  -1.5087858e-03
  -5.4181827e-04  -5.8378276e-04  -5.2187024e-04  -1.8728459e-03
  -7.0674074e-04  -5.9501826e-04   5.5003174e-04  -1.9816886e-03
  -1.6925273e-03  -6.0250859e-04   7.9364582e-04  -2.1243101e-03
  -1.8162192e-03  -3.8903418e-04  -3.4571851e-04  -1.9779355e-03
  -5.0433589e-04  -6.3996024e-04  -1.2077376e-03  -1.4900198e-03
  -1.2576385e-04  -3.8903418e-04  -1.2564604e-03  -1.7715096e-03
  -8.1918788e-04  -1.9428560e-04  -7.0176987e-04  -1.8165480e-03
  -1.2277458e-03  -4.3023100e-04  -6.9427405e-04  -1.6476541e-03
  -9.5037621e-04  -4.6019232e-04  -6.0057633e-04  -1.7902756e-03
  -4.2937113e-04  -5.9127309e-04  -6.0877429e-05  -1.8991183e-03
  -8.1543964e-04  -7.7478618e-04   7.0299386e-05  -1.9854418e-03
  -1.1527811e-03  -5.4633111e-04   6.0250246e-04  -2.0154674e-03
  -9.3913150e-04  -5.6880210e-04   9.5105800e-04  -2.0680122e-03
  -4.8934294e-04  -7.4482486e-04   5.5752756e-04  -1.8540799e-03
   6.1648050e-05  -4.1150517e-04   5.0880474e-04  -1.6551605e-03
  -3.6190284e-04  -2.9915022e-04   7.9364582e-04  -1.6288881e-03
  -4.3686760e-04  -3.5532770e-04   1.2321512e-03  -1.5913562e-03
  -2.0447685e-04  -7.3358936e-04   1.6519170e-03  -1.4900198e-03
  -4.0688170e-04  -8.9088629e-04   1.5732109e-03  -1.3961899e-03
  -2.1946980e-04  -7.4107969e-04   1.6744044e-03  -1.5763434e-03
  -5.6055946e-04  -7.2609903e-04   1.9892288e-03  -1.6739265e-03
  -4.2562289e-04  -6.5494090e-04   1.7118835e-03  -1.6664201e-03
   1.7034695e-04  -5.1636979e-04   1.0410078e-03  -1.4374751e-03
   1.3661281e-04  -9.3166145e-05   9.5480591e-04  -1.3398920e-03
   1.5910224e-04  -2.4671791e-04   1.5020006e-03  -1.4412283e-03
  -3.5815461e-04  -3.7779869e-04   1.6219337e-03  -1.5538242e-03
  -5.8679712e-04  -4.2274067e-04   1.7118835e-03  -1.7715096e-03
  -3.8814051e-04  -6.7366672e-04   1.3820675e-03  -1.6889393e-03
  -6.9174779e-04  -5.5756661e-04   7.9739373e-04  -1.6964457e-03
  -6.2053127e-04  -5.4633111e-04   8.7984773e-04  -1.5725902e-03
  -5.6055946e-04  -5.0887946e-04   4.1885492e-04  -1.3849303e-03
  -7.8920198e-04  -8.2721849e-04   1.4080751e-05  -1.0846746e-03
  -9.3538326e-04  -1.2391866e-03   1.4080751e-05  -9.3454669e-04
  -8.9415264e-04  -1.0219671e-03   1.6399711e-04  -1.3736707e-03
  -4.5560879e-04  -6.5868606e-04   1.6774502e-04  -1.3248792e-03
  -6.5051717e-04  -6.9988288e-04  -2.6326452e-04  -1.3999431e-03
  -1.3476894e-03  -9.0586695e-04   4.7811932e-05  -1.6776797e-03
  -1.3776753e-03  -9.3208311e-04   6.7746064e-04  -1.8653395e-03
  -1.4601366e-03  -9.9575091e-04   1.0372599e-03  -2.1881145e-03
  -1.2689764e-03  -9.8077025e-04   5.3504010e-04  -1.8991183e-03
  -6.5426541e-04  -8.6467014e-04  -5.1062651e-04  -1.6514073e-03
  -5.8679712e-04  -6.3996024e-04  -2.8575197e-04  -1.8578331e-03
  -5.9054536e-04  -5.3884078e-04  -3.0894157e-05  -1.7527436e-03
  -9.2039031e-04  -4.4521166e-04  -6.9802196e-04  -1.3736707e-03
  -6.9924426e-04  -1.1563714e-04  -3.8694551e-04  -1.5913562e-03
   1.3286457e-04  -1.7555978e-04   4.9006519e-04  -2.0229738e-03
  -3.9188875e-04  -4.9389880e-04   6.0625037e-04  -2.0454930e-03
  -1.4413954e-03  -4.1525034e-04   4.9756101e-04  -1.9591695e-03
  -1.1940117e-03  -4.6393748e-04   3.7013211e-04  -1.8203012e-03
  -1.7449094e-04  -7.1486354e-04   5.0880474e-04  -1.7902756e-03
  -2.6444866e-04  -5.5382144e-04   8.0488955e-04  -1.6026158e-03
  -6.6925836e-04  -7.5231519e-04   5.0130892e-04  -1.4487347e-03
  -2.7569337e-04  -7.4482486e-04   2.6893856e-04  -1.4187091e-03
  -2.4561424e-05  -6.7366672e-04   3.7388001e-04  -1.1935173e-03
  -1.7823918e-04  -6.5494090e-04   2.5019902e-04  -1.0921810e-03
  -3.9938522e-04  -3.7405352e-04   8.0488955e-04  -1.4487347e-03
  -1.1451914e-04  -8.4219915e-04   1.9142706e-03  -1.9666759e-03
   2.4165670e-05  -9.9949608e-04   2.0641870e-03  -1.8841055e-03
  -5.5681122e-04  -1.1567930e-03   1.5694630e-03  -1.7189649e-03
  -7.0299250e-04  -8.9837662e-04   1.3745717e-03  -1.7414840e-03
   8.4137478e-05  -4.5270199e-04   1.0147725e-03  -1.4937730e-03
   8.2254036e-04  -7.4482486e-04   2.9072387e-05  -1.0171170e-03
   4.7020599e-04  -3.8903418e-04  -5.5185351e-04  -8.0693799e-04
   2.4156347e-04  -1.0065648e-04  -2.2953333e-04  -1.2498152e-03
   5.8640137e-04  -8.1930650e-05   3.6263629e-04  -1.8015352e-03
   6.3138023e-04  -1.8305011e-04   2.6144274e-04  -2.1168037e-03
   5.0768837e-04  -3.9652451e-04   3.2820296e-05  -1.7677564e-03
  -4.1812641e-04  -6.8490222e-04   4.3009865e-04  -1.6739265e-03
  -1.2052564e-03  -8.2721849e-04   7.7795204e-05  -2.1092973e-03
  -5.5681122e-04  -4.3772133e-04  -7.3550105e-04  -1.8803523e-03
   2.8654233e-04  -3.9277935e-04  -1.4588475e-03  -1.6288881e-03
   4.7395423e-04  -3.6281803e-04  -1.6912178e-03  -1.5876030e-03
   3.9524123e-04  -3.0289539e-04  -1.0465775e-03  -1.6176285e-03
  -2.4945570e-04  -4.9764397e-04  -5.8933260e-04  -1.5613306e-03
  -4.9683941e-04  -6.5868606e-04  -4.9938278e-04  -1.7001989e-03
  -1.1451914e-04  -9.8451542e-04  -7.6548432e-04  -1.8765991e-03
  -6.0928655e-04  -1.1904995e-03  -9.5662768e-04  -1.6739265e-03
  -5.0058765e-04  -8.3096365e-04  -7.5424059e-04  -1.7902756e-03
   6.9144526e-05  -4.8266331e-04  -5.0687860e-04  -1.7001989e-03
   3.9898947e-04  -5.8003760e-04  -3.7570179e-04  -1.7564968e-03
   5.2268132e-04  -6.2123441e-04  -1.2459188e-04  -1.8353140e-03
  -1.0327442e-04  -6.6243123e-04   2.5324478e-05  -1.7414840e-03
  -3.7314756e-04  -5.5756661e-04  -5.3381611e-05  -1.8728459e-03
  -1.7449094e-04  -4.1525034e-04   1.5275338e-04  -1.7715096e-03
   4.2522714e-04  -6.1374408e-04   1.1902220e-04  -1.8540799e-03
   5.6766018e-04  -4.2648583e-04   2.1271993e-04  -1.7189649e-03
   4.7770247e-04  -4.0026968e-04   5.4253592e-04  -1.8916119e-03
   7.4382737e-04  -5.6880210e-04   6.8495646e-04  -1.9779355e-03
   1.1787162e-04  -7.8185485e-05   5.5377965e-04  -1.6176285e-03
  -2.0447685e-04  -2.6918890e-04   7.4047295e-05  -1.8878587e-03
   1.2920956e-05  -8.6841530e-04   2.3520738e-04  -1.8578331e-03
   2.8654233e-04  -4.6019232e-04   5.9125874e-04  -1.7677564e-03
   8.4128155e-04  -1.9428560e-04   7.5991464e-04  -1.7564968e-03
   7.6631679e-04  -4.1899550e-04   1.0672432e-03  -1.5650838e-03
   6.0139432e-04  -3.8903418e-04   1.3820675e-03  -1.6476541e-03
   4.0648595e-04  -6.0625375e-04   1.5844546e-03  -1.9103779e-03
   4.2897537e-04  -6.1748925e-04   9.1732682e-04  -1.8578331e-03
   4.5521304e-04  -4.8266331e-04   1.7149293e-04  -1.4036963e-03
   1.4036105e-04  -5.3135045e-04   4.4509029e-04  -1.3361388e-03
   1.7784343e-04  -1.5683395e-04   8.8734355e-04  -1.6439009e-03
   1.8908814e-04  -4.1899550e-04   7.6366255e-04  -2.0192206e-03
   3.9149299e-04  -4.6019232e-04   3.4389674e-04  -1.7377308e-03
   3.1652823e-04  -2.5046308e-04   5.5003174e-04  -1.4599943e-03
   1.1787162e-04  -3.1038572e-04   7.7865419e-04  -1.8428204e-03
   9.1633954e-05  -7.4440320e-05   1.4150966e-04  -1.6814329e-03
  -8.8281470e-05  -3.3285671e-04  -3.3447479e-04  -1.5463178e-03
   4.5146480e-04  -2.2424692e-04  -7.3175314e-04  -1.5613306e-03
   8.0379917e-04  -1.8679527e-04  -1.1552669e-03  -1.7489904e-03
   2.6030466e-04  -1.3810813e-04  -1.0915524e-03  -2.1318165e-03
  -5.0799090e-05  -2.0926626e-04  -1.2639562e-03  -1.7227181e-03
   1.2911633e-04  -6.1374408e-04  -1.0915524e-03  -1.5200454e-03
   2.7913908e-05  -4.7142781e-04  -1.0315859e-03  -1.9066247e-03
  -2.9068632e-04  -4.7142781e-04  -1.7699239e-03  -1.9479099e-03
   8.0389240e-05  -2.3548242e-04  -1.7286969e-03  -1.5538242e-03
   5.7140842e-04  -4.2274067e-04  -1.4850828e-03  -1.6363945e-03
   5.8640137e-04  -5.3135045e-04  -1.4063768e-03  -1.9178843e-03
   2.6780114e-04  -3.1038572e-04  -1.6125118e-03  -1.7677564e-03
  -3.2067223e-04  -6.7741189e-04  -1.9385798e-03  -1.6063689e-03
  -3.0193104e-04  -5.6880210e-04  -1.2077376e-03  -1.6439009e-03
   9.1633954e-05  -7.2235387e-04  -1.0878045e-03  -1.8165480e-03
   1.1412338e-04  -8.4219915e-04  -1.3838893e-03  -1.6251349e-03
   9.5382192e-05  -4.9389880e-04  -1.3576539e-03  -1.7114585e-03
   1.4785752e-04  -5.2760529e-04  -1.6612346e-03  -1.7339776e-03
   1.6669194e-05  -3.1787605e-04  -1.5075703e-03  -1.5951094e-03
  -1.3326033e-04  -4.3397616e-04  -1.1440231e-03  -1.8615863e-03
  -1.7074271e-04  -7.7853134e-04  -8.7417368e-04  -1.6589137e-03
  -1.1451914e-04  -7.2609903e-04  -7.2425732e-04  -1.6213817e-03
   1.2920956e-05  -6.6992156e-04  -6.7928241e-04  -1.9404035e-03
   1.8159167e-04  -4.9015364e-04  -3.4946642e-04  -1.7452372e-03
   2.8279409e-04  -6.2872474e-04  -2.8200406e-04  -1.6889393e-03
   7.6641002e-05  -6.7366672e-04  -8.7112792e-05  -1.9741823e-03
   1.6659871e-04  -4.9389880e-04   4.2260283e-04  -1.8240544e-03
