  -1.0327442e-04  -5.7254727e-04  -2.5951661e-04  -2.0680122e-03
   1.6669194e-05  -6.3621507e-04  -4.8439115e-04  -1.5237986e-03
  -5.0058765e-04  -1.1455575e-03   1.0028266e-04  -1.7902756e-03
  -1.6699447e-04  -8.2347332e-04   4.1135910e-04  -1.8428204e-03
   1.7784343e-04  -5.4258595e-04  -1.6956679e-04  -1.8803523e-03
  -2.6444866e-04  -7.7478618e-04  -1.5082725e-04  -2.1168037e-03
   1.3661281e-04  -5.6131177e-04  -1.5457515e-04  -1.8165480e-03
  -2.0813186e-05  -4.3772133e-04  -2.8949988e-04  -2.0079610e-03
  -3.2067223e-04  -6.0625375e-04  -1.9650430e-05  -2.0417398e-03
   6.1648050e-05  -7.0362804e-04   3.6568205e-05  -1.8428204e-03
  -2.4195923e-04  -8.2347332e-04   7.0299386e-05  -1.9479099e-03
  -2.5320394e-04  -9.2459278e-04   2.5769484e-04  -1.9854418e-03
  -2.0072861e-04  -8.8339596e-04   1.6774502e-04  -1.8991183e-03
  -1.8948390e-04  -8.1598299e-04  -5.3381611e-05  -1.8278076e-03
  -5.8202340e-06  -8.3096365e-04  -2.4452497e-04  -1.7152117e-03
  -6.2043804e-05  -6.1374408e-04  -3.0449151e-04  -1.7564968e-03
  -5.8202340e-06  -6.1374408e-04  -4.9633702e-05  -2.0717654e-03
   5.4151574e-05  -8.1223783e-04  -4.9633702e-05  -1.8165480e-03
  -3.5806138e-05  -7.0362804e-04  -4.6587940e-06  -1.7902756e-03
  -2.5695218e-04  -7.1111837e-04   1.0777848e-04  -2.0867782e-03
  -5.8295566e-05  -7.7853134e-04  -6.4625338e-05  -1.9967014e-03
  -1.9698037e-04  -5.5756661e-04  -3.4642066e-05  -2.0304802e-03
  -3.6190284e-04  -7.1860870e-04  -1.1334816e-04  -2.0642590e-03
  -3.9554376e-05  -9.7702509e-04  -1.2084397e-04  -1.9816886e-03
  -1.9698037e-04  -4.5270199e-04   5.5307750e-05  -1.9479099e-03
  -1.5949799e-04  -4.7517298e-04  -2.1079379e-04  -2.1806081e-03
  -9.2029708e-05  -7.8602167e-04  -2.5202079e-04  -2.1393229e-03
  -2.3446275e-04  -6.8115705e-04  -9.8356519e-05  -2.0229738e-03
  -2.4945570e-04  -7.1111837e-04  -1.1709606e-04  -1.9967014e-03
  -2.7944161e-04  -5.4258595e-04   1.4150966e-04  -1.9816886e-03
  -1.2201561e-04  -7.5231519e-04  -6.4625338e-05  -2.2331528e-03
  -1.4825328e-04  -8.3845398e-04  -3.1573524e-04  -2.1092973e-03
  -2.4570747e-04  -8.1598299e-04  -1.2084397e-04  -2.0642590e-03
  -4.3302614e-05  -8.7590563e-04  -1.4333143e-04  -1.9479099e-03
  -6.2043804e-05  -5.6131177e-04  -4.9633702e-05  -1.9967014e-03
   3.9158622e-05  -5.6131177e-04  -2.3398339e-05  -2.2293996e-03
   3.1652823e-04  -5.8752793e-04  -7.2121156e-05  -1.8315608e-03
   9.1727180e-06  -7.0737321e-04  -8.4067030e-06  -1.9291439e-03
  -3.2057900e-05  -6.7741189e-04  -2.7146248e-05  -1.9929482e-03
   1.7034695e-04  -5.4633111e-04  -1.5902521e-05  -1.8878587e-03
  -1.8573566e-04  -6.3996024e-04   1.1902220e-04  -1.9704291e-03
  -2.3821099e-04  -5.9876342e-04   2.8370240e-06  -1.8203012e-03
   1.0662691e-04  -5.9876342e-04  -3.1198733e-04  -1.8127948e-03
   1.6669194e-05  -5.0887946e-04  -2.2203752e-04  -1.6514073e-03
  -8.4533232e-05  -5.4633111e-04  -1.2459188e-04  -1.6401477e-03
  -5.8295566e-05  -8.0849266e-04  -1.3583561e-04  -1.8090416e-03
  -7.3288518e-05  -8.0474750e-04  -6.4625338e-05  -2.0342334e-03
   2.0417432e-05  -6.6617639e-04   1.6399711e-04  -1.8841055e-03
  -9.5777946e-05  -7.3733453e-04   2.9892183e-04  -1.6514073e-03
  -2.8318985e-04  -7.8976684e-04   1.9398038e-04  -1.9516631e-03
  -2.3071451e-04  -7.8227651e-04   2.4270320e-04  -1.6701733e-03
   5.4244800e-06  -6.5494090e-04  -2.7146248e-05  -1.7377308e-03
   1.5910224e-04  -5.3135045e-04  -3.1948315e-04  -2.0229738e-03
   2.3031876e-04  -5.0138913e-04  -3.1198733e-04  -1.8203012e-03
  -1.9698037e-04  -6.6617639e-04  -9.0860701e-05  -1.8428204e-03
  -4.1437818e-04  -7.8976684e-04   1.3026593e-04  -1.7977820e-03
  -1.0327442e-04  -5.9501826e-04  -1.9205424e-04  -1.7377308e-03
  -2.4570747e-04  -8.4594431e-04  -1.9205424e-04  -1.8353140e-03
  -5.8202340e-06  -7.8227651e-04  -1.0210443e-04  -1.9516631e-03
  -1.7449094e-04  -4.9389880e-04  -2.6326452e-04  -1.7940288e-03
  -5.5681122e-04  -8.4594431e-04  -1.2154612e-05  -1.8690927e-03
  -5.8295566e-05  -7.6355068e-04  -1.4707934e-04  -1.8503268e-03
  -1.4450504e-04  -7.4107969e-04  -3.3822270e-04  -1.7039521e-03
  -2.9818280e-04  -9.4331860e-04  -1.6207097e-04  -1.9404035e-03
  -1.7449094e-04  -7.4107969e-04  -2.4452497e-04  -1.9291439e-03
  -3.3566518e-04  -7.7853134e-04  -1.5457515e-04  -1.9704291e-03
  -2.6819689e-04  -8.4968948e-04  -1.6956679e-04  -2.0417398e-03
  -2.1197332e-04  -8.9837662e-04  -2.7825615e-04  -1.9891950e-03
  -3.6190284e-04  -8.5717981e-04  -2.3702915e-04  -2.0605058e-03
  -3.9938522e-04  -7.0362804e-04  -1.9955006e-04  -2.0192206e-03
  -3.2067223e-04  -7.4107969e-04  -2.5202079e-04  -1.9854418e-03
  -2.1572156e-04  -7.3358936e-04  -3.1198733e-04  -1.9854418e-03
  -1.6699447e-04  -7.7478618e-04   6.6551477e-05  -1.7790160e-03
  -3.0193104e-04  -7.1860870e-04  -1.8081052e-04  -1.8690927e-03
  -3.2442046e-04  -7.7478618e-04  -3.2697897e-04  -2.0267270e-03
  -2.7944161e-04  -1.0032412e-03  -7.2121156e-05  -1.9366503e-03
  -2.7944161e-04  -8.4594431e-04  -2.5951661e-04  -2.0454930e-03
  -1.2576385e-04  -6.1748925e-04  -1.6956679e-04  -2.0267270e-03
  -2.1946980e-04  -6.1374408e-04  -1.7331470e-04  -1.9291439e-03
  -1.7449094e-04  -6.6992156e-04  -1.5457515e-04  -1.7940288e-03
  -3.2057900e-05  -8.0849266e-04  -2.5202079e-04  -1.7452372e-03
  -1.4825328e-04  -8.2347332e-04  -1.7331470e-04  -1.8653395e-03
  -1.7074271e-04  -7.5980552e-04   3.2820296e-05  -1.7414840e-03
  -2.7569337e-04  -7.5606035e-04  -2.0329797e-04  -1.6551605e-03
  -2.0072861e-04  -7.5606035e-04  -4.9633702e-05  -1.8503268e-03
  -2.0447685e-04  -8.3845398e-04   1.0028266e-04  -2.2293996e-03
  -6.2043804e-05  -8.0474750e-04   1.0332842e-05  -1.9253907e-03
   7.2892764e-05  -5.5756661e-04  -2.6701242e-04  -1.8503268e-03
  -1.9698037e-04  -6.0625375e-04  -3.8694551e-04  -2.1956209e-03
  -1.2576385e-04  -1.0069864e-03  -8.3364883e-05  -1.6664201e-03
  -2.5320394e-04  -8.8714113e-04   1.0403057e-04  -1.7227181e-03
  -4.8184646e-04  -7.5980552e-04   2.4645111e-04  -1.8578331e-03
  -1.6699447e-04  -8.9463146e-04   9.6534749e-05  -1.7414840e-03
   1.3286457e-04  -6.5494090e-04  -1.3583561e-04  -1.8428204e-03
   4.2906860e-05  -6.4745057e-04  -2.4827288e-04  -1.7489904e-03
  -1.5574975e-04  -8.2347332e-04  -3.3447479e-04  -2.0192206e-03
  -1.3700856e-04  -6.1374408e-04  -2.6701242e-04  -2.0717654e-03
  -9.2029708e-05  -4.8266331e-04  -4.5885793e-05  -1.8353140e-03
  -2.4195923e-04  -7.7853134e-04   2.5769484e-04  -1.9178843e-03
  -2.5320394e-04  -8.1598299e-04  -6.4625338e-05  -2.0905314e-03
  -2.4195923e-04  -6.7741189e-04  -1.3583561e-04  -2.1243101e-03
  -1.3700856e-04  -8.2347332e-04  -2.3702915e-04  -2.0717654e-03
  -4.3302614e-05  -7.2235387e-04  -1.4333143e-04  -1.8165480e-03
  -2.3446275e-04  -6.4745057e-04  -3.0894157e-05  -2.0229738e-03
  -3.2816870e-04  -8.6467014e-04  -5.6309724e-04  -1.8278076e-03
   5.4151574e-05  -8.3096365e-04   1.9554976e-03  -1.4524879e-03
   5.9389785e-04  -6.3246991e-04   3.9531331e-03  -2.3532552e-03
  -2.9443456e-04  -4.2274067e-04   1.9704892e-03  -2.0980378e-03
  -3.6190284e-04  -6.1374408e-04   7.6741046e-04  -1.4900198e-03
   1.2123571e-03  -7.5231519e-04   1.5469755e-03  -2.1280633e-03
   7.7381327e-04  -5.5382144e-04   2.6601045e-03  -2.0680122e-03
  -4.9309117e-04  -5.6505694e-04   2.8887270e-03  -1.7377308e-03
  -1.9698037e-04  -5.3884078e-04   2.8849790e-03  -1.5800966e-03
   9.3498750e-04  -8.6092497e-04   4.4328655e-03  -1.3286324e-03
   1.0924135e-03  -9.6204443e-04   6.4679800e-03  -1.4862666e-03
   1.8159167e-04  -8.0474750e-04   7.7872440e-03  -1.6176285e-03
   5.0768837e-04  -7.6729585e-04   8.6155319e-03  -1.5125390e-03
   1.7895858e-03  -4.1525034e-04   8.6717505e-03  -1.3398920e-03
   1.9545082e-03  -3.1038572e-04   7.7160337e-03  -1.4562411e-03
   1.1074065e-03  -3.8528902e-04   6.4342489e-03  -1.5012794e-03
   9.0125336e-04  -4.2274067e-04   6.3180637e-03  -1.2160365e-03
   1.6359080e-03  -3.9652451e-04   6.5279466e-03  -1.3173728e-03
   1.6958798e-03  -3.7030836e-04   5.0325309e-03  -1.4337219e-03
   8.4128155e-04  -2.9915022e-04   1.3333447e-03  -1.3961899e-03
   6.1638727e-04  -2.8791473e-04  -1.7999072e-03  -1.5125390e-03
   1.7333622e-03  -3.8154385e-04  -4.2585355e-03  -1.8390672e-03
   1.8645505e-03  -4.6019232e-04  -9.0033883e-03  -1.9178843e-03
   6.9510027e-04  -5.3884078e-04  -1.3384694e-02  -1.9366503e-03
   1.2723289e-03  -5.5382144e-04  -1.6064449e-02  -2.5521746e-03
   2.0107318e-03  -8.3845398e-04  -1.9778627e-02  -2.9312475e-03
   7.2508618e-04  -7.8976684e-04  -2.4815816e-02  -2.7586004e-03
  -5.0433589e-04  -7.0362804e-04  -2.8151455e-02  -2.5409150e-03
  -2.8318985e-04  -9.2084761e-04  -2.7132024e-02  -3.0288306e-03
  -7.7795726e-04  -1.1455575e-03  -2.5561650e-02  -3.5843038e-03
  -1.8574498e-03  -1.3927384e-03  -2.5734054e-02  -2.9950518e-03
  -6.5426541e-04  -1.2204608e-03  -2.2960601e-02  -2.7848728e-03
  -1.0702266e-04  -1.2391866e-03  -1.8223244e-02  -3.1414265e-03
  -1.9736452e-03  -1.1493027e-03  -1.4385386e-02  -2.8186516e-03
  -2.2959937e-03  -1.1193414e-03  -9.7004994e-03  -2.6985493e-03
  -6.6551012e-04  -1.3590319e-03  -4.1386024e-03  -2.7623536e-03
  -1.0853128e-03  -1.2878738e-03   1.6031942e-03  -2.3682679e-03
  -2.9894177e-03  -1.2541673e-03   6.9589561e-03  -1.9741823e-03
  -1.9624005e-03  -1.0631639e-03   1.2018633e-02  -1.9779355e-03
  -1.2764729e-03  -1.1755188e-03   1.6613570e-02  -1.9816886e-03
  -1.9923864e-03  -1.1343220e-03   2.0320252e-02  -1.5613306e-03
  -1.3401930e-03  -8.2721849e-04   2.3322327e-02  -1.6739265e-03
  -2.6783139e-03  -7.8976684e-04   2.3843286e-02  -1.5162922e-03
  -3.3792344e-03  -4.9389880e-04   2.3925740e-02  -1.1334661e-03
  -1.4001648e-03  -5.8003760e-04   2.4210581e-02  -1.7302244e-03
  -2.1685536e-03  -6.8864738e-04   2.1602037e-02  -1.5575774e-03
  -3.8740018e-03  -2.9915022e-04   1.8296381e-02  -1.1860109e-03
  -1.8836875e-03  -4.2274067e-04   1.6002661e-02  -1.4449815e-03
  -6.3552422e-04  -7.1486354e-04   1.3525293e-02  -1.7077053e-03
  -2.5283844e-03  -3.0664055e-04   9.9085605e-03  -1.6514073e-03
  -3.1018648e-03  -1.6806945e-04   7.5248904e-03  -1.4149559e-03
  -2.2397701e-03  -8.5343464e-04   6.2805846e-03  -2.0717654e-03
  -1.0553269e-03  -1.1418123e-03   3.6795358e-03  -2.1168037e-03
  -3.1655849e-03  -8.4968948e-04  -9.3414023e-04  -1.4975262e-03
  -5.4632548e-03  -8.1223783e-04  -3.7975427e-03  -1.3961899e-03
  -1.2165011e-03  -8.4968948e-04  -1.6612346e-03  -2.0905314e-03
  -5.7555241e-04  -7.3358936e-04  -3.3103145e-03  -2.2369060e-03
  -2.0448617e-03  -6.2123441e-04  -5.3341854e-03  -1.5613306e-03
   1.0024558e-03  -5.3509562e-04  -2.2571521e-03  -2.4958766e-03
   5.6016370e-04  -7.9351200e-04  -2.8343301e-03  -2.6497577e-03
  -1.0515786e-03  -8.9463146e-04  -5.4091436e-03  -1.8841055e-03
  -1.2015082e-03  -9.6204443e-04  -5.8026740e-03  -1.9441567e-03
  -1.7524991e-03  -1.1043607e-03  -5.2067565e-03  -2.2481656e-03
  -1.3102071e-03  -6.0250859e-04  -5.5515641e-03  -2.6610173e-03
  -4.2562289e-04  -3.8903418e-04  -7.7553346e-03  -2.1618421e-03
   1.0249452e-03  -7.0362804e-04  -7.6691327e-03  -2.0642590e-03
   2.1194307e-03  -6.8115705e-04  -5.0455964e-03  -2.5859534e-03
   8.4128155e-04  -4.2274067e-04  -5.0381006e-03  -2.6835365e-03
  -1.2352423e-03  -6.6243123e-04  -6.5709954e-03  -2.1806081e-03
  -4.7434998e-04  -1.0444381e-03  -6.2861543e-03  -1.8503268e-03
   8.8626041e-04  -1.3927384e-03  -5.1467899e-03  -2.5709406e-03
  -1.1077090e-04  -1.4376804e-03  -5.7202200e-03  -2.6347449e-03
  -5.1932884e-04  -8.4219915e-04  -7.9239905e-03  -2.1468293e-03
   1.0774205e-03  -7.4857002e-04  -7.8490323e-03  -2.1280633e-03
   1.7446069e-03  -9.2833794e-04  -6.5072809e-03  -2.2781912e-03
   4.1398242e-04  -7.3733453e-04  -6.4360706e-03  -2.2781912e-03
  -5.6055946e-04  -6.7366672e-04  -5.6152786e-03  -2.2068805e-03
   2.0417432e-05  -1.0519284e-03  -4.3634770e-03  -2.3044636e-03
   1.1711265e-03  -1.0893800e-03  -3.3665332e-03  -2.1655953e-03
   5.9389785e-04  -7.6729585e-04  -3.3028187e-03  -2.1318165e-03
  -1.6324623e-04  -7.2609903e-04  -2.7481282e-03  -2.0980378e-03
   2.6780114e-04  -7.0737321e-04  -8.2545087e-04  -2.1580889e-03
  -1.4450504e-04  -6.8115705e-04  -1.5832306e-04  -1.8653395e-03
  -6.3552422e-04  -8.7590563e-04   1.8273666e-04  -1.2348024e-03
  -5.4181827e-04  -1.0818897e-03   1.6481691e-03  -1.8390672e-03
  -5.4547328e-05  -7.0737321e-04   3.2635179e-03  -2.0867782e-03
  -1.0702266e-04  -6.2872474e-04   3.4584091e-03  -1.5650838e-03
   1.0287867e-04  -6.8115705e-04   4.0805620e-03  -1.5087858e-03
   7.4007913e-04  -3.8528902e-04   5.4298093e-03  -1.4825134e-03
   3.1652823e-04  -5.6880210e-04   6.4529884e-03  -1.5725902e-03
   1.5535400e-04  -5.2386012e-04   6.6104006e-03  -1.6589137e-03
   1.1037514e-04  -4.7142781e-04   5.7034066e-03  -1.5162922e-03
   8.1504389e-04  -6.3996024e-04   6.3592907e-03  -1.4449815e-03
   1.4447479e-03  -4.7142781e-04   6.4642321e-03  -1.6213817e-03
   7.8880622e-04  -3.4034704e-04   4.6839754e-03  -1.4637475e-03
   7.4007913e-04  -2.5420824e-04   3.1623243e-03  -1.0996874e-03
   5.9764608e-04  -2.7293407e-04   2.7987771e-03  -9.4580628e-04
   2.2282228e-04  -2.6918890e-04   4.5527985e-03  -1.2685812e-03
   1.1787162e-04  -3.1413088e-04   5.5160112e-03  -1.8165480e-03
   5.9764608e-04  -4.2648583e-04   5.2011868e-03  -1.6026158e-03
   2.4305345e-03  -4.5644715e-04   5.8383313e-03  -1.6964457e-03
   2.9890219e-03  -3.3285671e-04   4.4141259e-03  -1.6363945e-03
   1.7408587e-03   1.1698475e-05   2.9674330e-03  -1.0696618e-03
   1.2460913e-03  -4.0026968e-04   3.8294521e-03  -1.6476541e-03
   1.0774205e-03  -7.2609903e-04   3.8182084e-03  -1.8165480e-03
   4.7020599e-04  -7.5606035e-04   2.5589110e-03  -1.4149559e-03
   1.1787162e-04  -1.0332026e-03   1.2433949e-03  -1.6476541e-03
   7.3633089e-04  -7.7853134e-04   9.3231846e-04  -1.5613306e-03
   1.5759362e-03  -8.8339596e-04   4.6757774e-04  -1.6776797e-03
   1.6096703e-03  -9.9200575e-04  -1.1552669e-03  -1.7940288e-03
   1.2873219e-03  -7.0362804e-04  -2.4557913e-03  -1.6551605e-03
   7.8130975e-04  -8.0474750e-04  -2.6431867e-03  -2.0492462e-03
   3.3901766e-04  -8.2721849e-04  -3.1191712e-03  -2.2068805e-03
  -2.4561424e-05  -6.0999892e-04  -4.1011233e-03  -2.0905314e-03
   1.5535400e-04  -6.1374408e-04  -4.8094781e-03  -1.9328971e-03
   3.0153528e-04  -6.7366672e-04  -5.2704709e-03  -1.7940288e-03
   5.1893309e-04  -6.2123441e-04  -4.6783013e-03  -1.9629227e-03
   1.1861194e-03  -7.1860870e-04  -3.5689203e-03  -2.1205569e-03
   3.5026238e-04  -7.8227651e-04  -3.7113408e-03  -2.0304802e-03
   1.1787162e-04  -6.7741189e-04  -4.7270241e-03  -1.8765991e-03
  -1.6699447e-04  -8.7216047e-04  -6.1924566e-03  -1.6363945e-03
  -9.8036211e-04  -9.1335728e-04  -6.8708281e-03  -1.4712539e-03
   6.7261084e-04  -7.3733453e-04  -4.4721663e-03  -1.9704291e-03
   1.2123571e-03  -9.6204443e-04  -3.4002643e-03  -2.3419956e-03
  -2.1197332e-04  -7.3733453e-04  -5.1692774e-03  -1.9066247e-03
  -4.8184646e-04  -8.6467014e-04  -4.7457637e-03  -1.8765991e-03
   7.4757560e-04  -1.0257122e-03  -2.9017925e-03  -2.4245659e-03
   8.6002274e-04  -6.2123441e-04  -2.5120099e-03  -2.4470851e-03
  -2.5695218e-04  -8.7590563e-04  -3.1341628e-03  -2.0342334e-03
  -3.5815461e-04  -8.6841530e-04  -2.4970183e-03  -1.6964457e-03
  -3.5806138e-05  -8.8714113e-04  -7.6173641e-04  -1.8991183e-03
   2.4905995e-04  -8.0100233e-04  -4.8813906e-04  -1.9516631e-03
  -3.2057900e-05  -5.9501826e-04  -7.3550105e-04  -1.5838498e-03
  -8.0784994e-05  -9.5829926e-04   6.4747737e-04  -1.7564968e-03
   1.6659871e-04  -9.3957344e-04   2.8437520e-03  -2.0379866e-03
  -1.4075680e-04  -7.9725717e-04   3.6383088e-03  -1.9816886e-03
  -5.0799090e-05  -6.9239255e-04   3.5071319e-03  -1.5613306e-03
   9.1999455e-04  -7.7104101e-04   4.6240088e-03  -1.6589137e-03
   1.4035173e-03  -7.6729585e-04   5.7971043e-03  -2.0905314e-03
   1.4036105e-04  -4.6393748e-04   4.6427484e-03  -1.7339776e-03
  -6.0553831e-04  -4.7891814e-04   2.9749289e-03  -1.4449815e-03
   9.5382192e-05  -6.7741189e-04   3.1810639e-03  -1.6138753e-03
   2.8279409e-04  -9.4331860e-04   2.8025250e-03  -1.8390672e-03
  -5.1183236e-04  -8.7216047e-04   2.2403387e-03  -1.5012794e-03
  -9.2039031e-04  -6.6617639e-04   3.1473327e-03  -1.3436452e-03
  -1.7074271e-04  -7.6355068e-04   3.7170148e-03  -1.7827692e-03
   7.5507208e-04  -8.9463146e-04   4.6614879e-03  -1.8841055e-03
   7.7756151e-04  -1.0406929e-03   4.5865297e-03  -1.8916119e-03
   8.0389240e-05  -6.8115705e-04   2.6676003e-03  -1.7339776e-03
  -2.7194513e-04  -4.4895682e-04   1.7943375e-03  -1.6626669e-03
  -1.7449094e-04  -7.1486354e-04   2.1466410e-03  -1.6739265e-03
  -3.2816870e-04  -7.5980552e-04   2.2328429e-03  -1.7827692e-03
  -9.5787269e-04  -8.2721849e-04   1.1834284e-03  -1.8240544e-03
  -9.6536916e-04  -7.6355068e-04   4.8631728e-04  -1.5350582e-03
  -1.5200152e-04  -8.0849266e-04   6.9994810e-04  -1.9441567e-03
   9.9130430e-05  -8.0474750e-04  -6.0877429e-05  -2.1393229e-03
  -2.5320394e-04  -7.8227651e-04  -1.3688977e-03  -1.8690927e-03
  -8.0784994e-05  -7.3733453e-04  -1.6349992e-03  -2.0229738e-03
   1.1787162e-04  -7.1486354e-04  -1.5300578e-03  -2.2894508e-03
  -4.5560879e-04  -1.1493027e-03  -2.1034878e-03  -2.2293996e-03
  -6.3552422e-04  -7.9351200e-04  -2.8942966e-03  -1.8878587e-03
  -5.5681122e-04  -5.0138913e-04  -3.1229191e-03  -1.9516631e-03
  -3.2057900e-05  -7.9351200e-04  -2.1484627e-03  -2.2256465e-03
   5.4891899e-04  -7.0737321e-04  -1.6612346e-03  -2.3495020e-03
  -3.2057900e-05  -6.6992156e-04  -2.8268343e-03  -1.8841055e-03
  -5.0433589e-04  -6.7741189e-04  -3.3590373e-03  -1.6213817e-03
  -5.0799090e-05  -8.6841530e-04  -2.6356909e-03  -2.2744380e-03
  -2.8309662e-05  -1.0144767e-03  -2.8868008e-03  -2.2556720e-03
  -1.3551859e-03  -9.2833794e-04  -4.1460982e-03  -1.8015352e-03
  -1.2052564e-03  -9.8826058e-04  -3.1341628e-03  -2.1017910e-03
   5.1518485e-04  -1.0032412e-03  -1.1140399e-03  -2.6647705e-03
   4.0273771e-04  -9.0586695e-04  -1.4550996e-03  -2.7023025e-03
  -3.6939932e-04  -7.5606035e-04  -2.4520434e-03  -2.2143869e-03
  -2.4561424e-05  -7.0362804e-04  -2.0922441e-03  -2.2331528e-03
  -9.2029708e-05  -9.2084761e-04  -9.1540068e-04  -2.7210685e-03
  -9.6536916e-04  -7.4482486e-04  -9.7911513e-04  -2.3645147e-03
  -1.2839694e-03  -6.3246991e-04  -2.0060422e-03  -1.9591695e-03
  -6.3927246e-04  -8.1598299e-04  -1.3688977e-03  -2.0342334e-03
  -6.5792042e-05  -7.1860870e-04  -3.0074361e-04  -1.9854418e-03
  -7.3672664e-04  -9.4331860e-04  -2.8200406e-04  -1.8353140e-03
  -1.1790187e-03  -7.7478618e-04  -4.5885793e-05  -1.7677564e-03
  -3.2816870e-04  -6.9988288e-04   6.1749410e-04  -2.1468293e-03
   9.5382192e-05  -8.7965080e-04   8.4236864e-04  -2.1055441e-03
  -4.4061584e-04  -6.9239255e-04   8.2737700e-04  -2.0267270e-03
  -9.2039031e-04  -7.8227651e-04   1.1309576e-03  -2.0642590e-03
  -6.4676893e-04  -7.0362804e-04   1.1759325e-03  -1.8503268e-03
  -2.7944161e-04  -6.3621507e-04   1.1909242e-03  -1.9929482e-03
  -5.1558060e-04  -5.4633111e-04   1.0147725e-03  -1.8090416e-03
  -9.8411035e-04  -7.8227651e-04   1.1347055e-03  -1.8503268e-03
  -1.1415363e-03  -8.7965080e-04   1.7381189e-03  -2.0717654e-03
  -7.1423722e-04  -6.0250859e-04   1.4307904e-03  -1.8991183e-03
  -3.5440637e-04  -6.9988288e-04   1.0672432e-03  -1.7564968e-03
  -5.6055946e-04  -4.8266331e-04   7.5241882e-04  -1.5388114e-03
  -8.9790088e-04  -3.7779869e-04   8.9109146e-04  -1.7264713e-03
  -8.6791497e-04  -6.7366672e-04   1.5882025e-03  -1.8878587e-03
  -6.6551012e-04  -8.9837662e-04   1.6031942e-03  -1.9253907e-03
  -7.4047488e-04  -7.1486354e-04   1.1534451e-03  -1.9178843e-03
  -8.9040440e-04  -6.2497958e-04   6.0999828e-04  -1.7564968e-03
  -9.3163502e-04  -5.1636979e-04   6.5497319e-04  -2.0905314e-03
  -8.1543964e-04  -4.5644715e-04   8.6485609e-04  -1.8428204e-03
  -6.0928655e-04  -8.2347332e-04   5.9125874e-04  -1.7940288e-03
  -5.2682532e-04  -8.4594431e-04   4.1510701e-04  -2.0755186e-03
  -9.1289383e-04  -9.7702509e-04   6.9994810e-04  -1.7039521e-03
  -1.5800802e-03  -8.5343464e-04   7.5616673e-04  -2.0642590e-03
  -1.4713813e-03  -7.6729585e-04   3.3265302e-04  -2.1806081e-03
  -9.1289383e-04  -9.6578959e-04   1.8648456e-04  -1.9216375e-03
  -3.6939932e-04  -6.2872474e-04   2.9517393e-04  -2.4696043e-03
  -3.8814051e-04  -6.6992156e-04   1.0332842e-05  -2.5371618e-03
  -8.4542555e-04  -7.4482486e-04  -1.5832306e-04  -2.1130505e-03
  -6.6551012e-04  -6.8115705e-04  -2.3398339e-05  -2.2068805e-03
  -7.0674074e-04  -9.0212179e-04  -4.5440787e-04  -2.1731017e-03
  -1.0478304e-03  -1.0219671e-03  -5.9308051e-04  -2.0267270e-03
  -1.5950731e-03  -1.2129705e-03  -7.8047596e-04  -2.0042078e-03
  -1.5800802e-03  -9.7702509e-04  -1.0578212e-03  -2.0342334e-03
  -5.4931474e-04  -6.9239255e-04  -1.1702585e-03  -2.1168037e-03
   8.4137478e-05  -5.9876342e-04  -1.8148988e-03  -1.9891950e-03
   9.1727180e-06  -7.3733453e-04  -1.6349992e-03  -2.0792718e-03
  -5.6430770e-04  -1.0818897e-03  -1.1365273e-03  -2.2331528e-03
  -1.4451436e-03  -9.3957344e-04  -1.0240900e-03  -2.4508383e-03
  -1.3739271e-03  -9.0212179e-04  -1.1552669e-03  -2.3757743e-03
  -9.5684720e-06  -8.3470882e-04  -1.5300578e-03  -1.9854418e-03
   6.1648050e-05  -8.0100233e-04  -1.6537388e-03  -1.9404035e-03
  -4.0313346e-04  -5.1636979e-04  -1.3164269e-03  -1.8615863e-03
  -5.4931474e-04  -5.6505694e-04  -1.3276707e-03  -1.8390672e-03
  -6.6551012e-04  -1.0257122e-03  -1.4813349e-03  -2.0492462e-03
  -3.6939932e-04  -7.8976684e-04  -1.1815022e-03  -2.0042078e-03
  -6.4302069e-04  -8.1972816e-04  -1.6349992e-03  -1.8203012e-03
  -2.9818280e-04  -7.1111837e-04  -1.6162597e-03  -1.9666759e-03
   1.6285048e-04  -5.4258595e-04  -1.2527125e-03  -1.8803523e-03
   1.4410929e-04  -6.7741189e-04  -1.0578212e-03  -1.6814329e-03
  -1.4075680e-04  -7.3358936e-04  -4.9563487e-04  -1.9216375e-03
  -6.1678303e-04  -6.5868606e-04  -1.9955006e-04  -2.0755186e-03
  -3.6565108e-04  -6.3246991e-04  -3.9818924e-04  -2.1092973e-03
  -1.5574975e-04  -7.0737321e-04  -7.6548432e-04  -2.0154674e-03
  -1.5949799e-04  -6.6617639e-04  -4.6939951e-04  -1.8390672e-03
  -6.9540280e-05  -8.6467014e-04   2.0522411e-04  -1.6739265e-03
  -2.0072861e-04  -6.3996024e-04   6.8120855e-04  -1.7264713e-03
  -1.0702266e-04  -6.0999892e-04   4.6008192e-04  -1.9103779e-03
  -1.4075680e-04  -9.8077025e-04   6.0250246e-04  -1.8353140e-03
  -2.9443456e-04  -8.9088629e-04   1.0747390e-03  -2.0605058e-03
   4.2906860e-05  -9.6578959e-04   1.0072766e-03  -2.1017910e-03
  -5.0799090e-05  -8.3845398e-04   1.0822348e-03  -1.7940288e-03
   1.4036105e-04  -6.2497958e-04   1.2171595e-03  -1.8503268e-03
   4.4396833e-04  -6.1748925e-04   1.2658824e-03  -1.8878587e-03
   1.8908814e-04  -4.7517298e-04   1.2021679e-03  -1.9704291e-03
   1.8908814e-04  -5.6505694e-04   1.1159660e-03  -1.9103779e-03
   6.5396288e-05  -4.9764397e-04   8.8734355e-04  -1.9291439e-03
  -3.9554376e-05  -5.5756661e-04   5.2379637e-04  -2.1731017e-03
   1.9658462e-04  -8.0100233e-04   4.1135910e-04  -1.9891950e-03
   2.2282228e-04  -5.8752793e-04   3.1766138e-04  -1.8841055e-03
   1.3661281e-04  -6.8864738e-04   5.9500665e-04  -1.8690927e-03
   4.5896128e-04  -8.4968948e-04   4.7882147e-04  -1.9103779e-03
   5.2268132e-04  -6.8490222e-04  -1.8830634e-04  -2.1956209e-03
   5.3392604e-04  -7.7104101e-04   3.6263629e-04  -2.1280633e-03
   1.6762420e-06  -7.7478618e-04   3.1766138e-04  -1.7602500e-03
  -2.3446275e-04  -8.4219915e-04   1.4080751e-05  -1.8953651e-03
   5.7140842e-04  -9.4706377e-04  -3.8389975e-05  -2.0905314e-03
   2.1532581e-04  -7.4107969e-04  -6.2306378e-04  -2.0267270e-03
   2.2657052e-04  -7.9351200e-04  -2.8200406e-04  -1.9328971e-03
   5.6016370e-04  -6.6243123e-04  -3.7570179e-04  -1.6964457e-03
   4.0648595e-04  -5.2386012e-04  -6.8677823e-04  -1.6514073e-03
   6.3887670e-04  -6.6617639e-04  -4.6565160e-04  -1.6701733e-03
   2.1532581e-04  -7.1111837e-04  -3.2323106e-04  -2.0117142e-03
   2.1157757e-04  -7.7478618e-04  -5.8933260e-04  -2.0980378e-03
   6.1263904e-04  -4.4895682e-04  -7.3924896e-04  -1.6176285e-03
   5.8640137e-04  -5.2011496e-04  -7.4674478e-04  -1.7790160e-03
   7.1758970e-04  -7.1486354e-04  -7.6173641e-04  -1.9891950e-03
   4.0648595e-04  -5.5007628e-04  -3.0823942e-04  -1.6251349e-03
   2.9778704e-04  -6.9613771e-04  -5.3686187e-04  -1.5463178e-03
   5.6766018e-04  -5.9501826e-04  -6.0432423e-04  -1.7790160e-03
   6.0889080e-04  -5.6505694e-04  -8.1795505e-04  -1.7752628e-03
   5.0768837e-04  -7.3358936e-04  -9.7161932e-04  -1.7977820e-03
   2.3406700e-04  -8.1598299e-04  -3.9444133e-04  -1.8428204e-03
   4.2147890e-04  -6.2497958e-04  -7.9616974e-05  -1.8090416e-03
   3.5026238e-04  -4.4521166e-04   3.2890511e-04  -1.6589137e-03
   1.7409519e-04  -8.1598299e-04   2.0897202e-04  -1.6626669e-03
   2.6780114e-04  -9.0212179e-04   2.7643438e-04  -1.7715096e-03
  -2.4561424e-05  -7.7853134e-04   4.4134238e-04  -1.7940288e-03
   1.6285048e-04  -9.3582827e-04   1.5650129e-04  -1.8841055e-03
   4.0273771e-04  -7.0362804e-04  -4.2137884e-05  -1.7564968e-03
   3.0903176e-04  -2.8791473e-04   2.0897202e-04  -1.6551605e-03
   7.2892764e-05  -5.2011496e-04   7.5241882e-04  -1.6814329e-03
  -2.0822509e-04  -8.4594431e-04   6.4372946e-04  -1.8653395e-03
  -2.0719960e-06  -8.1223783e-04   7.5241882e-04  -1.8353140e-03
   2.4156347e-04  -5.2011496e-04   7.6741046e-04  -1.7827692e-03
   1.5535400e-04  -6.4370540e-04   4.4509029e-04  -2.1130505e-03
   1.6669194e-05  -9.5829926e-04   4.3759447e-04  -1.8878587e-03
   1.4036105e-04  -6.9239255e-04   2.0897202e-04  -1.7677564e-03
  -3.5806138e-05  -7.2984420e-04  -2.2578543e-04  -2.0642590e-03
  -9.5777946e-05  -7.4107969e-04   1.6024920e-04  -1.9479099e-03
  -1.3700856e-04  -8.6092497e-04   4.2260283e-04  -1.8690927e-03
  -5.1558060e-04  -1.1755188e-03   8.9038931e-05  -2.0492462e-03
  -1.6699447e-04  -8.4594431e-04   2.2771156e-04  -1.9629227e-03
   1.1037514e-04  -8.0100233e-04  -9.4608610e-05  -1.8165480e-03
  -2.4561424e-05  -9.5080893e-04   1.6024920e-04  -1.9854418e-03
  -2.4195923e-04  -9.0961212e-04   3.1391347e-04  -2.0417398e-03
  -2.6819689e-04  -8.4968948e-04  -1.7331470e-04  -2.0680122e-03
  -4.7050852e-05  -7.2235387e-04   7.4047295e-05  -1.8615863e-03
  -9.2029708e-05  -7.1111837e-04  -1.2833979e-04  -1.6851861e-03
  -2.8309662e-05  -6.8490222e-04  -1.4707934e-04  -2.0567526e-03
  -1.3316710e-05  -8.9837662e-04   8.9038931e-05  -2.0792718e-03
  -5.8295566e-05  -7.3733453e-04  -9.0860701e-05  -1.9178843e-03
   1.6762420e-06  -5.7254727e-04  -8.4067030e-06  -1.8127948e-03
  -4.7050852e-05  -9.2459278e-04   1.0028266e-04  -1.6964457e-03
  -1.2576385e-04  -5.2011496e-04  -1.7331470e-04  -2.0492462e-03
   2.7913908e-05  -5.3884078e-04  -1.6207097e-04  -1.9066247e-03
   2.1532581e-04  -9.4331860e-04  -8.3364883e-05  -1.4675007e-03
