   5.4244800e-06  -7.5231519e-04  -2.3702915e-04  -2.4020467e-03
  -8.4533232e-05  -9.8077025e-04   3.6568205e-05  -2.2856976e-03
  -2.4945570e-04  -9.9575091e-04   9.6534749e-05  -2.4433319e-03
  -4.7050852e-05  -7.1486354e-04  -1.6581888e-04  -2.4320723e-03
  -1.7074271e-04  -1.0294574e-03  -8.7112792e-05  -2.1580889e-03
  -1.8948390e-04  -8.5343464e-04   2.9072387e-05  -2.4245659e-03
  -5.0799090e-05  -6.6992156e-04  -3.3447479e-04  -2.6047194e-03
  -2.6444866e-04  -7.8227651e-04  -3.0823942e-04  -2.3645147e-03
  -1.1451914e-04  -7.4107969e-04   4.4064023e-05  -2.2856976e-03
   2.4165670e-05  -8.6092497e-04  -1.6956679e-04  -2.2669316e-03
  -2.0447685e-04  -9.4331860e-04  -1.6581888e-04  -2.2293996e-03
   1.1412338e-04  -8.4968948e-04   1.0777848e-04  -1.8953651e-03
  -1.0702266e-04  -6.4745057e-04  -1.5902521e-05  -2.0867782e-03
  -1.6699447e-04  -6.3246991e-04  -1.1334816e-04  -2.2932040e-03
   1.7034695e-04  -9.5829926e-04  -1.3958352e-04  -1.9779355e-03
  -9.5777946e-05  -8.5717981e-04   6.6551477e-05  -2.1918677e-03
   1.9658462e-04  -7.4107969e-04   7.0299386e-05  -2.0567526e-03
   1.6659871e-04  -9.4331860e-04  -7.5869065e-05  -2.0980378e-03
  -1.4450504e-04  -7.7104101e-04   7.0299386e-05  -2.2894508e-03
   9.1633954e-05  -8.9837662e-04  -2.2953333e-04  -1.9854418e-03
   3.9158622e-05  -7.6355068e-04  -2.7450824e-04  -2.1768549e-03
  -9.2029708e-05  -6.3246991e-04   2.1576569e-05  -2.0454930e-03
  -2.6444866e-04  -7.9351200e-04  -9.1088500e-07  -1.9891950e-03
  -2.3071451e-04  -5.8003760e-04   1.3401384e-04  -2.0867782e-03
   9.1727180e-06  -8.6841530e-04  -7.5869065e-05  -1.9291439e-03
  -2.5695218e-04  -9.3957344e-04  -1.9205424e-04  -2.1655953e-03
  -3.0193104e-04  -8.2347332e-04   5.9055659e-05  -2.1468293e-03
   2.7913908e-05  -9.6578959e-04  -3.1198733e-04  -2.3044636e-03
   6.5396288e-05  -8.0100233e-04  -4.3192042e-04  -2.2444124e-03
  -3.9554376e-05  -7.5980552e-04  -2.1828961e-04  -1.9704291e-03
  -8.4533232e-05  -8.6467014e-04  -1.3958352e-04  -2.2556720e-03
  -1.6699447e-04  -8.6467014e-04  -3.8389975e-05  -1.9779355e-03
  -2.6070042e-04  -7.7104101e-04  -1.2833979e-04  -1.9779355e-03
  -2.9068632e-04  -9.9200575e-04  -2.2953333e-04  -2.3119700e-03
  -2.5695218e-04  -1.0893800e-03  -3.2323106e-04  -2.0717654e-03
  -2.5320394e-04  -8.4968948e-04  -1.9205424e-04  -2.1017910e-03
  -4.0313346e-04  -1.1567930e-03  -2.0329797e-04  -2.1693485e-03
  -3.7689580e-04  -1.1155962e-03  -3.0823942e-04  -2.0492462e-03
  -3.2442046e-04  -8.0849266e-04  -2.4077706e-04  -1.9366503e-03
  -2.6819689e-04  -1.0706542e-03  -2.2953333e-04  -1.9741823e-03
  -8.8281470e-05  -1.1567930e-03  -2.8200406e-04  -2.0379866e-03
  -3.4316165e-04  -1.1380672e-03  -3.7195388e-04  -1.9779355e-03
  -3.9563699e-04  -1.0069864e-03   2.8370240e-06  -2.3194764e-03
  -3.3566518e-04  -9.6578959e-04  -1.1709606e-04  -2.2706848e-03
  -5.4931474e-04  -1.1343220e-03  -3.8319760e-04  -1.9516631e-03
  -1.6699447e-04  -1.2429318e-03  -1.3583561e-04  -2.0905314e-03
  -1.9698037e-04  -1.2391866e-03  -3.4571851e-04  -1.9816886e-03
  -3.9938522e-04  -9.3582827e-04  -3.4571851e-04  -2.0605058e-03
  -1.8198742e-04  -1.0257122e-03  -2.4077706e-04  -2.0192206e-03
  -3.6939932e-04  -1.0556735e-03  -1.9205424e-04  -1.8991183e-03
  -4.2187465e-04  -1.0556735e-03  -3.5696224e-04  -2.2969572e-03
  -4.1062994e-04  -1.1380672e-03  -5.5560142e-04  -2.0717654e-03
  -1.4075680e-04  -9.0961212e-04  -9.4608610e-05  -1.8728459e-03
  -1.6324623e-04  -1.0669090e-03  -1.2084397e-04  -1.8728459e-03
  -4.5935703e-04  -8.4968948e-04  -2.2953333e-04  -1.5012794e-03
  -1.8198742e-04  -9.7702509e-04  -1.6581888e-04  -1.7564968e-03
  -2.2321804e-04  -1.2354415e-03  -2.5951661e-04  -1.8127948e-03
  -1.9323213e-04  -7.7478618e-04  -2.4452497e-04  -1.7865224e-03
  -1.2951209e-04  -8.8339596e-04  -5.0313069e-04  -2.0830250e-03
  -2.1572156e-04  -8.7216047e-04  -7.9616974e-05  -1.9328971e-03
  -7.3288518e-05  -9.3957344e-04  -9.1088500e-07  -2.0642590e-03
  -1.7074271e-04  -8.7216047e-04  -2.4077706e-04  -2.0529994e-03
  -3.0942751e-04  -6.4745057e-04   4.7811932e-05  -1.9816886e-03
  -3.5815461e-04  -9.5829926e-04  -2.1079379e-04  -2.0642590e-03
  -1.8948390e-04  -7.8976684e-04  -1.3583561e-04  -1.9366503e-03
  -2.7944161e-04  -7.9351200e-04  -2.6326452e-04  -1.9591695e-03
  -4.5560879e-04  -1.0332026e-03  -3.7195388e-04  -1.9328971e-03
  -7.3288518e-05  -9.9575091e-04  -1.9205424e-04  -2.0492462e-03
  -1.1451914e-04  -1.0069864e-03  -3.5696224e-04  -2.1543357e-03
  -2.3446275e-04  -9.9575091e-04  -1.7706261e-04  -2.0304802e-03
  -6.2043804e-05  -8.7216047e-04  -2.6701242e-04  -2.0867782e-03
  -2.3446275e-04  -8.0100233e-04  -2.1079379e-04  -2.3269828e-03
  -2.5320394e-04  -8.6841530e-04  -1.3208770e-04  -2.0717654e-03
  -3.0567927e-04  -9.6578959e-04  -2.9699570e-04  -2.1881145e-03
  -4.5186056e-04  -9.2459278e-04  -1.7706261e-04  -2.4470851e-03
  -1.8573566e-04  -7.1486354e-04  -1.2084397e-04  -2.0830250e-03
  -1.5200152e-04  -9.0586695e-04  -1.5082725e-04  -2.3757743e-03
  -2.4195923e-04  -1.1268317e-03  -5.2936605e-04  -2.4020467e-03
  -1.7064948e-05  -1.0257122e-03  -2.2578543e-04  -2.1393229e-03
   2.4165670e-05  -8.9463146e-04   7.0299386e-05  -2.4395787e-03
  -2.1946980e-04  -8.3470882e-04  -2.5576870e-04  -2.3419956e-03
  -1.5200152e-04  -8.0100233e-04  -2.3398339e-05  -2.2706848e-03
  -5.4547328e-05  -6.7366672e-04  -2.9324779e-04  -2.5859534e-03
  -3.3941342e-04  -8.4968948e-04  -1.9205424e-04  -2.3832807e-03
  -1.2201561e-04  -9.4706377e-04   8.1543113e-05  -2.0267270e-03
  -8.0784994e-05  -7.9725717e-04  -3.4946642e-04  -2.3307360e-03
  -3.5065813e-04  -9.3208311e-04  -2.7450824e-04  -2.4996298e-03
  -4.7050852e-05  -9.4331860e-04  -2.9699570e-04  -2.2106337e-03
  -2.4561424e-05  -8.5343464e-04  -3.7195388e-04  -2.5409150e-03
  -9.5777946e-05  -9.9575091e-04  -2.4077706e-04  -2.4771107e-03
   1.2911633e-04  -8.1223783e-04  -1.4333143e-04  -1.9441567e-03
  -5.8202340e-06  -7.5980552e-04  -1.2833979e-04  -2.1806081e-03
  -1.1826737e-04  -8.6467014e-04  -1.2459188e-04  -2.0229738e-03
   1.1037514e-04  -5.2760529e-04  -7.9616974e-05  -2.0717654e-03
  -1.3316710e-05  -6.9239255e-04  -4.5885793e-05  -2.2181401e-03
  -1.0702266e-04  -8.8714113e-04  -1.2084397e-04  -2.0042078e-03
  -7.3288518e-05  -7.5606035e-04  -2.3702915e-04  -2.1393229e-03
  -8.4533232e-05  -9.6953476e-04  -9.1088500e-07  -1.8278076e-03
   1.3661281e-04  -9.1710245e-04  -4.2137884e-05  -1.9141311e-03
  -9.2029708e-05  -7.7104101e-04  -6.0877429e-05  -2.2143869e-03
  -2.4195923e-04  -8.6841530e-04  -1.5902521e-05  -1.9704291e-03
  -1.2576385e-04  -8.3470882e-04  -1.1334816e-04  -2.0304802e-03
  -1.9698037e-04  -8.1598299e-04   2.5324478e-05  -2.0304802e-03
  -1.2576385e-04  -9.1335728e-04   1.0332842e-05  -2.1130505e-03
  -2.4561424e-05  -7.4857002e-04   6.6551477e-05  -2.0079610e-03
   5.4151574e-05  -8.1223783e-04  -7.5869065e-05  -1.9216375e-03
  -1.1826737e-04  -1.0444381e-03  -2.1828961e-04  -2.2744380e-03
  -1.5949799e-04  -8.5717981e-04  -1.2459188e-04  -2.0492462e-03
  -9.9526184e-05  -8.1972816e-04  -1.8455843e-04  -2.0867782e-03
  -1.8573566e-04  -8.1972816e-04  -2.5202079e-04  -2.0267270e-03
  -9.5777946e-05  -8.4219915e-04  -1.5457515e-04  -1.8203012e-03
  -4.0313346e-04  -9.0586695e-04  -8.3364883e-05  -2.1280633e-03
  -4.0313346e-04  -7.3733453e-04  -3.2697897e-04  -2.0605058e-03
  -1.2576385e-04  -7.9725717e-04  -1.5832306e-04  -2.0605058e-03
  -1.8948390e-04  -9.0586695e-04  -2.7146248e-05  -2.1543357e-03
  -1.7074271e-04  -7.1111837e-04  -2.3328124e-04  -2.1168037e-03
  -3.7689580e-04  -9.2084761e-04  -3.4946642e-04  -2.0229738e-03
  -2.6070042e-04  -9.3957344e-04  -4.2442460e-04  -1.9967014e-03
  -1.4825328e-04  -6.3621507e-04  -1.3583561e-04  -2.1205569e-03
  -3.4690989e-04  -1.0332026e-03  -2.5202079e-04  -2.2256465e-03
  -3.3566518e-04  -9.2084761e-04  -3.1948315e-04  -2.1731017e-03
  -3.2067223e-04  -8.2721849e-04  -8.7112792e-05  -2.1731017e-03
  -2.6819689e-04  -1.1118510e-03  -3.3072688e-04  -2.1618421e-03
  -3.2442046e-04  -8.3470882e-04  -3.8694551e-04  -2.0980378e-03
  -3.2442046e-04  -9.8826058e-04  -3.3822270e-04  -2.2519188e-03
  -2.7194513e-04  -1.0781445e-03  -2.8200406e-04  -2.0117142e-03
  -2.0072861e-04  -9.1335728e-04  -3.2323106e-04  -1.9366503e-03
  -2.1572156e-04  -1.0406929e-03  -3.3447479e-04  -1.9441567e-03
  -4.4061584e-04  -9.6578959e-04  -1.5832306e-04  -1.8203012e-03
  -3.9938522e-04  -7.7478618e-04  -3.1948315e-04  -2.1318165e-03
  -4.0313346e-04  -8.1972816e-04  -3.9818924e-04  -2.0342334e-03
  -5.2682532e-04  -9.3208311e-04  -1.9580215e-04  -2.0867782e-03
  -2.8318985e-04  -8.6841530e-04   1.1902220e-04  -2.1092973e-03
  -1.8948390e-04  -1.1567930e-03  -1.2833979e-04  -1.8203012e-03
  -2.0447685e-04  -1.0669090e-03  -4.6939951e-04  -2.0079610e-03
  -1.0327442e-04  -6.8864738e-04  -8.3364883e-05  -2.0079610e-03
  -2.3821099e-04  -9.8826058e-04  -1.5832306e-04  -1.8803523e-03
  -1.7823918e-04  -9.2459278e-04  -3.3822270e-04  -1.6776797e-03
  -3.9554376e-05  -8.0474750e-04   3.2820296e-05  -1.8390672e-03
  -1.6699447e-04  -9.0961212e-04  -6.0877429e-05  -1.9178843e-03
  -2.1946980e-04  -8.3096365e-04  -2.5202079e-04  -1.7414840e-03
  -2.6070042e-04  -7.7478618e-04  -1.5082725e-04  -2.0492462e-03
  -3.5065813e-04  -8.7965080e-04  -1.5832306e-04  -1.9929482e-03
  -2.5320394e-04  -1.0893800e-03  -1.3208770e-04  -2.0942846e-03
  -1.4450504e-04  -1.1155962e-03  -8.3364883e-05  -2.2181401e-03
  -1.1077090e-04  -1.0706542e-03   1.4080751e-05  -2.0680122e-03
   6.1648050e-05  -8.9837662e-04  -6.0877429e-05  -1.9854418e-03
  -2.0719960e-06  -1.1118510e-03  -2.2578543e-04  -1.9141311e-03
  -1.7449094e-04  -1.0069864e-03  -1.8081052e-04  -2.0042078e-03
  -8.4533232e-05  -7.4857002e-04  -6.8373247e-05  -1.9103779e-03
  -1.7449094e-04  -8.8714113e-04  -1.8455843e-04  -2.0755186e-03
  -2.0719960e-06  -6.6617639e-04  -2.2203752e-04  -2.1806081e-03
   5.0403336e-05  -9.5455410e-04  -8.3364883e-05  -2.1618421e-03
  -2.5320394e-04  -8.9837662e-04  -9.1088500e-07  -2.0454930e-03
  -9.9526184e-05  -6.5119573e-04  -1.1334816e-04  -2.0229738e-03
  -2.1946980e-04  -8.4968948e-04  -2.9699570e-04  -2.2519188e-03
  -2.1197332e-04  -8.8339596e-04  -5.3381611e-05  -2.1318165e-03
  -1.0702266e-04  -9.9949608e-04  -3.7195388e-04  -2.3795275e-03
  -1.8198742e-04  -8.7590563e-04  -4.2442460e-04  -2.3832807e-03
  -3.9554376e-05  -1.0069864e-03  -2.1828961e-04  -2.2631784e-03
  -2.3071451e-04  -1.0594187e-03  -3.4197060e-04  -2.4170595e-03
  -8.4533232e-05  -1.1081059e-03  -9.4608610e-05  -2.3645147e-03
  -9.5684720e-06  -1.0294574e-03  -3.0449151e-04  -2.4733575e-03
  -2.2321804e-04  -9.0961212e-04  -1.5457515e-04  -2.3870339e-03
  -1.4825328e-04  -1.1155962e-03  -1.3583561e-04  -2.2181401e-03
  -1.9698037e-04  -8.7965080e-04  -4.2442460e-04  -2.2819444e-03
  -6.5792042e-05  -1.0556735e-03  -2.0704588e-04  -2.1543357e-03
  -1.7449094e-04  -9.6578959e-04  -2.5576870e-04  -2.1280633e-03
  -1.7074271e-04  -8.0474750e-04  -9.8356519e-05  -2.4020467e-03
   1.2161986e-04  -1.0968704e-03   1.7828660e-05  -2.2669316e-03
  -9.2029708e-05  -9.2084761e-04  -2.2953333e-04  -2.4733575e-03
  -1.4450504e-04  -8.1223783e-04  -4.6587940e-06  -2.4733575e-03
  -1.7074271e-04  -8.3845398e-04   4.0316114e-05  -2.0942846e-03
  -2.0813186e-05  -9.3582827e-04  -1.6207097e-04  -2.2669316e-03
   1.3286457e-04  -7.3358936e-04   2.8370240e-06  -1.9441567e-03
  -1.5200152e-04  -7.4482486e-04  -2.7146248e-05  -1.7940288e-03
  -2.3821099e-04  -1.0332026e-03   1.2651802e-04  -2.0529994e-03
  -6.9540280e-05  -7.7853134e-04   1.0777848e-04  -2.0117142e-03
   3.6900357e-04  -8.8339596e-04  -2.1828961e-04  -1.9816886e-03
   1.6762420e-06  -8.7216047e-04   2.8370240e-06  -2.0605058e-03
  -7.3288518e-05  -6.0625375e-04   1.0332842e-05  -2.0229738e-03
   8.4137478e-05  -9.6578959e-04  -2.4827288e-04  -1.8953651e-03
  -3.0193104e-04  -8.9463146e-04  -1.5902521e-05  -2.1468293e-03
   1.3661281e-04  -5.2011496e-04   4.4064023e-05  -2.2932040e-03
   5.4244800e-06  -8.5343464e-04  -4.2067669e-04  -2.0942846e-03
   5.4244800e-06  -8.9463146e-04  -3.2323106e-04  -1.9779355e-03
  -3.3191694e-04  -6.8115705e-04   1.0403057e-04  -1.8278076e-03
   1.8908814e-04  -9.0212179e-04  -6.0877429e-05  -1.8428204e-03
  -5.8295566e-05  -9.8826058e-04  -2.3702915e-04  -2.1768549e-03
  -5.0808413e-04  -8.7590563e-04  -3.4571851e-04  -2.1243101e-03
   1.5834327e-03  -8.4219915e-04  -1.4707934e-04  -2.0042078e-03
   5.0019190e-04  -7.7853134e-04  -1.5082725e-04  -2.0267270e-03
  -1.0703198e-03  -6.4370540e-04  -1.6207097e-04  -1.9328971e-03
  -9.2788678e-04  -1.0032412e-03   9.0983100e-04  -2.2669316e-03
   9.6122517e-04  -1.2579125e-03   2.5324478e-05  -2.2218933e-03
   9.2749103e-04  -8.3845398e-04  -1.1365273e-03  -1.8690927e-03
  -6.5051717e-04  -5.3884078e-04  -3.3447479e-04  -2.0117142e-03
   1.1261476e-03  -6.9988288e-04   6.5849330e-06  -2.1993741e-03
   1.5946774e-03  -1.1530478e-03  -1.2084397e-04  -2.2143869e-03
   1.5946774e-03  -1.0631639e-03  -1.0428296e-03  -2.0529994e-03
   1.8120752e-03  -4.8640847e-04  -2.6701242e-04  -2.3832807e-03
   1.7033763e-03  -5.3135045e-04   8.2362909e-04  -2.7623536e-03
  -1.7823918e-04  -9.7702509e-04  -2.1079379e-04  -2.4395787e-03
  -2.0673511e-03  -1.3028544e-03  -8.6292996e-04  -2.6272385e-03
   2.2955979e-03  -1.3365609e-03  -1.6724783e-03  -2.9837922e-03
   6.6997775e-03  -4.0401484e-04  -2.8005989e-03  -2.6159789e-03
   3.2851327e-03   2.4015354e-04  -3.6663659e-03  -2.4395787e-03
  -2.1385677e-03  -2.9165989e-04  -2.4895225e-03  -2.8261580e-03
  -9.8036211e-04  -1.3290706e-03  -1.0465775e-03  -3.1489329e-03
   1.2873219e-03  -2.1005746e-03  -3.6626180e-03  -2.9537667e-03
  -1.9848899e-03  -1.3290706e-03  -6.4997851e-03  -2.3007104e-03
  -2.4983985e-03  -6.2123441e-04  -4.8057302e-03  -2.2331528e-03
   2.5354851e-03  -8.8339596e-04  -2.8530696e-03  -2.9912986e-03
   4.2859123e-03  -8.9088629e-04  -5.0943192e-03  -2.7773664e-03
  -4.9309117e-04  -7.3358936e-04  -7.7178555e-03  -1.9328971e-03
  -3.7877924e-03  -6.8864738e-04  -6.7996178e-03  -2.0117142e-03
  -3.0231518e-03  -1.2991093e-03  -5.0231089e-03  -2.4958766e-03
  -3.3829827e-03  -1.8421582e-03  -6.7733824e-03  -2.0755186e-03
  -3.4766886e-03  -1.4713869e-03  -9.6292891e-03  -1.2535684e-03
  -2.0111276e-03  -6.9239255e-04  -8.5274039e-03  -1.7452372e-03
  -5.4556651e-04  -2.5046308e-04  -5.9900695e-03  -2.0567526e-03
  -1.8349604e-03  -8.2721849e-04  -5.9525904e-03  -1.6213817e-03
  -4.4549787e-03  -1.1193414e-03  -5.2142523e-03  -1.5012794e-03
  -4.3500281e-03  -1.2316963e-03  -1.3951330e-03  -1.5162922e-03
  -2.7907611e-03  -1.6211935e-03   2.3640197e-03  -1.8465736e-03
  -1.5163601e-03  -1.1193414e-03   3.4771487e-03  -1.5125390e-03
  -2.5695218e-04  -9.9575091e-04   4.7776731e-03  -1.1597385e-03
   7.0259675e-04  -8.8714113e-04   8.5068425e-03  -1.6026158e-03
   1.0736723e-03  -4.2274067e-04   1.1235320e-02  -1.6176285e-03
   1.6958798e-03  -8.5343464e-04   1.2003642e-02  -1.5725902e-03
   1.1748747e-03  -9.4331860e-04   1.1407724e-02  -1.4524879e-03
  -1.2202493e-03  -8.4219915e-04   1.0234629e-02  -1.4862666e-03
  -5.0058765e-04  -9.2833794e-04   9.8223586e-03  -2.0342334e-03
  -4.0313346e-04  -7.1860870e-04   7.0976288e-03  -1.1897641e-03
  -1.9698969e-03  -9.8077025e-04   7.5886048e-03  -6.4179732e-04
   2.6216946e-03  -1.1006155e-03   1.4653413e-02  -2.6460045e-03
   2.2356261e-03  -6.5494090e-04   1.2989342e-02  -2.9199879e-03
  -3.3492485e-03  -3.1038572e-04   5.1074891e-03  -6.8308249e-04
  -6.1678303e-04  -6.9239255e-04   6.8015439e-03  -7.6189962e-04
   3.5512576e-03  -1.2391866e-03   1.3716436e-02  -2.7098089e-03
   5.1518485e-04  -9.8077025e-04   1.3476570e-02  -2.9500135e-03
  -3.2442979e-03  -9.2084761e-04   4.4740925e-03  -1.2348024e-03
   1.4897267e-03  -9.5455410e-04   2.0267079e-03  -9.4205308e-04
   4.8893786e-03  -8.3470882e-04   6.5879131e-03  -2.6497577e-03
  -1.4713813e-03  -6.2872474e-04   2.5439193e-03  -2.4133063e-03
  -4.9647391e-03  -5.1636979e-04  -3.3965164e-03  -1.3361388e-03
  -4.4436408e-04  -1.2766383e-03  -4.0186693e-03  -1.8765991e-03
   9.0500160e-04  -1.2654028e-03  -4.2023169e-03  -2.5972130e-03
  -4.4174964e-03  -6.6617639e-04  -6.2973980e-03  -2.4095531e-03
  -5.5757019e-03  -7.6729585e-04  -9.8729032e-03  -1.8953651e-03
  -1.1527811e-03  -7.1860870e-04  -9.5018602e-03  -2.5146426e-03
  -1.1752705e-03  -8.6841530e-04  -7.9427301e-03  -2.9387539e-03
  -5.6769043e-03  -1.1081059e-03  -9.7567180e-03  -2.4245659e-03
  -5.3020805e-03  -9.3957344e-04  -9.3631876e-03  -2.3232296e-03
  -6.3177598e-04  -1.2953641e-03  -6.6946764e-03  -2.3832807e-03
  -4.2187465e-04  -1.3477964e-03  -5.5140850e-03  -2.2744380e-03
  -2.6595727e-03  -6.8490222e-04  -5.3191938e-03  -1.8953651e-03
  -1.4488919e-03  -9.6953476e-04  -4.4984017e-03  -1.7377308e-03
   1.0736723e-03  -1.3440513e-03  -2.5307495e-03  -2.1468293e-03
   5.1518485e-04  -1.0144767e-03  -1.0353338e-03  -2.0417398e-03
  -1.6587932e-03  -8.0100233e-04  -1.1365273e-03  -1.7001989e-03
  -3.4690989e-04  -8.6841530e-04  -2.0704588e-04  -2.0154674e-03
   1.9994871e-03  -9.9949608e-04   2.0079683e-03  -2.1580889e-03
   2.4156347e-04  -8.7216047e-04   2.8362562e-03  -1.9516631e-03
  -9.7661388e-04  -6.9988288e-04   4.2267305e-03  -2.1731017e-03
   1.6171668e-03  -8.3470882e-04   5.6621796e-03  -2.5221490e-03
   2.2318779e-03  -1.0743994e-03   5.0962454e-03  -2.2218933e-03
   2.0782933e-04  -6.1748925e-04   4.6652358e-03  -1.8165480e-03
  -2.0447685e-04  -4.2648583e-04   5.1637077e-03  -1.6776797e-03
   1.6434045e-03  -9.2833794e-04   6.2843325e-03  -2.0304802e-03
   2.4005486e-03  -1.0631639e-03   6.3442991e-03  -2.3457488e-03
   1.0174487e-03  -7.5231519e-04   4.9350853e-03  -1.5650838e-03
   1.5909292e-03  -6.1748925e-04   5.0999933e-03  -1.6138753e-03
   2.5804640e-03  -1.0219671e-03   5.8008522e-03  -2.2143869e-03
   1.1786230e-03  -9.5829926e-04   4.7364461e-03  -1.9929482e-03
  -2.3071451e-04  -8.9463146e-04   3.4134342e-03  -2.0680122e-03
   4.5896128e-04  -9.0586695e-04   2.7200710e-03  -2.1055441e-03
   1.6284115e-03  -8.3470882e-04   2.0004725e-03  -2.1693485e-03
   3.2777295e-04  -8.5343464e-04   1.2651802e-04  -2.2143869e-03
  -7.6296431e-04  -5.3884078e-04  -1.7137053e-03  -2.1092973e-03
  -3.1692399e-04  -6.6617639e-04  -2.3620936e-03  -2.3307360e-03
  -6.4302069e-04  -8.1598299e-04  -3.7525678e-03  -2.4020467e-03
  -1.3326965e-03  -1.1567930e-03  -5.2592272e-03  -2.1806081e-03
  -1.5538425e-03  -1.1792640e-03  -6.0462881e-03  -2.0867782e-03
  -8.6416674e-04  -6.7366672e-04  -6.7396513e-03  -2.2031273e-03
  -6.5801365e-04  -9.6953476e-04  -7.2193836e-03  -2.2181401e-03
  -1.9698969e-03  -1.1006155e-03  -7.3618042e-03  -2.2068805e-03
  -1.8349604e-03  -1.1006155e-03  -5.9226071e-03  -2.1655953e-03
  -6.3552422e-04  -1.4226997e-03  -4.6258306e-03  -2.2181401e-03
  -7.1798545e-04  -1.1755188e-03  -4.8019823e-03  -2.3082168e-03
  -1.0440822e-03  -8.3096365e-04  -4.4459310e-03  -2.0830250e-03
  -5.1932884e-04  -9.9575091e-04  -3.3627853e-03  -2.1918677e-03
   1.4410929e-04  -1.1380672e-03  -2.1222274e-03  -2.4133063e-03
  -2.1197332e-04  -1.0818897e-03  -1.7324448e-03  -2.1205569e-03
  -4.4061584e-04  -9.3957344e-04  -1.9160924e-03  -1.9929482e-03
   1.2911633e-04  -9.5080893e-04  -1.2114855e-03  -1.9291439e-03
   8.1504389e-04  -1.0219671e-03  -2.5202079e-04  -2.1580889e-03
   6.8760380e-04  -8.2347332e-04  -2.7146248e-05  -2.2031273e-03
   3.0528352e-04  -7.0737321e-04   9.6534749e-05  -1.7302244e-03
   8.1879213e-04  -7.7104101e-04   6.9620019e-04  -1.8278076e-03
   6.6886261e-04  -8.9463146e-04   1.2358991e-03  -1.9779355e-03
   2.9778704e-04  -9.9200575e-04   1.5994463e-03  -1.8953651e-03
   6.7261084e-04  -9.5455410e-04   1.7118835e-03  -1.8428204e-03
   9.4998046e-04  -7.7478618e-04   1.8992790e-03  -2.2068805e-03
   9.6497341e-04  -8.9463146e-04   2.1541368e-03  -2.2369060e-03
   6.9510027e-04  -1.0219671e-03   1.8430603e-03  -1.8503268e-03
   6.8385556e-04  -7.7853134e-04   1.8093292e-03  -1.9404035e-03
   9.7621812e-04  -8.9088629e-04   1.6631607e-03  -1.7902756e-03
   8.0379917e-04  -9.1335728e-04   1.1047223e-03  -1.9291439e-03
   6.5761789e-04  -5.8752793e-04   9.1357891e-04  -2.1055441e-03
   9.8371460e-04  -5.8378276e-04   5.6127546e-04  -1.9291439e-03
   8.4128155e-04  -7.0737321e-04   4.3759447e-04  -2.0154674e-03
   4.2522714e-04  -5.3884078e-04   1.0403057e-04  -2.2331528e-03
   4.0273771e-04  -6.6992156e-04  -3.3822270e-04  -2.2744380e-03
   1.4036105e-04  -8.3845398e-04  -4.3941624e-04  -2.0567526e-03
   5.7899812e-05  -7.8602167e-04  -1.0840566e-03  -2.3082168e-03
  -5.8202340e-06  -1.0931252e-03  -1.3726456e-03  -2.4358255e-03
  -3.6939932e-04  -8.3096365e-04  -1.7024616e-03  -2.2481656e-03
   2.4165670e-05  -7.9725717e-04  -2.2534042e-03  -2.4583447e-03
  -6.2043804e-05  -1.0519284e-03  -2.5644806e-03  -2.3082168e-03
  -6.1678303e-04  -6.3246991e-04  -2.6656742e-03  -2.2031273e-03
  -5.4547328e-05  -7.3733453e-04  -2.0247817e-03  -2.3757743e-03
   3.5401061e-04  -7.8602167e-04  -1.7024616e-03  -2.3194764e-03
  -1.5574975e-04  -7.2235387e-04  -2.0285297e-03  -2.3720211e-03
  -1.4450504e-04  -1.0369477e-03  -2.6769179e-03  -2.1543357e-03
   3.5775885e-04  -8.0474750e-04  -2.4370517e-03  -2.2481656e-03
   3.1278000e-04  -6.3246991e-04  -1.9947985e-03  -2.5746938e-03
  -2.3821099e-04  -1.0444381e-03  -2.7968510e-03  -2.2856976e-03
  -3.8439227e-04  -9.9200575e-04  -3.2053731e-03  -2.2594252e-03
  -8.8281470e-05  -9.3957344e-04  -3.4264997e-03  -2.4545915e-03
  -5.0433589e-04  -1.2354415e-03  -3.4339955e-03  -2.4395787e-03
  -5.6055946e-04  -8.6841530e-04  -2.7031533e-03  -2.3645147e-03
  -2.7569337e-04  -7.7104101e-04  -2.1859418e-03  -2.5596810e-03
  -1.1451914e-04  -1.1343220e-03  -1.5787806e-03  -2.5859534e-03
   3.4276590e-04  -9.2084761e-04  -1.0990482e-03  -2.4170595e-03
   5.0403336e-05  -8.3845398e-04  -1.1515189e-03  -2.4846170e-03
   3.9158622e-05  -9.7702509e-04  -7.8422387e-04  -2.2481656e-03
   3.5401061e-04  -8.2721849e-04  -5.5185351e-04  -2.2406592e-03
   4.5521304e-04  -5.7629243e-04  -4.0943297e-04  -2.2481656e-03
   6.2763199e-04  -6.6992156e-04  -3.4642066e-05  -2.0867782e-03
   3.5401061e-04  -8.8714113e-04  -5.7129520e-05  -2.1092973e-03
   2.7529762e-04  -8.0100233e-04   3.6263629e-04  -2.0567526e-03
   3.8024828e-04  -8.3096365e-04   5.9500665e-04  -2.2143869e-03
   2.7904585e-04  -8.0849266e-04   6.2124201e-04  -2.1130505e-03
   1.5535400e-04  -8.9463146e-04   1.1272097e-03  -1.9779355e-03
   5.3767428e-04  -8.6841530e-04   1.3933113e-03  -2.2556720e-03
   5.4891899e-04  -7.7853134e-04   1.5394797e-03  -2.2556720e-03
   5.0019190e-04  -7.8227651e-04   1.2621344e-03  -2.1993741e-03
   4.5896128e-04  -8.4594431e-04   1.0672432e-03  -2.2143869e-03
  -2.4195923e-04  -9.9200575e-04   1.0597474e-03  -2.0342334e-03
   6.1648050e-05  -4.2648583e-04   6.8495646e-04  -2.0304802e-03
   1.2985666e-03  -2.2799209e-04  -3.8389975e-05  -2.0117142e-03
   2.0894448e-03  -7.5606035e-04  -4.8813906e-04  -1.9366503e-03
  -4.7434998e-04  -1.1380672e-03   5.2379637e-04  -2.1017910e-03
  -2.8544811e-03  -9.8826058e-04   9.4731009e-04  -2.1468293e-03
  -9.6536916e-04  -9.9949608e-04   1.7524084e-04  -2.1881145e-03
   1.5384538e-03  -1.1567930e-03  -6.7178660e-04  -2.0342334e-03
   1.1411406e-03  -7.9725717e-04  -8.0296341e-04  -1.9178843e-03
  -8.6416674e-04  -8.4594431e-04   9.2786840e-05  -2.3607615e-03
  -7.1048898e-04  -1.0369477e-03  -8.7112792e-05  -2.2631784e-03
  -1.8573566e-04  -1.1867543e-03  -7.9546759e-04  -2.0004546e-03
  -6.8799955e-04  -1.3889932e-03  -9.1914859e-04  -2.1618421e-03
  -1.1977599e-03  -1.0743994e-03  -7.0551778e-04  -2.1731017e-03
  -5.6805593e-04  -7.2609903e-04  -8.9666114e-04  -2.3269828e-03
   9.1249808e-04  -1.0706542e-03  -1.7361928e-03  -2.0680122e-03
   6.0889080e-04  -9.0961212e-04  -1.8223947e-03  -1.7489904e-03
  -1.2277458e-03  -6.8115705e-04  -1.0765608e-03  -2.1993741e-03
  -1.6587932e-03  -1.0032412e-03  -4.8439115e-04  -2.4320723e-03
  -3.1317575e-04  -8.3470882e-04  -1.0915524e-03  -2.0980378e-03
   1.7034695e-04  -9.0212179e-04  -1.4176205e-03  -1.8653395e-03
  -4.1062994e-04  -9.0586695e-04  -5.3686187e-04  -2.2256465e-03
  -8.3792907e-04  -6.4745057e-04  -3.4642066e-05  -2.2369060e-03
  -6.5801365e-04  -8.3845398e-04  -2.1828961e-04  -1.8315608e-03
  -2.3071451e-04  -1.1942447e-03  -6.5679496e-04  -1.9666759e-03
  -6.8799955e-04  -1.1717737e-03  -1.7706261e-04  -2.0567526e-03
  -8.6791497e-04  -9.2833794e-04   5.4253592e-04  -2.0830250e-03
  -2.0072861e-04  -7.6729585e-04   3.8512374e-04  -2.0605058e-03
  -2.4561424e-05  -8.6467014e-04   2.3145947e-04  -1.9704291e-03
  -1.7449094e-04  -1.0406929e-03   7.5241882e-04  -2.0304802e-03
  -7.2173369e-04  -9.5455410e-04   1.5357318e-03  -1.9554163e-03
  -5.6805593e-04  -9.7702509e-04   1.2733782e-03  -1.7602500e-03
   3.0153528e-04  -8.7965080e-04   6.9994810e-04  -1.5951094e-03
  -1.3700856e-04  -8.4219915e-04   6.9620019e-04  -1.8540799e-03
  -8.5667026e-04  -8.5717981e-04   7.4117510e-04  -1.9666759e-03
  -6.5426541e-04  -8.3845398e-04   9.0233518e-04  -1.8240544e-03
  -3.5065813e-04  -9.8451542e-04   7.7115837e-04  -1.9629227e-03
  -2.9818280e-04  -8.7965080e-04   4.3009865e-04  -1.9141311e-03
  -4.5186056e-04  -9.5829926e-04   6.8120855e-04  -1.8390672e-03
  -7.2173369e-04  -8.8339596e-04   7.5991464e-04  -1.9741823e-03
  -3.5065813e-04  -7.5231519e-04   6.4372946e-04  -2.0492462e-03
   1.3286457e-04  -1.0669090e-03   1.0147725e-03  -1.8203012e-03
  -7.7036756e-05  -9.5080893e-04   1.0297641e-03  -1.9291439e-03
  -3.3941342e-04  -8.0849266e-04   1.0297641e-03  -2.1580889e-03
  -2.6819689e-04  -8.7216047e-04   9.4731009e-04  -1.8991183e-03
  -1.9698037e-04  -9.7327992e-04   8.0488955e-04  -1.9929482e-03
  -5.2682532e-04  -1.0556735e-03   9.8104127e-04  -2.1655953e-03
  -7.2173369e-04  -9.9200575e-04   5.7251919e-04  -2.1055441e-03
  -4.7809822e-04  -1.0818897e-03   6.3998155e-04  -2.0454930e-03
  -2.3821099e-04  -1.0444381e-03   5.2004847e-04  -2.1355697e-03
  -2.6070042e-04  -8.9088629e-04   3.6568205e-05  -2.1430761e-03
  -6.0553831e-04  -6.8115705e-04   1.0028266e-04  -2.0229738e-03
  -5.7555241e-04  -7.4857002e-04  -1.0585234e-04  -2.0492462e-03
  -3.3566518e-04  -8.3845398e-04   6.6551477e-05  -1.9591695e-03
  -5.0808413e-04  -8.3470882e-04   5.1559841e-05  -2.2293996e-03
  -5.4181827e-04  -9.8077025e-04  -1.9955006e-04  -2.3607615e-03
  -3.8064403e-04  -7.8227651e-04  -4.9633702e-05  -2.3945403e-03
  -3.9188875e-04  -7.7104101e-04  -1.7331470e-04  -2.4620979e-03
  -3.5815461e-04  -8.7216047e-04   1.6024920e-04  -2.1243101e-03
  -3.8064403e-04  -8.4219915e-04   4.9006519e-04  -2.2706848e-03
  -4.3311937e-04  -1.0332026e-03   2.2396365e-04  -2.2856976e-03
  -2.0447685e-04  -8.6092497e-04   2.2771156e-04  -2.2331528e-03
