  -6.5792042e-05  -8.1223783e-04   9.6534749e-05  -2.0529994e-03
  -1.3326033e-04  -9.5455410e-04  -9.1088500e-07  -2.0342334e-03
  -9.2029708e-05  -5.6880210e-04  -8.7112792e-05  -1.8615863e-03
  -4.3302614e-05  -5.2386012e-04  -3.1948315e-04  -2.1543357e-03
  -2.6070042e-04  -8.0849266e-04  -1.5832306e-04  -2.0942846e-03
   5.0403336e-05  -9.1335728e-04   9.2786840e-05  -2.1806081e-03
  -5.8295566e-05  -7.9351200e-04   2.8370240e-06  -2.0342334e-03
  -2.9818280e-04  -6.0250859e-04   9.2786840e-05  -1.8315608e-03
   2.4165670e-05  -5.6131177e-04  -1.0960025e-04  -2.2406592e-03
  -1.3316710e-05  -6.1748925e-04  -3.8389975e-05  -1.9291439e-03
   1.6762420e-06  -5.3509562e-04   1.4150966e-04  -1.7640032e-03
   3.9158622e-05  -4.7517298e-04  -9.1088500e-07  -2.0454930e-03
   3.9158622e-05  -5.3884078e-04   8.9038931e-05  -1.9404035e-03
   7.2892764e-05  -5.2011496e-04  -1.4707934e-04  -1.9629227e-03
   1.9283638e-04  -5.6880210e-04  -9.4608610e-05  -1.7677564e-03
   8.0389240e-05  -7.1486354e-04   1.3401384e-04  -1.6889393e-03
   6.9144526e-05  -8.4968948e-04  -1.0960025e-04  -2.0079610e-03
   1.4785752e-04  -7.8976684e-04  -1.4707934e-04  -1.7264713e-03
  -1.0327442e-04  -5.8752793e-04  -1.3958352e-04  -1.7977820e-03
   1.6762420e-06  -6.5868606e-04   1.7828660e-05  -2.0342334e-03
  -2.6444866e-04  -7.3358936e-04   7.4047295e-05  -1.7227181e-03
  -2.2696628e-04  -7.1486354e-04   2.9072387e-05  -1.9328971e-03
   3.9158622e-05  -6.9239255e-04   1.2277011e-04  -1.8315608e-03
  -1.5200152e-04  -8.6467014e-04  -9.8356519e-05  -1.7302244e-03
  -1.3316710e-05  -8.6092497e-04  -2.1454170e-04  -1.9816886e-03
   4.6655098e-05  -5.2386012e-04  -2.6326452e-04  -1.9216375e-03
   1.1037514e-04  -5.6880210e-04  -3.7570179e-04  -1.9816886e-03
  -8.4533232e-05  -7.5231519e-04  -3.5696224e-04  -1.8428204e-03
  -2.3071451e-04  -7.5231519e-04  -1.9580215e-04  -1.7715096e-03
  -8.0784994e-05  -5.6880210e-04   1.4900547e-04  -1.8878587e-03
  -2.9068632e-04  -5.8378276e-04  -8.4067030e-06  -1.7940288e-03
  -2.7194513e-04  -6.3996024e-04  -2.2203752e-04  -1.6439009e-03
  -1.1826737e-04  -7.6729585e-04   5.5307750e-05  -1.9404035e-03
  -2.7194513e-04  -8.7965080e-04  -7.9616974e-05  -2.1393229e-03
  -2.9068632e-04  -7.7104101e-04  -1.1709606e-04  -1.6851861e-03
  -1.6324623e-04  -9.9200575e-04  -5.3381611e-05  -1.7414840e-03
  -3.4316165e-04  -8.3096365e-04  -3.2323106e-04  -2.0567526e-03
  -2.3821099e-04  -6.6243123e-04  -2.4077706e-04  -1.8841055e-03
  -2.2696628e-04  -8.1972816e-04  -3.0823942e-04  -1.7790160e-03
  -5.5306298e-04  -7.7104101e-04  -2.2953333e-04  -1.8690927e-03
  -2.9818280e-04  -8.1223783e-04  -4.9633702e-05  -1.9178843e-03
  -2.4945570e-04  -6.4745057e-04  -2.3702915e-04  -1.9779355e-03
  -1.2201561e-04  -6.0250859e-04  -6.8373247e-05  -1.9366503e-03
   3.1662146e-05  -9.6204443e-04  -1.5082725e-04  -1.9479099e-03
  -2.6819689e-04  -9.8826058e-04  -2.6326452e-04  -1.9741823e-03
  -2.9068632e-04  -8.4219915e-04  -2.3328124e-04  -1.6664201e-03
  -3.5815461e-04  -8.3470882e-04  -2.4077706e-04  -1.8015352e-03
  -1.9323213e-04  -8.6092497e-04  -7.9616974e-05  -2.1017910e-03
  -2.7569337e-04  -8.3096365e-04  -4.2817251e-04  -1.9366503e-03
  -4.7809822e-04  -7.1486354e-04  -2.4827288e-04  -2.0192206e-03
  -1.7064948e-05  -8.3845398e-04   1.3401384e-04  -2.1280633e-03
  -1.2576385e-04  -8.8714113e-04   1.2651802e-04  -1.9629227e-03
  -2.1572156e-04  -8.0849266e-04   1.4150966e-04  -1.7640032e-03
   1.2161986e-04  -8.0849266e-04  -1.3208770e-04  -1.7790160e-03
  -1.1451914e-04  -8.0474750e-04   1.4080751e-05  -1.8953651e-03
  -2.1572156e-04  -7.8602167e-04   3.2820296e-05  -1.7865224e-03
  -2.3446275e-04  -7.6729585e-04  -2.3328124e-04  -1.9666759e-03
  -1.6324623e-04  -6.8115705e-04  -4.0193715e-04  -2.1055441e-03
   2.6030466e-04  -4.7142781e-04  -3.3072688e-04  -1.7114585e-03
  -6.2043804e-05  -5.9501826e-04  -2.5951661e-04  -1.6589137e-03
  -2.7569337e-04  -7.0737321e-04  -2.2203752e-04  -1.7302244e-03
  -2.4570747e-04  -6.5868606e-04   3.4014883e-04  -1.7977820e-03
  -4.1437818e-04  -8.1598299e-04   3.1766138e-04  -1.9028715e-03
  -3.2067223e-04  -9.0961212e-04   1.9023247e-04  -1.7902756e-03
  -2.9818280e-04  -8.4594431e-04   1.0777848e-04  -2.0529994e-03
  -7.3288518e-05  -7.8227651e-04  -1.1334816e-04  -2.0867782e-03
  -1.0327442e-04  -7.3733453e-04  -5.7129520e-05  -1.8353140e-03
  -1.7074271e-04  -6.5119573e-04  -3.9444133e-04  -1.8728459e-03
  -1.0327442e-04  -4.7142781e-04  -4.5815578e-04  -1.9816886e-03
  -3.0942751e-04  -5.9876342e-04  -2.7076033e-04  -2.0942846e-03
  -2.9068632e-04  -7.3733453e-04  -1.1709606e-04  -2.0942846e-03
  -1.6324623e-04  -4.9389880e-04   1.4525757e-04  -1.9141311e-03
  -2.4945570e-04  -8.1972816e-04   2.1576569e-05  -1.9591695e-03
  -1.6324623e-04  -8.6841530e-04  -9.1088500e-07  -2.0229738e-03
  -1.2951209e-04  -7.2984420e-04   3.6568205e-05  -1.6326413e-03
  -2.3071451e-04  -9.2833794e-04  -9.8356519e-05  -1.7602500e-03
   1.0287867e-04  -6.0250859e-04  -8.4067030e-06  -2.0867782e-03
   5.4244800e-06  -8.0474750e-04   6.6551477e-05  -1.9929482e-03
  -2.0072861e-04  -8.3096365e-04  -1.0585234e-04  -2.0642590e-03
   4.6655098e-05  -6.5868606e-04  -1.9580215e-04  -2.1205569e-03
   5.4151574e-05  -8.4968948e-04   2.4270320e-04  -2.1993741e-03
  -2.1197332e-04  -6.8115705e-04   2.4270320e-04  -2.1580889e-03
  -2.0072861e-04  -6.9239255e-04  -2.1079379e-04  -2.0379866e-03
  -1.1451914e-04  -7.2609903e-04  -2.7146248e-05  -1.9704291e-03
  -1.8948390e-04  -6.9239255e-04   2.1576569e-05  -2.0379866e-03
   2.4165670e-05  -5.9501826e-04  -2.3328124e-04  -2.1318165e-03
  -1.6324623e-04  -7.2609903e-04  -1.1709606e-04  -1.9816886e-03
  -8.0784994e-05  -6.1374408e-04   7.7795204e-05  -2.1768549e-03
   8.0389240e-05  -5.3509562e-04  -2.4077706e-04  -2.1918677e-03
  -2.4570747e-04  -8.7590563e-04  -2.3328124e-04  -2.1731017e-03
  -6.5792042e-05  -6.1374408e-04   2.5769484e-04  -2.2406592e-03
  -1.7823918e-04  -5.7254727e-04   1.8273666e-04  -1.7152117e-03
  -1.3700856e-04  -5.7254727e-04   7.4047295e-05  -1.5763434e-03
   7.2892764e-05  -5.7254727e-04   3.7013211e-04  -1.9291439e-03
  -4.3302614e-05  -5.9127309e-04   9.2786840e-05  -2.0004546e-03
   1.1412338e-04  -4.7891814e-04  -2.8575197e-04  -1.8878587e-03
   1.2911633e-04  -6.4745057e-04  -1.4333143e-04  -1.8615863e-03
  -5.8202340e-06  -5.0887946e-04  -1.4707934e-04  -1.7152117e-03
  -8.4533232e-05  -6.5868606e-04  -2.3398339e-05  -1.7452372e-03
   2.1532581e-04  -5.5007628e-04  -2.7146248e-05  -1.7977820e-03
  -9.5777946e-05  -5.4258595e-04   1.6399711e-04  -1.5913562e-03
  -4.7060175e-04  -8.5717981e-04   2.3520738e-04  -1.7640032e-03
   3.9158622e-05  -5.1262463e-04  -5.7129520e-05  -1.8203012e-03
   9.9130430e-05  -6.5119573e-04  -3.4642066e-05  -1.8728459e-03
   1.7034695e-04  -6.8490222e-04  -4.6190369e-04  -2.0830250e-03
   1.5535400e-04  -5.5382144e-04  -5.3311396e-04  -1.7564968e-03
  -1.1077090e-04  -5.5382144e-04  -6.4625338e-05  -1.5951094e-03
  -1.2201561e-04  -5.2011496e-04   1.6774502e-04  -1.8165480e-03
  -1.6699447e-04  -9.3582827e-04   1.8273666e-04  -1.7489904e-03
  -3.4316165e-04  -9.4331860e-04   3.5139256e-04  -1.8916119e-03
  -2.2696628e-04  -8.0474750e-04   2.6144274e-04  -2.1280633e-03
  -1.7064948e-05  -8.3096365e-04  -7.5869065e-05  -1.8953651e-03
  -1.8573566e-04  -6.9988288e-04   1.0777848e-04  -1.9291439e-03
  -1.9323213e-04  -6.2497958e-04  -1.2459188e-04  -1.8991183e-03
  -2.4945570e-04  -5.1262463e-04  -4.2137884e-05  -1.7940288e-03
  -2.0072861e-04  -6.6243123e-04  -4.6587940e-06  -2.0642590e-03
  -8.0784994e-05  -8.1598299e-04  -3.3072688e-04  -1.9929482e-03
  -2.7944161e-04  -7.7104101e-04  -2.7146248e-05  -1.9141311e-03
  -3.4690989e-04  -8.1223783e-04  -2.2578543e-04  -2.0567526e-03
  -2.7569337e-04  -7.2984420e-04  -3.9818924e-04  -1.8690927e-03
  -2.4570747e-04  -8.7216047e-04  -2.3328124e-04  -1.7039521e-03
  -3.8814051e-04  -9.1335728e-04  -1.9580215e-04  -1.9629227e-03
  -6.5792042e-05  -7.0737321e-04  -3.1198733e-04  -2.1655953e-03
   2.0417432e-05  -8.4594431e-04  -4.2442460e-04  -2.1318165e-03
  -3.8064403e-04  -9.3957344e-04  -3.6820597e-04  -1.8240544e-03
  -1.5574975e-04  -8.7965080e-04  -2.9324779e-04  -1.8578331e-03
  -1.5200152e-04  -7.5606035e-04  -1.2833979e-04  -2.2894508e-03
  -3.2442046e-04  -9.3957344e-04  -3.7195388e-04  -2.0454930e-03
  -3.8439227e-04  -1.0257122e-03  -2.7450824e-04  -1.7677564e-03
  -2.1946980e-04  -8.0474750e-04  -8.3364883e-05  -1.8991183e-03
  -2.8693808e-04  -8.7216047e-04  -3.3072688e-04  -1.9291439e-03
  -1.8573566e-04  -7.8602167e-04  -3.1573524e-04  -1.9366503e-03
   7.6641002e-05  -8.8339596e-04  -1.5832306e-04  -1.9967014e-03
  -3.9938522e-04  -8.4594431e-04   1.4080751e-05  -1.8765991e-03
  -5.4547328e-05  -6.3246991e-04  -1.6207097e-04  -1.4900198e-03
  -1.1077090e-04  -9.1335728e-04  -1.1709606e-04  -1.6739265e-03
  -3.5815461e-04  -7.1486354e-04  -1.9650430e-05  -1.9253907e-03
  -1.8198742e-04  -5.8003760e-04   6.2803568e-05  -1.5988626e-03
  -3.5815461e-04  -8.9088629e-04   2.8018229e-04  -1.8390672e-03
  -6.2043804e-05  -5.9876342e-04  -1.3958352e-04  -1.9066247e-03
  -8.4533232e-05  -6.0250859e-04  -4.9633702e-05  -1.8578331e-03
  -4.7050852e-05  -9.8826058e-04  -6.8373247e-05  -1.9103779e-03
   2.4165670e-05  -7.4482486e-04  -3.8319760e-04  -1.6288881e-03
  -2.4561424e-05  -5.6131177e-04  -1.7706261e-04  -1.9591695e-03
   1.6762420e-06  -7.1860870e-04  -2.3702915e-04  -2.0154674e-03
  -2.1572156e-04  -6.4370540e-04  -3.0894157e-05  -1.8127948e-03
  -1.1077090e-04  -5.0138913e-04   1.7828660e-05  -1.7752628e-03
  -1.7064948e-05  -7.2235387e-04   2.1576569e-05  -1.8540799e-03
  -2.7569337e-04  -6.6243123e-04   1.4900547e-04  -1.9704291e-03
  -3.9938522e-04  -7.4857002e-04  -8.4067030e-06  -1.7001989e-03
  -1.7074271e-04  -1.1493027e-03   1.7524084e-04  -1.9704291e-03
   5.4244800e-06  -6.3246991e-04  -2.5951661e-04  -1.9441567e-03
  -8.8281470e-05  -5.7629243e-04   1.2277011e-04  -1.6701733e-03
  -1.7449094e-04  -9.1335728e-04   1.5394797e-03  -1.9704291e-03
  -3.5806138e-05  -7.7104101e-04   1.2209074e-03  -1.8728459e-03
  -1.9698037e-04  -8.3470882e-04   6.6621692e-04  -1.7264713e-03
  -3.1317575e-04  -7.1111837e-04   6.9994810e-04  -1.8728459e-03
  -1.7823918e-04  -5.6505694e-04   4.5633401e-04  -1.8090416e-03
  -5.3057355e-04  -5.7254727e-04   4.6382983e-04  -1.5951094e-03
  -3.9563699e-04  -6.3621507e-04   6.0250246e-04  -1.8540799e-03
  -8.4533232e-05  -7.1860870e-04   3.2140929e-04  -2.1918677e-03
  -3.6190284e-04  -7.8976684e-04   1.9023247e-04  -1.9328971e-03
  -4.8184646e-04  -7.1860870e-04   7.3367928e-04  -1.6776797e-03
  -5.0058765e-04  -8.9463146e-04   1.2209074e-03  -1.7339776e-03
  -4.5935703e-04  -9.1710245e-04   1.9330102e-03  -1.8503268e-03
  -5.3057355e-04  -5.8378276e-04   2.6301212e-03  -1.7452372e-03
  -8.4542555e-04  -8.0100233e-04   2.9786768e-03  -1.6551605e-03
  -8.9415264e-04  -6.4745057e-04   3.5670985e-03  -1.8991183e-03
  -8.0419493e-04  -7.7478618e-04   4.2717054e-03  -1.9028715e-03
  -8.8665616e-04  -1.0107316e-03   4.2192346e-03  -1.7602500e-03
  -1.0590751e-03  -6.8490222e-04   3.6458046e-03  -1.6176285e-03
  -1.0403339e-03  -6.3996024e-04   4.3091845e-03  -1.4862666e-03
  -9.2413854e-04  -6.1748925e-04   5.3173720e-03  -1.5350582e-03
  -1.1340399e-03  -7.4857002e-04   5.4185655e-03  -1.2160365e-03
  -1.4976190e-03  -6.5494090e-04   5.9994914e-03  -1.2122833e-03
  -1.2802212e-03  -9.4706377e-04   6.4567363e-03  -1.4787603e-03
  -1.2165011e-03  -8.8714113e-04   5.5684819e-03  -1.4637475e-03
  -1.7150168e-03  -3.1038572e-04   4.4103780e-03  -1.3211260e-03
  -1.8199674e-03  -7.4107969e-04   2.8362562e-03  -1.3586579e-03
  -1.8949322e-03  -8.6841530e-04   1.3820675e-03  -1.8127948e-03
  -1.7150168e-03  -8.0849266e-04   2.0147620e-04  -1.7527436e-03
  -1.9923864e-03  -8.9088629e-04  -2.5120099e-03  -1.5913562e-03
  -2.2097842e-03  -7.4857002e-04  -5.0306048e-03  -1.5050326e-03
  -1.5201084e-03  -7.7478618e-04  -6.3236334e-03  -1.6401477e-03
  -1.9174216e-03  -6.8115705e-04  -7.7028639e-03  -2.0079610e-03
  -2.4309302e-03  -7.4857002e-04  -8.7822617e-03  -1.6926925e-03
  -1.7112685e-03  -8.0849266e-04  -9.2432545e-03  -1.7602500e-03
  -6.7300660e-04  -1.0781445e-03  -9.4943644e-03  -2.1580889e-03
  -7.2173369e-04  -1.3253254e-03  -9.5693226e-03  -2.2143869e-03
  -9.9160683e-04  -9.3582827e-04  -9.1420609e-03  -2.2293996e-03
  -8.8281470e-05  -6.2872474e-04  -7.9727133e-03  -2.2181401e-03
   1.1786230e-03  -4.9764397e-04  -5.8738843e-03  -2.4283191e-03
   1.6434045e-03  -1.0444381e-03  -4.4459310e-03  -2.3645147e-03
   6.8760380e-04  -1.0743994e-03  -2.8830529e-03  -2.2706848e-03
   9.7246988e-04  -4.7517298e-04  -5.3381611e-05  -2.5146426e-03
   3.0377490e-03  -7.8227651e-04   1.4645215e-03  -2.4358255e-03
   4.1059969e-03  -7.4482486e-04   2.2515824e-03  -2.0079610e-03
   3.5025305e-03  -9.2459278e-04   3.7544939e-03  -1.7564968e-03
   2.3743109e-03  -9.5080893e-04   5.7896085e-03  -2.2444124e-03
   2.7753724e-03  -5.3884078e-04   6.5654257e-03  -2.6610173e-03
   3.9635638e-03  -1.0856349e-03   5.1562119e-03  -2.3907871e-03
   3.3825869e-03  -1.3440513e-03   4.2379742e-03  -2.0717654e-03
   1.2048606e-03  -1.0032412e-03   4.3504115e-03  -2.3044636e-03
   1.1037514e-04  -5.3884078e-04   3.5071319e-03  -2.6535109e-03
   2.4042968e-03  -1.3810813e-04   1.0185204e-03  -2.1693485e-03
   5.2454612e-03   3.0424300e-05  -1.5825285e-03  -1.7114585e-03
   4.1584722e-03  -2.9498340e-05  -2.1934376e-03  -1.8991183e-03
   2.7529762e-04  -3.3660187e-04  -1.1102919e-03  -2.3382424e-03
  -2.0486099e-03  -6.8115705e-04  -1.1102919e-03  -2.4508383e-03
  -6.1303479e-04  -1.3215803e-03  -2.9355236e-03  -2.3495020e-03
   1.1036582e-03  -1.5387998e-03  -4.1835773e-03  -2.3044636e-03
   4.0273771e-04  -9.7327992e-04  -4.2210564e-03  -2.2594252e-03
  -4.5186056e-04  -4.6768265e-04  -4.8207219e-03  -2.5784470e-03
  -4.4811232e-04  -3.2162121e-04  -6.1362379e-03  -2.5071362e-03
   1.0287867e-04  -5.2760529e-04  -7.1181901e-03  -2.1918677e-03
  -2.6444866e-04  -7.1860870e-04  -6.9945091e-03  -2.0417398e-03
  -1.8387086e-03  -8.1598299e-04  -6.1812128e-03  -2.1430761e-03
  -1.8874357e-03  -8.0100233e-04  -5.9338508e-03  -2.2556720e-03
  -3.2057900e-05  -4.2274067e-04  -6.4210790e-03  -1.8127948e-03
   1.4634891e-03  -2.1301143e-04  -6.2936501e-03  -1.5838498e-03
   9.7246988e-04  -3.0664055e-04  -4.4121998e-03  -1.8015352e-03
  -8.1543964e-04  -3.8528902e-04  -2.4895225e-03  -2.1017910e-03
  -1.3551859e-03  -6.5868606e-04  -1.2227292e-03  -2.1505825e-03
   1.6669194e-05  -9.9200575e-04  -5.3381611e-05  -1.9854418e-03
   6.6511437e-04  -1.2279511e-03   8.9858727e-04  -1.8503268e-03
  -1.9323213e-04  -1.3590319e-03   2.2290950e-03  -2.0229738e-03
  -4.1812641e-04  -1.0743994e-03   3.2672658e-03  -2.1355697e-03
   6.2763199e-04  -5.0513430e-04   2.9786768e-03  -1.9816886e-03
   2.0407177e-03  -2.5795341e-04   2.5888942e-03  -1.9253907e-03
   2.2693602e-03  -2.6169857e-04   2.8475000e-03  -1.6251349e-03
   1.2535877e-03  -7.8185485e-05   3.4434175e-03  -1.6439009e-03
   1.2498395e-03  -8.5675815e-05   3.9194019e-03  -1.9103779e-03
   1.0961617e-03  -5.9876342e-04   2.8475000e-03  -1.7114585e-03
   2.1907405e-04  -9.2084761e-04   2.1803722e-03  -1.5538242e-03
   2.0033286e-04  -9.9575091e-04   3.1398369e-03  -1.9591695e-03
  -3.1692399e-04  -1.3440513e-03   3.2110471e-03  -2.4620979e-03
  -4.5560879e-04  -1.1305768e-03   1.9817330e-03  -2.2106337e-03
   3.4276590e-04  -8.6841530e-04   7.5241882e-04  -1.8278076e-03
   5.6766018e-04  -8.2347332e-04   5.1630056e-04  -1.7827692e-03
   1.1037514e-04  -4.6393748e-04   2.6893856e-04  -2.1017910e-03
   1.2911633e-04  -4.9015364e-04  -8.6292996e-04  -2.2781912e-03
   7.5507208e-04  -5.0513430e-04  -1.6649825e-03  -1.8165480e-03
   5.6016370e-04  -5.8378276e-04  -1.8936049e-03  -1.6889393e-03
  -1.8948390e-04  -6.1748925e-04  -1.8111509e-03  -1.8503268e-03
  -1.3027106e-03  -7.4857002e-04  -1.7549323e-03  -2.0567526e-03
  -1.5388496e-03  -1.1268317e-03  -2.5419932e-03  -2.2556720e-03
  -8.2668436e-04  -1.2504221e-03  -2.9392715e-03  -2.3870339e-03
  -8.6041850e-04  -1.0968704e-03  -2.8155905e-03  -2.4095531e-03
  -1.0703198e-03  -5.2760529e-04  -3.1941294e-03  -2.2143869e-03
  -7.8545374e-04  -5.6505694e-04  -3.1004316e-03  -2.2331528e-03
  -1.4450504e-04  -8.2721849e-04  -3.0629525e-03  -2.3119700e-03
  -3.4316165e-04  -6.7741189e-04  -3.3890206e-03  -2.1092973e-03
  -8.9415264e-04  -7.6729585e-04  -3.2091210e-03  -1.6401477e-03
  -7.2923017e-04  -7.4107969e-04  -2.8643134e-03  -1.7977820e-03
  -4.2562289e-04  -6.3996024e-04  -2.3995726e-03  -2.0379866e-03
  -2.7194513e-04  -7.2984420e-04  -1.7099574e-03  -1.6251349e-03
  -2.5320394e-04  -5.2760529e-04  -1.1102919e-03  -1.9328971e-03
  -3.2067223e-04  -3.7405352e-04  -3.6820597e-04  -2.1768549e-03
  -5.7180417e-04  -7.2984420e-04   5.7626710e-04  -1.8052884e-03
  -3.8064403e-04  -6.7741189e-04   8.5361237e-04  -1.9141311e-03
   9.1727180e-06  -6.2497958e-04   1.3483364e-03  -1.8615863e-03
   9.5382192e-05  -6.2497958e-04   2.4652132e-03  -1.7001989e-03
   2.2657052e-04  -4.6768265e-04   2.8062730e-03  -1.7564968e-03
   3.5026238e-04  -7.7104101e-04   3.1585764e-03  -1.4412283e-03
   5.7140842e-04  -7.0362804e-04   3.4958882e-03  -1.3999431e-03
   5.7140842e-04  -5.1262463e-04   3.5708464e-03  -1.6514073e-03
   2.9403881e-04  -6.9988288e-04   3.5408631e-03  -1.5725902e-03
   2.8654233e-04  -6.8115705e-04   3.4284259e-03  -1.6589137e-03
   3.4276590e-04  -6.4370540e-04   3.5820901e-03  -1.6664201e-03
  -1.9323213e-04  -8.0849266e-04   3.0648787e-03  -1.7640032e-03
  -7.5546783e-04  -7.4107969e-04   2.8250125e-03  -1.9967014e-03
  -5.9429360e-04  -9.3208311e-04   2.8137688e-03  -1.7414840e-03
  -5.3432179e-04  -1.0107316e-03   2.2965573e-03  -1.7527436e-03
  -6.4676893e-04  -6.3996024e-04   1.6331774e-03  -1.8615863e-03
  -5.6055946e-04  -6.8490222e-04   7.1493973e-04  -1.6551605e-03
  -4.9683941e-04  -7.3733453e-04   2.6519065e-04  -1.7564968e-03
  -2.8693808e-04  -5.7254727e-04   1.0403057e-04  -1.8240544e-03
  -2.6070042e-04  -4.9389880e-04  -1.6207097e-04  -1.6814329e-03
  -6.3927246e-04  -8.9463146e-04  -3.5321433e-04  -1.7527436e-03
  -7.8545374e-04  -9.3582827e-04  -4.5065997e-04  -1.8841055e-03
  -7.6296431e-04  -7.7478618e-04  -4.8064324e-04  -1.9854418e-03
  -9.3913150e-04  -1.0369477e-03  -8.0671132e-04  -1.7640032e-03
  -9.3163502e-04  -9.5455410e-04  -1.1702585e-03  -1.7902756e-03
  -1.0815645e-03  -9.8451542e-04  -9.0790486e-04  -2.1017910e-03
  -1.1265434e-03  -8.3096365e-04  -1.0278380e-03  -1.8615863e-03
  -8.6416674e-04  -8.9463146e-04  -1.2489646e-03  -1.7189649e-03
  -7.6671255e-04  -1.0669090e-03  -1.2751999e-03  -1.6889393e-03
  -6.2053127e-04  -7.0737321e-04  -1.2077376e-03  -1.8428204e-03
  -9.0539735e-04  -8.6092497e-04  -4.8439115e-04  -1.8803523e-03
  -1.1827670e-03  -9.7327992e-04  -4.9938278e-04  -1.9178843e-03
  -1.0965575e-03  -9.0961212e-04  -2.5202079e-04  -2.1243101e-03
  -7.4422312e-04  -9.3957344e-04   3.1016556e-04  -1.8353140e-03
  -7.1798545e-04  -8.3845398e-04   3.6263629e-04  -1.9291439e-03
  -8.3043259e-04  -8.7590563e-04   7.5241882e-04  -1.9178843e-03
  -2.0072861e-04  -7.8976684e-04   6.9994810e-04  -1.7377308e-03
  -2.1946980e-04  -5.7629243e-04   7.7490628e-04  -1.7977820e-03
  -4.1062994e-04  -7.3733453e-04   1.3858154e-03  -1.9103779e-03
  -6.6925836e-04  -9.2833794e-04   1.8655478e-03  -1.9216375e-03
  -6.0553831e-04  -7.7104101e-04   1.9517497e-03  -1.5388114e-03
   2.5280819e-04  -9.6204443e-04   1.5169923e-03  -1.8578331e-03
  -9.5777946e-05  -9.2459278e-04   9.3231846e-04  -1.8878587e-03
  -5.9804184e-04  -6.3996024e-04   7.4492301e-04  -1.5425646e-03
  -3.2816870e-04  -7.7478618e-04   1.0447557e-03  -1.8203012e-03
  -3.1317575e-04  -8.6092497e-04   1.2771261e-03  -1.7715096e-03
  -5.4181827e-04  -1.0931252e-03   1.0784869e-03  -1.7452372e-03
  -7.4797136e-04  -9.2833794e-04   9.9978082e-04  -1.7189649e-03
  -8.1918788e-04  -7.2984420e-04   1.0035287e-03  -1.8428204e-03
  -3.6939932e-04  -5.6505694e-04   4.3384656e-04  -1.9479099e-03
   1.4410929e-04  -3.5158253e-04   5.5307750e-05  -1.5500710e-03
  -9.9526184e-05  -6.4745057e-04   1.8273666e-04  -1.6626669e-03
  -3.1317575e-04  -4.8266331e-04   4.4883819e-04  -1.8803523e-03
  -4.5560879e-04  -5.6880210e-04   9.3606636e-04  -1.8803523e-03
  -5.4556651e-04  -8.9463146e-04   1.2246554e-03  -1.8653395e-03
  -2.0072861e-04  -6.7366672e-04   9.3231846e-04  -1.7752628e-03
  -2.3446275e-04  -7.1111837e-04   5.5377965e-04  -1.9441567e-03
  -2.9443456e-04  -7.4107969e-04   7.1119182e-04  -2.2181401e-03
  -2.0072861e-04  -6.8115705e-04   6.6621692e-04  -2.0079610e-03
  -4.7050852e-05  -7.2984420e-04   2.6144274e-04  -1.6138753e-03
  -2.0447685e-04  -5.4258595e-04   1.6774502e-04  -1.7752628e-03
  -6.6551012e-04  -5.9127309e-04   3.4389674e-04  -1.9516631e-03
  -3.9188875e-04  -6.4745057e-04   3.1391347e-04  -2.0529994e-03
  -2.9068632e-04  -5.9876342e-04  -2.0704588e-04  -2.0567526e-03
  -8.4533232e-05  -5.5382144e-04  -1.3583561e-04  -2.0192206e-03
   1.3286457e-04  -3.7779869e-04   1.3026593e-04  -1.9854418e-03
  -2.7569337e-04  -6.6992156e-04   8.9038931e-05  -1.8278076e-03
  -5.1183236e-04  -6.9613771e-04   6.6551477e-05  -1.9891950e-03
  -7.0674074e-04  -7.1111837e-04  -4.9633702e-05  -1.9741823e-03
  -4.8934294e-04  -1.1717737e-03   2.5324478e-05  -2.0079610e-03
  -4.4061584e-04  -7.1486354e-04   2.9072387e-05  -1.9291439e-03
  -3.5440637e-04  -5.2386012e-04   7.4047295e-05  -2.0567526e-03
   5.4244800e-06  -8.4219915e-04  -1.2459188e-04  -2.2068805e-03
  -2.0447685e-04  -5.9876342e-04  -1.5082725e-04  -2.0304802e-03
  -5.0058765e-04  -8.2347332e-04   1.2651802e-04  -2.2481656e-03
  -6.0553831e-04  -9.4706377e-04   2.9142602e-04  -1.9516631e-03
  -3.5065813e-04  -7.0362804e-04   1.2651802e-04  -1.9854418e-03
  -2.1572156e-04  -7.4107969e-04  -1.2833979e-04  -2.0980378e-03
  -3.0942751e-04  -8.0474750e-04   5.1630056e-04  -1.8353140e-03
  -1.3326033e-04  -6.5868606e-04   7.2618346e-04  -2.0792718e-03
   3.9158622e-05  -4.1150517e-04   2.9892183e-04  -1.9591695e-03
   6.5396288e-05  -4.9389880e-04   1.4150966e-04  -1.8390672e-03
  -1.4450504e-04  -5.2760529e-04   4.6757774e-04  -1.8916119e-03
  -3.9938522e-04  -4.8266331e-04   6.4372946e-04  -1.7189649e-03
  -1.8573566e-04  -4.9764397e-04   4.1135910e-04  -1.8127948e-03
  -2.2696628e-04  -5.9876342e-04   6.7746064e-04  -1.8991183e-03
  -3.8439227e-04  -6.2497958e-04   4.9381310e-04  -1.7752628e-03
  -6.9540280e-05  -6.3621507e-04   5.0130892e-04  -1.8353140e-03
  -1.7823918e-04  -8.0474750e-04   6.2873783e-04  -1.8203012e-03
  -1.1451914e-04  -5.9876342e-04   6.5849330e-06  -1.9178843e-03
   2.0033286e-04  -5.0887946e-04   1.4525757e-04  -1.8390672e-03
  -2.0719960e-06  -5.5007628e-04   2.8018229e-04  -1.6551605e-03
  -3.6190284e-04  -6.2872474e-04   3.8512374e-04  -1.6626669e-03
  -4.9309117e-04  -7.4482486e-04   6.2873783e-04  -1.5200454e-03
  -2.6070042e-04  -7.8227651e-04   1.9398038e-04  -1.8540799e-03
   4.6655098e-05  -1.0369477e-03   1.1902220e-04  -1.9816886e-03
   8.0389240e-05  -7.4482486e-04   1.1152638e-04  -1.7527436e-03
   1.2161986e-04  -6.2123441e-04  -1.2459188e-04  -1.9066247e-03
   3.6525533e-04  -7.1860870e-04  -2.8200406e-04  -1.9253907e-03
   2.0408109e-04  -3.8528902e-04  -3.4571851e-04  -1.7790160e-03
  -1.1451914e-04  -4.9389880e-04  -2.2203752e-04  -1.8465736e-03
  -2.4945570e-04  -6.2497958e-04   3.2820296e-05  -1.9591695e-03
  -1.9323213e-04  -7.3733453e-04   1.4080751e-05  -1.9741823e-03
  -1.4825328e-04  -7.9351200e-04  -3.1948315e-04  -2.0830250e-03
  -3.5440637e-04  -5.6131177e-04  -3.7570179e-04  -1.9629227e-03
  -2.5320394e-04  -7.5231519e-04  -4.5065997e-04  -1.8841055e-03
  -1.1826737e-04  -7.7104101e-04  -4.0943297e-04  -2.1055441e-03
  -1.3700856e-04  -5.5756661e-04  -4.6190369e-04  -2.0605058e-03
   9.1727180e-06  -7.2984420e-04  -5.1812233e-04  -1.8803523e-03
   3.5410384e-05  -8.0100233e-04  -4.1318088e-04  -1.9103779e-03
  -1.9698037e-04  -8.0474750e-04  -4.6565160e-04  -1.8841055e-03
  -3.0942751e-04  -7.8602167e-04  -5.0687860e-04  -1.9629227e-03
  -2.0813186e-05  -6.5494090e-04  -4.9938278e-04  -2.1130505e-03
   6.5396288e-05  -8.6092497e-04  -2.5951661e-04  -1.9816886e-03
  -2.0072861e-04  -8.9088629e-04  -3.3072688e-04  -2.0154674e-03
  -1.7449094e-04  -7.4857002e-04  -3.9444133e-04  -1.9554163e-03
  -3.9554376e-05  -9.1335728e-04  -4.9938278e-04  -2.0079610e-03
   2.0417432e-05  -8.0849266e-04  -7.3550105e-04  -2.0379866e-03
   8.0389240e-05  -8.3845398e-04  -6.6429078e-04  -1.7790160e-03
  -1.7823918e-04  -8.9463146e-04  -4.8439115e-04  -1.9629227e-03
  -1.4450504e-04  -6.6243123e-04  -2.3328124e-04  -2.0417398e-03
   6.9144526e-05  -8.4968948e-04  -4.5440787e-04  -2.0717654e-03
  -1.3700856e-04  -7.5606035e-04  -6.4555123e-04  -1.8203012e-03
  -6.2043804e-05  -5.5382144e-04  -6.1931587e-04  -1.6964457e-03
   1.4785752e-04  -7.8227651e-04  -5.7059305e-04  -2.0267270e-03
   1.2911633e-04  -7.0737321e-04  -5.1437442e-04  -1.6326413e-03
   1.0662691e-04  -5.1636979e-04  -7.0926569e-04  -1.8315608e-03
   2.6780114e-04  -6.8864738e-04  -5.5560142e-04  -1.9779355e-03
   2.1532581e-04  -8.5343464e-04  -5.4435769e-04  -1.4374751e-03
  -1.3326033e-04  -6.6992156e-04  -7.6548432e-04  -1.7827692e-03
  -7.3288518e-05  -8.2347332e-04  -5.4060978e-04  -1.8127948e-03
  -9.5684720e-06  -7.8976684e-04  -7.9921550e-04  -1.7677564e-03
  -4.7050852e-05  -6.6243123e-04  -8.8916532e-04  -2.1130505e-03
   2.0408109e-04  -9.3582827e-04  -8.1795505e-04  -1.8841055e-03
   2.6780114e-04  -5.6505694e-04  -1.2264771e-03  -1.9854418e-03
   9.1633954e-05  -6.0250859e-04  -7.9171968e-04  -2.1543357e-03
   3.9158622e-05  -8.7965080e-04  -5.2561815e-04  -1.9741823e-03
  -1.2576385e-04  -7.6729585e-04  -3.8319760e-04  -2.0792718e-03
  -3.5806138e-05  -7.7104101e-04  -2.8200406e-04  -1.9291439e-03
   1.6659871e-04  -6.7366672e-04  -6.3430751e-04  -1.8353140e-03
   2.4165670e-05  -7.8602167e-04  -4.1692878e-04  -2.1505825e-03
   1.4410929e-04  -6.2497958e-04  -4.9188696e-04  -2.1355697e-03
   5.7899812e-05  -4.1150517e-04  -7.1676150e-04  -2.0154674e-03
   2.1532581e-04  -5.7254727e-04  -6.0432423e-04  -2.0680122e-03
   5.1893309e-04  -6.8490222e-04  -4.7314742e-04  -2.1280633e-03
   1.2911633e-04  -6.6243123e-04  -4.3192042e-04  -2.2031273e-03
   9.1727180e-06  -7.9351200e-04  -7.1676150e-04  -2.0229738e-03
  -2.8309662e-05  -9.2833794e-04  -7.3924896e-04  -1.9253907e-03
   1.1037514e-04  -7.9725717e-04  -5.9682842e-04  -2.1731017e-03
   2.5655643e-04  -7.7478618e-04  -7.2425732e-04  -1.9816886e-03
  -7.7036756e-05  -5.8752793e-04  -9.7911513e-04  -1.9291439e-03
   4.2906860e-05  -6.0250859e-04  -9.1540068e-04  -2.2331528e-03
   2.7154938e-04  -7.0737321e-04  -6.0807214e-04  -2.0867782e-03
