  -1.9323213e-04  -1.0144767e-03  -1.6581888e-04  -1.8578331e-03
  -2.9818280e-04  -8.2347332e-04  -2.0329797e-04  -1.7489904e-03
  -4.7050852e-05  -7.6355068e-04  -1.4333143e-04  -1.6326413e-03
  -2.0822509e-04  -9.2084761e-04  -2.7450824e-04  -1.9741823e-03
  -2.5695218e-04  -7.5980552e-04  -2.4452497e-04  -2.0980378e-03
   3.1662146e-05  -8.8339596e-04  -3.7944969e-04  -1.8353140e-03
  -2.1197332e-04  -8.4219915e-04  -2.2953333e-04  -1.8953651e-03
  -6.9540280e-05  -6.8864738e-04   6.6551477e-05  -1.9629227e-03
  -1.3326033e-04  -8.3845398e-04  -1.3958352e-04  -2.0867782e-03
  -4.1437818e-04  -7.5231519e-04  -2.6326452e-04  -2.0567526e-03
  -7.3288518e-05  -7.7478618e-04  -3.8389975e-05  -1.9779355e-03
  -2.8693808e-04  -8.4594431e-04  -2.6326452e-04  -2.0755186e-03
  -3.9554376e-05  -7.7104101e-04  -2.3328124e-04  -1.7827692e-03
   7.2892764e-05  -8.2347332e-04  -9.8356519e-05  -1.9891950e-03
  -4.3686760e-04  -8.5343464e-04  -4.0193715e-04  -2.1693485e-03
  -8.4533232e-05  -8.3470882e-04  -2.3328124e-04  -1.8728459e-03
   1.6762420e-06  -7.2984420e-04  -2.1454170e-04  -2.1243101e-03
  -2.7569337e-04  -6.8115705e-04  -1.3208770e-04  -2.2744380e-03
  -2.7944161e-04  -8.1972816e-04  -2.1079379e-04  -2.0154674e-03
   1.6669194e-05  -8.7590563e-04  -3.1573524e-04  -1.8803523e-03
   1.4036105e-04  -6.7366672e-04  -1.2084397e-04  -2.0529994e-03
  -1.5574975e-04  -8.0100233e-04  -2.0329797e-04  -2.1055441e-03
  -4.3302614e-05  -8.9463146e-04  -5.3381611e-05  -1.9704291e-03
  -1.7823918e-04  -7.4482486e-04  -3.3447479e-04  -2.1806081e-03
  -3.3566518e-04  -8.6092497e-04  -1.1334816e-04  -2.0905314e-03
  -1.6324623e-04  -6.9613771e-04   4.7811932e-05  -1.8540799e-03
  -4.8934294e-04  -8.3470882e-04  -4.2442460e-04  -2.2932040e-03
  -1.4075680e-04  -9.4331860e-04   1.7149293e-04  -2.0717654e-03
   2.2657052e-04  -8.7216047e-04  -4.9633702e-05  -1.8465736e-03
  -2.4561424e-05  -9.8826058e-04  -3.1573524e-04  -2.3307360e-03
   2.4531171e-04  -4.4146649e-04   2.9517393e-04  -1.8052884e-03
   3.5410384e-05  -4.0776001e-04  -3.0894157e-05  -1.7489904e-03
  -2.4561424e-05  -8.4594431e-04   3.6568205e-05  -2.1918677e-03
   1.5160576e-04  -7.2609903e-04   9.2786840e-05  -1.9178843e-03
  -1.0702266e-04  -6.9988288e-04  -4.1318088e-04  -2.0867782e-03
   1.6285048e-04  -8.4594431e-04  -7.9616974e-05  -1.9779355e-03
  -2.4561424e-05  -6.8115705e-04   5.1559841e-05  -1.9028715e-03
  -3.1692399e-04  -5.1636979e-04  -2.5576870e-04  -1.8465736e-03
   5.4151574e-05  -7.8227651e-04  -2.6326452e-04  -1.8127948e-03
  -2.4561424e-05  -7.8227651e-04  -7.5869065e-05  -2.2143869e-03
  -1.9698037e-04  -5.5756661e-04  -4.5885793e-05  -1.8240544e-03
   1.6762420e-06  -7.7478618e-04  -1.2459188e-04  -1.6739265e-03
  -1.6699447e-04  -7.7853134e-04   8.9038931e-05  -1.7414840e-03
  -2.0447685e-04  -5.8752793e-04  -5.3381611e-05  -1.9404035e-03
  -1.1077090e-04  -8.4968948e-04  -1.6207097e-04  -2.0229738e-03
  -3.3941342e-04  -8.5717981e-04   4.4064023e-05  -1.8503268e-03
  -1.4450504e-04  -7.2984420e-04   1.0332842e-05  -2.0342334e-03
  -2.0447685e-04  -8.3096365e-04  -2.3702915e-04  -1.8165480e-03
  -1.1077090e-04  -9.0212179e-04  -2.1079379e-04  -1.8765991e-03
  -2.0813186e-05  -9.6204443e-04  -1.0210443e-04  -1.9591695e-03
  -2.0822509e-04  -8.6467014e-04  -2.6701242e-04  -1.9291439e-03
   1.4410929e-04  -7.6355068e-04  -1.3208770e-04  -2.0079610e-03
  -5.0799090e-05  -5.4258595e-04  -3.7944969e-04  -1.9741823e-03
  -3.5806138e-05  -7.7853134e-04  -3.7944969e-04  -2.0792718e-03
  -2.2696628e-04  -1.0107316e-03   2.9072387e-05  -1.9366503e-03
  -6.9174779e-04  -7.8227651e-04  -1.7331470e-04  -1.8615863e-03
  -8.4533232e-05  -7.2984420e-04  -1.5457515e-04  -2.1468293e-03
   5.7899812e-05  -5.7254727e-04  -2.4452497e-04  -2.1806081e-03
  -1.6324623e-04  -1.1530478e-03  -3.0074361e-04  -2.0905314e-03
  -2.3821099e-04  -1.2728931e-03  -1.2833979e-04  -2.1168037e-03
  -4.9309117e-04  -8.2347332e-04  -3.1948315e-04  -2.1843613e-03
  -2.8318985e-04  -8.5343464e-04  -2.4077706e-04  -2.1993741e-03
  -1.3700856e-04  -7.6355068e-04  -1.1709606e-04  -1.8953651e-03
  -3.3191694e-04  -1.1155962e-03  -3.6445806e-04  -2.0304802e-03
  -2.9443456e-04  -7.5606035e-04  -4.0193715e-04  -2.2594252e-03
  -3.5065813e-04  -6.2497958e-04  -1.8830634e-04  -2.1130505e-03
  -4.8559470e-04  -1.1006155e-03  -1.4333143e-04  -2.2143869e-03
  -4.8184646e-04  -8.3470882e-04  -2.4452497e-04  -2.0717654e-03
  -2.4570747e-04  -8.9088629e-04  -1.7706261e-04  -1.8916119e-03
  -2.8309662e-05  -9.3582827e-04  -1.8081052e-04  -2.0605058e-03
  -2.0072861e-04  -7.6729585e-04  -1.5082725e-04  -2.0417398e-03
  -2.8693808e-04  -7.4857002e-04   4.7811932e-05  -1.8465736e-03
  -1.2951209e-04  -7.1111837e-04  -2.1079379e-04  -2.0042078e-03
  -1.1077090e-04  -7.8227651e-04  -1.5832306e-04  -1.9366503e-03
  -3.3191694e-04  -1.0182219e-03   4.0316114e-05  -1.6288881e-03
  -2.4195923e-04  -8.3845398e-04  -2.0329797e-04  -1.8503268e-03
  -1.1451914e-04  -5.6131177e-04  -1.4707934e-04  -1.7902756e-03
  -1.9323213e-04  -6.8490222e-04  -3.9818924e-04  -1.7752628e-03
  -3.6565108e-04  -7.5980552e-04  -1.3583561e-04  -2.0755186e-03
  -4.1812641e-04  -6.9239255e-04   2.0147620e-04  -1.8953651e-03
  -5.0799090e-05  -5.8003760e-04  -4.6190369e-04  -1.8165480e-03
  -5.0799090e-05  -8.3096365e-04  -6.4625338e-05  -2.1130505e-03
  -9.5777946e-05  -8.6841530e-04   2.1576569e-05  -1.9779355e-03
  -1.0702266e-04  -7.5606035e-04  -5.4435769e-04  -1.8278076e-03
  -3.3191694e-04  -7.9351200e-04   5.9055659e-05  -2.0605058e-03
  -1.6699447e-04  -5.9876342e-04  -1.9650430e-05  -1.8127948e-03
  -3.2057900e-05  -7.9725717e-04  -3.5321433e-04  -1.9441567e-03
  -1.4450504e-04  -8.4968948e-04   2.8370240e-06  -2.2519188e-03
  -1.7064948e-05  -8.3470882e-04  -2.3702915e-04  -1.8991183e-03
  -1.3700856e-04  -7.8976684e-04  -3.3447479e-04  -2.0642590e-03
  -3.6939932e-04  -6.3996024e-04  -1.5082725e-04  -2.1731017e-03
  -2.1946980e-04  -8.2721849e-04  -2.8575197e-04  -1.9103779e-03
  -2.7194513e-04  -6.5868606e-04  -2.5202079e-04  -1.9741823e-03
  -1.9323213e-04  -7.1486354e-04  -2.5951661e-04  -1.8878587e-03
  -1.8948390e-04  -6.9988288e-04  -2.4452497e-04  -2.0529994e-03
  -1.2951209e-04  -5.7629243e-04  -3.8389975e-05  -2.2068805e-03
   8.4137478e-05  -8.8714113e-04  -1.3583561e-04  -2.0379866e-03
  -1.0702266e-04  -8.1972816e-04  -1.9955006e-04  -2.0680122e-03
  -1.7823918e-04  -8.4594431e-04  -1.5457515e-04  -2.0079610e-03
  -1.1077090e-04  -8.6467014e-04  -3.5696224e-04  -2.2331528e-03
  -8.0784994e-05  -6.7366672e-04  -1.6956679e-04  -2.1355697e-03
  -2.4570747e-04  -8.8714113e-04  -1.1709606e-04  -2.0792718e-03
  -2.2696628e-04  -8.6092497e-04  -2.0329797e-04  -2.3382424e-03
  -2.3446275e-04  -7.3358936e-04  -5.3381611e-05  -2.1393229e-03
  -2.1946980e-04  -9.1335728e-04  -3.0823942e-04  -2.1881145e-03
   1.2920956e-05  -8.3845398e-04  -1.6956679e-04  -2.0117142e-03
  -2.9818280e-04  -7.4482486e-04  -2.4452497e-04  -2.2406592e-03
  -1.9698037e-04  -7.3358936e-04  -3.0823942e-04  -2.3082168e-03
  -1.1826737e-04  -6.7366672e-04  -6.8373247e-05  -2.0304802e-03
  -2.7569337e-04  -5.9127309e-04  -1.8830634e-04  -2.2406592e-03
   1.6669194e-05  -6.3246991e-04   1.5275338e-04  -1.9366503e-03
  -1.2951209e-04  -8.7216047e-04  -1.9580215e-04  -1.9779355e-03
  -2.7194513e-04  -8.2721849e-04  -2.6701242e-04  -1.8841055e-03
  -1.0702266e-04  -6.9988288e-04   2.5769484e-04  -1.6476541e-03
   5.7899812e-05  -6.4745057e-04  -6.0877429e-05  -1.8916119e-03
   1.4410929e-04  -5.8003760e-04   3.6568205e-05  -1.8390672e-03
   1.4785752e-04  -6.3621507e-04  -8.4067030e-06  -2.0079610e-03
  -2.8309662e-05  -9.0212179e-04  -2.5951661e-04  -2.1355697e-03
  -3.4690989e-04  -8.1598299e-04  -4.5885793e-05  -2.0004546e-03
  -1.4450504e-04  -6.5494090e-04  -1.9580215e-04  -1.9591695e-03
  -5.0799090e-05  -8.2347332e-04  -1.8455843e-04  -1.7865224e-03
  -3.5806138e-05  -5.6131177e-04  -2.3398339e-05  -1.8653395e-03
  -2.8309662e-05  -8.0100233e-04  -6.4625338e-05  -2.0867782e-03
  -1.1451914e-04  -8.6467014e-04  -1.5902521e-05  -1.9366503e-03
   1.0662691e-04  -4.4146649e-04  -2.7450824e-04  -1.9216375e-03
  -1.5949799e-04  -5.9876342e-04  -2.7146248e-05  -1.9178843e-03
   3.1662146e-05  -5.2386012e-04   2.3895529e-04  -1.8165480e-03
   7.2892764e-05  -8.4594431e-04  -1.1709606e-04  -2.0229738e-03
  -3.6190284e-04  -1.0069864e-03  -2.7450824e-04  -2.0117142e-03
  -8.8281470e-05  -7.0362804e-04  -5.4810560e-04  -1.9854418e-03
  -2.1572156e-04  -1.0519284e-03  -1.9205424e-04  -2.1580889e-03
  -1.6699447e-04  -9.7702509e-04   7.7795204e-05  -1.9366503e-03
  -4.7050852e-05  -4.7142781e-04  -2.5951661e-04  -2.0379866e-03
  -3.3191694e-04  -5.6505694e-04  -1.6207097e-04  -2.0342334e-03
  -3.2067223e-04  -9.8077025e-04  -1.4707934e-04  -1.7377308e-03
  -2.7944161e-04  -9.0586695e-04  -2.8200406e-04  -2.1731017e-03
  -2.5695218e-04  -8.5717981e-04  -3.1573524e-04  -2.0304802e-03
  -1.8948390e-04  -9.1335728e-04  -2.3328124e-04  -1.8090416e-03
  -1.8198742e-04  -7.5606035e-04  -2.4077706e-04  -1.9741823e-03
  -2.5320394e-04  -1.0219671e-03  -3.4571851e-04  -1.7602500e-03
  -2.8693808e-04  -8.3096365e-04  -2.5576870e-04  -1.8991183e-03
  -2.1197332e-04  -7.1860870e-04  -1.9955006e-04  -2.2106337e-03
  -8.4533232e-05  -9.1335728e-04  -3.0449151e-04  -2.2369060e-03
  -2.7944161e-04  -7.7478618e-04  -2.6701242e-04  -2.0454930e-03
  -3.5815461e-04  -9.0212179e-04  -2.4077706e-04  -2.0267270e-03
  -1.8198742e-04  -8.8339596e-04  -2.8949988e-04  -2.0567526e-03
  -3.0567927e-04  -9.9575091e-04  -2.3702915e-04  -2.1205569e-03
  -2.5320394e-04  -7.9351200e-04  -2.4452497e-04  -2.1017910e-03
  -2.3821099e-04  -7.5231519e-04  -2.5202079e-04  -2.0755186e-03
  -3.3191694e-04  -1.0069864e-03  -3.6071015e-04  -2.1017910e-03
  -3.6190284e-04  -9.3208311e-04  -2.1828961e-04  -1.8953651e-03
  -2.5320394e-04  -1.1493027e-03   2.5324478e-05  -2.1092973e-03
  -1.6324623e-04  -7.7104101e-04  -9.0860701e-05  -2.0905314e-03
  -1.4075680e-04  -6.5868606e-04  -1.2833979e-04  -1.7640032e-03
   5.4244800e-06  -8.7965080e-04  -3.8389975e-05  -1.7377308e-03
  -1.4450504e-04  -5.5382144e-04  -3.0449151e-04  -1.8015352e-03
   5.0403336e-05  -6.1748925e-04  -4.8439115e-04  -1.9328971e-03
  -9.5684720e-06  -6.3246991e-04  -1.9650430e-05  -1.7977820e-03
  -4.9683941e-04  -7.8602167e-04  -6.4625338e-05  -1.8690927e-03
  -1.9323213e-04  -1.0219671e-03  -3.5321433e-04  -1.9441567e-03
  -8.0784994e-05  -8.6467014e-04  -6.0877429e-05  -1.7677564e-03
  -3.0942751e-04  -1.0781445e-03  -1.7706261e-04  -1.8578331e-03
  -5.4547328e-05  -8.6092497e-04  -1.8830634e-04  -1.8052884e-03
  -2.3821099e-04  -7.4857002e-04  -7.2121156e-05  -1.7715096e-03
  -5.8295566e-05  -9.9200575e-04  -2.2203752e-04  -1.7827692e-03
   7.8130975e-04  -6.6243123e-04  -1.5902521e-05  -1.8841055e-03
   4.1398242e-04  -6.9239255e-04  -3.6071015e-04  -2.1843613e-03
  -6.7675484e-04  -5.1262463e-04  -4.2137884e-05  -2.0605058e-03
  -6.0179008e-04  -7.6355068e-04   6.2124201e-04  -2.0529994e-03
   4.9644366e-04  -1.0743994e-03  -2.0704588e-04  -2.0004546e-03
   2.1157757e-04  -7.8227651e-04  -6.2681169e-04  -1.7114585e-03
   3.3152119e-04  -7.3733453e-04  -3.8319760e-04  -1.8953651e-03
   1.2310983e-03  -3.6281803e-04   2.4270320e-04  -2.1017910e-03
   1.0511829e-03  -4.9015364e-04  -6.8373247e-05  -2.0342334e-03
   9.1999455e-04  -7.7478618e-04  -4.8064324e-04  -2.0529994e-03
   4.9269542e-04  -7.3358936e-04   9.6534749e-05  -2.2781912e-03
   2.2657052e-04  -7.1860870e-04   1.3401384e-04  -2.1768549e-03
   6.1638727e-04  -8.3096365e-04  -9.0860701e-05  -1.9554163e-03
   1.8458093e-03  -7.1860870e-04  -7.6173641e-04  -1.9967014e-03
   1.8195717e-03  -3.0289539e-04  -4.9188696e-04  -2.0717654e-03
   7.7006503e-04  -4.5270199e-04  -1.2833979e-04  -2.1918677e-03
   1.7408587e-03  -6.5868606e-04  -4.2067669e-04  -2.1918677e-03
   2.1569131e-03  -8.1972816e-04  -9.3414023e-04  -2.1243101e-03
   1.2648324e-03  -7.5980552e-04  -1.2452167e-03  -2.1768549e-03
   9.5372869e-04  -7.0362804e-04  -8.5543414e-04  -2.2331528e-03
   1.2573360e-03  -8.0474750e-04  -1.1665106e-03  -2.1505825e-03
   1.8832917e-03  -7.4107969e-04  -1.7137053e-03  -2.0229738e-03
   1.4522443e-03  -5.6505694e-04  -1.8336384e-03  -2.2519188e-03
   5.8640137e-04  -4.0401484e-04  -1.1177878e-03  -2.4996298e-03
   3.9898947e-04  -9.5080893e-04  -1.5975201e-03  -2.4245659e-03
  -5.8295566e-05  -1.0968704e-03  -3.0179776e-03  -2.4095531e-03
  -6.5801365e-04  -8.5717981e-04  -3.3140624e-03  -2.1280633e-03
  -2.2321804e-04  -7.3358936e-04  -2.9730027e-03  -2.0567526e-03
   4.7395423e-04  -6.1748925e-04  -2.2046814e-03  -2.3645147e-03
  -5.7555241e-04  -6.6243123e-04  -3.0554567e-03  -2.2181401e-03
  -1.3139553e-03  -7.2984420e-04  -3.6288868e-03  -1.8540799e-03
  -1.8124709e-03  -6.4745057e-04  -2.7031533e-03  -1.9816886e-03
  -1.7262615e-03  -6.2123441e-04  -2.3396061e-03  -2.2631784e-03
  -2.2922454e-03  -1.2878738e-03  -2.3471019e-03  -1.8503268e-03
  -2.3896996e-03  -5.4633111e-04  -2.3133707e-03  -1.7527436e-03
  -1.2052564e-03  -8.9837662e-04  -1.1815022e-03  -1.8465736e-03
  -2.2322736e-03  -4.5644715e-04  -6.9427405e-04  -1.7640032e-03
  -1.1715223e-03  -4.1150517e-04  -3.0823942e-04  -1.9591695e-03
  -3.0943683e-03  -8.3845398e-04  -8.3364883e-05  -1.5763434e-03
   1.3173078e-03   2.8280626e-03   1.8917832e-03  -1.7302244e-03
   6.6135681e-03  -1.1380672e-03   2.8774832e-03  -1.6701733e-03
  -3.7428135e-03  -3.9057441e-03   3.0798703e-03  -1.4449815e-03
  -1.1779036e-02  -2.0219261e-03   9.0090624e-03  -2.5334086e-03
  -8.6117747e-03  -3.3327339e-03   7.1388558e-03  -2.3194764e-03
   3.5212717e-03  -1.1867543e-03   1.4382862e-03  -1.3436452e-03
   6.3511914e-03  -1.8305011e-04  -1.3126790e-03  -3.1902238e-04
   3.5026238e-04   1.1876803e-03   1.8168250e-03  -1.0546490e-03
   5.0403336e-05   1.8767906e-03   7.3599824e-03  -2.7435876e-03
   1.6771386e-03  -1.3810813e-04   3.2035513e-03  -1.8353140e-03
   2.2581155e-03  -1.7372936e-03   2.8624916e-03  -1.5388114e-03
  -5.1558992e-03  -2.7484881e-03   3.8744270e-03  -1.7902756e-03
  -9.6575331e-03  -2.0668681e-03   7.1950744e-03  -2.4170595e-03
  -4.4399858e-03  -1.6998419e-03   5.9507686e-03  -2.2481656e-03
   2.9815255e-03  -1.1755188e-03  -1.1665106e-03  -6.9809527e-04
   5.8751652e-03  -1.4517680e-05  -2.1454170e-04  -6.3429092e-04
   1.5234609e-03   8.4687027e-04   2.1466410e-03  -1.5688370e-03
  -5.1932884e-04   4.0868596e-04   5.0400267e-03  -2.7323280e-03
  -1.0702266e-04  -6.8490222e-04   2.2703220e-03  -2.1205569e-03
  -1.0403339e-03  -1.8833550e-03   1.7898875e-04  -1.7489904e-03
  -4.3275386e-03  -2.4900717e-03   2.4089946e-03  -2.4808638e-03
  -6.9662982e-03  -1.8721195e-03   2.0979182e-03  -2.4395787e-03
  -2.5883562e-03  -1.3140899e-03  -4.1318088e-04  -1.9929482e-03
   3.2476503e-03  -6.9239255e-04  -4.3072583e-03  -9.9084464e-04
   4.1509757e-03   3.0756651e-04  -4.5771078e-03  -1.1935173e-03
   4.2522714e-04   5.6598289e-04  -2.4782787e-03  -2.2068805e-03
  -2.4121890e-03  -7.4440320e-05  -1.4476038e-03  -2.5484214e-03
  -1.3889201e-03  -8.9837662e-04  -1.7736718e-03  -2.5259022e-03
  -1.1640258e-03  -1.9208067e-03  -2.3920768e-03  -2.2594252e-03
  -3.4467027e-03  -1.8608840e-03  -2.0022943e-03  -2.2331528e-03
  -3.9189807e-03  -1.5650160e-03  -1.5712848e-03  -2.3157232e-03
  -4.6685351e-04  -1.1942447e-03  -3.1079274e-03  -1.9141311e-03
   2.8166030e-03  -2.6544374e-04  -4.2510397e-03  -1.3061132e-03
   2.6666735e-03  -3.6988670e-05  -3.1716419e-03  -1.2160365e-03
  -1.7449094e-04   1.6899540e-04  -1.0878045e-03  -1.9328971e-03
  -1.4901225e-03  -2.6169857e-04   4.3759447e-04  -2.5484214e-03
  -6.2053127e-04  -1.0931252e-03   2.6144274e-04  -2.5183958e-03
  -4.7434998e-04  -1.5350547e-03  -2.0329797e-04  -2.2856976e-03
  -1.5650872e-03  -1.5874870e-03   2.8393020e-04  -2.1393229e-03
  -1.6662897e-03  -1.1305768e-03   1.8648456e-04  -2.0379866e-03
   6.2388375e-04  -7.5606035e-04  -7.9171968e-04  -1.6326413e-03
   2.0856966e-03  -3.7405352e-04  -1.4138726e-03  -1.2498152e-03
   1.3098113e-03  -4.0401484e-04  -4.8813906e-04  -1.4412283e-03
  -4.7060175e-04  -4.8640847e-04   1.4345383e-03  -2.0229738e-03
  -9.3913150e-04  -4.4521166e-04   2.0566912e-03  -2.3082168e-03
   2.1157757e-04  -1.0257122e-03   1.7156314e-03  -2.3119700e-03
   3.3901766e-04  -1.2054801e-03   1.2921177e-03  -2.1918677e-03
  -5.2307708e-04  -8.7590563e-04   1.3445884e-03  -2.0417398e-03
  -9.2788678e-04  -8.3096365e-04   1.0147725e-03  -1.9366503e-03
  -8.0784994e-05  -8.6092497e-04   2.5019902e-04  -1.7827692e-03
   8.6377098e-04  -7.8602167e-04   9.6534749e-05  -1.6213817e-03
   3.4651414e-04  -6.6243123e-04   5.3504010e-04  -1.7302244e-03
  -6.3177598e-04  -7.5980552e-04   1.0859827e-03  -2.2293996e-03
  -8.5667026e-04  -8.9463146e-04   1.1571930e-03  -2.1655953e-03
  -3.9938522e-04  -9.5080893e-04   7.8989791e-04  -2.1580889e-03
  -1.8573566e-04  -8.0474750e-04   1.2651802e-04  -2.0980378e-03
  -4.6310527e-04  -6.4745057e-04  -4.2137884e-05  -1.9891950e-03
  -7.3288518e-05  -7.4857002e-04  -1.8830634e-04  -2.1130505e-03
   1.8159167e-04  -8.8339596e-04  -4.3192042e-04  -1.8203012e-03
  -4.6310527e-04  -9.6578959e-04  -5.5560142e-04  -2.0379866e-03
  -5.6055946e-04  -7.4482486e-04  -7.0926569e-04  -2.1430761e-03
  -2.3821099e-04  -8.7965080e-04  -3.4946642e-04  -2.3419956e-03
  -1.0327442e-04  -8.9837662e-04  -4.6939951e-04  -2.3757743e-03
   6.1648050e-05  -5.8752793e-04  -9.9785468e-04  -1.9929482e-03
  -1.5200152e-04  -6.8864738e-04  -5.3686187e-04  -2.2744380e-03
  -3.3566518e-04  -8.1598299e-04  -1.9580215e-04  -2.2068805e-03
  -4.7050852e-05  -7.5606035e-04  -5.5560142e-04  -2.0755186e-03
   1.6669194e-05  -7.3733453e-04  -6.0057633e-04  -1.9816886e-03
  -2.1197332e-04  -9.1335728e-04  -3.2323106e-04  -1.9479099e-03
  -9.5684720e-06  -6.6243123e-04  -1.2084397e-04  -2.3532552e-03
   5.7140842e-04  -6.3246991e-04  -3.3072688e-04  -2.0755186e-03
   6.9135203e-04  -7.8227651e-04  -3.8319760e-04  -1.6288881e-03
   6.2388375e-04  -6.2497958e-04  -7.2121156e-05  -1.9028715e-03
   8.2628860e-04  -7.2984420e-04  -1.2084397e-04  -1.9779355e-03
   6.8760380e-04  -5.6880210e-04  -4.7314742e-04  -1.9591695e-03
   4.9644366e-04  -6.1748925e-04  -5.2936605e-04  -2.0567526e-03
   4.6270952e-04  -7.5606035e-04  -4.4691206e-04  -1.7414840e-03
   3.6525533e-04  -6.2872474e-04  -4.8439115e-04  -1.8315608e-03
   7.7756151e-04  -7.7104101e-04  -5.1062651e-04  -2.0304802e-03
   1.0174487e-03  -6.1374408e-04  -8.4419041e-04  -1.7302244e-03
   7.0634499e-04  -6.3996024e-04  -9.0040905e-04  -1.8803523e-03
   2.3031876e-04  -7.1486354e-04  -6.0057633e-04  -2.2293996e-03
   8.7885716e-05  -7.6729585e-04  -7.8422387e-04  -2.0342334e-03
   6.4637318e-04  -1.0444381e-03  -9.0040905e-04  -1.9929482e-03
   5.8265313e-04  -6.9988288e-04  -9.4163604e-04  -2.1468293e-03
   2.5280819e-04  -7.2609903e-04  -9.8661095e-04  -1.9591695e-03
   3.9524123e-04  -6.3996024e-04  -9.4913186e-04  -1.9178843e-03
   5.9764608e-04  -4.0776001e-04  -1.1102919e-03  -1.9366503e-03
   5.1893309e-04  -6.9613771e-04  -1.1252836e-03  -1.8878587e-03
  -3.5806138e-05  -5.5756661e-04  -1.0278380e-03  -2.0342334e-03
  -2.0072861e-04  -6.3246991e-04  -8.1795505e-04  -2.1243101e-03
  -6.5792042e-05  -7.6355068e-04  -9.8661095e-04  -2.0267270e-03
   2.1157757e-04  -8.1598299e-04  -1.1927459e-03  -2.0192206e-03
   4.2147890e-04  -9.4706377e-04  -1.0128463e-03  -1.9854418e-03
   2.6030466e-04  -8.0474750e-04  -7.3550105e-04  -2.1881145e-03
  -5.8202340e-06  -7.4482486e-04  -7.3550105e-04  -2.3645147e-03
  -3.3566518e-04  -8.0849266e-04  -1.2227292e-03  -2.0192206e-03
  -1.4450504e-04  -8.9463146e-04  -1.0016026e-03  -1.9929482e-03
   8.7885716e-05  -7.8602167e-04  -9.6787141e-04  -1.9141311e-03
  -1.3326033e-04  -8.2347332e-04  -1.4850828e-03  -1.9591695e-03
  -8.4533232e-05  -1.0294574e-03  -9.6787141e-04  -2.2143869e-03
   2.6405290e-04  -1.0144767e-03  -4.1318088e-04  -2.2031273e-03
   2.5280819e-04  -8.0849266e-04  -5.2561815e-04  -2.1318165e-03
   1.4410929e-04  -8.6092497e-04  -5.9308051e-04  -1.8728459e-03
   1.5535400e-04  -1.1305768e-03  -6.0807214e-04  -1.9666759e-03
  -1.2201561e-04  -8.7590563e-04  -2.5202079e-04  -2.0980378e-03
  -3.6939932e-04  -8.4219915e-04   1.4525757e-04  -2.0755186e-03
  -6.5792042e-05  -9.3208311e-04  -9.1088500e-07  -2.1731017e-03
   6.6886261e-04  -6.9988288e-04  -9.8356519e-05  -2.0004546e-03
   6.7635908e-04  -8.6092497e-04  -9.0860701e-05  -1.7865224e-03
   2.1532581e-04  -9.1710245e-04   8.1543113e-05  -1.9591695e-03
   1.6285048e-04  -5.7629243e-04   3.0641765e-04  -2.1318165e-03
   1.5910224e-04  -5.6505694e-04   2.7643438e-04  -1.9591695e-03
   2.3406700e-04  -9.9949608e-04   4.4883819e-04  -1.8315608e-03
   1.2536810e-04  -8.1598299e-04   4.8256938e-04  -1.8578331e-03
   9.1633954e-05  -7.1860870e-04   1.7149293e-04  -1.9891950e-03
   3.1652823e-04  -8.8339596e-04   2.9517393e-04  -1.8653395e-03
   4.9269542e-04  -6.5868606e-04   4.2260283e-04  -1.6363945e-03
   3.5401061e-04  -9.7327992e-04   1.2651802e-04  -1.7902756e-03
   1.2920956e-05  -7.4482486e-04   2.3895529e-04  -1.9441567e-03
   1.1412338e-04  -5.0513430e-04   2.7268647e-04  -2.0042078e-03
   1.1412338e-04  -7.7478618e-04   1.4080751e-05  -1.9141311e-03
   2.7913908e-05  -5.8378276e-04   8.5291022e-05  -1.9141311e-03
  -6.9540280e-05  -7.7104101e-04   1.1527429e-04  -2.0529994e-03
   1.6762420e-06  -7.9725717e-04  -9.8356519e-05  -1.8353140e-03
   1.8533990e-04  -7.3733453e-04  -4.2442460e-04  -1.8690927e-03
  -1.5574975e-04  -6.8115705e-04  -3.0449151e-04  -2.0192206e-03
  -1.9698037e-04  -7.2984420e-04  -1.2084397e-04  -2.0529994e-03
  -1.9698037e-04  -1.0669090e-03  -4.9938278e-04  -2.3007104e-03
  -2.9443456e-04  -8.2347332e-04  -7.3175314e-04  -2.1355697e-03
  -6.5792042e-05  -8.4968948e-04  -7.6923223e-04  -1.9516631e-03
  -4.7050852e-05  -7.1860870e-04  -6.7178660e-04  -2.2293996e-03
  -2.1946980e-04  -6.5119573e-04  -7.5424059e-04  -2.2969572e-03
  -3.2442046e-04  -9.1335728e-04  -9.1914859e-04  -2.0905314e-03
  -2.7194513e-04  -7.4107969e-04  -9.1540068e-04  -1.9891950e-03
  -2.7194513e-04  -8.2347332e-04  -9.1914859e-04  -2.1168037e-03
  -4.6685351e-04  -6.0250859e-04  -6.4555123e-04  -2.1956209e-03
  -4.7060175e-04  -6.2123441e-04  -6.7928241e-04  -2.0867782e-03
  -6.5792042e-05  -8.9088629e-04  -6.1556796e-04  -2.1505825e-03
   9.9130430e-05  -7.6355068e-04  -5.4435769e-04  -2.0417398e-03
  -2.4570747e-04  -6.7741189e-04  -5.7808887e-04  -2.0905314e-03
  -2.6819689e-04  -6.0250859e-04  -2.8575197e-04  -2.2369060e-03
  -1.5574975e-04  -8.2347332e-04  -3.3072688e-04  -2.0680122e-03
  -2.8318985e-04  -8.6467014e-04  -1.6207097e-04  -2.1993741e-03
  -4.3302614e-05  -7.8976684e-04  -2.7146248e-05  -2.0529994e-03
   7.6641002e-05  -9.2459278e-04  -7.9616974e-05  -2.0492462e-03
   1.3661281e-04  -8.4219915e-04   1.2651802e-04  -2.1956209e-03
   2.1157757e-04  -6.2123441e-04   1.8648456e-04  -2.0830250e-03
  -1.4075680e-04  -7.1486354e-04   3.5514047e-04  -2.1580889e-03
  -1.6699447e-04  -9.2084761e-04   2.5019902e-04  -2.0755186e-03
  -1.6699447e-04  -8.4594431e-04   3.2140929e-04  -2.0342334e-03
  -8.4533232e-05  -7.7104101e-04   5.6502337e-04  -1.9666759e-03
   5.7899812e-05  -7.0362804e-04   3.4389674e-04  -1.8240544e-03
  -1.0327442e-04  -6.5868606e-04   6.0999828e-04  -1.7039521e-03
   5.7899812e-05  -7.5606035e-04   6.4372946e-04  -1.6776797e-03
  -6.5792042e-05  -6.6992156e-04   4.8256938e-04  -1.8240544e-03
  -3.5065813e-04  -4.0401484e-04   6.3248574e-04  -1.7677564e-03
  -1.3326033e-04  -5.5382144e-04   5.4628383e-04  -1.6626669e-03
   1.6762420e-06  -9.2084761e-04   4.0761120e-04  -1.7077053e-03
  -7.3288518e-05  -7.8602167e-04   2.4270320e-04  -1.8015352e-03
  -1.6324623e-04  -7.6355068e-04   3.7388001e-04  -1.8465736e-03
  -2.0822509e-04  -8.3845398e-04   5.8751083e-04  -1.8765991e-03
  -3.6565108e-04  -5.3884078e-04   4.9381310e-04  -1.8615863e-03
  -5.4181827e-04  -6.6992156e-04   1.0403057e-04  -1.8465736e-03
  -4.6310527e-04  -7.1111837e-04  -1.0585234e-04  -1.9066247e-03
  -3.5440637e-04  -6.5868606e-04   4.4064023e-05  -1.9253907e-03
  -3.0567927e-04  -9.3582827e-04   8.5291022e-05  -1.9854418e-03
  -3.2816870e-04  -7.5606035e-04  -8.3364883e-05  -1.9328971e-03
  -3.7689580e-04  -8.5343464e-04  -6.8373247e-05  -2.0004546e-03
  -4.4811232e-04  -8.7590563e-04  -6.8373247e-05  -2.2594252e-03
  -5.7930065e-04  -6.7741189e-04  -3.0074361e-04  -2.0342334e-03
  -5.6055946e-04  -8.3470882e-04  -2.8949988e-04  -1.8465736e-03
  -5.1183236e-04  -5.3509562e-04  -8.3364883e-05  -1.9854418e-03
  -4.8184646e-04  -7.4857002e-04  -7.9616974e-05  -1.9704291e-03
  -3.0942751e-04  -1.0519284e-03  -3.6071015e-04  -1.8390672e-03
  -4.2562289e-04  -8.7965080e-04  -1.5082725e-04  -1.8278076e-03
  -5.7930065e-04  -9.3957344e-04   5.5307750e-05  -1.9779355e-03
  -6.6925836e-04  -8.2721849e-04  -2.5576870e-04  -1.9441567e-03
  -7.7795726e-04  -9.0961212e-04  -1.2084397e-04  -2.1017910e-03
  -4.4811232e-04  -7.5231519e-04   6.2803568e-05  -2.1130505e-03
  -3.8439227e-04  -7.5231519e-04  -1.5082725e-04  -1.8503268e-03
  -4.0313346e-04  -9.5829926e-04   4.4064023e-05  -2.0229738e-03
  -3.1317575e-04  -6.6243123e-04   2.2396365e-04  -2.1055441e-03
  -6.2802774e-04  -7.8227651e-04  -3.4642066e-05  -2.0192206e-03
  -6.9174779e-04  -8.6841530e-04   2.2771156e-04  -2.0267270e-03
  -3.9188875e-04  -7.0362804e-04   1.7149293e-04  -2.1468293e-03
  -3.9563699e-04  -6.9239255e-04  -1.6956679e-04  -2.2856976e-03
  -4.5186056e-04  -8.1972816e-04  -3.8389975e-05  -2.0192206e-03
  -2.2696628e-04  -9.5080893e-04   3.6568205e-05  -1.9741823e-03
  -5.3807003e-04  -7.5980552e-04   2.4645111e-04  -2.1881145e-03
  -6.9549603e-04  -9.3957344e-04  -1.5902521e-05  -2.1205569e-03
  -3.6565108e-04  -9.9949608e-04  -1.4707934e-04  -2.1693485e-03
  -3.6939932e-04  -8.4968948e-04   1.1527429e-04  -1.9441567e-03
  -3.9563699e-04  -9.9200575e-04  -1.9955006e-04  -1.8803523e-03
  -2.9443456e-04  -7.4857002e-04  -4.5885793e-05  -2.0004546e-03
  -3.1692399e-04  -8.8714113e-04   1.2277011e-04  -1.6851861e-03
  -6.8799955e-04  -8.6841530e-04  -1.8455843e-04  -1.7790160e-03
  -5.7555241e-04  -6.4745057e-04   1.4080751e-05  -1.8052884e-03
  -3.6565108e-04  -8.4219915e-04   1.6399711e-04  -1.7640032e-03
  -4.4436408e-04  -7.4857002e-04  -7.5869065e-05  -1.8653395e-03
  -3.3566518e-04  -8.8339596e-04   4.7811932e-05  -1.5500710e-03
  -5.9054536e-04  -7.9725717e-04   2.0897202e-04  -1.8240544e-03
  -4.1062994e-04  -8.7216047e-04  -5.7129520e-05  -2.0980378e-03
  -2.5695218e-04  -1.0519284e-03  -1.0960025e-04  -1.7790160e-03
  -5.4181827e-04  -7.7104101e-04   8.9038931e-05  -2.0042078e-03
  -3.7689580e-04  -8.7590563e-04   1.6774502e-04  -1.9291439e-03
  -3.0193104e-04  -8.7216047e-04   1.4080751e-05  -1.8165480e-03
