  -3.8814051e-04  -8.4968948e-04  -7.9616974e-05  -2.2706848e-03
  -1.9323213e-04  -9.9575091e-04  -3.7944969e-04  -2.1205569e-03
  -2.0822509e-04  -1.0743994e-03  -3.6071015e-04  -2.1806081e-03
  -3.5806138e-05  -8.1598299e-04  -5.7129520e-05  -2.1017910e-03
  -4.3302614e-05  -9.0961212e-04  -1.8455843e-04  -2.2106337e-03
  -1.8948390e-04  -8.8339596e-04  -2.3702915e-04  -2.2444124e-03
  -4.2187465e-04  -8.4594431e-04  -1.2459188e-04  -1.9967014e-03
  -4.4436408e-04  -9.7702509e-04  -4.3192042e-04  -2.1318165e-03
  -2.3071451e-04  -8.7590563e-04  -3.1198733e-04  -2.1318165e-03
  -3.9188875e-04  -9.9949608e-04  -4.9633702e-05  -2.0567526e-03
   1.6762420e-06  -8.5343464e-04  -3.9818924e-04  -2.0642590e-03
  -1.3316710e-05  -7.5606035e-04  -9.0860701e-05  -1.9141311e-03
  -2.8309662e-05  -1.0257122e-03  -4.9633702e-05  -1.9216375e-03
   3.9898947e-04  -8.8714113e-04  -4.6565160e-04  -1.9103779e-03
  -3.5806138e-05  -5.2386012e-04  -3.1948315e-04  -1.9328971e-03
  -2.0072861e-04  -8.1972816e-04  -1.0960025e-04  -2.1655953e-03
  -2.9068632e-04  -9.5455410e-04   6.2803568e-05  -2.0192206e-03
  -4.8184646e-04  -5.3884078e-04   2.2396365e-04  -1.6964457e-03
  -4.7434998e-04  -8.0100233e-04   3.5888838e-04  -1.8315608e-03
  -7.5921607e-04  -8.5343464e-04   3.7388001e-04  -1.9967014e-03
  -4.2937113e-04  -7.8976684e-04  -1.5902521e-05  -2.0905314e-03
   2.2282228e-04  -9.2459278e-04  -6.3805542e-04  -2.2594252e-03
   2.1157757e-04  -6.7741189e-04  -4.8064324e-04  -2.1881145e-03
   1.6285048e-04  -7.2984420e-04  -3.0894157e-05  -2.0454930e-03
  -2.6070042e-04  -7.7853134e-04   2.9892183e-04  -2.0642590e-03
  -6.5051717e-04  -5.9501826e-04   4.1510701e-04  -1.9028715e-03
  -4.4061584e-04  -6.4370540e-04   7.0299386e-05  -1.8765991e-03
  -4.6310527e-04  -8.8339596e-04   1.7524084e-04  -2.0079610e-03
   3.5410384e-05  -9.4331860e-04  -2.1079379e-04  -2.1505825e-03
   2.8279409e-04  -7.3733453e-04  -5.4810560e-04  -2.2068805e-03
   4.2906860e-05  -6.5119573e-04  -2.9324779e-04  -1.9554163e-03
  -5.8202340e-06  -7.2984420e-04  -4.0568506e-04  -2.1693485e-03
  -4.6685351e-04  -8.3096365e-04  -1.5902521e-05  -2.0079610e-03
  -4.5935703e-04  -8.3845398e-04   6.6551477e-05  -1.9178843e-03
  -1.7449094e-04  -9.1710245e-04  -1.3583561e-04  -2.2969572e-03
  -1.2576385e-04  -8.8714113e-04  -1.2833979e-04  -2.1243101e-03
  -3.5806138e-05  -6.1748925e-04  -3.6820597e-04  -2.2143869e-03
  -2.0822509e-04  -6.2123441e-04  -3.4642066e-05  -2.0267270e-03
  -4.2187465e-04  -6.9613771e-04   4.7811932e-05  -2.1017910e-03
  -2.0822509e-04  -7.5606035e-04  -2.8200406e-04  -2.4508383e-03
  -9.5684720e-06  -9.0212179e-04  -2.1454170e-04  -2.1618421e-03
  -2.0822509e-04  -7.3733453e-04  -1.2833979e-04  -2.1918677e-03
  -1.2576385e-04  -7.0362804e-04  -1.4333143e-04  -2.0642590e-03
  -2.0813186e-05  -9.9200575e-04  -2.2203752e-04  -2.0117142e-03
  -1.1077090e-04  -7.7104101e-04  -1.7706261e-04  -2.2106337e-03
  -7.7036756e-05  -6.9239255e-04  -3.0894157e-05  -2.2594252e-03
  -1.9323213e-04  -8.4968948e-04   6.5849330e-06  -2.2594252e-03
  -2.0447685e-04  -6.6617639e-04  -6.4625338e-05  -2.1806081e-03
  -2.5320394e-04  -9.1710245e-04  -2.2203752e-04  -2.3645147e-03
  -2.4570747e-04  -8.5717981e-04  -2.8200406e-04  -2.1956209e-03
  -2.0719960e-06  -6.6617639e-04   9.6534749e-05  -2.0004546e-03
   1.0287867e-04  -7.2235387e-04   1.8273666e-04  -2.0117142e-03
   1.3286457e-04  -5.5756661e-04   2.1576569e-05  -1.7865224e-03
  -2.2321804e-04  -7.6355068e-04   2.1271993e-04  -1.9066247e-03
  -3.9554376e-05  -7.2984420e-04   1.0028266e-04  -1.9479099e-03
   2.7529762e-04  -5.8752793e-04   6.6551477e-05  -1.7715096e-03
  -1.3700856e-04  -5.4633111e-04   1.3026593e-04  -1.9554163e-03
  -1.1451914e-04  -5.2386012e-04  -1.5832306e-04  -1.9441567e-03
  -9.5777946e-05  -8.2347332e-04  -1.3958352e-04  -1.8240544e-03
  -5.0799090e-05  -8.2721849e-04   3.6568205e-05  -1.9404035e-03
  -5.0799090e-05  -5.8752793e-04   1.4080751e-05  -1.8278076e-03
  -2.3071451e-04  -6.4745057e-04   2.8370240e-06  -1.8916119e-03
  -9.2029708e-05  -7.6729585e-04  -1.2833979e-04  -1.9929482e-03
   1.2920956e-05  -8.3845398e-04  -3.1198733e-04  -1.9629227e-03
   8.4137478e-05  -9.3957344e-04  -1.9580215e-04  -2.2218933e-03
   1.0662691e-04  -5.4258595e-04  -1.7331470e-04  -2.1205569e-03
  -1.5574975e-04  -5.3884078e-04  -1.4333143e-04  -1.7377308e-03
  -5.0433589e-04  -6.7366672e-04   1.4900547e-04  -1.9741823e-03
  -3.6939932e-04  -6.3621507e-04   2.8370240e-06  -2.1580889e-03
  -4.0313346e-04  -8.1972816e-04   1.5275338e-04  -1.9366503e-03
  -5.5306298e-04  -4.7891814e-04   3.5888838e-04  -2.0792718e-03
  -1.5949799e-04  -7.0737321e-04  -1.1334816e-04  -2.0004546e-03
   6.1648050e-05  -1.0032412e-03  -3.7570179e-04  -2.0792718e-03
   5.4151574e-05  -8.3470882e-04  -3.9444133e-04  -2.2781912e-03
  -8.8281470e-05  -8.4219915e-04  -2.5202079e-04  -2.0192206e-03
  -2.4195923e-04  -7.2609903e-04  -1.4707934e-04  -2.2631784e-03
  -2.8693808e-04  -8.1972816e-04  -1.4333143e-04  -2.3007104e-03
  -5.0808413e-04  -7.2984420e-04  -2.1079379e-04  -1.9516631e-03
  -4.7434998e-04  -6.6992156e-04  -3.2697897e-04  -2.0079610e-03
  -5.4547328e-05  -9.7327992e-04  -2.1079379e-04  -2.1092973e-03
  -1.2576385e-04  -8.4594431e-04  -2.6326452e-04  -1.9704291e-03
  -3.7689580e-04  -7.5606035e-04  -2.4077706e-04  -1.9891950e-03
  -1.2576385e-04  -9.3208311e-04  -8.7112792e-05  -2.0079610e-03
  -2.6444866e-04  -7.7853134e-04  -1.3583561e-04  -2.0379866e-03
  -2.8318985e-04  -7.7104101e-04  -1.8455843e-04  -2.2256465e-03
  -1.2576385e-04  -8.0100233e-04  -2.9699570e-04  -1.9666759e-03
  -4.7434998e-04  -7.1860870e-04  -3.0449151e-04  -2.1731017e-03
  -2.6070042e-04  -8.7216047e-04  -1.0585234e-04  -2.4583447e-03
  -1.2576385e-04  -9.3208311e-04  -2.7825615e-04  -2.1618421e-03
  -2.7569337e-04  -8.2347332e-04  -4.0943297e-04  -2.1543357e-03
  -2.2321804e-04  -7.1486354e-04  -2.7450824e-04  -1.9816886e-03
  -3.8439227e-04  -8.5343464e-04  -1.5832306e-04  -2.1243101e-03
  -3.5815461e-04  -7.5231519e-04   4.4064023e-05  -2.3532552e-03
  -3.2442046e-04  -6.1374408e-04  -2.7076033e-04  -1.9178843e-03
  -1.7074271e-04  -9.6204443e-04  -2.0329797e-04  -1.8653395e-03
   1.5910224e-04  -8.6467014e-04  -4.5885793e-05  -2.1055441e-03
   2.1157757e-04  -7.1860870e-04  -2.6326452e-04  -1.9666759e-03
  -7.3288518e-05  -8.1972816e-04   1.7828660e-05  -1.8315608e-03
  -3.8814051e-04  -6.1374408e-04   1.7524084e-04  -2.0755186e-03
  -3.5440637e-04  -6.8864738e-04   3.5139256e-04  -2.0717654e-03
  -4.9309117e-04  -7.5980552e-04   2.3520738e-04  -1.8428204e-03
  -3.2442046e-04  -7.7853134e-04  -2.4452497e-04  -1.7039521e-03
   5.7899812e-05  -7.1486354e-04  -3.5696224e-04  -1.7377308e-03
   5.4244800e-06  -4.9389880e-04  -4.0568506e-04  -2.1355697e-03
  -2.8309662e-05  -8.1223783e-04  -2.8575197e-04  -1.8653395e-03
  -4.8934294e-04  -7.3358936e-04   1.2277011e-04  -1.7602500e-03
  -6.2802774e-04  -6.9613771e-04   1.7524084e-04  -2.1055441e-03
  -4.8559470e-04  -8.8714113e-04   3.6638420e-04  -1.9366503e-03
  -7.3297841e-04  -7.5606035e-04   2.8018229e-04  -2.1505825e-03
  -3.5440637e-04  -9.5829926e-04  -1.6581888e-04  -2.2181401e-03
   1.5160576e-04  -7.3358936e-04  -3.0074361e-04  -1.8803523e-03
   1.8908814e-04  -7.1111837e-04  -6.2681169e-04  -1.8991183e-03
  -9.5684720e-06  -9.6578959e-04  -3.9818924e-04  -1.9216375e-03
  -4.7050852e-05  -7.4482486e-04  -3.5696224e-04  -1.9366503e-03
  -6.9540280e-05  -8.7590563e-04  -3.5321433e-04  -2.0605058e-03
  -3.3191694e-04  -9.4706377e-04   5.9055659e-05  -2.1130505e-03
  -3.0942751e-04  -6.9613771e-04   5.9055659e-05  -2.1430761e-03
  -2.5695218e-04  -9.8077025e-04   8.1543113e-05  -2.1956209e-03
  -1.6324623e-04  -1.1530478e-03  -2.1454170e-04  -2.1580889e-03
  -1.5574975e-04  -6.2497958e-04  -3.4197060e-04  -2.2218933e-03
  -2.8693808e-04  -6.2872474e-04  -2.4827288e-04  -2.3907871e-03
  -1.4075680e-04  -8.9463146e-04  -6.4625338e-05  -2.2556720e-03
  -3.0942751e-04  -7.5606035e-04  -6.4625338e-05  -2.1731017e-03
  -3.3191694e-04  -8.2347332e-04  -4.3192042e-04  -2.2556720e-03
   4.2906860e-05  -9.0212179e-04  -2.4827288e-04  -2.1731017e-03
  -1.9698037e-04  -7.8602167e-04  -6.8373247e-05  -2.1693485e-03
  -2.5320394e-04  -8.1598299e-04  -2.2203752e-04  -2.1693485e-03
  -7.3288518e-05  -9.8451542e-04  -3.7944969e-04  -2.1505825e-03
  -2.4945570e-04  -8.0474750e-04  -1.5082725e-04  -2.2556720e-03
  -3.1692399e-04  -8.4968948e-04  -1.5832306e-04  -2.1618421e-03
  -2.4945570e-04  -9.0961212e-04  -2.4452497e-04  -2.1092973e-03
  -9.5777946e-05  -5.6131177e-04   1.2277011e-04  -2.0642590e-03
  -5.8295566e-05  -7.8602167e-04  -1.2154612e-05  -2.0042078e-03
  -1.3316710e-05  -8.1223783e-04   4.7811932e-05  -2.0417398e-03
  -8.8281470e-05  -5.2011496e-04   1.5275338e-04  -1.7677564e-03
  -6.2043804e-05  -6.7741189e-04   7.0299386e-05  -1.8353140e-03
   1.9283638e-04  -7.0362804e-04   2.9072387e-05  -1.9554163e-03
   7.2892764e-05  -6.8115705e-04  -2.0329797e-04  -1.9554163e-03
   7.6641002e-05  -6.8490222e-04  -9.8356519e-05  -1.9028715e-03
   3.9158622e-05  -6.8490222e-04   1.0028266e-04  -1.7152117e-03
  -1.2201561e-04  -7.3733453e-04   5.5307750e-05  -2.0004546e-03
   1.5535400e-04  -5.6131177e-04  -2.2953333e-04  -1.9479099e-03
  -5.8202340e-06  -6.2872474e-04   3.6568205e-05  -1.9103779e-03
  -4.1062994e-04  -7.5980552e-04   2.5019902e-04  -1.9591695e-03
  -2.2696628e-04  -8.7590563e-04  -1.6956679e-04  -2.0717654e-03
   1.6762420e-06  -8.5717981e-04  -2.0704588e-04  -2.1280633e-03
   2.2282228e-04  -8.0474750e-04  -2.2953333e-04  -1.7414840e-03
   2.7904585e-04  -7.8976684e-04  -3.3822270e-04  -2.0117142e-03
   1.6669194e-05  -5.5756661e-04  -4.9633702e-05  -2.0717654e-03
  -2.3071451e-04  -7.9351200e-04   5.5307750e-05  -2.0079610e-03
  -3.6939932e-04  -8.0474750e-04   4.7811932e-05  -2.1505825e-03
  -4.4811232e-04  -9.8451542e-04   2.3145947e-04  -2.0417398e-03
  -2.7569337e-04  -1.2054801e-03  -1.5902521e-05  -2.1693485e-03
   9.1727180e-06  -7.3733453e-04  -2.3328124e-04  -2.1918677e-03
  -2.4561424e-05  -7.2609903e-04  -1.8081052e-04  -2.1655953e-03
  -3.9554376e-05  -8.0849266e-04  -1.5832306e-04  -2.0529994e-03
  -1.3326033e-04  -8.0849266e-04  -2.0704588e-04  -1.9216375e-03
  -2.9443456e-04  -7.5231519e-04  -1.9580215e-04  -2.1693485e-03
  -3.6190284e-04  -7.4482486e-04  -2.3398339e-05  -2.0417398e-03
  -3.2067223e-04  -9.0212179e-04  -1.0210443e-04  -1.8953651e-03
  -2.3821099e-04  -7.3358936e-04   2.9072387e-05  -2.0154674e-03
  -2.3446275e-04  -8.5717981e-04  -6.0877429e-05  -2.0567526e-03
  -1.2951209e-04  -1.0069864e-03  -4.3566833e-04  -2.2744380e-03
  -8.4533232e-05  -9.0961212e-04  -2.2203752e-04  -1.9404035e-03
  -2.3821099e-04  -9.3582827e-04  -1.0960025e-04  -1.9554163e-03
  -4.0688170e-04  -9.6953476e-04  -1.1334816e-04  -2.2106337e-03
  -4.2562289e-04  -1.0257122e-03  -2.5576870e-04  -2.0755186e-03
  -2.3821099e-04  -8.5343464e-04  -4.3941624e-04  -2.3082168e-03
  -1.7449094e-04  -8.3096365e-04  -1.2154612e-05  -2.0229738e-03
  -4.0688170e-04  -8.7216047e-04  -1.2459188e-04  -1.9554163e-03
  -1.7823918e-04  -8.9837662e-04  -5.3311396e-04  -2.2631784e-03
  -3.0942751e-04  -8.5717981e-04  -4.3192042e-04  -2.0905314e-03
  -4.0313346e-04  -7.1111837e-04  -2.5576870e-04  -2.0605058e-03
  -5.8202340e-06  -1.0706542e-03  -1.1334816e-04  -2.1618421e-03
  -2.4195923e-04  -9.8451542e-04  -2.4077706e-04  -2.0529994e-03
  -2.3821099e-04  -7.2235387e-04  -7.9616974e-05  -1.8803523e-03
  -2.7194513e-04  -8.0100233e-04   2.1576569e-05  -1.8503268e-03
  -3.4316165e-04  -8.1598299e-04   1.4900547e-04  -1.8503268e-03
  -2.3821099e-04  -9.6204443e-04   2.4645111e-04  -2.0680122e-03
  -1.6324623e-04  -8.8339596e-04  -3.9818924e-04  -1.9141311e-03
   2.3031876e-04  -7.2984420e-04  -5.9682842e-04  -1.7602500e-03
   3.4651414e-04  -7.4482486e-04  -6.0807214e-04  -1.9891950e-03
   2.7154938e-04  -9.3957344e-04  -5.2561815e-04  -1.6026158e-03
  -6.5792042e-05  -9.7702509e-04  -2.6701242e-04  -1.9028715e-03
  -1.2951209e-04  -7.2609903e-04  -8.3364883e-05  -2.2369060e-03
  -2.8693808e-04  -8.6841530e-04   2.7268647e-04  -1.8878587e-03
  -5.8304889e-04  -1.0032412e-03   3.2820296e-05  -2.1655953e-03
   1.8908814e-04  -9.0961212e-04  -4.2817251e-04  -2.0267270e-03
   6.1648050e-05  -8.6467014e-04  -6.4929914e-04  -1.8278076e-03
   1.7034695e-04  -6.4370540e-04  -5.8558469e-04  -1.9779355e-03
   1.4672373e-03  -7.1860870e-04  -4.5440787e-04  -1.8428204e-03
   1.0699241e-03  -7.1111837e-04  -2.8575197e-04  -1.8615863e-03
  -1.0478304e-03  -6.5494090e-04   3.2890511e-04  -1.9479099e-03
  -1.9474075e-03  -1.1867543e-03   1.2096637e-03  -2.1881145e-03
  -2.4945570e-04  -1.2017350e-03   9.1357891e-04  -2.3269828e-03
   7.9630270e-04  -8.7216047e-04  -6.7928241e-04  -2.0192206e-03
   6.5012142e-04  -6.0625375e-04  -7.8422387e-04  -2.1318165e-03
   1.1936159e-03  -3.1038572e-04   2.9072387e-05  -2.4433319e-03
   1.6471527e-03  -5.2011496e-04  -3.5696224e-04  -2.2481656e-03
   1.0024558e-03  -7.3358936e-04  -1.0315859e-03  -2.0792718e-03
   9.1624631e-04  -6.6243123e-04  -4.3566833e-04  -2.1130505e-03
   9.0874984e-04  -7.4482486e-04   4.4509029e-04  -2.3982935e-03
  -5.3807003e-04  -7.8602167e-04  -1.4707934e-04  -2.3645147e-03
  -6.4676893e-04  -8.7965080e-04  -6.7928241e-04  -2.2556720e-03
   1.5909292e-03  -8.8339596e-04  -6.7928241e-04  -2.5259022e-03
   4.3608770e-03  -4.6019232e-04  -1.5413015e-03  -2.3720211e-03
   3.8998438e-03  -1.8262845e-05  -2.2983791e-03  -2.3307360e-03
   1.6246633e-03   9.7837270e-05  -1.9535715e-03  -2.4133063e-03
   8.1129565e-04  -5.5756661e-04  -1.3389144e-03  -2.6722769e-03
   1.3286457e-04  -1.0631639e-03  -2.0585129e-03  -2.7811196e-03
   4.4771656e-04  -1.1530478e-03  -3.0929358e-03  -2.4771107e-03
   1.3397972e-03  -8.3470882e-04  -3.2016252e-03  -2.6685237e-03
   1.7333622e-03  -3.6281803e-04  -3.3178103e-03  -2.7998856e-03
   1.2610842e-03  -4.6768265e-04  -3.7225845e-03  -2.7736132e-03
  -7.0299250e-04  -7.2984420e-04  -4.3559811e-03  -2.5259022e-03
  -2.4196855e-03  -1.4002287e-03  -4.7794949e-03  -2.5634342e-03
  -2.5883562e-03  -1.4264449e-03  -5.9226071e-03  -2.4433319e-03
  -1.5051154e-03  -8.1223783e-04  -7.6878722e-03  -1.6926925e-03
  -4.6685351e-04  -4.3772133e-04  -9.1308172e-03  -1.6439009e-03
  -7.4422312e-04  -3.6281803e-04  -9.2844815e-03  -1.6551605e-03
  -2.1160782e-03  -6.4745057e-04  -8.5986141e-03  -1.5725902e-03
  -4.0164349e-03  -9.1710245e-04  -7.9427301e-03  -1.6401477e-03
  -5.6694079e-03  -1.4451707e-03  -6.1025067e-03  -1.4862666e-03
  -4.9347532e-03  -1.1830092e-03  -4.3259979e-03  -1.5800966e-03
  -2.8244952e-03  -6.0625375e-04  -2.7968510e-03  -1.6176285e-03
  -1.8162192e-03  -7.2984420e-04  -7.6548432e-04  -1.4937730e-03
  -5.9429360e-04  -4.1899550e-04   2.3415322e-03  -1.5125390e-03
  -1.0965575e-03  -5.9127309e-04   5.8833062e-03  -1.4074495e-03
  -1.7412544e-03  -8.1223783e-04   8.8891293e-03  -1.5800966e-03
  -1.8312121e-03  -8.7216047e-04   1.0819302e-02  -1.4524879e-03
  -4.0688170e-04  -1.1118510e-03   1.2865661e-02  -1.4374751e-03
   2.0894448e-03  -6.3246991e-04   1.3360385e-02  -1.8803523e-03
  -1.7074271e-04  -4.7517298e-04   9.2901555e-03  -1.1109469e-03
   1.8832917e-03   9.7837270e-05   9.6424590e-03  -1.3023600e-03
   2.4531171e-04  -4.5644715e-04   9.5749966e-03  -1.0884278e-03
  -3.8065336e-03  -1.2541673e-03   1.0909252e-02  -7.1310806e-04
   1.7895858e-03  -9.0586695e-04   1.8607457e-02  -3.3628651e-03
   2.8654233e-04  -1.3964836e-03   1.3098031e-02  -2.3945403e-03
  -2.7645234e-03  -9.2833794e-04   7.1688390e-03   1.5012725e-04
   8.3753332e-04  -1.1455575e-03   1.3240452e-02  -1.5688370e-03
   3.7349213e-03  -9.4706377e-04   1.5961434e-02  -2.8974687e-03
   1.4972232e-03  -1.7181461e-04   1.0095956e-02  -1.8203012e-03
  -1.0778163e-03  -5.7629243e-04   3.4883924e-03  -3.6781394e-04
   2.8578336e-03  -2.2050176e-04   6.3143158e-03  -1.5613306e-03
   2.3630662e-03  -5.4633111e-04   7.6523193e-03  -2.7285749e-03
  -2.8394882e-03  -5.4258595e-04   5.5752756e-04  -1.5650838e-03
  -3.2967732e-03  -7.0737321e-04  -2.7631198e-03  -1.4599943e-03
  -5.9429360e-04  -1.4414255e-03  -1.4550996e-03  -2.5484214e-03
  -1.5313531e-03  -1.2803834e-03  -3.4339955e-03  -2.8899623e-03
  -4.6498871e-03  -1.0818897e-03  -9.4269020e-03  -1.7189649e-03
  -3.2068155e-03  -9.6953476e-04  -1.1593193e-02  -1.6176285e-03
  -3.9188875e-04  -1.2204608e-03  -9.7829534e-03  -2.5446682e-03
  -1.4301507e-03  -8.5343464e-04  -1.2042943e-02  -1.8015352e-03
  -4.2000986e-03  -8.4219915e-04  -1.4422865e-02  -1.0546490e-03
  -2.8807188e-03  -1.2579125e-03  -1.1004772e-02  -1.9929482e-03
   1.6285048e-04  -1.0594187e-03  -6.8071136e-03  -3.0588562e-03
  -1.7674921e-03  -1.4414255e-03  -8.0626631e-03  -2.4057999e-03
  -4.0164349e-03  -1.2129705e-03  -8.7185472e-03  -1.4825134e-03
  -1.6438002e-03  -8.6467014e-04  -4.1760815e-03  -2.1355697e-03
   6.9510027e-04  -1.2541673e-03  -5.5560142e-04  -2.9350007e-03
   8.7885716e-05  -9.8826058e-04  -2.7256407e-03  -2.1543357e-03
  -9.0164912e-04  -4.8640847e-04  -6.0687756e-03  -1.0433894e-03
  -8.0784994e-05  -3.5907286e-04  -3.7188366e-03  -1.4374751e-03
   6.7261084e-04  -6.7741189e-04  -7.2800523e-04  -2.1355697e-03
  -2.1946980e-04  -9.1710245e-04  -7.3175314e-04  -1.8127948e-03
  -7.5171960e-04  -7.2984420e-04  -9.0415695e-04  -1.5688370e-03
   4.5521304e-04  -7.1111837e-04   2.2103554e-03  -1.9666759e-03
   9.6497341e-04  -8.7590563e-04   5.5872214e-03  -2.2594252e-03
   1.3286457e-04  -7.3358936e-04   4.6877233e-03  -2.1318165e-03
   1.0324417e-03  -5.6505694e-04   4.0843099e-03  -1.9929482e-03
   1.7858375e-03  -7.2235387e-04   4.6015214e-03  -2.0567526e-03
   1.2086089e-03  -7.5606035e-04   4.7626815e-03  -1.8991183e-03
   4.6270952e-04  -8.1598299e-04   5.4073218e-03  -1.7602500e-03
   2.3406700e-04  -9.2833794e-04   6.0931891e-03  -1.7414840e-03
   1.4222584e-03  -9.4706377e-04   6.9776957e-03  -1.8916119e-03
   1.6171668e-03  -8.2721849e-04   7.8397147e-03  -2.3082168e-03
   1.3772796e-03  -5.1262463e-04   7.5923527e-03  -2.1393229e-03
   1.2310983e-03  -4.3023100e-04   6.6628713e-03  -1.9441567e-03
   9.4248398e-04  -6.2497958e-04   6.2431055e-03  -2.0830250e-03
   1.1486371e-03  -7.0362804e-04   5.1712035e-03  -2.1168037e-03
   5.8640137e-04  -5.7629243e-04   3.2185429e-03  -2.1881145e-03
   3.5026238e-04  -5.1636979e-04   1.6893961e-03  -2.1168037e-03
   7.2133794e-04  -6.0999892e-04   4.7132565e-04  -2.3457488e-03
   6.0139432e-04  -7.7853134e-04  -1.2002418e-03  -2.4395787e-03
  -2.0813186e-05  -5.2760529e-04  -2.9430195e-03  -2.1693485e-03
  -6.6551012e-04  -6.0999892e-04  -4.1273587e-03  -2.3269828e-03
  -7.1048898e-04  -1.1642833e-03  -5.0830755e-03  -2.3795275e-03
  -1.0403339e-03  -8.1223783e-04  -6.2824064e-03  -2.3757743e-03
  -1.3289482e-03  -6.4370540e-04  -7.3205772e-03  -2.4320723e-03
  -6.9924426e-04  -9.3208311e-04  -7.4854852e-03  -2.3419956e-03
  -6.0179008e-04  -8.1598299e-04  -7.4592498e-03  -2.3007104e-03
  -6.2802774e-04  -9.6204443e-04  -6.4210790e-03  -2.3645147e-03
  -5.8304889e-04  -1.1942447e-03  -5.6640014e-03  -2.6347449e-03
  -9.6536916e-04  -1.1680285e-03  -5.8626406e-03  -2.2856976e-03
  -8.3043259e-04  -1.1118510e-03  -4.9031759e-03  -2.1355697e-03
   1.7034695e-04  -8.9837662e-04  -3.4677267e-03  -2.5859534e-03
   1.2535877e-03  -6.4370540e-04  -2.4370517e-03  -2.5183958e-03
   5.7515666e-04  -5.7629243e-04  -3.2653396e-03  -2.2331528e-03
   3.6525533e-04  -6.3621507e-04  -3.8575092e-03  -1.8090416e-03
   9.1624631e-04  -6.5119573e-04  -3.4152560e-03  -1.8953651e-03
  -2.8309662e-05  -6.8864738e-04  -3.6626180e-03  -2.0717654e-03
  -5.3057355e-04  -7.8976684e-04  -2.7706156e-03  -2.0154674e-03
  -2.0822509e-04  -8.5717981e-04  -1.2939395e-03  -2.3532552e-03
   6.0514256e-04  -8.2347332e-04  -3.3822270e-04  -2.3570083e-03
   1.0549311e-03  -5.6131177e-04  -3.5321433e-04  -2.1168037e-03
   8.6377098e-04  -4.0401484e-04  -3.7195388e-04  -1.9629227e-03
   9.6872165e-04  -6.2497958e-04   6.1374619e-04  -1.9854418e-03
   1.2086089e-03  -9.0961212e-04   1.5057485e-03  -2.2744380e-03
   7.8505798e-04  -9.5080893e-04   1.4382862e-03  -2.1993741e-03
   6.1263904e-04  -1.0444381e-03   1.6331774e-03  -1.8278076e-03
   1.1748747e-03  -1.0032412e-03   2.2141033e-03  -2.0117142e-03
   2.0408109e-04  -7.8976684e-04   1.1159660e-03  -1.8690927e-03
   5.7899812e-05  -6.9988288e-04   1.7231273e-03  -1.6063689e-03
   1.5047197e-03  -7.4482486e-04   3.4921403e-03  -2.1505825e-03
   1.4222584e-03  -8.6467014e-04   2.7687939e-03  -2.2369060e-03
   2.6030466e-04  -7.2609903e-04   1.5057485e-03  -2.0267270e-03
   2.2657052e-04  -6.0250859e-04   1.0672432e-03  -1.9891950e-03
   1.1748747e-03  -7.0362804e-04   1.6406733e-03  -2.0980378e-03
   7.8505798e-04  -7.4857002e-04   1.4270424e-03  -2.1693485e-03
   4.2906860e-05  -5.9876342e-04   8.1543113e-05  -2.0042078e-03
   2.7529762e-04  -6.2123441e-04  -1.9580215e-04  -1.9666759e-03
   4.4396833e-04  -6.3246991e-04   2.2396365e-04  -2.1618421e-03
   3.8399652e-04  -5.9127309e-04  -6.7553451e-04  -2.3982935e-03
   1.5535400e-04  -5.2760529e-04  -1.9610673e-03  -1.8278076e-03
   1.4036105e-04  -6.5494090e-04  -1.4101247e-03  -1.7339776e-03
  -3.2057900e-05  -1.0631639e-03  -7.9546759e-04  -2.4170595e-03
  -9.2039031e-04  -9.6578959e-04  -1.3988809e-03  -2.3419956e-03
  -1.1190469e-03  -9.9200575e-04  -1.9385798e-03  -2.1881145e-03
  -3.3941342e-04  -7.7853134e-04  -2.2196730e-03  -2.2781912e-03
   5.7515666e-04  -7.8227651e-04  -2.4745308e-03  -2.2519188e-03
   2.4156347e-04  -1.1268317e-03  -2.7818594e-03  -2.0192206e-03
  -4.2562289e-04  -6.3621507e-04  -2.9954902e-03  -1.8728459e-03
  -2.0447685e-04  -7.3358936e-04  -2.6132035e-03  -1.9704291e-03
  -5.3432179e-04  -1.0332026e-03  -2.2646479e-03  -2.1843613e-03
  -6.2802774e-04  -9.3208311e-04  -2.3321103e-03  -2.2143869e-03
  -5.4181827e-04  -9.6953476e-04  -1.8636217e-03  -2.1731017e-03
  -1.1451914e-04  -9.5080893e-04  -1.1627627e-03  -2.2932040e-03
   1.8908814e-04  -1.0444381e-03  -1.3389144e-03  -2.2293996e-03
  -1.8198742e-04  -6.8864738e-04  -1.6050159e-03  -2.2781912e-03
   1.7409519e-04  -4.9389880e-04  -1.2602083e-03  -2.0567526e-03
  -6.2043804e-05  -8.3470882e-04  -6.4180332e-04  -1.8690927e-03
  -5.7555241e-04  -9.9949608e-04  -1.8081052e-04  -2.1092973e-03
  -3.4316165e-04  -1.1305768e-03  -2.6701242e-04  -1.7902756e-03
  -1.1451914e-04  -9.4706377e-04  -1.7331470e-04  -1.7039521e-03
   3.1662146e-05  -7.6355068e-04   2.2021575e-04  -2.0267270e-03
   3.1662146e-05  -7.6729585e-04   1.6024920e-04  -1.9066247e-03
   2.4165670e-05  -8.1223783e-04   1.3401384e-04  -1.8728459e-03
   2.3781524e-04  -7.6355068e-04   3.1391347e-04  -2.0229738e-03
   2.5655643e-04  -5.8378276e-04   2.7643438e-04  -2.1055441e-03
  -1.0702266e-04  -8.1223783e-04   7.7490628e-04  -1.9479099e-03
  -6.9540280e-05  -7.8976684e-04   8.9858727e-04  -1.9854418e-03
   1.2161986e-04  -5.5382144e-04   7.2993137e-04  -2.1806081e-03
  -1.9323213e-04  -6.3996024e-04   1.2996135e-03  -1.9328971e-03
  -5.8295566e-05  -8.1598299e-04   9.4356218e-04  -1.9328971e-03
  -1.1826737e-04  -9.9200575e-04   7.5616673e-04  -1.9929482e-03
  -6.5051717e-04  -9.6953476e-04   9.3606636e-04  -2.0717654e-03
  -2.0822509e-04  -8.6467014e-04   2.5769484e-04  -2.1693485e-03
   1.6285048e-04  -9.2459278e-04   2.5324478e-05  -1.9291439e-03
   1.9283638e-04  -9.8826058e-04  -1.0210443e-04  -2.0042078e-03
   1.0287867e-04  -7.1111837e-04  -4.6587940e-06  -2.0492462e-03
  -1.5949799e-04  -5.0513430e-04   3.6263629e-04  -1.9291439e-03
  -2.0822509e-04  -8.6467014e-04   2.1646784e-04  -2.0492462e-03
  -2.1946980e-04  -8.6467014e-04   1.1527429e-04  -2.1205569e-03
  -1.3326033e-04  -6.8490222e-04   2.9072387e-05  -2.0792718e-03
  -2.8693808e-04  -8.6467014e-04   2.5324478e-05  -2.2706848e-03
  -2.0822509e-04  -6.8864738e-04  -1.1709606e-04  -2.1205569e-03
  -1.4075680e-04  -7.8602167e-04  -2.4827288e-04  -1.9666759e-03
  -3.5806138e-05  -8.9463146e-04  -3.4642066e-05  -2.0342334e-03
  -2.1572156e-04  -8.1972816e-04  -1.8455843e-04  -2.0605058e-03
  -6.1678303e-04  -8.1972816e-04  -1.9205424e-04  -2.2706848e-03
  -3.9188875e-04  -6.2123441e-04  -1.6207097e-04  -1.9666759e-03
  -5.6430770e-04  -8.6467014e-04  -9.4608610e-05  -2.0492462e-03
  -3.4690989e-04  -8.2721849e-04  -4.2137884e-05  -2.1580889e-03
  -2.4945570e-04  -7.5606035e-04  -3.0074361e-04  -2.0905314e-03
  -4.6685351e-04  -8.0100233e-04  -4.2137884e-05  -2.3344892e-03
  -2.9818280e-04  -5.7629243e-04   4.4064023e-05  -2.1055441e-03
  -6.2427950e-04  -7.2609903e-04   1.4900547e-04  -2.1693485e-03
  -3.6939932e-04  -8.5717981e-04   2.8018229e-04  -2.1993741e-03
  -2.0822509e-04  -8.4968948e-04  -7.2121156e-05  -1.9141311e-03
  -2.3821099e-04  -7.1111837e-04   1.8648456e-04  -1.8653395e-03
   5.7899812e-05  -6.6243123e-04   3.9261956e-04  -1.9028715e-03
  -2.6819689e-04  -7.2984420e-04   3.0641765e-04  -1.9103779e-03
  -4.0313346e-04  -8.1598299e-04   3.7388001e-04  -1.9929482e-03
  -5.5681122e-04  -9.8826058e-04   1.8273666e-04  -1.8916119e-03
  -4.5935703e-04  -7.1486354e-04   3.9261956e-04  -1.9291439e-03
  -1.7064948e-05  -5.1636979e-04   5.5752756e-04  -1.9554163e-03
  -2.4561424e-05  -6.5494090e-04   6.5497319e-04  -1.7677564e-03
  -1.9698037e-04  -5.8003760e-04   8.2362909e-04  -1.8503268e-03
  -6.9549603e-04  -7.8602167e-04   8.6860400e-04  -1.7189649e-03
  -6.0179008e-04  -8.3096365e-04   1.0784869e-03  -2.0680122e-03
  -1.2201561e-04  -7.3358936e-04   5.7626710e-04  -2.0755186e-03
  -9.2029708e-05  -7.6355068e-04   2.5394693e-04  -1.7827692e-03
  -1.3316710e-05  -5.2386012e-04   5.8001501e-04  -1.8765991e-03
  -3.6565108e-04  -7.6729585e-04   7.4867091e-04  -1.7227181e-03
  -7.4047488e-04  -6.1374408e-04   6.0625037e-04  -1.9629227e-03
  -5.4181827e-04  -6.2497958e-04   7.4867091e-04  -1.8878587e-03
  -5.2307708e-04  -1.0406929e-03   8.9858727e-04  -1.9216375e-03
  -7.6671255e-04  -7.4857002e-04   3.5514047e-04  -2.0342334e-03
  -7.2923017e-04  -8.0474750e-04   2.4270320e-04  -1.9141311e-03
  -2.2696628e-04  -6.1374408e-04  -9.0860701e-05  -1.9178843e-03
   9.1633954e-05  -5.2760529e-04  -3.0449151e-04  -1.9629227e-03
  -2.2321804e-04  -9.4706377e-04  -3.4642066e-05  -2.0004546e-03
  -5.3807003e-04  -7.9725717e-04   2.8370240e-06  -1.6926925e-03
  -7.5921607e-04  -7.5231519e-04   2.6893856e-04  -2.0342334e-03
  -8.0044669e-04  -8.7216047e-04   4.0316114e-05  -2.2444124e-03
  -4.7434998e-04  -7.4857002e-04  -2.7146248e-05  -1.9028715e-03
  -4.6685351e-04  -8.6467014e-04   6.2803568e-05  -1.9291439e-03
  -6.6925836e-04  -8.6467014e-04   2.2396365e-04  -1.8841055e-03
  -6.8425131e-04  -7.4857002e-04   4.4509029e-04  -1.8127948e-03
  -6.4676893e-04  -9.3957344e-04   2.0522411e-04  -1.9554163e-03
  -6.5801365e-04  -9.9949608e-04   5.5752756e-04  -2.0004546e-03
