  -2.4570747e-04  -1.0594187e-03  -3.7195388e-04  -1.9103779e-03
   3.5410384e-05  -8.1223783e-04  -1.9650430e-05  -2.1693485e-03
  -2.1572156e-04  -7.5980552e-04  -2.0329797e-04  -1.8690927e-03
  -1.0327442e-04  -9.3582827e-04  -1.6956679e-04  -1.9816886e-03
  -2.0822509e-04  -6.1748925e-04  -1.9205424e-04  -2.2218933e-03
  -2.6070042e-04  -6.9239255e-04  -2.4077706e-04  -2.0454930e-03
   1.6762420e-06  -1.0444381e-03  -3.8389975e-05  -2.2181401e-03
  -1.6324623e-04  -7.2609903e-04  -1.9955006e-04  -2.2856976e-03
  -1.3326033e-04  -8.0100233e-04  -2.5576870e-04  -2.1768549e-03
  -1.1077090e-04  -9.2084761e-04  -1.5832306e-04  -2.3307360e-03
  -2.0719960e-06  -9.5829926e-04  -5.3381611e-05  -2.2181401e-03
  -1.4075680e-04  -8.5717981e-04   1.4080751e-05  -2.3044636e-03
  -1.8948390e-04  -5.9501826e-04  -1.9205424e-04  -2.4283191e-03
  -7.3288518e-05  -6.5494090e-04  -2.7076033e-04  -2.3720211e-03
  -2.6819689e-04  -7.1860870e-04  -2.2578543e-04  -2.4057999e-03
  -5.4547328e-05  -1.0182219e-03  -1.4707934e-04  -2.2744380e-03
  -1.3700856e-04  -7.3358936e-04  -9.4608610e-05  -2.2406592e-03
  -4.2562289e-04  -6.5494090e-04  -3.7944969e-04  -2.1731017e-03
  -2.0822509e-04  -1.0406929e-03  -2.8200406e-04  -2.2631784e-03
  -1.0327442e-04  -8.0474750e-04  -2.3398339e-05  -2.2181401e-03
  -8.0784994e-05  -7.5606035e-04  -1.3208770e-04  -1.9854418e-03
  -1.7823918e-04  -6.9239255e-04  -1.2833979e-04  -2.0417398e-03
  -1.9698037e-04  -6.8864738e-04  -2.7146248e-05  -1.9967014e-03
   9.1633954e-05  -7.0362804e-04  -7.5869065e-05  -1.9441567e-03
   8.4137478e-05  -6.9239255e-04  -1.7331470e-04  -1.8728459e-03
  -1.3326033e-04  -8.7590563e-04   1.7828660e-05  -1.9554163e-03
  -8.4533232e-05  -5.2760529e-04  -1.5902521e-05  -2.0267270e-03
   1.5160576e-04  -6.7741189e-04  -1.7331470e-04  -1.9591695e-03
  -9.9526184e-05  -9.3208311e-04  -8.7112792e-05  -1.9479099e-03
  -1.5574975e-04  -6.3246991e-04  -9.4608610e-05  -1.8353140e-03
   4.2906860e-05  -6.8115705e-04  -2.7146248e-05  -1.9216375e-03
  -1.3326033e-04  -7.8976684e-04   5.1559841e-05  -2.0079610e-03
  -5.4547328e-05  -8.5717981e-04  -3.8389975e-05  -2.1731017e-03
  -1.4450504e-04  -6.7741189e-04  -2.1828961e-04  -2.1243101e-03
  -4.3302614e-05  -6.5119573e-04  -1.9205424e-04  -1.8240544e-03
   1.6762420e-06  -6.6617639e-04  -1.4333143e-04  -1.7940288e-03
   5.4151574e-05  -6.8490222e-04  -1.3583561e-04  -1.8353140e-03
   1.9283638e-04  -8.4594431e-04  -6.0877429e-05  -2.1205569e-03
  -2.3071451e-04  -6.5119573e-04  -2.5202079e-04  -1.9666759e-03
  -2.6444866e-04  -9.5455410e-04  -2.2953333e-04  -2.0379866e-03
  -2.2321804e-04  -9.2084761e-04  -2.6701242e-04  -2.2031273e-03
   2.4165670e-05  -7.2984420e-04  -2.6326452e-04  -1.7452372e-03
  -2.0447685e-04  -9.7327992e-04   6.5849330e-06  -2.0792718e-03
  -5.2307708e-04  -5.9501826e-04  -1.5832306e-04  -2.0680122e-03
  -2.7194513e-04  -7.5980552e-04  -1.7331470e-04  -1.8916119e-03
  -3.8814051e-04  -1.0219671e-03  -1.9580215e-04  -2.2819444e-03
  -1.9698037e-04  -6.4370540e-04  -2.2953333e-04  -2.1505825e-03
  -3.8439227e-04  -5.8378276e-04  -2.8949988e-04  -2.0980378e-03
  -3.5815461e-04  -1.0069864e-03  -4.6190369e-04  -2.1731017e-03
  -2.3821099e-04  -1.1755188e-03  -2.8200406e-04  -2.0830250e-03
  -5.6805593e-04  -7.8602167e-04  -3.4197060e-04  -2.0792718e-03
  -2.3071451e-04  -9.8077025e-04  -2.0704588e-04  -2.1393229e-03
  -1.0702266e-04  -1.0631639e-03  -1.0210443e-04  -2.1243101e-03
  -1.3700856e-04  -8.6467014e-04  -4.2442460e-04  -2.1993741e-03
  -1.3700856e-04  -9.3957344e-04  -4.4316415e-04  -2.3194764e-03
  -3.3566518e-04  -9.8077025e-04  -3.4197060e-04  -2.1806081e-03
  -3.8064403e-04  -9.7327992e-04  -3.4197060e-04  -1.9591695e-03
  -4.0313346e-04  -9.2084761e-04  -5.4435769e-04  -2.1618421e-03
  -4.5186056e-04  -1.2541673e-03  -5.7434096e-04  -2.3194764e-03
  -3.5440637e-04  -8.8339596e-04  -2.9699570e-04  -2.1243101e-03
  -1.2576385e-04  -6.6992156e-04  -2.9699570e-04  -2.1843613e-03
  -2.0447685e-04  -1.0743994e-03  -1.8081052e-04  -1.8803523e-03
  -3.9938522e-04  -9.3957344e-04  -4.9633702e-05  -1.8765991e-03
  -1.8573566e-04  -9.6204443e-04  -2.0329797e-04  -1.9554163e-03
  -8.0784994e-05  -6.5119573e-04  -2.8575197e-04  -1.7264713e-03
  -1.6324623e-04  -6.5868606e-04  -3.4197060e-04  -1.9028715e-03
  -6.2043804e-05  -9.5455410e-04  -1.7706261e-04  -1.7264713e-03
  -2.2321804e-04  -8.7965080e-04  -1.5832306e-04  -1.9216375e-03
  -2.7944161e-04  -8.6841530e-04  -2.2203752e-04  -1.9141311e-03
  -1.8573566e-04  -6.5868606e-04   1.0332842e-05  -1.7865224e-03
  -3.1692399e-04  -8.1598299e-04  -2.3702915e-04  -2.0267270e-03
  -1.4450504e-04  -8.6841530e-04  -3.6071015e-04  -1.7677564e-03
  -9.2029708e-05  -7.4857002e-04  -5.3381611e-05  -1.8878587e-03
  -2.4570747e-04  -9.0586695e-04  -1.8455843e-04  -2.1205569e-03
  -1.6324623e-04  -8.3470882e-04  -6.8373247e-05  -1.9741823e-03
  -1.5574975e-04  -7.5231519e-04   2.1576569e-05  -1.9891950e-03
  -2.3446275e-04  -7.1486354e-04  -2.5576870e-04  -2.0454930e-03
  -2.5320394e-04  -7.4482486e-04  -1.4707934e-04  -1.7790160e-03
  -2.6819689e-04  -8.7216047e-04  -2.6701242e-04  -2.1956209e-03
  -2.5695218e-04  -8.5343464e-04  -2.1079379e-04  -2.3682679e-03
  -1.8573566e-04  -7.5231519e-04   5.5307750e-05  -1.6101221e-03
  -4.3302614e-05  -8.0474750e-04  -1.3583561e-04  -1.8690927e-03
   2.7913908e-05  -8.6467014e-04  -2.7076033e-04  -2.1693485e-03
  -1.5949799e-04  -8.4594431e-04  -3.3447479e-04  -2.0942846e-03
  -1.8948390e-04  -8.2721849e-04  -8.3364883e-05  -2.1168037e-03
  -1.6699447e-04  -7.5980552e-04  -1.6207097e-04  -1.9666759e-03
  -1.6699447e-04  -7.8976684e-04  -3.3822270e-04  -1.9216375e-03
  -5.0799090e-05  -8.0474750e-04  -1.4707934e-04  -2.0117142e-03
  -2.7194513e-04  -6.7366672e-04  -3.8694551e-04  -2.2068805e-03
  -1.4075680e-04  -7.8227651e-04  -2.5951661e-04  -2.2031273e-03
  -9.9526184e-05  -8.3096365e-04  -2.7146248e-05  -2.3044636e-03
  -3.1317575e-04  -4.9389880e-04  -1.8081052e-04  -2.2969572e-03
  -3.9554376e-05  -7.2984420e-04  -1.8081052e-04  -2.2256465e-03
  -1.6324623e-04  -9.2833794e-04  -4.5885793e-05  -2.2256465e-03
  -2.9443456e-04  -6.2123441e-04  -1.5902521e-05  -2.2969572e-03
  -2.1197332e-04  -8.0849266e-04  -3.4642066e-05  -2.2706848e-03
  -2.7194513e-04  -9.2084761e-04  -2.7146248e-05  -2.2369060e-03
  -1.6699447e-04  -6.3621507e-04   7.0299386e-05  -2.5033830e-03
  -2.1572156e-04  -5.6880210e-04   7.4047295e-05  -2.2819444e-03
  -3.3566518e-04  -6.6243123e-04  -2.4452497e-04  -2.2444124e-03
  -1.2201561e-04  -8.2347332e-04  -1.9650430e-05  -2.2894508e-03
   1.6762420e-06  -8.4594431e-04   1.3026593e-04  -1.9366503e-03
  -5.0799090e-05  -6.3996024e-04  -2.3702915e-04  -1.9929482e-03
  -8.4533232e-05  -6.4370540e-04  -1.6207097e-04  -2.0229738e-03
  -9.9526184e-05  -5.8003760e-04  -1.3958352e-04  -1.9216375e-03
  -4.7050852e-05  -6.3996024e-04  -2.2953333e-04  -2.0605058e-03
  -1.6699447e-04  -8.7590563e-04  -3.0894157e-05  -2.0042078e-03
  -7.7036756e-05  -7.1111837e-04   6.5849330e-06  -1.8916119e-03
  -1.1451914e-04  -6.9988288e-04  -3.0894157e-05  -2.0192206e-03
  -1.3700856e-04  -8.3096365e-04  -7.5869065e-05  -1.9253907e-03
  -5.4547328e-05  -7.4482486e-04  -4.9633702e-05  -1.9554163e-03
  -3.3941342e-04  -7.7104101e-04   1.1902220e-04  -2.0830250e-03
  -1.9698037e-04  -7.2609903e-04  -9.0860701e-05  -1.8991183e-03
  -1.6699447e-04  -8.1598299e-04  -1.5832306e-04  -1.8465736e-03
  -1.1077090e-04  -7.6355068e-04  -3.4642066e-05  -2.0342334e-03
   3.5410384e-05  -5.6880210e-04  -7.9616974e-05  -2.0905314e-03
   1.2920956e-05  -8.7965080e-04  -1.6207097e-04  -1.9253907e-03
   5.4151574e-05  -7.5231519e-04  -2.6326452e-04  -1.9441567e-03
  -1.5949799e-04  -6.4370540e-04  -2.6701242e-04  -1.8916119e-03
   1.2161986e-04  -9.4706377e-04  -2.7450824e-04  -1.9066247e-03
  -7.7036756e-05  -8.5343464e-04  -7.2121156e-05  -2.1092973e-03
  -4.9309117e-04  -8.1972816e-04  -8.4067030e-06  -1.9479099e-03
  -6.9540280e-05  -8.5343464e-04  -6.8373247e-05  -1.9741823e-03
  -8.8281470e-05  -6.3621507e-04  -1.1334816e-04  -2.1806081e-03
  -2.6444866e-04  -7.7478618e-04  -2.9324779e-04  -2.0004546e-03
  -2.0822509e-04  -9.4706377e-04  -1.8081052e-04  -1.7977820e-03
  -2.8309662e-05  -8.1223783e-04  -1.1709606e-04  -1.9516631e-03
  -2.3071451e-04  -7.5606035e-04  -2.0704588e-04  -1.9929482e-03
  -6.5801365e-04  -8.4219915e-04  -1.0210443e-04  -2.0304802e-03
  -2.4945570e-04  -9.4331860e-04  -2.7146248e-05  -2.1468293e-03
  -3.2057900e-05  -7.2235387e-04  -2.3328124e-04  -1.8841055e-03
  -2.7944161e-04  -7.1111837e-04  -2.1079379e-04  -2.1168037e-03
  -3.1317575e-04  -7.2235387e-04  -3.6071015e-04  -2.2744380e-03
  -3.9563699e-04  -9.1335728e-04  -5.2561815e-04  -1.9441567e-03
  -2.9443456e-04  -8.8714113e-04  -2.4452497e-04  -2.0792718e-03
  -2.9818280e-04  -7.2609903e-04  -5.1062651e-04  -2.2331528e-03
  -2.9818280e-04  -9.7702509e-04  -4.2067669e-04  -2.2181401e-03
  -1.4450504e-04  -5.1262463e-04  -2.2203752e-04  -2.0605058e-03
  -5.6055946e-04  -7.1486354e-04  -3.4571851e-04  -2.0267270e-03
  -4.1062994e-04  -1.0781445e-03  -1.9205424e-04  -2.2218933e-03
  -1.4450504e-04  -9.6578959e-04  -4.7689533e-04  -2.1430761e-03
  -3.3191694e-04  -1.0519284e-03  -4.7689533e-04  -2.0154674e-03
  -2.8318985e-04  -8.0849266e-04  -2.8200406e-04  -2.1918677e-03
  -3.9938522e-04  -1.0818897e-03  -3.7944969e-04  -2.2556720e-03
  -2.0822509e-04  -9.8826058e-04  -1.4707934e-04  -1.8127948e-03
  -9.2029708e-05  -7.3733453e-04  -9.4608610e-05  -1.6589137e-03
  -2.3071451e-04  -9.0961212e-04  -1.2084397e-04  -1.9516631e-03
  -2.9068632e-04  -7.4107969e-04   1.0332842e-05  -1.8353140e-03
  -3.5440637e-04  -7.7478618e-04  -2.8949988e-04  -1.7752628e-03
  -3.1692399e-04  -8.3470882e-04  -2.3328124e-04  -2.1168037e-03
  -2.7944161e-04  -7.5606035e-04  -1.0585234e-04  -1.9328971e-03
  -1.5200152e-04  -8.6092497e-04  -3.7570179e-04  -1.8278076e-03
  -4.7050852e-05  -9.2084761e-04  -1.7706261e-04  -1.9666759e-03
  -1.7823918e-04  -6.4745057e-04  -7.2121156e-05  -1.9479099e-03
  -9.5777946e-05  -5.6131177e-04  -1.3208770e-04  -1.9404035e-03
  -6.9540280e-05  -8.3845398e-04  -3.3072688e-04  -1.8878587e-03
  -4.1437818e-04  -7.8976684e-04  -2.4827288e-04  -2.0830250e-03
  -9.5684720e-06  -7.3733453e-04  -2.7146248e-05  -1.8015352e-03
  -5.5306298e-04  -9.0212179e-04  -3.5321433e-04  -2.0792718e-03
   2.2282228e-04  -6.9613771e-04  -7.9616974e-05  -2.3645147e-03
   4.0385286e-03  -4.6393748e-04  -8.7112792e-05  -1.3361388e-03
  -3.2816870e-04  -6.0625375e-04   1.7149293e-04  -1.4487347e-03
  -4.4062516e-03  -9.6578959e-04   1.4832611e-03  -2.3007104e-03
   1.8045787e-03  -1.1867543e-03   8.4611655e-04  -2.4470851e-03
   2.3593179e-03  -9.1710245e-04  -1.0278380e-03  -2.2406592e-03
   1.5384538e-03  -2.2050176e-04  -1.3801414e-03  -2.0304802e-03
   3.0265043e-03   3.1131167e-04  -3.4946642e-04  -2.3007104e-03
   2.7491347e-03  -1.7930494e-04   8.9038931e-05  -2.2744380e-03
   2.5879605e-03  -9.4706377e-04  -5.4060978e-04  -2.1543357e-03
  -3.9188875e-04  -1.1493027e-03   1.7149293e-04  -2.7623536e-03
   8.9000865e-04  -9.2459278e-04   7.2243555e-04  -3.1789585e-03
   2.8765748e-03  -3.8528902e-04  -1.3576539e-03  -2.9049751e-03
   2.6554287e-03  -1.8262845e-05  -3.2953229e-03  -2.3457488e-03
   2.8953160e-03  -2.9498340e-05  -3.0592046e-03  -2.5596810e-03
   1.1186512e-03  -3.8528902e-04  -2.2309167e-03  -3.1902181e-03
   1.2910701e-03  -8.6092497e-04  -3.4377434e-03  -3.0175710e-03
   2.0782933e-04  -1.2354415e-03  -4.9518987e-03  -2.7961324e-03
  -3.3941342e-04  -1.4077191e-03  -4.1198629e-03  -3.1189073e-03
  -8.7166321e-04  -1.1680285e-03  -4.2772751e-03  -3.8207552e-03
  -2.3597137e-03  -6.1748925e-04  -7.7853179e-03  -3.4979802e-03
  -3.6939932e-04  -5.4258595e-04  -1.1308352e-02  -2.5746938e-03
  -7.5171960e-04  -9.5455410e-04  -1.3493383e-02  -2.6122257e-03
   2.8428406e-03  -1.1680285e-03  -1.5041270e-02  -2.5334086e-03
  -6.8799955e-04  -1.4601514e-03  -1.6499206e-02  -2.4883702e-03
  -2.5433774e-03  -1.4189546e-03  -1.8346925e-02  -1.7152117e-03
  -2.2696628e-04  -1.1530478e-03  -1.6427996e-02  -1.7827692e-03
  -2.1123300e-03  -8.7216047e-04  -1.4906345e-02  -1.9816886e-03
   5.6390262e-03  -6.8864738e-04  -1.2009211e-02  -2.4996298e-03
  -1.1243038e-02  -1.1830092e-03  -5.4353789e-03  -4.9504675e-03
  -1.7120275e-02  -1.3065996e-03  -2.9317757e-03  -7.8817769e-05
  -1.5163601e-03  -1.2579125e-03   2.9299540e-03   1.8052871e-03
  -3.2143120e-03  -1.2017350e-03   8.6605068e-03  -2.6910429e-03
   6.1638727e-04  -8.4219915e-04   1.2048617e-02  -8.8200193e-04
   1.3435454e-03  -5.5382144e-04   1.7216983e-02  -9.8333825e-04
  -3.9976937e-03  -2.8042440e-04   2.0365227e-02  -1.2460620e-03
  -3.7165759e-03  -5.3884078e-04   2.3779572e-02  -1.0058574e-03
   3.0827279e-03  -9.6578959e-04   2.2958780e-02  -2.0642590e-03
   4.9193645e-03  -1.0032412e-03   2.0758757e-02  -1.5613306e-03
  -3.0793754e-03  -4.1899550e-04   1.4510993e-02  -9.5331267e-04
  -3.0643824e-03  -1.9428560e-04   9.7436525e-03   1.1785032e-03
  -2.4945570e-04  -1.1455575e-03   1.6909655e-02  -6.4930371e-04
   1.1673783e-03  -1.6886064e-03   1.9188383e-02  -2.6760301e-03
   5.8002004e-03  -1.4152094e-03   1.9544435e-02  -1.5125390e-03
  -1.8158537e-02  -8.2347332e-04   2.0987380e-02  -1.5538242e-03
  -1.3533211e-02  -4.9389880e-04   2.0106621e-02  -1.7227181e-03
   2.5047403e-02  -3.8903418e-04   1.9458233e-02  -1.7752628e-03
   1.0991510e-02  -4.4895682e-04   1.2520853e-02  -1.5838498e-03
  -3.2442979e-03  -7.4107969e-04   7.7310254e-03  -6.2678453e-04
   3.4388105e-03  -6.2872474e-04   7.0189227e-03  -2.7398401e-04
  -3.6565108e-04  -6.9613771e-04   2.3677676e-03  -1.7715096e-03
  -2.3071451e-04  -8.5343464e-04  -4.7157804e-03  -1.4187091e-03
   8.3003684e-04  -8.3096365e-04  -9.5355914e-03  -6.0051215e-04
  -1.4455278e-02  -6.3996024e-04  -9.5655747e-03  -2.6047194e-03
  -8.2781815e-03  -6.5494090e-04  -1.2009211e-02  -3.3591119e-03
  -3.4616957e-03  -1.3515416e-03  -1.6131911e-02  -2.8787027e-03
  -1.5804643e-02  -1.3627771e-03  -1.7518638e-02  -2.4583447e-03
  -4.0688170e-04  -7.8602167e-04  -1.9066524e-02  -2.2218933e-03
  -1.0290892e-03  -6.7741189e-04  -1.7098872e-02  -2.8787027e-03
   3.7911449e-03  -1.0032412e-03  -1.5869558e-02  -2.4733575e-03
  -1.2063902e-02  -1.3552868e-03  -1.5929524e-02  -1.6138753e-03
  -1.6621759e-02  -1.0294574e-03  -1.1908018e-02  -1.7339776e-03
   2.1355388e-02  -9.0586695e-04  -7.8827635e-03  -2.0867782e-03
  -1.4151577e-03  -9.8451542e-04  -4.3334937e-03  -2.3269828e-03
  -3.8740018e-03  -6.5119573e-04  -4.0786359e-03  -1.9629227e-03
   6.4149115e-03  -6.1374408e-04  -3.7263324e-03  -1.7827692e-03
  -5.3882900e-03  -6.6617639e-04  -4.9188696e-04  -2.1318165e-03
   4.2859123e-03  -1.0107316e-03   1.0447557e-03  -2.1618421e-03
  -1.9698969e-03  -1.1830092e-03   2.1766242e-03  -1.8653395e-03
  -6.7938793e-03  -1.0182219e-03   3.1773159e-03  -1.5800966e-03
  -3.1318507e-03  -9.9200575e-04   6.2655930e-03  -1.9929482e-03
   3.2888810e-03  -8.7965080e-04   7.0863850e-03  -2.0379866e-03
   4.8931268e-03  -1.1081059e-03   4.5977735e-03  -1.0809214e-03
  -1.0590751e-03  -1.2092253e-03   6.0594580e-03  -7.8817200e-04
   8.2254036e-04  -1.0556735e-03   1.0571940e-02  -1.7189649e-03
   3.7461660e-03  -1.1942447e-03   1.3517797e-02  -2.2932040e-03
   6.2013551e-04  -9.3957344e-04   1.2344701e-02  -1.6851861e-03
   2.6291911e-03  -6.1374408e-04   1.2565828e-02  -1.4299687e-03
   3.1277067e-03  -5.3509562e-04   1.4754607e-02  -2.0304802e-03
   3.9748085e-03  -2.7667923e-04   1.4331093e-02  -2.1430761e-03
   2.3818074e-03  -5.2760529e-04   1.1782515e-02  -1.5087858e-03
   3.4987823e-03  -8.0100233e-04   9.0990122e-03  -1.5050326e-03
   1.2067254e-02  -6.3996024e-04   7.9933790e-03  -2.1017910e-03
  -1.3814236e-03  -4.4521166e-04   5.0924974e-03  -2.2331528e-03
   1.0901552e-02  -4.7142781e-04   8.0114164e-04  -2.1243101e-03
   6.5761789e-04  -7.4482486e-04  -1.9198403e-03  -2.2669316e-03
  -1.6344390e-02  -7.8227651e-04  -4.7007888e-03  -2.2331528e-03
   5.9014029e-03  -9.6204443e-04  -7.3168293e-03  -2.3382424e-03
  -9.8411967e-03  -1.3290706e-03  -1.0105274e-02  -2.8036388e-03
   1.7708446e-03  -1.1642833e-03  -1.3632056e-02  -2.3007104e-03
   5.5378238e-03  -6.4745057e-04  -1.5071253e-02  -2.1543357e-03
  -1.1839008e-02  -7.8976684e-04  -1.5254901e-02  -2.7623536e-03
  -1.6850309e-03  -1.1642833e-03  -1.5427304e-02  -2.5822002e-03
  -3.4879333e-03  -1.1268317e-03  -1.3748241e-02  -2.6985493e-03
   1.6771386e-03  -1.3552868e-03  -1.2324036e-02  -2.9237411e-03
  -1.5313531e-03  -1.2354415e-03  -1.1053495e-02  -2.4658511e-03
  -4.1438750e-03  -8.1972816e-04  -8.6473369e-03  -2.5521746e-03
   2.0032353e-03  -1.0743994e-03  -5.6640014e-03  -2.9950518e-03
  -2.5133915e-03  -9.3957344e-04  -4.1311066e-03  -2.6910429e-03
  -5.2121228e-03  -7.8602167e-04  -4.7157804e-03  -2.4057999e-03
   1.3510419e-03  -8.5717981e-04  -5.3904040e-03  -2.2106337e-03
   6.3849256e-03  -6.3996024e-04  -5.9600862e-03  -1.8916119e-03
  -2.4561424e-05  -1.0931252e-03  -3.3065666e-03  -2.3795275e-03
  -4.7809822e-04  -8.1223783e-04  -5.1437442e-04  -2.9312475e-03
   5.6240332e-03  -3.9652451e-04  -4.2817251e-04  -2.8186516e-03
  -7.0299250e-04  -8.3096365e-04  -1.5082725e-04  -2.4395787e-03
  -5.6544149e-03  -7.4482486e-04   1.4525757e-04  -2.2256465e-03
   3.9972980e-03  -8.4968948e-04   2.7425585e-03  -2.4095531e-03
   2.4755133e-03  -1.0968704e-03   3.8856707e-03  -2.3269828e-03
   6.8760380e-04  -9.0212179e-04   2.6563566e-03  -2.0830250e-03
   6.1225489e-03  -6.0625375e-04   2.9711810e-03  -1.7977820e-03
   2.5954569e-03  -3.3285671e-04   2.8774832e-03  -1.8353140e-03
   1.6284115e-03  -1.7181461e-04   2.6900878e-03  -1.9291439e-03
   1.2723289e-03  -6.4370540e-04   2.9074665e-03  -1.5613306e-03
   1.2348465e-03  -1.0519284e-03   5.5122633e-03  -2.2256465e-03
   1.3248043e-03  -7.8976684e-04   7.1126204e-03  -2.6872897e-03
  -1.2201561e-04  -5.8378276e-04   4.8863625e-03  -2.1655953e-03
   2.1943955e-03  -2.8791473e-04   2.4052467e-03  -1.7790160e-03
   2.8990642e-03  -3.2911154e-04   9.3231846e-04  -1.4975262e-03
   1.6434045e-03  -4.3772133e-04   2.2890615e-03  -1.9554163e-03
  -3.5806138e-05  -4.7891814e-04   2.3115490e-03  -2.2218933e-03
   6.9144526e-05  -9.2833794e-04   6.5872110e-04  -1.7414840e-03
   1.6696422e-03  -1.1380672e-03   1.0028266e-04  -1.8165480e-03
  -7.3288518e-05  -1.0219671e-03  -1.9955006e-04  -2.3982935e-03
  -6.0179008e-04  -5.9127309e-04  -8.3364883e-05  -2.4433319e-03
   1.3360490e-03  -2.5046308e-04  -2.3695894e-03  -2.0154674e-03
   2.1531649e-03  -6.7366672e-04  -4.4234435e-03  -1.8653395e-03
  -1.2015082e-03  -1.0931252e-03  -4.1348545e-03  -1.9479099e-03
  -2.2210289e-03  -8.7216047e-04  -3.1753898e-03  -2.3382424e-03
   9.8746284e-04  -8.5717981e-04  -2.4482955e-03  -2.6422513e-03
  -1.7787368e-03  -7.0737321e-04  -4.1760815e-03  -2.5409150e-03
  -3.3941342e-04  -3.6656319e-04  -6.4735497e-03  -2.3607615e-03
   1.2798254e-03  -3.4783737e-04  -8.0739069e-03  -1.9103779e-03
  -2.2435183e-03  -6.6243123e-04  -6.9232988e-03  -1.9366503e-03
  -3.7128276e-03  -1.3552868e-03  -3.2990708e-03  -2.6760301e-03
  -2.2397701e-03  -1.2129705e-03  -3.5501807e-03  -2.8974687e-03
   2.1569131e-03  -8.4594431e-04  -6.1324900e-03  -2.2481656e-03
  -2.2472666e-03  -7.1486354e-04  -6.8033657e-03  -1.8578331e-03
  -1.2877176e-03  -6.0625375e-04  -6.3273813e-03  -2.3307360e-03
   2.7416382e-03  -8.6841530e-04  -5.4766059e-03  -2.5859534e-03
   8.4137478e-05  -8.1598299e-04  -5.9413467e-03  -2.2218933e-03
   2.1906472e-03  -1.1118510e-03  -6.2936501e-03  -2.0792718e-03
   3.3901766e-04  -1.2616576e-03  -4.4684184e-03  -2.1843613e-03
  -8.9790088e-04  -6.6243123e-04  -3.2878271e-03  -2.2031273e-03
  -1.6324623e-04  -4.6019232e-04  -2.8568175e-03  -2.2706848e-03
  -5.4931474e-04  -6.0625375e-04  -1.4063768e-03  -2.1280633e-03
   6.5012142e-04  -8.0474750e-04   7.2993137e-04  -2.1130505e-03
   1.8908814e-04  -8.2721849e-04   2.4464737e-03  -2.3870339e-03
   1.5535400e-04  -7.5606035e-04   4.0355871e-03  -2.2369060e-03
  -3.5065813e-04  -7.7853134e-04   5.0850016e-03  -1.9816886e-03
  -2.0719960e-06  -7.1111837e-04   5.3623469e-03  -1.7564968e-03
   1.0999100e-03  -7.5606035e-04   6.3892740e-03  -1.5538242e-03
   7.2883441e-04  -5.6505694e-04   6.9814436e-03  -1.8765991e-03
   9.4998046e-04  -4.3023100e-04   6.8989896e-03  -1.9629227e-03
   1.2310983e-03  -8.5717981e-04   5.7596252e-03  -1.6063689e-03
   7.9255446e-04  -7.1111837e-04   4.5003278e-03  -1.6101221e-03
   3.9149299e-04  -6.8115705e-04   4.5790339e-03  -1.8540799e-03
   2.0782933e-04  -9.5455410e-04   3.9718727e-03  -1.9891950e-03
   9.5382192e-05  -7.2609903e-04   2.7125752e-03  -1.8653395e-03
   5.4151574e-05  -7.2609903e-04   1.8505562e-03  -1.8953651e-03
  -3.0942751e-04  -6.6992156e-04   1.7868417e-03  -2.2293996e-03
   1.1787162e-04  -7.0737321e-04   1.3370926e-03  -2.1956209e-03
  -2.4561424e-05  -7.7853134e-04   2.2021575e-04  -1.9704291e-03
  -1.3739271e-03  -7.2984420e-04  -3.0074361e-04  -1.7302244e-03
  -3.3941342e-04  -6.2872474e-04  -6.6429078e-04  -1.8240544e-03
   2.8279409e-04  -5.3135045e-04  -8.9291323e-04  -2.2781912e-03
  -2.7194513e-04  -7.6729585e-04  -1.1515189e-03  -2.2068805e-03
  -3.2057900e-05  -5.6880210e-04  -1.7474365e-03  -2.1580889e-03
  -3.2067223e-04  -5.1262463e-04  -1.9423277e-03  -2.2594252e-03
  -7.5921607e-04  -7.1111837e-04  -2.0022943e-03  -2.1918677e-03
  -1.0815645e-03  -7.8227651e-04  -2.9017925e-03  -2.0942846e-03
  -1.2427388e-03  -8.7965080e-04  -3.2540959e-03  -2.0680122e-03
  -1.1865152e-03  -8.2721849e-04  -2.4333038e-03  -2.1993741e-03
  -9.0914559e-04  -8.9463146e-04  -2.2384126e-03  -2.2331528e-03
  -9.3913150e-04  -6.5119573e-04  -2.5344974e-03  -2.3232296e-03
  -6.9549603e-04  -6.5868606e-04  -2.7143970e-03  -2.1505825e-03
  -4.0313346e-04  -8.5717981e-04  -2.5982118e-03  -2.1092973e-03
  -7.4422312e-04  -8.4219915e-04  -2.1484627e-03  -2.4996298e-03
  -9.1664207e-04  -8.0849266e-04  -2.2983791e-03  -2.3382424e-03
  -1.2952141e-03  -6.7366672e-04  -2.6244472e-03  -2.1505825e-03
  -9.5787269e-04  -1.0107316e-03  -2.1821939e-03  -2.4395787e-03
  -5.1558060e-04  -1.0332026e-03  -1.7174532e-03  -2.4883702e-03
  -3.5815461e-04  -8.9837662e-04  -1.4326121e-03  -2.2894508e-03
  -1.1077090e-04  -9.6578959e-04  -8.8916532e-04  -2.2669316e-03
  -7.0674074e-04  -8.4219915e-04  -4.0193715e-04  -2.4095531e-03
  -6.7675484e-04  -8.5717981e-04   2.7268647e-04  -2.4057999e-03
  -6.5426541e-04  -8.7590563e-04   1.1309576e-03  -2.3344892e-03
  -8.2293612e-04  -9.0961212e-04   1.7118835e-03  -2.2556720e-03
  -4.5186056e-04  -7.8976684e-04   2.1204056e-03  -1.8991183e-03
   1.8533990e-04  -7.7478618e-04   2.8175167e-03  -1.8428204e-03
   8.3753332e-04  -8.4219915e-04   3.5895859e-03  -2.0079610e-03
   2.3031876e-04  -7.6355068e-04   3.9718727e-03  -2.1918677e-03
   7.2892764e-05  -7.3733453e-04   3.2410304e-03  -2.1881145e-03
  -1.4376472e-03  -6.6992156e-04   2.0042204e-03  -1.5688370e-03
  -3.1131095e-03  -5.6505694e-04   2.1166577e-03  -1.6176285e-03
   4.4022009e-04  -7.0737321e-04   2.5139361e-03  -1.9141311e-03
   3.3038739e-03  -9.7327992e-04   2.4727091e-03  -1.8353140e-03
   1.5909292e-03  -8.4594431e-04   1.7681022e-03  -1.9216375e-03
  -9.5412445e-04  -7.4482486e-04   9.7729336e-04  -1.7827692e-03
  -2.2285254e-03  -8.3096365e-04   1.4345383e-03  -1.8991183e-03
  -6.0928655e-04  -9.3582827e-04   1.6706565e-03  -1.9779355e-03
   9.4623222e-04  -1.0481832e-03   1.4120508e-03  -1.7752628e-03
   1.5910224e-04  -8.9463146e-04   1.5169923e-03  -1.8203012e-03
  -2.4570747e-04  -6.3621507e-04   1.8992790e-03  -1.8428204e-03
   2.3406700e-04  -8.3096365e-04   1.6669086e-03  -1.8578331e-03
   5.1518485e-04  -9.4331860e-04   5.9125874e-04  -1.8728459e-03
  -3.9563699e-04  -7.2609903e-04   2.0897202e-04  -1.8090416e-03
  -3.7689580e-04  -1.1755188e-03   4.5258610e-04  -2.0154674e-03
  -1.2727247e-03  -1.2316963e-03   3.9261956e-04  -2.0642590e-03
  -2.2322736e-03  -8.6841530e-04  -2.0329797e-04  -1.8090416e-03
  -1.2839694e-03  -1.2616576e-03  -1.0165942e-03  -1.8278076e-03
  -5.6055946e-04  -1.4601514e-03  -9.3788814e-04  -1.9441567e-03
   9.9130430e-05  -1.2579125e-03  -1.0878045e-03  -1.9328971e-03
  -2.1048335e-03  -1.1155962e-03  -2.2309167e-03  -1.7602500e-03
   3.1278000e-04  -1.2728931e-03  -2.7443803e-03  -1.7152117e-03
  -1.3027106e-03  -1.6249386e-03  -2.2534042e-03  -1.8540799e-03
  -7.4047488e-04  -1.8758647e-03  -1.4438559e-03  -2.0417398e-03
  -2.4646644e-03  -1.8384130e-03  -1.8261426e-03  -2.1505825e-03
  -6.4153072e-03  -9.8077025e-04  -2.5082620e-03  -2.3945403e-03
  -8.4167731e-04  -3.4034704e-04  -2.2046814e-03  -2.6685237e-03
  -1.3938021e-02  -2.9165989e-04  -2.2946312e-03  -2.3907871e-03
   6.9209236e-03  -4.1525034e-04  -2.4445476e-03  -2.1468293e-03
   1.1943563e-02  -8.3470882e-04  -2.3021270e-03  -2.0980378e-03
  -1.3668148e-02  -5.5382144e-04  -1.7774198e-03  -2.0717654e-03
   7.2020414e-03  -2.6918890e-04  -1.1290315e-03  -2.0304802e-03
  -2.3522172e-03  -4.4521166e-04  -5.7129520e-05  -2.1017910e-03
  -5.7031420e-03  -4.8266331e-04   1.0447557e-03  -2.3194764e-03
   4.5595337e-03  -6.5868606e-04   9.7354545e-04  -2.0980378e-03
  -4.2563221e-03  -6.9239255e-04   1.9517497e-03  -1.8803523e-03
   2.7603794e-03  -7.4482486e-04   2.8587437e-03  -1.9554163e-03
  -2.1947912e-03  -7.5231519e-04   3.2935011e-03  -1.9216375e-03
  -9.0914559e-04  -8.0100233e-04   4.8676229e-03  -1.7790160e-03
   1.8907882e-03  -1.0669090e-03   5.0550184e-03  -1.9216375e-03
  -4.3912587e-03  -9.6953476e-04   4.4028822e-03  -1.8615863e-03
   9.0125336e-04  -8.0100233e-04   3.4546612e-03  -1.3136196e-03
   3.1164620e-03  -9.4331860e-04   2.3940030e-03  -1.3173728e-03
  -3.6303664e-03  -9.8451542e-04   2.8812311e-03  -1.4224623e-03
  -8.4542555e-04  -8.3096365e-04   2.9936684e-03  -1.4937730e-03
   3.9972980e-03  -4.4521166e-04   2.9112144e-03  -1.5876030e-03
  -2.6070042e-04  -2.9915022e-04   2.8812311e-03  -1.4712539e-03
   7.5132384e-04  -7.0362804e-04   2.8962228e-03  -1.4825134e-03
   1.6659871e-04  -6.0625375e-04   3.5483589e-03  -1.4036963e-03
  -2.0036311e-03  -7.2984420e-04   3.1398369e-03  -1.7640032e-03
  -2.0447685e-04  -1.0556735e-03   3.1810639e-03  -1.9366503e-03
   2.0417432e-05  -8.9463146e-04   3.1023578e-03  -1.8428204e-03
   5.3017780e-04  -1.2354415e-03   1.6744044e-03  -1.9779355e-03
   5.4244800e-06  -1.1680285e-03   8.9483937e-04  -1.7001989e-03
  -4.2937113e-04  -1.0706542e-03   1.4900547e-04  -1.4524879e-03
  -1.6324623e-04  -1.0818897e-03  -6.7178660e-04  -1.4937730e-03
  -6.9174779e-04  -5.6131177e-04  -1.1477710e-03  -1.7227181e-03
  -9.7661388e-04  -6.6243123e-04  -1.5338057e-03  -1.9178843e-03
  -1.1415363e-03  -6.2123441e-04  -1.5263098e-03  -2.1655953e-03
