   5.4151574e-05  -5.3135045e-04  -6.0877429e-05  -2.1430761e-03
  -3.9554376e-05  -5.5756661e-04  -2.7146248e-05  -1.8916119e-03
  -4.7050852e-05  -4.3772133e-04   4.7811932e-05  -1.8052884e-03
  -2.4561424e-05  -4.9015364e-04   1.3401384e-04  -1.8165480e-03
  -1.3316710e-05  -6.3996024e-04   2.9072387e-05  -1.9516631e-03
  -2.8309662e-05  -5.8003760e-04  -4.2137884e-05  -1.8503268e-03
   8.4137478e-05  -6.2497958e-04   2.3145947e-04  -1.6551605e-03
  -1.7064948e-05  -6.1748925e-04   2.6893856e-04  -1.9291439e-03
  -9.5684720e-06  -6.8490222e-04   1.3776175e-04  -1.8653395e-03
  -5.4547328e-05  -6.8115705e-04   1.4150966e-04  -1.8015352e-03
  -3.5806138e-05  -5.3509562e-04  -2.3398339e-05  -1.9103779e-03
  -1.2576385e-04  -7.7478618e-04  -2.1454170e-04  -1.8052884e-03
   1.6669194e-05  -6.3621507e-04  -6.4625338e-05  -1.7677564e-03
   8.7885716e-05  -5.6505694e-04   9.6534749e-05  -1.9028715e-03
  -1.0702266e-04  -7.7853134e-04  -1.0210443e-04  -1.9779355e-03
  -1.7064948e-05  -4.9389880e-04  -1.4707934e-04  -1.8390672e-03
  -1.2576385e-04  -7.7104101e-04   8.9038931e-05  -1.9516631e-03
  -2.7194513e-04  -8.0849266e-04   2.9072387e-05  -1.9103779e-03
  -3.3566518e-04  -7.2984420e-04  -2.6326452e-04  -1.9891950e-03
  -7.3288518e-05  -9.0586695e-04   4.4064023e-05  -1.7977820e-03
  -5.0799090e-05  -5.8003760e-04   1.7524084e-04  -1.6213817e-03
  -3.0942751e-04  -6.8864738e-04  -1.5832306e-04  -1.8878587e-03
  -2.9818280e-04  -8.4594431e-04  -9.0860701e-05  -1.7227181e-03
  -2.1946980e-04  -6.9239255e-04  -1.7331470e-04  -1.9929482e-03
  -1.9323213e-04  -7.8227651e-04  -2.5951661e-04  -1.7527436e-03
  -1.1826737e-04  -8.5343464e-04  -1.0585234e-04  -1.7039521e-03
   1.2911633e-04  -7.4482486e-04  -9.8356519e-05  -2.1130505e-03
  -5.4547328e-05  -7.5606035e-04  -8.7112792e-05  -1.7602500e-03
  -1.7823918e-04  -7.8602167e-04   1.0403057e-04  -1.8991183e-03
  -8.0784994e-05  -8.3470882e-04  -9.4608610e-05  -1.8728459e-03
  -8.8281470e-05  -8.1223783e-04  -2.4827288e-04  -1.6664201e-03
  -1.0327442e-04  -7.4107969e-04  -6.4625338e-05  -1.9441567e-03
  -1.5949799e-04  -8.6467014e-04  -2.2578543e-04  -1.9967014e-03
  -1.6324623e-04  -1.0144767e-03  -1.8830634e-04  -1.8052884e-03
  -2.8693808e-04  -8.9088629e-04  -2.6701242e-04  -1.8690927e-03
  -3.7689580e-04  -6.7741189e-04  -1.1709606e-04  -1.8052884e-03
  -1.8948390e-04  -7.4482486e-04   2.6144274e-04  -1.6514073e-03
   9.5382192e-05  -6.4745057e-04   1.4150966e-04  -1.6439009e-03
  -6.9540280e-05  -6.8864738e-04   1.2277011e-04  -1.7039521e-03
  -1.6324623e-04  -6.6992156e-04  -1.9650430e-05  -1.8203012e-03
  -8.0784994e-05  -5.8003760e-04  -1.7331470e-04  -1.5988626e-03
  -4.3302614e-05  -7.9725717e-04  -7.2121156e-05  -1.6851861e-03
   7.2892764e-05  -7.2984420e-04   2.8370240e-06  -1.7302244e-03
  -1.1451914e-04  -6.7366672e-04  -9.0860701e-05  -1.6326413e-03
  -1.1451914e-04  -5.1262463e-04   5.5307750e-05  -1.8841055e-03
  -1.7074271e-04  -4.4521166e-04   1.6774502e-04  -1.9441567e-03
  -1.9698037e-04  -7.2984420e-04  -3.0894157e-05  -1.9216375e-03
   2.4165670e-05  -9.4706377e-04   1.1152638e-04  -1.6889393e-03
  -4.7050852e-05  -9.2833794e-04   8.5291022e-05  -1.6776797e-03
   1.2920956e-05  -6.2497958e-04  -8.3364883e-05  -1.8841055e-03
   2.4165670e-05  -6.6992156e-04  -7.2121156e-05  -1.7677564e-03
  -3.3941342e-04  -7.1486354e-04  -5.7129520e-05  -1.8765991e-03
  -3.0567927e-04  -7.2235387e-04   1.7828660e-05  -1.8841055e-03
  -1.3700856e-04  -8.3470882e-04   4.4064023e-05  -1.9516631e-03
  -3.3941342e-04  -4.5644715e-04  -9.8356519e-05  -2.1168037e-03
   7.2892764e-05  -6.1374408e-04  -1.5832306e-04  -2.0004546e-03
   1.9283638e-04  -9.1710245e-04  -2.3398339e-05  -2.2331528e-03
  -9.2029708e-05  -6.3996024e-04  -8.4067030e-06  -2.1017910e-03
   6.1648050e-05  -6.6992156e-04   2.1271993e-04  -2.0605058e-03
  -1.0702266e-04  -7.8602167e-04   1.0777848e-04  -2.4808638e-03
   3.1662146e-05  -6.2872474e-04  -2.3702915e-04  -2.3382424e-03
   3.1662146e-05  -5.8378276e-04  -1.5902521e-05  -2.2894508e-03
  -3.2816870e-04  -8.4594431e-04   3.6568205e-05  -2.2856976e-03
  -1.5200152e-04  -7.9725717e-04   2.5324478e-05  -2.3682679e-03
   6.1648050e-05  -6.6617639e-04  -5.3381611e-05  -2.4733575e-03
  -2.0719960e-06  -6.3246991e-04  -6.8373247e-05  -2.2181401e-03
  -9.9526184e-05  -5.6131177e-04   2.0522411e-04  -2.3194764e-03
  -1.3326033e-04  -7.0737321e-04  -5.3381611e-05  -2.4921234e-03
  -8.0784994e-05  -6.5868606e-04  -5.3381611e-05  -2.2631784e-03
  -1.1826737e-04  -5.4633111e-04   2.1576569e-05  -2.1806081e-03
  -3.6565108e-04  -5.0138913e-04  -3.0074361e-04  -2.6159789e-03
  -2.6070042e-04  -5.5382144e-04  -1.6207097e-04  -2.6384981e-03
   4.2906860e-05  -5.8378276e-04  -1.8081052e-04  -2.3832807e-03
  -9.5684720e-06  -5.2760529e-04  -1.2084397e-04  -2.2631784e-03
  -1.5200152e-04  -6.2497958e-04   2.6893856e-04  -2.1243101e-03
   5.4151574e-05  -5.7629243e-04   1.7524084e-04  -2.1280633e-03
   2.3406700e-04  -5.9501826e-04   3.2820296e-05  -1.7640032e-03
  -4.3302614e-05  -7.3358936e-04   1.4150966e-04  -1.9479099e-03
  -1.0702266e-04  -5.6880210e-04   2.2021575e-04  -2.1168037e-03
   2.7913908e-05  -5.8003760e-04  -3.4642066e-05  -1.7527436e-03
   1.4036105e-04  -7.9725717e-04   4.0316114e-05  -2.0492462e-03
   3.1278000e-04  -5.9876342e-04   3.0641765e-04  -2.0042078e-03
   1.6659871e-04  -5.3509562e-04  -9.1088500e-07  -1.8278076e-03
  -3.2057900e-05  -6.3246991e-04   1.8648456e-04  -2.0117142e-03
   9.1727180e-06  -5.3509562e-04  -4.2137884e-05  -2.0004546e-03
   6.1648050e-05  -5.7254727e-04  -3.4571851e-04  -1.9028715e-03
   9.1727180e-06  -5.9876342e-04   1.5275338e-04  -1.9816886e-03
   1.3286457e-04  -7.1111837e-04  -1.3583561e-04  -1.9328971e-03
   2.2657052e-04  -6.5868606e-04  -2.1079379e-04  -1.7564968e-03
  -1.3316710e-05  -4.4895682e-04  -1.9650430e-05  -2.0192206e-03
  -2.4561424e-05  -5.7629243e-04  -9.4608610e-05  -1.9779355e-03
  -1.2201561e-04  -7.2235387e-04   1.3401384e-04  -1.8503268e-03
  -3.0193104e-04  -6.0625375e-04   2.1271993e-04  -2.0680122e-03
   5.4151574e-05  -5.5756661e-04  -1.9650430e-05  -2.0830250e-03
   4.2906860e-05  -7.4857002e-04  -2.2203752e-04  -1.9704291e-03
  -2.8693808e-04  -8.1598299e-04  -1.1334816e-04  -1.7227181e-03
  -1.4075680e-04  -7.4107969e-04   1.2277011e-04  -1.8240544e-03
  -1.4450504e-04  -6.9988288e-04   2.6519065e-04  -2.0042078e-03
  -1.3326033e-04  -7.1111837e-04  -8.4067030e-06  -1.8015352e-03
  -1.0327442e-04  -9.3582827e-04  -1.2833979e-04  -1.7414840e-03
  -2.0072861e-04  -8.2721849e-04  -8.7112792e-05  -1.7452372e-03
  -7.3288518e-05  -4.5644715e-04  -4.6587940e-06  -1.8203012e-03
  -2.7569337e-04  -6.8115705e-04   3.2820296e-05  -1.8803523e-03
  -1.7074271e-04  -7.5606035e-04  -2.3328124e-04  -1.7827692e-03
  -4.7050852e-05  -7.1486354e-04  -7.2121156e-05  -1.7564968e-03
  -3.6190284e-04  -7.2609903e-04  -1.9955006e-04  -1.7977820e-03
  -2.2696628e-04  -5.2011496e-04  -1.4333143e-04  -2.0079610e-03
  -1.8573566e-04  -8.6092497e-04   1.6024920e-04  -2.0717654e-03
  -3.0567927e-04  -9.9949608e-04  -9.4608610e-05  -1.9516631e-03
  -3.3566518e-04  -5.8752793e-04  -1.2084397e-04  -1.8878587e-03
  -8.8281470e-05  -8.0474750e-04  -1.8455843e-04  -1.8240544e-03
  -7.7036756e-05  -1.0069864e-03  -2.4827288e-04  -1.8803523e-03
  -2.4570747e-04  -5.9127309e-04  -1.1334816e-04  -1.7189649e-03
  -1.1077090e-04  -7.2609903e-04  -2.1079379e-04  -1.7077053e-03
  -2.4195923e-04  -8.6841530e-04  -1.0210443e-04  -1.7752628e-03
  -2.7944161e-04  -6.9988288e-04   1.3401384e-04  -1.6251349e-03
  -3.3941342e-04  -6.9613771e-04  -1.9205424e-04  -1.8090416e-03
  -1.9323213e-04  -5.2011496e-04  -6.0877429e-05  -1.8090416e-03
  -3.5806138e-05  -7.5606035e-04   2.3145947e-04  -1.6288881e-03
  -1.2951209e-04  -9.8826058e-04   1.7828660e-05  -1.6176285e-03
   2.4165670e-05  -7.1860870e-04   4.4064023e-05  -1.6063689e-03
  -5.8295566e-05  -6.5494090e-04  -2.0329797e-04  -1.5313050e-03
  -8.8281470e-05  -5.7254727e-04  -6.8373247e-05  -1.6851861e-03
  -8.8281470e-05  -4.0401484e-04   3.6568205e-05  -1.8578331e-03
   2.7913908e-05  -5.8378276e-04  -1.9650430e-05  -1.6176285e-03
   9.9130430e-05  -8.0474750e-04   1.7898875e-04  -1.6476541e-03
  -1.1826737e-04  -7.3733453e-04  -1.9580215e-04  -1.8803523e-03
  -1.4075680e-04  -7.8227651e-04  -1.3958352e-04  -1.9816886e-03
  -1.6699447e-04  -7.8976684e-04  -2.5202079e-04  -1.8803523e-03
   6.9144526e-05  -5.1262463e-04  -3.2697897e-04  -1.6776797e-03
  -1.2201561e-04  -7.3733453e-04   7.0299386e-05  -1.9629227e-03
  -4.2562289e-04  -8.0100233e-04  -1.1334816e-04  -1.9066247e-03
  -3.4690989e-04  -6.1748925e-04  -7.5869065e-05  -1.8615863e-03
  -2.6819689e-04  -7.2235387e-04  -4.6587940e-06  -2.3269828e-03
   9.9130430e-05  -5.2386012e-04  -1.1334816e-04  -2.0267270e-03
  -1.5200152e-04  -5.9127309e-04  -1.4707934e-04  -1.8991183e-03
  -2.0822509e-04  -5.3884078e-04  -1.9650430e-05  -2.0042078e-03
   1.7034695e-04  -4.3397616e-04  -7.9616974e-05  -2.0004546e-03
  -1.3326033e-04  -7.0737321e-04  -1.6956679e-04  -2.1580889e-03
  -3.0193104e-04  -5.5382144e-04   6.2803568e-05  -1.9704291e-03
  -3.2067223e-04  -6.9239255e-04  -6.0877429e-05  -2.2556720e-03
  -2.3071451e-04  -9.1335728e-04   6.2803568e-05  -2.3945403e-03
  -5.8295566e-05  -7.7104101e-04   8.5291022e-05  -2.1881145e-03
  -2.0072861e-04  -6.7741189e-04  -1.3208770e-04  -2.3832807e-03
  -1.5574975e-04  -5.8378276e-04  -1.7331470e-04  -2.2369060e-03
  -7.7036756e-05  -7.4857002e-04  -2.0329797e-04  -2.1956209e-03
  -9.5777946e-05  -5.8378276e-04  -1.3583561e-04  -2.2068805e-03
  -8.8281470e-05  -4.4521166e-04  -6.8373247e-05  -2.1543357e-03
  -9.5777946e-05  -8.2347332e-04   3.2820296e-05  -2.4583447e-03
  -2.8309662e-05  -8.1598299e-04  -1.5082725e-04  -2.2894508e-03
  -1.0327442e-04  -7.2609903e-04   1.0332842e-05  -2.2181401e-03
  -1.0327442e-04  -7.8602167e-04   1.4525757e-04  -2.4508383e-03
  -1.0327442e-04  -6.0250859e-04  -1.7706261e-04  -2.4245659e-03
  -1.3700856e-04  -8.3845398e-04  -4.6587940e-06  -2.3757743e-03
  -3.9554376e-05  -8.5717981e-04   1.1152638e-04  -2.4658511e-03
  -4.3302614e-05  -5.0513430e-04  -4.5885793e-05  -2.5071362e-03
  -9.5777946e-05  -6.7741189e-04   2.8018229e-04  -2.2331528e-03
   6.5396288e-05  -5.5382144e-04   4.2635074e-04  -2.1280633e-03
   2.0408109e-04  -5.3135045e-04  -9.1088500e-07  -2.0417398e-03
   9.1727180e-06  -5.2760529e-04   1.1152638e-04  -1.8803523e-03
  -9.9526184e-05  -4.4146649e-04   4.1135910e-04  -1.9178843e-03
   3.9158622e-05  -5.9127309e-04   3.4014883e-04  -1.9103779e-03
   1.1037514e-04  -3.8154385e-04   2.3145947e-04  -1.8052884e-03
  -2.4561424e-05  -5.1262463e-04   1.3401384e-04  -1.9366503e-03
  -2.0072861e-04  -7.5231519e-04   1.7149293e-04  -2.1618421e-03
   3.5410384e-05  -6.6617639e-04   6.5849330e-06  -1.9366503e-03
   2.7154938e-04  -5.0513430e-04   5.5307750e-05  -1.8916119e-03
  -8.8281470e-05  -5.0138913e-04   1.0403057e-04  -1.8615863e-03
  -1.0702266e-04  -8.0474750e-04   5.9055659e-05  -1.8728459e-03
  -5.4547328e-05  -5.9501826e-04   1.1152638e-04  -2.2256465e-03
  -2.3071451e-04  -3.7405352e-04  -1.0210443e-04  -2.0004546e-03
   9.1633954e-05  -6.8864738e-04   1.3401384e-04  -1.6889393e-03
   8.4137478e-05  -6.6617639e-04  -2.7146248e-05  -1.8390672e-03
  -8.4533232e-05  -6.7366672e-04  -2.3702915e-04  -1.9479099e-03
  -3.5806138e-05  -6.6617639e-04   1.7149293e-04  -1.9028715e-03
   4.2906860e-05  -5.0513430e-04   1.0777848e-04  -1.9929482e-03
  -1.6699447e-04  -6.3996024e-04  -3.0894157e-05  -1.8540799e-03
  -2.1946980e-04  -7.2984420e-04   5.9055659e-05  -1.7001989e-03
   1.7034695e-04  -7.9351200e-04   3.6568205e-05  -1.7339776e-03
   1.2920956e-05  -6.6243123e-04  -2.8949988e-04  -1.7152117e-03
  -1.1077090e-04  -7.4107969e-04  -9.0860701e-05  -1.9066247e-03
  -9.9526184e-05  -8.5343464e-04   5.5307750e-05  -1.8803523e-03
  -2.6070042e-04  -6.3621507e-04  -1.7706261e-04  -1.8390672e-03
  -8.8281470e-05  -8.3845398e-04  -4.2137884e-05  -1.8503268e-03
  -1.8198742e-04  -7.8602167e-04  -2.3702915e-04  -1.8803523e-03
  -2.4195923e-04  -6.3621507e-04  -1.7706261e-04  -1.8240544e-03
  -5.8202340e-06  -9.3957344e-04  -5.3381611e-05  -1.6626669e-03
  -4.1062994e-04  -1.0182219e-03  -2.2578543e-04  -1.8841055e-03
  -1.8198742e-04  -8.4594431e-04  -1.6207097e-04  -1.7640032e-03
  -4.2187465e-04  -5.0513430e-04  -2.2203752e-04  -1.7114585e-03
  -3.0567927e-04  -6.2497958e-04  -2.4077706e-04  -1.9141311e-03
   2.0417432e-05  -8.7590563e-04  -6.0877429e-05  -1.8240544e-03
  -5.9054536e-04  -7.8602167e-04  -4.9633702e-05  -1.8353140e-03
   9.1249808e-04  -7.4107969e-04   3.6568205e-05  -1.8240544e-03
   1.2535877e-03  -7.8227651e-04  -1.4333143e-04  -1.7865224e-03
  -2.6070042e-04  -8.8714113e-04  -9.0860701e-05  -1.5350582e-03
  -1.4189060e-03  -7.0737321e-04   1.0559995e-03  -1.7152117e-03
  -1.8198742e-04  -8.6841530e-04   3.8137583e-04  -2.1168037e-03
   9.0125336e-04  -9.7702509e-04  -1.0878045e-03  -1.3473984e-03
   1.6509010e-03  -5.5756661e-04  -2.5576870e-04  -1.1409725e-03
   2.3443250e-03  -2.3173725e-04   4.4883819e-04  -1.6589137e-03
   5.7515666e-04  -3.0289539e-04   2.8018229e-04  -1.3398920e-03
   9.7246988e-04  -8.6841530e-04   4.9006519e-04  -1.3248792e-03
   1.6509010e-03  -1.0032412e-03   6.9245228e-04  -1.7302244e-03
   5.5453202e-03  -3.8528902e-04   6.4372946e-04  -1.6814329e-03
   9.4060054e-03   3.0382134e-04   4.6757774e-04  -1.2911004e-03
   6.6473022e-03   5.8096355e-04   7.8615000e-04  -8.4446996e-04
  -4.4061584e-04  -1.6057912e-04   2.3377843e-03  -9.9084464e-04
  -4.3912587e-03  -1.6324290e-03   2.8512479e-03  -1.0396362e-03
  -8.7915969e-04  -2.0181810e-03  -5.7059305e-04  -3.1902238e-04
   2.4267862e-03  -1.1193414e-03  -3.5876598e-03   1.0508888e-04
   3.2214127e-03   1.4277925e-04  -2.9617590e-03  -1.7264769e-04
   1.0699241e-03   5.3976674e-04  -1.5413015e-03  -1.0734150e-03
   1.2573360e-03  -6.1374408e-04  -3.5321433e-04  -1.9704291e-03
   6.9135203e-04  -1.4526610e-03  -8.9291323e-04  -2.2181401e-03
  -3.4354580e-03  -1.6474096e-03  -5.3311396e-04  -2.8711963e-03
  -4.0089384e-03  -1.4526610e-03   8.9109146e-04  -3.8019892e-03
  -1.3439412e-03  -5.3884078e-04  -1.9798068e-03  -3.0963882e-03
   1.5646915e-03  -1.2687263e-04  -5.3079500e-03  -1.8953651e-03
  -5.4931474e-04  -3.2162121e-04  -4.4234435e-03  -1.9629227e-03
  -5.5232266e-03  -7.4857002e-04  -1.5525452e-03  -2.4921234e-03
  -8.0832731e-03  -1.1567930e-03  -4.0193715e-04  -3.0213242e-03
  -6.4902720e-03  -1.2129705e-03  -1.2227292e-03  -3.1151541e-03
  -2.8882153e-03  -9.7327992e-04  -1.5000745e-03  -2.9875454e-03
  -1.6699447e-04  -1.8679527e-04  -4.9633702e-05  -3.5542782e-03
   6.8010732e-04   1.5401474e-04   9.6979755e-04  -3.7794700e-03
  -8.3043259e-04  -3.3285671e-04   2.9517393e-04  -3.0475966e-03
  -3.0606342e-03  -9.8077025e-04   1.1721846e-03  -3.1789585e-03
  -4.8635367e-03  -1.2316963e-03   2.4951965e-03  -3.4904738e-03
  -3.9002395e-03  -8.7590563e-04   1.4607736e-03  -2.9387539e-03
  -7.5921607e-04  -5.7254727e-04  -3.5696224e-04  -2.6309917e-03
   1.8159167e-04  -5.3135045e-04  -1.2826958e-03  -2.0379866e-03
  -1.9961346e-03  -6.8490222e-04   2.7268647e-04  -2.0042078e-03
  -3.7727994e-03  -9.0212179e-04   2.1878680e-03  -2.7248217e-03
  -2.5508738e-03  -1.3627771e-03   1.8842873e-03  -2.8599367e-03
  -1.2502353e-03  -1.4564062e-03   1.4120508e-03  -2.7285749e-03
  -1.3139553e-03  -1.0144767e-03   1.4345383e-03  -2.6685237e-03
  -8.0419493e-04  -8.8714113e-04   1.7418668e-03  -2.8224048e-03
   2.8279409e-04  -4.6768265e-04   1.1009744e-03  -2.3119700e-03
   6.5386965e-04  -3.6281803e-04  -4.7689533e-04  -1.8916119e-03
  -1.0965575e-03  -7.7478618e-04  -3.7570179e-04  -2.0492462e-03
  -3.1018648e-03  -7.8602167e-04   3.6263629e-04  -2.0755186e-03
  -3.2368014e-03  -8.0100233e-04  -2.8200406e-04  -2.2256465e-03
  -1.4226542e-03  -5.3884078e-04  -1.2452167e-03  -1.7152117e-03
   3.3526942e-04  -3.2911154e-04  -1.2976874e-03  -1.6476541e-03
   2.2657052e-04  -3.4034704e-04  -3.5696224e-04  -2.1881145e-03
  -2.8318985e-04  -3.2911154e-04   6.3248574e-04  -2.3007104e-03
  -4.8184646e-04  -6.9988288e-04   2.5769484e-04  -2.2819444e-03
  -4.1062994e-04  -6.2872474e-04  -1.6956679e-04  -2.3082168e-03
  -2.8318985e-04  -4.0776001e-04   1.3776175e-04  -2.2631784e-03
  -7.0674074e-04  -6.5868606e-04   2.1576569e-05  -1.7377308e-03
  -1.0365857e-03  -5.9876342e-04  -3.5321433e-04  -1.4937730e-03
  -7.7795726e-04  -5.8003760e-04  -4.6190369e-04  -1.1259597e-03
  -5.9054536e-04  -7.3358936e-04   3.5139256e-04  -1.2310492e-03
  -4.2562289e-04  -6.7741189e-04   9.6604964e-04  -1.8841055e-03
   4.6655098e-05  -6.2872474e-04   1.2059158e-03  -1.6251349e-03
   3.6900357e-04  -7.7104101e-04   2.0154642e-03  -1.7640032e-03
   3.6525533e-04  -6.6243123e-04   2.4839528e-03  -2.0567526e-03
   7.1009322e-04  -3.6656319e-04   2.5589110e-03  -2.0417398e-03
   8.7126746e-04  -6.1748925e-04   1.7793459e-03  -1.9629227e-03
   2.3781524e-04  -7.2609903e-04   9.1732682e-04  -1.4112027e-03
  -2.8318985e-04  -7.1860870e-04   1.1796804e-03  -1.3624111e-03
  -4.7809822e-04  -7.2984420e-04   1.4607736e-03  -1.6589137e-03
  -5.0799090e-05  -6.5119573e-04   1.1946721e-03  -1.5876030e-03
   6.9135203e-04  -8.3470882e-04   1.1384535e-03  -1.6776797e-03
   1.1636300e-03  -6.9239255e-04   1.6144379e-03  -1.8841055e-03
   1.1411406e-03  -7.3733453e-04   1.4907569e-03  -1.7527436e-03
   9.9870755e-04  -9.2084761e-04   1.1496972e-03  -1.7752628e-03
   1.0549311e-03  -7.4482486e-04   1.0522515e-03  -1.8916119e-03
   4.9644366e-04  -7.0362804e-04   2.9892183e-04  -1.8615863e-03
   1.8533990e-04  -6.2497958e-04  -2.8200406e-04  -1.8540799e-03
   2.3781524e-04  -6.3246991e-04  -7.6923223e-04  -1.6176285e-03
   4.8894718e-04  -6.9988288e-04  -1.4438559e-03  -1.5125390e-03
   9.1249808e-04  -6.9613771e-04  -1.6200076e-03  -1.5688370e-03
   7.5132384e-04  -6.8115705e-04  -1.5038224e-03  -1.8465736e-03
   7.8130975e-04  -6.4370540e-04  -1.6237555e-03  -1.9516631e-03
   5.8640137e-04  -8.3096365e-04  -2.0060422e-03  -1.8353140e-03
   4.3647185e-04  -8.2721849e-04  -1.9648152e-03  -1.9028715e-03
   5.6016370e-04  -7.7853134e-04  -1.9910506e-03  -1.8765991e-03
   4.3272361e-04  -8.9463146e-04  -2.2009335e-03  -1.8015352e-03
   6.2013551e-04  -6.7366672e-04  -2.3321103e-03  -1.3699175e-03
   3.9524123e-04  -3.8528902e-04  -2.2721437e-03  -1.4750071e-03
   2.7154938e-04  -6.8115705e-04  -1.9648152e-03  -1.5275518e-03
   3.6900357e-04  -9.9949608e-04  -1.6687304e-03  -1.1822577e-03
   2.2282228e-04  -7.1486354e-04  -1.0503254e-03  -1.5913562e-03
   6.9135203e-04  -5.7629243e-04  -7.1301360e-04  -1.7377308e-03
   8.9375689e-04  -6.7366672e-04  -5.5934933e-04  -1.7039521e-03
   5.9014961e-04  -6.3246991e-04  -2.8575197e-04  -1.7452372e-03
   7.1758970e-04  -6.1748925e-04  -2.7076033e-04  -1.5500710e-03
   1.0886653e-03  -6.9239255e-04   2.1576569e-05  -1.5125390e-03
   8.2254036e-04  -7.4482486e-04   3.4389674e-04  -1.7152117e-03
   3.5026238e-04  -8.2347332e-04   6.0999828e-04  -1.8690927e-03
   5.8640137e-04  -8.9837662e-04   9.4356218e-04  -1.9741823e-03
   9.1624631e-04  -7.8227651e-04   6.8870437e-04  -1.7865224e-03
   1.1036582e-03  -5.1262463e-04   5.8376292e-04  -1.4412283e-03
   1.0361899e-03  -5.5007628e-04   7.7865419e-04  -1.6551605e-03
   9.0874984e-04  -5.8378276e-04   8.9483937e-04  -1.8878587e-03
   7.6631679e-04  -4.5270199e-04   9.0608309e-04  -1.9779355e-03
   8.2628860e-04  -7.9351200e-04   6.9620019e-04  -1.7527436e-03
   1.0624276e-03  -7.7853134e-04   7.6741046e-04  -1.7114585e-03
   4.3272361e-04  -3.8903418e-04   6.0999828e-04  -2.1055441e-03
   4.2147890e-04  -2.6169857e-04   5.8001501e-04  -1.9328971e-03
   1.3997690e-03  -9.3166145e-05   3.1766138e-04  -2.0417398e-03
   2.0782001e-03  -4.0026968e-04  -5.7129520e-05  -2.0905314e-03
   1.4447479e-03  -8.6092497e-04   2.2021575e-04  -1.9066247e-03
  -2.8693808e-04  -8.2347332e-04   2.5019902e-04  -2.2894508e-03
  -8.7915969e-04  -8.9463146e-04   5.8001501e-04  -2.3682679e-03
   3.7650004e-04  -7.2984420e-04   2.5019902e-04  -2.3194764e-03
   1.8608023e-03  -3.7030836e-04  -5.8558469e-04  -2.1280633e-03
   1.0924135e-03  -6.2497958e-04  -8.0296341e-04  -1.9516631e-03
   2.3781524e-04  -4.1525034e-04  -7.2050941e-04  -2.2631784e-03
   6.2388375e-04  -3.3285671e-04  -4.3941624e-04  -2.3682679e-03
   4.7770247e-04  -7.1486354e-04  -7.8047596e-04  -2.3007104e-03
  -5.0799090e-05  -5.9127309e-04  -9.1914859e-04  -2.1430761e-03
  -8.1169140e-04  -7.2984420e-04  -5.6684514e-04  -2.2369060e-03
  -4.4061584e-04  -5.0138913e-04  -5.4810560e-04  -2.5446682e-03
   3.0528352e-04  -5.8378276e-04  -1.3351665e-03  -2.3232296e-03
   5.3767428e-04  -9.9200575e-04  -1.6125118e-03  -1.9929482e-03
   3.5775885e-04  -6.0625375e-04  -4.5815578e-04  -2.3532552e-03
  -3.0942751e-04  -4.5644715e-04   8.1543113e-05  -2.6610173e-03
  -4.3302614e-05  -5.4258595e-04  -1.2459188e-04  -2.2481656e-03
   3.2402471e-04  -5.8378276e-04  -2.1454170e-04  -2.3007104e-03
   4.0648595e-04  -3.1413088e-04   8.9038931e-05  -2.1618421e-03
   4.0273771e-04  -3.2911154e-04  -5.3381611e-05  -1.7077053e-03
  -8.8281470e-05  -5.9127309e-04  -5.2936605e-04  -1.8428204e-03
   1.6762420e-06  -4.4895682e-04  -7.2121156e-05  -1.5913562e-03
   2.7529762e-04  -6.4370540e-04   4.6382983e-04  -1.9103779e-03
   3.9158622e-05  -4.9015364e-04   7.2243555e-04  -2.3682679e-03
   2.4165670e-05  -2.3922758e-04   7.5241882e-04  -2.0042078e-03
   3.8399652e-04  -3.9652451e-04   1.0747390e-03  -2.1092973e-03
   5.8265313e-04  -4.1525034e-04   1.2358991e-03  -1.9929482e-03
   2.3781524e-04  -5.5756661e-04   8.4236864e-04  -1.7077053e-03
   2.3031876e-04  -5.5756661e-04   7.9364582e-04  -1.9028715e-03
   1.6659871e-04  -4.6393748e-04   8.2362909e-04  -1.8953651e-03
  -3.5065813e-04  -6.1748925e-04   1.0072766e-03  -1.8765991e-03
  -5.6055946e-04  -6.6243123e-04   1.0634953e-03  -1.9554163e-03
  -2.0822509e-04  -6.8115705e-04   7.6366255e-04  -1.8578331e-03
   4.3647185e-04  -7.8227651e-04   4.5633401e-04  -1.8015352e-03
   1.1037514e-04  -5.5756661e-04   4.9381310e-04  -1.9554163e-03
  -2.3821099e-04  -7.7853134e-04   5.1630056e-04  -1.7940288e-03
  -6.9540280e-05  -9.9949608e-04   3.0641765e-04  -1.7377308e-03
  -2.8693808e-04  -6.2497958e-04   2.4645111e-04  -2.1806081e-03
  -1.9323213e-04  -6.6243123e-04  -9.1088500e-07  -1.9704291e-03
  -2.0822509e-04  -7.1111837e-04  -1.0210443e-04  -1.7264713e-03
  -8.4917378e-04  -7.5980552e-04  -2.2203752e-04  -1.8690927e-03
  -7.2173369e-04  -8.5717981e-04  -6.0057633e-04  -1.7302244e-03
  -2.7944161e-04  -7.1486354e-04  -9.0790486e-04  -1.7677564e-03
  -3.5065813e-04  -6.9613771e-04  -7.4299687e-04  -1.8203012e-03
  -2.3071451e-04  -6.5119573e-04  -3.7195388e-04  -2.0267270e-03
  -7.1798545e-04  -3.2536638e-04  -5.4810560e-04  -2.0417398e-03
  -1.0028515e-03  -4.8266331e-04  -4.3192042e-04  -1.8765991e-03
  -2.6070042e-04  -8.8714113e-04  -3.4946642e-04  -1.9554163e-03
  -4.8934294e-04  -6.9239255e-04  -5.2187024e-04  -1.9854418e-03
  -8.2668436e-04  -6.0625375e-04  -2.2953333e-04  -2.1543357e-03
  -7.8170550e-04  -7.2609903e-04  -3.9444133e-04  -1.8540799e-03
  -8.7166321e-04  -9.2459278e-04  -4.9188696e-04  -1.8503268e-03
  -3.5806138e-05  -6.5119573e-04   1.1527429e-04  -1.9629227e-03
   3.5026238e-04  -4.7142781e-04   2.6519065e-04  -1.7152117e-03
  -1.9698037e-04  -7.7853134e-04   4.0386329e-04  -2.0229738e-03
  -9.0914559e-04  -6.7741189e-04   8.3487282e-04  -1.8953651e-03
  -8.2293612e-04  -8.9088629e-04   8.1988119e-04  -2.0304802e-03
  -4.2187465e-04  -6.9613771e-04   8.0114164e-04  -2.1655953e-03
  -6.4302069e-04  -5.9127309e-04   6.5872110e-04  -1.5012794e-03
  -6.9540280e-05  -9.2833794e-04   5.2004847e-04  -1.4900198e-03
   1.5910224e-04  -4.8640847e-04   9.2107473e-04  -1.5350582e-03
  -1.3700856e-04  -5.9127309e-04   7.9364582e-04  -1.2835940e-03
  -1.9323213e-04  -8.3096365e-04   5.0880474e-04  -1.6101221e-03
  -3.6190284e-04  -5.4258595e-04   7.4492301e-04  -1.9404035e-03
  -3.5065813e-04  -6.5868606e-04   5.8001501e-04  -1.8503268e-03
  -5.5681122e-04  -8.4594431e-04   4.1885492e-04  -1.7752628e-03
  -4.3311937e-04  -6.4745057e-04   3.6638420e-04  -1.5650838e-03
  -4.4436408e-04  -7.1486354e-04   3.1016556e-04  -1.6363945e-03
  -7.3297841e-04  -9.2833794e-04   2.9892183e-04  -1.9779355e-03
  -3.7314756e-04  -8.3470882e-04  -1.1334816e-04  -2.0717654e-03
  -4.3311937e-04  -9.2084761e-04  -2.9699570e-04  -2.1655953e-03
  -8.8290793e-04  -8.1223783e-04  -5.0687860e-04  -1.9216375e-03
  -7.9669845e-04  -8.4968948e-04  -7.3924896e-04  -1.8015352e-03
  -8.4167731e-04  -1.0631639e-03  -9.0415695e-04  -2.0867782e-03
  -6.9174779e-04  -1.0069864e-03  -1.0840566e-03  -2.0717654e-03
   1.7784343e-04  -6.2497958e-04  -1.1065440e-03  -2.2293996e-03
   8.1504389e-04  -1.1938230e-04  -1.2189813e-03  -2.6009662e-03
   4.5896128e-04  -4.7517298e-04  -1.3464102e-03  -2.6234853e-03
  -1.0515786e-03  -9.9575091e-04  -2.3321103e-03  -2.0755186e-03
  -2.5246362e-03  -1.4414255e-03  -2.8605655e-03  -1.4825134e-03
  -2.7795164e-03  -1.7822356e-03  -2.3321103e-03  -1.6814329e-03
  -1.7599956e-03  -1.4751320e-03  -2.2234209e-03  -2.1655953e-03
   2.7904585e-04  -7.1111837e-04  -2.4070685e-03  -2.4245659e-03
   1.9132776e-03  -1.0440164e-04  -2.3208666e-03  -2.8374176e-03
   1.5084679e-03  -2.6169857e-04  -1.5150661e-03  -3.1864649e-03
  -8.4167731e-04  -3.3285671e-04  -1.2527125e-03  -2.8862091e-03
  -2.4009443e-03  -7.0737321e-04  -1.9947985e-03  -2.3082168e-03
  -1.0328374e-03  -1.3028544e-03  -2.1522107e-03  -2.4470851e-03
   7.6641002e-05  -7.8227651e-04  -1.7511844e-03  -2.8561835e-03
  -2.3821099e-04  -2.8042440e-04  -1.7999072e-03  -2.5108894e-03
   2.1907405e-04  -2.2799209e-04  -1.7474365e-03  -2.5371618e-03
   8.0389240e-05  -1.9428560e-04  -1.0728129e-03  -2.9162347e-03
  -1.0215927e-03  -5.3884078e-04   8.9038931e-05  -2.6760301e-03
  -1.7337580e-03  -8.0474750e-04   7.4867091e-04  -2.7210685e-03
  -9.0914559e-04  -8.6467014e-04   6.8120855e-04  -2.5784470e-03
   4.1398242e-04  -6.8115705e-04   4.4509029e-04  -2.2293996e-03
   2.7913908e-05  -5.2011496e-04   4.9756101e-04  -2.2031273e-03
  -1.0628233e-03  -6.7741189e-04   1.2733782e-03  -1.9554163e-03
  -2.1648053e-03  -8.1972816e-04   1.8168250e-03  -1.7827692e-03
  -2.2172807e-03  -1.1380672e-03   2.6076338e-03  -1.6589137e-03
  -1.0553269e-03  -1.2579125e-03   3.1473327e-03  -1.8052884e-03
   1.5160576e-04  -8.0849266e-04   2.9899205e-03  -2.0117142e-03
   1.1973642e-03  -2.7667923e-04   2.8250125e-03  -1.8578331e-03
   1.0211970e-03  -1.2687263e-04   2.3377843e-03  -1.9891950e-03
  -1.1451914e-04  -2.9540506e-04   2.6226254e-03  -1.8728459e-03
  -1.1078022e-03  -6.6243123e-04   3.2560220e-03  -1.8503268e-03
  -1.3701789e-03  -7.5231519e-04   3.2222909e-03  -1.9741823e-03
