  -1.2201561e-04  -5.4633111e-04  -3.8389975e-05  -1.8465736e-03
  -1.2951209e-04  -7.0737321e-04  -2.9324779e-04  -1.8765991e-03
  -2.4195923e-04  -8.2721849e-04  -1.3958352e-04  -1.7152117e-03
  -3.0567927e-04  -9.1335728e-04  -4.6587940e-06  -1.7940288e-03
   6.5396288e-05  -8.4219915e-04  -2.8200406e-04  -2.1205569e-03
  -3.2057900e-05  -8.8714113e-04  -3.4571851e-04  -1.9741823e-03
  -9.2029708e-05  -7.2235387e-04  -1.8081052e-04  -1.8991183e-03
   2.0782933e-04  -8.4594431e-04  -1.5082725e-04  -2.0042078e-03
  -1.8198742e-04  -9.0961212e-04   1.7828660e-05  -1.9066247e-03
  -1.5949799e-04  -6.4745057e-04  -2.4827288e-04  -1.8653395e-03
   2.0417432e-05  -8.6467014e-04  -3.5696224e-04  -2.0980378e-03
  -2.1572156e-04  -8.5343464e-04  -1.9580215e-04  -2.0567526e-03
  -1.6699447e-04  -8.7216047e-04  -3.1573524e-04  -2.1092973e-03
  -1.3700856e-04  -6.9988288e-04  -2.4077706e-04  -2.1017910e-03
  -1.8198742e-04  -7.9351200e-04  -2.7076033e-04  -2.0042078e-03
  -2.0072861e-04  -1.1043607e-03  -1.0210443e-04  -2.0567526e-03
  -2.6070042e-04  -8.0474750e-04  -1.5082725e-04  -2.0379866e-03
  -3.0567927e-04  -8.4594431e-04  -3.4946642e-04  -2.1318165e-03
  -3.9188875e-04  -7.7104101e-04  -2.5202079e-04  -1.8390672e-03
  -8.8281470e-05  -7.5231519e-04  -5.0687860e-04  -2.0004546e-03
  -5.0799090e-05  -8.9837662e-04  -4.1318088e-04  -2.0905314e-03
  -3.0193104e-04  -8.6841530e-04  -2.7450824e-04  -1.7677564e-03
  -1.4825328e-04  -7.9351200e-04  -3.9069342e-04  -2.1355697e-03
  -2.4945570e-04  -8.4594431e-04  -2.2578543e-04  -2.2293996e-03
  -3.3191694e-04  -1.0706542e-03  -3.6071015e-04  -2.1055441e-03
  -3.2442046e-04  -7.6729585e-04  -2.8200406e-04  -2.1055441e-03
  -2.4945570e-04  -8.5343464e-04  -6.8373247e-05  -2.2331528e-03
  -2.6444866e-04  -1.2242060e-03  -2.5576870e-04  -2.2218933e-03
  -4.4811232e-04  -8.1598299e-04  -3.4946642e-04  -1.8841055e-03
  -2.5320394e-04  -7.3358936e-04  -4.0568506e-04  -2.0867782e-03
  -2.8318985e-04  -1.0182219e-03  -2.3328124e-04  -2.0980378e-03
  -3.6565108e-04  -9.3208311e-04  -1.3583561e-04  -1.8953651e-03
  -3.5815461e-04  -1.0931252e-03  -4.0568506e-04  -2.1130505e-03
  -2.9443456e-04  -1.1155962e-03  -3.3822270e-04  -2.1768549e-03
  -1.9323213e-04  -7.5231519e-04  -1.3208770e-04  -2.0642590e-03
  -3.1692399e-04  -8.0100233e-04  -1.6207097e-04  -2.0229738e-03
  -1.5574975e-04  -9.2833794e-04  -2.1079379e-04  -1.9328971e-03
  -4.3302614e-05  -7.9725717e-04  -1.6207097e-04  -1.7452372e-03
  -5.4547328e-05  -6.8115705e-04  -2.4827288e-04  -1.9253907e-03
   3.9158622e-05  -7.2235387e-04  -2.9324779e-04  -1.8353140e-03
  -5.4547328e-05  -6.9239255e-04  -2.1454170e-04  -1.6926925e-03
  -8.4533232e-05  -8.7590563e-04  -1.6207097e-04  -1.9554163e-03
  -4.3302614e-05  -1.1268317e-03  -9.8356519e-05  -1.8203012e-03
  -6.5792042e-05  -6.7366672e-04  -3.2323106e-04  -1.8841055e-03
  -5.8295566e-05  -6.5868606e-04  -4.8813906e-04  -1.9516631e-03
  -2.0719960e-06  -8.4968948e-04  -3.1948315e-04  -1.8953651e-03
  -8.0784994e-05  -6.7741189e-04  -7.5869065e-05  -1.8991183e-03
  -2.2696628e-04  -8.1598299e-04  -1.3583561e-04  -1.8315608e-03
  -1.3700856e-04  -7.1111837e-04  -2.4827288e-04  -2.0004546e-03
  -1.8948390e-04  -6.5868606e-04  -1.2459188e-04  -1.8165480e-03
  -2.4195923e-04  -7.7478618e-04  -2.9699570e-04  -1.8315608e-03
  -1.7449094e-04  -8.8339596e-04  -2.2203752e-04  -2.1092973e-03
  -1.1826737e-04  -9.5455410e-04  -2.0704588e-04  -1.9404035e-03
   3.5410384e-05  -9.0212179e-04  -4.1692878e-04  -1.9591695e-03
  -1.5200152e-04  -7.1486354e-04  -1.5902521e-05  -2.0980378e-03
  -2.0072861e-04  -5.6880210e-04  -6.8373247e-05  -2.1017910e-03
   2.0417432e-05  -7.6355068e-04  -4.6939951e-04  -2.0454930e-03
  -1.4450504e-04  -7.5980552e-04  -3.1198733e-04  -1.9929482e-03
  -1.6324623e-04  -7.1860870e-04  -2.8949988e-04  -2.1243101e-03
   6.9144526e-05  -8.3845398e-04  -1.3958352e-04  -2.0830250e-03
  -1.4825328e-04  -7.4107969e-04   2.9072387e-05  -1.9554163e-03
  -4.6310527e-04  -6.2497958e-04  -1.3208770e-04  -2.1543357e-03
  -1.4825328e-04  -7.5231519e-04  -8.4067030e-06  -2.1543357e-03
  -2.1197332e-04  -9.2833794e-04  -1.4707934e-04  -2.1318165e-03
  -4.5186056e-04  -8.8714113e-04  -2.7076033e-04  -2.3044636e-03
  -1.3700856e-04  -7.0362804e-04  -1.1334816e-04  -2.1055441e-03
  -3.3566518e-04  -7.5980552e-04  -1.2833979e-04  -2.1768549e-03
  -1.7823918e-04  -7.4107969e-04   1.0332842e-05  -2.2932040e-03
  -7.3288518e-05  -7.8227651e-04  -1.9955006e-04  -2.2031273e-03
  -2.2321804e-04  -1.1380672e-03  -2.8575197e-04  -2.3870339e-03
   5.4151574e-05  -9.1335728e-04  -1.9650430e-05  -2.1092973e-03
  -3.2442046e-04  -7.2235387e-04  -4.0568506e-04  -2.1693485e-03
  -3.3941342e-04  -8.8714113e-04  -2.8200406e-04  -2.4696043e-03
  -2.0719960e-06  -7.6729585e-04   3.4389674e-04  -2.1580889e-03
   8.7885716e-05  -5.3509562e-04  -3.1948315e-04  -2.1618421e-03
   1.5535400e-04  -5.5756661e-04  -2.5202079e-04  -2.0830250e-03
  -4.3302614e-05  -6.6992156e-04   1.4080751e-05  -1.8503268e-03
  -1.8573566e-04  -6.4370540e-04  -1.4333143e-04  -1.8991183e-03
  -1.6699447e-04  -8.5717981e-04   4.3759447e-04  -1.9741823e-03
  -1.2951209e-04  -7.3358936e-04  -4.1318088e-04  -1.9704291e-03
   2.7913908e-05  -5.1636979e-04   8.1238537e-04  -1.7489904e-03
   2.0408109e-04  -6.6243123e-04   1.7606063e-03  -1.9328971e-03
  -1.7449094e-04  -5.7254727e-04   3.8137583e-04  -1.9554163e-03
  -3.0193104e-04  -7.3733453e-04   5.0880474e-04  -1.7902756e-03
   2.5655643e-04  -6.6617639e-04   2.2771156e-04  -2.1355697e-03
   3.4651414e-04  -5.2386012e-04   3.7762792e-04  -1.9516631e-03
  -1.4075680e-04  -9.0212179e-04   2.5769484e-04  -1.8578331e-03
  -1.4075680e-04  -5.8752793e-04   9.6534749e-05  -1.9404035e-03
   1.9658462e-04  -4.8640847e-04   4.9381310e-04  -1.7865224e-03
   6.5396288e-05  -9.3208311e-04   6.1749410e-04  -2.1430761e-03
  -1.7074271e-04  -9.2459278e-04   9.1732682e-04  -2.0755186e-03
  -1.3316710e-05  -8.4219915e-04   1.1759325e-03  -1.7527436e-03
   4.0648595e-04  -7.5231519e-04   1.2996135e-03  -1.7640032e-03
   2.2282228e-04  -6.8864738e-04   1.4682694e-03  -1.7227181e-03
  -1.0327442e-04  -6.5868606e-04   2.4014988e-03  -1.9103779e-03
   6.9144526e-05  -7.8227651e-04   2.6038859e-03  -1.9141311e-03
   1.0287867e-04  -8.1223783e-04   2.1541368e-03  -1.6926925e-03
   3.4276590e-04  -7.4107969e-04   1.8430603e-03  -2.0192206e-03
   4.5521304e-04  -9.2459278e-04   1.5282360e-03  -2.0342334e-03
   1.4036105e-04  -8.8714113e-04   1.7980854e-03  -1.9816886e-03
   1.0662691e-04  -7.9351200e-04   2.5514151e-03  -2.1655953e-03
  -8.8281470e-05  -8.6092497e-04   3.4659049e-03  -1.6138753e-03
  -4.7050852e-05  -6.9613771e-04   5.0100434e-03  -1.6288881e-03
   7.2883441e-04  -7.1111837e-04   6.0632059e-03  -1.9591695e-03
   4.5521304e-04  -8.1972816e-04   4.9800602e-03  -1.8203012e-03
  -1.7449094e-04  -6.6617639e-04   3.2785095e-03  -1.7452372e-03
   5.0768837e-04  -7.7104101e-04   2.6338691e-03  -1.7339776e-03
   9.2749103e-04  -8.6841530e-04   1.6294295e-03  -2.0342334e-03
   5.3017780e-04  -6.4370540e-04  -9.7911513e-04  -2.1168037e-03
   3.6900357e-04  -6.7741189e-04  -3.6588701e-03  -2.1618421e-03
   1.0961617e-03  -7.5980552e-04  -6.0462881e-03  -2.4996298e-03
   1.2648324e-03  -7.3358936e-04  -9.0895902e-03  -2.4996298e-03
   1.6285048e-04  -9.3957344e-04  -1.2286557e-02  -2.5183958e-03
   1.8908814e-04  -8.3845398e-04  -1.4231721e-02  -2.6197321e-03
   8.2628860e-04  -7.8602167e-04  -1.5284884e-02  -2.5784470e-03
   3.9898947e-04  -8.3096365e-04  -1.6619139e-02  -2.8224048e-03
  -5.4181827e-04  -8.9837662e-04  -1.7514890e-02  -2.5934598e-03
  -2.9068632e-04  -1.1193414e-03  -1.6203121e-02  -2.4208127e-03
   2.9403881e-04  -9.4706377e-04  -1.4299184e-02  -2.5972130e-03
  -8.8665616e-04  -9.6578959e-04  -1.3602073e-02  -2.2744380e-03
  -8.7915969e-04  -1.0406929e-03  -1.0907326e-02  -2.4658511e-03
   4.0648595e-04  -1.0893800e-03  -6.8520885e-03  -2.5071362e-03
  -7.7036756e-05  -1.0032412e-03  -4.2472918e-03  -2.2293996e-03
  -8.0794317e-04  -1.0968704e-03  -1.8636217e-03  -2.2143869e-03
  -8.0784994e-05  -1.2953641e-03   1.6219337e-03  -2.2444124e-03
  -1.3316710e-05  -1.0219671e-03   4.7439419e-03  -2.3157232e-03
  -1.7562474e-03  -9.8826058e-04   6.2843325e-03  -1.8090416e-03
  -1.8049745e-03  -7.9351200e-04   8.5518175e-03  -1.7152117e-03
  -5.6805593e-04  -8.8339596e-04   1.0909252e-02  -1.6251349e-03
  -1.2539835e-03  -8.8339596e-04   1.1613859e-02  -1.1935173e-03
  -2.0186240e-03  -5.4258595e-04   1.1996146e-02  -1.3211260e-03
  -1.6850309e-03  -8.5343464e-04   1.3011829e-02  -1.3811771e-03
  -1.0890610e-03  -8.9837662e-04   1.3825125e-02  -1.4750071e-03
  -1.4039130e-03  -5.8378276e-04   1.2682013e-02  -1.5613306e-03
  -1.4563883e-03  -5.0887946e-04   1.1876213e-02  -1.8127948e-03
  -5.6055946e-04  -7.1860870e-04   1.1508918e-02  -1.8916119e-03
  -1.1377881e-03  -6.3996024e-04   9.2151973e-03  -1.6814329e-03
  -1.3139553e-03  -3.3660187e-04   7.8284710e-03  -1.8240544e-03
  -7.8920198e-04  -4.7517298e-04   7.2288056e-03  -1.8653395e-03
  -7.5546783e-04  -6.0999892e-04   5.5197591e-03  -2.1355697e-03
  -1.3664306e-03  -6.1748925e-04   2.8587437e-03  -2.1430761e-03
  -1.4976190e-03  -8.2721849e-04   1.4982527e-03  -1.9141311e-03
  -8.0784994e-05  -1.1493027e-03   1.1309576e-03  -2.2894508e-03
  -1.8462051e-03  -1.1418123e-03  -1.9910506e-03  -2.1055441e-03
  -3.3455003e-03  -8.6467014e-04  -3.7825511e-03  -1.6851861e-03
  -8.7915969e-04  -1.1717737e-03  -1.9011007e-03  -2.3682679e-03
   4.7395423e-04  -1.2129705e-03  -1.5150661e-03  -2.9087283e-03
   1.1787162e-04  -7.8227651e-04  -4.1985690e-03  -2.3757743e-03
  -4.4061584e-04  -8.7590563e-04  -5.6190265e-03  -2.0154674e-03
   1.6659871e-04  -6.6243123e-04  -4.4384351e-03  -2.5972130e-03
   4.8519894e-04  -7.6355068e-04  -4.4796621e-03  -2.9199879e-03
  -7.2173369e-04  -9.8077025e-04  -6.5485079e-03  -2.2481656e-03
  -8.3792907e-04  -8.0474750e-04  -6.9982570e-03  -2.2556720e-03
   2.4531171e-04  -1.2541673e-03  -5.0043694e-03  -2.9012219e-03
   7.6256856e-04  -1.0182219e-03  -4.8469572e-03  -3.0025582e-03
  -2.9443456e-04  -5.5756661e-04  -7.2268794e-03  -2.5521746e-03
  -6.4676893e-04  -5.4633111e-04  -8.1975879e-03  -2.0905314e-03
   6.5761789e-04  -5.3509562e-04  -6.4660539e-03  -2.3945403e-03
   4.2147890e-04  -8.2721849e-04  -5.9113634e-03  -2.4545915e-03
  -7.7046079e-04  -3.8154385e-04  -7.0020049e-03  -1.9291439e-03
  -6.2053127e-04  -4.3772133e-04  -6.0575318e-03  -1.9516631e-03
   1.0287867e-04  -1.0032412e-03  -3.8500134e-03  -2.4583447e-03
  -1.3700856e-04  -7.3733453e-04  -3.3440457e-03  -2.3607615e-03
  -6.2427950e-04  -7.2984420e-04  -3.5876598e-03  -2.0004546e-03
   2.5280819e-04  -7.7853134e-04  -2.0735046e-03  -2.1918677e-03
   8.1879213e-04  -9.9575091e-04  -1.4333143e-04  -2.3570083e-03
  -1.3326033e-04  -1.0144767e-03   5.4628383e-04  -2.3194764e-03
  -6.0928655e-04  -7.3733453e-04   8.0114164e-04  -1.8991183e-03
  -7.3288518e-05  -9.5080893e-04   2.4539695e-03  -1.7339776e-03
  -9.9526184e-05  -9.0212179e-04   3.6083255e-03  -1.9028715e-03
  -6.5801365e-04  -8.2347332e-04   3.4396696e-03  -1.6251349e-03
  -5.9054536e-04  -7.9725717e-04   4.2642096e-03  -1.4712539e-03
   5.4244800e-06  -8.0849266e-04   5.0662621e-03  -1.5838498e-03
   1.6285048e-04  -8.4594431e-04   5.2124305e-03  -1.8578331e-03
  -8.0044669e-04  -6.3621507e-04   4.2304784e-03  -1.7414840e-03
  -9.4287973e-04  -8.0849266e-04   3.4846445e-03  -1.5425646e-03
   1.6669194e-05  -9.5080893e-04   4.0768141e-03  -1.7227181e-03
  -1.0327442e-04  -8.2721849e-04   3.9044103e-03  -1.8615863e-03
  -5.5681122e-04  -7.6355068e-04   2.9449456e-03  -1.9028715e-03
  -4.6310527e-04  -8.8714113e-04   2.4839528e-03  -1.7940288e-03
  -1.5949799e-04  -9.2459278e-04   2.9074665e-03  -1.8278076e-03
  -1.2576385e-04  -7.4107969e-04   3.4434175e-03  -1.9741823e-03
   1.1787162e-04  -9.8826058e-04   3.7657377e-03  -2.1580889e-03
   7.2133794e-04  -8.4219915e-04   3.6682920e-03  -2.1243101e-03
   2.1157757e-04  -5.2760529e-04   2.6676003e-03  -1.8878587e-03
  -4.4811232e-04  -6.4370540e-04   1.3558322e-03  -1.7264713e-03
  -2.4561424e-05  -5.8752793e-04   7.5991464e-04  -1.9103779e-03
  -1.0327442e-04  -8.4219915e-04   2.7268647e-04  -2.0567526e-03
  -8.9040440e-04  -9.0961212e-04  -6.3055960e-04  -1.6326413e-03
  -5.9804184e-04  -7.8602167e-04  -9.2289650e-04  -1.7264713e-03
  -9.5684720e-06  -8.0474750e-04  -7.3175314e-04  -2.0680122e-03
  -6.2043804e-05  -7.8976684e-04  -1.0353338e-03  -2.0304802e-03
   1.5160576e-04  -1.1493027e-03  -1.6200076e-03  -2.2106337e-03
   3.5401061e-04  -1.0032412e-03  -1.6987137e-03  -2.1806081e-03
   4.4022009e-04  -8.4219915e-04  -1.5675368e-03  -2.0942846e-03
   1.7409519e-04  -1.1680285e-03  -2.0922441e-03  -2.2369060e-03
  -5.3807003e-04  -1.0481832e-03  -3.0629525e-03  -2.0042078e-03
  -7.7036756e-05  -1.0032412e-03  -2.4333038e-03  -2.1130505e-03
   1.0849170e-03  -9.0212179e-04  -1.8186467e-03  -2.3495020e-03
   4.1398242e-04  -6.4745057e-04  -3.7225845e-03  -1.7227181e-03
  -5.8304889e-04  -5.2760529e-04  -4.5171412e-03  -1.5200454e-03
   1.4785752e-04  -5.7254727e-04  -3.1154233e-03  -2.0642590e-03
   8.0389240e-05  -9.4706377e-04  -2.7293886e-03  -2.0605058e-03
  -6.6551012e-04  -8.2347332e-04  -3.4040123e-03  -1.6701733e-03
   2.0782933e-04  -4.1525034e-04  -3.0517088e-03  -1.6251349e-03
   1.5721880e-03  -5.1262463e-04  -2.0210338e-03  -2.0529994e-03
   1.2460913e-03  -6.5494090e-04  -1.8373863e-03  -2.1543357e-03
   1.4036105e-04  -6.3621507e-04  -1.6874699e-03  -1.7414840e-03
  -1.5949799e-04  -1.0069864e-03  -9.2289650e-04  -1.9141311e-03
  -1.2576385e-04  -1.2204608e-03  -1.9580215e-04  -2.1618421e-03
   1.4410929e-04  -1.0631639e-03   1.4525757e-04  -2.1355697e-03
  -4.3302614e-05  -1.2017350e-03   1.3401384e-04  -2.0267270e-03
   4.4396833e-04  -9.1710245e-04   2.0147620e-04  -1.7827692e-03
   1.1711265e-03  -7.2235387e-04   4.8256938e-04  -1.7790160e-03
   5.8640137e-04  -6.9613771e-04   1.0410078e-03  -1.9103779e-03
   5.4151574e-05  -6.6243123e-04   1.1984200e-03  -2.0567526e-03
  -1.2201561e-04  -1.2204608e-03   1.2246554e-03  -1.9779355e-03
   1.7034695e-04  -1.1530478e-03   1.6968919e-03  -2.0905314e-03
  -1.4075680e-04  -9.0586695e-04   8.6485609e-04  -1.9291439e-03
  -6.5051717e-04  -8.9463146e-04   2.9892183e-04  -1.6363945e-03
   2.3781524e-04  -5.4258595e-04   1.7231273e-03  -2.0529994e-03
   1.0474346e-03  -5.0513430e-04   2.2478345e-03  -2.1092973e-03
   8.2628860e-04  -4.5644715e-04   1.3183531e-03  -1.9178843e-03
   1.4036105e-04  -4.2648583e-04   1.1909242e-03  -1.9554163e-03
  -1.1826737e-04  -8.0849266e-04   1.8992790e-03  -2.1393229e-03
   3.3901766e-04  -7.8227651e-04   2.0192121e-03  -2.0792718e-03
   1.6669194e-05  -5.8378276e-04   1.0260162e-03  -1.7790160e-03
  -1.1077090e-04  -7.7853134e-04   7.3742719e-04  -1.7640032e-03
   2.6780114e-04  -8.7216047e-04   1.5882025e-03  -1.9404035e-03
  -4.1062994e-04  -9.7327992e-04   1.3670759e-03  -2.1956209e-03
  -5.2307708e-04  -1.1642833e-03   8.6485609e-04  -1.9629227e-03
  -3.2057900e-05  -9.2833794e-04   9.3231846e-04  -1.9328971e-03
   6.3138023e-04  -7.4857002e-04   9.5480591e-04  -2.2256465e-03
   3.3526942e-04  -8.0100233e-04   7.8989791e-04  -2.1318165e-03
  -3.3566518e-04  -6.9613771e-04   9.2786840e-05  -2.0717654e-03
   1.5910224e-04  -8.0474750e-04  -3.6445806e-04  -2.0004546e-03
   1.6285048e-04  -6.4370540e-04  -1.9955006e-04  -2.0304802e-03
   2.3031876e-04  -4.9015364e-04  -4.0193715e-04  -2.0830250e-03
  -3.2057900e-05  -3.9277935e-04  -8.4793832e-04  -2.0154674e-03
   5.4151574e-05  -2.9165989e-04  -1.0240900e-03  -2.0004546e-03
   3.7650004e-04  -5.4258595e-04  -1.4251163e-03  -1.8015352e-03
  -2.0822509e-04  -4.9015364e-04  -1.4850828e-03  -1.7677564e-03
  -8.0784994e-05  -6.4370540e-04  -1.0390817e-03  -2.0379866e-03
  -9.2029708e-05  -7.3733453e-04  -1.1290315e-03  -1.9929482e-03
  -5.8202340e-06  -6.4745057e-04  -1.5450494e-03  -1.9141311e-03
   4.1398242e-04  -7.4482486e-04  -1.1815022e-03  -2.1393229e-03
   4.8894718e-04  -7.6729585e-04  -8.0296341e-04  -2.1655953e-03
   2.9029057e-04  -7.5606035e-04  -1.3014353e-03  -2.0905314e-03
  -3.2067223e-04  -8.4968948e-04  -1.6424950e-03  -1.9704291e-03
  -8.8281470e-05  -9.9200575e-04  -1.4775870e-03  -1.8503268e-03
   5.1143661e-04  -8.4594431e-04  -1.2489646e-03  -2.0867782e-03
  -1.3326033e-04  -9.2084761e-04  -1.6762262e-03  -1.9516631e-03
  -6.5801365e-04  -8.0100233e-04  -1.8111509e-03  -1.8165480e-03
  -1.3700856e-04  -6.5494090e-04  -1.1665106e-03  -2.0605058e-03
  -3.9554376e-05  -8.7590563e-04  -1.3614019e-03  -2.0905314e-03
  -2.0813186e-05  -6.0250859e-04  -1.3389144e-03  -2.1843613e-03
  -4.7050852e-05  -7.5231519e-04  -9.4163604e-04  -2.1655953e-03
  -2.9443456e-04  -9.0961212e-04  -6.4555123e-04  -1.9666759e-03
  -8.8281470e-05  -7.9351200e-04  -1.9205424e-04  -1.9704291e-03
  -1.8573566e-04  -9.0586695e-04  -4.7689533e-04  -2.1092973e-03
  -2.3446275e-04  -6.3246991e-04  -3.0823942e-04  -2.1130505e-03
  -1.3326033e-04  -1.0481832e-03   2.1646784e-04  -2.0755186e-03
  -3.7689580e-04  -1.0332026e-03   1.0777848e-04  -2.2106337e-03
  -2.3071451e-04  -4.6768265e-04  -7.5869065e-05  -2.2369060e-03
   2.0033286e-04  -8.9088629e-04   8.5291022e-05  -1.9967014e-03
   5.4244800e-06  -9.2084761e-04   3.6263629e-04  -2.1505825e-03
  -5.6430770e-04  -5.4633111e-04   2.2396365e-04  -2.0680122e-03
  -6.2802774e-04  -8.8339596e-04   2.7643438e-04  -1.8203012e-03
  -4.1437818e-04  -1.2579125e-03   2.2396365e-04  -2.0980378e-03
  -2.9818280e-04  -1.0631639e-03   1.4900547e-04  -1.9779355e-03
  -4.2562289e-04  -1.0107316e-03   5.3129219e-04  -2.0267270e-03
  -5.9429360e-04  -7.8602167e-04   7.2618346e-04  -2.0980378e-03
  -3.1317575e-04  -7.9351200e-04   8.3487282e-04  -1.9554163e-03
  -5.8202340e-06  -1.2728931e-03   7.6741046e-04  -2.1318165e-03
   5.4244800e-06  -1.0182219e-03   7.7490628e-04  -2.1993741e-03
  -5.8295566e-05  -9.2084761e-04   8.5361237e-04  -2.1956209e-03
  -2.4945570e-04  -1.0669090e-03   5.7626710e-04  -2.1993741e-03
  -1.2201561e-04  -9.3208311e-04   3.3265302e-04  -2.2106337e-03
  -5.8202340e-06  -1.0406929e-03  -9.1088500e-07  -2.2856976e-03
  -1.3326033e-04  -9.7702509e-04  -9.1088500e-07  -2.2256465e-03
  -1.4825328e-04  -8.8714113e-04  -4.2137884e-05  -1.7640032e-03
  -3.2442046e-04  -7.6729585e-04  -4.0943297e-04  -1.6401477e-03
  -2.2321804e-04  -6.9988288e-04  -3.9069342e-04  -1.8015352e-03
  -2.0822509e-04  -1.0332026e-03  -5.2187024e-04  -1.7114585e-03
  -1.4450504e-04  -8.5343464e-04  -6.2681169e-04  -1.9441567e-03
  -1.0327442e-04  -8.2721849e-04  -6.4180332e-04  -1.9816886e-03
  -2.1946980e-04  -8.4219915e-04  -7.5424059e-04  -1.8540799e-03
   1.2920956e-05  -7.3733453e-04  -6.8303032e-04  -1.9178843e-03
  -1.8948390e-04  -1.1155962e-03  -6.0807214e-04  -1.9741823e-03
  -1.8198742e-04  -8.6841530e-04  -7.5049269e-04  -2.1881145e-03
  -5.8295566e-05  -9.6578959e-04  -8.4793832e-04  -2.1393229e-03
  -1.1077090e-04  -1.1155962e-03  -8.9291323e-04  -2.2143869e-03
  -2.8309662e-05  -7.0362804e-04  -1.1665106e-03  -2.2143869e-03
  -1.7823918e-04  -7.9351200e-04  -1.1065440e-03  -2.0942846e-03
  -3.6190284e-04  -7.3733453e-04  -8.6292996e-04  -2.0379866e-03
  -4.8934294e-04  -8.5717981e-04  -7.6173641e-04  -1.8503268e-03
  -3.0567927e-04  -1.0182219e-03  -6.4929914e-04  -2.0980378e-03
  -4.0688170e-04  -8.7216047e-04  -6.8303032e-04  -2.1318165e-03
  -4.5935703e-04  -8.8714113e-04  -4.7689533e-04  -2.1280633e-03
  -1.6324623e-04  -8.3845398e-04  -1.9580215e-04  -2.0905314e-03
  -1.0702266e-04  -7.4107969e-04  -3.1573524e-04  -2.0492462e-03
  -7.7036756e-05  -8.5717981e-04  -2.2953333e-04  -2.2106337e-03
  -4.1437818e-04  -8.3845398e-04   2.0522411e-04  -2.1918677e-03
  -3.5065813e-04  -8.0849266e-04   2.9892183e-04  -2.2444124e-03
  -1.4825328e-04  -8.5717981e-04   1.0777848e-04  -2.0342334e-03
  -4.2562289e-04  -6.5119573e-04   1.5650129e-04  -2.0529994e-03
  -3.1692399e-04  -8.4594431e-04   1.3026593e-04  -2.1806081e-03
  -3.8814051e-04  -8.3470882e-04   1.0777848e-04  -2.0792718e-03
  -4.8934294e-04  -6.1748925e-04   2.4645111e-04  -1.9779355e-03
  -5.0433589e-04  -7.2235387e-04   1.9398038e-04  -2.0229738e-03
  -4.8559470e-04  -7.0737321e-04   3.8137583e-04  -2.2143869e-03
  -8.0784994e-05  -7.2609903e-04   5.0880474e-04  -2.0942846e-03
  -4.1812641e-04  -7.9725717e-04   3.8512374e-04  -2.0905314e-03
  -5.3807003e-04  -7.5606035e-04   3.0266974e-04  -2.2969572e-03
  -1.1077090e-04  -7.4482486e-04   3.9636747e-04  -2.4095531e-03
  -4.0688170e-04  -9.9575091e-04   2.9892183e-04  -2.3194764e-03
  -3.1692399e-04  -9.9200575e-04   6.2803568e-05  -2.1731017e-03
  -2.4945570e-04  -8.4968948e-04   3.5888838e-04  -2.0304802e-03
  -4.6310527e-04  -6.3246991e-04   3.1766138e-04  -2.1017910e-03
  -1.7074271e-04  -6.5119573e-04   1.0332842e-05  -2.2744380e-03
  -2.4945570e-04  -7.5231519e-04  -4.2137884e-05  -2.1393229e-03
  -3.6939932e-04  -5.2760529e-04   1.0332842e-05  -2.1355697e-03
  -3.4690989e-04  -7.2609903e-04   5.9055659e-05  -2.1130505e-03
  -4.6310527e-04  -6.2497958e-04  -1.5457515e-04  -2.0492462e-03
  -1.8198742e-04  -4.4521166e-04  -2.5202079e-04  -2.0717654e-03
  -1.4450504e-04  -7.0737321e-04  -3.0074361e-04  -2.0042078e-03
  -2.5695218e-04  -6.9988288e-04  -3.7195388e-04  -2.1993741e-03
  -2.4195923e-04  -7.4857002e-04  -2.2953333e-04  -2.1468293e-03
  -1.0327442e-04  -6.9239255e-04  -1.6956679e-04  -1.8278076e-03
   2.4165670e-05  -7.8227651e-04  -3.4571851e-04  -2.0304802e-03
  -3.9188875e-04  -9.2459278e-04  -4.2817251e-04  -2.0267270e-03
  -1.2951209e-04  -5.8378276e-04  -2.4077706e-04  -1.9591695e-03
   4.6655098e-05  -8.3845398e-04  -3.5321433e-04  -2.0792718e-03
  -2.5695218e-04  -7.2235387e-04  -3.1198733e-04  -2.0304802e-03
  -3.1317575e-04  -5.2760529e-04  -5.3381611e-05  -2.3157232e-03
  -5.3432179e-04  -8.3845398e-04  -3.6820597e-04  -2.2068805e-03
  -2.1946980e-04  -7.3733453e-04  -3.8319760e-04  -1.9066247e-03
  -3.4690989e-04  -9.6578959e-04  -3.4197060e-04  -2.0154674e-03
  -4.8184646e-04  -9.4331860e-04  -3.5696224e-04  -2.0342334e-03
  -2.2321804e-04  -8.6841530e-04  -2.8949988e-04  -2.1017910e-03
  -2.5320394e-04  -8.7590563e-04  -3.9069342e-04  -2.0529994e-03
   2.0417432e-05  -8.4594431e-04  -2.5202079e-04  -2.0605058e-03
  -1.4825328e-04  -1.0706542e-03  -3.5696224e-04  -2.1017910e-03
  -6.9540280e-05  -9.3582827e-04  -2.5951661e-04  -1.9554163e-03
  -3.8439227e-04  -7.4107969e-04  -3.4197060e-04  -2.0229738e-03
  -7.1048898e-04  -7.6729585e-04  -4.6939951e-04  -2.1055441e-03
  -9.2029708e-05  -8.3845398e-04  -1.5902521e-05  -2.1693485e-03
  -2.0072861e-04  -8.7965080e-04  -2.2203752e-04  -2.1806081e-03
  -3.8439227e-04  -8.1598299e-04  -4.5440787e-04  -2.1468293e-03
  -6.7300660e-04  -7.8602167e-04  -2.8575197e-04  -2.1806081e-03
  -4.3311937e-04  -9.7702509e-04  -4.3566833e-04  -2.2106337e-03
  -2.6444866e-04  -1.1455575e-03  -3.9444133e-04  -2.2932040e-03
  -5.3057355e-04  -9.7327992e-04  -1.5902521e-05  -2.0867782e-03
  -2.3821099e-04  -6.2872474e-04  -1.5457515e-04  -2.1243101e-03
  -5.1932884e-04  -8.4968948e-04  -1.8081052e-04  -2.2218933e-03
  -2.7944161e-04  -1.0594187e-03   2.9072387e-05  -2.0980378e-03
  -4.6310527e-04  -8.1223783e-04  -1.7706261e-04  -2.3907871e-03
  -6.8799955e-04  -7.5980552e-04   1.4080751e-05  -2.2406592e-03
  -2.1572156e-04  -8.5717981e-04  -4.2137884e-05  -2.0867782e-03
  -2.8318985e-04  -1.0519284e-03  -3.0449151e-04  -2.1881145e-03
  -1.1826737e-04  -8.7216047e-04  -1.9205424e-04  -2.1205569e-03
  -1.9323213e-04  -6.6243123e-04  -1.3958352e-04  -2.1280633e-03
  -3.2057900e-05  -7.6729585e-04  -2.8949988e-04  -1.9404035e-03
  -1.2201561e-04  -7.8602167e-04  -4.6939951e-04  -1.7677564e-03
  -1.1826737e-04  -8.8714113e-04  -2.3702915e-04  -1.7377308e-03
   6.5396288e-05  -6.9988288e-04  -3.4571851e-04  -1.8991183e-03
  -2.8693808e-04  -6.4370540e-04  -3.4571851e-04  -1.8203012e-03
   6.1648050e-05  -8.8339596e-04  -2.2953333e-04  -1.8203012e-03
  -8.8281470e-05  -7.7853134e-04  -4.7689533e-04  -1.9103779e-03
  -2.0447685e-04  -8.7216047e-04  -3.5696224e-04  -1.7564968e-03
   7.6641002e-05  -8.3470882e-04  -4.8064324e-04  -1.9591695e-03
  -1.3326033e-04  -6.7366672e-04  -5.0313069e-04  -1.8803523e-03
  -1.1826737e-04  -9.4706377e-04  -4.0943297e-04  -1.9854418e-03
   2.4165670e-05  -8.5343464e-04  -3.6071015e-04  -2.0529994e-03
  -2.0813186e-05  -6.5119573e-04  -3.1573524e-04  -1.7827692e-03
  -3.2442046e-04  -8.1223783e-04  -5.4060978e-04  -2.0117142e-03
  -2.9068632e-04  -9.1710245e-04  -4.3941624e-04  -1.9666759e-03
   9.5382192e-05  -1.0406929e-03  -4.3566833e-04  -1.9967014e-03
   9.5382192e-05  -1.1642833e-03  -3.7944969e-04  -2.0417398e-03
  -5.8202340e-06  -9.8451542e-04  -3.6820597e-04  -2.0567526e-03
   4.2906860e-05  -8.4219915e-04  -4.0568506e-04  -2.2706848e-03
  -1.2951209e-04  -9.8826058e-04  -2.4827288e-04  -1.9479099e-03
  -1.5949799e-04  -7.8976684e-04  -3.2323106e-04  -1.9891950e-03
   1.1037514e-04  -5.8378276e-04  -4.6190369e-04  -2.0492462e-03
   2.0417432e-05  -8.2721849e-04  -4.6939951e-04  -1.7640032e-03
  -1.3700856e-04  -7.3733453e-04  -1.3958352e-04  -1.9404035e-03
   8.0389240e-05  -9.5455410e-04  -1.8830634e-04  -2.1130505e-03
  -9.5684720e-06  -1.1043607e-03  -3.5321433e-04  -2.1017910e-03
  -1.0327442e-04  -5.3884078e-04  -1.1334816e-04  -2.0529994e-03
   1.2920956e-05  -8.9463146e-04  -6.8373247e-05  -1.9967014e-03
  -4.3302614e-05  -9.7327992e-04  -8.4067030e-06  -1.9779355e-03
   6.1648050e-05  -8.8339596e-04  -1.7706261e-04  -2.2932040e-03
  -1.0327442e-04  -1.0594187e-03  -4.2137884e-05  -2.3945403e-03
  -1.5200152e-04  -4.6768265e-04   1.2651802e-04  -2.1280633e-03
   1.6762420e-06  -7.6355068e-04  -2.1079379e-04  -2.2256465e-03
   9.1633954e-05  -1.0968704e-03  -4.5885793e-05  -2.0642590e-03
   1.1787162e-04  -1.0743994e-03  -2.5951661e-04  -2.0605058e-03
  -1.6699447e-04  -8.1972816e-04  -3.2323106e-04  -2.4283191e-03
  -1.7449094e-04  -5.8752793e-04  -4.6587940e-06  -2.3682679e-03
  -9.2029708e-05  -9.1710245e-04  -2.5951661e-04  -2.2293996e-03
   1.4410929e-04  -7.4857002e-04  -9.4608610e-05  -2.2143869e-03
  -4.7050852e-05  -7.2235387e-04  -2.7146248e-05  -2.1092973e-03
  -1.4075680e-04  -5.6505694e-04  -1.5082725e-04  -2.0042078e-03
   4.0648595e-04  -5.0887946e-04  -2.7146248e-05  -2.0454930e-03
   1.5535400e-04  -8.7965080e-04  -1.8081052e-04  -1.9704291e-03
   1.6669194e-05  -7.8227651e-04  -1.0960025e-04  -1.8390672e-03
   8.7885716e-05  -5.4633111e-04   1.7828660e-05  -2.0117142e-03
   6.5396288e-05  -6.2123441e-04  -3.8389975e-05  -2.1956209e-03
   1.7784343e-04  -8.7965080e-04   2.8370240e-06  -1.9591695e-03
   8.7885716e-05  -8.5343464e-04  -3.6071015e-04  -1.9066247e-03
   5.4151574e-05  -6.7741189e-04  -4.3941624e-04  -2.1243101e-03
