  -1.3316710e-05  -8.6841530e-04  -4.5885793e-05  -1.8953651e-03
  -1.3326033e-04  -8.3845398e-04  -2.5202079e-04  -1.9629227e-03
  -2.2321804e-04  -9.0212179e-04  -1.7706261e-04  -2.0454930e-03
  -5.4547328e-05  -8.1972816e-04  -2.1454170e-04  -1.9066247e-03
  -2.8309662e-05  -8.4219915e-04  -4.8439115e-04  -2.1768549e-03
  -2.6819689e-04  -1.0069864e-03  -5.0313069e-04  -1.8540799e-03
  -1.7823918e-04  -8.4219915e-04  -1.3958352e-04  -1.7940288e-03
  -2.0072861e-04  -9.0212179e-04  -2.8575197e-04  -2.2031273e-03
  -3.2442046e-04  -8.9837662e-04  -3.2697897e-04  -2.0867782e-03
  -1.6699447e-04  -8.6467014e-04  -2.1079379e-04  -2.1731017e-03
  -2.7569337e-04  -8.6092497e-04  -2.7076033e-04  -1.9891950e-03
  -2.4570747e-04  -8.7590563e-04  -1.5902521e-05  -1.8841055e-03
  -1.7449094e-04  -8.2721849e-04  -3.1573524e-04  -2.1693485e-03
  -3.2067223e-04  -7.4857002e-04  -5.2561815e-04  -2.0229738e-03
  -3.0942751e-04  -8.2721849e-04  -3.2323106e-04  -2.2031273e-03
  -2.6444866e-04  -8.3096365e-04  -2.7076033e-04  -2.4358255e-03
  -3.6565108e-04  -9.2084761e-04  -2.2953333e-04  -2.1243101e-03
  -2.3821099e-04  -7.0362804e-04  -4.3566833e-04  -1.9741823e-03
  -3.2442046e-04  -7.6355068e-04  -5.2561815e-04  -2.1130505e-03
  -4.2187465e-04  -1.1268317e-03  -4.1318088e-04  -1.9929482e-03
  -3.9938522e-04  -9.7327992e-04  -1.8455843e-04  -2.0042078e-03
  -3.9188875e-04  -9.8451542e-04  -1.4707934e-04  -2.2669316e-03
  -9.2029708e-05  -9.3582827e-04  -3.6820597e-04  -1.9854418e-03
  -3.8064403e-04  -8.5343464e-04  -4.0193715e-04  -1.9554163e-03
  -4.7434998e-04  -1.1792640e-03  -3.4197060e-04  -2.3007104e-03
  -1.4450504e-04  -8.1972816e-04  -3.0074361e-04  -1.9103779e-03
  -2.6444866e-04  -5.3509562e-04  -3.9444133e-04  -1.8653395e-03
  -2.0072861e-04  -8.7965080e-04  -2.2578543e-04  -2.1393229e-03
  -3.1692399e-04  -8.1972816e-04  -6.8373247e-05  -1.8278076e-03
  -4.5935703e-04  -8.0100233e-04  -1.0585234e-04  -1.8841055e-03
  -3.0193104e-04  -7.3358936e-04  -2.3398339e-05  -1.9591695e-03
  -3.3941342e-04  -8.2347332e-04  -3.2323106e-04  -2.0342334e-03
  -5.0799090e-05  -8.2347332e-04  -1.9955006e-04  -1.8390672e-03
  -1.6699447e-04  -6.8115705e-04   1.0332842e-05  -1.7752628e-03
  -3.1317575e-04  -9.2459278e-04  -3.8694551e-04  -2.0529994e-03
  -9.2029708e-05  -7.1860870e-04  -2.0704588e-04  -1.6626669e-03
  -3.7689580e-04  -6.5868606e-04  -1.7706261e-04  -2.0342334e-03
  -2.0822509e-04  -8.1223783e-04  -3.3447479e-04  -2.0755186e-03
  -1.6699447e-04  -8.6467014e-04  -8.3364883e-05  -1.8615863e-03
  -6.5792042e-05  -7.9725717e-04  -9.8356519e-05  -2.0229738e-03
   1.5910224e-04  -5.4258595e-04  -2.1454170e-04  -1.8090416e-03
  -2.0072861e-04  -7.0362804e-04  -1.6581888e-04  -1.9328971e-03
  -3.0567927e-04  -1.0032412e-03  -1.1334816e-04  -1.7865224e-03
  -1.3700856e-04  -9.9200575e-04  -1.5082725e-04  -2.0342334e-03
  -1.5949799e-04  -7.4107969e-04  -2.7146248e-05  -2.1168037e-03
  -4.0688170e-04  -7.3358936e-04  -2.5951661e-04  -2.0117142e-03
  -2.1572156e-04  -7.8602167e-04  -2.5951661e-04  -2.0905314e-03
  -1.3700856e-04  -8.3470882e-04  -1.0210443e-04  -1.9028715e-03
  -7.3288518e-05  -7.7478618e-04  -2.2953333e-04  -2.0717654e-03
  -9.5777946e-05  -7.6729585e-04   1.1902220e-04  -2.0830250e-03
  -5.4931474e-04  -9.4331860e-04  -1.0960025e-04  -2.2369060e-03
  -2.2321804e-04  -7.4107969e-04  -1.6581888e-04  -2.2068805e-03
  -8.0784994e-05  -8.3096365e-04  -2.1079379e-04  -2.0605058e-03
  -1.4075680e-04  -9.2084761e-04  -2.7076033e-04  -1.9291439e-03
   8.4137478e-05  -6.2123441e-04  -8.7112792e-05  -1.8878587e-03
  -3.1317575e-04  -7.2984420e-04  -3.1948315e-04  -2.3607615e-03
  -4.3686760e-04  -9.4706377e-04  -7.9616974e-05  -2.3457488e-03
  -8.0784994e-05  -7.3733453e-04  -3.7570179e-04  -2.1655953e-03
  -5.8202340e-06  -7.5980552e-04  -4.6939951e-04  -2.1318165e-03
  -1.3326033e-04  -9.1335728e-04  -2.4452497e-04  -2.2031273e-03
  -1.8198742e-04  -7.7104101e-04  -2.1079379e-04  -2.2256465e-03
  -2.3071451e-04  -7.1860870e-04  -1.1709606e-04  -2.2932040e-03
  -3.0942751e-04  -7.3358936e-04  -3.0823942e-04  -2.5446682e-03
  -1.8948390e-04  -9.4706377e-04  -8.7112792e-05  -2.1318165e-03
  -1.1077090e-04  -8.3096365e-04  -1.1709606e-04  -2.0004546e-03
  -6.9540280e-05  -5.9501826e-04  -1.0585234e-04  -2.0492462e-03
  -2.0072861e-04  -7.5231519e-04   1.3401384e-04  -1.9366503e-03
  -1.2951209e-04  -7.5980552e-04   1.5275338e-04  -2.0680122e-03
   2.0417432e-05  -7.6729585e-04  -2.3398339e-05  -1.8090416e-03
  -9.2029708e-05  -6.8490222e-04  -1.2154612e-05  -1.9891950e-03
  -1.7064948e-05  -8.7965080e-04   1.4150966e-04  -2.1168037e-03
  -2.3071451e-04  -9.1710245e-04  -5.7129520e-05  -1.8653395e-03
  -2.6819689e-04  -6.0625375e-04   3.6568205e-05  -2.1956209e-03
  -1.6324623e-04  -9.1335728e-04  -1.1334816e-04  -2.1318165e-03
  -3.0942751e-04  -8.4594431e-04  -2.4827288e-04  -1.7715096e-03
  -7.7036756e-05  -5.9501826e-04  -1.2154612e-05  -1.9816886e-03
   1.4785752e-04  -7.3733453e-04  -7.2121156e-05  -1.9291439e-03
  -3.2057900e-05  -5.5007628e-04  -7.9616974e-05  -1.9741823e-03
  -1.9323213e-04  -7.4107969e-04   2.8370240e-06  -2.2631784e-03
  -2.4561424e-05  -7.9725717e-04  -3.4642066e-05  -1.8278076e-03
   6.5396288e-05  -5.5756661e-04  -8.7112792e-05  -1.8578331e-03
  -1.5574975e-04  -1.0182219e-03  -8.4067030e-06  -2.1205569e-03
  -3.3566518e-04  -8.9088629e-04  -4.5885793e-05  -1.8916119e-03
  -3.8814051e-04  -6.3996024e-04  -2.8200406e-04  -2.0867782e-03
  -2.4195923e-04  -9.0212179e-04  -1.3958352e-04  -1.9441567e-03
  -1.1826737e-04  -8.9837662e-04  -1.2084397e-04  -1.9404035e-03
  -3.2442046e-04  -9.0212179e-04  -3.7195388e-04  -2.1580889e-03
  -2.0822509e-04  -8.6467014e-04  -6.4625338e-05  -1.8503268e-03
  -1.7449094e-04  -1.0182219e-03  -1.2459188e-04  -1.9967014e-03
  -3.5440637e-04  -9.5829926e-04  -3.7570179e-04  -2.1318165e-03
  -3.2816870e-04  -8.7965080e-04  -3.6071015e-04  -2.1280633e-03
  -3.1692399e-04  -1.1081059e-03  -3.9444133e-04  -1.9816886e-03
  -3.5806138e-05  -1.0032412e-03  -1.8830634e-04  -1.8803523e-03
  -3.8064403e-04  -9.2833794e-04  -2.3702915e-04  -2.2106337e-03
  -4.7809822e-04  -9.6204443e-04  -3.1198733e-04  -2.1355697e-03
  -4.7050852e-05  -8.4968948e-04  -3.4197060e-04  -2.0830250e-03
  -5.0808413e-04  -8.4219915e-04  -6.0877429e-05  -2.1168037e-03
  -4.4061584e-04  -1.0594187e-03  -9.0860701e-05  -2.0417398e-03
  -1.5200152e-04  -9.6953476e-04  -5.8558469e-04  -1.9967014e-03
  -2.9068632e-04  -9.0212179e-04  -3.1198733e-04  -2.1280633e-03
  -3.9188875e-04  -9.9575091e-04  -2.8575197e-04  -2.3795275e-03
  -4.0313346e-04  -8.0474750e-04  -3.3822270e-04  -2.1993741e-03
  -3.0193104e-04  -8.9463146e-04  -1.8081052e-04  -2.1918677e-03
  -3.5815461e-04  -1.0219671e-03  -3.7195388e-04  -2.2444124e-03
  -1.0702266e-04  -8.6092497e-04  -2.6326452e-04  -2.1017910e-03
   1.6762420e-06  -7.6729585e-04  -3.4946642e-04  -2.2143869e-03
  -1.5574975e-04  -8.7590563e-04  -3.7570179e-04  -1.9929482e-03
  -2.6819689e-04  -9.2459278e-04   5.9055659e-05  -1.8953651e-03
  -1.7449094e-04  -8.0100233e-04  -8.3364883e-05  -1.8841055e-03
  -2.0822509e-04  -6.9988288e-04  -3.4197060e-04  -1.5800966e-03
  -4.3311937e-04  -6.7741189e-04  -3.2697897e-04  -1.7414840e-03
  -2.4570747e-04  -7.5606035e-04  -1.8081052e-04  -2.0342334e-03
  -2.4195923e-04  -8.6467014e-04   1.2277011e-04  -1.8728459e-03
  -2.3446275e-04  -8.7965080e-04  -7.2121156e-05  -1.4374751e-03
  -2.2696628e-04  -6.8490222e-04  -3.0823942e-04  -1.7715096e-03
  -2.7194513e-04  -8.0849266e-04  -7.9616974e-05  -2.0417398e-03
  -3.2816870e-04  -1.0369477e-03  -1.9650430e-05  -1.6701733e-03
  -3.5065813e-04  -7.5231519e-04  -2.4077706e-04  -1.7902756e-03
  -2.1572156e-04  -7.5231519e-04  -4.0193715e-04  -1.9404035e-03
  -3.0567927e-04  -9.4706377e-04  -2.1828961e-04  -2.1468293e-03
  -1.3326033e-04  -1.0519284e-03  -1.2833979e-04  -2.0154674e-03
  -3.5806138e-05  -1.0444381e-03  -4.5065997e-04  -1.8090416e-03
  -7.7036756e-05  -5.8378276e-04  -2.8949988e-04  -2.0229738e-03
  -1.6324623e-04  -6.3246991e-04   4.0316114e-05  -1.9816886e-03
  -1.7074271e-04  -9.3582827e-04  -2.4077706e-04  -1.9816886e-03
   5.4151574e-05  -6.8864738e-04  -1.3583561e-04  -1.9854418e-03
  -3.0567927e-04  -8.9463146e-04  -1.9650430e-05  -2.1993741e-03
  -3.2057900e-05  -1.0594187e-03  -4.3566833e-04  -2.2181401e-03
   1.8908814e-04  -6.8115705e-04  -3.1573524e-04  -1.9629227e-03
  -2.7194513e-04  -6.9239255e-04  -1.8830634e-04  -1.9741823e-03
  -1.7064948e-05  -8.0100233e-04  -2.4077706e-04  -1.9891950e-03
  -1.2576385e-04  -8.9463146e-04  -5.3381611e-05  -2.1505825e-03
  -2.9068632e-04  -7.6729585e-04  -3.4642066e-05  -2.1205569e-03
  -2.1946980e-04  -7.5606035e-04  -4.6587940e-06  -1.7977820e-03
  -1.4450504e-04  -7.4857002e-04  -7.5869065e-05  -1.9028715e-03
  -2.4561424e-05  -6.9988288e-04  -2.3328124e-04  -2.2181401e-03
  -3.4316165e-04  -1.1118510e-03  -2.1828961e-04  -2.1205569e-03
  -1.7449094e-04  -6.9988288e-04  -3.0449151e-04  -2.1130505e-03
  -2.3071451e-04  -5.9876342e-04  -1.9205424e-04  -2.2143869e-03
  -2.7569337e-04  -9.4706377e-04  -7.2121156e-05  -2.2969572e-03
  -5.4547328e-05  -8.0474750e-04  -4.0193715e-04  -2.3232296e-03
  -3.7314756e-04  -8.9463146e-04  -4.1318088e-04  -2.3269828e-03
  -1.6324623e-04  -7.4482486e-04  -1.4333143e-04  -2.4057999e-03
  -1.7823918e-04  -6.8115705e-04  -2.0704588e-04  -2.1881145e-03
  -3.3566518e-04  -7.3733453e-04  -2.6326452e-04  -2.2594252e-03
  -1.1826737e-04  -6.3246991e-04  -4.2137884e-05  -2.1618421e-03
  -8.8281470e-05  -5.7629243e-04  -2.4452497e-04  -2.0980378e-03
   9.9130430e-05  -5.7629243e-04  -1.6581888e-04  -2.2631784e-03
   2.5280819e-04  -6.8864738e-04   5.5307750e-05  -1.7640032e-03
   1.0662691e-04  -6.0999892e-04  -1.0585234e-04  -1.8090416e-03
  -1.3316710e-05  -5.6880210e-04   7.0299386e-05  -2.0229738e-03
   8.4137478e-05  -7.8227651e-04   1.7828660e-05  -1.8015352e-03
   9.9130430e-05  -7.3358936e-04   3.6568205e-05  -1.8803523e-03
  -2.4561424e-05  -8.6092497e-04  -3.2323106e-04  -1.8127948e-03
  -1.2576385e-04  -9.6578959e-04  -8.4067030e-06  -1.8765991e-03
   1.6669194e-05  -5.7629243e-04  -1.7706261e-04  -2.0004546e-03
  -8.0784994e-05  -7.2609903e-04  -4.1318088e-04  -1.8728459e-03
  -7.3288518e-05  -7.9351200e-04   1.1527429e-04  -2.0454930e-03
   1.6285048e-04  -6.0999892e-04  -8.7792159e-04  -2.1055441e-03
  -5.0799090e-05  -7.4482486e-04   1.7193793e-03  -1.8953651e-03
  -5.8295566e-05  -7.7478618e-04   6.0894412e-03  -1.8315608e-03
   1.5160576e-04  -7.7853134e-04   6.4717280e-03  -1.7377308e-03
   1.5160576e-04  -6.0625375e-04   4.3279240e-03  -1.7001989e-03
  -2.7569337e-04  -6.0625375e-04   3.4396696e-03  -1.8052884e-03
  -3.4690989e-04  -6.3621507e-04   4.5378069e-03  -1.7940288e-03
  -2.9443456e-04  -6.8115705e-04   5.2649013e-03  -1.6551605e-03
   1.3286457e-04  -1.0706542e-03   7.3112596e-03  -1.4074495e-03
   1.6285048e-04  -9.2833794e-04   1.2786955e-02  -1.2498152e-03
  -3.6565108e-04  -5.9501826e-04   2.0200319e-02  -9.3829988e-04
   1.1111547e-03  -5.4258595e-04   2.5046365e-02  -5.8549936e-04
   1.5309573e-03  -5.3884078e-04   2.5616047e-02  -7.2061446e-04
   6.2763199e-04  -5.7629243e-04   2.4664078e-02  -4.5038427e-04
   9.4248398e-04  -4.2648583e-04   2.1890626e-02  -5.9300576e-04
   8.5627451e-04  -5.2386012e-04   1.6085115e-02  -1.2348024e-03
  -2.7944161e-04  -3.5158253e-04   6.6891067e-03  -1.1972705e-03
   3.2027647e-04  -5.1636979e-04  -6.9495342e-03  -1.5050326e-03
   3.0977208e-03  -8.2347332e-04  -2.0588175e-02  -2.1130505e-03
   2.5167439e-03   7.5366280e-05  -3.3207385e-02  -2.6647705e-03
  -6.6925836e-04   4.5404960e-05  -4.4642255e-02  -2.6835365e-03
  -2.0261205e-03  -5.6131177e-04  -4.8708736e-02  -3.0551030e-03
  -7.1423722e-04  -1.2916189e-03  -4.5954023e-02  -4.7102629e-03
   7.5507208e-04  -1.6099580e-03  -4.3649059e-02  -4.6276925e-03
  -1.1451914e-04  -8.5343464e-04  -4.1715138e-02  -3.7494444e-03
   1.0361899e-03  -8.9837662e-04  -3.5770954e-02  -4.8528844e-03
   2.6666735e-03  -8.4594431e-04  -3.0789983e-02  -4.9016759e-03
   2.1419201e-03  -1.0669090e-03  -2.8046514e-02  -3.2953076e-03
   8.7876393e-04  -1.6960968e-03  -2.0468242e-02  -3.1864649e-03
  -4.1812641e-04  -2.0855939e-03  -1.2102909e-02  -3.9446107e-03
   6.6886261e-04  -2.1005746e-03  -7.0619714e-03  -3.1564393e-03
  -4.2562289e-04  -1.2354415e-03  -2.4932704e-03  -2.0680122e-03
   8.0005094e-04  -1.0968704e-03   1.5169923e-03  -2.5183958e-03
   1.0399382e-03  -1.2953641e-03   4.7401940e-03  -2.7473408e-03
   3.5100270e-03  -1.1904995e-03   7.5361341e-03  -2.1243101e-03
   4.1959546e-03  -1.5650160e-03   1.2468382e-02  -9.3829988e-04
  -7.3636114e-03  -1.6886064e-03   1.7378143e-02  -6.1177174e-04
  -6.0817140e-03  -1.4676417e-03   1.9900486e-02  -1.6889393e-03
  -5.9317845e-03  -1.1979898e-03   2.3322327e-02  -1.8465736e-03
  -6.3177598e-04  -9.9200575e-04   2.5874653e-02  -1.7602500e-03
  -1.1940117e-03  -1.1155962e-03   2.7227648e-02  -1.4637475e-03
  -5.4181827e-04  -8.6467014e-04   2.6984034e-02  -1.2986068e-03
   2.0107318e-03  -5.5382144e-04   2.6122015e-02  -1.6664201e-03
  -6.1304411e-03  -4.7891814e-04   2.4233069e-02  -1.1147001e-03
   9.5971655e-03  -3.6656319e-04   2.0530135e-02  -5.2169502e-04
  -3.3365138e-02  -2.2050176e-04   1.9874251e-02  -8.2570397e-04
  -3.4380911e-02   2.6679135e-05   1.7201991e-02  -1.2610748e-03
   2.5643372e-02  -6.9239255e-04   1.1655086e-02  -9.0452111e-04
   1.2719448e-02  -1.2803834e-03   6.6403839e-03  -1.9141368e-04
  -1.1591624e-02  -5.2011496e-04   6.4005177e-03  -1.0884278e-03
  -7.0112771e-03   3.1131167e-04   8.2332452e-03  -2.6009662e-03
   2.9852737e-03   2.6679135e-05   4.0355871e-03  -2.3832807e-03
  -1.7903657e-02  -1.1680285e-03   1.2651802e-04  -2.2444124e-03
   1.4631049e-02  -1.6211935e-03  -4.0598963e-03  -1.5800966e-03
   1.6984943e-02  -1.2579125e-03  -2.9392715e-03  -1.4449815e-03
  -2.7562866e-02  -1.2916189e-03   4.4253696e-03  -3.7907296e-03
   1.4912167e-02  -1.1942447e-03   5.4260613e-03  -4.7553012e-03
   6.5685892e-03  -3.0289539e-04  -3.6101473e-03  -2.6234853e-03
  -1.5602239e-02   1.3528892e-04  -8.5274039e-03  -1.3023600e-03
   1.2213436e-02  -7.4440320e-05  -2.6544305e-03  -3.0475966e-03
  -8.4917378e-04  -2.7667923e-04  -6.4922893e-03  -2.7473408e-03
  -1.1782784e-02  -3.1413088e-04  -1.0607493e-02  -1.2197897e-03
  -6.8799955e-04  -6.6992156e-04  -9.1195735e-03  -1.8353140e-03
   3.5512576e-03  -8.8714113e-04  -1.0532535e-02  -2.1505825e-03
   2.0969413e-03  -2.2424692e-04  -9.9366176e-03  -1.9441567e-03
   1.0549311e-03  -5.4258595e-04  -1.0292669e-02  -1.8578331e-03
   1.2460913e-03  -1.1305768e-03  -7.1706608e-03  -2.6835365e-03
   3.3526942e-04  -7.9725717e-04  -4.4571747e-03  -3.4416823e-03
   3.2139162e-03  -6.1748925e-04  -5.0156131e-03  -3.4154099e-03
   3.9485709e-03  -2.9915022e-04  -6.7921220e-03  -3.1339201e-03
   8.9750512e-04  -3.4783737e-04  -1.0187728e-02  -2.4095531e-03
  -8.1543964e-04  -1.0332026e-03  -8.3137730e-03  -2.5521746e-03
  -7.9295021e-04  -1.3103448e-03  -5.6415139e-03  -2.8787027e-03
  -9.0914559e-04  -1.3253254e-03  -7.8827635e-03  -2.2856976e-03
   1.1936159e-03  -1.2017350e-03  -1.0588754e-02  -1.6063689e-03
   1.9283638e-04  -7.6729585e-04  -9.4793727e-03  -1.6176285e-03
  -2.8544811e-03  -4.6393748e-04  -6.8783239e-03  -2.5822002e-03
   6.5396288e-05  -4.4521166e-04  -7.1631650e-03  -2.6009662e-03
   1.1074065e-03  -8.8714113e-04  -8.0326799e-03  -2.0267270e-03
   2.9029057e-04  -9.9949608e-04  -5.5777995e-03  -2.6872897e-03
  -2.3672102e-03  -4.2274067e-04  -3.4414913e-03  -2.7360812e-03
   8.9375689e-04  -5.2386012e-04  -2.9730027e-03  -2.2106337e-03
   1.4822303e-03  -1.0107316e-03  -1.7961593e-03  -1.9967014e-03
  -1.5500943e-03  -1.4938579e-03  -4.5815578e-04  -1.6401477e-03
   2.3030944e-03  -1.5500353e-03   3.0011642e-03  -1.7902756e-03
  -8.4542555e-04  -1.1567930e-03   5.2911366e-03  -1.9779355e-03
  -6.8800887e-03  -1.1605382e-03   4.8151522e-03  -1.5838498e-03
   4.0422768e-03  -8.6467014e-04   6.1006850e-03  -1.3511516e-03
   1.7678367e-02  -7.4482486e-04   8.5405737e-03  -1.5725902e-03
   2.2731085e-03  -6.2123441e-04   9.8148628e-03  -1.4937730e-03
  -3.9414701e-03  -5.4633111e-04   9.7811316e-03  -1.4224623e-03
  -3.5928840e-03  -1.1493027e-03   1.0455755e-02  -1.5425646e-03
  -9.9911263e-03  -1.1155962e-03   1.0313335e-02  -1.4562411e-03
   2.8803230e-03  -8.0849266e-04   8.7017338e-03  -1.5725902e-03
  -3.5815461e-04  -6.3246991e-04   7.0226706e-03  -1.3173728e-03
  -2.1723018e-03  -7.0362804e-04   6.2543492e-03  -1.2085301e-03
   6.5835822e-03  -1.1830092e-03   8.4281365e-03  -1.9291439e-03
   1.3622866e-03  -1.2579125e-03   9.3763574e-03  -2.1731017e-03
  -9.2039031e-04  -9.5829926e-04   6.6328880e-03  -1.8465736e-03
  -1.1190469e-03  -7.4107969e-04   2.7650460e-03  -1.1634917e-03
  -2.9369424e-03  -8.3470882e-04   3.3384760e-03  -1.2610748e-03
  -4.0051902e-03  -9.8826058e-04   5.8758104e-03  -2.5446682e-03
   4.7395423e-04  -6.0625375e-04   2.7912813e-03  -2.3344892e-03
   3.9860532e-03  -4.3772133e-04  -1.0090984e-03  -1.2272961e-03
   3.9149299e-04  -9.7327992e-04  -2.1109837e-03  -1.5313050e-03
   2.0969413e-03  -7.0737321e-04  -2.3845810e-03  -2.1993741e-03
   5.0355599e-03  -3.5158253e-04  -4.2960146e-03  -1.7790160e-03
  -1.3476894e-03  -6.1374408e-04  -6.9120551e-03  -1.4712539e-03
  -2.6183421e-03  -6.2123441e-04  -6.7808783e-03  -2.0905314e-03
   4.7431973e-03  -6.8115705e-04  -6.6047265e-03  -2.3157232e-03
   2.5280819e-04  -7.4107969e-04  -6.6871805e-03  -2.2218933e-03
  -3.8927430e-03  -1.1118510e-03  -5.2442356e-03  -2.3232296e-03
   2.1456684e-03  -1.2129705e-03  -5.6640014e-03  -2.0642590e-03
   2.3180873e-03  -6.6617639e-04  -5.5328246e-03  -2.2293996e-03
  -1.5200152e-04  -2.6169857e-04  -4.8019823e-03  -2.5746938e-03
   7.2133794e-04   1.5443640e-05  -7.7290992e-03  -1.7039521e-03
   8.6377098e-04  -2.9540506e-04  -7.5866787e-03  -1.2648280e-03
  -1.5313531e-03  -1.0369477e-03  -4.5508724e-03  -1.8540799e-03
   1.2985666e-03  -9.4706377e-04  -3.3890206e-03  -2.1843613e-03
  -6.5051717e-04  -4.9389880e-04  -4.1311066e-03  -1.7339776e-03
  -8.9415264e-04  -6.5119573e-04  -4.9556466e-03  -1.4299687e-03
   2.8578336e-03  -6.9988288e-04  -2.6769179e-03  -2.0755186e-03
  -6.4415449e-03  -6.9988288e-04  -1.3464102e-03  -2.3982935e-03
  -2.9406906e-03  -6.9988288e-04  -7.6548432e-04  -2.2744380e-03
   4.0797592e-03  -1.0144767e-03   4.8631728e-04  -1.9028715e-03
   8.0341503e-03  -1.5762515e-03   8.0863746e-04  -2.0267270e-03
   3.6936907e-03  -1.0706542e-03   1.9929767e-03  -2.3082168e-03
  -7.9933154e-03  -5.6880210e-04   2.3715155e-03  -1.7077053e-03
   1.7783411e-03  -5.7629243e-04   1.8955311e-03  -1.6476541e-03
   1.8757952e-03  -7.8976684e-04   2.5776505e-03  -1.9929482e-03
  -1.6438002e-03  -1.0406929e-03   3.8819228e-03  -1.8353140e-03
   2.0894448e-03  -1.0669090e-03   4.7214545e-03  -1.8090416e-03
  -7.6671255e-04  -1.1830092e-03   3.8481917e-03  -1.9591695e-03
   4.0648595e-04  -8.0849266e-04   2.2890615e-03  -1.6514073e-03
   5.9014961e-04  -6.6617639e-04   2.6601045e-03  -1.5313050e-03
   5.5641547e-04  -8.7590563e-04   3.8594354e-03  -2.0042078e-03
   2.2506190e-03  -6.8490222e-04   3.6757878e-03  -2.2218933e-03
   3.3938316e-03  -7.5980552e-04   3.1885597e-03  -1.9291439e-03
   1.3661281e-04  -9.8826058e-04   3.7320065e-03  -1.8953651e-03
  -3.3342556e-03  -1.0182219e-03   5.0325309e-03  -2.4771107e-03
  -3.6715970e-03  -6.8115705e-04   4.0843099e-03  -2.3570083e-03
  -4.3425316e-03  -4.8640847e-04   8.9109146e-04  -1.7039521e-03
  -1.2090046e-03  -6.8864738e-04   3.4764465e-04  -1.4074495e-03
   4.6645775e-04  -6.9239255e-04   2.3827592e-03  -1.7414840e-03
  -7.2173369e-04  -8.3096365e-04   3.0199038e-03  -2.2331528e-03
  -9.1289383e-04  -9.3208311e-04   1.5057485e-03  -1.7189649e-03
  -1.2539835e-03  -9.5829926e-04   6.6246901e-04  -1.8465736e-03
  -7.4047488e-04  -7.7104101e-04   1.3258489e-03  -2.4508383e-03
   3.0528352e-04  -4.5270199e-04   1.4795132e-03  -2.3082168e-03
   1.0586794e-03  -5.1636979e-04   5.7626710e-04  -2.3119700e-03
   1.0961617e-03  -6.8864738e-04  -6.4555123e-04  -2.1055441e-03
   9.3873574e-04  -9.3208311e-04  -4.5440787e-04  -2.2256465e-03
   1.1037514e-04  -7.5606035e-04  -2.4827288e-04  -2.5334086e-03
  -1.7375062e-03  -6.6617639e-04  -1.8148988e-03  -2.2143869e-03
  -1.7037720e-03  -7.7478618e-04  -3.3178103e-03  -2.0680122e-03
  -8.4533232e-05  -4.5644715e-04  -4.1460982e-03  -1.8428204e-03
   4.9269542e-04  -4.3023100e-04  -4.1123671e-03  -1.8353140e-03
   1.4036105e-04  -5.3509562e-04  -3.9774423e-03  -2.0755186e-03
  -5.1932884e-04  -6.9613771e-04  -3.5576765e-03  -1.8615863e-03
  -4.2937113e-04  -9.5080893e-04  -2.7106491e-03  -1.9704291e-03
  -1.0327442e-04  -5.6880210e-04  -2.6656742e-03  -2.3157232e-03
   3.9158622e-05  -4.3023100e-04  -3.0067339e-03  -2.3194764e-03
   1.3772796e-03  -6.9988288e-04  -4.6595618e-03  -1.8728459e-03
   1.1074065e-03  -5.0513430e-04  -5.1842690e-03  -1.8052884e-03
  -4.7434998e-04  -7.7104101e-04  -3.1341628e-03  -2.0004546e-03
  -7.3672664e-04  -1.0706542e-03  -1.9423277e-03  -1.9816886e-03
  -6.2802774e-04  -1.0481832e-03  -1.9685631e-03  -2.1881145e-03
  -1.7074271e-04  -1.0069864e-03  -2.5607327e-03  -1.9779355e-03
  -1.5574975e-04  -5.0513430e-04  -2.2908833e-03  -1.9028715e-03
   5.0768837e-04  -6.3996024e-04  -1.3426623e-03  -2.0192206e-03
   3.3526942e-04  -7.9725717e-04  -1.2901916e-03  -1.8916119e-03
  -3.3566518e-04  -6.5868606e-04  -6.7928241e-04  -1.8240544e-03
  -3.2816870e-04  -1.0631639e-03   1.2651802e-04  -1.9141311e-03
  -1.4526401e-03  -1.0219671e-03   5.2379637e-04  -2.0417398e-03
  -6.2043804e-05  -8.4594431e-04   9.5105800e-04  -2.1243101e-03
  -1.2389905e-03  -8.3470882e-04   9.4356218e-04  -2.1918677e-03
  -8.4542555e-04  -6.8490222e-04   1.2846219e-03  -1.9704291e-03
  -3.6828417e-03  -1.0481832e-03   2.0304558e-03  -1.9554163e-03
  -2.5171397e-03  -1.4264449e-03   2.6900878e-03  -2.2669316e-03
   6.0250947e-03  -1.2167156e-03   2.8624916e-03  -2.1505825e-03
  -1.6737861e-03  -1.1717737e-03   2.0267079e-03  -1.8203012e-03
  -2.7194513e-04  -1.2916189e-03   1.2883698e-03  -1.8278076e-03
  -1.3075926e-02  -1.2541673e-03   1.6556649e-03  -1.9291439e-03
  -1.1291765e-02  -1.1006155e-03   2.0004725e-03  -2.1843613e-03
   1.8791593e-02  -1.0107316e-03   1.6181858e-03  -2.2143869e-03
   2.0408109e-04  -1.2054801e-03   1.5169923e-03  -2.2331528e-03
  -3.5778910e-03  -8.7590563e-04   1.9142706e-03  -2.2256465e-03
   2.2431226e-03  -7.6355068e-04   2.1541368e-03  -2.2856976e-03
  -6.4040625e-03  -1.2316963e-03   1.5469755e-03  -2.6084725e-03
   2.5842122e-03  -1.1530478e-03   2.6519065e-04  -2.1843613e-03
  -1.4601366e-03  -9.8451542e-04  -1.1334816e-04  -2.2181401e-03
  -2.6558245e-03  -7.0362804e-04   2.4645111e-04  -2.3082168e-03
   8.9750512e-04  -6.0625375e-04  -5.4435769e-04  -2.1580889e-03
  -2.8318985e-04  -8.3845398e-04  -1.5750327e-03  -2.2856976e-03
  -1.2951209e-04  -8.2347332e-04  -1.8598737e-03  -1.8503268e-03
  -2.1946980e-04  -7.0362804e-04  -1.8823612e-03  -1.8878587e-03
  -1.1527811e-03  -6.2123441e-04  -1.7736718e-03  -2.0004546e-03
  -1.3889201e-03  -8.6092497e-04  -1.9685631e-03  -1.8127948e-03
  -2.6070042e-04  -8.1972816e-04  -2.0510171e-03  -1.9479099e-03
  -7.4797136e-04  -7.1111837e-04  -1.9760589e-03  -2.0004546e-03
  -1.1451914e-04  -1.0556735e-03  -1.8898570e-03  -2.1280633e-03
  -5.1183236e-04  -1.0032412e-03  -1.7024616e-03  -2.2481656e-03
  -3.9938522e-04  -9.8451542e-04  -1.8298905e-03  -2.1017910e-03
  -1.4413954e-03  -7.4107969e-04  -1.5975201e-03  -2.1430761e-03
  -6.7300660e-04  -5.8752793e-04  -1.5712848e-03  -2.1655953e-03
   9.8371460e-04  -9.1710245e-04  -1.9235882e-03  -2.0492462e-03
  -4.1062994e-04  -6.4370540e-04  -1.4138726e-03  -2.1881145e-03
  -1.7449094e-04  -7.9725717e-04  -1.5900243e-03  -2.2331528e-03
  -3.8814051e-04  -8.3470882e-04  -1.8598737e-03  -2.0942846e-03
  -1.5949799e-04  -7.4107969e-04  -1.5038224e-03  -1.7640032e-03
  -4.0688170e-04  -1.0294574e-03  -1.2039897e-03  -1.7902756e-03
  -6.9549603e-04  -8.4968948e-04  -3.7944969e-04  -2.0454930e-03
  -8.8281470e-05  -9.2459278e-04  -4.8813906e-04  -2.2519188e-03
  -3.6190284e-04  -7.0362804e-04  -3.6445806e-04  -2.4508383e-03
   2.6030466e-04  -7.6355068e-04   3.8512374e-04  -2.0830250e-03
  -7.7036756e-05  -1.0406929e-03   4.9381310e-04  -2.0192206e-03
  -7.0674074e-04  -7.9725717e-04   8.0488955e-04  -2.0980378e-03
  -4.8559470e-04  -1.0369477e-03   5.8001501e-04  -2.0792718e-03
  -2.0447685e-04  -9.2833794e-04   4.5633401e-04  -2.1731017e-03
   3.9158622e-05  -7.5980552e-04   6.4747737e-04  -1.8315608e-03
  -9.0539735e-04  -9.6578959e-04   7.5991464e-04  -2.0379866e-03
  -1.2202493e-03  -9.3208311e-04   9.3231846e-04  -2.2594252e-03
  -6.4676893e-04  -9.5455410e-04   9.8853709e-04  -1.8916119e-03
  -5.9054536e-04  -1.0931252e-03   1.2358991e-03  -2.0717654e-03
  -3.1317575e-04  -1.0219671e-03   1.3483364e-03  -2.1355697e-03
   1.3286457e-04  -7.2984420e-04   1.5956983e-03  -2.1881145e-03
   1.6285048e-04  -9.5455410e-04   1.7980854e-03  -2.3044636e-03
  -2.6819689e-04  -1.0257122e-03   1.4420341e-03  -2.1280633e-03
  -1.4450504e-04  -6.2872474e-04   1.1384535e-03  -2.2594252e-03
   1.9658462e-04  -8.2347332e-04   1.1234618e-03  -2.1918677e-03
  -7.3288518e-05  -8.0474750e-04   7.7490628e-04  -2.1918677e-03
  -2.7944161e-04  -7.5606035e-04   4.3759447e-04  -2.2669316e-03
  -3.0567927e-04  -8.3096365e-04   2.5394693e-04  -2.1618421e-03
  -1.1826737e-04  -6.3246991e-04  -1.0585234e-04  -2.0417398e-03
   2.7913908e-05  -8.3096365e-04  -3.7195388e-04  -1.7114585e-03
   5.4151574e-05  -6.4745057e-04  -3.1198733e-04  -1.7001989e-03
   2.1532581e-04  -4.2274067e-04  -2.7825615e-04  -1.9028715e-03
   2.4531171e-04  -4.1150517e-04  -6.4929914e-04  -1.9704291e-03
   4.8519894e-04  -5.4258595e-04  -7.5424059e-04  -2.0342334e-03
   6.4637318e-04  -9.2459278e-04  -7.7672805e-04  -1.9967014e-03
   2.9403881e-04  -6.5494090e-04  -1.0353338e-03  -1.7902756e-03
   2.5280819e-04  -4.7517298e-04  -9.3788814e-04  -1.8916119e-03
   2.0782933e-04  -7.7104101e-04  -1.1440231e-03  -2.2331528e-03
   8.7885716e-05  -7.4857002e-04  -1.5375536e-03  -2.0342334e-03
   3.6900357e-04  -5.5382144e-04  -1.6724783e-03  -1.8203012e-03
   5.6766018e-04  -5.4258595e-04  -1.8186467e-03  -1.9178843e-03
   5.4142251e-04  -5.7629243e-04  -1.5075703e-03  -1.9366503e-03
   3.2777295e-04  -6.4370540e-04  -1.4401079e-03  -2.0792718e-03
   3.9524123e-04  -6.3246991e-04  -1.4288642e-03  -1.9178843e-03
   3.4276590e-04  -7.1111837e-04  -1.1065440e-03  -1.7827692e-03
   3.1278000e-04  -8.2721849e-04  -1.1627627e-03  -1.9779355e-03
   6.7261084e-04  -9.0586695e-04  -8.8541741e-04  -1.9516631e-03
   2.5655643e-04  -9.1335728e-04  -6.1931587e-04  -1.9253907e-03
