   1.5535400e-04  -5.6131177e-04  -3.1948315e-04  -1.8841055e-03
  -3.5806138e-05  -7.6729585e-04  -2.4452497e-04  -1.9554163e-03
  -5.4547328e-05  -9.8451542e-04   2.1576569e-05  -2.2256465e-03
  -5.0058765e-04  -1.0032412e-03   7.4047295e-05  -2.0229738e-03
  -2.6819689e-04  -7.1860870e-04  -1.2154612e-05  -2.0267270e-03
   5.7899812e-05  -6.1374408e-04  -1.0585234e-04  -2.0304802e-03
  -3.9554376e-05  -9.9575091e-04  -5.3381611e-05  -1.8841055e-03
   2.7913908e-05  -9.6953476e-04  -3.1573524e-04  -2.1280633e-03
  -2.8318985e-04  -8.2721849e-04  -1.7706261e-04  -2.0980378e-03
  -7.3288518e-05  -1.0968704e-03  -1.2154612e-05  -1.9929482e-03
  -1.7064948e-05  -8.9088629e-04  -2.6326452e-04  -2.1130505e-03
  -3.4690989e-04  -7.4857002e-04   5.5307750e-05  -2.0529994e-03
  -2.1946980e-04  -6.5868606e-04  -1.2154612e-05  -2.0304802e-03
  -1.5200152e-04  -6.0250859e-04  -3.2323106e-04  -1.9704291e-03
  -5.8202340e-06  -9.6204443e-04  -1.2084397e-04  -2.1280633e-03
   5.4244800e-06  -9.6204443e-04   2.1576569e-05  -2.2369060e-03
  -1.5574975e-04  -8.1972816e-04   1.2277011e-04  -2.1806081e-03
   1.1787162e-04  -7.9351200e-04  -5.7129520e-05  -2.1993741e-03
   6.5396288e-05  -1.0556735e-03  -2.4077706e-04  -2.0830250e-03
  -2.4945570e-04  -1.0968704e-03  -3.8389975e-05  -2.1806081e-03
  -2.3446275e-04  -7.1486354e-04  -3.8389975e-05  -2.1580889e-03
  -3.0193104e-04  -7.9351200e-04  -3.5321433e-04  -2.3007104e-03
  -3.9554376e-05  -8.5717981e-04  -3.8694551e-04  -2.3495020e-03
   2.2282228e-04  -6.6617639e-04  -1.1334816e-04  -1.8203012e-03
  -2.6819689e-04  -7.6355068e-04   2.8370240e-06  -1.8765991e-03
  -3.2442046e-04  -8.2721849e-04  -1.0210443e-04  -1.9854418e-03
   3.2027647e-04  -6.9613771e-04  -2.5576870e-04  -1.5575774e-03
   1.2536810e-04  -9.0961212e-04  -1.8081052e-04  -1.5613306e-03
  -6.5792042e-05  -8.9463146e-04  -3.3072688e-04  -1.6926925e-03
   3.9149299e-04  -6.9239255e-04  -3.6071015e-04  -1.5575774e-03
   8.4137478e-05  -6.7741189e-04  -1.0960025e-04  -1.7001989e-03
  -2.0822509e-04  -6.2497958e-04  -2.5576870e-04  -1.7452372e-03
  -9.5684720e-06  -7.9725717e-04   1.9398038e-04  -1.7001989e-03
  -2.1572156e-04  -7.8602167e-04   4.7132565e-04  -1.8240544e-03
  -3.0193104e-04  -8.0849266e-04   1.0403057e-04  -1.8165480e-03
  -5.8295566e-05  -9.2833794e-04   2.2021575e-04  -1.7039521e-03
  -1.1451914e-04  -8.3845398e-04  -9.0860701e-05  -1.7790160e-03
  -1.2951209e-04  -8.0100233e-04  -5.5560142e-04  -1.8953651e-03
  -6.9540280e-05  -7.5606035e-04  -3.7570179e-04  -1.7189649e-03
  -1.7064948e-05  -7.6729585e-04  -4.3566833e-04  -1.8615863e-03
   8.4137478e-05  -6.8115705e-04  -4.5440787e-04  -1.7977820e-03
  -2.4561424e-05  -6.1374408e-04  -9.1088500e-07  -1.7452372e-03
  -1.9323213e-04  -6.6992156e-04  -7.2121156e-05  -2.2068805e-03
  -4.7060175e-04  -7.3733453e-04  -1.1709606e-04  -2.0492462e-03
  -4.0313346e-04  -8.3096365e-04   6.5849330e-06  -1.8503268e-03
  -2.9443456e-04  -9.9200575e-04  -4.1692878e-04  -1.9779355e-03
  -2.4945570e-04  -9.2084761e-04  -2.7450824e-04  -2.0454930e-03
  -6.2043804e-05  -6.7741189e-04  -1.4707934e-04  -1.9178843e-03
  -3.3566518e-04  -9.3208311e-04  -3.8319760e-04  -1.9216375e-03
  -3.1317575e-04  -9.8826058e-04  -1.3208770e-04  -2.2181401e-03
  -1.8198742e-04  -8.3096365e-04  -1.6581888e-04  -2.2331528e-03
  -2.7569337e-04  -8.3845398e-04  -2.2953333e-04  -1.9854418e-03
  -2.9443456e-04  -7.8976684e-04  -1.2459188e-04  -2.1618421e-03
  -2.0447685e-04  -9.9575091e-04  -2.3328124e-04  -2.3907871e-03
  -9.2029708e-05  -8.9088629e-04  -2.8575197e-04  -2.0755186e-03
  -3.5815461e-04  -7.8602167e-04  -3.6445806e-04  -2.2068805e-03
  -2.9818280e-04  -7.8602167e-04  -2.2203752e-04  -2.2481656e-03
  -2.3821099e-04  -8.6092497e-04  -3.1948315e-04  -2.0642590e-03
  -4.6685351e-04  -1.1530478e-03  -3.6071015e-04  -2.1806081e-03
  -3.2816870e-04  -7.4107969e-04   4.7811932e-05  -2.1205569e-03
  -1.8198742e-04  -9.4331860e-04  -1.6207097e-04  -2.1243101e-03
  -3.1317575e-04  -1.2242060e-03  -2.2953333e-04  -2.0717654e-03
  -2.6070042e-04  -6.5868606e-04  -1.5457515e-04  -1.9441567e-03
  -1.9323213e-04  -9.9949608e-04  -3.6445806e-04  -2.1017910e-03
  -1.2951209e-04  -1.0968704e-03  -2.4452497e-04  -2.1393229e-03
  -6.9540280e-05  -6.4370540e-04  -2.5202079e-04  -1.9216375e-03
  -3.5440637e-04  -9.0961212e-04  -2.5576870e-04  -2.0642590e-03
  -8.8281470e-05  -8.7590563e-04  -1.9955006e-04  -1.9554163e-03
  -1.2576385e-04  -7.1860870e-04  -1.7706261e-04  -1.8465736e-03
  -2.4570747e-04  -8.7965080e-04  -7.2121156e-05  -1.9103779e-03
  -3.5806138e-05  -7.9725717e-04  -2.0704588e-04  -1.7564968e-03
  -3.5065813e-04  -8.6467014e-04  -3.9818924e-04  -1.9141311e-03
  -8.0784994e-05  -8.4219915e-04  -8.3364883e-05  -1.8540799e-03
  -1.7064948e-05  -9.2833794e-04  -2.3398339e-05  -1.7977820e-03
  -2.2696628e-04  -1.1118510e-03  -2.5951661e-04  -1.8428204e-03
   2.7913908e-05  -8.7965080e-04  -9.0860701e-05  -1.8203012e-03
  -4.7050852e-05  -8.9088629e-04  -2.3328124e-04  -1.9666759e-03
  -2.7194513e-04  -8.4219915e-04  -2.7450824e-04  -1.9253907e-03
  -1.9698037e-04  -7.0362804e-04  -2.9324779e-04  -1.9779355e-03
  -1.7823918e-04  -6.4745057e-04  -1.4333143e-04  -2.0229738e-03
  -4.1062994e-04  -8.1598299e-04   1.0028266e-04  -1.9666759e-03
  -3.1692399e-04  -1.0332026e-03  -1.4333143e-04  -1.8690927e-03
  -1.7823918e-04  -9.0961212e-04   3.2820296e-05  -1.7715096e-03
  -2.7194513e-04  -1.0219671e-03  -1.9205424e-04  -2.0680122e-03
  -1.0702266e-04  -8.7216047e-04  -4.0193715e-04  -2.1280633e-03
   9.1727180e-06  -8.8714113e-04  -2.7450824e-04  -1.9028715e-03
  -1.1451914e-04  -8.5343464e-04  -3.0074361e-04  -1.9479099e-03
  -1.9323213e-04  -5.9127309e-04  -6.8373247e-05  -2.2143869e-03
  -1.5574975e-04  -8.6467014e-04   1.3401384e-04  -2.1655953e-03
  -1.2201561e-04  -8.6092497e-04   1.0777848e-04  -2.0454930e-03
  -4.1062994e-04  -8.2721849e-04  -3.9818924e-04  -2.0905314e-03
  -3.6939932e-04  -6.9239255e-04  -2.8575197e-04  -2.0079610e-03
  -9.2029708e-05  -6.0999892e-04  -1.9650430e-05  -2.1993741e-03
  -2.0822509e-04  -7.0737321e-04  -2.0704588e-04  -1.9891950e-03
  -8.4533232e-05  -7.9351200e-04  -1.3208770e-04  -1.8428204e-03
  -1.7074271e-04  -9.8826058e-04  -2.2578543e-04  -2.1092973e-03
  -2.3446275e-04  -9.5829926e-04  -8.3364883e-05  -2.0304802e-03
  -6.2043804e-05  -8.0474750e-04   8.5291022e-05  -1.9816886e-03
  -2.4945570e-04  -7.4857002e-04  -1.9955006e-04  -1.9066247e-03
  -1.9698037e-04  -1.0594187e-03  -1.0210443e-04  -2.0605058e-03
  -1.0702266e-04  -7.7478618e-04   3.2820296e-05  -2.2031273e-03
  -1.9323213e-04  -6.0999892e-04  -4.5440787e-04  -2.1430761e-03
  -1.8198742e-04  -9.4706377e-04  -3.8694551e-04  -2.2256465e-03
  -1.5200152e-04  -7.7104101e-04  -1.8455843e-04  -2.0680122e-03
  -1.4450504e-04  -8.6467014e-04  -2.6701242e-04  -1.9629227e-03
  -7.3288518e-05  -7.6355068e-04   3.6568205e-05  -2.0079610e-03
  -9.5777946e-05  -8.3845398e-04   2.5324478e-05  -1.8878587e-03
  -2.0813186e-05  -8.4219915e-04  -1.9650430e-05  -1.7940288e-03
   2.7529762e-04  -4.0401484e-04  -1.5457515e-04  -1.6701733e-03
   1.4036105e-04  -5.6505694e-04  -1.8830634e-04  -1.7114585e-03
  -1.1826737e-04  -6.0999892e-04   1.1902220e-04  -1.7902756e-03
  -1.3700856e-04  -6.3246991e-04  -3.4642066e-05  -1.6288881e-03
  -1.3700856e-04  -6.6992156e-04   3.2820296e-05  -1.7790160e-03
  -3.2057900e-05  -8.7216047e-04   1.2277011e-04  -1.8578331e-03
  -6.2043804e-05  -9.1335728e-04   2.1646784e-04  -1.8240544e-03
  -2.4561424e-05  -7.4857002e-04   2.1271993e-04  -1.9103779e-03
   3.1662146e-05  -9.1335728e-04  -1.5832306e-04  -1.6776797e-03
   9.5382192e-05  -4.7517298e-04  -1.8081052e-04  -1.8090416e-03
   3.6900357e-04  -6.1374408e-04  -3.4571851e-04  -1.8465736e-03
  -1.5949799e-04  -7.8976684e-04  -1.2833979e-04  -1.7790160e-03
  -2.7194513e-04  -5.3884078e-04   1.4525757e-04  -1.8803523e-03
   1.6762420e-06  -8.9463146e-04   7.7795204e-05  -1.7001989e-03
  -6.0928655e-04  -8.3096365e-04   1.4525757e-04  -1.9103779e-03
  -2.4195923e-04  -9.1335728e-04  -1.4333143e-04  -1.9216375e-03
   1.5160576e-04  -8.6467014e-04  -2.0329797e-04  -1.8540799e-03
  -1.5949799e-04  -7.1860870e-04  -2.8575197e-04  -1.9328971e-03
  -2.0719960e-06  -9.5080893e-04  -4.3941624e-04  -1.8127948e-03
   9.1727180e-06  -6.6617639e-04  -2.1079379e-04  -1.8240544e-03
  -6.9540280e-05  -7.7853134e-04  -2.8200406e-04  -2.0154674e-03
  -8.4533232e-05  -1.0144767e-03  -2.5202079e-04  -2.0755186e-03
  -2.0072861e-04  -8.1598299e-04  -3.4642066e-05  -2.0980378e-03
  -1.8198742e-04  -7.4857002e-04  -2.9699570e-04  -2.2369060e-03
  -1.7823918e-04  -9.3582827e-04  -3.1573524e-04  -1.8165480e-03
  -3.2816870e-04  -1.1081059e-03  -1.3583561e-04  -2.1355697e-03
  -3.0567927e-04  -7.1111837e-04  -2.7825615e-04  -2.3870339e-03
  -1.9323213e-04  -7.7853134e-04  -1.3583561e-04  -2.0079610e-03
  -3.5065813e-04  -8.3845398e-04  -1.8830634e-04  -2.3607615e-03
  -3.0193104e-04  -6.9988288e-04  -4.7689533e-04  -2.2781912e-03
  -6.9540280e-05  -9.5455410e-04  -2.1828961e-04  -2.2444124e-03
  -2.6444866e-04  -7.8227651e-04  -1.2833979e-04  -2.1318165e-03
  -3.9188875e-04  -8.8714113e-04  -2.2578543e-04  -2.0905314e-03
  -4.1812641e-04  -9.6953476e-04  -2.1079379e-04  -2.4057999e-03
  -4.3311937e-04  -9.0961212e-04  -3.8694551e-04  -2.0379866e-03
  -2.3821099e-04  -9.6578959e-04  -4.9938278e-04  -2.0567526e-03
  -2.7944161e-04  -8.9088629e-04  -3.4571851e-04  -2.3682679e-03
  -2.9818280e-04  -8.4968948e-04  -2.6701242e-04  -2.2932040e-03
  -1.8948390e-04  -8.0100233e-04  -1.8455843e-04  -2.0717654e-03
  -3.2067223e-04  -8.8339596e-04  -8.3364883e-05  -2.0192206e-03
  -1.7823918e-04  -7.1860870e-04  -2.7450824e-04  -1.9253907e-03
   1.6669194e-05  -7.8227651e-04   6.2803568e-05  -1.6589137e-03
  -3.6565108e-04  -9.1335728e-04   8.9038931e-05  -1.8278076e-03
  -3.0942751e-04  -7.3358936e-04  -1.5832306e-04  -1.9066247e-03
  -6.9540280e-05  -1.0144767e-03  -1.4707934e-04  -1.8765991e-03
  -2.6444866e-04  -9.1710245e-04  -4.8064324e-04  -1.9741823e-03
  -1.7823918e-04  -5.3135045e-04  -2.8200406e-04  -1.6701733e-03
  -1.1826737e-04  -7.3733453e-04  -5.0687860e-04  -1.7602500e-03
   5.4151574e-05  -7.2609903e-04  -3.1948315e-04  -2.0717654e-03
  -6.9540280e-05  -6.3246991e-04   1.2651802e-04  -1.7452372e-03
  -3.3566518e-04  -8.4594431e-04  -2.6326452e-04  -1.9441567e-03
  -2.3071451e-04  -1.1118510e-03   1.8648456e-04  -2.0267270e-03
  -3.2442046e-04  -9.8451542e-04   4.7811932e-05  -1.9141311e-03
  -1.5574975e-04  -8.7590563e-04  -2.1454170e-04  -2.2218933e-03
  -8.4533232e-05  -1.1418123e-03  -1.9955006e-04  -1.8803523e-03
  -6.9540280e-05  -7.5231519e-04  -5.9682842e-04  -1.9516631e-03
   1.2161986e-04  -6.2872474e-04   1.4870090e-03  -1.8503268e-03
   9.9130430e-05  -1.0032412e-03   3.5146278e-03  -1.6964457e-03
  -9.9526184e-05  -8.3470882e-04   2.4277341e-03  -1.9929482e-03
  -5.7180417e-04  -7.6355068e-04   1.1197139e-03  -1.7452372e-03
  -4.7434998e-04  -7.8227651e-04   9.9978082e-04  -1.9779355e-03
  -1.3316710e-05  -8.5717981e-04   1.3370926e-03  -1.9366503e-03
  -1.1077090e-04  -9.6578959e-04   9.7729336e-04  -1.9291439e-03
  -1.7074271e-04  -7.0362804e-04   7.7115837e-04  -1.9441567e-03
  -2.4195923e-04  -8.0100233e-04   1.4982527e-03  -1.6701733e-03
  -6.0179008e-04  -8.9463146e-04   2.6750961e-03  -1.9967014e-03
  -7.2173369e-04  -8.1598299e-04   4.9800602e-03  -1.6401477e-03
  -5.2682532e-04  -1.1155962e-03   7.6560672e-03  -1.3774239e-03
  -5.9054536e-04  -8.2721849e-04   8.8703897e-03  -1.6889393e-03
  -7.1048898e-04  -7.1111837e-04   8.4281365e-03  -1.6213817e-03
  -5.3432179e-04  -9.3957344e-04   7.7047900e-03  -1.7189649e-03
  -4.9683941e-04  -5.3884078e-04   6.6853588e-03  -1.6551605e-03
  -4.2187465e-04  -7.2984420e-04   5.4747842e-03  -1.6439009e-03
  -6.7675484e-04  -1.1118510e-03   5.7408857e-03  -1.8090416e-03
  -9.3538326e-04  -9.7327992e-04   6.7078462e-03  -1.4750071e-03
  -7.5546783e-04  -9.7327992e-04   6.5504340e-03  -1.7227181e-03
  -1.3664306e-03  -7.2609903e-04   4.9088499e-03  -1.6476541e-03
  -2.1573088e-03  -7.3733453e-04   2.0454474e-03  -1.1972705e-03
  -2.3147348e-03  -1.0294574e-03  -9.0790486e-04  -1.6138753e-03
  -2.7307893e-03  -7.1111837e-04  -4.4871580e-03  -1.4637475e-03
  -3.8440159e-03  -8.0100233e-04  -8.8722115e-03  -1.5500710e-03
  -4.1026444e-03  -1.0144767e-03  -1.1435781e-02  -1.8953651e-03
  -3.0981166e-03  -7.7853134e-04  -1.2949936e-02  -1.6514073e-03
  -3.8927430e-03  -9.0961212e-04  -1.4865118e-02  -1.7264713e-03
  -4.9609909e-03  -9.0212179e-04  -1.6667862e-02  -1.6926925e-03
  -4.2300845e-03  -9.6578959e-04  -1.8339430e-02  -1.5538242e-03
  -3.9752043e-03  -1.1904995e-03  -1.7822218e-02  -1.7452372e-03
  -3.7765477e-03  -1.3215803e-03  -1.4763924e-02  -2.1768549e-03
  -3.1355990e-03  -1.3477964e-03  -1.1919262e-02  -2.4470851e-03
  -1.8574498e-03  -1.1904995e-03  -9.3931708e-03  -2.1505825e-03
   3.7650004e-04  -1.0594187e-03  -6.0650276e-03  -1.9666759e-03
   1.9132776e-03  -7.5231519e-04  -2.0322776e-03  -2.2106337e-03
   2.8728266e-03  -6.0625375e-04   2.1241535e-03  -2.1993741e-03
   3.9748085e-03  -6.3996024e-04   5.5422465e-03  -2.0379866e-03
   3.9710603e-03  -1.0481832e-03   8.9978186e-03  -2.1618421e-03
   3.9860532e-03  -7.9725717e-04   1.2453391e-02  -2.2744380e-03
   5.9276405e-03  -3.8903418e-04   1.4462270e-02  -2.2669316e-03
   7.4831593e-03  -1.0743994e-03   1.4942002e-02  -2.2106337e-03
   6.1375418e-03  -7.8976684e-04   1.4559716e-02  -2.0192206e-03
   3.8998438e-03  -3.4034704e-04   1.4132454e-02  -2.2106337e-03
   4.8106656e-03  -4.9015364e-04   1.2854417e-02  -2.4395787e-03
   5.9276405e-03  -5.8752793e-04   9.9497875e-03  -2.3645147e-03
   4.0685145e-03  -4.5270199e-04   7.3075117e-03  -2.7586004e-03
   3.0377490e-03  -1.4934362e-04   5.6434401e-03  -3.0325838e-03
   3.1539444e-03  -4.9015364e-04   2.7725418e-03  -2.9049751e-03
   2.7716241e-03  -7.2984420e-04  -1.4138726e-03  -2.6009662e-03
   1.9432635e-03  -7.8227651e-04  -4.3147541e-03  -2.2068805e-03
   6.9135203e-04  -6.6243123e-04  -5.2254960e-03  -2.6535109e-03
   7.2892764e-05  -5.0887946e-04  -7.1294338e-03  -2.9650263e-03
   1.0286935e-03  -7.7104101e-04  -1.0090282e-02  -2.4620979e-03
   1.6359080e-03  -9.5080893e-04  -1.1581950e-02  -2.2932040e-03
   3.9158622e-05  -8.3845398e-04  -1.2046690e-02  -2.7661068e-03
  -1.7300097e-03  -8.6841530e-04  -1.2526423e-02  -3.1376733e-03
  -1.3439412e-03  -1.0669090e-03  -1.4153015e-02  -2.8036388e-03
  -2.1197332e-04  -1.0743994e-03  -1.5116228e-02  -2.5671874e-03
  -1.0703198e-03  -1.1006155e-03  -1.4449100e-02  -2.7886260e-03
  -2.1423159e-03  -9.0961212e-04  -1.3695770e-02  -2.9274943e-03
  -1.7037720e-03  -7.9725717e-04  -1.2871230e-02  -2.8674431e-03
  -9.2788678e-04  -1.0069864e-03  -1.2061682e-02  -2.5484214e-03
  -1.1640258e-03  -1.0144767e-03  -1.0637477e-02  -2.5371618e-03
  -1.4451436e-03  -9.0586695e-04  -8.7522784e-03  -2.6835365e-03
  -2.4195923e-04  -7.0362804e-04  -6.9045593e-03  -2.3982935e-03
   5.4891899e-04  -6.5119573e-04  -5.2742188e-03  -2.1881145e-03
   2.5280819e-04  -6.9239255e-04  -2.8568175e-03  -2.0717654e-03
  -8.0784994e-05  -4.9764397e-04   4.1510701e-04  -2.3532552e-03
   4.8894718e-04  -6.8115705e-04   2.8624916e-03  -2.4095531e-03
   1.2573360e-03  -9.2084761e-04   4.3054366e-03  -1.9666759e-03
   1.1861194e-03  -6.5868606e-04   5.4110697e-03  -1.9629227e-03
   1.2535877e-03  -3.8528902e-04   7.4274448e-03  -2.0267270e-03
   1.7146210e-03  -4.8640847e-04   8.1432954e-03  -2.1806081e-03
   2.1194307e-03  -7.4857002e-04   7.5586216e-03  -1.9441567e-03
   1.9882424e-03  -5.7254727e-04   8.4731114e-03  -1.7977820e-03
   1.3772796e-03  -6.0625375e-04   8.9266084e-03  -2.0867782e-03
   1.0211970e-03  -8.3470882e-04   8.4506239e-03  -1.9816886e-03
   1.0549311e-03  -8.3470882e-04   6.9889394e-03  -1.9967014e-03
   5.3767428e-04  -1.0631639e-03   5.2461617e-03  -2.0117142e-03
  -1.9323213e-04  -1.0069864e-03   4.5378069e-03  -1.9629227e-03
   5.7899812e-05  -8.1972816e-04   3.0348954e-03  -2.0229738e-03
   3.2402471e-04  -6.0250859e-04   1.0559995e-03  -1.9779355e-03
   1.6659871e-04  -3.2536638e-04  -5.8558469e-04  -1.8090416e-03
   3.1662146e-05  -7.0362804e-04  -1.3089311e-03  -2.0529994e-03
  -6.2802774e-04  -8.9088629e-04  -1.7212011e-03  -2.2369060e-03
  -1.0553269e-03  -6.3996024e-04  -3.1678940e-03  -2.0079610e-03
  -9.6536916e-04  -8.8714113e-04  -4.3072583e-03  -2.3495020e-03
  -1.3401930e-03  -1.0219671e-03  -4.6670576e-03  -2.7248217e-03
  -1.7674921e-03  -8.2347332e-04  -4.8357135e-03  -1.8991183e-03
  -1.7225132e-03  -8.7216047e-04  -5.6190265e-03  -1.3961899e-03
  -1.4938707e-03  -7.5980552e-04  -5.9638341e-03  -2.1243101e-03
  -1.5913249e-03  -7.4482486e-04  -5.3116979e-03  -2.1092973e-03
  -1.7899815e-03  -1.1118510e-03  -4.9593945e-03  -2.0605058e-03
  -1.7487509e-03  -1.1230865e-03  -4.6520660e-03  -2.2293996e-03
  -1.4226542e-03  -9.7327992e-04  -4.2810230e-03  -2.0079610e-03
  -1.2389905e-03  -9.9200575e-04  -3.1491544e-03  -2.0867782e-03
  -1.4563883e-03  -9.6953476e-04  -1.9310840e-03  -2.1205569e-03
  -1.2314941e-03  -8.1223783e-04  -1.0878045e-03  -1.9554163e-03
  -6.8050307e-04  -8.0474750e-04   2.3520738e-04  -1.9629227e-03
  -9.0164912e-04  -9.1335728e-04   1.7306231e-03  -2.2519188e-03
  -1.1452846e-03  -7.6729585e-04   2.9636851e-03  -2.1768549e-03
  -5.2682532e-04  -7.8976684e-04   3.5745943e-03  -2.2369060e-03
   1.1412338e-04  -8.7965080e-04   4.3691510e-03  -2.0304802e-03
   2.9403881e-04  -7.1111837e-04   5.1861952e-03  -1.5613306e-03
  -2.3446275e-04  -5.6131177e-04   5.9695082e-03  -1.6664201e-03
  -1.3700856e-04  -7.4482486e-04   6.0107352e-03  -1.4975262e-03
   5.0768837e-04  -8.0100233e-04   5.6959108e-03  -1.4637475e-03
   3.8774476e-04  -5.4633111e-04   5.7146503e-03  -1.5613306e-03
   2.4905995e-04  -5.6880210e-04   5.4073218e-03  -1.4937730e-03
  -9.5777946e-05  -6.6992156e-04   5.2311701e-03  -1.5350582e-03
  -9.5684720e-06  -7.3358936e-04   4.1892514e-03  -1.4975262e-03
  -5.0799090e-05  -7.6355068e-04   3.5146278e-03  -1.5725902e-03
  -6.3552422e-04  -7.4482486e-04   3.4734008e-03  -1.6401477e-03
  -6.1303479e-04  -4.7891814e-04   2.8587437e-03  -1.5050326e-03
  -6.6176188e-04  -2.9540506e-04   2.0566912e-03  -1.5800966e-03
  -4.6685351e-04  -7.7104101e-04   1.3895634e-03  -1.6926925e-03
  -5.6805593e-04  -9.7702509e-04   1.1347055e-03  -1.6251349e-03
  -1.1715223e-03  -6.2123441e-04   6.6246901e-04  -1.6739265e-03
  -1.0853128e-03  -5.3884078e-04   1.4150966e-04  -1.6551605e-03
  -8.2668436e-04  -6.6617639e-04  -3.9069342e-04  -1.7039521e-03
  -8.7166321e-04  -6.7366672e-04  -6.1931587e-04  -1.7715096e-03
  -1.3551859e-03  -8.8339596e-04  -6.6429078e-04  -1.7189649e-03
  -1.5800802e-03  -8.7590563e-04  -6.5679496e-04  -1.7865224e-03
  -1.0515786e-03  -7.7853134e-04  -6.9052614e-04  -1.6213817e-03
  -7.7795726e-04  -9.0586695e-04  -8.6667786e-04  -1.6063689e-03
  -1.0253410e-03  -7.0362804e-04  -4.7689533e-04  -1.6701733e-03
  -1.3139553e-03  -8.4219915e-04  -5.5185351e-04  -1.8503268e-03
  -1.5725837e-03  -9.9949608e-04  -4.7689533e-04  -2.0867782e-03
  -1.1902634e-03  -9.7327992e-04   6.5849330e-06  -1.9779355e-03
  -8.3792907e-04  -1.0631639e-03   2.8370240e-06  -1.9253907e-03
  -6.1303479e-04  -8.3096365e-04   3.7388001e-04  -1.8015352e-03
  -1.3326033e-04  -7.5980552e-04   7.3742719e-04  -2.2669316e-03
  -9.0914559e-04  -6.3246991e-04   1.5057485e-03  -1.6814329e-03
  -9.6536916e-04  -9.6953476e-04   1.8767915e-03  -2.1355697e-03
  -5.1932884e-04  -1.3103448e-03   1.9180185e-03  -1.9291439e-03
  -3.3566518e-04  -1.0369477e-03   2.0641870e-03  -1.8841055e-03
  -6.5792042e-05  -1.0219671e-03   1.8093292e-03  -2.4658511e-03
  -6.2053127e-04  -9.4331860e-04   2.2515824e-03  -8.1444438e-04
  -3.8814051e-04  -7.7478618e-04   1.6631607e-03  -3.9446107e-03
  -3.4690989e-04  -7.7853134e-04   1.6031942e-03   1.2197884e-03
  -3.2057900e-05  -1.0818897e-03   9.3606636e-04   2.4057986e-03
  -4.8559470e-04  -1.1081059e-03   7.2243555e-04  -5.5659918e-03
  -1.1003057e-03  -8.8714113e-04   2.2365908e-03  -2.7173153e-03
  -4.3311937e-04  -9.0586695e-04   1.3670759e-03  -4.5188498e-03
  -6.9174779e-04  -1.0781445e-03   1.1534451e-03  -2.9950518e-03
  -2.1946980e-04  -1.2167156e-03   1.0260162e-03   5.8174490e-04
  -2.4570747e-04  -1.2054801e-03   1.4495299e-03  -2.7623536e-03
  -5.5306298e-04  -1.2504221e-03   2.2515824e-03  -1.7227181e-03
  -2.9818280e-04  -9.8826058e-04   1.0447557e-03  -1.7640032e-03
  -3.5806138e-05  -8.0100233e-04   5.9125874e-04  -1.8353140e-03
   2.3406700e-04  -9.9949608e-04   6.4747737e-04  -1.7790160e-03
  -4.0688170e-04  -1.0743994e-03   5.1255265e-04  -1.6626669e-03
  -6.5426541e-04  -9.9200575e-04   4.2260283e-04  -1.3624111e-03
  -7.2548193e-04  -1.0743994e-03  -3.8694551e-04  -2.3570083e-03
  -4.4436408e-04  -1.1605382e-03  -7.6548432e-04  -1.4562411e-03
  -6.1303479e-04  -8.8339596e-04  -3.8319760e-04  -2.7773664e-03
  -8.8665616e-04  -8.0849266e-04  -5.6684514e-04  -1.6063689e-03
  -1.9698037e-04  -9.1710245e-04  -1.4513517e-03  -2.0717654e-03
  -4.6685351e-04  -6.8115705e-04  -1.7624281e-03  -3.9821426e-03
  -6.9549603e-04  -7.7104101e-04  -1.3763935e-03   3.6405948e-04
  -5.6430770e-04  -1.0107316e-03  -1.7961593e-03  -2.0004546e-03
  -7.3297841e-04  -8.0474750e-04  -1.2489646e-03  -4.1923217e-03
  -5.8679712e-04  -8.7216047e-04  -7.5798850e-04  -1.3248792e-03
  -3.9188875e-04  -1.0257122e-03  -1.7286969e-03  -8.8950832e-04
   2.0417432e-05  -8.3845398e-04  -2.3583456e-03  -1.9967014e-03
  -9.9526184e-05  -7.3358936e-04  -1.4176205e-03  -2.6272385e-03
  -7.5546783e-04  -7.8602167e-04  -7.5424059e-04  -1.1334661e-03
  -8.6416674e-04  -8.0849266e-04  -1.1140399e-03  -1.6776797e-03
  -3.5806138e-05  -8.1598299e-04  -5.7808887e-04  -2.4283191e-03
   5.1893309e-04  -7.7104101e-04  -1.5082725e-04  -2.0529994e-03
  -2.8318985e-04  -6.9239255e-04   1.1902220e-04  -1.6514073e-03
  -3.5065813e-04  -7.7478618e-04  -8.3364883e-05  -1.7377308e-03
   4.0273771e-04  -9.2084761e-04   5.4253592e-04  -2.0567526e-03
   3.4276590e-04  -9.5080893e-04   1.4457820e-03  -1.9103779e-03
  -4.4061584e-04  -6.4745057e-04   1.1197139e-03  -2.1843613e-03
  -2.7944161e-04  -7.0362804e-04   7.8240210e-04  -2.0492462e-03
   6.2763199e-04  -9.3208311e-04   1.0859827e-03  -2.1168037e-03
   4.7020599e-04  -5.2386012e-04   1.1834284e-03  -2.1881145e-03
  -2.8309662e-05  -7.4482486e-04   6.0999828e-04  -1.8690927e-03
  -2.0072861e-04  -9.6204443e-04   1.0447557e-03  -2.1355697e-03
   9.5382192e-05  -7.2235387e-04   9.9603291e-04  -2.6722769e-03
   1.5160576e-04  -9.2084761e-04   6.7746064e-04  -2.3082168e-03
  -6.2043804e-05  -9.4706377e-04   7.3742719e-04  -1.9479099e-03
  -1.3700856e-04  -1.0294574e-03   5.5377965e-04  -2.3044636e-03
  -1.4450504e-04  -8.6092497e-04   9.8104127e-04  -2.4433319e-03
   1.5535400e-04  -6.6243123e-04   8.0488955e-04  -2.1355697e-03
   1.8533990e-04  -7.4482486e-04   2.4270320e-04  -1.8240544e-03
   2.3031876e-04  -6.1748925e-04   2.0147620e-04  -1.6026158e-03
   1.7784343e-04  -7.5606035e-04   2.5019902e-04  -1.3549047e-03
   1.6669194e-05  -7.7478618e-04   2.9072387e-05  -1.7152117e-03
   2.8279409e-04  -9.2084761e-04  -2.5576870e-04  -1.9741823e-03
   3.6150709e-04  -1.0369477e-03  -4.4316415e-04  -1.5988626e-03
   2.9029057e-04  -6.3621507e-04  -9.6412350e-04  -1.7227181e-03
   1.2911633e-04  -8.0100233e-04  -7.2050941e-04  -1.7039521e-03
  -1.3316710e-05  -8.7216047e-04  -5.6684514e-04  -1.5050326e-03
   2.7529762e-04  -6.9988288e-04  -9.4538395e-04  -1.7827692e-03
   8.0389240e-05  -9.0586695e-04  -8.4419041e-04  -1.8203012e-03
  -2.8318985e-04  -1.0706542e-03  -1.1740064e-03  -1.9704291e-03
  -3.8064403e-04  -9.7327992e-04  -1.1515189e-03  -2.0680122e-03
  -3.2067223e-04  -6.9988288e-04  -1.3164269e-03  -1.9666759e-03
  -5.8202340e-06  -7.9725717e-04  -2.0360255e-03  -1.8841055e-03
  -3.9188875e-04  -6.3621507e-04  -1.9723110e-03  -1.8052884e-03
  -3.2816870e-04  -4.7891814e-04  -1.8036551e-03  -1.8803523e-03
  -5.8295566e-05  -8.6841530e-04  -1.6050159e-03  -2.0004546e-03
  -1.8573566e-04  -8.6467014e-04  -1.0653170e-03  -2.1918677e-03
  -2.8309662e-05  -5.5382144e-04  -8.1420714e-04  -1.8390672e-03
  -1.9698037e-04  -6.3621507e-04  -1.0053505e-03  -1.8728459e-03
  -9.5777946e-05  -8.9463146e-04  -9.2289650e-04  -2.1731017e-03
  -1.3326033e-04  -6.2497958e-04  -5.4435769e-04  -1.9366503e-03
  -2.2696628e-04  -4.5270199e-04  -3.6071015e-04  -2.0079610e-03
  -5.0799090e-05  -7.4482486e-04  -5.3381611e-05  -1.8841055e-03
  -1.5574975e-04  -8.7216047e-04  -5.7129520e-05  -1.9516631e-03
   1.2920956e-05  -7.6355068e-04  -2.0329797e-04  -2.1468293e-03
   5.7899812e-05  -7.4482486e-04  -1.3583561e-04  -1.9178843e-03
   1.4410929e-04  -8.1972816e-04  -1.4333143e-04  -2.0417398e-03
   5.0019190e-04  -9.1335728e-04  -1.2154612e-05  -2.0642590e-03
   3.6150709e-04  -1.0069864e-03  -4.9633702e-05  -1.9816886e-03
   2.4165670e-05  -6.4745057e-04  -1.2154612e-05  -2.0492462e-03
  -1.4450504e-04  -4.6768265e-04  -9.1088500e-07  -1.9629227e-03
   2.4165670e-05  -6.2497958e-04   2.1646784e-04  -2.3757743e-03
   4.9269542e-04  -7.7104101e-04   1.3858154e-03  -2.5784470e-03
   1.5910224e-04  -9.1335728e-04   1.5544714e-03  -2.3495020e-03
  -4.3686760e-04  -6.8864738e-04   1.0335120e-03  -2.4395787e-03
   5.4151574e-05  -7.0737321e-04   8.2362909e-04  -2.1243101e-03
   4.2522714e-04  -6.6243123e-04   2.6519065e-04  -2.1092973e-03
   3.8024828e-04  -5.5756661e-04   1.6774502e-04  -2.0079610e-03
   2.0782933e-04  -6.8490222e-04   2.9892183e-04  -1.8052884e-03
   3.8024828e-04  -5.3884078e-04   7.7865419e-04  -2.2969572e-03
   9.9870755e-04  -7.9725717e-04   9.2107473e-04  -2.2406592e-03
   4.2897537e-04  -9.4706377e-04   3.8512374e-04  -2.1243101e-03
  -1.7074271e-04  -6.8490222e-04   1.5650129e-04  -1.9704291e-03
  -6.2043804e-05  -7.2984420e-04  -1.9955006e-04  -1.8578331e-03
  -3.9554376e-05  -7.8976684e-04  -4.5815578e-04  -1.9028715e-03
   1.3661281e-04  -7.6729585e-04  -7.6173641e-04  -1.8052884e-03
   6.1638727e-04  -8.3096365e-04  -9.1914859e-04  -2.0417398e-03
   8.6002274e-04  -9.1710245e-04  -6.0432423e-04  -1.9516631e-03
   3.1652823e-04  -8.6092497e-04  -1.2302250e-03  -2.0117142e-03
   1.6285048e-04  -8.7590563e-04  -1.9273361e-03  -2.2856976e-03
   2.0408109e-04  -8.2721849e-04  -1.7549323e-03  -2.0980378e-03
  -2.4570747e-04  -8.3096365e-04  -1.6799741e-03  -1.9554163e-03
  -1.0702266e-04  -8.6841530e-04  -1.5225619e-03  -2.0004546e-03
   9.0874984e-04  -6.5868606e-04  -1.5375536e-03  -2.0942846e-03
   1.3547902e-03  -6.6617639e-04  -1.6275034e-03  -2.1580889e-03
   5.9389785e-04  -7.5980552e-04  -1.7062095e-03  -2.2369060e-03
  -6.5792042e-05  -8.7965080e-04  -1.4925787e-03  -2.2744380e-03
  -6.4676893e-04  -1.1043607e-03  -1.2489646e-03  -2.3945403e-03
