  -1.4450504e-04  -1.0107316e-03  -2.3702915e-04  -1.9591695e-03
  -1.4075680e-04  -7.7478618e-04  -3.2323106e-04  -1.8165480e-03
  -4.3311937e-04  -8.7965080e-04  -1.9955006e-04  -1.9854418e-03
  -2.8318985e-04  -9.3582827e-04  -1.5457515e-04  -1.9629227e-03
  -3.5815461e-04  -7.8976684e-04  -3.1948315e-04  -2.0267270e-03
  -1.4825328e-04  -8.0849266e-04  -1.3583561e-04  -2.1693485e-03
  -2.8318985e-04  -7.7478618e-04  -4.5885793e-05  -2.0079610e-03
  -3.5440637e-04  -9.8826058e-04  -2.4452497e-04  -1.9891950e-03
  -1.2576385e-04  -9.4331860e-04  -1.4707934e-04  -1.8615863e-03
  -2.0072861e-04  -7.1111837e-04   8.5291022e-05  -1.8127948e-03
  -2.5695218e-04  -5.9501826e-04  -2.0704588e-04  -1.8841055e-03
  -2.6070042e-04  -8.0100233e-04  -3.7944969e-04  -2.1205569e-03
  -5.4547328e-05  -9.7327992e-04  -2.2203752e-04  -2.1205569e-03
  -1.7449094e-04  -6.8115705e-04  -2.0704588e-04  -1.8015352e-03
  -1.8948390e-04  -6.2123441e-04  -9.0860701e-05  -1.8428204e-03
  -9.5684720e-06  -6.6243123e-04  -8.4067030e-06  -1.7564968e-03
  -1.1826737e-04  -6.8864738e-04  -2.0329797e-04  -1.6326413e-03
  -2.8693808e-04  -5.8752793e-04  -7.9616974e-05  -1.7039521e-03
  -1.4450504e-04  -6.5494090e-04   2.4270320e-04  -1.7039521e-03
  -3.9188875e-04  -9.4331860e-04   2.6519065e-04  -1.6814329e-03
  -6.1678303e-04  -7.9725717e-04   1.5275338e-04  -1.7902756e-03
  -5.4547328e-05  -6.8864738e-04   1.1152638e-04  -1.8503268e-03
  -4.3302614e-05  -8.1598299e-04   1.4525757e-04  -1.6889393e-03
   7.2892764e-05  -7.5980552e-04  -2.7450824e-04  -2.0042078e-03
  -3.2057900e-05  -6.2123441e-04  -3.1198733e-04  -2.0417398e-03
  -3.2816870e-04  -5.6131177e-04  -2.4077706e-04  -1.7377308e-03
  -3.2057900e-05  -5.6880210e-04  -1.0585234e-04  -1.8540799e-03
  -1.5200152e-04  -8.0849266e-04   3.4014883e-04  -1.7527436e-03
  -3.7314756e-04  -9.6578959e-04   2.4270320e-04  -1.8240544e-03
  -2.7194513e-04  -9.3957344e-04   5.0505683e-04  -1.8165480e-03
   2.0417432e-05  -7.7853134e-04   8.1543113e-05  -1.9591695e-03
  -1.1451914e-04  -6.5494090e-04  -4.3192042e-04  -2.1055441e-03
  -1.3326033e-04  -6.2872474e-04  -2.1454170e-04  -1.8165480e-03
   1.4410929e-04  -6.2123441e-04  -3.8319760e-04  -1.9816886e-03
   5.0403336e-05  -8.9837662e-04  -1.1709606e-04  -1.8916119e-03
   2.7913908e-05  -8.2347332e-04  -8.7112792e-05  -1.8953651e-03
  -1.2576385e-04  -7.1111837e-04  -1.4707934e-04  -1.8540799e-03
  -1.2951209e-04  -8.5717981e-04  -4.9633702e-05  -1.6776797e-03
   1.2920956e-05  -7.5980552e-04  -8.3364883e-05  -2.1505825e-03
  -1.9698037e-04  -9.8077025e-04   2.4645111e-04  -2.0117142e-03
  -2.1572156e-04  -9.2833794e-04   1.1152638e-04  -1.9028715e-03
  -1.4075680e-04  -7.1486354e-04  -2.7825615e-04  -2.0980378e-03
  -1.0702266e-04  -9.0586695e-04  -1.6956679e-04  -1.9404035e-03
  -1.3316710e-05  -7.0362804e-04   2.6144274e-04  -2.0229738e-03
  -1.2951209e-04  -7.1860870e-04   1.4080751e-05  -1.9891950e-03
  -1.3326033e-04  -9.2459278e-04  -2.5576870e-04  -2.1956209e-03
   1.6762420e-06  -7.9351200e-04   1.9023247e-04  -2.1505825e-03
  -9.2029708e-05  -8.0100233e-04  -4.6587940e-06  -1.9404035e-03
  -3.5806138e-05  -8.7590563e-04  -7.9616974e-05  -2.2181401e-03
  -1.8948390e-04  -6.7741189e-04   8.9038931e-05  -2.1168037e-03
  -2.8693808e-04  -6.0625375e-04  -8.7112792e-05  -2.0004546e-03
  -1.4450504e-04  -7.7478618e-04   5.9055659e-05  -1.9178843e-03
  -2.8318985e-04  -5.8752793e-04   1.0403057e-04  -2.0792718e-03
   4.6655098e-05  -4.2274067e-04   1.3026593e-04  -2.2218933e-03
  -9.9526184e-05  -6.6617639e-04   8.1543113e-05  -1.9216375e-03
  -2.3071451e-04  -8.2721849e-04  -1.4333143e-04  -1.7715096e-03
  -5.0799090e-05  -6.8115705e-04   4.0316114e-05  -1.7489904e-03
  -2.6819689e-04  -6.6992156e-04   1.0777848e-04  -1.8578331e-03
   1.9658462e-04  -7.9725717e-04  -1.5902521e-05  -1.8127948e-03
   5.4244800e-06  -7.2984420e-04  -4.5885793e-05  -1.8315608e-03
  -2.3821099e-04  -4.6768265e-04  -4.6587940e-06  -1.8465736e-03
   1.3661281e-04  -5.8003760e-04   4.7811932e-05  -1.8052884e-03
  -3.2057900e-05  -6.7741189e-04  -2.8949988e-04  -1.8428204e-03
  -3.5806138e-05  -4.0401484e-04  -4.2817251e-04  -1.9441567e-03
  -6.5792042e-05  -6.6243123e-04  -4.6587940e-06  -1.9479099e-03
  -1.0702266e-04  -6.2497958e-04   2.0897202e-04  -1.6251349e-03
   5.4244800e-06  -5.6131177e-04   1.7898875e-04  -1.6551605e-03
  -3.2057900e-05  -9.9949608e-04   2.8393020e-04  -1.7677564e-03
  -2.8309662e-05  -9.2459278e-04   2.0522411e-04  -1.7489904e-03
  -1.3700856e-04  -8.3096365e-04   5.1559841e-05  -1.8203012e-03
  -2.8318985e-04  -8.7965080e-04   3.2820296e-05  -2.0304802e-03
  -9.5777946e-05  -7.2984420e-04  -1.5457515e-04  -1.8991183e-03
  -2.0719960e-06  -8.3096365e-04  -3.1948315e-04  -1.7377308e-03
   2.4165670e-05  -8.9463146e-04  -2.2578543e-04  -1.8841055e-03
   3.1662146e-05  -5.4258595e-04  -6.4625338e-05  -1.8390672e-03
  -3.7689580e-04  -5.4258595e-04  -6.0877429e-05  -2.0717654e-03
  -4.3686760e-04  -6.3996024e-04  -1.1709606e-04  -1.8841055e-03
  -1.8198742e-04  -6.6992156e-04   5.1559841e-05  -1.7940288e-03
  -1.6699447e-04  -8.0849266e-04   8.5291022e-05  -1.9741823e-03
  -2.7569337e-04  -8.2721849e-04  -3.0074361e-04  -1.6288881e-03
  -2.2321804e-04  -9.0586695e-04  -3.5696224e-04  -1.8465736e-03
  -9.5777946e-05  -9.5829926e-04  -2.1828961e-04  -1.9591695e-03
  -3.3191694e-04  -8.9463146e-04  -2.7450824e-04  -1.7001989e-03
  -2.7569337e-04  -6.8864738e-04  -5.3381611e-05  -1.9366503e-03
  -6.5792042e-05  -7.4857002e-04  -2.7146248e-05  -2.0717654e-03
  -1.9323213e-04  -7.2609903e-04  -1.7331470e-04  -2.0004546e-03
  -9.5777946e-05  -7.6729585e-04  -2.1454170e-04  -2.0680122e-03
  -8.4533232e-05  -9.6204443e-04  -2.4452497e-04  -2.0342334e-03
  -3.6190284e-04  -7.7478618e-04  -2.1828961e-04  -2.0229738e-03
  -2.1197332e-04  -8.3845398e-04  -3.3822270e-04  -2.0755186e-03
  -5.0799090e-05  -8.4219915e-04  -2.4827288e-04  -1.8991183e-03
  -5.0799090e-05  -7.6729585e-04  -2.2203752e-04  -1.9891950e-03
  -1.2201561e-04  -7.8976684e-04  -1.9955006e-04  -2.0942846e-03
  -2.6819689e-04  -7.1486354e-04  -7.5869065e-05  -1.7564968e-03
  -3.2057900e-05  -8.8714113e-04  -1.1334816e-04  -1.8690927e-03
  -1.7064948e-05  -9.1710245e-04   1.5650129e-04  -1.8653395e-03
  -6.9540280e-05  -7.0362804e-04  -3.8389975e-05  -1.7152117e-03
  -7.3288518e-05  -8.9088629e-04  -2.7450824e-04  -1.9967014e-03
  -1.7449094e-04  -9.3582827e-04  -2.6326452e-04  -1.8503268e-03
  -2.0072861e-04  -5.6505694e-04  -4.6190369e-04  -1.7339776e-03
  -1.8948390e-04  -5.4258595e-04  -3.1948315e-04  -1.7940288e-03
   5.4244800e-06  -4.7142781e-04  -2.7825615e-04  -1.8690927e-03
   3.5410384e-05  -4.6768265e-04  -3.5321433e-04  -1.9103779e-03
   1.6669194e-05  -6.9239255e-04  -9.4608610e-05  -1.7752628e-03
  -3.3941342e-04  -7.4482486e-04   2.8393020e-04  -1.8878587e-03
  -3.8064403e-04  -6.0625375e-04   9.6534749e-05  -1.7640032e-03
   3.9158622e-05  -5.6505694e-04   3.2820296e-05  -1.6664201e-03
  -2.3821099e-04  -1.0481832e-03   1.6024920e-04  -1.8353140e-03
  -5.0433589e-04  -1.0219671e-03   1.4080751e-05  -1.9291439e-03
  -3.8814051e-04  -6.9239255e-04   6.2803568e-05  -1.9554163e-03
  -3.9554376e-05  -9.2833794e-04  -2.6326452e-04  -1.5575774e-03
   2.0417432e-05  -8.2721849e-04  -3.1198733e-04  -1.7902756e-03
   9.1727180e-06  -5.5007628e-04  -2.4827288e-04  -2.2293996e-03
   1.7034695e-04  -6.6617639e-04  -6.0807214e-04  -1.8690927e-03
  -1.0327442e-04  -6.6992156e-04  -1.5832306e-04  -1.8203012e-03
  -1.4075680e-04  -6.6617639e-04   1.0777848e-04  -1.7489904e-03
  -8.4533232e-05  -6.5868606e-04  -1.7331470e-04  -1.9516631e-03
  -1.3326033e-04  -6.1374408e-04   4.7811932e-05  -2.0642590e-03
  -1.6699447e-04  -8.1223783e-04   1.1527429e-04  -1.6851861e-03
  -2.4570747e-04  -6.9239255e-04  -9.1088500e-07  -2.0680122e-03
   8.0389240e-05  -6.2872474e-04  -1.2459188e-04  -2.0529994e-03
   3.9158622e-05  -7.8976684e-04  -1.0210443e-04  -1.9141311e-03
  -3.4316165e-04  -7.4482486e-04  -1.4333143e-04  -2.3382424e-03
  -7.3288518e-05  -7.2609903e-04  -2.5951661e-04  -2.1655953e-03
  -5.8295566e-05  -5.6131177e-04   1.0332842e-05  -1.8841055e-03
  -2.8318985e-04  -6.2497958e-04   9.2786840e-05  -1.8503268e-03
   5.0403336e-05  -8.9088629e-04   1.3026593e-04  -1.9103779e-03
   1.6762420e-06  -6.7366672e-04  -1.4707934e-04  -2.0079610e-03
  -2.7944161e-04  -5.8003760e-04  -1.9955006e-04  -1.8803523e-03
  -1.3326033e-04  -7.8227651e-04   5.1559841e-05  -1.9704291e-03
  -9.2029708e-05  -6.7741189e-04  -8.3364883e-05  -2.1243101e-03
  -2.3446275e-04  -6.0999892e-04   1.0332842e-05  -1.9741823e-03
  -1.3316710e-05  -6.7741189e-04  -4.2137884e-05  -1.9479099e-03
  -2.0813186e-05  -7.2235387e-04  -4.9633702e-05  -2.0042078e-03
  -3.6565108e-04  -7.2609903e-04   9.2786840e-05  -2.0605058e-03
   6.1648050e-05  -5.6505694e-04   2.3895529e-04  -1.8953651e-03
   1.7784343e-04  -5.2760529e-04   2.6893856e-04  -1.9704291e-03
  -2.0813186e-05  -6.8864738e-04   9.2786840e-05  -2.0229738e-03
   1.5535400e-04  -7.5980552e-04  -8.4067030e-06  -1.6926925e-03
  -7.3288518e-05  -6.7741189e-04   5.5307750e-05  -1.8803523e-03
  -1.9698037e-04  -6.2872474e-04   1.4900547e-04  -1.9816886e-03
  -4.3302614e-05  -5.6131177e-04  -1.8830634e-04  -1.8503268e-03
   6.1648050e-05  -5.7254727e-04  -1.4707934e-04  -1.7452372e-03
  -1.7064948e-05  -6.4745057e-04   2.9072387e-05  -1.7077053e-03
  -1.4825328e-04  -6.1374408e-04  -4.9633702e-05  -1.7602500e-03
  -2.8309662e-05  -7.4857002e-04  -1.2154612e-05  -1.8390672e-03
  -3.2057900e-05  -6.3996024e-04  -9.8356519e-05  -1.9891950e-03
  -1.2951209e-04  -7.3358936e-04   2.1576569e-05  -1.7752628e-03
   7.6641002e-05  -7.5606035e-04  -7.5869065e-05  -1.6476541e-03
   9.1727180e-06  -4.4521166e-04  -2.7076033e-04  -1.8165480e-03
  -2.0719960e-06  -6.8490222e-04  -3.2697897e-04  -2.0079610e-03
   2.0408109e-04  -5.3884078e-04  -4.0193715e-04  -1.9066247e-03
  -3.9554376e-05  -4.0401484e-04  -3.1198733e-04  -1.7640032e-03
  -1.4825328e-04  -7.2984420e-04  -1.0210443e-04  -1.7489904e-03
  -3.1317575e-04  -7.4482486e-04   1.4900547e-04  -1.8315608e-03
  -3.0567927e-04  -5.9501826e-04   1.7149293e-04  -2.0079610e-03
  -1.6699447e-04  -8.4594431e-04   1.0403057e-04  -1.7827692e-03
  -9.9526184e-05  -9.4331860e-04   5.5307750e-05  -1.9704291e-03
   6.1648050e-05  -6.9613771e-04  -6.8373247e-05  -1.9741823e-03
  -1.0702266e-04  -8.3470882e-04  -2.4077706e-04  -1.7264713e-03
  -6.2043804e-05  -5.5382144e-04  -2.5202079e-04  -2.1168037e-03
  -2.7944161e-04  -6.2123441e-04  -2.7825615e-04  -2.0680122e-03
  -4.5935703e-04  -8.5717981e-04  -2.8949988e-04  -2.0004546e-03
  -1.3316710e-05  -5.2760529e-04  -6.8373247e-05  -1.9216375e-03
  -2.4561424e-05  -8.6841530e-04  -2.4077706e-04  -1.8953651e-03
  -3.2442046e-04  -7.4857002e-04  -1.9955006e-04  -2.0267270e-03
  -5.1183236e-04  -6.0999892e-04  -4.2137884e-05  -1.8803523e-03
  -4.5560879e-04  -1.1081059e-03  -1.6207097e-04  -2.0942846e-03
  -4.3302614e-05  -8.4968948e-04  -1.9650430e-05  -1.9554163e-03
  -1.4825328e-04  -8.8714113e-04  -3.0074361e-04  -1.9178843e-03
  -4.6685351e-04  -9.2084761e-04  -4.1318088e-04  -2.1280633e-03
  -3.0193104e-04  -6.2497958e-04  -1.4333143e-04  -2.0079610e-03
  -2.2696628e-04  -8.2721849e-04  -3.6820597e-04  -2.1318165e-03
  -6.2043804e-05  -8.4594431e-04  -5.2187024e-04  -2.0304802e-03
  -7.7036756e-05  -9.3208311e-04  -3.7944969e-04  -1.9854418e-03
  -3.4316165e-04  -8.3096365e-04  -3.3822270e-04  -1.9066247e-03
  -1.7449094e-04  -6.2497958e-04  -1.1334816e-04  -1.7902756e-03
  -2.1946980e-04  -8.6467014e-04   1.6024920e-04  -1.8916119e-03
  -2.6819689e-04  -8.1223783e-04   1.8648456e-04  -1.7752628e-03
  -2.9443456e-04  -7.9351200e-04   1.4150966e-04  -1.9066247e-03
  -4.8559470e-04  -8.4594431e-04  -3.8389975e-05  -1.7039521e-03
  -2.1946980e-04  -8.1598299e-04   4.0316114e-05  -1.6363945e-03
  -9.5777946e-05  -8.2721849e-04  -2.7146248e-05  -1.9479099e-03
  -6.2043804e-05  -6.0250859e-04  -3.9069342e-04  -1.8803523e-03
   1.4036105e-04  -6.9613771e-04  -3.0823942e-04  -1.8615863e-03
   1.1787162e-04  -6.6992156e-04  -2.8575197e-04  -1.6664201e-03
  -1.6699447e-04  -5.5007628e-04  -2.5951661e-04  -1.7264713e-03
  -2.1197332e-04  -7.7478618e-04   1.0332842e-05  -1.7602500e-03
  -4.1437818e-04  -5.5756661e-04   2.5769484e-04  -1.7452372e-03
  -5.0433589e-04  -6.6243123e-04   2.2771156e-04  -1.8728459e-03
  -2.0822509e-04  -9.1710245e-04  -4.9633702e-05  -1.8991183e-03
  -2.8693808e-04  -6.8115705e-04  -1.3208770e-04  -2.0454930e-03
   4.3647185e-04  -6.1374408e-04  -3.1198733e-04  -1.7902756e-03
   6.1648050e-05  -6.8115705e-04  -4.0943297e-04  -1.8503268e-03
   9.5382192e-05  -6.6617639e-04  -3.6445806e-04  -1.9591695e-03
  -1.6699447e-04  -5.6880210e-04  -1.8830634e-04  -1.7152117e-03
  -3.0567927e-04  -7.4857002e-04   1.1527429e-04  -1.7790160e-03
  -1.2576385e-04  -1.0332026e-03   6.2803568e-05  -1.8841055e-03
  -9.4662797e-04  -1.0144767e-03   6.5849330e-06  -2.0117142e-03
   8.7126746e-04  -7.2235387e-04  -1.5902521e-05  -1.9253907e-03
  -1.6850309e-03  -9.2833794e-04   9.6534749e-05  -1.8841055e-03
   1.2310983e-03  -5.1262463e-04   5.9055659e-05  -2.2932040e-03
  -6.2427950e-04  -6.0999892e-04  -7.5869065e-05  -2.0680122e-03
  -1.4826260e-03  -1.1493027e-03   8.5291022e-05  -1.6851861e-03
   2.2611048e-02   8.2856610e-05   2.9072387e-05  -2.0567526e-03
   3.4777828e-02   2.5022332e-03  -2.8200406e-04  -1.3961899e-03
   1.6422707e-02   4.7343515e-03   2.4764570e-03  -1.2423088e-03
  -1.3165884e-02   8.5436060e-04   1.3948806e-02  -4.7515480e-03
  -1.3042192e-02  -4.0705314e-03   1.8120229e-02  -7.7240801e-03
   7.6031029e-03  -6.4824176e-03   5.5834735e-03  -6.9809471e-03
   6.0250947e-03  -4.7633869e-03  -6.8745760e-03  -5.6448089e-03
  -1.0673306e-02   1.6708066e-03  -1.3047382e-02  -4.7215225e-03
  -1.4211642e-02   3.0640080e-03  -9.8691553e-03  -5.7799240e-03
  -9.4662797e-04   8.5436060e-04  -1.5565977e-02  -5.6973537e-03
  -5.9430292e-03  -3.0443562e-03  -3.7566203e-02  -1.3248792e-03
  -1.5092478e-02  -3.4900308e-03  -4.9761899e-02   1.2535672e-03
  -1.3525715e-02  -1.3065996e-03  -5.2224275e-02   2.2932027e-03
  -1.5804643e-02  -1.2616576e-03  -5.5076434e-02   4.6652232e-03
  -1.4590214e-02  -8.9420980e-05  -5.2407922e-02   5.8925187e-03
  -7.9408401e-03   9.4092105e-05  -3.5662265e-02   3.9483626e-03
  -2.5208879e-03  -1.6698806e-03  -1.1997968e-02   6.1177048e-04
  -9.3464293e-03  -3.9544313e-03   5.9770040e-03  -6.3053773e-04
  -1.1261779e-02  -4.5648932e-03   2.5720989e-02  -2.7060557e-03
   1.1111547e-03  -3.2353596e-03   4.6045899e-02  -6.1252181e-03
   4.0872557e-03  -7.6355068e-04   4.8965520e-02  -5.3483064e-03
   9.1473770e-03   1.5696871e-03   4.8452057e-02  -3.8207552e-03
   1.6329001e-02   3.2887179e-03   4.9062966e-02  -3.6706273e-03
   1.4526098e-02   3.5284084e-03   4.2942630e-02  -2.5484214e-03
   1.2828147e-02   1.4086450e-03   3.0589522e-02  -1.8015409e-04
  -4.6873695e-03  -1.3590319e-03   1.4915767e-02   4.7365340e-03
  -1.0853221e-02  -2.8271366e-03   3.0540800e-02   3.2877999e-03
   9.9644928e-03  -3.3964017e-03   6.1299889e-02  -5.4046043e-03
   1.9784876e-02  -1.7972162e-03   5.0940668e-02  -4.3837347e-03
   1.5571857e-02   1.5135096e-03   2.1988071e-02   3.7794687e-03
   1.3622773e-02   1.2326223e-03   2.8393248e-02   1.4187078e-03
   1.2880622e-02   1.1801900e-03   3.7511910e-02  -5.5697450e-03
  -2.3971961e-03  -2.5753175e-05   2.0908673e-02  -4.5976670e-03
  -1.2509942e-02  -1.7635097e-03  -2.5344974e-03  -2.1017966e-04
  -6.9174779e-04   6.0343454e-04  -1.2515179e-02  -1.3436452e-03
   3.0602384e-03   4.7609893e-04  -1.0206467e-02  -5.5922642e-03
  -1.2701102e-02   3.1880200e-04  -3.3484730e-02  -1.8353140e-03
  -1.8589584e-02  -1.1189197e-04  -4.8746215e-02   1.3549035e-03
  -5.4707512e-03  -2.1342811e-03  -3.7637413e-02  -3.5167462e-03
  -5.4295206e-03  -2.4226588e-03  -3.8686828e-02  -3.5843038e-03
  -1.4931304e-02  -2.9881787e-03  -4.5875317e-02  -6.4555052e-04
  -1.4758885e-02  -2.2279102e-03  -4.1385322e-02  -5.6298018e-04
  -1.4462774e-02  -1.9582583e-03  -2.6644796e-02  -1.6739265e-03
   4.1884581e-03  -1.5275643e-03  -7.2493669e-03  -6.8120532e-03
   1.8851565e-02  -3.0664055e-04  -1.3455904e-02  -6.2265545e-03
  -5.2533534e-03   7.5324114e-04  -4.5819098e-02   3.1376721e-03
  -1.5943328e-02   2.0453231e-03  -3.8225835e-02   2.9575186e-03
  -4.3425316e-03  -5.7254727e-04  -6.5934828e-03  -5.3933447e-03
  -3.7428135e-03  -3.5312276e-03  -7.9164947e-03  -5.0780762e-03
  -9.0690597e-03  -4.5424222e-03  -1.9040289e-02   7.8066434e-04
  -7.1049830e-03  -4.6622674e-03  -5.9675820e-03  -2.6273011e-05
   1.6284115e-03  -2.3028135e-03   1.6842192e-02  -5.1493869e-03
   4.9605951e-03  -2.3922758e-04   1.9057206e-02  -4.5826542e-03
   6.5835822e-03   4.7235377e-04   4.5640423e-03   1.6213805e-03
   1.2554525e-02   1.9895672e-04   1.4173681e-02   9.4580501e-04
   1.1238894e-02  -3.3285671e-04   3.7736785e-02  -5.2206977e-03
  -2.9744247e-03   2.7760519e-04   2.8771787e-02  -3.3966439e-03
  -2.8169987e-03   9.0346940e-05   1.2258499e-02   9.2703903e-04
   1.0320575e-02  -6.4370540e-04   1.0665638e-02   8.1068992e-04
   6.9134271e-03  -1.0814681e-04   1.6212543e-02  -8.1069118e-04
  -2.0223723e-03   3.5999882e-04   2.6234452e-02  -2.8524304e-03
  -2.7345375e-03  -6.5868606e-04   2.9195300e-02  -3.1038946e-03
   4.6494914e-03  -1.6811161e-03   2.9416427e-02  -2.5822002e-03
   1.0687903e-02  -1.3215803e-03   3.1492768e-02  -3.3591119e-03
   7.6143476e-03   1.4277925e-04   2.7148942e-02  -2.5671874e-03
   4.8181621e-03   1.4947838e-03   1.8982248e-02  -1.3586579e-03
   6.4973727e-03   5.9968938e-04   1.2903140e-02  -7.6565282e-04
   6.2687302e-03  -8.3096365e-04   5.2461617e-03  -2.5521803e-04
   3.0153528e-04  -9.3208311e-04  -2.6701242e-04  -1.1147001e-03
  -5.7031420e-03  -9.4706377e-04  -6.8633323e-03  -1.5125390e-03
  -5.4370171e-03  -1.0781445e-03  -1.5371086e-02  -1.7339776e-03
  -2.5058950e-03  -1.2316963e-03  -2.1528900e-02  -1.6964457e-03
  -4.3687693e-03  -1.2803834e-03  -2.6521115e-02  -1.9591695e-03
  -9.6950155e-03  -1.2312747e-04  -2.8173943e-02  -2.1543357e-03
  -1.0624578e-02  -1.9054044e-04  -2.6663536e-02  -2.3157232e-03
  -5.3020805e-03  -1.5762515e-03  -2.2327205e-02  -3.5767974e-03
  -5.5794501e-03  -1.1118510e-03  -2.3155493e-02  -2.2143869e-03
  -8.4543487e-03  -1.3777577e-03  -1.9100255e-02  -1.7227181e-03
  -2.8994600e-03  -1.8908453e-03  -7.7965616e-03  -3.5167462e-03
   3.0902244e-03  -1.1230865e-03  -4.9781340e-03  -3.6030698e-03
   3.7761519e-03  -3.7405352e-04  -1.3009903e-02  -1.7302244e-03
  -1.2165011e-03  -1.4517680e-05  -2.1667573e-02   1.0058562e-03
  -3.4279615e-03  -6.5119573e-04  -1.4527806e-02  -3.3779405e-05
  -2.2772525e-03  -1.6923516e-03  -3.1678940e-03  -3.1639457e-03
  -3.8440159e-03  -1.9282970e-03  -4.4196956e-03  -2.5183958e-03
  -2.3222313e-03  -1.4751320e-03  -7.6166620e-03  -6.0801855e-04
   1.9320188e-03  -1.3852481e-03   6.0999828e-04  -1.7677564e-03
   3.7386695e-03  -5.2386012e-04   1.0182158e-02  -3.7944828e-03
  -2.1946980e-04   1.2405342e-04   1.0823050e-02  -3.1714521e-03
   1.1223994e-03  -4.5644715e-04   1.0594428e-02  -2.1993741e-03
   5.7102427e-03  -7.7104101e-04   1.2910636e-02  -2.8486772e-03
   1.6471527e-03  -8.0849266e-04   1.2693257e-02  -2.7773664e-03
   9.8371460e-04  -4.7891814e-04   1.0257116e-02  -2.2481656e-03
   2.1719060e-03  -3.9277935e-04   5.9282812e-03  -1.1109469e-03
   2.5804640e-03  -8.9463146e-04   4.6090172e-03  -1.9141368e-04
   5.1630000e-03  -1.4077191e-03   1.1958667e-02  -2.1168037e-03
   2.2168849e-03  -1.2728931e-03   1.3581511e-02  -2.4508383e-03
  -9.5412445e-04  -6.9613771e-04   9.1402392e-03  -6.7182289e-04
   2.9178054e-03  -5.2011496e-04   1.0380797e-02  -9.9459784e-04
   8.1166115e-03  -3.0289539e-04   1.4087479e-02  -2.0567526e-03
   5.8039487e-03   1.5026958e-04   1.4585951e-02  -2.7323280e-03
   1.7034695e-04   4.8733443e-04   9.9985103e-03  -2.1543357e-03
  -3.9938522e-04   9.0346940e-05   6.6178964e-03  -1.5613306e-03
   2.1531649e-03  -8.1598299e-04   7.1388558e-03  -3.0663626e-03
   1.2948184e-03  -9.3957344e-04   3.0911140e-03  -3.0963882e-03
  -3.1206060e-03  -5.0513430e-04  -4.7682511e-03  -1.6213817e-03
  -2.2810007e-03  -4.6768265e-04  -8.4524457e-03  -1.3286324e-03
   1.0399382e-03  -6.7741189e-04  -1.0195223e-02  -1.5050326e-03
  -3.1317575e-04  -5.0887946e-04  -1.4595269e-02  -9.1202750e-04
  -2.9744247e-03  -3.9277935e-04  -1.7889681e-02  -2.2894565e-04
  -3.7165759e-03  -5.9501826e-04  -1.4685218e-02  -1.4149559e-03
  -2.7795164e-03  -7.1860870e-04  -1.0768653e-02  -2.6722769e-03
  -3.1131095e-03  -1.0294574e-03  -1.0030315e-02  -2.4433319e-03
  -3.5254157e-03  -1.0369477e-03  -8.7297909e-03  -2.0379866e-03
  -5.7180417e-04  -4.6393748e-04  -4.9968736e-03  -2.8749495e-03
   1.2835736e-03  -3.4034704e-04  -2.8005989e-03  -3.4942270e-03
  -9.2413854e-04  -4.5644715e-04  -6.5747433e-03  -2.0192206e-03
  -2.3859514e-03  -4.1150517e-04  -9.3819271e-03  -1.1522321e-03
  -1.3289482e-03  -1.0144767e-03  -6.7433992e-03  -1.9141311e-03
  -3.6939932e-04  -1.5350547e-03  -4.5621161e-03  -2.3419956e-03
  -8.0794317e-04  -1.4564062e-03  -6.4398185e-03  -1.5763434e-03
  -4.4061584e-04  -1.1343220e-03  -7.3805437e-03  -9.9084464e-04
   1.6471527e-03  -9.1710245e-04  -4.0411568e-03  -1.3436452e-03
   1.6546492e-03  -1.0706542e-03  -3.4946642e-04  -1.9554163e-03
  -6.1303479e-04  -8.1223783e-04   7.4492301e-04  -2.1918677e-03
  -1.6662897e-03  -1.0556735e-03   1.7306231e-03  -1.9141311e-03
  -4.0313346e-04  -1.5200740e-03   5.3660948e-03  -2.6309917e-03
   6.5761789e-04  -1.2991093e-03   7.8996813e-03  -3.2164905e-03
   6.5012142e-04  -1.0481832e-03   7.0151748e-03  -2.6159789e-03
   1.5272091e-03  -4.6393748e-04   5.1037412e-03  -2.0717654e-03
   2.0669554e-03  -3.5158253e-04   3.7807293e-03  -2.1017910e-03
   1.6434045e-03  -7.0737321e-04   3.8969145e-03  -2.1731017e-03
   1.1861194e-03  -7.5231519e-04   3.6607962e-03  -1.5650838e-03
   8.5252627e-04  -1.0332026e-03   1.9779851e-03  -1.5425646e-03
   5.9389785e-04  -8.9088629e-04   6.6246901e-04  -1.2197897e-03
   4.7020599e-04  -7.2235387e-04   1.7980854e-03  -1.0659086e-03
   1.8495576e-03  -9.8077025e-04   5.2836408e-03  -2.4320723e-03
   2.2393743e-03  -3.4409220e-04   5.2686492e-03  -2.4883702e-03
  -8.0784994e-05  -2.9165989e-04   2.1054140e-03  -1.7452372e-03
  -1.0140963e-03  -8.6467014e-04   2.1166577e-03  -1.9741823e-03
  -4.2187465e-04  -6.5119573e-04   3.9044103e-03  -2.4883702e-03
  -5.4181827e-04  -7.4482486e-04   3.7395023e-03  -2.8186516e-03
  -6.5426541e-04  -6.6617639e-04   4.8256938e-04  -2.2519188e-03
   1.7784343e-04  -4.4895682e-04  -2.0847483e-03  -1.4074495e-03
   1.6059221e-03  -4.6768265e-04  -9.7536723e-04  -1.6664201e-03
   1.3997690e-03  -3.2162121e-04  -1.1515189e-03  -2.0267270e-03
  -3.5440637e-04  -5.4633111e-04  -3.5539286e-03  -1.4374751e-03
  -9.9910330e-04  -8.2347332e-04  -4.1985690e-03  -1.2122833e-03
  -1.3064588e-03  -9.3208311e-04  -2.9767506e-03  -1.5725902e-03
  -1.5763320e-03  -9.3957344e-04  -1.4213684e-03  -2.0379866e-03
  -2.6070042e-04  -8.1223783e-04  -1.2751999e-03  -2.2519188e-03
   2.6030466e-04  -5.2760529e-04  -2.7631198e-03  -1.9066247e-03
  -3.4690989e-04  -3.0664055e-04  -3.1753898e-03  -1.9366503e-03
   9.9130430e-05  -4.0776001e-04  -1.9160924e-03  -2.4208127e-03
  -9.2039031e-04  -2.8791473e-04  -2.5532369e-03  -2.6159789e-03
  -2.6370833e-03  -6.8490222e-04  -3.9736944e-03  -2.0004546e-03
  -1.8424569e-03  -1.2654028e-03  -2.7781115e-03  -2.0267270e-03
  -1.8948390e-04  -8.8714113e-04  -1.1140399e-03  -2.5371618e-03
   5.1893309e-04  -6.5494090e-04  -1.6537388e-03  -1.8991183e-03
   4.0648595e-04  -7.3358936e-04  -3.5839119e-03  -1.5350582e-03
   6.3512846e-04  -5.5382144e-04  -3.1828856e-03  -1.5463178e-03
   5.0768837e-04  -7.8976684e-04  -6.4180332e-04  -2.1017910e-03
  -8.1543964e-04  -1.1006155e-03   2.3520738e-04  -2.4545915e-03
  -1.3776753e-03  -1.0144767e-03  -6.9802196e-04  -1.8090416e-03
  -4.0313346e-04  -1.1830092e-03  -4.0193715e-04  -1.9441567e-03
   4.0273771e-04  -8.1972816e-04   9.3231846e-04  -2.3007104e-03
   2.3406700e-04  -5.9127309e-04   1.1909242e-03  -2.3682679e-03
  -5.8202340e-06  -9.4706377e-04   9.8104127e-04  -2.1430761e-03
   9.5382192e-05  -8.1598299e-04   9.5105800e-04  -2.0492462e-03
   2.3031876e-04  -1.0893800e-03   1.7755980e-03  -2.2331528e-03
  -4.3686760e-04  -1.1455575e-03   2.0416995e-03  -2.0379866e-03
  -5.4931474e-04  -9.4331860e-04   1.0185204e-03  -1.9404035e-03
   8.6002274e-04  -9.0212179e-04   5.1630056e-04  -1.6814329e-03
   1.3323007e-03  -6.7741189e-04   4.1135910e-04  -1.8503268e-03
   5.7140842e-04  -8.0849266e-04   4.1135910e-04  -1.9891950e-03
  -3.3941342e-04  -5.9127309e-04   4.3384656e-04  -1.8090416e-03
  -6.8050307e-04  -6.9613771e-04   7.5241882e-04  -2.0192206e-03
  -2.2321804e-04  -9.9575091e-04   1.1272097e-03  -1.9366503e-03
  -2.9818280e-04  -4.8266331e-04   9.6604964e-04  -2.2068805e-03
  -5.5681122e-04  -3.8903418e-04   1.0297641e-03  -2.3607615e-03
  -3.2442046e-04  -1.9428560e-04   8.0488955e-04  -2.0117142e-03
   1.4036105e-04  -2.2050176e-04   4.9381310e-04  -1.9066247e-03
   2.0033286e-04  -8.1972816e-04   4.0011538e-04  -1.7414840e-03
  -3.1317575e-04  -6.0999892e-04   1.2277011e-04  -1.6814329e-03
  -5.4181827e-04  -4.9015364e-04   1.7828660e-05  -1.6213817e-03
  -1.2576385e-04  -6.5494090e-04  -2.3328124e-04  -1.7152117e-03
   8.4502979e-04  -5.4633111e-04  -2.5951661e-04  -1.7414840e-03
   8.0005094e-04  -4.2274067e-04  -3.6445806e-04  -1.3624111e-03
  -1.4075680e-04  -3.8528902e-04   2.5324478e-05  -1.5913562e-03
  -4.5186056e-04  -4.4521166e-04   1.0747390e-03  -1.8916119e-03
  -5.7930065e-04  -5.1636979e-04   1.1984200e-03  -1.9291439e-03
  -7.0299250e-04  -8.7965080e-04   1.2321512e-03  -2.2181401e-03
  -5.8304889e-04  -8.4968948e-04   1.3108573e-03  -2.1092973e-03
  -2.2696628e-04  -5.6880210e-04   1.1234618e-03  -2.0342334e-03
   8.7885716e-05  -5.6880210e-04   7.9739373e-04  -2.0304802e-03
   1.5160576e-04  -4.4895682e-04   4.2260283e-04  -1.6401477e-03
   1.6762420e-06  -7.5231519e-04   5.1255265e-04  -1.6439009e-03
  -2.0072861e-04  -9.0212179e-04   3.3265302e-04  -1.7414840e-03
  -3.2442046e-04  -8.1223783e-04   3.0266974e-04  -1.6926925e-03
  -2.7569337e-04  -9.2833794e-04   1.5650129e-04  -1.7227181e-03
  -4.3302614e-05  -8.9463146e-04  -3.4946642e-04  -1.4900198e-03
  -1.2951209e-04  -1.0219671e-03  -4.6587940e-06  -1.7640032e-03
  -3.5815461e-04  -7.7853134e-04   8.5291022e-05  -1.8203012e-03
  -3.9188875e-04  -9.9949608e-04  -1.4333143e-04  -1.6664201e-03
  -7.2173369e-04  -1.4938579e-03   1.0403057e-04  -2.1618421e-03
  -9.4662797e-04  -9.4331860e-04   2.5769484e-04  -1.8203012e-03
  -9.2039031e-04  -8.1972816e-04   5.1559841e-05  -1.9141311e-03
