  -1.2201561e-04  -7.4107969e-04  -1.1709606e-04  -2.1580889e-03
  -1.6324623e-04  -7.4107969e-04  -1.3208770e-04  -1.9291439e-03
  -2.1572156e-04  -6.4745057e-04  -3.8389975e-05  -1.9854418e-03
  -2.8318985e-04  -6.9988288e-04  -2.2953333e-04  -2.0229738e-03
  -1.4450504e-04  -8.5717981e-04  -2.2953333e-04  -2.1017910e-03
  -1.2951209e-04  -7.2609903e-04  -1.8830634e-04  -2.1393229e-03
  -9.2029708e-05  -9.3208311e-04  -1.6207097e-04  -1.8991183e-03
  -1.1077090e-04  -1.0481832e-03  -2.3702915e-04  -2.2744380e-03
  -2.0813186e-05  -7.2609903e-04  -2.2578543e-04  -2.0605058e-03
  -7.3288518e-05  -8.4219915e-04  -8.3364883e-05  -2.0004546e-03
  -1.2951209e-04  -8.0474750e-04  -1.1334816e-04  -2.1168037e-03
  -8.0784994e-05  -7.3733453e-04  -3.8389975e-05  -2.1318165e-03
  -1.6699447e-04  -8.0849266e-04  -1.4333143e-04  -2.4808638e-03
  -6.5792042e-05  -7.0362804e-04  -1.3583561e-04  -2.0492462e-03
  -2.2321804e-04  -8.7965080e-04  -1.4333143e-04  -2.1693485e-03
  -1.2576385e-04  -6.6243123e-04  -2.4077706e-04  -2.4133063e-03
   2.4165670e-05  -7.4857002e-04  -2.1079379e-04  -2.2143869e-03
  -7.3288518e-05  -9.7702509e-04  -1.7331470e-04  -2.1543357e-03
  -8.4533232e-05  -6.5868606e-04  -7.5869065e-05  -2.0379866e-03
  -1.3326033e-04  -7.4107969e-04  -2.1828961e-04  -2.1693485e-03
  -9.2029708e-05  -5.4633111e-04  -1.5457515e-04  -2.2594252e-03
  -2.1946980e-04  -6.3246991e-04  -7.2121156e-05  -2.3007104e-03
  -1.9698037e-04  -9.0212179e-04  -1.0960025e-04  -2.2556720e-03
  -1.7823918e-04  -6.8115705e-04  -3.0894157e-05  -2.3082168e-03
  -2.0822509e-04  -8.6841530e-04  -3.6820597e-04  -2.0567526e-03
  -5.4547328e-05  -7.9725717e-04  -2.3328124e-04  -1.8615863e-03
   2.7913908e-05  -8.0100233e-04   7.7795204e-05  -2.0417398e-03
   1.2920956e-05  -7.5231519e-04  -2.5951661e-04  -1.9291439e-03
  -9.5684720e-06  -5.3884078e-04  -1.2459188e-04  -2.0004546e-03
  -3.5806138e-05  -8.7590563e-04   1.4080751e-05  -1.8615863e-03
  -8.4533232e-05  -6.5119573e-04  -2.7076033e-04  -1.9141311e-03
   2.7913908e-05  -5.8378276e-04  -9.4608610e-05  -2.1243101e-03
   2.0417432e-05  -7.9351200e-04   1.3401384e-04  -1.9779355e-03
   1.1037514e-04  -6.0625375e-04   1.4900547e-04  -2.0755186e-03
   1.1037514e-04  -7.5606035e-04   4.0316114e-05  -1.9516631e-03
  -7.3288518e-05  -7.1111837e-04  -1.3958352e-04  -1.8765991e-03
  -1.3316710e-05  -6.9988288e-04   1.3401384e-04  -1.9479099e-03
  -5.8295566e-05  -7.4857002e-04  -4.5885793e-05  -1.8353140e-03
  -8.4533232e-05  -6.3246991e-04  -2.0704588e-04  -2.0605058e-03
  -1.1077090e-04  -7.9351200e-04   2.2396365e-04  -2.0304802e-03
  -9.5777946e-05  -6.5868606e-04   8.9038931e-05  -1.7489904e-03
   1.2536810e-04  -5.4258595e-04  -8.7112792e-05  -1.8841055e-03
   4.6655098e-05  -6.0250859e-04  -2.5202079e-04  -1.8953651e-03
  -1.6699447e-04  -7.1486354e-04  -2.4827288e-04  -1.8690927e-03
  -1.2576385e-04  -8.7965080e-04  -2.5951661e-04  -2.0079610e-03
  -1.1451914e-04  -7.3358936e-04  -2.8949988e-04  -2.0642590e-03
  -2.0072861e-04  -7.7104101e-04  -8.7112792e-05  -2.0342334e-03
  -2.3821099e-04  -8.5717981e-04  -3.3447479e-04  -1.8878587e-03
  -1.8198742e-04  -8.6841530e-04  -2.1828961e-04  -1.9967014e-03
  -3.1692399e-04  -7.6729585e-04  -2.8200406e-04  -2.1355697e-03
  -1.5949799e-04  -6.6992156e-04  -4.4691206e-04  -2.0529994e-03
   8.4137478e-05  -7.3733453e-04  -2.1828961e-04  -2.1055441e-03
  -1.7823918e-04  -7.3358936e-04  -3.0449151e-04  -2.1168037e-03
  -2.4561424e-05  -9.6953476e-04  -2.6701242e-04  -2.0004546e-03
   7.2892764e-05  -8.1972816e-04  -2.2953333e-04  -1.8991183e-03
  -1.6699447e-04  -9.3582827e-04  -1.8455843e-04  -2.0492462e-03
  -1.2576385e-04  -1.1118510e-03  -1.3583561e-04  -2.3007104e-03
  -6.5792042e-05  -7.2609903e-04  -3.2323106e-04  -2.2181401e-03
  -2.7194513e-04  -9.3208311e-04  -3.7195388e-04  -2.0192206e-03
  -3.1692399e-04  -1.1006155e-03  -3.1573524e-04  -2.0980378e-03
  -2.8693808e-04  -1.0257122e-03  -3.0449151e-04  -2.0755186e-03
  -3.0942751e-04  -8.8339596e-04  -2.4452497e-04  -1.8165480e-03
  -3.3191694e-04  -9.0212179e-04  -1.4707934e-04  -1.8090416e-03
  -6.0928655e-04  -9.6578959e-04  -1.7331470e-04  -1.8578331e-03
  -4.6685351e-04  -9.8826058e-04  -4.7314742e-04  -2.0379866e-03
  -3.7314756e-04  -1.0444381e-03  -3.9818924e-04  -2.0867782e-03
  -2.2696628e-04  -7.2235387e-04  -1.0960025e-04  -2.0229738e-03
  -1.1077090e-04  -9.7327992e-04  -1.8455843e-04  -2.2106337e-03
  -3.1692399e-04  -1.1680285e-03  -4.2137884e-05  -2.0379866e-03
  -1.7823918e-04  -8.9837662e-04  -2.1079379e-04  -1.9967014e-03
  -3.0942751e-04  -9.2459278e-04  -4.6190369e-04  -2.0154674e-03
  -4.7050852e-05  -7.8602167e-04  -1.3958352e-04  -1.8916119e-03
   1.0287867e-04  -7.4107969e-04  -2.1828961e-04  -2.0004546e-03
  -1.6699447e-04  -7.2235387e-04  -2.5951661e-04  -1.8690927e-03
  -9.5684720e-06  -6.4745057e-04   4.7811932e-05  -1.8428204e-03
  -3.2067223e-04  -6.9988288e-04  -7.5869065e-05  -1.8690927e-03
  -4.5186056e-04  -6.2497958e-04  -7.5869065e-05  -1.8503268e-03
  -2.0447685e-04  -7.9725717e-04   1.1902220e-04  -1.9066247e-03
  -1.3326033e-04  -9.5455410e-04  -1.4333143e-04  -2.0004546e-03
  -1.6324623e-04  -9.1710245e-04  -3.1573524e-04  -2.3870339e-03
  -1.5574975e-04  -7.8976684e-04  -9.0860701e-05  -2.0492462e-03
   1.8533990e-04  -7.3358936e-04  -1.2084397e-04  -1.7189649e-03
  -8.4533232e-05  -8.0100233e-04  -1.8830634e-04  -1.8991183e-03
  -4.2187465e-04  -7.1486354e-04  -1.5902521e-05  -1.7302244e-03
  -2.3446275e-04  -8.6841530e-04  -8.4067030e-06  -1.9666759e-03
  -3.5815461e-04  -9.8077025e-04  -5.7129520e-05  -2.1543357e-03
  -1.3316710e-05  -1.0144767e-03  -1.3958352e-04  -2.2894508e-03
  -9.5684720e-06  -1.0219671e-03  -1.6581888e-04  -2.3157232e-03
  -3.4316165e-04  -8.0849266e-04  -2.5951661e-04  -2.1092973e-03
  -9.9526184e-05  -6.3246991e-04  -2.4452497e-04  -2.2519188e-03
  -1.6699447e-04  -7.0737321e-04  -1.3958352e-04  -2.0567526e-03
   1.2536810e-04  -8.0474750e-04  -3.4197060e-04  -1.9328971e-03
   9.9130430e-05  -7.1860870e-04  -1.7706261e-04  -2.1505825e-03
  -2.5695218e-04  -8.0100233e-04  -6.8373247e-05  -2.1768549e-03
  -1.1077090e-04  -7.8976684e-04  -2.1079379e-04  -1.9554163e-03
  -1.2201561e-04  -8.7965080e-04  -1.4707934e-04  -1.9704291e-03
  -9.9526184e-05  -9.3208311e-04  -2.5202079e-04  -2.1618421e-03
  -1.4450504e-04  -7.4482486e-04  -1.8081052e-04  -2.1543357e-03
   5.4244800e-06  -8.1972816e-04  -3.8389975e-05  -2.2406592e-03
   9.1727180e-06  -7.7853134e-04  -1.3958352e-04  -2.1168037e-03
  -1.6699447e-04  -7.2235387e-04  -1.5832306e-04  -2.0267270e-03
   7.2892764e-05  -9.0212179e-04  -2.1454170e-04  -2.1655953e-03
  -2.4561424e-05  -8.7965080e-04  -1.5457515e-04  -2.0942846e-03
  -3.0193104e-04  -7.1486354e-04  -2.2203752e-04  -2.0755186e-03
  -1.3316710e-05  -5.5756661e-04  -2.0704588e-04  -2.0267270e-03
   5.0403336e-05  -7.2609903e-04  -1.7706261e-04  -2.0717654e-03
  -2.2696628e-04  -1.0144767e-03  -4.3192042e-04  -2.1881145e-03
  -8.4533232e-05  -8.4968948e-04   1.3401384e-04  -1.9103779e-03
  -2.8309662e-05  -9.1335728e-04   1.3401384e-04  -1.9441567e-03
   2.7913908e-05  -6.8490222e-04  -2.5576870e-04  -1.8203012e-03
   1.2536810e-04  -3.8154385e-04   1.5275338e-04  -1.7452372e-03
  -1.7064948e-05  -7.4107969e-04   9.6534749e-05  -1.9704291e-03
  -4.3302614e-05  -5.3135045e-04  -3.8389975e-05  -1.6851861e-03
  -5.8202340e-06  -4.3397616e-04  -1.2459188e-04  -2.0792718e-03
   1.8533990e-04  -6.9988288e-04  -1.6207097e-04  -1.9666759e-03
   9.1633954e-05  -5.7254727e-04  -1.3958352e-04  -1.8540799e-03
  -1.9698037e-04  -5.8378276e-04  -1.7331470e-04  -2.2369060e-03
   7.2892764e-05  -5.7629243e-04  -4.5885793e-05  -1.6101221e-03
   1.8159167e-04  -6.0625375e-04  -6.8373247e-05  -1.9479099e-03
   1.2920956e-05  -8.8339596e-04   5.9055659e-05  -2.0867782e-03
   9.1727180e-06  -8.9463146e-04  -2.3398339e-05  -1.9366503e-03
  -1.7064948e-05  -7.0737321e-04  -3.9069342e-04  -2.3344892e-03
  -5.0799090e-05  -6.8490222e-04  -1.8455843e-04  -1.8540799e-03
  -2.0719960e-06  -7.8976684e-04   3.2820296e-05  -1.7339776e-03
   3.9158622e-05  -7.6729585e-04  -1.2833979e-04  -2.0417398e-03
   9.1633954e-05  -7.9725717e-04  -1.4707934e-04  -2.0830250e-03
   1.7034695e-04  -8.0474750e-04  -4.9633702e-05  -2.1168037e-03
  -1.4450504e-04  -6.9988288e-04  -2.3328124e-04  -2.1430761e-03
  -3.1692399e-04  -7.3733453e-04  -2.2203752e-04  -2.1055441e-03
  -1.1826737e-04  -7.4857002e-04   1.4150966e-04  -2.0567526e-03
  -5.0799090e-05  -9.1335728e-04  -1.5832306e-04  -2.0417398e-03
  -5.8295566e-05  -9.9200575e-04  -3.4571851e-04  -2.0004546e-03
  -1.6699447e-04  -6.6992156e-04  -4.2137884e-05  -2.0192206e-03
  -2.4195923e-04  -6.6243123e-04  -2.2578543e-04  -2.1618421e-03
  -3.3191694e-04  -9.4331860e-04  -3.6071015e-04  -2.0417398e-03
  -1.5949799e-04  -7.1860870e-04  -2.0329797e-04  -1.9028715e-03
   2.4165670e-05  -8.3096365e-04  -1.6207097e-04  -2.1280633e-03
  -1.7074271e-04  -1.0144767e-03  -1.1334816e-04  -2.0192206e-03
  -1.6324623e-04  -7.4482486e-04  -5.3381611e-05  -2.0117142e-03
  -1.5200152e-04  -9.1710245e-04  -3.1198733e-04  -2.0905314e-03
  -2.4570747e-04  -9.5455410e-04  -4.9188696e-04  -2.2181401e-03
  -1.5949799e-04  -1.0893800e-03  -2.6701242e-04  -2.2744380e-03
  -1.4450504e-04  -9.5829926e-04  -9.0860701e-05  -1.9891950e-03
  -3.2442046e-04  -5.7254727e-04  -1.9580215e-04  -2.1843613e-03
  -2.4195923e-04  -9.9949608e-04  -2.2953333e-04  -2.0717654e-03
  -8.8281470e-05  -1.0519284e-03  -5.3381611e-05  -2.0004546e-03
  -3.4316165e-04  -8.1972816e-04  -2.9324779e-04  -2.2519188e-03
  -2.0447685e-04  -9.1335728e-04  -3.9818924e-04  -2.2406592e-03
  -9.9526184e-05  -9.3582827e-04  -1.3583561e-04  -2.1993741e-03
  -3.0942751e-04  -1.0069864e-03  -1.5832306e-04  -2.0867782e-03
  -9.2029708e-05  -9.2084761e-04  -2.5951661e-04  -1.8653395e-03
  -1.5200152e-04  -7.9351200e-04  -2.7450824e-04  -1.7902756e-03
  -1.8198742e-04  -9.2833794e-04  -1.1709606e-04  -1.8578331e-03
   8.0389240e-05  -8.3470882e-04  -9.1088500e-07  -1.7377308e-03
  -1.1077090e-04  -8.2721849e-04  -1.8830634e-04  -1.8503268e-03
  -3.6939932e-04  -9.0961212e-04  -2.6701242e-04  -1.8165480e-03
  -2.3821099e-04  -6.5119573e-04   1.7828660e-05  -1.8728459e-03
   1.5160576e-04  -8.4219915e-04  -1.9955006e-04  -2.0755186e-03
   1.2920956e-05  -8.2721849e-04  -5.1812233e-04  -2.0567526e-03
  -2.1946980e-04  -5.6880210e-04  -2.4827288e-04  -2.0192206e-03
   6.1648050e-05  -7.9351200e-04  -1.6581888e-04  -1.8540799e-03
  -2.4195923e-04  -7.7104101e-04  -1.2833979e-04  -1.9366503e-03
  -3.4690989e-04  -7.5980552e-04  -7.5869065e-05  -1.9404035e-03
  -1.2201561e-04  -9.2833794e-04  -2.6326452e-04  -1.9479099e-03
  -2.2321804e-04  -7.5231519e-04  -2.5951661e-04  -2.1731017e-03
  -3.2057900e-05  -7.2609903e-04  -1.4707934e-04  -2.2444124e-03
  -9.2029708e-05  -9.2833794e-04  -6.8373247e-05  -2.1017910e-03
  -6.2043804e-05  -7.3733453e-04  -1.8081052e-04  -1.9967014e-03
  -1.3326033e-04  -7.7104101e-04  -2.2578543e-04  -1.8615863e-03
  -2.0072861e-04  -9.8826058e-04   7.0299386e-05  -1.8015352e-03
   5.4151574e-05  -7.0362804e-04  -2.3398339e-05  -2.0567526e-03
  -2.1946980e-04  -7.2235387e-04  -4.9633702e-05  -2.0567526e-03
  -2.1572156e-04  -9.7327992e-04   1.6774502e-04  -1.9704291e-03
  -1.5200152e-04  -8.5343464e-04   1.8273666e-04  -2.1092973e-03
  -2.1572156e-04  -7.4857002e-04  -2.7825615e-04  -2.1205569e-03
   8.7885716e-05  -6.4745057e-04  -6.6803869e-04  -2.1843613e-03
   9.1727180e-06  -7.4857002e-04  -4.6587940e-06  -2.3307360e-03
  -1.6699447e-04  -9.4706377e-04  -2.9699570e-04  -2.1280633e-03
  -8.4533232e-05  -7.4107969e-04  -7.9171968e-04  -2.2256465e-03
  -2.1197332e-04  -6.8864738e-04  -5.0687860e-04  -2.3382424e-03
  -1.2951209e-04  -8.6467014e-04  -6.3805542e-04  -2.1130505e-03
  -1.2576385e-04  -9.4706377e-04  -6.8373247e-05  -2.4208127e-03
  -3.7314756e-04  -7.9351200e-04  -3.1198733e-04  -2.1768549e-03
  -1.0327442e-04  -6.9988288e-04  -3.3072688e-04  -1.9066247e-03
   9.1633954e-05  -9.4706377e-04   1.0332842e-05  -2.2369060e-03
  -8.8281470e-05  -8.4968948e-04  -1.5457515e-04  -2.2819444e-03
  -1.7064948e-05  -8.1972816e-04   1.6399711e-04  -2.2106337e-03
  -1.4075680e-04  -8.9837662e-04   5.5307750e-05  -1.8765991e-03
  -2.3071451e-04  -7.8602167e-04   2.4270320e-04  -2.1768549e-03
  -6.9540280e-05  -7.8976684e-04  -3.6071015e-04  -2.2444124e-03
   1.7034695e-04  -5.9127309e-04   1.7149293e-04  -1.8878587e-03
   3.8024828e-04  -4.4146649e-04   2.1271993e-04  -1.7339776e-03
  -1.5200152e-04  -5.7254727e-04  -2.7931031e-03  -1.8353140e-03
   2.8279409e-04  -5.8752793e-04   4.5296317e-02  -1.8615863e-03
   7.8130975e-04  -5.4633111e-04   1.2889343e-01   1.2385544e-03
   4.3646253e-03  -6.9239255e-04   1.0409726e-01   5.4083562e-03
   7.5693688e-03  -1.8262845e-05   8.5068425e-03   6.5343153e-03
   8.6751922e-04   8.5810576e-04  -1.0015324e-02   4.3311887e-03
   1.3772796e-03   7.4575081e-04   1.2014885e-02  -1.9366503e-03
   3.1089655e-03   1.5026958e-04  -5.5383762e-02  -7.2436708e-03
  -9.0765562e-03  -3.4409220e-04  -1.6785102e-01  -6.0313882e-03
  -1.1089360e-02  -3.1787605e-04  -1.8110362e-01  -7.1273217e-03
  -7.2961431e-03  -1.3702674e-03  -1.4190049e-01  -9.6907553e-03
  -6.0667211e-03  -2.6511138e-03  -1.1162863e-01  -6.8983767e-03
   5.4291249e-03  -2.5574847e-03  -6.7182180e-02  -7.4088115e-03
   1.3978856e-02  -2.3852071e-03  -2.0569435e-02  -9.5781594e-03
   5.7364804e-03  -1.1268317e-03   1.4417295e-02  -6.8045468e-03
   3.3152119e-04   1.2405342e-04   4.1136138e-02  -2.6760301e-03
   8.1166115e-03  -9.7327992e-04   6.9492818e-02  -5.4796739e-04
   1.0249452e-03  -1.4751320e-03   8.4192117e-02   2.5484201e-03
  -1.0976913e-02  -6.2497958e-04   7.8405345e-02   7.2549292e-03
  -2.7495304e-03  -7.2235387e-04   6.6367062e-02   6.8383243e-03
   1.7146210e-03  -7.0362804e-04   3.6335067e-02   4.6164317e-03
  -5.5569607e-03  -7.8185485e-05  -5.1767732e-03   3.8170007e-03
  -7.0337665e-03  -1.4517680e-05  -2.9418249e-02  -2.0792718e-03
  -2.8882153e-03  -9.4706377e-04  -4.1846315e-02  -8.4634599e-03
  -3.5440637e-04  -2.1043197e-03  -4.6257604e-02  -9.0864906e-03
   4.5895196e-03  -2.2878328e-03  -3.3057468e-02  -8.8162604e-03
   1.1085216e-02  -2.1904585e-03  -1.3553350e-02  -8.7937412e-03
   7.2919992e-03  -1.3927384e-03  -3.1753898e-03  -6.0088690e-03
  -3.1692399e-04  -4.0733835e-05   3.5071319e-03  -2.3344892e-03
  -2.6483280e-03  -3.6281803e-04   1.0639403e-02  -1.4262212e-04
  -7.3711079e-03  -1.2953641e-03   1.4394808e-02   1.8090403e-03
  -1.2041412e-02  -1.2354415e-03   1.7228227e-02   3.0888805e-03
  -8.2481956e-03  -1.3140899e-03   1.8064010e-02   2.4958754e-03
  -1.5725837e-03  -1.3365609e-03   1.5953938e-02   1.0396349e-03
  -2.7569337e-04  -1.3436296e-04   1.3648974e-02  -7.1310806e-04
   5.1143661e-04   9.2926390e-04   1.5620374e-02  -3.4604483e-03
   2.4042968e-03   5.6972806e-04   1.6789721e-02  -5.9187923e-03
   3.5774953e-03  -7.5606035e-04   1.0388293e-02  -5.4871746e-03
   4.4958136e-03  -2.3627361e-03   5.2461617e-03  -4.4100071e-03
   1.0287867e-04  -2.6923107e-03   4.9350853e-03  -4.2298537e-03
  -5.3658006e-03  -1.5650160e-03   2.4352300e-03  -3.0438434e-03
  -5.3545559e-03  -5.0887946e-04  -2.2683958e-03  -1.6739265e-03
  -1.7074271e-04   2.6679135e-05  -4.1685857e-03  -7.0560167e-04
   3.5025305e-03  -2.5753175e-05  -7.8040574e-03   3.3403390e-04
  -3.6940864e-03   1.8397606e-04  -1.1248386e-02   1.2760863e-03
  -1.1891483e-02   4.5737311e-04  -4.7944865e-03   8.0318353e-04
  -4.7885719e-03  -6.0999892e-04   1.0620663e-02  -2.1693485e-03
   5.3916425e-03  -1.3477964e-03   1.7168260e-02  -3.5017334e-03
   4.8781339e-03  -7.9351200e-04   8.4131448e-03  -1.3736707e-03
   3.3488528e-03  -3.5532770e-04   9.4025928e-03  -1.1222065e-03
   5.4141319e-03  -6.4745057e-04   2.2272912e-02  -4.1698025e-03
   5.0243152e-03  -1.4152094e-03   2.4278044e-02  -5.0593102e-03
   4.1398242e-04  -2.0181810e-03   1.2048617e-02  -2.0567526e-03
  -1.2352423e-03  -1.7335484e-03   4.6165130e-03   9.7582490e-05
   1.4335032e-03  -9.2084761e-04   6.5766694e-03  -1.0171170e-03
  -8.9040440e-04  -3.3243505e-05   1.2958656e-03  -8.5197635e-04
  -4.7623343e-03   8.0941862e-04  -1.0644972e-02   2.0079598e-03
  -4.4811232e-04  -4.8224165e-05  -1.0678704e-02   7.8066434e-04
   2.1606613e-03  -1.4638965e-03  -4.6970409e-03  -2.2256465e-03
  -3.1618366e-03  -1.4901127e-03  -8.2987814e-03  -2.2556720e-03
  -3.4616957e-03  -1.5088385e-03  -1.1143444e-02  -2.8111452e-03
   4.3758700e-03  -1.4226997e-03  -9.8129366e-03  -4.1135045e-03
   7.5843617e-03  -1.2092253e-03  -1.0603745e-02  -4.8040928e-03
   3.1651891e-03  -1.1493027e-03  -1.3699518e-02  -4.0759726e-03
  -2.4159373e-03  -5.3884078e-04  -1.4539050e-02  -2.8449240e-03
  -4.8785296e-03  -5.3884078e-04  -1.1574454e-02  -2.4696043e-03
   1.7221175e-03  -7.1860870e-04  -7.4480061e-03  -2.6497577e-03
   3.5625023e-03   1.6150507e-04  -1.3313484e-02  -1.1897641e-03
  -4.8597884e-03   1.0715802e-03  -2.3848856e-02   1.7452360e-03
  -2.8582294e-03   1.0079124e-03  -1.5378582e-02   5.2544126e-05
   1.8757952e-03  -5.3509562e-04  -4.9331591e-03  -3.5054866e-03
  -4.9909768e-03  -1.6137031e-03  -1.1881782e-02  -2.2106337e-03
  -8.4281110e-03  -1.1830092e-03  -1.5284884e-02  -6.9809527e-04
   1.8270681e-03  -1.4039739e-03  -1.2114855e-03  -4.3799815e-03
   9.0161886e-03  -1.4414255e-03   7.0301664e-03  -7.0860366e-03
   2.3293320e-03  -1.7930494e-04  -2.0285297e-03  -4.0834790e-03
   2.1157757e-04   5.6640455e-05  -2.8118426e-03  -2.3870339e-03
   5.6802568e-03  -1.1193414e-03   7.2587888e-03  -4.0046618e-03
  -1.7074271e-04  -1.7897259e-03   6.7003504e-03  -3.1451797e-03
  -9.6612813e-03  -1.3477964e-03  -7.2121156e-05   2.8899554e-04
  -5.6581631e-03  -8.4219915e-04   2.2290950e-03   9.3079222e-04
   3.3263633e-03  -6.6617639e-04   7.7535128e-03  -5.8549936e-04
   2.7641276e-03   1.0158243e-04   6.7378295e-03  -1.0133695e-04
  -9.4287973e-04   6.0717971e-04   5.3848343e-03   2.1393160e-04
   4.6270952e-04  -2.4297275e-04   9.5450133e-03  -1.2573216e-03
   1.9695012e-03  -1.5687612e-03   1.2239760e-02  -2.7623536e-03
  -2.3446275e-04  -2.1530069e-03   8.7429608e-03  -2.5972130e-03
  -4.5749224e-03  -1.7447839e-03   5.4073218e-03  -1.3699175e-03
   8.7876393e-04  -1.4114642e-03   1.2168550e-02  -2.9912986e-03
   9.5784243e-03  -1.1155962e-03   1.7906598e-02  -4.8829099e-03
   4.4320936e-03  -1.3061780e-04   6.4717280e-03  -1.9967014e-03
  -2.4309302e-03   3.5625365e-04  -1.2639562e-03   5.3670654e-04
  -1.1790187e-03  -5.5382144e-04   7.9746395e-03  -1.2798408e-03
  -3.4690989e-04  -1.7185678e-03   1.1467691e-02  -2.3532552e-03
  -5.0921792e-03  -1.7710001e-03   1.2396470e-03   2.2143799e-04
  -5.4744995e-03  -1.0032412e-03  -4.0823838e-03   1.5800953e-03
   2.7041558e-03  -5.9501826e-04   3.2560220e-03  -1.0508958e-03
   4.6794773e-03  -2.9165989e-04   6.0257268e-03  -2.7586004e-03
  -1.3177035e-03   1.9188805e-05  -1.2714520e-03  -1.6589137e-03
  -1.4638848e-03  -2.8042440e-04  -1.3801414e-03  -1.9404035e-03
   3.4163211e-03  -1.1193414e-03   4.0393350e-03  -4.1735557e-03
   2.1681578e-03  -1.2242060e-03   6.4747737e-04  -4.1472833e-03
  -1.7524991e-03  -4.3772133e-04  -6.7021722e-03  -2.1280633e-03
   1.6669194e-05  -3.6281803e-04  -7.5566954e-03  -2.0229738e-03
   1.5984256e-03  -6.2872474e-04  -6.2599189e-03  -2.7473408e-03
  -2.7607752e-03  -5.6505694e-04  -9.5955579e-03  -1.5313050e-03
  -5.1371581e-03  -5.1262463e-04  -1.1255882e-02  -3.9408632e-04
  -1.4751295e-03  -5.2760529e-04  -8.1788483e-03  -1.2235429e-03
   1.4634891e-03  -4.7891814e-04  -5.4091436e-03  -2.0492462e-03
   1.0324417e-03  -1.3436296e-04  -4.6820492e-03  -2.0154674e-03
   2.2657052e-04  -1.0814681e-04  -4.0711401e-03  -2.3269828e-03
   9.7246988e-04  -7.7478618e-04  -1.1102919e-03  -3.0963882e-03
   1.4409996e-03  -1.1455575e-03   1.2546386e-03  -3.3628651e-03
   6.8010732e-04  -1.0107316e-03  -3.3447479e-04  -2.9875454e-03
   5.2642956e-04  -9.2833794e-04  -1.8186467e-03  -2.4170595e-03
   6.8010732e-04  -8.8714113e-04  -1.1102919e-03  -2.3382424e-03
  -6.2043804e-05  -1.0781445e-03  -6.9052614e-04  -2.3269828e-03
  -1.1377881e-03  -9.4331860e-04  -1.5975201e-03  -1.9854418e-03
  -1.3626824e-03  -8.7216047e-04  -2.8680613e-03  -1.5913562e-03
  -4.3302614e-05  -1.2841286e-03  -1.8673696e-03  -1.2835940e-03
   5.0768837e-04  -9.0212179e-04  -3.7195388e-04  -1.7039521e-03
  -6.8050307e-04  -9.6953476e-04  -5.8558469e-04  -1.7114585e-03
  -2.9818280e-04  -1.2054801e-03   5.9055659e-05  -1.7564968e-03
   1.0286935e-03  -7.8976684e-04   1.5844546e-03  -2.3082168e-03
   1.2573360e-03  -1.2354415e-03   2.0941702e-03  -2.4245659e-03
   7.3633089e-04  -1.0594187e-03   1.8842873e-03  -2.4133063e-03
   2.7154938e-04  -6.6617639e-04   1.5769588e-03  -2.0267270e-03
   4.2897537e-04  -1.0032412e-03   1.1347055e-03  -2.1280633e-03
   1.9658462e-04  -8.6092497e-04   4.1135910e-04  -2.0942846e-03
  -7.4047488e-04  -8.7216047e-04  -8.1045923e-04  -1.3511516e-03
  -1.1602775e-03  -6.5119573e-04  -1.1252836e-03  -1.4412283e-03
  -8.8665616e-04  -5.4633111e-04  -6.6429078e-04  -1.5012794e-03
  -8.6791497e-04  -9.0212179e-04  -6.2306378e-04  -1.4487347e-03
  -6.0928655e-04  -8.0849266e-04  -3.7944969e-04  -1.8803523e-03
  -1.3326033e-04  -6.8864738e-04   2.5394693e-04  -1.7677564e-03
   1.8159167e-04  -7.4107969e-04   1.0972265e-03  -2.2519188e-03
   6.3512846e-04  -6.9613771e-04   1.2096637e-03  -2.6797833e-03
   2.0782933e-04  -4.1899550e-04   8.9858727e-04  -2.0717654e-03
  -3.6939932e-04  -5.8752793e-04   5.3504010e-04  -2.4057999e-03
  -2.8693808e-04  -8.0100233e-04   3.8512374e-04  -2.5484214e-03
  -5.8304889e-04  -6.0625375e-04   5.3129219e-04  -2.1881145e-03
  -7.1423722e-04  -5.5382144e-04  -3.8694551e-04  -2.1843613e-03
  -3.4316165e-04  -7.3733453e-04  -8.4044250e-04  -1.9028715e-03
  -3.8064403e-04  -7.8976684e-04  -6.9802196e-04  -1.7414840e-03
  -6.7300660e-04  -4.7891814e-04  -6.1556796e-04  -1.6363945e-03
  -5.0808413e-04  -6.3621507e-04  -1.1709606e-04  -1.7414840e-03
  -2.3446275e-04  -6.8490222e-04   2.7643438e-04  -2.0117142e-03
   1.6669194e-05  -6.2872474e-04   9.3981427e-04  -2.0079610e-03
   2.1532581e-04  -8.5343464e-04   1.4270424e-03  -2.0830250e-03
   4.7770247e-04  -7.5606035e-04   1.6631607e-03  -2.4658511e-03
   8.3003684e-04  -7.9725717e-04   1.4832611e-03  -2.5033830e-03
   3.8024828e-04  -8.3096365e-04   7.8615000e-04  -2.3157232e-03
  -4.3302614e-05  -7.7478618e-04   3.0266974e-04  -2.2669316e-03
  -2.9068632e-04  -8.1598299e-04   2.3145947e-04  -1.8390672e-03
  -5.0058765e-04  -9.3957344e-04   4.7811932e-05  -1.7189649e-03
  -2.0822509e-04  -9.3957344e-04  -4.1692878e-04  -1.9103779e-03
  -1.2201561e-04  -8.5717981e-04  -4.3192042e-04  -1.8465736e-03
  -1.9323213e-04  -1.0743994e-03  -3.4946642e-04  -1.9516631e-03
  -2.5695218e-04  -1.0968704e-03  -2.2578543e-04  -2.1243101e-03
  -1.2201561e-04  -1.0257122e-03  -1.8455843e-04  -2.2031273e-03
   3.0903176e-04  -9.4706377e-04  -1.4707934e-04  -2.2631784e-03
   5.7890489e-04  -8.0474750e-04  -1.5832306e-04  -2.3194764e-03
   3.0153528e-04  -8.5717981e-04  -5.9682842e-04  -2.1993741e-03
  -2.1197332e-04  -8.4594431e-04  -9.8286304e-04  -2.0792718e-03
  -3.5065813e-04  -8.0849266e-04  -1.4026289e-03  -2.0792718e-03
  -3.9938522e-04  -6.2497958e-04  -1.8448821e-03  -1.8803523e-03
  -6.4302069e-04  -5.8378276e-04  -1.9048487e-03  -1.6889393e-03
  -4.7434998e-04  -8.1223783e-04  -1.4738391e-03  -1.8878587e-03
  -5.8295566e-05  -7.2984420e-04  -1.4588475e-03  -2.1580889e-03
  -4.3686760e-04  -5.3135045e-04  -2.0697567e-03  -1.8465736e-03
  -6.9924426e-04  -5.6131177e-04  -2.2496563e-03  -1.6851861e-03
  -5.3432179e-04  -4.7517298e-04  -1.6162597e-03  -2.1543357e-03
  -3.5065813e-04  -5.2760529e-04  -1.1215357e-03  -2.3157232e-03
  -3.8439227e-04  -7.4107969e-04  -2.0022943e-03  -2.1768549e-03
  -5.4931474e-04  -7.8602167e-04  -2.3246145e-03  -2.0567526e-03
   3.5410384e-05  -8.3470882e-04  -1.3988809e-03  -2.0004546e-03
  -6.5792042e-05  -6.3996024e-04  -1.1477710e-03  -2.0717654e-03
  -6.6551012e-04  -7.3358936e-04  -1.3801414e-03  -1.9028715e-03
  -5.9054536e-04  -7.1860870e-04  -1.3801414e-03  -1.9891950e-03
  -6.4302069e-04  -6.9239255e-04  -6.1931587e-04  -2.2932040e-03
  -5.4181827e-04  -8.6467014e-04  -4.6565160e-04  -2.1543357e-03
  -3.8439227e-04  -5.8378276e-04  -8.7417368e-04  -1.9366503e-03
  -2.2321804e-04  -6.5119573e-04  -4.0193715e-04  -1.9741823e-03
  -1.3316710e-05  -6.5494090e-04   2.4645111e-04  -2.1243101e-03
  -4.6685351e-04  -6.8864738e-04   6.9994810e-04  -1.8991183e-03
  -6.3552422e-04  -7.3733453e-04   5.6877128e-04  -1.7189649e-03
  -3.2442046e-04  -9.4331860e-04   9.3231846e-04  -1.9441567e-03
  -2.1197332e-04  -1.1830092e-03   1.0972265e-03  -2.0304802e-03
  -3.2067223e-04  -9.8077025e-04   8.9858727e-04  -1.9028715e-03
  -4.1437818e-04  -1.1418123e-03   1.3858154e-03  -1.8540799e-03
  -2.9443456e-04  -8.3096365e-04   1.5469755e-03  -1.9741823e-03
  -3.1317575e-04  -9.0961212e-04   1.7905896e-03  -1.9253907e-03
  -1.7823918e-04  -1.0444381e-03   1.6144379e-03  -1.7940288e-03
  -4.7434998e-04  -7.1111837e-04   1.5619672e-03  -1.9291439e-03
  -4.5186056e-04  -1.1418123e-03   1.7980854e-03  -1.9741823e-03
   1.2911633e-04  -8.2347332e-04   1.5769588e-03  -2.0079610e-03
  -2.3821099e-04  -6.1374408e-04   1.4345383e-03  -2.0830250e-03
  -3.3566518e-04  -9.0586695e-04   1.1234618e-03  -1.9891950e-03
  -4.7060175e-04  -7.2984420e-04   9.0983100e-04  -1.9816886e-03
  -6.6551012e-04  -9.0212179e-04   7.8989791e-04  -2.0304802e-03
  -1.1826737e-04  -9.5080893e-04   1.0410078e-03  -2.0867782e-03
  -1.3326033e-04  -1.0107316e-03   8.1988119e-04  -2.0755186e-03
  -2.6070042e-04  -9.7327992e-04   2.0897202e-04  -2.2106337e-03
  -3.7689580e-04  -8.0849266e-04   3.0641765e-04  -2.1505825e-03
  -4.2562289e-04  -9.5080893e-04   2.2021575e-04  -1.9554163e-03
  -2.9068632e-04  -9.0961212e-04  -3.0894157e-05  -1.9103779e-03
  -6.9924426e-04  -8.7216047e-04  -3.4571851e-04  -1.8353140e-03
  -5.7180417e-04  -7.7853134e-04  -3.7944969e-04  -1.9591695e-03
  -2.9818280e-04  -8.7965080e-04  -4.3566833e-04  -1.9516631e-03
  -3.5440637e-04  -9.6204443e-04  -4.9938278e-04  -1.9253907e-03
  -3.0942751e-04  -7.2235387e-04  -3.7570179e-04  -1.9216375e-03
  -3.4690989e-04  -8.9837662e-04  -4.2067669e-04  -2.0905314e-03
  -3.6565108e-04  -9.2459278e-04  -2.8575197e-04  -2.2706848e-03
  -4.0688170e-04  -7.1860870e-04  -4.9188696e-04  -2.0755186e-03
  -7.3288518e-05  -7.4482486e-04  -4.0193715e-04  -2.0267270e-03
   8.7885716e-05  -7.5231519e-04  -4.7689533e-04  -2.1430761e-03
  -2.0719960e-06  -7.2984420e-04  -6.0807214e-04  -2.0379866e-03
   8.4137478e-05  -7.5980552e-04  -4.2442460e-04  -1.9441567e-03
  -8.8281470e-05  -7.7853134e-04  -7.6173641e-04  -2.0905314e-03
