  -6.2043804e-05  -8.7965080e-04  -1.2459188e-04  -1.7752628e-03
  -1.3700856e-04  -8.6092497e-04  -8.4067030e-06  -1.7902756e-03
   8.4137478e-05  -8.6092497e-04  -2.1079379e-04  -1.7715096e-03
   3.9158622e-05  -7.8976684e-04  -2.2578543e-04  -1.8803523e-03
  -1.4825328e-04  -7.7478618e-04  -8.7112792e-05  -1.9141311e-03
  -2.4570747e-04  -7.3358936e-04  -4.2137884e-05  -1.9066247e-03
  -3.5440637e-04  -8.7590563e-04  -1.6207097e-04  -1.9816886e-03
  -2.0072861e-04  -8.2347332e-04  -1.8455843e-04  -1.8165480e-03
  -1.6324623e-04  -9.5829926e-04  -7.9616974e-05  -1.9291439e-03
  -6.2043804e-05  -1.1193414e-03  -2.9699570e-04  -1.9929482e-03
  -1.2201561e-04  -6.6992156e-04  -3.0823942e-04  -1.9028715e-03
   1.6762420e-06  -7.8602167e-04  -2.6326452e-04  -1.9741823e-03
   7.2892764e-05  -9.5829926e-04  -2.8949988e-04  -1.9779355e-03
  -3.7314756e-04  -6.6992156e-04  -1.5832306e-04  -1.9666759e-03
  -9.9526184e-05  -6.6992156e-04  -1.3958352e-04  -1.8315608e-03
   5.7899812e-05  -7.5606035e-04  -1.3583561e-04  -2.0004546e-03
  -1.6324623e-04  -8.6092497e-04  -9.8356519e-05  -1.9704291e-03
  -2.1572156e-04  -8.4594431e-04  -1.8081052e-04  -1.8728459e-03
  -2.0822509e-04  -9.4706377e-04  -2.5951661e-04  -2.0755186e-03
   1.6762420e-06  -9.7702509e-04  -2.4077706e-04  -1.9891950e-03
  -2.1946980e-04  -7.5606035e-04  -2.1079379e-04  -2.0379866e-03
  -2.7569337e-04  -6.8864738e-04  -2.4452497e-04  -2.0680122e-03
  -1.4450504e-04  -8.7216047e-04  -3.5321433e-04  -2.0867782e-03
  -3.1692399e-04  -9.2833794e-04  -2.5951661e-04  -2.1693485e-03
  -2.0822509e-04  -6.3246991e-04  -1.5457515e-04  -2.2406592e-03
  -1.9698037e-04  -8.8714113e-04  -1.5832306e-04  -1.8690927e-03
  -3.7314756e-04  -1.0481832e-03  -4.9633702e-05  -1.8315608e-03
  -1.8573566e-04  -7.5606035e-04  -7.2121156e-05  -2.2406592e-03
   5.0403336e-05  -8.8714113e-04  -8.7112792e-05  -2.0042078e-03
  -1.8573566e-04  -8.1223783e-04  -1.2833979e-04  -2.0680122e-03
  -1.9323213e-04  -6.4745057e-04  -1.8830634e-04  -2.1618421e-03
   3.9158622e-05  -8.0849266e-04  -1.3208770e-04  -2.3382424e-03
  -3.7314756e-04  -7.7104101e-04  -1.6581888e-04  -2.2706848e-03
  -5.3432179e-04  -7.8602167e-04  -2.4077706e-04  -1.8390672e-03
  -3.6939932e-04  -9.9200575e-04  -3.3072688e-04  -2.0867782e-03
  -3.0193104e-04  -8.2721849e-04  -2.7076033e-04  -2.2106337e-03
  -2.4561424e-05  -7.4107969e-04  -1.1709606e-04  -2.0605058e-03
   5.7899812e-05  -1.0257122e-03  -3.4642066e-05  -1.9404035e-03
  -4.3302614e-05  -8.0849266e-04   1.5650129e-04  -2.0079610e-03
  -1.4075680e-04  -6.1374408e-04  -7.9616974e-05  -2.1918677e-03
   1.2536810e-04  -6.2497958e-04  -2.9699570e-04  -1.9891950e-03
   1.1787162e-04  -4.9389880e-04  -7.5869065e-05  -1.7715096e-03
  -1.7074271e-04  -6.6243123e-04  -8.3364883e-05  -1.8953651e-03
   1.5160576e-04  -6.0999892e-04  -7.9616974e-05  -1.9629227e-03
   8.0389240e-05  -5.6505694e-04  -1.4333143e-04  -2.0079610e-03
  -2.1197332e-04  -7.3358936e-04   3.6568205e-05  -2.1580889e-03
  -1.4075680e-04  -7.1486354e-04   1.2277011e-04  -2.0304802e-03
  -1.2951209e-04  -5.8378276e-04  -5.3381611e-05  -1.7227181e-03
  -2.3821099e-04  -7.6355068e-04   3.6568205e-05  -1.9629227e-03
  -1.7823918e-04  -8.6467014e-04   2.8370240e-06  -2.2369060e-03
  -1.1826737e-04  -7.3358936e-04  -4.9633702e-05  -2.0304802e-03
  -1.7064948e-05  -8.7590563e-04  -1.1709606e-04  -1.9816886e-03
   5.0403336e-05  -6.0625375e-04  -2.3398339e-05  -2.0492462e-03
  -1.6699447e-04  -6.4370540e-04  -1.0960025e-04  -1.9216375e-03
  -5.4547328e-05  -9.4706377e-04  -1.5832306e-04  -1.7977820e-03
  -2.0447685e-04  -7.4857002e-04  -9.1088500e-07  -2.0567526e-03
  -1.5200152e-04  -7.3358936e-04  -6.8373247e-05  -2.0342334e-03
  -1.5949799e-04  -8.3096365e-04  -1.6956679e-04  -1.9216375e-03
  -4.1812641e-04  -7.4482486e-04  -1.6581888e-04  -2.1055441e-03
  -3.5806138e-05  -6.7741189e-04  -2.3398339e-05  -1.9854418e-03
  -6.9540280e-05  -8.4219915e-04  -1.3583561e-04  -2.0642590e-03
  -1.5200152e-04  -8.4968948e-04  -3.0894157e-05  -1.9967014e-03
  -1.5200152e-04  -6.6617639e-04  -2.2953333e-04  -1.9704291e-03
  -1.9698037e-04  -7.5606035e-04  -5.8933260e-04  -2.1055441e-03
  -5.8295566e-05  -1.0669090e-03  -3.1198733e-04  -1.6026158e-03
  -2.0719960e-06  -1.0032412e-03  -3.2323106e-04  -1.8015352e-03
  -1.4450504e-04  -6.8864738e-04  -2.3702915e-04  -2.2031273e-03
  -3.1317575e-04  -7.5606035e-04  -7.2121156e-05  -1.9704291e-03
  -3.0567927e-04  -8.9837662e-04  -2.8949988e-04  -2.0379866e-03
  -4.4436408e-04  -9.5455410e-04  -3.0074361e-04  -1.8916119e-03
  -2.6444866e-04  -9.9949608e-04  -3.9069342e-04  -2.0379866e-03
  -1.1077090e-04  -9.5455410e-04  -4.8439115e-04  -2.2218933e-03
  -1.5574975e-04  -9.2459278e-04  -4.5065997e-04  -2.1618421e-03
  -2.0072861e-04  -9.0961212e-04  -3.5696224e-04  -2.1543357e-03
  -2.3446275e-04  -9.0961212e-04  -6.8373247e-05  -1.8916119e-03
  -1.7823918e-04  -1.0369477e-03  -2.8575197e-04  -2.1318165e-03
  -3.8814051e-04  -8.7216047e-04  -2.7825615e-04  -1.9291439e-03
  -3.1317575e-04  -8.1972816e-04  -2.3702915e-04  -1.8953651e-03
  -1.6699447e-04  -1.0444381e-03  -5.3311396e-04  -2.2932040e-03
  -3.3941342e-04  -7.6355068e-04  -1.6581888e-04  -2.0192206e-03
  -2.4945570e-04  -7.8602167e-04  -1.5902521e-05  -1.8353140e-03
   1.6669194e-05  -8.7965080e-04  -9.4608610e-05  -1.8240544e-03
  -1.7823918e-04  -6.3621507e-04  -1.3208770e-04  -2.0642590e-03
  -4.2937113e-04  -7.1860870e-04  -1.2833979e-04  -1.9479099e-03
  -2.1572156e-04  -8.1598299e-04  -2.7146248e-05  -1.8278076e-03
  -2.1197332e-04  -9.5455410e-04  -4.5065997e-04  -1.9066247e-03
  -1.1077090e-04  -8.3470882e-04  -3.3822270e-04  -1.8578331e-03
  -9.5777946e-05  -7.7104101e-04  -3.0894157e-05  -1.9629227e-03
  -2.6819689e-04  -9.5080893e-04  -2.7825615e-04  -1.7977820e-03
  -2.0813186e-05  -7.2235387e-04  -7.9616974e-05  -1.8578331e-03
   5.7899812e-05  -8.3845398e-04  -5.7129520e-05  -1.9328971e-03
   3.9158622e-05  -8.6467014e-04  -9.0860701e-05  -1.9516631e-03
  -6.9540280e-05  -4.3023100e-04   1.3776175e-04  -1.9929482e-03
  -2.4945570e-04  -6.1748925e-04  -2.3398339e-05  -1.8690927e-03
  -2.4195923e-04  -8.2721849e-04  -1.3583561e-04  -1.9554163e-03
  -2.7569337e-04  -8.4968948e-04  -2.5576870e-04  -2.1017910e-03
  -1.2951209e-04  -1.0257122e-03  -3.4197060e-04  -1.9704291e-03
  -1.2576385e-04  -8.7590563e-04  -1.8081052e-04  -1.8052884e-03
  -2.4945570e-04  -9.1335728e-04  -1.3583561e-04  -1.8728459e-03
  -9.5777946e-05  -9.4331860e-04  -2.0704588e-04  -1.8615863e-03
  -2.0822509e-04  -6.5868606e-04  -2.0329797e-04  -2.0004546e-03
  -1.8573566e-04  -6.1374408e-04  -1.6581888e-04  -1.9929482e-03
   2.4165670e-05  -7.9351200e-04  -9.4608610e-05  -2.0417398e-03
  -2.5320394e-04  -7.8976684e-04   1.4080751e-05  -2.0379866e-03
  -3.6939932e-04  -5.9876342e-04  -8.3364883e-05  -2.0267270e-03
  -1.4825328e-04  -7.8976684e-04  -2.2203752e-04  -2.3570083e-03
   1.6659871e-04  -7.9351200e-04  -1.5082725e-04  -2.1618421e-03
   9.9130430e-05  -8.1972816e-04  -1.8081052e-04  -2.1055441e-03
  -3.5440637e-04  -8.3096365e-04  -1.5832306e-04  -1.9704291e-03
  -2.6070042e-04  -6.9613771e-04  -1.8081052e-04  -1.9779355e-03
  -1.5200152e-04  -8.8714113e-04  -2.3702915e-04  -2.2819444e-03
  -3.3191694e-04  -7.8602167e-04  -9.8356519e-05  -2.2706848e-03
  -6.9540280e-05  -8.5717981e-04  -2.4077706e-04  -2.3832807e-03
  -5.0799090e-05  -8.5343464e-04  -1.1709606e-04  -2.0830250e-03
  -3.7314756e-04  -7.4482486e-04  -6.8373247e-05  -2.2218933e-03
  -2.8318985e-04  -8.5343464e-04  -2.1454170e-04  -2.2669316e-03
  -1.5574975e-04  -9.2084761e-04  -7.5869065e-05  -2.0642590e-03
  -1.1451914e-04  -9.3582827e-04  -4.9633702e-05  -2.3344892e-03
  -1.3326033e-04  -9.6953476e-04  -1.3583561e-04  -2.0454930e-03
  -1.9698037e-04  -9.5080893e-04  -1.1709606e-04  -1.9291439e-03
  -9.5684720e-06  -6.7741189e-04   1.7149293e-04  -1.8015352e-03
   1.1787162e-04  -8.3096365e-04   1.2651802e-04  -1.8615863e-03
  -5.0799090e-05  -6.2123441e-04   1.7828660e-05  -2.0717654e-03
   1.5160576e-04  -5.9876342e-04  -2.7146248e-05  -1.7790160e-03
   5.4244800e-06  -9.8826058e-04  -1.5902521e-05  -1.9103779e-03
  -4.2562289e-04  -6.8490222e-04   1.3776175e-04  -2.0792718e-03
  -2.4561424e-05  -7.2609903e-04  -9.8356519e-05  -2.0454930e-03
  -5.8295566e-05  -8.1972816e-04   2.8370240e-06  -1.8728459e-03
  -6.9540280e-05  -7.0737321e-04  -5.7129520e-05  -1.8841055e-03
   1.5535400e-04  -7.7853134e-04  -2.7825615e-04  -1.9704291e-03
  -7.7036756e-05  -6.4370540e-04  -1.0210443e-04  -2.0642590e-03
   5.4244800e-06  -6.8115705e-04  -1.6581888e-04  -2.2218933e-03
   3.9158622e-05  -9.3582827e-04  -8.4067030e-06  -1.7452372e-03
  -3.9554376e-05  -7.1111837e-04  -4.9633702e-05  -1.8428204e-03
  -1.3700856e-04  -5.8003760e-04  -6.8373247e-05  -1.9666759e-03
  -7.3288518e-05  -6.8864738e-04  -4.6587940e-06  -1.9141311e-03
   2.7913908e-05  -7.5980552e-04  -7.5869065e-05  -2.3495020e-03
  -2.9068632e-04  -8.9088629e-04   6.5849330e-06  -1.9366503e-03
  -2.5320394e-04  -7.9351200e-04  -2.5202079e-04  -1.9704291e-03
  -8.0784994e-05  -7.4857002e-04  -2.2203752e-04  -2.2856976e-03
  -1.8948390e-04  -7.7104101e-04  -1.1709606e-04  -2.0567526e-03
  -2.9818280e-04  -7.7478618e-04  -1.0960025e-04  -1.8953651e-03
  -3.8439227e-04  -7.4857002e-04  -1.1709606e-04  -1.8841055e-03
  -1.5949799e-04  -8.1223783e-04  -2.3398339e-05  -2.1618421e-03
   9.1727180e-06  -8.9088629e-04  -2.7146248e-05  -1.9591695e-03
  -2.0447685e-04  -8.6467014e-04  -3.4946642e-04  -2.1843613e-03
  -4.1062994e-04  -8.7216047e-04  -1.9955006e-04  -2.0942846e-03
  -2.9068632e-04  -8.3096365e-04  -3.8694551e-04  -1.6739265e-03
  -9.9526184e-05  -9.3208311e-04  -5.2187024e-04  -2.1843613e-03
  -2.9443456e-04  -9.3582827e-04  -2.5951661e-04  -2.1843613e-03
  -5.5681122e-04  -8.3096365e-04  -2.1828961e-04  -2.0980378e-03
  -3.5065813e-04  -1.0444381e-03  -1.9580215e-04  -2.2143869e-03
  -2.0447685e-04  -1.0032412e-03  -2.7076033e-04  -2.0154674e-03
  -5.8304889e-04  -7.7104101e-04  -2.2953333e-04  -2.0417398e-03
  -3.7689580e-04  -8.6841530e-04  -4.2067669e-04  -2.0680122e-03
  -2.1197332e-04  -1.0032412e-03  -5.6684514e-04  -1.9929482e-03
  -3.9563699e-04  -7.5606035e-04  -2.5576870e-04  -2.1993741e-03
  -2.1197332e-04  -5.8003760e-04  -1.4333143e-04  -2.2932040e-03
  -4.1437818e-04  -1.0706542e-03  -3.9818924e-04  -2.1393229e-03
  -3.0567927e-04  -1.1193414e-03  -3.6071015e-04  -1.8803523e-03
  -2.9818280e-04  -1.0444381e-03  -2.4827288e-04  -2.1355697e-03
  -2.4570747e-04  -8.3470882e-04  -2.2953333e-04  -2.3119700e-03
   3.1662146e-05  -5.1262463e-04   2.1576569e-05  -1.8390672e-03
  -3.5440637e-04  -9.4331860e-04  -2.8575197e-04  -1.9441567e-03
  -2.1946980e-04  -8.4968948e-04  -2.5951661e-04  -1.8203012e-03
  -7.7036756e-05  -8.7590563e-04  -1.9205424e-04  -1.7152117e-03
  -1.3326033e-04  -8.8714113e-04  -5.1062651e-04  -1.9066247e-03
  -3.9554376e-05  -5.9876342e-04  -7.5869065e-05  -1.7114585e-03
  -3.0942751e-04  -7.9725717e-04  -2.8949988e-04  -2.1731017e-03
  -2.9818280e-04  -6.3996024e-04  -1.7331470e-04  -2.2218933e-03
  -5.8202340e-06  -5.8752793e-04   1.1527429e-04  -1.6626669e-03
  -1.4825328e-04  -8.5343464e-04  -5.3311396e-04  -1.8428204e-03
  -1.8573566e-04  -1.0219671e-03  -1.5082725e-04  -1.9516631e-03
  -2.0072861e-04  -1.0594187e-03  -1.2459188e-04  -1.8765991e-03
  -3.7689580e-04  -9.8451542e-04  -3.4946642e-04  -1.9404035e-03
  -4.3302614e-05  -8.4968948e-04  -1.2154612e-05  -1.8578331e-03
  -2.0072861e-04  -7.7104101e-04  -2.2953333e-04  -2.0717654e-03
  -2.1946980e-04  -6.8115705e-04  -2.0329797e-04  -1.9891950e-03
   4.2906860e-05  -6.8864738e-04  -2.1454170e-04  -1.6626669e-03
  -2.3071451e-04  -9.2459278e-04  -6.8373247e-05  -1.8916119e-03
  -1.5200152e-04  -8.0100233e-04  -3.0894157e-05  -1.8878587e-03
  -3.5806138e-05  -7.2984420e-04  -3.8319760e-04  -1.9554163e-03
  -1.2951209e-04  -9.2833794e-04  -1.6956679e-04  -2.0830250e-03
  -1.7074271e-04  -9.3208311e-04  -1.6207097e-04  -1.8127948e-03
  -1.3316710e-05  -7.2984420e-04  -2.0329797e-04  -1.9066247e-03
  -3.9554376e-05  -9.2833794e-04  -1.7706261e-04  -2.1017910e-03
  -7.7036756e-05  -9.5455410e-04  -2.2203752e-04  -1.9178843e-03
  -8.4533232e-05  -7.1860870e-04   4.0316114e-05  -2.0755186e-03
  -2.2696628e-04  -9.0961212e-04  -2.4452497e-04  -2.3457488e-03
   2.4165670e-05  -4.6393748e-04  -5.1437442e-04  -2.1956209e-03
   1.5535400e-04  -7.6355068e-04  -2.0704588e-04  -2.1918677e-03
  -2.0822509e-04  -9.9949608e-04  -1.8455843e-04  -2.1580889e-03
  -1.3700856e-04  -6.2872474e-04  -1.9580215e-04  -2.0605058e-03
  -1.1826737e-04  -1.1530478e-03  -1.3958352e-04  -2.0267270e-03
  -6.5792042e-05  -7.8602167e-04  -2.3398339e-05  -2.1092973e-03
  -2.7194513e-04  -6.7366672e-04   5.5307750e-05  -2.2856976e-03
  -4.8559470e-04  -6.1748925e-04  -2.0329797e-04  -2.1092973e-03
   2.4531171e-04  -9.3957344e-04  -2.3702915e-04  -2.0454930e-03
  -5.8304889e-04  -6.6617639e-04  -3.0074361e-04  -2.2556720e-03
   3.6150709e-04  -4.4895682e-04  -1.0585234e-04  -2.2444124e-03
  -7.2173369e-04  -1.0257122e-03  -4.9633702e-05  -2.1430761e-03
  -2.0072861e-04  -2.2008010e-05   6.5849330e-06  -2.2068805e-03
   8.4502979e-04  -1.5238192e-03  -1.8455843e-04  -2.0042078e-03
  -2.5321326e-03  -9.6911310e-05  -2.4827288e-04  -1.9704291e-03
   1.2427085e-02   2.4273299e-03   4.3009865e-04  -2.0304802e-03
   2.2914655e-02   4.6219966e-03  -8.0671132e-04  -1.2798408e-03
   6.3699326e-03   4.4309932e-03   2.4577174e-03  -1.0171170e-03
  -8.4506004e-03  -2.4001878e-03   9.6649464e-03  -2.1468293e-03
  -1.1250534e-02  -4.0592959e-03   9.0877684e-03  -2.3570083e-03
  -7.7346870e-03  -5.6659717e-03   2.9486935e-03  -9.9459784e-04
  -6.7300660e-04  -3.8158602e-03   1.0777848e-04  -1.0283766e-03
   6.6735399e-03   3.8621497e-04  -1.3501581e-03  -1.6701733e-03
   6.8234694e-03  -7.1860870e-04  -4.7757470e-03  -1.2648280e-03
   2.1681578e-03  -1.9694938e-03  -7.2081399e-03  -7.1686126e-04
  -5.6319255e-03  -6.4037692e-03  -4.6932930e-03  -1.7227181e-03
  -1.7633784e-02  -6.8943858e-03  -1.4550996e-03  -3.5692910e-03
  -1.5283638e-02  -3.7559375e-03  -6.2486752e-03  -3.1001414e-03
   4.4770724e-03  -1.0743994e-03  -1.0506300e-02  -2.5259022e-03
   1.7149865e-02   2.0940102e-03  -1.0251442e-02  -3.3103204e-03
   3.8548649e-03   2.7569044e-03  -9.7342306e-03  -3.5092398e-03
  -1.6434347e-02   3.0602628e-03  -9.3744313e-03  -2.9575199e-03
  -1.1752798e-02   3.0977144e-03  -8.0064445e-03  -3.0851286e-03
   4.3158982e-03   1.4947838e-03  -9.4493895e-03  -2.6122257e-03
   7.4494251e-03   1.0416189e-03  -1.1788085e-02  -1.2310492e-03
  -3.4316165e-04   2.0415779e-03  -3.3665332e-03  -2.3607615e-03
  -3.9527148e-03   1.1165222e-03   4.9388332e-03  -3.7531976e-03
  -3.4690989e-04  -8.4219915e-04   4.0056038e-03  -2.9049751e-03
   9.6872165e-04  -1.7859807e-03   2.6563566e-03  -1.5050326e-03
  -9.5037621e-04  -1.9020808e-03   7.0676455e-03  -1.2348024e-03
  -2.8694741e-03  -2.5125427e-03   1.1692565e-02  -1.3661643e-03
  -2.8318985e-04  -3.8196053e-03   1.0616915e-02  -4.0534591e-04
   1.5759362e-03  -4.5162060e-03   6.3667865e-03   4.6164260e-04
  -1.7262615e-03  -3.6098761e-03   6.6778630e-03  -1.0884335e-04
  -4.5974118e-03  -2.1717327e-03   1.0466999e-02  -2.0192206e-03
  -3.4279615e-03  -2.3552458e-03   9.3876012e-03  -2.7473408e-03
  -4.4436408e-04  -2.6923107e-03   4.4815883e-03  -1.6363945e-03
   1.3360490e-03  -1.9170615e-03   4.1705118e-03  -1.6626669e-03
   2.3368285e-03  -5.0513430e-04   8.3681699e-03  -2.9462603e-03
   1.2610842e-03   1.3711934e-03   5.4822800e-03  -2.5784470e-03
   1.1598818e-03   2.5621558e-03  -8.0671132e-04  -1.0621554e-03
   2.7828688e-03   2.6482946e-03  -8.2545087e-04  -1.0433894e-03
   1.0736723e-03   1.7419647e-03   4.2829491e-03  -2.4095531e-03
  -1.6550450e-03   4.9150125e-05   6.3293074e-03  -3.2352564e-03
  -8.2293612e-04  -9.9575091e-04   2.8699874e-03  -2.1468293e-03
   1.0586794e-03  -1.1867543e-03   2.6519065e-04  -1.3473984e-03
   4.2147890e-04  -6.3246991e-04   1.3370926e-03  -1.8765991e-03
  -1.0703198e-03   5.9219905e-04   2.6001380e-03  -2.1618421e-03
  -4.3302614e-05   3.2254717e-04   1.0035287e-03  -2.0342334e-03
   1.3397972e-03  -1.6848613e-03  -4.1692878e-04  -1.4412283e-03
  -1.1602775e-03  -2.9769432e-03   1.9023247e-04  -1.4036963e-03
  -3.8590089e-03  -2.6998010e-03   4.7882147e-04  -1.6964457e-03
  -2.2210289e-03  -2.1118101e-03  -1.9573194e-03  -1.5350582e-03
   1.1823712e-03  -2.1754779e-03  -4.4534268e-03  -1.4149559e-03
   5.4517075e-04  -2.3589910e-03  -3.9287195e-03  -1.8465736e-03
  -3.8889948e-03  -1.9470228e-03  -2.9355236e-03  -2.7173153e-03
  -4.8035649e-03  -1.4077191e-03  -4.5096454e-03  -2.5221490e-03
  -3.1692399e-04  -1.1642833e-03  -6.3236334e-03  -2.1430761e-03
   4.0947521e-03  -6.3996024e-04  -6.0500360e-03  -2.2031273e-03
   1.8420611e-03   9.7837270e-05  -5.5065892e-03  -2.0867782e-03
  -1.4039130e-03   5.6972806e-04  -4.5096454e-03  -2.4846170e-03
   9.6122517e-04   6.7084751e-04  -4.8019823e-03  -2.6084725e-03
   7.5132384e-04   5.0980542e-04  -8.7147993e-03  -1.4825134e-03
  -6.3552422e-04   2.4015354e-04  -7.9015031e-03  -1.1334661e-03
   6.5386965e-04  -1.8305011e-04  -1.5600410e-03  -2.8411708e-03
   4.4396833e-04  -3.4409220e-04  -5.9682842e-04  -3.3253332e-03
   2.4905995e-04  -2.3548242e-04  -4.6333264e-03  -2.1393229e-03
   8.1129565e-04  -7.4857002e-04  -4.9631424e-03  -1.6063689e-03
  -3.0567927e-04  -1.7672549e-03  -2.1828961e-04  -2.3194764e-03
  -3.4204651e-03  -2.1267907e-03   1.7043877e-03  -2.8787027e-03
  -3.5666463e-03  -2.3402651e-03  -9.4538395e-04  -1.6514073e-03
   7.1758970e-04  -2.4863266e-03  -1.5188140e-03  -1.2648280e-03
   2.3405768e-03  -1.8533937e-03   1.1272097e-03  -2.1205569e-03
  -1.0515786e-03  -1.3215803e-03   2.1204056e-03  -2.1318165e-03
  -2.6370833e-03  -1.2092253e-03   1.2096637e-03  -1.6251349e-03
   5.7140842e-04  -1.3740126e-03   1.3820675e-03  -1.5688370e-03
   2.0519624e-03  -1.1305768e-03   2.5326756e-03  -2.1055441e-03
  -1.6699447e-04  -1.9054044e-04   2.8887270e-03  -2.1618421e-03
  -1.5949799e-04   7.1953466e-04   1.8917832e-03  -2.0905314e-03
   2.8465889e-03   9.4798972e-04   1.3258489e-03  -2.0229738e-03
   3.6187259e-03   3.8246981e-04   1.7868417e-03  -1.9779355e-03
   7.1758970e-04   1.3903408e-04   2.4127425e-03  -2.2256465e-03
  -1.9586522e-03   1.9188805e-05   3.2035513e-03  -2.4921234e-03
  -8.5292202e-04  -6.9613771e-04   3.5108798e-03  -2.4658511e-03
   1.3248043e-03  -1.0332026e-03   2.2778178e-03  -1.7452372e-03
   8.4128155e-04  -7.5231519e-04   1.6893961e-03  -1.5463178e-03
  -5.6055946e-04  -8.8714113e-04   2.6825920e-03  -1.6101221e-03
  -4.1437818e-04  -1.1043607e-03   3.6533004e-03  -1.5650838e-03
   1.4559926e-03  -1.3815029e-03   4.2192346e-03  -1.8165480e-03
   1.2798254e-03  -1.6773709e-03   2.7912813e-03  -1.5162922e-03
  -1.0290892e-03  -1.3927384e-03   1.2771261e-03  -1.3248792e-03
  -8.2668436e-04  -1.2691480e-03   2.2553303e-03  -1.7377308e-03
   9.9870755e-04  -1.0856349e-03   2.4089946e-03  -2.0042078e-03
   1.3547902e-03  -1.0481832e-03   1.0597474e-03  -2.1055441e-03
   4.2522714e-04  -8.2721849e-04   1.4900547e-04  -2.0905314e-03
   1.1037514e-04  -1.9428560e-04   1.0332842e-05  -2.0680122e-03
   3.1652823e-04  -3.4783737e-04  -9.2664441e-04  -2.2819444e-03
   7.8505798e-04  -2.4671791e-04  -3.1566503e-03  -2.1768549e-03
   5.6391194e-04  -2.6918890e-04  -4.0898796e-03  -1.7377308e-03
  -1.0778163e-03  -5.5007628e-04  -3.4414913e-03  -1.8015352e-03
  -7.2548193e-04  -3.8154385e-04  -1.8973528e-03  -2.2481656e-03
   1.2460913e-03  -6.6617639e-04  -1.1927459e-03  -2.4508383e-03
   7.3258265e-04  -5.7629243e-04  -2.8043468e-03  -2.2706848e-03
  -3.4690989e-04  -4.2274067e-04  -4.0973754e-03  -2.0379866e-03
   4.6655098e-05  -7.7853134e-04  -3.7975427e-03  -2.0004546e-03
  -1.0478304e-03  -1.0669090e-03  -4.4909059e-03  -1.9666759e-03
  -1.7262615e-03  -1.3365609e-03  -4.5733599e-03  -1.7977820e-03
  -5.0433589e-04  -1.3328158e-03  -2.5794723e-03  -1.7940288e-03
  -1.1451914e-04  -1.1830092e-03  -1.7324448e-03  -2.2143869e-03
  -4.7050852e-05  -1.0781445e-03  -2.4632871e-03  -2.1731017e-03
   1.2920956e-05  -9.3582827e-04  -3.3590373e-03  -1.8653395e-03
  -1.3316710e-05  -9.6204443e-04  -2.9317757e-03  -2.0267270e-03
  -2.7944161e-04  -1.0594187e-03  -2.0210338e-03  -2.2706848e-03
  -7.4422312e-04  -9.2833794e-04  -1.7886635e-03  -2.3044636e-03
  -3.5815461e-04  -9.5829926e-04  -2.1634544e-03  -2.1843613e-03
   2.3031876e-04  -7.7478618e-04  -1.8074030e-03  -2.5334086e-03
   2.0408109e-04  -6.1748925e-04  -4.0568506e-04  -2.4470851e-03
  -3.5440637e-04  -8.7590563e-04  -1.1709606e-04  -2.3082168e-03
  -1.3326033e-04  -8.2347332e-04  -3.0894157e-05  -2.3645147e-03
   7.9255446e-04  -6.9613771e-04   6.6246901e-04  -2.1055441e-03
   3.5026238e-04  -6.9239255e-04   1.5769588e-03  -2.4583447e-03
  -4.1812641e-04  -8.3470882e-04   2.0304558e-03  -2.1693485e-03
  -1.7449094e-04  -8.1598299e-04   2.1279014e-03  -1.7640032e-03
   5.9014961e-04  -8.9837662e-04   2.5888942e-03  -2.0492462e-03
   8.9375689e-04  -1.1268317e-03   2.8062730e-03  -2.0567526e-03
   3.0153528e-04  -1.0931252e-03   2.8437520e-03  -2.1280633e-03
  -3.5806138e-05  -1.1530478e-03   2.0304558e-03  -1.7790160e-03
  -1.7449094e-04  -1.0144767e-03   1.0559995e-03  -1.5275518e-03
  -1.8573566e-04  -1.0594187e-03   1.4795132e-03  -1.7302244e-03
  -1.8573566e-04  -1.0968704e-03   1.8505562e-03  -1.5425646e-03
  -2.1572156e-04  -9.4331860e-04   1.0559995e-03  -1.7339776e-03
   4.7020599e-04  -9.6204443e-04   3.4014883e-04  -1.5913562e-03
   6.6511437e-04  -8.5717981e-04   4.3759447e-04  -1.6326413e-03
   2.7904585e-04  -8.4219915e-04   8.9483937e-04  -2.0792718e-03
  -1.6699447e-04  -6.8115705e-04   8.3112491e-04  -1.8390672e-03
  -3.8064403e-04  -6.1748925e-04   2.2021575e-04  -1.9141311e-03
   3.7650004e-04  -7.2235387e-04   2.2396365e-04  -2.0004546e-03
   3.2402471e-04  -5.1262463e-04   6.5849330e-06  -2.2331528e-03
  -4.9309117e-04  -5.2760529e-04  -5.9308051e-04  -2.1318165e-03
  -4.4061584e-04  -7.2609903e-04  -6.6803869e-04  -1.9366503e-03
   1.0662691e-04  -7.2984420e-04  -9.6412350e-04  -2.1543357e-03
   1.3286457e-04  -9.1335728e-04  -1.3951330e-03  -1.9891950e-03
  -6.6551012e-04  -8.9088629e-04  -1.7212011e-03  -1.9816886e-03
  -7.6671255e-04  -6.1374408e-04  -1.5000745e-03  -1.9816886e-03
   3.1662146e-05  -6.9613771e-04  -1.3126790e-03  -2.1543357e-03
   1.2920956e-05  -9.2084761e-04  -1.5675368e-03  -2.0492462e-03
  -7.4797136e-04  -1.0818897e-03  -1.4401079e-03  -1.9028715e-03
  -7.1423722e-04  -9.1710245e-04  -1.5450494e-03  -2.3157232e-03
  -2.7569337e-04  -9.9200575e-04  -1.5450494e-03  -2.2481656e-03
  -3.6939932e-04  -1.0069864e-03  -1.5825285e-03  -1.8878587e-03
  -4.5186056e-04  -8.7590563e-04  -1.8486300e-03  -1.8803523e-03
  -6.3927246e-04  -1.0444381e-03  -1.5862764e-03  -2.1280633e-03
  -4.9683941e-04  -7.3733453e-04  -1.4625954e-03  -2.1768549e-03
  -9.5684720e-06  -9.3208311e-04  -1.3876372e-03  -2.0792718e-03
  -1.4450504e-04  -9.0212179e-04  -1.3838893e-03  -2.2369060e-03
  -2.3071451e-04  -4.3397616e-04  -1.2227292e-03  -2.3232296e-03
  -1.1826737e-04  -6.0250859e-04  -6.6429078e-04  -2.2556720e-03
  -6.5792042e-05  -6.2497958e-04  -6.3805542e-04  -2.3157232e-03
  -1.7064948e-05  -8.1972816e-04  -4.8813906e-04  -2.2068805e-03
  -1.5949799e-04  -6.7741189e-04  -1.6956679e-04  -2.1355697e-03
  -6.9540280e-05  -6.5119573e-04  -8.4067030e-06  -2.1205569e-03
  -3.2057900e-05  -9.6204443e-04   1.3401384e-04  -1.9591695e-03
  -1.9323213e-04  -9.1710245e-04   1.4525757e-04  -2.2556720e-03
  -8.4533232e-05  -1.0706542e-03   8.1613328e-04  -2.0304802e-03
  -4.8559470e-04  -7.9351200e-04   1.4157987e-03  -1.7977820e-03
  -2.9818280e-04  -7.2235387e-04   1.5169923e-03  -2.1055441e-03
   2.3406700e-04  -1.1792640e-03   1.5169923e-03  -1.8540799e-03
  -2.8309662e-05  -1.0594187e-03   1.5244881e-03  -1.8803523e-03
   1.4785752e-04  -7.7853134e-04   1.6406733e-03  -1.7640032e-03
  -1.6324623e-04  -8.2721849e-04   1.1984200e-03  -1.6551605e-03
  -1.8948390e-04  -7.4482486e-04   1.0934785e-03  -1.9629227e-03
  -6.2043804e-05  -6.4745057e-04   8.2737700e-04  -1.9441567e-03
  -5.4556651e-04  -7.8227651e-04   4.1885492e-04  -1.7790160e-03
  -1.5200152e-04  -6.3621507e-04   7.9364582e-04  -1.7489904e-03
   3.9158622e-05  -5.8752793e-04   5.0130892e-04  -1.9629227e-03
  -5.4547328e-05  -5.0887946e-04   2.9142602e-04  -1.8540799e-03
  -1.7064948e-05  -3.7405352e-04   1.0028266e-04  -1.7302244e-03
  -1.8198742e-04  -7.5980552e-04  -1.0210443e-04  -2.0117142e-03
  -2.3821099e-04  -5.9127309e-04   2.5019902e-04  -1.9854418e-03
  -2.5320394e-04  -3.8903418e-04  -2.7146248e-05  -1.9328971e-03
  -3.1317575e-04  -7.1111837e-04   2.9072387e-05  -2.1243101e-03
  -2.4195923e-04  -4.6019232e-04   1.1902220e-04  -1.7527436e-03
  -2.0072861e-04  -4.6393748e-04  -2.4452497e-04  -1.8465736e-03
  -4.1812641e-04  -6.8490222e-04  -2.2578543e-04  -2.1843613e-03
  -3.7314756e-04  -5.6505694e-04  -1.3208770e-04  -1.7489904e-03
  -4.1437818e-04  -8.6841530e-04  -1.2459188e-04  -1.9891950e-03
  -6.3927246e-04  -9.2833794e-04  -2.1454170e-04  -2.0905314e-03
  -2.2696628e-04  -7.1860870e-04   3.2820296e-05  -1.8240544e-03
  -3.5065813e-04  -8.7216047e-04   2.8370240e-06  -1.9253907e-03
  -6.0928655e-04  -7.4482486e-04  -2.3328124e-04  -1.9178843e-03
   1.6762420e-06  -7.8976684e-04  -1.3958352e-04  -1.9854418e-03
  -2.4195923e-04  -9.7702509e-04  -3.3447479e-04  -2.0342334e-03
  -3.6939932e-04  -1.0369477e-03  -3.4571851e-04  -2.0229738e-03
  -3.6190284e-04  -1.1155962e-03  -3.4197060e-04  -2.0004546e-03
  -5.4931474e-04  -8.3845398e-04  -4.8439115e-04  -1.9741823e-03
  -1.9698037e-04  -9.2459278e-04  -1.8081052e-04  -2.1055441e-03
  -3.2816870e-04  -9.3582827e-04  -7.9616974e-05  -2.0642590e-03
  -1.5574975e-04  -6.9988288e-04  -3.9818924e-04  -1.8690927e-03
  -6.5792042e-05  -6.8490222e-04  -3.0449151e-04  -2.1092973e-03
  -2.1197332e-04  -7.4107969e-04  -8.7112792e-05  -2.0755186e-03
  -3.3941342e-04  -9.4331860e-04  -9.0860701e-05  -1.9328971e-03
  -5.1183236e-04  -8.6092497e-04  -5.7129520e-05  -2.1017910e-03
  -5.4556651e-04  -9.0586695e-04  -1.1709606e-04  -2.1280633e-03
  -7.5921607e-04  -1.0594187e-03  -1.6581888e-04  -2.0192206e-03
  -3.2816870e-04  -1.0182219e-03  -1.2459188e-04  -1.8765991e-03
  -3.2816870e-04  -1.0556735e-03   2.2021575e-04  -2.1580889e-03
  -6.5801365e-04  -9.8077025e-04   3.6263629e-04  -1.9404035e-03
  -5.1558060e-04  -9.8451542e-04  -5.3381611e-05  -1.6739265e-03
  -5.1558060e-04  -9.8451542e-04  -4.9633702e-05  -1.9854418e-03
  -2.6819689e-04  -5.9501826e-04   1.4150966e-04  -1.9366503e-03
  -2.4570747e-04  -6.5868606e-04  -8.4067030e-06  -1.7640032e-03
  -3.0942751e-04  -8.6467014e-04   5.1559841e-05  -1.8353140e-03
