   1.7409519e-04  -6.5868606e-04  -1.4707934e-04  -2.0079610e-03
  -3.1317575e-04  -6.2872474e-04  -9.4608610e-05  -2.1355697e-03
  -1.8198742e-04  -6.4370540e-04  -1.5082725e-04  -2.1468293e-03
  -9.5684720e-06  -9.9200575e-04  -5.7129520e-05  -2.1956209e-03
  -4.7060175e-04  -7.6355068e-04   1.3776175e-04  -2.0942846e-03
  -2.7194513e-04  -6.1374408e-04  -1.5902521e-05  -2.1318165e-03
  -2.1197332e-04  -6.7366672e-04  -1.5457515e-04  -2.1505825e-03
  -2.3071451e-04  -6.9239255e-04  -3.0894157e-05  -2.0004546e-03
  -9.2029708e-05  -8.9837662e-04  -2.2578543e-04  -2.1092973e-03
  -1.8948390e-04  -8.8339596e-04  -3.7944969e-04  -2.1017910e-03
  -5.7180417e-04  -9.9575091e-04  -8.7112792e-05  -2.1618421e-03
  -4.9309117e-04  -8.9088629e-04  -9.4608610e-05  -2.2706848e-03
  -1.4825328e-04  -8.6841530e-04  -3.1573524e-04  -2.1918677e-03
  -3.3566518e-04  -9.3208311e-04  -2.8575197e-04  -1.8503268e-03
  -3.6939932e-04  -7.1111837e-04  -2.8949988e-04  -1.9216375e-03
  -2.3821099e-04  -7.3358936e-04  -3.1198733e-04  -2.2706848e-03
  -2.1572156e-04  -9.9575091e-04  -1.1334816e-04  -2.1393229e-03
  -2.3071451e-04  -1.1006155e-03  -1.0210443e-04  -2.1355697e-03
  -2.0447685e-04  -7.9725717e-04  -3.3447479e-04  -1.9666759e-03
   1.6762420e-06  -8.0474750e-04  -2.9324779e-04  -1.9404035e-03
   1.2920956e-05  -8.6467014e-04  -1.6207097e-04  -1.9891950e-03
  -2.0822509e-04  -7.6729585e-04  -1.2084397e-04  -1.7677564e-03
  -2.5695218e-04  -6.4745057e-04   6.5849330e-06  -1.9704291e-03
  -4.8934294e-04  -6.5868606e-04   7.4047295e-05  -1.9741823e-03
  -3.5440637e-04  -9.6953476e-04   1.7828660e-05  -1.8315608e-03
   1.3286457e-04  -7.3733453e-04  -8.3364883e-05  -2.1393229e-03
  -1.2201561e-04  -6.2497958e-04  -2.2203752e-04  -2.0717654e-03
   1.2920956e-05  -8.5717981e-04  -3.3447479e-04  -1.8353140e-03
   1.6285048e-04  -8.4594431e-04  -4.5065997e-04  -2.0004546e-03
   4.6655098e-05  -8.3470882e-04  -4.6939951e-04  -1.8428204e-03
   2.4165670e-05  -8.2721849e-04  -3.4197060e-04  -1.9741823e-03
  -1.7449094e-04  -8.4594431e-04  -2.3328124e-04  -2.1580889e-03
  -1.5949799e-04  -6.4370540e-04   3.2820296e-05  -1.8052884e-03
  -5.1558060e-04  -7.4482486e-04   1.4150966e-04  -1.9178843e-03
  -2.0447685e-04  -9.3957344e-04  -1.7706261e-04  -2.1092973e-03
   2.3406700e-04  -8.7965080e-04  -2.7450824e-04  -2.1130505e-03
  -1.0702266e-04  -9.5455410e-04  -1.7706261e-04  -2.0830250e-03
   9.1727180e-06  -6.9239255e-04  -4.0568506e-04  -2.0192206e-03
   1.5160576e-04  -8.0849266e-04  -5.1812233e-04  -2.1092973e-03
   6.1648050e-05  -8.4968948e-04  -2.2203752e-04  -2.0980378e-03
  -9.5777946e-05  -7.0362804e-04  -1.0585234e-04  -2.2894508e-03
  -2.5695218e-04  -1.1043607e-03  -4.9633702e-05  -2.2594252e-03
  -2.1197332e-04  -1.0257122e-03   2.5324478e-05  -2.0304802e-03
  -1.2201561e-04  -8.6841530e-04  -1.0960025e-04  -2.1205569e-03
  -5.4547328e-05  -8.8339596e-04  -2.8200406e-04  -2.0942846e-03
  -2.9068632e-04  -8.0849266e-04  -1.9580215e-04  -2.0004546e-03
  -6.1303479e-04  -8.1972816e-04   4.0316114e-05  -2.0605058e-03
  -5.0799090e-05  -8.1598299e-04  -1.4707934e-04  -2.2444124e-03
   2.2657052e-04  -6.7366672e-04  -1.0210443e-04  -2.1543357e-03
  -2.4945570e-04  -7.2984420e-04  -4.5885793e-05  -2.1130505e-03
  -1.1826737e-04  -8.1972816e-04  -2.8575197e-04  -2.1580889e-03
  -6.5792042e-05  -6.6243123e-04  -2.8200406e-04  -2.1055441e-03
  -1.2576385e-04  -9.6953476e-04  -2.6701242e-04  -2.1468293e-03
  -9.9526184e-05  -8.3096365e-04   5.1559841e-05  -2.0642590e-03
  -1.3326033e-04  -6.1748925e-04   1.6774502e-04  -2.2218933e-03
  -5.0799090e-05  -9.3582827e-04  -1.2459188e-04  -2.0567526e-03
  -2.3821099e-04  -7.8602167e-04  -1.3208770e-04  -1.9516631e-03
  -6.2043804e-05  -7.5606035e-04  -7.2121156e-05  -2.1956209e-03
   7.6641002e-05  -8.4594431e-04  -3.0894157e-05  -1.9479099e-03
  -1.3326033e-04  -7.8602167e-04   5.1559841e-05  -2.0042078e-03
  -1.7064948e-05  -7.5980552e-04   1.7828660e-05  -1.9591695e-03
  -1.2951209e-04  -7.1860870e-04  -7.9616974e-05  -1.7152117e-03
  -6.9540280e-05  -7.2984420e-04  -6.4625338e-05  -1.9516631e-03
   5.4151574e-05  -7.1860870e-04   6.6551477e-05  -2.0379866e-03
  -8.8281470e-05  -5.9501826e-04   1.2651802e-04  -2.0717654e-03
   1.2536810e-04  -7.5231519e-04   6.5849330e-06  -2.0567526e-03
   2.0417432e-05  -7.9725717e-04  -2.6326452e-04  -1.8165480e-03
  -4.7050852e-05  -4.9764397e-04  -1.9580215e-04  -1.9253907e-03
   1.3661281e-04  -6.5868606e-04  -1.5902521e-05  -1.8615863e-03
  -4.3302614e-05  -8.3845398e-04  -6.8373247e-05  -1.8203012e-03
  -1.2576385e-04  -5.8003760e-04   1.0332842e-05  -2.2819444e-03
  -3.5815461e-04  -6.0999892e-04  -2.3398339e-05  -2.1393229e-03
  -3.1317575e-04  -8.9837662e-04   4.7811932e-05  -2.0905314e-03
   8.7885716e-05  -6.5119573e-04  -6.8373247e-05  -2.0867782e-03
   1.3286457e-04  -7.4107969e-04  -2.3702915e-04  -1.8240544e-03
   2.5655643e-04  -8.4219915e-04  -1.2084397e-04  -2.1618421e-03
   9.1727180e-06  -4.8640847e-04  -3.0823942e-04  -2.0830250e-03
  -1.5574975e-04  -7.8602167e-04  -2.1079379e-04  -1.9891950e-03
  -8.8281470e-05  -8.7590563e-04   1.6399711e-04  -2.0942846e-03
  -3.3191694e-04  -7.0737321e-04   1.5275338e-04  -1.8278076e-03
  -2.0822509e-04  -8.4594431e-04  -1.4333143e-04  -1.9666759e-03
  -2.9443456e-04  -9.6204443e-04  -2.8200406e-04  -1.9704291e-03
  -1.3326033e-04  -8.1223783e-04  -2.1079379e-04  -1.8916119e-03
   1.2920956e-05  -8.2347332e-04  -2.2953333e-04  -2.0117142e-03
  -3.7689580e-04  -1.1006155e-03  -3.6445806e-04  -1.9741823e-03
  -8.0784994e-05  -9.9575091e-04  -3.2697897e-04  -2.0830250e-03
  -1.7074271e-04  -9.5080893e-04  -1.0585234e-04  -2.1318165e-03
  -3.4690989e-04  -8.1598299e-04  -1.3208770e-04  -2.1993741e-03
  -9.2029708e-05  -6.9988288e-04  -2.4452497e-04  -2.0980378e-03
  -5.1183236e-04  -8.9088629e-04  -3.9069342e-04  -1.9291439e-03
  -3.6565108e-04  -9.6953476e-04  -3.9069342e-04  -2.1355697e-03
  -1.2576385e-04  -1.0257122e-03  -2.1454170e-04  -2.0454930e-03
  -3.0193104e-04  -9.0961212e-04  -2.6326452e-04  -2.1505825e-03
   3.5410384e-05  -7.5980552e-04  -3.6071015e-04  -2.2331528e-03
  -3.5806138e-05  -7.7478618e-04  -4.3566833e-04  -1.9253907e-03
  -3.1692399e-04  -8.6092497e-04  -1.1334816e-04  -2.1205569e-03
  -4.9683941e-04  -9.5829926e-04   2.9072387e-05  -2.2781912e-03
  -5.0433589e-04  -1.0594187e-03  -3.5696224e-04  -2.1543357e-03
  -2.4195923e-04  -8.5343464e-04  -3.3822270e-04  -2.0755186e-03
  -3.5815461e-04  -8.4968948e-04  -1.8830634e-04  -2.0605058e-03
  -2.1197332e-04  -9.0586695e-04  -3.0823942e-04  -2.1655953e-03
   9.1727180e-06  -6.4370540e-04  -4.6565160e-04  -2.0942846e-03
  -2.0447685e-04  -9.8826058e-04  -2.5202079e-04  -1.9929482e-03
  -1.4450504e-04  -8.5343464e-04  -1.5832306e-04  -1.9479099e-03
  -1.3326033e-04  -7.6355068e-04  -4.0193715e-04  -1.8615863e-03
  -2.3821099e-04  -9.0961212e-04  -7.9616974e-05  -2.0642590e-03
  -4.3311937e-04  -6.0999892e-04   2.9072387e-05  -2.2556720e-03
  -3.5440637e-04  -9.4706377e-04  -1.9580215e-04  -2.0492462e-03
  -2.1946980e-04  -8.0849266e-04   3.6568205e-05  -1.9028715e-03
  -2.5695218e-04  -6.4370540e-04  -1.4707934e-04  -1.9141311e-03
   1.4785752e-04  -8.4219915e-04  -6.6429078e-04  -1.9704291e-03
   2.0408109e-04  -7.7104101e-04  -3.4571851e-04  -2.0980378e-03
   3.5401061e-04  -8.6841530e-04  -1.2459188e-04  -2.1130505e-03
   1.6285048e-04  -9.6204443e-04  -5.4060978e-04  -1.8916119e-03
  -2.1946980e-04  -7.2609903e-04  -1.1709606e-04  -1.8841055e-03
  -1.6699447e-04  -5.3509562e-04   2.9892183e-04  -1.9779355e-03
  -5.4931474e-04  -9.5080893e-04   1.1527429e-04  -1.7977820e-03
  -4.8934294e-04  -8.6092497e-04   1.7149293e-04  -2.0642590e-03
  -2.4570747e-04  -6.0999892e-04  -4.5885793e-05  -2.1130505e-03
  -5.8202340e-06  -9.7702509e-04  -9.8356519e-05  -1.9704291e-03
   1.7784343e-04  -7.8227651e-04  -1.3958352e-04  -2.1468293e-03
   8.0389240e-05  -6.5494090e-04  -3.4571851e-04  -1.9328971e-03
  -4.7050852e-05  -9.5829926e-04  -4.6587940e-06  -2.0042078e-03
  -1.4825328e-04  -7.4107969e-04  -8.3364883e-05  -2.1430761e-03
   3.1662146e-05  -7.9725717e-04  -1.3958352e-04  -2.0567526e-03
  -1.8198742e-04  -8.9463146e-04   5.9055659e-05  -2.0755186e-03
  -1.9323213e-04  -6.9239255e-04  -3.2323106e-04  -2.0680122e-03
  -4.3302614e-05  -8.4968948e-04  -2.7076033e-04  -2.1693485e-03
  -2.6819689e-04  -7.3358936e-04  -1.1709606e-04  -2.2519188e-03
  -2.3821099e-04  -7.9351200e-04  -2.5202079e-04  -2.1505825e-03
  -2.8318985e-04  -7.9725717e-04  -1.4707934e-04  -1.9891950e-03
  -2.4195923e-04  -6.7741189e-04  -1.3583561e-04  -2.2481656e-03
  -2.4570747e-04  -9.3957344e-04  -1.0210443e-04  -2.4320723e-03
  -3.9188875e-04  -7.7104101e-04  -4.9633702e-05  -2.1130505e-03
  -2.3821099e-04  -8.7216047e-04  -4.2137884e-05  -2.0792718e-03
  -1.1077090e-04  -9.5080893e-04  -1.2459188e-04  -2.1318165e-03
  -1.4825328e-04  -7.6729585e-04  -1.4333143e-04  -2.1430761e-03
  -2.1946980e-04  -7.0362804e-04  -1.8830634e-04  -2.2218933e-03
  -2.0447685e-04  -5.5007628e-04  -3.2697897e-04  -2.0379866e-03
  -1.5949799e-04  -6.5868606e-04  -1.4707934e-04  -2.0792718e-03
  -1.6324623e-04  -5.8752793e-04  -3.8389975e-05  -2.0192206e-03
  -2.1572156e-04  -7.8976684e-04  -1.2154612e-05  -1.9629227e-03
  -2.2321804e-04  -6.3246991e-04  -5.7129520e-05  -2.1130505e-03
  -1.7064948e-05  -5.2386012e-04  -9.1088500e-07  -1.9929482e-03
   2.7913908e-05  -9.8077025e-04   1.1902220e-04  -1.9629227e-03
  -6.2043804e-05  -5.9127309e-04  -9.1088500e-07  -1.9929482e-03
   2.7913908e-05  -6.9239255e-04  -4.2137884e-05  -1.9929482e-03
  -6.2043804e-05  -7.3733453e-04   6.5849330e-06  -1.7977820e-03
  -9.5777946e-05  -4.2274067e-04  -2.7146248e-05  -1.7940288e-03
   3.1662146e-05  -7.4857002e-04  -1.9955006e-04  -2.0042078e-03
  -9.5684720e-06  -8.4594431e-04   1.5275338e-04  -1.9629227e-03
  -5.8202340e-06  -6.5119573e-04   1.7898875e-04  -1.9554163e-03
  -1.3326033e-04  -4.6393748e-04  -2.8949988e-04  -1.9666759e-03
  -3.5065813e-04  -7.8976684e-04  -4.5885793e-05  -1.9441567e-03
  -2.2696628e-04  -1.0107316e-03  -4.9633702e-05  -1.8953651e-03
  -6.9540280e-05  -8.0100233e-04  -2.7825615e-04  -2.0755186e-03
   3.9158622e-05  -5.9876342e-04  -1.9955006e-04  -1.9816886e-03
  -1.0702266e-04  -6.1748925e-04  -2.0704588e-04  -1.9066247e-03
  -2.0813186e-05  -8.3470882e-04  -1.2833979e-04  -2.0042078e-03
  -2.3446275e-04  -8.6092497e-04  -4.5885793e-05  -1.8690927e-03
  -3.5815461e-04  -6.7741189e-04  -5.3381611e-05  -2.0079610e-03
  -6.9540280e-05  -9.7702509e-04  -1.1709606e-04  -1.9141311e-03
  -7.5546783e-04  -9.6953476e-04  -3.0449151e-04  -2.1017910e-03
   9.1633954e-05  -8.6467014e-04  -2.2953333e-04  -2.2669316e-03
  -4.9683941e-04  -7.6355068e-04  -4.0568506e-04  -2.0605058e-03
   2.0408109e-04  -6.2872474e-04  -5.9308051e-04  -2.1956209e-03
  -6.5792042e-05  -1.2991093e-03  -4.2442460e-04  -2.2106337e-03
  -5.1183236e-04  -2.6918890e-04  -5.7808887e-04  -2.0605058e-03
   4.8894718e-04  -1.3740126e-03   3.0266974e-04  -2.1393229e-03
  -1.7937298e-03  -4.4895682e-04  -9.4608610e-05  -2.1355697e-03
   1.9957389e-03  -8.0100233e-04  -3.4197060e-04  -2.0830250e-03
  -3.3080179e-03  -1.7822356e-03   2.0897202e-04  -2.1693485e-03
   3.4388105e-03   2.1389522e-03  -4.9938278e-04  -2.0980378e-03
   2.6666641e-02   4.1800671e-03   3.2515720e-04  -2.0980378e-03
   2.7303842e-02   8.3297099e-03  -1.2452167e-03  -9.4955947e-04
   2.6404358e-03  -3.9277935e-04   9.9872666e-03  -3.6105761e-03
  -1.6205705e-02   1.5322355e-03   2.2006811e-02  -7.4876286e-03
   8.3752399e-03   3.8280216e-03   1.5676592e-02  -6.3954483e-03
   1.9050222e-02  -1.4800429e-02   2.2440866e-03  -3.6030698e-03
  -9.2039963e-03  -9.8081242e-03  -6.4360706e-03  -3.0288306e-03
  -3.0347807e-02  -6.6509501e-03   1.2618299e-02  -1.0099854e-02
  -2.7472908e-02  -6.1116463e-03  -6.4473144e-03  -6.8383256e-03
   5.7102427e-03  -2.6361332e-03  -4.4282456e-02   3.0738677e-03
   2.9252926e-02  -6.5236145e-03  -3.3424763e-02   3.7531907e-04
  -5.9392810e-03   1.6033936e-03  -3.5583559e-02  -4.8416305e-04
  -3.7773066e-02   3.2250500e-03  -4.6576176e-02   2.0379853e-03
  -5.9467775e-03   1.4535870e-03  -5.4892786e-02   3.3178255e-03
   1.7164858e-02  -1.0743994e-03  -5.6624320e-02   3.5092386e-03
  -9.8074626e-03  -4.8045837e-03  -4.1482768e-02   2.1092961e-03
  -4.4036372e-02   1.2588384e-03  -2.0479486e-02  -4.6164386e-04
  -2.3241148e-02   3.7606086e-03  -4.1498461e-03  -2.7623536e-03
   2.5332269e-02  -2.0706133e-03   4.8151522e-03  -3.0851286e-03
   1.7434731e-02  -3.9282151e-03   1.7231975e-02  -3.1564393e-03
  -2.2356563e-02  -3.5158253e-04   4.1642106e-02  -6.7294829e-03
  -2.3417315e-02   8.0192829e-04   6.1730898e-02  -1.0497693e-02
   1.3191726e-02  -1.4826224e-03   4.4460534e-02  -5.0968422e-03
   2.9222940e-02  -3.2803016e-03   2.9142829e-02   1.4036950e-03
   1.1684934e-02   1.2213868e-03   3.0915590e-02   1.8540787e-03
   1.8458093e-03   6.2399079e-03   3.8992334e-02  -2.0492462e-03
   1.1306362e-02   4.1987929e-03   2.2321635e-02   3.6030628e-04
   1.4200002e-02  -2.0369068e-03  -1.2602083e-03   7.7578576e-03
   6.2424925e-03  -5.4712231e-03   2.5709745e-02   2.5521733e-03
  -6.3178530e-03  -2.4825814e-03   5.7357088e-02  -6.7557552e-03
  -1.0114818e-02  -1.2687263e-04   5.0509659e-02  -6.9884534e-03
   1.2430833e-02  -3.6656319e-04   2.1216002e-02  -1.5050326e-03
   2.9526547e-02  -1.1189197e-04   1.4852052e-02  -2.4020524e-04
   9.0049439e-03   2.0003811e-03   2.5185038e-02  -5.0668166e-03
  -2.1629405e-02   3.8167861e-03   1.8911038e-02  -5.7423920e-03
  -1.7615042e-02   9.4092105e-05  -3.1491544e-03  -2.6460045e-03
   9.8295563e-03  -1.9058260e-03  -1.8837902e-02  -1.2723344e-03
   1.0335568e-02  -1.5762515e-03  -2.6592325e-02  -3.9033312e-04
  -1.2247566e-02  -2.3552458e-03  -3.3124931e-02   2.2519119e-04
  -1.7633784e-02  -4.8266331e-04  -3.5171289e-02  -9.0077360e-05
  -6.0254905e-03  -1.9807293e-03  -3.6715427e-02  -1.2948536e-03
   1.4897267e-03  -3.0443562e-03  -3.6625478e-02  -1.4787603e-03
  -5.2945841e-03  -1.6548999e-03  -3.3634646e-02  -1.1484789e-03
  -1.7618791e-02  -1.8159420e-03  -2.2117322e-02  -2.3157232e-03
  -8.1919720e-03  -1.8679527e-04  -6.6309619e-03  -6.0951926e-03
   1.2726944e-02  -2.5420824e-04  -6.9195509e-03  -7.5739522e-03
   4.1997028e-03  -2.6544374e-04  -3.3424763e-02  -5.4796739e-04
  -1.4129181e-02   1.1652093e-03  -3.5879644e-02   2.0079598e-03
  -1.1625358e-02  -5.3509562e-04  -9.2732378e-03  -4.7290289e-03
  -4.8485437e-03  -3.1642014e-03  -5.6714972e-03  -6.0501542e-03
  -3.5479051e-03  -4.0780217e-03  -2.0603167e-02  -6.7558178e-05
  -2.6933069e-03  -3.5237373e-03  -1.9883568e-02   2.2706836e-03
   2.0557107e-03  -1.6249386e-03   3.6045776e-03  -2.5671874e-03
   1.5422021e-03  -1.0814681e-04   1.3446587e-02  -4.6502117e-03
   8.9375689e-04   1.9895672e-04   3.1398369e-03  -1.5763491e-04
   9.5446902e-03   6.7875950e-05   7.2962679e-03   8.3320910e-04
   1.0785357e-02  -7.7853134e-04   2.8127146e-02  -4.1622961e-03
   3.1662146e-05  -1.1193414e-03   3.2294821e-02  -5.3820851e-03
  -7.9445883e-03  -1.1680285e-03   1.9312064e-02  -1.6138753e-03
   3.1014691e-03  -9.5829926e-04   1.3975042e-02  -8.6323594e-04
   1.2753182e-02  -4.2274067e-04   1.8075254e-02  -2.8974687e-03
   2.1044378e-03   5.4351190e-04   1.3851361e-02  -1.9103779e-03
  -6.0517281e-03   1.6895324e-03   9.6424590e-03  -7.8817769e-05
   2.4165670e-05   1.4277925e-04   1.9192131e-02  -1.6851861e-03
   1.0530477e-02  -7.6729585e-04   2.5200029e-02  -3.4304227e-03
   7.4344322e-03  -1.3590319e-03   2.1605784e-02  -2.2143869e-03
  -2.0710994e-03  -1.9694938e-03   1.4297362e-02  -2.3645204e-04
   1.3622866e-03   2.8884068e-04   1.6501132e-02  -1.8428204e-03
   8.1878280e-03   8.0941862e-04   1.8405070e-02  -3.6781337e-03
   6.5460998e-03   7.4200565e-04   2.0529432e-03  -3.2652877e-04
   3.2588951e-03   9.2551873e-04  -6.8183574e-03   1.6814316e-03
   1.9320188e-03  -1.9428560e-04  -7.0551778e-04  -1.5425646e-03
  -4.1363785e-03  -8.1223783e-04  -1.4850828e-03  -3.6818869e-03
  -7.9220989e-03  -1.9844745e-03  -1.0112769e-02  -2.3607615e-03
  -5.3845418e-03  -3.2391047e-03  -1.6724081e-02  -1.8540799e-03
  -3.8964913e-03  -2.6885655e-03  -1.6199374e-02  -2.9425071e-03
  -7.1799478e-03  -1.3515416e-03  -1.6731577e-02  -2.9912986e-03
  -8.7242218e-03  -7.1860870e-04  -2.1330261e-02  -2.1092973e-03
  -2.1648053e-03  -2.7293407e-04  -2.2154801e-02  -1.4975262e-03
   1.1111547e-03  -4.8640847e-04  -1.6997678e-02  -2.3119700e-03
  -3.3455003e-03  -1.2167156e-03  -1.0817376e-02  -3.0851286e-03
  -4.9909768e-03  -1.2841286e-03  -6.5447600e-03  -3.0100646e-03
  -1.3626824e-03  -1.3815029e-03  -5.7427075e-03  -3.1526861e-03
  -7.4047488e-04  -1.2129705e-03  -1.2402742e-02  -1.7264713e-03
  -1.7599956e-03  -5.0513430e-04  -1.4040578e-02  -9.6081906e-04
  -1.7899815e-03  -5.5382144e-04  -7.9539738e-03  -2.4696043e-03
  -2.7382857e-03  -6.2123441e-04  -5.7689428e-03  -2.8749495e-03
  -2.0598547e-03  -8.1223783e-04  -6.8783239e-03  -1.9479099e-03
  -1.2015082e-03  -1.6586451e-03  -5.0868234e-03  -1.6664201e-03
  -9.7661388e-04  -1.6623903e-03   3.4014883e-04  -2.5296554e-03
  -2.5771115e-03  -1.4788772e-03   4.1592681e-03  -2.7135621e-03
  -1.4376472e-03  -1.2541673e-03   5.1112370e-03  -2.0154674e-03
   3.0639867e-03  -9.5080893e-04   5.5834735e-03  -1.5538242e-03
   6.4186597e-03  -6.8864738e-04   9.6724422e-03  -1.9967014e-03
   4.5895196e-03  -2.1675659e-04   1.0523218e-02  -2.0605058e-03
  -1.5463461e-03  -5.2760529e-04   5.5010195e-03  -6.9809527e-04
   2.1306754e-03  -7.5231519e-04   7.4986550e-03  -1.2723344e-03
   3.6037330e-03  -1.1193414e-03   7.1313599e-03  -1.6363945e-03
  -1.8462051e-03  -1.4676417e-03   4.6165130e-03  -5.8549936e-04
  -4.0313346e-04  -1.2691480e-03   1.1606363e-02  -2.0267270e-03
   9.3498750e-04  -1.3815029e-03   1.2764467e-02  -2.7435876e-03
   1.6808869e-03  -7.4482486e-04   1.0110948e-02  -1.7302244e-03
   3.1726856e-03  -1.7930494e-04   1.0800563e-02  -1.5425646e-03
   4.1209898e-03   2.1768255e-04   1.1763775e-02  -1.9891950e-03
   3.5625023e-03   5.1729575e-04   1.4124958e-02  -3.0288306e-03
   3.4651414e-04  -2.7667923e-04   1.0504478e-02  -2.5596810e-03
  -5.8202340e-06  -4.2274067e-04   5.4448009e-03  -1.4975262e-03
   1.8420611e-03  -2.7667923e-04   6.3930219e-03  -2.4658511e-03
   8.9750512e-04  -7.5231519e-04   4.7626815e-03  -2.9049751e-03
  -1.3439412e-03  -8.4594431e-04  -1.0840566e-03  -1.8503268e-03
  -1.0928093e-03  -9.2833794e-04  -4.5096454e-03  -1.6288881e-03
   2.7904585e-04  -6.0999892e-04  -6.4548102e-03  -1.8052884e-03
  -2.7569337e-04  -3.2911154e-04  -8.8047491e-03  -1.7339776e-03
  -2.7195445e-03  -7.0362804e-04  -1.1180923e-02  -1.8165480e-03
  -3.6753452e-03  -2.8042440e-04  -1.2796272e-02  -1.6514073e-03
  -3.0493895e-03  -6.0625375e-04  -1.1769345e-02  -2.0267270e-03
  -2.6558245e-03  -1.3777577e-03  -9.8766511e-03  -2.5484214e-03
  -2.8282434e-03  -1.2579125e-03  -9.5505830e-03  -2.4883702e-03
  -3.3492485e-03  -1.2316963e-03  -8.7073035e-03  -2.5934598e-03
  -2.8619776e-03  -1.1006155e-03  -6.5822391e-03  -2.4846170e-03
  -1.2277458e-03  -1.2953641e-03  -5.2967063e-03  -2.2293996e-03
  -9.5684720e-06  -1.1493027e-03  -4.6558139e-03  -2.1017910e-03
   8.5627451e-04  -7.5606035e-04  -3.4827183e-03  -2.1543357e-03
   1.4072655e-03  -7.9351200e-04  -3.6251389e-03  -2.0042078e-03
  -1.2015082e-03  -8.9088629e-04  -5.9151113e-03  -1.2160365e-03
  -2.6220904e-03  -1.0219671e-03  -4.5546203e-03  -1.3999431e-03
  -1.3326033e-04  -1.0706542e-03  -2.6701242e-04  -2.4095531e-03
   8.0005094e-04  -1.2803834e-03   8.3112491e-04  -2.7323280e-03
  -3.5440637e-04  -8.1972816e-04  -7.9546759e-04  -2.1956209e-03
  -3.7689580e-04  -6.2497958e-04  -3.2323106e-04  -1.8203012e-03
   7.1384146e-04  -8.4594431e-04   3.5933338e-03  -2.6122257e-03
   1.7446069e-03  -5.9501826e-04   5.7483815e-03  -3.2089841e-03
   6.5396288e-05  -6.6617639e-04   2.4164904e-03  -2.1393229e-03
  -2.4609161e-03  -4.2274067e-04  -4.1318088e-04  -8.7449553e-04
   1.4522443e-03  -7.2609903e-04   6.0669538e-03  -2.1956209e-03
   4.1847099e-03  -8.1598299e-04   9.1702224e-03  -3.1977245e-03
   1.0024558e-03  -3.0289539e-04   2.7163231e-03  -1.4224623e-03
  -8.4533232e-05  -8.8714113e-04   6.6246901e-04  -6.1927814e-04
   1.7858375e-03  -9.8826058e-04   4.4441092e-03  -1.9328971e-03
   2.5317369e-03  -8.2347332e-04   8.0271102e-03  -3.1001414e-03
   2.0408109e-04  -9.3582827e-04   5.0362788e-03  -2.1655953e-03
  -1.8573566e-04  -5.2386012e-04   1.4870090e-03  -1.0246234e-03
   2.4567721e-03  -4.3772133e-04   5.4035739e-03  -2.0379866e-03
   2.8166030e-03  -5.5382144e-04   7.3787219e-03  -3.0588562e-03
   1.9283638e-04  -3.1787605e-04   3.2597699e-03  -2.1918677e-03
  -9.9160683e-04  -2.6169857e-04   2.6144274e-04  -1.3436452e-03
   9.1999455e-04  -4.9764397e-04   1.6294295e-03  -2.0042078e-03
   1.0249452e-03  -6.5868606e-04   1.8692957e-03  -2.3682679e-03
  -1.3289482e-03  -6.4745057e-04  -1.8298905e-03  -2.1843613e-03
  -1.7599956e-03  -5.5756661e-04  -4.5920994e-03  -1.7264713e-03
   7.6641002e-05  -6.9988288e-04  -4.2248043e-03  -1.8165480e-03
   7.2892764e-05  -8.7590563e-04  -3.7525678e-03  -2.6122257e-03
  -1.7787368e-03  -7.8602167e-04  -6.0088090e-03  -1.9328971e-03
  -2.3859514e-03  -8.4594431e-04  -7.5566954e-03  -1.6889393e-03
  -1.5575908e-03  -1.1493027e-03  -4.9668903e-03  -2.2556720e-03
  -1.7823918e-04  -1.1979898e-03  -2.9055404e-03  -2.3982935e-03
  -4.4436408e-04  -8.7965080e-04  -4.0823838e-03  -2.3870339e-03
  -1.2464870e-03  -6.7366672e-04  -4.9181675e-03  -1.7489904e-03
  -9.5777946e-05  -7.0737321e-04  -3.3815248e-03  -1.9554163e-03
   5.1893309e-04  -8.3096365e-04  -1.3464102e-03  -2.4358255e-03
  -4.1812641e-04  -1.1118510e-03  -1.6799741e-03  -2.0830250e-03
  -9.5037621e-04  -1.2878738e-03  -2.9917423e-03  -1.7339776e-03
  -1.1827670e-03  -1.3253254e-03  -2.1634544e-03  -2.0379866e-03
  -5.1932884e-04  -1.1717737e-03  -6.6429078e-04  -2.5934598e-03
   3.5775885e-04  -9.8077025e-04  -1.3314186e-03  -2.2969572e-03
  -4.8559470e-04  -8.1598299e-04  -3.0292214e-03  -1.7752628e-03
  -5.6805593e-04  -6.7366672e-04  -2.1109837e-03  -1.8690927e-03
   2.9778704e-04  -9.8077025e-04   2.6144274e-04  -2.4696043e-03
   1.1037514e-04  -9.6953476e-04   4.8631728e-04  -2.6084725e-03
  -7.5921607e-04  -9.2084761e-04  -8.5918205e-04  -2.2106337e-03
  -5.8679712e-04  -7.6729585e-04  -4.7314742e-04  -2.1430761e-03
   6.3512846e-04  -7.3733453e-04   1.4682694e-03  -2.6197321e-03
   6.2388375e-04  -1.0743994e-03   1.5207402e-03  -2.6610173e-03
   2.7904585e-04  -5.6131177e-04   7.4047295e-05  -1.8465736e-03
   5.5641547e-04  -6.5119573e-04   4.1510701e-04  -1.6626669e-03
   1.0174487e-03  -7.8227651e-04   2.1578847e-03  -1.9479099e-03
   6.5012142e-04  -5.5382144e-04   2.1391452e-03  -1.9816886e-03
  -2.0447685e-04  -9.5080893e-04   9.9978082e-04  -1.7452372e-03
   6.3138023e-04  -8.6841530e-04   7.4117510e-04  -1.7039521e-03
   1.2948184e-03  -7.8227651e-04   1.5582193e-03  -2.2444124e-03
   7.0634499e-04  -6.9613771e-04   1.7006398e-03  -2.3532552e-03
  -9.2029708e-05  -6.2872474e-04   3.6263629e-04  -1.9216375e-03
  -3.3941342e-04  -6.3246991e-04   5.1630056e-04  -1.8728459e-03
   2.7913908e-05  -8.0100233e-04   1.7681022e-03  -2.2969572e-03
  -4.9309117e-04  -1.0032412e-03   1.4570257e-03  -2.2218933e-03
  -6.5426541e-04  -6.4745057e-04   1.6774502e-04  -2.0529994e-03
   1.2911633e-04  -7.7104101e-04  -5.1812233e-04  -2.0755186e-03
   8.8251217e-04  -7.0737321e-04  -2.0704588e-04  -1.9479099e-03
   8.9750512e-04  -6.0250859e-04  -4.2442460e-04  -2.0717654e-03
  -3.2057900e-05  -6.8490222e-04  -1.3276707e-03  -1.7564968e-03
  -3.1317575e-04  -5.1262463e-04  -1.3726456e-03  -1.6439009e-03
  -2.1572156e-04  -7.0362804e-04  -9.2664441e-04  -2.1130505e-03
  -3.2816870e-04  -8.2721849e-04  -1.1102919e-03  -2.0830250e-03
  -6.2053127e-04  -7.8976684e-04  -1.6949658e-03  -1.9816886e-03
  -6.5426541e-04  -7.1860870e-04  -1.2564604e-03  -2.2706848e-03
  -1.0702266e-04  -8.9837662e-04  -4.1692878e-04  -2.4095531e-03
  -1.6699447e-04  -8.6092497e-04  -8.1795505e-04  -2.2218933e-03
  -6.2802774e-04  -6.6243123e-04  -1.3726456e-03  -2.1618421e-03
  -4.4811232e-04  -6.2497958e-04  -1.3089311e-03  -2.0492462e-03
  -1.7074271e-04  -6.8490222e-04  -1.2602083e-03  -2.2631784e-03
  -5.0808413e-04  -1.0257122e-03  -1.3688977e-03  -2.3419956e-03
  -4.7809822e-04  -8.1223783e-04  -1.5862764e-03  -1.9328971e-03
  -1.4450504e-04  -8.4219915e-04  -1.3876372e-03  -2.1731017e-03
  -1.1451914e-04  -1.0219671e-03  -7.9171968e-04  -2.2218933e-03
  -2.0822509e-04  -8.3470882e-04  -8.6667786e-04  -2.1655953e-03
  -2.6444866e-04  -1.0219671e-03  -8.1420714e-04  -2.2143869e-03
   5.4151574e-05  -9.7702509e-04  -3.4571851e-04  -2.3119700e-03
  -1.4075680e-04  -8.6092497e-04  -1.5457515e-04  -2.4958766e-03
  -3.9188875e-04  -9.9200575e-04  -2.7146248e-05  -2.2669316e-03
   8.0389240e-05  -9.3582827e-04  -1.6581888e-04  -2.2631784e-03
   1.1787162e-04  -7.9351200e-04   1.7524084e-04  -2.0154674e-03
  -2.0813186e-05  -9.2459278e-04   6.1374619e-04  -2.1130505e-03
  -1.1826737e-04  -8.7216047e-04   3.5514047e-04  -2.2894508e-03
  -6.5792042e-05  -7.4482486e-04   2.3895529e-04  -2.0192206e-03
   3.0903176e-04  -7.9351200e-04   4.0011538e-04  -1.9816886e-03
   7.2892764e-05  -6.5868606e-04   3.0641765e-04  -2.0154674e-03
   1.1037514e-04  -6.3996024e-04   2.8370240e-06  -2.0605058e-03
   3.7650004e-04  -4.4521166e-04  -9.1088500e-07  -1.5725902e-03
   1.2536810e-04  -5.8378276e-04  -2.3398339e-05  -1.8353140e-03
   1.5910224e-04  -7.3358936e-04   4.0316114e-05  -2.1168037e-03
   9.1633954e-05  -4.8640847e-04   3.2515720e-04  -1.7640032e-03
  -2.4195923e-04  -5.8003760e-04   3.8137583e-04  -2.1130505e-03
  -2.4945570e-04  -5.6880210e-04   5.2379637e-04  -1.9591695e-03
  -1.2576385e-04  -7.7478618e-04   5.7626710e-04  -1.7114585e-03
  -1.4450504e-04  -8.3096365e-04   3.4764465e-04  -1.8765991e-03
  -1.5200152e-04  -5.4258595e-04   3.2140929e-04  -1.9066247e-03
   5.7899812e-05  -5.0887946e-04   3.1391347e-04  -2.1580889e-03
   3.7275180e-04  -7.1486354e-04   2.0522411e-04  -2.0492462e-03
   2.3781524e-04  -7.2609903e-04   3.7388001e-04  -1.7790160e-03
  -8.4533232e-05  -5.3884078e-04   2.3895529e-04  -1.9066247e-03
  -1.6699447e-04  -7.8227651e-04   1.6399711e-04  -1.9103779e-03
  -1.6324623e-04  -8.5343464e-04   5.9500665e-04  -1.9891950e-03
  -1.5574975e-04  -8.1598299e-04   4.0761120e-04  -2.2293996e-03
  -2.0072861e-04  -6.3246991e-04   4.4134238e-04  -2.2031273e-03
  -2.9443456e-04  -7.7104101e-04   6.3248574e-04  -2.1280633e-03
  -4.5935703e-04  -1.0743994e-03   1.3026593e-04  -2.1956209e-03
  -2.3821099e-04  -7.7853134e-04   1.2651802e-04  -2.2143869e-03
  -2.0822509e-04  -9.2833794e-04   1.4150966e-04  -2.1843613e-03
