   3.5410384e-05  -9.0212179e-04  -2.3398339e-05  -1.8240544e-03
  -5.4547328e-05  -5.2386012e-04  -2.7146248e-05  -2.0567526e-03
  -6.5792042e-05  -6.1374408e-04  -4.5885793e-05  -1.9216375e-03
  -9.5684720e-06  -6.1374408e-04  -3.4946642e-04  -1.7302244e-03
   1.4410929e-04  -6.5119573e-04  -5.7129520e-05  -1.8503268e-03
   8.4137478e-05  -8.2347332e-04   2.1576569e-05  -1.7114585e-03
  -2.6070042e-04  -5.8752793e-04  -2.7146248e-05  -1.8503268e-03
   5.4244800e-06  -7.9351200e-04  -9.4608610e-05  -1.9103779e-03
  -8.8281470e-05  -6.9239255e-04  -2.7450824e-04  -2.1092973e-03
  -1.4450504e-04  -6.5494090e-04  -1.5457515e-04  -2.3157232e-03
   1.8533990e-04  -9.8451542e-04  -2.7825615e-04  -2.1768549e-03
  -7.3288518e-05  -8.6092497e-04  -1.0960025e-04  -2.0867782e-03
  -1.5949799e-04  -9.0961212e-04  -2.4452497e-04  -1.9929482e-03
   1.0662691e-04  -7.1111837e-04  -2.4452497e-04  -2.1168037e-03
   1.1412338e-04  -5.4258595e-04   1.8273666e-04  -2.1280633e-03
  -2.0822509e-04  -6.2123441e-04   2.9072387e-05  -2.1731017e-03
  -2.8693808e-04  -5.2011496e-04  -1.2833979e-04  -2.1918677e-03
  -7.3288518e-05  -7.2984420e-04  -1.8081052e-04  -1.9666759e-03
  -6.5792042e-05  -6.5494090e-04  -3.4642066e-05  -1.9854418e-03
  -1.1826737e-04  -5.8003760e-04  -6.0877429e-05  -1.9141311e-03
  -2.8693808e-04  -8.9088629e-04  -1.5082725e-04  -1.9854418e-03
  -1.1077090e-04  -9.4331860e-04  -1.5457515e-04  -2.1543357e-03
  -5.0799090e-05  -6.6243123e-04  -2.5202079e-04  -1.9554163e-03
  -2.9818280e-04  -7.5231519e-04  -2.1454170e-04  -1.9103779e-03
  -1.7449094e-04  -9.9200575e-04  -2.7450824e-04  -2.1505825e-03
  -3.3191694e-04  -8.5717981e-04  -3.0823942e-04  -2.1130505e-03
  -1.7823918e-04  -8.8339596e-04  -1.9955006e-04  -1.9591695e-03
   1.8908814e-04  -9.4331860e-04  -1.4707934e-04  -2.1430761e-03
  -4.3302614e-05  -8.4594431e-04  -1.4333143e-04  -2.1130505e-03
  -1.6699447e-04  -8.1972816e-04  -2.9699570e-04  -2.1843613e-03
  -1.8573566e-04  -1.0893800e-03  -4.9563487e-04  -2.3382424e-03
  -3.3941342e-04  -7.3733453e-04  -3.2323106e-04  -2.1130505e-03
  -2.7569337e-04  -6.8864738e-04  -4.3941624e-04  -2.2106337e-03
  -2.7944161e-04  -1.2242060e-03  -3.9069342e-04  -2.1768549e-03
  -3.8064403e-04  -8.9837662e-04  -9.4608610e-05  -1.9253907e-03
  -9.5777946e-05  -8.7965080e-04  -4.3566833e-04  -2.1130505e-03
  -3.2057900e-05  -9.5829926e-04  -4.2442460e-04  -2.1430761e-03
  -2.8693808e-04  -8.4594431e-04  -3.9069342e-04  -2.1693485e-03
  -3.0567927e-04  -9.6578959e-04  -4.7314742e-04  -2.5671874e-03
  -2.1197332e-04  -9.6953476e-04  -1.7706261e-04  -2.3532552e-03
  -1.6699447e-04  -7.8602167e-04  -2.8200406e-04  -1.9253907e-03
  -1.7074271e-04  -8.1972816e-04  -2.4452497e-04  -1.9554163e-03
   1.2920956e-05  -9.8826058e-04   9.2786840e-05  -1.9967014e-03
   1.2920956e-05  -6.6617639e-04  -1.2459188e-04  -1.9253907e-03
  -1.4825328e-04  -7.1486354e-04  -2.8949988e-04  -2.1168037e-03
   9.9130430e-05  -8.2721849e-04  -2.0329797e-04  -2.1768549e-03
  -2.8309662e-05  -8.1223783e-04  -9.0860701e-05  -1.8278076e-03
  -2.8318985e-04  -7.7104101e-04  -7.9616974e-05  -2.0004546e-03
  -8.8281470e-05  -7.1486354e-04  -3.5321433e-04  -2.0379866e-03
  -1.1826737e-04  -1.0893800e-03  -1.6956679e-04  -2.0379866e-03
  -1.1826737e-04  -8.0100233e-04  -6.0877429e-05  -2.2068805e-03
  -1.0702266e-04  -8.9088629e-04  -2.7076033e-04  -2.0454930e-03
  -1.2201561e-04  -8.5717981e-04   2.8370240e-06  -1.8240544e-03
  -1.3700856e-04  -4.7517298e-04  -9.1088500e-07  -1.6101221e-03
  -8.4533232e-05  -9.0212179e-04  -2.5202079e-04  -2.0717654e-03
   5.4244800e-06  -7.1486354e-04  -1.2154612e-05  -2.1881145e-03
  -2.5695218e-04  -6.7741189e-04  -2.0329797e-04  -1.8578331e-03
  -2.1572156e-04  -7.5231519e-04  -2.1828961e-04  -2.0567526e-03
  -3.5806138e-05  -8.2721849e-04   3.6568205e-05  -1.9854418e-03
  -3.5806138e-05  -1.0144767e-03  -3.3447479e-04  -1.9404035e-03
  -3.2057900e-05  -7.1860870e-04  -2.2578543e-04  -2.1468293e-03
  -3.5806138e-05  -7.5231519e-04  -1.9580215e-04  -1.9929482e-03
  -1.2201561e-04  -6.5868606e-04  -1.7706261e-04  -1.9891950e-03
  -2.9443456e-04  -8.0474750e-04   1.1902220e-04  -2.2181401e-03
  -2.0822509e-04  -1.0144767e-03  -3.8389975e-05  -2.1468293e-03
  -1.4450504e-04  -7.1486354e-04   1.0332842e-05  -2.1017910e-03
  -3.1692399e-04  -9.0961212e-04  -7.9616974e-05  -2.0117142e-03
  -2.2696628e-04  -9.7327992e-04  -4.4691206e-04  -1.9967014e-03
   8.7885716e-05  -6.3996024e-04  -1.3208770e-04  -2.1468293e-03
  -1.1077090e-04  -5.9501826e-04   1.4900547e-04  -2.1843613e-03
  -2.9443456e-04  -6.2872474e-04  -6.0877429e-05  -2.3082168e-03
   1.6669194e-05  -8.7216047e-04  -2.7146248e-05  -2.1280633e-03
   2.7913908e-05  -9.0212179e-04  -1.8081052e-04  -2.0229738e-03
  -1.0702266e-04  -7.5980552e-04  -3.2697897e-04  -2.2031273e-03
  -1.2201561e-04  -8.6092497e-04  -2.6326452e-04  -2.1243101e-03
  -1.1451914e-04  -7.2984420e-04  -7.2121156e-05  -2.2519188e-03
   6.9144526e-05  -7.2984420e-04   1.7828660e-05  -2.3832807e-03
   9.5382192e-05  -7.0737321e-04  -1.5457515e-04  -2.1505825e-03
  -7.3288518e-05  -7.1111837e-04  -4.5885793e-05  -2.0492462e-03
  -2.6070042e-04  -7.7104101e-04  -2.1079379e-04  -2.2181401e-03
  -4.3302614e-05  -6.1374408e-04  -2.0704588e-04  -2.0492462e-03
   2.1907405e-04  -8.1598299e-04   9.2786840e-05  -1.8803523e-03
  -5.4547328e-05  -6.9613771e-04   8.9038931e-05  -2.1318165e-03
   6.9144526e-05  -5.3509562e-04   8.1543113e-05  -2.0680122e-03
   9.9130430e-05  -8.6467014e-04  -9.0860701e-05  -1.9216375e-03
  -8.8281470e-05  -7.5980552e-04  -9.1088500e-07  -1.9066247e-03
  -1.8573566e-04  -5.8752793e-04   3.1016556e-04  -1.9253907e-03
  -2.1572156e-04  -7.4857002e-04  -9.1088500e-07  -2.1318165e-03
   1.7034695e-04  -8.3845398e-04  -2.2203752e-04  -2.1843613e-03
   9.9130430e-05  -7.9351200e-04   1.0403057e-04  -2.0192206e-03
   1.6762420e-06  -7.3358936e-04   3.2820296e-05  -1.8991183e-03
  -2.8309662e-05  -9.3208311e-04  -5.3381611e-05  -2.0267270e-03
  -2.7569337e-04  -1.0107316e-03   5.5307750e-05  -2.0867782e-03
  -1.8948390e-04  -6.8864738e-04  -4.5885793e-05  -1.9366503e-03
  -1.5200152e-04  -7.6729585e-04  -1.9205424e-04  -1.9028715e-03
  -3.0193104e-04  -9.5080893e-04  -2.7076033e-04  -1.9967014e-03
  -2.7569337e-04  -7.8976684e-04  -1.9650430e-05  -2.0605058e-03
  -9.9526184e-05  -7.4107969e-04  -3.4642066e-05  -1.9216375e-03
  -4.3302614e-05  -6.3621507e-04  -1.1334816e-04  -1.9666759e-03
  -2.0719960e-06  -7.8976684e-04   8.1543113e-05  -1.9216375e-03
  -5.0799090e-05  -1.0182219e-03  -1.1709606e-04  -1.7452372e-03
  -1.5574975e-04  -8.3845398e-04  -1.6581888e-04  -2.0192206e-03
  -1.8573566e-04  -8.1972816e-04  -1.0585234e-04  -2.0680122e-03
  -1.3700856e-04  -7.8976684e-04  -4.2067669e-04  -2.1655953e-03
  -9.5777946e-05  -7.9725717e-04  -2.6701242e-04  -2.2031273e-03
  -2.8318985e-04  -9.0961212e-04  -1.5457515e-04  -1.8540799e-03
  -2.8693808e-04  -6.8490222e-04  -4.4316415e-04  -2.0417398e-03
  -7.3288518e-05  -5.6880210e-04  -1.6581888e-04  -2.2856976e-03
  -1.1077090e-04  -9.0212179e-04   1.7828660e-05  -2.0642590e-03
  -2.9068632e-04  -8.9837662e-04  -2.5951661e-04  -2.0267270e-03
  -2.6070042e-04  -8.8339596e-04  -2.5202079e-04  -2.3082168e-03
  -1.9323213e-04  -1.2167156e-03  -2.1828961e-04  -2.2068805e-03
  -2.7569337e-04  -8.9463146e-04  -2.8949988e-04  -2.0680122e-03
  -2.7944161e-04  -8.4219915e-04  -6.8373247e-05  -2.1505825e-03
  -2.5320394e-04  -1.0257122e-03  -2.1079379e-04  -1.9591695e-03
  -2.1197332e-04  -9.0961212e-04  -3.2697897e-04  -2.0830250e-03
  -2.4195923e-04  -1.0294574e-03  -1.2833979e-04  -2.3344892e-03
  -2.1197332e-04  -9.3208311e-04  -4.2442460e-04  -2.1205569e-03
  -2.6819689e-04  -8.5717981e-04  -3.0074361e-04  -2.0942846e-03
  -4.3311937e-04  -8.4219915e-04  -1.2154612e-05  -2.3157232e-03
  -2.0072861e-04  -1.1118510e-03  -3.8319760e-04  -2.1993741e-03
  -4.2562289e-04  -1.0444381e-03  -4.2817251e-04  -1.9554163e-03
  -3.2442046e-04  -8.7965080e-04  -1.5082725e-04  -2.1130505e-03
   2.3406700e-04  -1.0107316e-03  -3.0823942e-04  -2.1655953e-03
  -1.5949799e-04  -6.6992156e-04  -3.5696224e-04  -1.9291439e-03
  -2.1572156e-04  -9.9949608e-04  -2.5951661e-04  -2.0567526e-03
  -5.0799090e-05  -8.8714113e-04  -2.6326452e-04  -1.9779355e-03
  -3.5440637e-04  -6.1748925e-04  -3.4642066e-05  -1.8953651e-03
  -2.5320394e-04  -8.5343464e-04  -1.7706261e-04  -2.0379866e-03
   1.6669194e-05  -6.6243123e-04  -2.9324779e-04  -1.7414840e-03
   3.5410384e-05  -8.6841530e-04  -1.9580215e-04  -1.7264713e-03
  -1.2576385e-04  -8.0474750e-04  -3.0074361e-04  -2.0905314e-03
  -2.2696628e-04  -8.1223783e-04  -3.1198733e-04  -1.8578331e-03
   9.1727180e-06  -8.7965080e-04  -1.3958352e-04  -1.5876030e-03
  -1.6699447e-04  -6.0625375e-04  -1.7331470e-04  -1.8203012e-03
  -3.2067223e-04  -5.2760529e-04  -4.1692878e-04  -1.8465736e-03
  -1.3700856e-04  -4.7517298e-04   1.0028266e-04  -1.9704291e-03
  -2.6070042e-04  -8.4968948e-04   4.4064023e-05  -2.0717654e-03
   3.5410384e-05  -9.7702509e-04  -1.8455843e-04  -2.2481656e-03
   4.6655098e-05  -9.6578959e-04   1.2277011e-04  -2.3720211e-03
  -7.7036756e-05  -8.7590563e-04  -2.7076033e-04  -2.0229738e-03
   1.6669194e-05  -5.4633111e-04  -6.0877429e-05  -2.0680122e-03
  -1.8198742e-04  -8.7590563e-04  -1.2084397e-04  -1.9441567e-03
   9.1727180e-06  -7.2984420e-04  -2.8949988e-04  -2.0004546e-03
  -1.3700856e-04  -5.9876342e-04  -9.0860701e-05  -2.1468293e-03
  -2.9068632e-04  -1.0069864e-03  -3.6445806e-04  -1.9441567e-03
  -2.0719960e-06  -8.8339596e-04  -7.5869065e-05  -2.2369060e-03
  -1.2951209e-04  -8.6092497e-04  -1.0960025e-04  -2.1355697e-03
  -9.2029708e-05  -7.5606035e-04  -1.6581888e-04  -2.0942846e-03
  -5.4547328e-05  -8.4219915e-04  -3.0894157e-05  -2.2293996e-03
  -1.8573566e-04  -9.5455410e-04  -1.5457515e-04  -2.0867782e-03
  -2.0447685e-04  -7.2235387e-04  -1.8081052e-04  -2.2781912e-03
  -2.1946980e-04  -8.9088629e-04  -1.9205424e-04  -2.2706848e-03
   7.2892764e-05  -6.6243123e-04  -1.5902521e-05  -2.2181401e-03
  -3.9554376e-05  -6.7741189e-04  -1.2084397e-04  -2.2481656e-03
  -2.0072861e-04  -9.6953476e-04  -1.6207097e-04  -2.1243101e-03
  -1.4825328e-04  -6.1374408e-04  -2.1828961e-04  -1.9366503e-03
  -2.2696628e-04  -7.3358936e-04  -2.0329797e-04  -2.0342334e-03
   1.7409519e-04  -8.5343464e-04   2.8370240e-06  -2.3157232e-03
  -6.5792042e-05  -7.2984420e-04  -7.9616974e-05  -2.0267270e-03
  -3.5440637e-04  -8.9088629e-04  -1.4333143e-04  -1.9666759e-03
   2.0417432e-05  -6.9988288e-04  -2.7825615e-04  -2.0529994e-03
   4.2906860e-05  -5.9501826e-04  -9.8356519e-05  -1.9479099e-03
   5.7899812e-05  -7.7853134e-04   6.5849330e-06  -2.0792718e-03
  -1.9323213e-04  -8.5343464e-04   3.6568205e-05  -1.9028715e-03
  -4.3302614e-05  -7.8227651e-04   3.5139256e-04  -1.9178843e-03
   1.2911633e-04  -6.9988288e-04   2.8767811e-04  -2.0229738e-03
  -1.5949799e-04  -7.7478618e-04   2.3520738e-04  -1.9629227e-03
  -3.5806138e-05  -6.6243123e-04  -1.9650430e-05  -1.8540799e-03
  -3.9554376e-05  -6.6243123e-04   5.5307750e-05  -1.7564968e-03
  -6.5792042e-05  -6.0999892e-04   3.2820296e-05  -2.1017910e-03
  -1.2201561e-04  -6.2872474e-04  -3.1573524e-04  -1.9366503e-03
   8.7885716e-05  -9.0212179e-04  -4.7689533e-04  -1.8653395e-03
   1.6762420e-06  -6.1748925e-04  -9.8661095e-04  -2.0492462e-03
  -2.4945570e-04  -6.4745057e-04  -6.4625338e-05  -2.0454930e-03
  -1.0702266e-04  -1.0219671e-03  -7.1676150e-04  -2.0680122e-03
  -2.0447685e-04  -9.5080893e-04   9.2786840e-05  -1.7077053e-03
  -1.2201561e-04  -7.7478618e-04  -1.5902521e-05  -1.9629227e-03
  -2.8318985e-04  -7.5606035e-04  -6.5304705e-04  -1.9141311e-03
   1.0287867e-04  -6.5868606e-04   8.1238537e-04  -2.2031273e-03
   1.7784343e-04  -7.0737321e-04  -1.4213684e-03  -2.2031273e-03
  -4.3302614e-05  -8.3096365e-04   1.4757653e-03  -1.9291439e-03
  -1.2201561e-04  -6.2497958e-04  -1.9310840e-03  -2.3194764e-03
  -4.8184646e-04  -7.6729585e-04   1.6069421e-03  -1.6776797e-03
   2.7529762e-04  -7.9725717e-04  -6.8303032e-04  -2.6535109e-03
  -9.2413854e-04  -8.3845398e-04  -1.3951330e-03   1.5237974e-03
   2.7453865e-03  -6.9239255e-04   4.5101426e-02   7.3187335e-03
   4.7956726e-03  -3.2911154e-04   9.5297171e-02   3.5242514e-03
  -4.2825598e-03  -4.8224165e-05   1.1317095e-01  -8.7449553e-04
  -5.0659415e-03   9.0346940e-05   5.8762554e-02  -1.7977820e-03
   2.0557107e-03  -2.5420824e-04  -3.0517088e-03  -3.2690352e-03
   5.6765086e-03   2.7386002e-04  -1.8861091e-03  -8.5798090e-03
  -2.1760500e-03   6.1841520e-04   4.4740925e-03  -9.9534791e-03
  -1.2641131e-02   5.3602157e-04  -2.0704360e-02  -3.6931465e-03
  -9.3314364e-03  -7.6355068e-04  -9.7536495e-02  -7.2436765e-04
  -1.0789501e-02  -2.9731980e-03  -1.7059074e-01   3.2277431e-04
  -1.8136047e-02  -3.3214984e-03  -1.8656058e-01  -2.4020524e-04
  -1.1625358e-02  -3.3664404e-03  -1.6267890e-01  -4.8153524e-03
  -3.2442979e-03  -2.9432367e-03  -1.2489998e-01  -9.3079292e-03
  -4.9534944e-03  -1.8459034e-03  -8.6765004e-02  -1.1180774e-02
  -1.4301507e-03  -1.6474096e-03  -5.3142513e-02  -9.4880826e-03
   4.5145548e-03  -1.5575257e-03  -1.8553060e-02  -8.0018166e-03
   2.0894448e-03  -1.6211935e-03   1.2655778e-02  -5.8925199e-03
  -1.6025696e-03  -2.8570979e-03   2.8022205e-02  -1.1260223e-05
   7.9104584e-03  -2.4264039e-03   4.9284092e-02   3.1339189e-03
   1.9387563e-02  -1.7148226e-03   7.4833588e-02   2.1993728e-03
   1.5275746e-02  -1.2841286e-03   9.0683495e-02   8.5948148e-04
   1.1486277e-02   9.1053807e-04   9.7549665e-02  -1.2010294e-04
   1.2532036e-02  -3.0664055e-04   9.5735677e-02  -1.4449815e-03
   1.0766616e-02  -3.0664055e-04   8.9405458e-02  -2.9124815e-03
   4.3458841e-03   1.7494550e-03   6.5010319e-02  -1.2911004e-03
   4.8369033e-03   2.0265972e-03   3.3340488e-02   4.1660423e-04
   2.7378900e-03   2.6520398e-03   6.3705344e-03   3.2840467e-03
  -8.9528643e-03   9.2177357e-04  -7.8977551e-03   5.9600762e-03
  -4.7248519e-03  -1.2092253e-03   1.3547780e-02   8.3320910e-04
   6.6135681e-03  -2.8308818e-03   3.2036215e-02  -5.5659918e-03
   6.4748833e-03  -1.7784904e-03   1.7573034e-02  -3.2577756e-03
   2.8878195e-03   1.4161353e-03  -2.5682286e-03   2.0229726e-03
   7.6930606e-03   2.4048589e-03   6.0856933e-03  -1.5237986e-03
   5.9051511e-03   2.4572912e-03   1.4050000e-02  -5.0518038e-03
  -4.7435931e-03   1.2779859e-04  -3.7975427e-03  -1.0133638e-03
  -3.2517943e-03  -2.4676008e-03  -9.5243477e-03   3.4154029e-04
  -2.3634619e-03  -3.2465951e-03  -7.6541411e-03  -2.3307360e-03
  -1.1362981e-02  -2.4451298e-03  -1.2612625e-02  -3.0400902e-03
  -9.8299520e-03  -6.6617639e-04  -2.2630785e-02  -1.9253907e-03
   3.6974389e-03  -9.6953476e-04  -2.8990987e-02  -1.7527436e-03
   2.7866171e-03  -1.4339352e-03  -3.0655059e-02  -1.9103779e-03
  -6.0517281e-03  -7.1111837e-04  -2.4782085e-02  -4.0909854e-03
  -9.9798816e-03  -8.9463146e-04  -1.9793618e-02  -5.6147833e-03
  -1.1764043e-02  -1.8796099e-03  -2.1600110e-02  -4.2261005e-03
   1.4260067e-03  -1.9769841e-03  -1.3497131e-02  -4.7440416e-03
   7.7680254e-03  -9.2459278e-04  -1.2170371e-02  -3.9408575e-03
   9.2749103e-04   3.1505684e-04  -1.8879129e-02  -1.8991183e-03
  -8.9415264e-04   9.5922522e-04  -2.8994735e-02   2.5521676e-04
  -3.0194036e-03  -2.5795341e-04  -3.4343001e-02   1.6138741e-03
  -3.2067223e-04  -1.6174483e-03  -2.4917010e-02  -2.1768549e-03
  -1.7862333e-03  -1.4601514e-03  -1.8152034e-02  -5.0518038e-03
  -7.2324231e-03  -1.7672549e-03  -1.6120667e-02  -5.0518038e-03
  -2.3109866e-03  -1.5387998e-03  -1.1499496e-02  -5.5021874e-03
   2.4005486e-03  -8.6841530e-04  -8.0776548e-03  -4.8566375e-03
   1.1111547e-03  -7.7853134e-04  -8.1188818e-03  -2.4208127e-03
   2.5655643e-04  -4.6019232e-04  -6.1699691e-03   2.2519119e-04
   4.2221922e-03  -1.2466770e-03   1.8543041e-03  -7.1311375e-05
   5.3991390e-03  -2.0219261e-03   1.0613167e-02  -1.3173728e-03
   3.2402471e-04  -1.5874870e-03   1.3990033e-02  -8.3321037e-04
   1.7409519e-04  -1.2991093e-03   2.0264033e-02  -2.0792718e-03
   3.3076222e-03  -1.2728931e-03   2.6290671e-02  -3.9183383e-03
   3.7386695e-03  -6.3246991e-04   2.5091340e-02  -3.4154099e-03
   3.3226151e-03  -1.6806945e-04   2.0638824e-02  -2.0342334e-03
   3.8248790e-03  -1.8305011e-04   1.5942694e-02  -8.8200193e-04
   4.7844279e-03  -3.8528902e-04   1.4555968e-02  -4.6164386e-04
   1.2048606e-03  -6.8490222e-04   1.0808059e-02  -3.7532602e-05
  -3.5516534e-03  -5.9459660e-05   4.6240088e-03   4.1660423e-04
  -4.9909768e-03  -1.0814681e-04   2.8587437e-03   2.5146357e-04
  -2.3634619e-03  -2.6544374e-04   7.5623695e-03  -1.4524879e-03
   4.7881762e-03   1.6150507e-04   1.6193804e-02  -4.5226030e-03
   3.6749495e-03  -2.1301143e-04   1.1939927e-02  -4.1172577e-03
  -5.1109204e-03  -1.6057912e-04   7.1119182e-04  -9.8333825e-04
  -5.0397039e-03  -6.6617639e-04   3.6045776e-03  -9.0452111e-04
   2.2657052e-04  -1.5874870e-03   8.9865749e-03  -2.4245659e-03
  -2.5695218e-04  -1.1830092e-03   3.6682920e-03  -1.4299687e-03
  -2.1010853e-03  -7.4857002e-04  -3.6026514e-03   3.1902111e-04
   9.5382192e-05  -3.7779869e-04  -1.1627627e-03  -7.9567840e-04
   2.7913908e-05  -4.4479000e-05   4.2379742e-03  -2.9950518e-03
  -4.0501690e-03  -1.6432428e-04   1.9554976e-03  -3.1076477e-03
  -4.9984732e-03  -4.0776001e-04  -3.1566503e-03  -2.1918677e-03
  -1.7862333e-03  -7.6729585e-04  -2.4333038e-03  -2.5521746e-03
  -6.9549603e-04  -8.8339596e-04  -1.9798068e-03  -2.8862091e-03
  -2.4609161e-03  -8.0100233e-04  -6.4210790e-03  -1.8540799e-03
  -1.5950731e-03  -6.2872474e-04  -9.2432545e-03  -7.3938044e-04
   1.2873219e-03  -8.0849266e-04  -8.0514194e-03  -9.1202750e-04
   2.5992052e-03  -8.5717981e-04  -3.7150887e-03  -2.0905314e-03
   5.6016370e-04  -7.5606035e-04  -2.7368845e-03  -2.5033830e-03
  -2.3672102e-03  -9.7702509e-04  -4.1535941e-03  -2.4545915e-03
  -1.4413954e-03  -1.2354415e-03  -3.0741963e-03  -2.6234853e-03
   1.2910701e-03  -1.5425450e-03  -9.2289650e-04  -3.2315032e-03
   1.1823712e-03  -1.1792640e-03  -1.4663433e-03  -3.2239969e-03
  -1.2576385e-04  -8.9463146e-04  -5.3904040e-03  -2.0605058e-03
  -4.8559470e-04  -1.1043607e-03  -7.0619714e-03  -1.5538242e-03
  -5.7930065e-04  -1.5537805e-03  -5.2067565e-03  -1.5613306e-03
   3.4651414e-04  -1.8459034e-03  -2.8868008e-03  -1.9967014e-03
   6.5761789e-04  -1.6137031e-03  -2.1896897e-03  -2.4771107e-03
  -1.1826737e-04  -1.4264449e-03  -3.3140624e-03  -2.1318165e-03
  -3.9554376e-05  -9.5829926e-04  -3.0367172e-03  -2.1318165e-03
   4.8894718e-04  -8.9837662e-04  -1.0953003e-03  -2.6497577e-03
  -1.1451914e-04  -1.1305768e-03  -5.2187024e-04  -2.8937155e-03
  -8.3418083e-04  -1.2054801e-03  -9.1165277e-04  -2.9575199e-03
  -4.5186056e-04  -1.1493027e-03  -1.4401079e-03  -2.4170595e-03
  -1.8573566e-04  -9.6953476e-04  -1.7174532e-03  -1.9779355e-03
  -7.9295021e-04  -1.3215803e-03  -2.0097901e-03  -1.9704291e-03
  -2.0523582e-03  -9.9200575e-04  -2.3321103e-03  -1.4412283e-03
  -1.8949322e-03  -7.3733453e-04  -1.7736718e-03  -1.5237986e-03
  -1.0703198e-03  -9.4331860e-04  -7.5798850e-04  -1.9967014e-03
  -8.3418083e-04  -7.7478618e-04   2.4645111e-04  -2.1130505e-03
  -1.5613390e-03  -9.7702509e-04   1.0147725e-03  -2.4583447e-03
  -1.5613390e-03  -7.3358936e-04   1.6331774e-03  -2.6610173e-03
   2.0033286e-04  -6.5119573e-04   2.6038859e-03  -2.7285749e-03
   3.9158622e-05  -8.2347332e-04   2.5064402e-03  -2.4283191e-03
  -1.1302916e-03  -7.8602167e-04   1.2921177e-03  -1.7077053e-03
  -2.7120481e-03  -9.6204443e-04   1.7381189e-03  -1.3886835e-03
  -3.5778910e-03  -6.4745057e-04   1.8018333e-03  -9.9459784e-04
  -1.4976190e-03  -4.2648583e-04   8.4986446e-04  -8.4071676e-04
   1.0886653e-03  -4.6019232e-04   2.1878680e-03  -1.3961899e-03
   1.6509010e-03  -3.8903418e-04   3.1248452e-03  -2.0079610e-03
   6.9144526e-05  -6.3621507e-04   3.5521068e-03  -2.4921234e-03
  -8.3418083e-04  -8.1972816e-04   3.9568810e-03  -2.5371618e-03
  -9.1289383e-04  -7.5606035e-04   2.7088273e-03  -2.2706848e-03
  -1.7150168e-03  -1.0294574e-03   2.3490281e-03  -1.6551605e-03
  -2.0973370e-03  -1.0743994e-03   2.7425585e-03  -1.2648280e-03
   5.6766018e-04  -7.4107969e-04   5.0475225e-03  -1.6514073e-03
   3.8061378e-03  -6.4370540e-04   5.5797256e-03  -1.9891950e-03
   2.9777772e-03  -2.9540506e-04   1.3183531e-03  -1.4599943e-03
   1.2685807e-03  -2.5046308e-04   1.4495299e-03  -1.2160365e-03
   7.2883441e-04  -8.5717981e-04   5.2499096e-03  -2.5634342e-03
  -6.4302069e-04  -1.0294574e-03   5.9282812e-03  -2.9912986e-03
  -1.8124709e-03  -1.2691480e-03   4.0018559e-03  -2.1017910e-03
  -3.0193104e-04  -1.4751320e-03   1.7081356e-03  -1.8390672e-03
   1.1861194e-03  -1.0556735e-03   2.4464737e-03  -2.0342334e-03
   1.0961617e-03  -8.4968948e-04   2.1841201e-03  -2.0454930e-03
   2.0182283e-03  -7.9351200e-04  -9.1165277e-04  -1.5350582e-03
   2.2206331e-03  -8.6092497e-04  -1.3876372e-03  -1.5275518e-03
   1.4597408e-03  -9.2084761e-04  -8.2545087e-04  -2.2218933e-03
   2.0782933e-04  -1.0856349e-03  -1.6207097e-04  -2.9837922e-03
  -2.1872947e-03  -1.1193414e-03  -1.4063768e-03  -2.9575199e-03
  -2.3784549e-03  -6.3621507e-04  -3.7413241e-03  -2.7510940e-03
  -1.1826737e-04  -7.3733453e-04  -4.1423503e-03  -3.1564393e-03
  -4.3686760e-04  -8.0474750e-04  -6.3985915e-03  -2.2669316e-03
  -1.9174216e-03  -8.6467014e-04  -6.5560037e-03  -1.3736707e-03
  -4.6310527e-04  -1.2616576e-03  -3.4339955e-03  -1.9103779e-03
   4.3647185e-04  -9.8077025e-04  -2.7443803e-03  -2.4696043e-03
  -1.3701789e-03  -7.4482486e-04  -4.9294112e-03  -1.9404035e-03
  -7.8920198e-04  -5.8752793e-04  -4.8844363e-03  -1.6926925e-03
   6.6886261e-04  -4.2274067e-04  -3.3028187e-03  -2.6197321e-03
  -2.8844670e-03  -6.7366672e-04  -6.5110288e-03  -1.9891950e-03
  -4.1513715e-03  -6.0625375e-04  -5.4016478e-03  -1.8015352e-03
   1.6659871e-04  -9.6204443e-04   4.6757774e-04  -3.4904738e-03
   1.3810278e-03  -1.1455575e-03   1.7193793e-03  -3.7757168e-03
  -9.0539735e-04  -2.6918890e-04  -2.7331365e-03  -2.2369060e-03
  -1.2614800e-03  -1.7181461e-04  -7.0882068e-03  -1.1747513e-03
  -5.0799090e-05  -6.6617639e-04  -3.7300803e-03  -1.6664201e-03
  -6.9924426e-04  -1.0669090e-03  -1.3351665e-03  -1.7039521e-03
  -2.9706765e-03  -1.1043607e-03  -3.4414913e-03  -1.1034405e-03
  -1.5163601e-03  -6.8115705e-04  -3.3328020e-03  -1.3436452e-03
   2.5204922e-03  -5.8378276e-04   4.3759447e-04  -2.4733575e-03
   1.8120752e-03  -5.9127309e-04   3.2335346e-03  -3.0626094e-03
  -8.1918788e-04  -4.2274067e-04   1.9854809e-03  -2.4658511e-03
  -4.4061584e-04  -3.4034704e-04   1.4420341e-03  -1.8578331e-03
   1.0961617e-03  -8.8339596e-04   2.6301212e-03  -1.6776797e-03
   8.4877803e-04  -1.3290706e-03   2.9374498e-03  -1.7114585e-03
  -3.6190284e-04  -1.0931252e-03   2.6188775e-03  -1.2610748e-03
   1.3847761e-03  -8.3470882e-04   3.0011642e-03  -1.2460620e-03
   3.6749495e-03  -6.7741189e-04   2.9599372e-03  -2.0342334e-03
   2.2018919e-03  -7.8227651e-04   2.2103554e-03  -2.1956209e-03
  -2.7194513e-04  -7.3358936e-04   1.8543041e-03  -1.9629227e-03
  -1.1115504e-03  -8.3470882e-04   2.3715155e-03  -1.9479099e-03
  -3.9188875e-04  -1.2017350e-03   2.7612980e-03  -2.0417398e-03
   6.7635908e-04  -1.1043607e-03   1.2808740e-03  -1.6626669e-03
   3.0903176e-04  -8.3845398e-04   8.7235191e-04  -1.1672449e-03
   1.2123571e-03  -6.9239255e-04   4.1480244e-03  -1.9103779e-03
   3.2963774e-03  -8.9088629e-04   5.7708690e-03  -2.8937155e-03
   2.3593179e-03  -8.9837662e-04   2.6526087e-03  -2.3157232e-03
  -2.4945570e-04  -8.1598299e-04  -3.4571851e-04  -1.5500710e-03
  -1.6213108e-03  -9.5080893e-04   1.3558322e-03  -2.0304802e-03
  -1.2239976e-03  -1.1493027e-03   4.1517723e-03  -2.8224048e-03
  -9.0164912e-04  -1.1043607e-03   1.5657151e-03  -2.4358255e-03
  -1.1302916e-03  -8.1972816e-04  -2.0847483e-03  -1.4900198e-03
   5.3392604e-04  -7.6355068e-04  -1.0165942e-03  -1.5313050e-03
   1.2610842e-03  -4.7142781e-04   5.7251919e-04  -2.2856976e-03
  -4.3686760e-04  -7.2984420e-04  -1.5113182e-03  -2.2932040e-03
  -1.2239976e-03  -8.8339596e-04  -3.6063993e-03  -1.5313050e-03
  -1.1340399e-03  -8.5343464e-04  -2.6506825e-03  -1.7489904e-03
  -1.5538425e-03  -1.1567930e-03  -7.9171968e-04  -2.2594252e-03
  -1.9698969e-03  -6.8115705e-04  -5.2936605e-04  -2.3907871e-03
  -1.2951209e-04  -5.9501826e-04  -1.3801414e-03  -2.4846170e-03
   1.6621457e-03  -5.3884078e-04  -1.5300578e-03  -2.5146426e-03
   1.0661758e-03  -4.0026968e-04  -2.1447148e-03  -2.3457488e-03
  -3.0193104e-04  -6.5119573e-04  -3.6251389e-03  -1.8090416e-03
  -2.2022877e-03  -7.0362804e-04  -5.6115307e-03  -1.2911004e-03
  -2.2847489e-03  -8.1223783e-04  -5.6752451e-03  -9.5706587e-04
  -3.8814051e-04  -8.5343464e-04  -2.4970183e-03  -1.8765991e-03
   6.8010732e-04  -8.5717981e-04  -7.5424059e-04  -2.5108894e-03
   9.4248398e-04  -5.5756661e-04  -1.4925787e-03  -2.2143869e-03
   1.3697831e-03  -5.2760529e-04  -1.4401079e-03  -2.5221490e-03
   1.4372514e-03  -7.0362804e-04  -5.0313069e-04  -2.5108894e-03
   1.2911633e-04  -7.4857002e-04  -4.0943297e-04  -2.2293996e-03
  -1.0103480e-03  -1.1268317e-03  -1.2677041e-03  -1.6889393e-03
  -5.2307708e-04  -9.7327992e-04  -2.1447148e-03  -1.3699175e-03
   8.7876393e-04  -1.1230865e-03  -1.5825285e-03  -1.5913562e-03
   1.7108728e-03  -1.2766383e-03  -2.6326452e-04  -1.8165480e-03
   1.2236018e-03  -3.8903418e-04   9.6534749e-05  -2.0192206e-03
   1.0624276e-03  -5.2760529e-04   1.0332842e-05  -2.2106337e-03
   1.0137005e-03  -8.5343464e-04   6.9994810e-04  -2.4057999e-03
   6.1648050e-05  -7.0737321e-04   1.5394797e-03  -2.2444124e-03
  -5.7555241e-04  -1.0032412e-03   9.5855382e-04  -2.2669316e-03
  -2.5320394e-04  -9.8451542e-04  -1.1334816e-04  -2.0379866e-03
   1.0549311e-03  -8.7216047e-04  -2.9324779e-04  -1.6739265e-03
   1.7895858e-03  -6.0625375e-04  -1.9205424e-04  -1.6176285e-03
   1.0024558e-03  -5.5382144e-04  -3.1573524e-04  -1.6251349e-03
   2.3031876e-04  -7.5606035e-04  -9.1088500e-07  -2.1055441e-03
  -1.7823918e-04  -8.3096365e-04   8.0488955e-04  -2.1918677e-03
  -6.1303479e-04  -8.5343464e-04   1.1347055e-03  -2.3307360e-03
  -9.2413854e-04  -8.0100233e-04   7.7865419e-04  -2.5033830e-03
  -8.4917378e-04  -8.9463146e-04   6.2873783e-04  -2.2556720e-03
   1.6669194e-05  -6.5868606e-04   3.6263629e-04  -2.5371618e-03
   6.9135203e-04  -7.4107969e-04  -2.6701242e-04  -2.4658511e-03
   2.8279409e-04  -8.7216047e-04  -4.5065997e-04  -2.0117142e-03
  -5.1932884e-04  -5.8003760e-04  -5.1812233e-04  -1.8615863e-03
  -8.4167731e-04  -7.7104101e-04  -5.0313069e-04  -1.9779355e-03
  -7.2923017e-04  -8.1972816e-04  -2.3328124e-04  -1.9854418e-03
  -6.7675484e-04  -5.5382144e-04  -1.6956679e-04  -1.7865224e-03
  -2.2321804e-04  -3.6656319e-04  -1.9205424e-04  -2.0980378e-03
