  -2.8318985e-04  -6.4745057e-04  -2.8200406e-04  -2.1918677e-03
  -9.5684720e-06  -8.4594431e-04  -3.1198733e-04  -1.9816886e-03
  -2.4561424e-05  -9.2084761e-04  -2.3398339e-05  -2.0942846e-03
  -8.0784994e-05  -8.0100233e-04   1.6774502e-04  -2.0642590e-03
  -3.2057900e-05  -6.5119573e-04   1.6774502e-04  -1.7602500e-03
  -9.5777946e-05  -6.4745057e-04  -2.2578543e-04  -1.9516631e-03
  -2.0719960e-06  -6.5494090e-04  -3.4946642e-04  -2.0042078e-03
   2.8279409e-04  -7.4857002e-04  -2.4827288e-04  -1.8278076e-03
   1.7034695e-04  -7.7104101e-04  -3.4946642e-04  -1.8090416e-03
  -5.4547328e-05  -7.5231519e-04   2.9072387e-05  -2.1355697e-03
   1.6762420e-06  -8.5343464e-04  -2.3398339e-05  -2.2293996e-03
  -1.7449094e-04  -6.5868606e-04  -2.6701242e-04  -1.9704291e-03
  -3.0193104e-04  -8.3096365e-04   2.2396365e-04  -2.0529994e-03
  -1.6699447e-04  -8.3096365e-04   2.0147620e-04  -2.1055441e-03
  -1.7064948e-05  -7.1111837e-04  -9.0860701e-05  -1.9967014e-03
  -9.5684720e-06  -8.2721849e-04  -6.4625338e-05  -2.0830250e-03
   7.6641002e-05  -4.4146649e-04  -3.5696224e-04  -2.0342334e-03
   3.9158622e-05  -7.5231519e-04  -3.5321433e-04  -1.9328971e-03
  -2.6444866e-04  -1.0144767e-03   4.7811932e-05  -1.8203012e-03
  -3.9188875e-04  -7.0737321e-04   2.0897202e-04  -1.7452372e-03
  -5.6055946e-04  -9.2084761e-04   9.2786840e-05  -2.0529994e-03
  -4.1437818e-04  -7.9351200e-04   2.3145947e-04  -2.1318165e-03
  -1.5200152e-04  -7.6729585e-04   2.7268647e-04  -2.1768549e-03
  -1.9323213e-04  -1.0968704e-03  -1.3958352e-04  -2.0905314e-03
  -4.7050852e-05  -9.9200575e-04  -1.2459188e-04  -1.9554163e-03
   1.4785752e-04  -8.8339596e-04  -2.4452497e-04  -2.1318165e-03
  -8.0784994e-05  -7.8976684e-04  -4.0193715e-04  -2.0605058e-03
  -3.6190284e-04  -6.4745057e-04  -3.2323106e-04  -2.1168037e-03
  -1.4075680e-04  -7.2235387e-04  -4.8064324e-04  -2.0980378e-03
  -3.5065813e-04  -7.9351200e-04  -9.0860701e-05  -1.9854418e-03
  -4.4436408e-04  -8.8714113e-04  -1.0585234e-04  -2.1993741e-03
   1.6669194e-05  -9.9200575e-04  -4.5065997e-04  -2.2669316e-03
  -3.2816870e-04  -9.4331860e-04  -5.7129520e-05  -2.2706848e-03
  -5.9804184e-04  -9.1710245e-04  -8.4067030e-06  -2.2631784e-03
  -3.1317575e-04  -9.5080893e-04  -2.6326452e-04  -2.0905314e-03
  -1.9698037e-04  -9.7327992e-04  -4.0193715e-04  -2.1618421e-03
  -2.6819689e-04  -9.3582827e-04  -2.6326452e-04  -2.1130505e-03
  -2.4945570e-04  -8.7965080e-04  -1.1709606e-04  -2.0079610e-03
  -2.2696628e-04  -9.7327992e-04  -3.9818924e-04  -2.1505825e-03
  -4.5560879e-04  -8.7216047e-04  -2.1079379e-04  -2.0304802e-03
  -4.1812641e-04  -8.4968948e-04  -1.4707934e-04  -2.2556720e-03
  -1.1826737e-04  -9.0586695e-04  -2.1454170e-04  -2.2481656e-03
  -1.7823918e-04  -7.6355068e-04  -7.2121156e-05  -1.9253907e-03
  -3.8814051e-04  -8.4968948e-04  -3.7570179e-04  -2.0642590e-03
  -2.1197332e-04  -9.0212179e-04  -8.7112792e-05  -1.8841055e-03
  -8.0784994e-05  -9.5455410e-04   6.2803568e-05  -1.9704291e-03
  -1.6324623e-04  -8.8339596e-04  -3.3447479e-04  -2.0905314e-03
  -9.2029708e-05  -8.8714113e-04  -3.3822270e-04  -1.9854418e-03
  -3.9554376e-05  -8.6092497e-04  -1.3208770e-04  -2.0042078e-03
  -5.0799090e-05  -8.4594431e-04  -2.2578543e-04  -1.8428204e-03
  -8.4533232e-05  -9.0586695e-04  -3.6445806e-04  -2.0004546e-03
  -3.2816870e-04  -6.7741189e-04   1.3026593e-04  -1.9253907e-03
  -3.6565108e-04  -9.2833794e-04   1.4525757e-04  -1.8465736e-03
  -3.0193104e-04  -8.7590563e-04  -1.5902521e-05  -2.1655953e-03
  -4.4061584e-04  -9.2459278e-04   1.7898875e-04  -2.3157232e-03
  -3.0942751e-04  -8.7216047e-04   2.6893856e-04  -2.0004546e-03
   6.9144526e-05  -3.1787605e-04  -1.5832306e-04  -1.7152117e-03
   4.1398242e-04  -8.1598299e-04  -6.2681169e-04  -2.0229738e-03
   1.4410929e-04  -9.4331860e-04  -3.9069342e-04  -1.9328971e-03
  -1.5200152e-04  -7.2609903e-04  -4.9563487e-04  -1.8991183e-03
  -9.2029708e-05  -9.6953476e-04  -3.1948315e-04  -2.1205569e-03
  -1.4825328e-04  -1.0369477e-03  -8.4067030e-06  -2.2031273e-03
  -9.9526184e-05  -1.0481832e-03   9.6534749e-05  -2.2631784e-03
  -2.6444866e-04  -8.0100233e-04   2.6893856e-04  -1.8503268e-03
  -2.6819689e-04  -8.4594431e-04  -1.5832306e-04  -1.9028715e-03
  -2.9818280e-04  -8.8339596e-04  -2.1079379e-04  -2.1017910e-03
  -2.4570747e-04  -6.9988288e-04  -9.4608610e-05  -1.9741823e-03
   4.2906860e-05  -9.8077025e-04  -1.6581888e-04  -2.1168037e-03
  -7.7036756e-05  -1.0332026e-03  -1.7706261e-04  -2.1130505e-03
  -1.6699447e-04  -8.5343464e-04  -1.8830634e-04  -2.1243101e-03
  -4.0313346e-04  -8.7965080e-04  -5.3381611e-05  -2.2331528e-03
  -2.3071451e-04  -7.5606035e-04  -2.4452497e-04  -2.1731017e-03
  -2.4561424e-05  -7.5231519e-04  -1.8081052e-04  -2.2444124e-03
  -3.3941342e-04  -6.6992156e-04  -1.3208770e-04  -2.3457488e-03
  -5.8295566e-05  -4.7142781e-04  -1.9205424e-04  -2.0905314e-03
  -7.3288518e-05  -7.4857002e-04  -1.9955006e-04  -2.1017910e-03
  -3.1692399e-04  -8.2347332e-04  -3.4197060e-04  -2.3982935e-03
  -1.0702266e-04  -8.2347332e-04  -1.2154612e-05  -2.2556720e-03
  -1.8948390e-04  -1.0931252e-03  -3.2697897e-04  -2.1505825e-03
  -2.0822509e-04  -8.8339596e-04  -3.2323106e-04  -2.2481656e-03
  -2.5320394e-04  -6.8115705e-04  -1.5902521e-05  -2.3382424e-03
  -1.5200152e-04  -8.4594431e-04  -3.9818924e-04  -2.3419956e-03
   1.1787162e-04  -9.9575091e-04  -1.8081052e-04  -2.2031273e-03
  -8.0784994e-05  -9.5080893e-04  -1.2833979e-04  -2.0905314e-03
  -5.0799090e-05  -7.8976684e-04   8.9038931e-05  -2.0905314e-03
   1.0662691e-04  -7.8602167e-04   7.4047295e-05  -2.0454930e-03
   1.5160576e-04  -8.1223783e-04  -1.2084397e-04  -1.9291439e-03
  -5.0799090e-05  -7.8976684e-04   6.6551477e-05  -2.0342334e-03
  -2.4570747e-04  -5.4258595e-04  -1.2084397e-04  -2.0529994e-03
  -9.5684720e-06  -6.6992156e-04   9.6534749e-05  -2.0417398e-03
  -3.2057900e-05  -9.4331860e-04   5.5307750e-05  -2.1468293e-03
   2.7913908e-05  -7.9725717e-04  -2.3328124e-04  -2.1543357e-03
   1.4785752e-04  -9.2084761e-04  -3.3822270e-04  -2.0154674e-03
   1.2920956e-05  -5.7629243e-04  -2.4077706e-04  -1.8916119e-03
   2.0417432e-05  -4.8640847e-04  -2.2203752e-04  -2.1205569e-03
  -5.8295566e-05  -9.7327992e-04  -2.5951661e-04  -2.1355697e-03
  -2.9818280e-04  -9.2459278e-04   1.2277011e-04  -2.2256465e-03
  -2.6444866e-04  -7.6729585e-04   1.0403057e-04  -2.1956209e-03
  -7.3288518e-05  -6.2497958e-04   7.0299386e-05  -1.7715096e-03
   9.5382192e-05  -6.0250859e-04  -5.3381611e-05  -2.0755186e-03
   1.7409519e-04  -5.3884078e-04  -4.8064324e-04  -2.1092973e-03
   1.4785752e-04  -6.6992156e-04  -5.7059305e-04  -1.9479099e-03
   9.5382192e-05  -8.5717981e-04  -3.6820597e-04  -2.2218933e-03
  -1.6324623e-04  -7.7478618e-04  -2.1454170e-04  -2.1055441e-03
  -1.5949799e-04  -8.9463146e-04  -8.7112792e-05  -2.0567526e-03
  -9.2029708e-05  -8.7965080e-04   4.4064023e-05  -2.0867782e-03
  -2.4195923e-04  -8.6841530e-04  -6.8373247e-05  -2.0004546e-03
  -2.4195923e-04  -8.0100233e-04  -2.1828961e-04  -2.1280633e-03
  -1.7823918e-04  -6.8490222e-04  -1.7706261e-04  -2.1918677e-03
  -1.3326033e-04  -9.2459278e-04  -2.1828961e-04  -2.2031273e-03
  -3.0567927e-04  -1.0556735e-03  -3.0074361e-04  -2.3344892e-03
  -3.7689580e-04  -8.8714113e-04  -1.9955006e-04  -2.0905314e-03
  -2.5695218e-04  -9.2459278e-04  -1.8830634e-04  -2.0792718e-03
  -2.0072861e-04  -9.3582827e-04  -1.8830634e-04  -2.3232296e-03
  -3.2442046e-04  -7.8602167e-04  -1.5832306e-04  -2.1430761e-03
  -4.6310527e-04  -9.8077025e-04  -1.6956679e-04  -2.3532552e-03
  -2.7194513e-04  -1.0556735e-03  -4.9188696e-04  -2.2932040e-03
  -1.4450504e-04  -9.6578959e-04  -4.7314742e-04  -2.1655953e-03
  -3.1692399e-04  -8.5717981e-04  -9.1088500e-07  -2.3419956e-03
  -2.6444866e-04  -8.3096365e-04  -1.4707934e-04  -2.0079610e-03
   1.6762420e-06  -9.8451542e-04  -2.3328124e-04  -1.9666759e-03
  -1.0702266e-04  -9.1710245e-04  -3.3072688e-04  -2.1130505e-03
  -2.6070042e-04  -8.3470882e-04  -2.2953333e-04  -2.1355697e-03
  -3.5815461e-04  -9.4706377e-04  -7.9616974e-05  -2.2594252e-03
  -3.2816870e-04  -1.0257122e-03  -2.9699570e-04  -2.1355697e-03
  -9.5777946e-05  -8.8714113e-04  -9.4608610e-05  -2.0605058e-03
  -1.5574975e-04  -9.6953476e-04  -2.5202079e-04  -2.0117142e-03
  -1.9323213e-04  -9.5829926e-04  -3.0449151e-04  -2.0492462e-03
   3.5410384e-05  -7.1111837e-04  -2.4827288e-04  -2.1918677e-03
   2.8279409e-04  -6.6243123e-04  -4.3192042e-04  -1.9741823e-03
  -9.9526184e-05  -7.2984420e-04  -2.7146248e-05  -1.9929482e-03
  -4.6685351e-04  -9.2833794e-04   4.7811932e-05  -2.0079610e-03
  -3.5815461e-04  -8.7216047e-04  -5.3381611e-05  -2.0642590e-03
  -2.0822509e-04  -8.9463146e-04   7.4047295e-05  -2.1956209e-03
  -3.1317575e-04  -9.7327992e-04   2.5324478e-05  -1.8578331e-03
  -6.5801365e-04  -1.0856349e-03   2.4270320e-04  -2.1243101e-03
  -1.4075680e-04  -1.0107316e-03   2.5324478e-05  -2.1768549e-03
   2.7913908e-05  -6.7366672e-04  -2.1454170e-04  -1.7264713e-03
  -1.3700856e-04  -7.8602167e-04   1.0028266e-04  -2.0304802e-03
   1.2161986e-04  -4.4146649e-04  -3.4571851e-04  -2.0567526e-03
   9.1727180e-06  -3.7405352e-04  -6.2681169e-04  -1.8653395e-03
   1.6762420e-06  -6.6992156e-04  -4.6565160e-04  -2.0229738e-03
  -2.8309662e-05  -7.4482486e-04  -6.3805542e-04  -1.9479099e-03
  -1.2951209e-04  -9.4331860e-04  -2.8575197e-04  -2.1956209e-03
  -4.2562289e-04  -8.0474750e-04  -9.1088500e-07  -2.1956209e-03
  -4.1437818e-04  -1.1230865e-03  -1.3958352e-04  -2.0529994e-03
  -2.1946980e-04  -1.1043607e-03   1.0403057e-04  -2.2819444e-03
  -3.6565108e-04  -6.7741189e-04   3.2820296e-05  -2.1017910e-03
  -1.5574975e-04  -7.0737321e-04  -3.6445806e-04  -2.1731017e-03
  -2.4195923e-04  -6.4745057e-04  -2.2203752e-04  -2.0567526e-03
  -2.7194513e-04  -8.2347332e-04  -9.4608610e-05  -1.9704291e-03
   1.3286457e-04  -8.1598299e-04  -2.7450824e-04  -2.3082168e-03
  -5.0799090e-05  -6.5119573e-04  -2.6326452e-04  -2.0379866e-03
  -3.3191694e-04  -7.9725717e-04  -1.7331470e-04  -2.0342334e-03
  -2.5695218e-04  -8.0849266e-04  -1.9650430e-05  -2.3119700e-03
  -1.7449094e-04  -8.4594431e-04   1.3026593e-04  -2.0792718e-03
  -9.5684720e-06  -7.9725717e-04  -5.7129520e-05  -2.1205569e-03
  -9.5684720e-06  -6.8490222e-04  -7.9616974e-05  -2.3607615e-03
  -1.9698037e-04  -7.9725717e-04  -6.0877429e-05  -2.2744380e-03
  -2.7569337e-04  -8.3845398e-04  -1.8830634e-04  -2.1806081e-03
  -7.7036756e-05  -8.3470882e-04   2.1576569e-05  -2.1956209e-03
  -1.7064948e-05  -7.4857002e-04   5.5307750e-05  -2.2894508e-03
  -9.5684720e-06  -7.6729585e-04  -1.4333143e-04  -2.1468293e-03
   1.5160576e-04  -8.6841530e-04  -2.4077706e-04  -2.0454930e-03
  -2.1946980e-04  -6.6992156e-04  -7.9616974e-05  -2.1731017e-03
  -1.2576385e-04  -6.5494090e-04   1.0777848e-04  -2.0304802e-03
   1.6659871e-04  -6.8115705e-04  -8.7112792e-05  -1.9253907e-03
   2.4165670e-05  -7.8227651e-04  -2.7146248e-05  -1.9366503e-03
   3.5410384e-05  -7.3358936e-04   9.2786840e-05  -1.9441567e-03
  -8.4533232e-05  -5.0887946e-04   4.4064023e-05  -2.1993741e-03
   2.7913908e-05  -7.2984420e-04   8.1543113e-05  -2.1731017e-03
   5.4244800e-06  -7.4857002e-04  -9.0860701e-05  -1.8916119e-03
  -5.4547328e-05  -6.0999892e-04  -2.5576870e-04  -1.9328971e-03
   1.2911633e-04  -5.9127309e-04  -8.3364883e-05  -2.0154674e-03
   5.4244800e-06  -5.9876342e-04   4.0316114e-05  -2.0830250e-03
  -1.8198742e-04  -6.5868606e-04  -6.4625338e-05  -2.0004546e-03
  -2.6819689e-04  -9.5455410e-04   4.0316114e-05  -1.7790160e-03
  -1.8948390e-04  -8.3096365e-04  -5.7129520e-05  -1.8465736e-03
   2.4165670e-05  -4.7517298e-04  -2.3328124e-04  -2.1655953e-03
   2.4905995e-04  -5.8378276e-04  -2.5951661e-04  -1.9929482e-03
   3.3526942e-04  -4.1150517e-04  -6.0807214e-04  -1.7039521e-03
   3.1652823e-04  -5.3884078e-04  -6.9052614e-04  -1.8841055e-03
   2.1157757e-04  -7.1860870e-04  -3.7570179e-04  -1.9178843e-03
  -2.0813186e-05  -8.1972816e-04  -3.0074361e-04  -1.9816886e-03
  -2.7944161e-04  -8.5717981e-04   4.7811932e-05  -2.0079610e-03
  -4.5935703e-04  -7.2609903e-04   3.2515720e-04  -1.9779355e-03
  -3.0942751e-04  -9.0212179e-04  -4.6587940e-06  -1.9704291e-03
  -1.2951209e-04  -7.2235387e-04  -7.5869065e-05  -1.9929482e-03
   1.6669194e-05  -6.5119573e-04  -3.0449151e-04  -2.0229738e-03
  -5.4547328e-05  -7.3358936e-04  -5.0313069e-04  -1.9066247e-03
  -2.1946980e-04  -8.9837662e-04  -3.0449151e-04  -2.1956209e-03
  -3.9188875e-04  -9.8077025e-04  -3.6445806e-04  -2.1092973e-03
  -1.3700856e-04  -8.4219915e-04  -3.7944969e-04  -1.8803523e-03
  -2.6444866e-04  -8.8714113e-04  -2.6701242e-04  -2.2143869e-03
  -3.7689580e-04  -7.1860870e-04  -3.0074361e-04  -2.0905314e-03
  -7.3288518e-05  -1.0294574e-03  -4.3566833e-04  -2.0529994e-03
  -6.0928655e-04  -7.0737321e-04  -2.6701242e-04  -2.2068805e-03
   1.4410929e-04  -8.3845398e-04  -3.4946642e-04  -2.2181401e-03
  -8.0044669e-04  -1.1942447e-03  -2.7076033e-04  -2.3269828e-03
   2.9778704e-04  -7.2984420e-04   2.9072387e-05  -2.3119700e-03
  -3.0942751e-04  -1.4226997e-03  -5.0313069e-04  -2.2481656e-03
  -9.9535507e-04  -2.9540506e-04   4.4064023e-05  -2.1205569e-03
   1.2048606e-03  -1.2316963e-03  -4.5440787e-04  -2.1092973e-03
  -3.6416111e-03  -9.5080893e-04  -3.3822270e-04  -2.1318165e-03
   8.4876871e-03   2.6258236e-03  -1.5832306e-04  -2.3082168e-03
   2.7367562e-02   5.3373231e-03  -1.0803087e-03  -1.9929482e-03
   1.6730062e-02   5.4346974e-03   2.5364235e-03  -1.4787603e-03
  -1.0557110e-02  -2.7934301e-03   1.0215889e-02  -3.0100646e-03
  -2.1798076e-02  -6.1678238e-03   1.6793469e-02  -3.9333511e-03
  -1.4357824e-02  -7.0591730e-03   6.3293074e-03  -1.8803523e-03
  -5.9429360e-04  -7.4599057e-03  -7.5979224e-03  -5.0292903e-04
   8.5439106e-03  -1.1717737e-03  -7.6354015e-03  -1.1484789e-03
   6.0026053e-03   5.9968938e-04  -4.9444029e-03  -2.9425071e-03
   6.7410082e-03   1.2251319e-03  -8.8684636e-03  -2.7098089e-03
   1.3098113e-03  -4.5644715e-04  -2.0760579e-02   5.6297323e-05
  -7.3935973e-03  -2.7672140e-03  -1.6278080e-02  -9.5331267e-04
  -9.6275472e-03  -1.0781445e-03  -1.2714520e-03  -4.2636324e-03
  -9.7399943e-03  -8.3096365e-04  -6.1587254e-03  -4.1322705e-03
  -1.9961346e-03  -2.5420824e-04  -1.6360534e-02  -1.8428204e-03
   8.9000865e-04  -9.7702509e-04  -1.1349579e-02  -2.2706848e-03
  -7.2998914e-03  -2.3589910e-03  -2.8605655e-03  -4.8378716e-03
  -1.5268645e-02  -1.5350547e-03  -2.4827288e-04  -4.5563818e-03
  -9.4138976e-03  -2.0294164e-03  -6.5335163e-03  -1.6476541e-03
   4.3421358e-03  -1.6923516e-03  -1.2822508e-02   4.5788940e-04
   8.3377576e-03   5.7347322e-04  -7.2568627e-03   1.1259528e-04
   3.4050763e-03   1.3562127e-03   1.0897306e-03  -9.2704029e-04
  -7.4797136e-04   9.8169621e-04   3.8556875e-03  -6.9058888e-04
   1.4559926e-03  -9.3957344e-04   5.0475225e-03  -6.8683568e-04
   6.3887670e-04  -2.4301491e-03   1.3349141e-02  -1.7264713e-03
  -5.8455750e-03  -1.6811161e-03   1.7216983e-02  -2.6947961e-03
  -3.9452184e-03  -2.0177593e-04   1.7097050e-02  -2.9350007e-03
   3.7986413e-03   5.7347322e-04   1.4319849e-02  -2.1768549e-03
   1.2104737e-02   2.4764387e-04   9.9085605e-03  -2.1017910e-03
   7.9554373e-03   4.5404960e-05   9.9273001e-03  -1.3361388e-03
  -7.2361713e-03  -5.7629243e-04   6.2281139e-03   4.5037732e-05
  -5.0397039e-03  -1.9432777e-03   1.2996838e-02  -1.5575774e-03
   1.8233199e-03  -2.5612299e-03   1.5601634e-02  -2.4057999e-03
   6.4637318e-04  -1.6211935e-03   4.4591008e-03  -4.6539706e-04
   2.6479323e-03  -5.8752793e-04   7.8209752e-03  -6.8308249e-04
   4.5595337e-03   3.4169465e-05   1.8330112e-02  -4.0196746e-03
   3.4313140e-03   2.5138903e-04   1.5759046e-02  -4.6727309e-03
   7.6256856e-04  -4.8640847e-04   5.9282812e-03  -2.3344892e-03
  -1.3439412e-03  -7.7478618e-04   5.2311701e-03  -1.9291439e-03
  -2.0448617e-03  -9.3208311e-04   6.0931891e-03  -3.1564393e-03
  -2.6295868e-03  -8.7216047e-04   1.7149293e-04  -2.9387539e-03
  -1.4901225e-03  -3.1038572e-04  -4.6820492e-03  -1.4487347e-03
   3.2326574e-03  -2.9540506e-04  -1.0007828e-02  -1.2348024e-03
   3.8323755e-03  -2.8042440e-04  -1.1754354e-02  -1.4112027e-03
  -3.2442979e-03  -4.7891814e-04  -9.8391720e-03  -1.5876030e-03
  -8.4431040e-03  -4.6768265e-04  -1.2830003e-02  -1.7564968e-03
  -6.1116999e-03  -9.7702509e-04  -1.0869847e-02  -2.2331528e-03
  -1.2502353e-03  -1.8908453e-03  -5.9113634e-03  -3.0475966e-03
  -1.8537016e-03  -1.2991093e-03  -1.0251442e-02  -2.3419956e-03
  -3.4841851e-03  -4.9389880e-04  -9.8241804e-03  -2.1318165e-03
   1.2760772e-03  -7.4440320e-05  -2.2121772e-03  -3.2277501e-03
   5.4816002e-03  -1.0440164e-04  -4.2397960e-03  -3.2427628e-03
   8.1879213e-04  -5.0513430e-04  -1.3920645e-02  -6.2303133e-04
  -6.5689850e-03  -1.6174483e-03  -1.3257265e-02   5.5922572e-04
  -4.8860261e-03  -2.5687202e-03  -5.5934933e-04  -2.5934598e-03
   1.1036582e-03  -2.3515006e-03   3.7432502e-03  -4.1660493e-03
   2.6104499e-03  -1.7372936e-03  -5.0530922e-03  -2.0192206e-03
   2.7228970e-03  -2.6169857e-04  -1.0723679e-02  -5.5922698e-04
   2.1831508e-03   2.5513420e-04  -2.3058749e-03  -2.4395787e-03
  -7.8170550e-04  -2.5795341e-04   5.3735906e-03  -4.1210109e-03
  -3.9189807e-03  -1.0931252e-03  -1.2077376e-03  -2.3457488e-03
  -2.7870128e-03  -2.1118101e-03  -3.9287195e-03  -9.1578070e-04
   2.0894448e-03  -1.7260581e-03   3.4808966e-03  -2.2856976e-03
   3.0190078e-03  -1.0931252e-03   4.6464963e-03  -2.9425071e-03
   8.0389240e-05  -4.2274067e-04  -5.5934933e-04  -1.1822577e-03
   1.7783411e-03  -9.3166145e-05  -9.4538395e-04  -5.6298018e-04
   4.1397310e-03  -6.7741189e-04   4.0768141e-03  -1.9103779e-03
  -3.1317575e-04  -8.0100233e-04   6.9402166e-03  -2.5634342e-03
  -3.9639596e-03  -6.5119573e-04   3.5858380e-03  -2.1168037e-03
  -1.6850309e-03  -7.4857002e-04   1.2358991e-03  -1.7302244e-03
   2.0669554e-03  -5.6131177e-04   4.2079909e-03  -2.4808638e-03
   2.9402948e-03  -3.1787605e-04   5.0512704e-03  -2.9162347e-03
  -7.4422312e-04  -4.6019232e-04   1.7643543e-03  -1.7377308e-03
  -2.8169987e-03  -6.6992156e-04   2.3940030e-03  -1.4937730e-03
   1.1111547e-03  -8.6841530e-04   7.3262512e-03  -2.5859534e-03
   3.2289092e-03  -7.0737321e-04   6.9776957e-03  -2.6947961e-03
   6.3512846e-04  -5.5007628e-04   1.1009744e-03  -1.7152117e-03
  -3.2816870e-04  -5.8378276e-04  -7.8422387e-04  -1.0283766e-03
   8.1879213e-04  -8.0849266e-04   3.8406958e-03  -1.9441567e-03
   5.6016370e-04  -1.3328158e-03   6.4192572e-03  -3.3591119e-03
  -1.1790187e-03  -1.1493027e-03   2.9524414e-03  -2.6460045e-03
  -1.0590751e-03  -6.2497958e-04  -3.7195388e-04  -1.4112027e-03
   1.0624276e-03  -4.6393748e-04   6.1749410e-04  -2.1731017e-03
   1.5122162e-03  -7.7104101e-04   2.3827592e-03  -2.8787027e-03
  -3.5815461e-04  -7.8227651e-04   1.7524084e-04  -2.1993741e-03
  -1.4976190e-03  -8.0474750e-04  -2.7293886e-03  -1.5838498e-03
   2.8279409e-04  -1.1155962e-03  -1.4888308e-03  -1.7865224e-03
   1.2198536e-03  -8.2721849e-04  -8.7042577e-04  -2.1918677e-03
  -4.3311937e-04  -6.7741189e-04  -4.6633097e-03  -1.7077053e-03
  -8.7915969e-04  -5.0887946e-04  -6.2037003e-03  -1.1747513e-03
  -1.5949799e-04  -6.5494090e-04  -4.0936275e-03  -1.7414840e-03
   3.1278000e-04  -7.8227651e-04  -2.4632871e-03  -2.2894508e-03
   5.3017780e-04  -5.9876342e-04  -1.7474365e-03  -2.2932040e-03
  -3.2057900e-05  -8.1972816e-04  -2.7668677e-03  -2.1918677e-03
  -7.7036756e-05  -7.2984420e-04  -2.9730027e-03  -2.1243101e-03
   3.8024828e-04  -8.7216047e-04  -1.7436886e-03  -2.3907871e-03
   4.0273771e-04  -1.0669090e-03  -2.6019597e-03  -2.5559278e-03
  -3.1317575e-04  -1.0369477e-03  -4.6595618e-03  -2.0154674e-03
  -1.4338989e-03  -1.1305768e-03  -4.9668903e-03  -1.7339776e-03
  -6.8425131e-04  -1.3028544e-03  -3.1266670e-03  -2.2631784e-03
   4.4771656e-04  -1.5013482e-03  -2.0810004e-03  -2.4808638e-03
   7.5882032e-04  -1.1081059e-03  -2.5157578e-03  -2.2819444e-03
   9.3498750e-04  -9.1335728e-04  -2.6244472e-03  -2.3307360e-03
   1.4036105e-04  -9.3582827e-04  -1.9947985e-03  -2.6797833e-03
  -6.8425131e-04  -9.3582827e-04  -1.4550996e-03  -2.6347449e-03
  -9.6162092e-04  -1.1118510e-03  -1.5150661e-03  -2.2331528e-03
  -6.6925836e-04  -1.0781445e-03  -1.3276707e-03  -2.2331528e-03
  -2.1946980e-04  -8.3845398e-04  -1.8373863e-03  -2.3382424e-03
   2.6780114e-04  -6.6617639e-04  -2.5457411e-03  -2.1918677e-03
   4.1023418e-04  -7.7478618e-04  -2.5757244e-03  -1.9291439e-03
  -1.1826737e-04  -5.8752793e-04  -2.2121772e-03  -2.1993741e-03
  -4.2562289e-04  -7.1486354e-04  -9.3788814e-04  -2.3570083e-03
  -9.3913150e-04  -9.9949608e-04  -3.0823942e-04  -2.2106337e-03
  -6.8425131e-04  -7.4857002e-04  -6.4625338e-05  -2.2406592e-03
   2.8654233e-04  -6.0250859e-04   2.4270320e-04  -2.0680122e-03
   8.2628860e-04  -2.7667923e-04   4.6757774e-04  -2.1355697e-03
   9.6122517e-04  -3.3285671e-04   1.3408405e-03  -2.0567526e-03
   2.9029057e-04  -6.8115705e-04   1.9180185e-03  -2.0529994e-03
   9.1727180e-06  -8.9463146e-04   2.4127425e-03  -2.0379866e-03
   4.5896128e-04  -1.0294574e-03   2.9486935e-03  -2.1092973e-03
   9.6497341e-04  -6.9988288e-04   2.8475000e-03  -2.4245659e-03
   1.3360490e-03  -7.1860870e-04   2.7463064e-03  -2.0605058e-03
   1.0436864e-03  -6.9239255e-04   2.4877007e-03  -2.0905314e-03
   3.3526942e-04  -7.5231519e-04   1.7643543e-03  -2.1993741e-03
   3.9158622e-05  -8.7965080e-04   1.9292623e-03  -2.1580889e-03
   1.4410929e-04  -7.3733453e-04   2.2141033e-03  -2.3157232e-03
   2.4156347e-04  -7.3733453e-04   1.7381189e-03  -1.9591695e-03
   3.2027647e-04  -4.7891814e-04   1.3370926e-03  -1.8390672e-03
   3.9524123e-04  -6.2497958e-04   7.5241882e-04  -1.8991183e-03
   5.1143661e-04  -6.6992156e-04   5.5377965e-04  -2.0079610e-03
   4.1023418e-04  -6.5119573e-04   7.3367928e-04  -2.1092973e-03
   3.0903176e-04  -8.8714113e-04   5.7626710e-04  -1.8203012e-03
   5.3767428e-04  -7.3733453e-04  -4.9633702e-05  -1.8690927e-03
   7.0259675e-04  -7.1860870e-04  -6.4929914e-04  -2.1318165e-03
   5.7890489e-04  -5.0513430e-04  -7.5798850e-04  -1.8090416e-03
   8.4137478e-05  -4.7891814e-04  -8.9291323e-04  -1.7865224e-03
  -3.9938522e-04  -1.0294574e-03  -1.0353338e-03  -2.2444124e-03
  -4.4061584e-04  -1.0594187e-03  -1.1102919e-03  -2.2369060e-03
  -6.3927246e-04  -1.0144767e-03  -1.2527125e-03  -2.4245659e-03
  -7.4047488e-04  -1.0144767e-03  -1.7774198e-03  -2.2406592e-03
  -3.0567927e-04  -7.6355068e-04  -2.2496563e-03  -1.8690927e-03
   1.4036105e-04  -8.3470882e-04  -2.3471019e-03  -2.1468293e-03
   1.6659871e-04  -8.3845398e-04  -2.3920768e-03  -2.0342334e-03
  -5.8304889e-04  -9.0212179e-04  -2.3920768e-03  -2.0304802e-03
  -9.5787269e-04  -1.0219671e-03  -2.2196730e-03  -2.2256465e-03
  -6.7300660e-04  -8.3845398e-04  -1.9723110e-03  -2.3532552e-03
  -6.2053127e-04  -9.1335728e-04  -2.0585129e-03  -2.2481656e-03
  -8.6041850e-04  -9.9200575e-04  -2.4670350e-03  -2.0192206e-03
  -1.0215927e-03  -8.9088629e-04  -2.7181449e-03  -2.0755186e-03
  -7.2173369e-04  -1.0594187e-03  -2.3321103e-03  -1.9779355e-03
  -8.1169140e-04  -9.2459278e-04  -2.1934376e-03  -2.3119700e-03
  -1.0478304e-03  -8.8714113e-04  -2.2496563e-03  -2.3007104e-03
  -8.8290793e-04  -8.7216047e-04  -1.7999072e-03  -1.9929482e-03
  -3.9563699e-04  -7.4857002e-04  -1.5825285e-03  -2.0867782e-03
  -3.5806138e-05  -1.0481832e-03  -1.1402752e-03  -1.8803523e-03
  -5.3057355e-04  -9.8826058e-04  -3.9069342e-04  -1.9591695e-03
  -6.5801365e-04  -9.8451542e-04   3.2515720e-04  -2.1731017e-03
  -3.0942751e-04  -8.9463146e-04   1.1796804e-03  -2.3157232e-03
  -1.4075680e-04  -8.7965080e-04   1.3221010e-03  -2.1843613e-03
  -4.7050852e-05  -9.2459278e-04   1.4682694e-03  -1.9704291e-03
   1.6669194e-05  -8.2721849e-04   2.3490281e-03  -2.1843613e-03
   1.0662691e-04  -9.0212179e-04   2.8849790e-03  -2.0342334e-03
  -1.5200152e-04  -7.6729585e-04   2.6863399e-03  -1.9103779e-03
   2.0408109e-04  -9.6578959e-04   2.6338691e-03  -2.0867782e-03
   4.7395423e-04  -7.6729585e-04   2.8699874e-03  -2.0304802e-03
   5.0403336e-05  -6.3246991e-04   2.1166577e-03  -2.0567526e-03
   1.2161986e-04  -8.2347332e-04   1.4157987e-03  -2.0567526e-03
  -3.6565108e-04  -8.6092497e-04   1.5732109e-03  -2.0529994e-03
  -4.3311937e-04  -9.1335728e-04   1.7268752e-03  -2.1956209e-03
  -1.3700856e-04  -6.7366672e-04   1.6144379e-03  -2.0717654e-03
  -2.1572156e-04  -8.7965080e-04   1.2321512e-03  -2.1092973e-03
   1.4410929e-04  -6.8864738e-04   1.0372599e-03  -2.0867782e-03
  -5.9429360e-04  -7.0737321e-04   9.2107473e-04  -1.9629227e-03
  -9.3913150e-04  -9.7327992e-04   1.1759325e-03  -2.0304802e-03
  -4.7809822e-04  -6.0999892e-04   7.6366255e-04  -1.8916119e-03
  -2.4945570e-04  -9.1335728e-04   3.4014883e-04  -2.0492462e-03
   2.4156347e-04  -8.4594431e-04   8.3487282e-04  -2.0717654e-03
  -1.5574975e-04  -5.7254727e-04   2.1646784e-04  -1.7790160e-03
  -2.4945570e-04  -7.5231519e-04   1.4150966e-04  -1.9178843e-03
  -2.8309662e-05  -7.5606035e-04   7.1493973e-04  -2.1881145e-03
  -5.7180417e-04  -9.9949608e-04   2.0897202e-04  -1.9216375e-03
  -8.9040440e-04  -1.1081059e-03  -2.3398339e-05  -1.8015352e-03
  -1.0103480e-03  -1.2242060e-03  -8.4067030e-06  -2.2031273e-03
  -5.6430770e-04  -1.0294574e-03  -5.4060978e-04  -2.0792718e-03
  -1.9323213e-04  -6.1748925e-04  -1.0840566e-03  -2.0492462e-03
  -6.5051717e-04  -1.0032412e-03  -1.4288642e-03  -2.0492462e-03
  -7.2548193e-04  -8.8714113e-04  -1.6987137e-03  -1.9253907e-03
  -6.2802774e-04  -4.6768265e-04  -1.4401079e-03  -2.1956209e-03
  -7.3672664e-04  -8.9088629e-04  -1.3988809e-03  -2.0792718e-03
  -7.9295021e-04  -1.0294574e-03  -1.6424950e-03  -2.0717654e-03
  -8.2293612e-04  -7.9725717e-04  -1.3838893e-03  -2.1655953e-03
  -6.0553831e-04  -9.9949608e-04  -1.1252836e-03  -2.1355697e-03
  -3.6565108e-04  -8.7216047e-04  -1.0503254e-03  -2.1768549e-03
  -3.9938522e-04  -6.5119573e-04  -1.1177878e-03  -2.0454930e-03
  -4.8559470e-04  -9.7327992e-04  -7.6923223e-04  -2.0192206e-03
  -2.4195923e-04  -8.9088629e-04  -4.6190369e-04  -2.1355697e-03
  -1.5949799e-04  -7.8227651e-04  -4.5065997e-04  -2.3419956e-03
  -1.7449094e-04  -9.0961212e-04  -1.5457515e-04  -2.2369060e-03
  -5.8202340e-06  -9.0961212e-04  -6.8373247e-05  -2.0567526e-03
  -2.0072861e-04  -9.1710245e-04   2.9892183e-04  -2.1731017e-03
  -2.2696628e-04  -9.3957344e-04   5.6127546e-04  -2.1205569e-03
  -1.8948390e-04  -1.0144767e-03   4.9006519e-04  -2.1618421e-03
  -2.0719960e-06  -9.4706377e-04   7.4117510e-04  -2.1881145e-03
  -8.8281470e-05  -8.1598299e-04   8.0863746e-04  -2.2519188e-03
  -4.8184646e-04  -7.1486354e-04   9.7354545e-04  -2.3044636e-03
  -1.0327442e-04  -7.6355068e-04   1.0859827e-03  -2.0454930e-03
  -3.0193104e-04  -8.8714113e-04   7.1493973e-04  -2.1243101e-03
