   1.7409519e-04  -4.9764397e-04  -1.2154612e-05  -1.8503268e-03
  -1.2951209e-04  -8.0100233e-04  -8.4067030e-06  -1.8503268e-03
  -2.6070042e-04  -7.4857002e-04  -7.2121156e-05  -1.9929482e-03
  -1.7074271e-04  -6.3246991e-04  -3.4642066e-05  -1.8540799e-03
   8.0389240e-05  -6.1374408e-04   1.0028266e-04  -1.6701733e-03
  -2.6070042e-04  -5.3884078e-04   1.3401384e-04  -1.8615863e-03
  -2.8318985e-04  -7.4857002e-04  -9.8356519e-05  -1.9253907e-03
  -2.6070042e-04  -4.8266331e-04  -4.2137884e-05  -1.9704291e-03
  -2.7194513e-04  -6.6617639e-04   1.4080751e-05  -1.7302244e-03
  -6.2043804e-05  -9.2084761e-04  -2.1828961e-04  -1.8165480e-03
  -2.0072861e-04  -6.6243123e-04  -2.2953333e-04  -2.0717654e-03
  -7.7036756e-05  -8.7965080e-04  -9.4608610e-05  -1.7114585e-03
  -3.3566518e-04  -8.8339596e-04  -2.3328124e-04  -1.7114585e-03
  -2.6819689e-04  -7.3733453e-04  -2.4077706e-04  -1.9479099e-03
   3.1662146e-05  -6.4745057e-04   1.0332842e-05  -1.7339776e-03
  -3.6190284e-04  -6.6243123e-04  -9.8356519e-05  -1.6401477e-03
  -2.2696628e-04  -8.4968948e-04  -1.6956679e-04  -1.9629227e-03
  -1.4450504e-04  -7.9351200e-04  -4.5885793e-05  -1.7564968e-03
  -3.9563699e-04  -7.8227651e-04  -1.8455843e-04  -1.6814329e-03
  -1.6324623e-04  -8.3096365e-04  -2.6701242e-04  -1.8315608e-03
  -2.0719960e-06  -8.3470882e-04  -2.7146248e-05  -1.5538242e-03
  -2.5320394e-04  -9.8451542e-04  -1.9955006e-04  -1.7827692e-03
  -2.9818280e-04  -8.6467014e-04  -2.8575197e-04  -1.9141311e-03
  -6.5792042e-05  -7.7104101e-04   1.4080751e-05  -1.8728459e-03
  -5.0799090e-05  -8.4219915e-04  -1.5082725e-04  -1.7977820e-03
  -3.5440637e-04  -7.7104101e-04  -3.4642066e-05  -1.4112027e-03
  -2.9443456e-04  -8.6467014e-04  -6.4625338e-05  -1.6326413e-03
  -8.4533232e-05  -6.9613771e-04  -2.8575197e-04  -1.7977820e-03
  -2.3071451e-04  -5.2760529e-04   3.2820296e-05  -1.5800966e-03
   8.4137478e-05  -5.8003760e-04   1.0403057e-04  -1.5838498e-03
   1.2920956e-05  -8.7216047e-04   2.2396365e-04  -1.5012794e-03
  -3.8439227e-04  -8.6467014e-04   2.9072387e-05  -1.5012794e-03
  -1.3326033e-04  -5.4633111e-04  -3.2323106e-04  -1.5050326e-03
  -1.4825328e-04  -8.9088629e-04  -1.6956679e-04  -1.5613306e-03
  -2.4945570e-04  -7.7853134e-04  -1.2833979e-04  -1.5162922e-03
  -4.7050852e-05  -7.0737321e-04  -2.9324779e-04  -1.4712539e-03
   1.2536810e-04  -8.0100233e-04  -2.5202079e-04  -1.8127948e-03
   3.5410384e-05  -5.3135045e-04   1.5275338e-04  -1.7752628e-03
  -5.0799090e-05  -7.9351200e-04   5.5307750e-05  -1.7039521e-03
  -1.1077090e-04  -6.3996024e-04  -1.2084397e-04  -1.7902756e-03
  -2.8309662e-05  -6.1374408e-04  -2.3398339e-05  -1.5988626e-03
   5.0403336e-05  -8.7216047e-04  -1.9580215e-04  -1.8015352e-03
  -9.5777946e-05  -7.9725717e-04  -1.5902521e-05  -1.9666759e-03
  -1.3316710e-05  -8.9088629e-04   4.0316114e-05  -1.7414840e-03
  -2.9068632e-04  -7.8602167e-04  -2.1079379e-04  -2.1092973e-03
  -2.4195923e-04  -8.0100233e-04   8.1543113e-05  -2.2519188e-03
   6.1648050e-05  -4.9764397e-04   2.5394693e-04  -1.9366503e-03
  -1.4450504e-04  -3.7030836e-04  -1.9650430e-05  -1.8615863e-03
   1.2161986e-04  -7.7104101e-04   1.3776175e-04  -1.7377308e-03
   6.5396288e-05  -7.3358936e-04   2.2396365e-04  -2.0529994e-03
  -3.2442046e-04  -8.3470882e-04  -1.2833979e-04  -2.1205569e-03
  -1.4825328e-04  -8.2347332e-04  -7.2121156e-05  -2.0792718e-03
  -6.5792042e-05  -7.2235387e-04   2.0147620e-04  -2.3269828e-03
  -7.7036756e-05  -6.9613771e-04   1.0403057e-04  -2.1430761e-03
  -1.4075680e-04  -6.6617639e-04  -1.1334816e-04  -2.5521746e-03
  -9.9526184e-05  -7.5980552e-04   1.7828660e-05  -2.5334086e-03
  -1.4450504e-04  -6.6617639e-04  -1.5902521e-05  -2.0529994e-03
  -1.6699447e-04  -7.5231519e-04  -2.2953333e-04  -2.3194764e-03
   9.5382192e-05  -8.6092497e-04   4.7811932e-05  -2.3194764e-03
  -1.1077090e-04  -6.5868606e-04   2.0522411e-04  -2.4170595e-03
  -2.1197332e-04  -6.3621507e-04   1.8273666e-04  -2.5859534e-03
  -1.9698037e-04  -7.3733453e-04  -3.0894157e-05  -2.5371618e-03
  -1.7064948e-05  -5.2386012e-04  -1.7706261e-04  -2.5108894e-03
  -5.4547328e-05  -6.0625375e-04  -1.2833979e-04  -2.3795275e-03
  -3.0193104e-04  -7.8602167e-04  -2.4827288e-04  -2.1993741e-03
  -2.8309662e-05  -6.5119573e-04  -3.4642066e-05  -2.4846170e-03
  -1.5949799e-04  -7.2235387e-04  -1.5902521e-05  -2.7060557e-03
  -8.0784994e-05  -5.4258595e-04  -1.3583561e-04  -2.1655953e-03
   1.6669194e-05  -5.0138913e-04   1.4080751e-05  -2.1168037e-03
  -1.4450504e-04  -5.8003760e-04   6.6551477e-05  -2.2293996e-03
  -2.8309662e-05  -5.8378276e-04   1.7149293e-04  -2.1993741e-03
  -6.2043804e-05  -7.7478618e-04   1.6774502e-04  -2.1168037e-03
  -3.5806138e-05  -6.1748925e-04   7.7795204e-05  -2.0004546e-03
   2.0417432e-05  -4.6019232e-04   7.7795204e-05  -2.1130505e-03
  -7.7036756e-05  -5.6880210e-04   6.6551477e-05  -1.8765991e-03
  -1.2201561e-04  -6.5119573e-04   2.0897202e-04  -1.8578331e-03
   8.7885716e-05  -5.2011496e-04   1.6774502e-04  -2.0267270e-03
   8.7885716e-05  -5.6505694e-04  -2.7146248e-05  -1.9028715e-03
  -8.4533232e-05  -6.7741189e-04   1.0777848e-04  -1.7827692e-03
  -6.9540280e-05  -6.9613771e-04   4.0316114e-05  -1.9816886e-03
   8.0389240e-05  -7.5231519e-04  -7.5869065e-05  -1.9253907e-03
   6.9144526e-05  -8.3845398e-04   5.9055659e-05  -1.7715096e-03
  -1.0327442e-04  -6.8490222e-04   6.5849330e-06  -1.8916119e-03
  -3.5806138e-05  -4.8640847e-04  -3.4642066e-05  -1.7677564e-03
  -1.8948390e-04  -9.1710245e-04   8.1543113e-05  -1.9591695e-03
  -2.7569337e-04  -7.7853134e-04   4.7811932e-05  -1.9891950e-03
  -1.0702266e-04  -6.5119573e-04  -8.4067030e-06  -1.9028715e-03
  -8.8281470e-05  -8.7216047e-04   3.6568205e-05  -1.9704291e-03
  -9.5777946e-05  -5.1636979e-04   6.2803568e-05  -1.8052884e-03
   3.9158622e-05  -7.1860870e-04  -1.0585234e-04  -1.7602500e-03
   5.0403336e-05  -8.0849266e-04  -1.9955006e-04  -1.7677564e-03
  -3.9188875e-04  -6.0999892e-04   6.2803568e-05  -1.9103779e-03
  -2.5320394e-04  -9.9949608e-04  -5.3381611e-05  -1.8090416e-03
  -4.3302614e-05  -8.9088629e-04  -2.1079379e-04  -1.6589137e-03
  -2.9818280e-04  -6.6243123e-04  -3.4642066e-05  -1.8127948e-03
  -1.8198742e-04  -7.5606035e-04  -7.2121156e-05  -1.8841055e-03
  -2.6070042e-04  -5.9501826e-04   1.4080751e-05  -1.8390672e-03
  -2.6819689e-04  -7.7853134e-04  -3.0894157e-05  -1.7264713e-03
  -6.9540280e-05  -9.6953476e-04  -2.6701242e-04  -1.7339776e-03
  -1.0327442e-04  -8.2347332e-04  -1.3208770e-04  -1.9591695e-03
  -2.0822509e-04  -7.7478618e-04  -2.1454170e-04  -1.8390672e-03
  -1.8573566e-04  -8.0474750e-04  -2.1079379e-04  -1.6476541e-03
  -1.5200152e-04  -9.6953476e-04   2.9072387e-05  -1.7790160e-03
  -3.5440637e-04  -9.0961212e-04  -2.0704588e-04  -1.6251349e-03
  -3.5815461e-04  -8.1223783e-04  -1.6207097e-04  -1.6776797e-03
  -1.5200152e-04  -9.3208311e-04  -4.9633702e-05  -1.8015352e-03
  -1.6324623e-04  -9.4331860e-04  -9.4608610e-05  -1.5650838e-03
  -3.2442046e-04  -9.3208311e-04   2.5324478e-05  -1.6288881e-03
  -3.3566518e-04  -8.6467014e-04  -1.1709606e-04  -1.8540799e-03
  -3.3941342e-04  -7.6355068e-04  -1.4333143e-04  -1.6251349e-03
  -2.8693808e-04  -6.7741189e-04   2.9072387e-05  -1.4712539e-03
  -1.2201561e-04  -7.8976684e-04   8.5291022e-05  -1.6814329e-03
  -8.4533232e-05  -8.2721849e-04  -5.7129520e-05  -1.5650838e-03
  -1.5574975e-04  -7.5231519e-04  -1.9205424e-04  -1.4112027e-03
  -2.5320394e-04  -8.3470882e-04  -9.1088500e-07  -1.5688370e-03
  -2.4570747e-04  -6.5119573e-04   5.9055659e-05  -1.5500710e-03
  -1.2201561e-04  -6.6992156e-04  -3.8389975e-05  -1.5988626e-03
   9.1727180e-06  -7.7104101e-04   2.6519065e-04  -1.6851861e-03
  -1.8573566e-04  -6.3246991e-04   1.7898875e-04  -1.5538242e-03
  -1.7823918e-04  -5.4633111e-04  -1.0585234e-04  -1.7940288e-03
  -2.4561424e-05  -4.9764397e-04   1.3026593e-04  -1.7602500e-03
  -1.2201561e-04  -6.8864738e-04  -4.9633702e-05  -1.7302244e-03
  -2.4561424e-05  -8.1972816e-04  -2.4077706e-04  -1.9516631e-03
  -9.5684720e-06  -6.3996024e-04  -6.0877429e-05  -1.8015352e-03
   9.1727180e-06  -7.4482486e-04   1.0332842e-05  -1.9066247e-03
  -1.8573566e-04  -1.0332026e-03  -1.0210443e-04  -1.8653395e-03
  -2.1197332e-04  -8.1598299e-04  -8.7112792e-05  -1.6626669e-03
   1.8908814e-04  -5.1262463e-04   1.0403057e-04  -2.0079610e-03
  -8.4533232e-05  -5.5382144e-04   1.7828660e-05  -2.3194764e-03
  -2.3821099e-04  -6.7366672e-04  -4.9633702e-05  -2.1806081e-03
  -8.0784994e-05  -7.4107969e-04  -9.4608610e-05  -2.0304802e-03
  -9.9526184e-05  -6.8864738e-04   5.5307750e-05  -1.9441567e-03
  -8.8281470e-05  -7.7853134e-04  -1.2154612e-05  -2.0192206e-03
  -1.7449094e-04  -8.9088629e-04  -1.9580215e-04  -2.3645147e-03
  -2.8309662e-05  -5.6880210e-04  -4.6587940e-06  -2.4771107e-03
   2.7913908e-05  -6.0625375e-04  -1.3583561e-04  -2.2631784e-03
  -1.5200152e-04  -8.4594431e-04  -2.3398339e-05  -2.1693485e-03
  -2.2696628e-04  -5.4633111e-04  -7.2121156e-05  -2.3457488e-03
  -1.8198742e-04  -7.0737321e-04  -1.5082725e-04  -2.4996298e-03
  -7.3288518e-05  -6.6617639e-04   3.6568205e-05  -2.2856976e-03
  -5.0799090e-05  -3.6281803e-04  -1.4333143e-04  -2.3645147e-03
  -1.2576385e-04  -7.0737321e-04  -2.7146248e-05  -2.6084725e-03
  -8.4533232e-05  -7.1860870e-04  -4.9633702e-05  -2.4020467e-03
   6.5396288e-05  -1.0219671e-03  -1.9205424e-04  -2.4771107e-03
  -2.8693808e-04  -9.6578959e-04  -2.7146248e-05  -2.4283191e-03
  -4.7434998e-04  -6.3996024e-04  -4.2137884e-05  -2.3119700e-03
  -1.1451914e-04  -9.3957344e-04  -1.5832306e-04  -2.4170595e-03
  -1.2201561e-04  -4.7891814e-04  -1.1334816e-04  -2.3870339e-03
   6.1648050e-05  -6.6617639e-04  -1.9650430e-05  -2.4170595e-03
   2.0417432e-05  -7.9725717e-04  -4.9633702e-05  -2.2669316e-03
  -2.4195923e-04  -3.0664055e-04   1.0777848e-04  -2.1130505e-03
   7.6641002e-05  -7.2609903e-04   1.6774502e-04  -1.9816886e-03
   9.1633954e-05  -6.8115705e-04   3.2820296e-05  -2.1580889e-03
   2.0408109e-04  -4.1899550e-04   8.1543113e-05  -2.2744380e-03
   2.1907405e-04  -4.9764397e-04   1.7828660e-05  -1.9704291e-03
   3.1662146e-05  -6.6992156e-04   4.7811932e-05  -2.1580889e-03
  -1.2576385e-04  -6.1374408e-04   1.9023247e-04  -1.9779355e-03
  -1.6324623e-04  -5.2760529e-04   1.9398038e-04  -1.7339776e-03
   8.7885716e-05  -7.4107969e-04   7.4047295e-05  -1.9779355e-03
  -2.4195923e-04  -5.9127309e-04  -7.9616974e-05  -1.9141311e-03
  -9.9526184e-05  -6.2872474e-04   7.0299386e-05  -2.0192206e-03
   1.3286457e-04  -6.4745057e-04  -8.4067030e-06  -1.8465736e-03
  -6.2043804e-05  -7.3358936e-04  -7.9616974e-05  -1.8390672e-03
   1.6762420e-06  -8.2721849e-04   1.4150966e-04  -2.0642590e-03
  -1.8573566e-04  -5.1262463e-04   2.8370240e-06  -1.8090416e-03
   1.6285048e-04  -5.7629243e-04  -2.7146248e-05  -1.9591695e-03
   1.3661281e-04  -5.9501826e-04   1.3776175e-04  -2.1918677e-03
  -2.3071451e-04  -6.1374408e-04  -6.4625338e-05  -2.1355697e-03
   4.2906860e-05  -6.5119573e-04  -2.8575197e-04  -1.8578331e-03
  -1.5200152e-04  -6.1374408e-04  -4.5885793e-05  -1.7715096e-03
  -8.4533232e-05  -7.8227651e-04   6.2803568e-05  -2.0454930e-03
   2.3031876e-04  -7.3733453e-04  -1.5457515e-04  -1.9291439e-03
   5.7899812e-05  -7.9351200e-04  -1.4707934e-04  -1.7189649e-03
  -1.5574975e-04  -7.4107969e-04  -4.9633702e-05  -1.9741823e-03
  -2.8309662e-05  -6.5119573e-04  -3.0894157e-05  -1.9741823e-03
  -2.0719960e-06  -8.2347332e-04  -1.2459188e-04  -1.5613306e-03
  -3.1692399e-04  -8.3470882e-04  -1.2459188e-04  -1.7640032e-03
  -1.9323213e-04  -7.7104101e-04  -1.8081052e-04  -1.8578331e-03
  -2.0447685e-04  -6.8490222e-04  -1.6956679e-04  -1.7940288e-03
  -2.3821099e-04  -7.6355068e-04  -4.5885793e-05  -1.7752628e-03
  -2.3821099e-04  -8.1223783e-04  -1.6207097e-04  -1.7264713e-03
  -2.4195923e-04  -7.4482486e-04  -2.2578543e-04  -1.7940288e-03
  -6.5792042e-05  -7.6355068e-04  -1.0585234e-04  -1.6739265e-03
  -1.9698037e-04  -9.7327992e-04   6.5849330e-06  -1.9891950e-03
  -5.8202340e-06  -1.0182219e-03  -2.6326452e-04  -1.7827692e-03
  -1.1077090e-04  -7.8976684e-04  -3.3072688e-04  -1.6439009e-03
  -4.2187465e-04  -9.2833794e-04  -1.3208770e-04  -1.8916119e-03
  -1.5574975e-04  -9.5455410e-04  -1.3958352e-04  -1.8578331e-03
  -2.4195923e-04  -9.2833794e-04  -1.3958352e-04  -1.8390672e-03
  -1.7074271e-04  -8.1972816e-04  -2.5576870e-04  -1.6176285e-03
  -2.0447685e-04  -8.1223783e-04  -2.2203752e-04  -1.7940288e-03
  -1.1077090e-04  -7.5231519e-04  -1.3583561e-04  -1.7001989e-03
   9.9130430e-05  -4.5644715e-04  -6.0877429e-05  -1.5650838e-03
  -6.5801365e-04  -9.1335728e-04  -1.9955006e-04  -1.5613306e-03
   4.5521304e-04  -8.5343464e-04  -2.0329797e-04  -1.4112027e-03
  -5.1558060e-04  -7.7478618e-04  -1.3583561e-04  -1.5650838e-03
   2.8279409e-04  -9.3582827e-04  -2.8949988e-04  -1.5538242e-03
  -2.0719960e-06  -7.2609903e-04   1.7149293e-04  -1.6213817e-03
  -5.8679712e-04  -7.8227651e-04  -9.8356519e-05  -1.6776797e-03
   1.3510419e-03  -7.3358936e-04  -1.6207097e-04  -1.3999431e-03
  -1.9249181e-03  -8.3096365e-04  -1.6956679e-04  -1.4262155e-03
   2.6966594e-03  -4.3023100e-04  -9.0860701e-05  -1.8240544e-03
  -3.5179192e-03  -6.8115705e-04   1.4900547e-04  -1.6964457e-03
   2.7154006e-03  -9.6578959e-04  -3.0449151e-04  -1.7977820e-03
   3.3458449e-02   1.5621968e-03   4.6382983e-04  -1.8015352e-03
   3.5864817e-02   5.7343106e-03  -1.2189813e-03  -1.5763491e-04
   4.7806797e-03   4.6407224e-03   5.2424138e-03  -2.6273011e-05
  -2.3585985e-02  -2.1417714e-03   2.0174083e-02  -3.9671299e-03
  -1.5546015e-02  -7.5834961e-03   1.6770982e-02  -5.9750903e-03
  -3.7128276e-03  -8.6021810e-03   5.0212872e-03  -5.3257872e-03
  -2.5921045e-03  -2.5837009e-03   1.0822348e-03  -6.6018742e-03
  -3.4690989e-04   2.5509203e-03  -6.9645258e-03  -6.0576606e-03
   8.5139247e-03   2.3674073e-03  -1.9171465e-02  -3.1827117e-03
   5.5977956e-03  -4.1150517e-04  -3.3657134e-02   1.2610736e-03
  -1.2018923e-02  -3.6585632e-03  -3.5141306e-02   2.2406580e-03
  -1.1445443e-02  -3.1754369e-03  -3.1239732e-02  -8.0693799e-04
  -9.0990456e-03  -1.3590319e-03  -4.8836165e-02   1.6514060e-03
  -4.8710332e-03   3.4169465e-05  -5.5541174e-02   3.9896478e-03
  -7.8733718e-03  -5.1262463e-04  -3.1524573e-02  -1.5538242e-03
  -2.2300340e-02  -1.1830092e-03  -3.8312739e-03  -8.6623793e-03
  -3.0119164e-02  -2.9507270e-03   4.0280913e-03  -8.3208384e-03
  -2.0010166e-02  -1.6249386e-03   2.1653805e-03  -4.5000838e-03
   1.1287621e-02   2.1951297e-03   1.1141623e-02  -3.2052309e-03
   2.1340395e-02  -7.9725717e-04   1.8731138e-02  -1.8578331e-03
   1.3922725e-03  -7.9351200e-04   2.2868830e-02   9.0076096e-05
  -5.5981913e-03   1.5026958e-04   3.5945284e-02  -1.0133638e-03
   7.9291996e-03  -1.6811161e-03   3.9314655e-02  -2.2406592e-03
   1.7116131e-02  -8.7216047e-04   2.7291362e-02   4.6914899e-04
   1.1377579e-02   4.1617629e-04   2.0282773e-02   1.2648268e-03
  -1.9661487e-03   2.9891046e-03   2.1245985e-02  -8.6698914e-04
  -5.8005962e-03   2.0977554e-03   2.9161569e-02  -3.9220915e-03
  -9.5787269e-04  -1.5650160e-03   2.9262763e-02  -3.2840480e-03
   1.0287867e-04  -3.4600695e-03   2.9817453e-02  -1.2573216e-03
   1.5909292e-03  -3.2203789e-03   3.9775647e-02  -2.7961324e-03
   3.1352032e-03  -7.2984420e-04   3.1256650e-02  -1.2122833e-03
   7.7417877e-03   3.3003750e-04   1.6047635e-02   2.6009649e-03
   1.6782538e-02  -7.0273500e-06   1.1486430e-02   3.3440979e-03
   1.1797381e-02  -5.0887946e-04   1.3675209e-02   4.0909784e-04
  -4.6686283e-03  -6.6617639e-04   1.4158689e-02  -1.7902756e-03
  -1.0890703e-02  -4.4521166e-04   5.9095416e-03  -1.9854418e-03
  -3.3792344e-03  -8.6092497e-04  -6.4555123e-04  -3.3365928e-03
   9.4998046e-04  -3.2536638e-04  -7.6279057e-03  -4.3987475e-03
  -3.7428135e-03   9.9667687e-04  -1.4381638e-02  -4.6389521e-03
  -7.4498209e-03   1.3599579e-03  -1.7885933e-02  -4.7665608e-03
  -5.3433111e-03   5.0231509e-04  -2.5794021e-02  -3.5767974e-03
  -7.3288518e-05  -1.3740126e-03  -3.1277211e-02  -1.9404035e-03
  -4.4212446e-03  -2.6398783e-03  -3.4170597e-02  -6.0801855e-04
  -8.8891443e-03  -2.0219261e-03  -3.0426436e-02  -9.9835103e-04
  -7.8134000e-03  -9.4331860e-04  -2.4774589e-02  -2.0417398e-03
  -6.8650958e-03  -5.1636979e-04  -2.4995716e-02  -1.3061132e-03
   6.0213465e-03  -5.3509562e-04  -1.2747549e-02  -3.8845595e-03
   8.4314635e-03  -1.9803077e-04  -5.6752451e-03  -6.3091248e-03
  -3.8552607e-03   4.5362794e-04  -1.2136640e-02  -4.5526286e-03
  -7.0749971e-03  -3.8528902e-04  -1.4962564e-02  -2.7060557e-03
  -7.1087312e-03  -1.7410387e-03  -1.9010305e-02  -9.7583185e-04
  -3.8665054e-03  -2.1642424e-03  -1.7481158e-02  -3.6406074e-04
  -3.5065813e-04  -2.0893391e-03  -1.3077365e-02  -6.0801855e-04
  -8.4167731e-04  -1.7522742e-03  -1.1521983e-02  -4.1660550e-04
   1.2573360e-03  -1.9208067e-03  -4.7682511e-03  -9.0076791e-04
   3.0340008e-03  -1.8683744e-03   1.9742372e-03  -1.8390672e-03
   1.4897267e-03  -1.2279511e-03   6.9289729e-03  -2.3082168e-03
   7.2892764e-05  -6.5494090e-04   1.2295979e-02  -2.6572641e-03
   5.3392604e-04  -4.3397616e-04   1.5890223e-02  -2.6647705e-03
   3.5325164e-03  -6.8864738e-04   1.9102181e-02  -2.7210685e-03
   3.5325164e-03  -4.3023100e-04   1.5485449e-02  -1.3211260e-03
   3.9860532e-03  -1.9428560e-04   1.1872465e-02  -3.2652877e-04
   6.6885328e-03  -3.6656319e-04   1.2415912e-02  -1.0021042e-03
  -2.9818280e-04  -3.5158253e-04   6.3892740e-03   5.4421293e-04
  -1.2202493e-03  -8.4594431e-04   1.1036681e-02  -2.3645204e-04
   2.6591770e-03  -1.3403061e-03   1.7269454e-02  -2.4883702e-03
  -2.6295868e-03  -1.0107316e-03   1.2337206e-02  -1.1109469e-03
  -4.4061584e-04  -7.8976684e-04   1.6051383e-02  -9.1578070e-04
   6.0888148e-03  -8.4219915e-04   2.1298456e-02  -3.1114009e-03
   5.3654048e-03  -1.7930494e-04   1.9353291e-02  -2.9312475e-03
   1.3248043e-03   4.0868596e-04   1.1718801e-02  -3.9783951e-04
   1.2086089e-03   1.0907276e-04   8.1845224e-03   3.1526792e-04
   3.4762929e-03  -5.5382144e-04   1.0894261e-02  -9.4205308e-04
   1.2236018e-03  -8.5343464e-04   5.1449682e-03  -1.1559853e-03
  -7.9295021e-04  -5.2386012e-04  -1.2976874e-03  -5.6673338e-04
   8.1129565e-04  -4.7142781e-04  -2.1971856e-03  -1.6814329e-03
   7.5882032e-04  -4.5644715e-04  -4.3110062e-03  -2.7135621e-03
  -2.9969142e-03  -2.0552110e-04  -8.2950335e-03  -2.5484214e-03
  -4.6686283e-03  -1.7181461e-04  -1.2889970e-02  -2.4771107e-03
  -2.6933069e-03  -5.1636979e-04  -1.3793216e-02  -2.5484214e-03
  -2.4009443e-03  -1.1904995e-03  -1.4760177e-02  -2.5671874e-03
  -3.0868719e-03  -1.2242060e-03  -1.7687293e-02  -1.9141311e-03
  -1.9886381e-03  -9.4331860e-04  -1.6941460e-02  -1.8916119e-03
  -1.1227952e-03  -8.0100233e-04  -1.5558481e-02  -1.6363945e-03
  -1.2539835e-03  -6.9988288e-04  -1.3163567e-02  -1.2685812e-03
   1.5609433e-03  -8.3096365e-04  -7.1069463e-03  -2.7135621e-03
   2.8840713e-03  -7.9351200e-04  -6.8520885e-03  -2.7961324e-03
  -2.7345375e-03  -5.4258595e-04  -1.3264761e-02  -9.3829988e-04
  -3.3979756e-03  -9.5829926e-04  -1.0543779e-02  -1.3248792e-03
   2.0407177e-03  -1.7710001e-03  -1.9198403e-03  -3.8170020e-03
   8.6751922e-04  -1.5874870e-03  -3.6176431e-03  -3.8207552e-03
  -3.8365195e-03  -1.1081059e-03  -1.1548219e-02  -1.1147001e-03
  -2.1723018e-03  -8.3096365e-04  -1.0198971e-02  -6.5305691e-04
   2.7341417e-03  -1.0257122e-03  -2.3658415e-03  -2.8148984e-03
   1.2798254e-03  -1.0556735e-03  -2.1784460e-03  -2.8299112e-03
  -2.1872947e-03  -4.9015364e-04  -4.2210564e-03  -1.3886835e-03
   4.8519894e-04  -7.4857002e-04   8.7609982e-04  -1.9366503e-03
   2.9927702e-03  -1.0032412e-03   7.1613432e-03  -3.2427628e-03
   2.5280819e-04  -6.8115705e-04   7.5511258e-03  -3.0400902e-03
  -1.3401930e-03  -4.1525034e-04   5.7408857e-03  -2.0905314e-03
   2.4980028e-03  -8.1223783e-04   9.1477350e-03  -2.4771107e-03
   4.6907220e-03  -1.0294574e-03   1.0785571e-02  -2.8599367e-03
   1.0736723e-03  -5.0513430e-04   5.5984652e-03  -1.8240544e-03
  -8.5292202e-04  -4.0401484e-04   3.3647114e-03  -1.2197897e-03
   1.0736723e-03  -4.8266331e-04   5.7109024e-03  -2.0792718e-03
   1.0174487e-03  -4.9389880e-04   6.5691736e-03  -2.7510940e-03
  -1.8836875e-03  -7.1860870e-04   5.0250351e-03  -2.1168037e-03
  -4.7809822e-04  -7.0737321e-04   7.3974615e-03  -2.7811196e-03
   3.6562083e-03  -5.1262463e-04   1.0009754e-02  -3.7644572e-03
   1.6696422e-03  -4.9389880e-04   4.5565465e-03  -2.0905314e-03
  -8.2668436e-04  -1.8262845e-05   3.5139256e-04  -7.5439323e-04
   7.0259675e-04  -1.2687263e-04   3.0199038e-03  -1.3961899e-03
   1.7183692e-03  -7.1486354e-04   5.4373051e-03  -2.3269828e-03
   1.2310983e-03  -5.8752793e-04   2.6975836e-03  -1.8428204e-03
   4.2897537e-04  -3.4034704e-04  -7.5424059e-04  -1.0321298e-03
   1.0661758e-03  -7.4440320e-05   1.1347055e-03  -1.9366503e-03
   2.0069836e-03  -2.0552110e-04   3.1885597e-03  -2.8224048e-03
   7.5132384e-04  -5.5714495e-05   3.4764465e-04  -2.3945403e-03
  -6.5801365e-04  -1.6057912e-04  -2.7331365e-03  -1.6363945e-03
  -2.0822509e-04  -7.5606035e-04  -2.1184795e-03  -1.9629227e-03
  -4.6685351e-04  -8.3845398e-04  -1.8523779e-03  -2.5371618e-03
  -1.1340399e-03  -9.2833794e-04  -4.6445701e-03  -2.0454930e-03
  -3.0567927e-04  -4.8640847e-04  -7.1706608e-03  -1.1785045e-03
   8.9000865e-04  -2.4671791e-04  -5.9151113e-03  -1.3248792e-03
   1.3997690e-03  -7.2984420e-04  -2.0472692e-03  -2.3044636e-03
  -1.0702266e-04  -6.2123441e-04  -2.2121772e-03  -2.4883702e-03
  -1.4076612e-03  -5.0513430e-04  -4.7907386e-03  -1.9479099e-03
  -4.7060175e-04  -8.0100233e-04  -4.8019823e-03  -1.5988626e-03
   3.8774476e-04  -8.8714113e-04  -3.7075929e-03  -2.2444124e-03
  -9.7286564e-04  -9.8826058e-04  -4.2472918e-03  -2.5446682e-03
  -3.1318507e-03  -1.0444381e-03  -6.5522558e-03  -1.7077053e-03
  -1.5388496e-03  -1.1867543e-03  -4.6595618e-03  -1.8052884e-03
   1.6059221e-03  -1.1155962e-03  -6.9052614e-04  -2.3832807e-03
   8.9750512e-04  -8.7216047e-04  -1.9348319e-03  -2.3682679e-03
  -1.2427388e-03  -5.9501826e-04  -5.0231089e-03  -1.5237986e-03
  -7.1423722e-04  -2.3548242e-04  -4.6070910e-03  -9.4580628e-04
   5.6766018e-04  -9.1710245e-04  -1.4401079e-03  -2.0417398e-03
  -8.1543964e-04  -1.1942447e-03  -4.7314742e-04  -2.6084725e-03
  -3.0006624e-03  -8.7590563e-04  -1.9385798e-03  -2.0379866e-03
  -2.1348194e-03  -1.1530478e-03  -1.4401079e-03  -1.8240544e-03
   7.0259675e-04  -1.0444381e-03   3.1016556e-04  -2.1468293e-03
   7.4382737e-04  -7.6729585e-04   4.5258610e-04  -2.0717654e-03
  -7.5921607e-04  -6.0999892e-04  -4.7314742e-04  -1.4562411e-03
   2.5655643e-04  -7.3358936e-04   8.6110818e-04  -1.6138753e-03
   8.4128155e-04  -8.6467014e-04   2.8250125e-03  -1.7227181e-03
  -5.5681122e-04  -1.0069864e-03   2.2928094e-03  -1.5388114e-03
  -1.1602775e-03  -1.1979898e-03   2.5139361e-03  -1.5725902e-03
   2.7913908e-05  -7.2235387e-04   3.8969145e-03  -1.6776797e-03
   1.8270681e-03  -6.9988288e-04   4.1592681e-03  -2.1881145e-03
   1.2236018e-03  -6.7366672e-04   2.5101881e-03  -1.8203012e-03
  -4.6310527e-04  -4.0401484e-04   8.3487282e-04  -1.1409725e-03
  -3.1692399e-04  -9.5829926e-04   1.9442539e-03  -1.4036963e-03
   2.4905995e-04  -1.0182219e-03   2.7163231e-03  -1.6063689e-03
   2.5280819e-04  -9.0961212e-04   1.4157987e-03  -1.5162922e-03
  -3.5806138e-05  -1.0369477e-03   5.2004847e-04  -1.2310492e-03
   5.5641547e-04  -7.0362804e-04   1.0260162e-03  -1.3586579e-03
   9.2749103e-04  -5.7629243e-04   1.7681022e-03  -1.8127948e-03
  -2.8309662e-05  -3.2911154e-04   1.3295968e-03  -1.9066247e-03
  -4.7060175e-04  -5.6880210e-04   9.3606636e-04  -1.6476541e-03
  -4.5560879e-04  -8.2721849e-04   1.5507234e-03  -1.4900198e-03
  -2.8309662e-05  -3.4409220e-04   2.1841201e-03  -1.8841055e-03
   2.3406700e-04  -5.6131177e-04   1.3745717e-03  -1.4900198e-03
   5.0403336e-05  -5.0887946e-04   1.9772829e-04  -1.1522321e-03
   3.9898947e-04  -5.1262463e-04   2.9142602e-04  -1.7227181e-03
  -1.3316710e-05  -8.2721849e-04   7.8989791e-04  -1.7940288e-03
  -1.0328374e-03  -7.4857002e-04   2.0147620e-04  -1.7827692e-03
  -1.0890610e-03  -9.7702509e-04  -6.2306378e-04  -1.8841055e-03
  -5.7180417e-04  -6.8490222e-04  -2.4452497e-04  -2.0417398e-03
  -4.1812641e-04  -5.1636979e-04  -2.2203752e-04  -2.3119700e-03
  -6.9549603e-04  -6.8490222e-04  -7.9546759e-04  -2.2331528e-03
  -7.6671255e-04  -6.2872474e-04  -1.3651498e-03  -1.9328971e-03
  -4.4061584e-04  -8.9463146e-04  -1.4925787e-03  -1.8803523e-03
  -4.5186056e-04  -9.8077025e-04  -1.3838893e-03  -1.9704291e-03
  -1.1340399e-03  -8.6092497e-04  -1.9048487e-03  -1.9666759e-03
  -1.1265434e-03  -9.4706377e-04  -1.8786133e-03  -1.8953651e-03
  -2.9068632e-04  -1.0069864e-03  -1.4963266e-03  -2.0379866e-03
  -1.6324623e-04  -7.6355068e-04  -1.2826958e-03  -2.3532552e-03
  -5.7930065e-04  -7.4857002e-04  -1.1477710e-03  -2.3419956e-03
  -6.7675484e-04  -8.9088629e-04  -1.0390817e-03  -2.3720211e-03
  -5.4556651e-04  -5.6880210e-04  -5.3686187e-04  -2.2631784e-03
  -5.1558060e-04  -7.5231519e-04  -3.8694551e-04  -2.3232296e-03
  -4.4811232e-04  -9.5080893e-04  -3.4197060e-04  -2.4583447e-03
  -1.0702266e-04  -6.8490222e-04   2.1576569e-05  -2.3382424e-03
   3.5410384e-05  -7.8227651e-04   2.8767811e-04  -2.4771107e-03
  -5.8295566e-05  -6.1748925e-04   5.6127546e-04  -2.3570083e-03
  -1.4075680e-04  -5.1262463e-04   7.0369601e-04  -2.3119700e-03
  -3.6190284e-04  -6.9613771e-04   9.3981427e-04  -2.1768549e-03
  -3.6939932e-04  -7.4482486e-04   1.2696303e-03  -2.0755186e-03
  -4.3311937e-04  -6.8864738e-04   1.3858154e-03  -2.4508383e-03
  -2.6070042e-04  -4.9015364e-04   1.5882025e-03  -2.5296554e-03
   1.1037514e-04  -6.1374408e-04   1.7568584e-03  -2.3645147e-03
   1.6762420e-06  -7.8227651e-04   1.8280687e-03  -2.2218933e-03
  -1.1451914e-04  -6.3246991e-04   1.9592455e-03  -2.2031273e-03
  -3.8814051e-04  -7.0737321e-04   1.5994463e-03  -1.9629227e-03
  -2.3446275e-04  -7.6355068e-04   1.2733782e-03  -1.7752628e-03
  -6.2043804e-05  -3.7405352e-04   1.3408405e-03  -1.9404035e-03
  -2.3821099e-04  -3.6656319e-04   1.1122181e-03  -2.1092973e-03
   2.6030466e-04  -6.3996024e-04   8.6110818e-04  -2.0642590e-03
   9.5382192e-05  -7.1860870e-04   8.8734355e-04  -1.8803523e-03
  -6.9549603e-04  -8.2347332e-04   9.0608309e-04  -2.0117142e-03
  -8.5292202e-04  -6.8115705e-04   7.2993137e-04  -2.0154674e-03
  -6.3177598e-04  -7.1486354e-04   5.4628383e-04  -1.8765991e-03
  -3.1692399e-04  -7.2609903e-04   3.8887165e-04  -1.9216375e-03
  -3.0942751e-04  -4.0776001e-04   4.7507356e-04  -1.7227181e-03
  -2.3821099e-04  -3.6656319e-04   5.8376292e-04  -1.6176285e-03
  -2.3821099e-04  -6.1748925e-04   3.2515720e-04  -1.7940288e-03
  -5.3807003e-04  -7.7104101e-04   1.2277011e-04  -1.8390672e-03
