  -2.0447685e-04  -6.7741189e-04  -2.6701242e-04  -1.9929482e-03
  -1.2201561e-04  -9.9575091e-04  -1.8081052e-04  -1.8653395e-03
  -4.6310527e-04  -7.8976684e-04  -2.8575197e-04  -1.7827692e-03
  -1.1826737e-04  -7.4857002e-04  -3.1948315e-04  -1.8803523e-03
  -6.9540280e-05  -7.2235387e-04  -1.5832306e-04  -2.0529994e-03
  -5.0799090e-05  -7.4857002e-04  -1.3208770e-04  -1.8728459e-03
   8.0389240e-05  -7.8602167e-04  -2.2578543e-04  -1.9591695e-03
  -1.2951209e-04  -7.5606035e-04  -1.5832306e-04  -2.1768549e-03
  -3.9554376e-05  -9.0586695e-04  -6.4625338e-05  -1.6589137e-03
  -9.5777946e-05  -1.0818897e-03  -1.5082725e-04  -1.9591695e-03
  -2.0813186e-05  -8.6092497e-04  -1.2154612e-05  -2.0154674e-03
  -9.5684720e-06  -7.4107969e-04  -2.9324779e-04  -1.8428204e-03
  -3.5815461e-04  -8.4594431e-04  -3.4197060e-04  -2.0717654e-03
  -2.5695218e-04  -7.4107969e-04  -3.0894157e-05  -2.0042078e-03
  -7.3288518e-05  -7.2984420e-04  -3.1573524e-04  -2.3269828e-03
  -1.0702266e-04  -9.0961212e-04  -2.2953333e-04  -1.9929482e-03
  -1.1077090e-04  -9.2459278e-04  -1.5902521e-05  -1.9366503e-03
  -9.2029708e-05  -7.2609903e-04  -2.8200406e-04  -2.1693485e-03
  -1.1077090e-04  -6.4745057e-04  -1.9955006e-04  -1.9441567e-03
  -1.1826737e-04  -8.0100233e-04  -1.0210443e-04  -2.1918677e-03
  -1.1826737e-04  -9.6578959e-04  -6.4625338e-05  -2.0605058e-03
  -1.1826737e-04  -8.0849266e-04   1.6024920e-04  -2.0342334e-03
  -1.9698037e-04  -8.0474750e-04  -7.9616974e-05  -2.2556720e-03
  -2.1197332e-04  -9.2833794e-04  -1.6581888e-04  -2.0942846e-03
  -1.5574975e-04  -5.6880210e-04  -1.8830634e-04  -2.0717654e-03
  -2.6819689e-04  -6.9988288e-04  -2.2578543e-04  -2.2669316e-03
  -2.4561424e-05  -1.0107316e-03  -1.2084397e-04  -2.1280633e-03
  -1.8948390e-04  -6.7741189e-04  -2.4077706e-04  -1.8728459e-03
  -2.4195923e-04  -7.1860870e-04  -2.1828961e-04  -2.2781912e-03
  -2.8309662e-05  -9.9200575e-04  -2.2953333e-04  -2.3382424e-03
  -3.1692399e-04  -8.8339596e-04  -9.0860701e-05  -2.0642590e-03
   1.7409519e-04  -6.1374408e-04  -1.3208770e-04  -2.2256465e-03
   9.1727180e-06  -5.6131177e-04  -2.9699570e-04  -2.0830250e-03
  -1.7449094e-04  -7.2235387e-04  -1.8081052e-04  -1.9591695e-03
   3.1662146e-05  -6.0999892e-04  -1.4707934e-04  -2.0642590e-03
  -3.6939932e-04  -5.3509562e-04   6.6551477e-05  -1.9291439e-03
   9.1633954e-05  -6.8864738e-04  -9.1088500e-07  -1.8728459e-03
   8.0389240e-05  -6.8115705e-04  -1.8830634e-04  -1.8315608e-03
   3.9158622e-05  -5.1636979e-04  -1.4707934e-04  -1.8465736e-03
   3.0153528e-04  -6.6992156e-04  -8.7112792e-05  -1.8690927e-03
   4.2906860e-05  -7.7104101e-04   3.6568205e-05  -1.7977820e-03
   1.4410929e-04  -5.3135045e-04   1.7828660e-05  -2.0417398e-03
   1.6669194e-05  -6.3621507e-04   6.5849330e-06  -1.9441567e-03
  -1.2201561e-04  -6.6243123e-04  -2.3398339e-05  -1.8465736e-03
   1.6285048e-04  -6.3246991e-04  -8.4067030e-06  -1.9141311e-03
  -1.7064948e-05  -5.9501826e-04  -1.3208770e-04  -1.9741823e-03
  -3.8439227e-04  -5.2011496e-04  -2.5202079e-04  -2.0717654e-03
  -1.1077090e-04  -9.1335728e-04  -1.2459188e-04  -1.7414840e-03
  -2.0719960e-06  -7.7104101e-04  -7.5869065e-05  -1.9103779e-03
  -1.7449094e-04  -6.5494090e-04  -2.4452497e-04  -2.1092973e-03
  -2.1572156e-04  -1.0818897e-03  -4.2817251e-04  -2.0980378e-03
  -2.3446275e-04  -1.0107316e-03  -2.7146248e-05  -2.1168037e-03
  -2.1946980e-04  -8.6467014e-04  -1.5902521e-05  -1.9103779e-03
  -2.8693808e-04  -7.4107969e-04  -2.6701242e-04  -2.0454930e-03
  -3.4690989e-04  -7.0362804e-04  -1.4707934e-04  -1.9967014e-03
  -3.4316165e-04  -8.3845398e-04  -2.4827288e-04  -1.9891950e-03
  -1.0702266e-04  -7.5606035e-04  -1.4707934e-04  -2.0717654e-03
  -2.0719960e-06  -8.6841530e-04  -1.5832306e-04  -1.7414840e-03
   3.1662146e-05  -8.8339596e-04  -1.3958352e-04  -1.8428204e-03
  -3.5806138e-05  -7.6355068e-04  -2.5202079e-04  -2.2256465e-03
  -4.2937113e-04  -1.1006155e-03  -2.5202079e-04  -2.0680122e-03
  -2.8693808e-04  -1.0107316e-03  -1.1709606e-04  -2.0192206e-03
  -9.2029708e-05  -7.4857002e-04  -4.2442460e-04  -2.0342334e-03
  -2.9818280e-04  -9.7702509e-04  -1.6956679e-04  -1.9328971e-03
  -4.5935703e-04  -9.0961212e-04  -2.8575197e-04  -2.1505825e-03
  -6.3177598e-04  -8.0474750e-04  -4.1692878e-04  -2.2106337e-03
  -2.7194513e-04  -7.6355068e-04  -2.6326452e-04  -2.1055441e-03
  -1.7449094e-04  -8.7965080e-04  -6.1182005e-04  -2.0567526e-03
  -4.1437818e-04  -1.1043607e-03  -3.4571851e-04  -1.9591695e-03
  -1.7823918e-04  -8.4594431e-04  -2.3702915e-04  -1.9704291e-03
  -3.6190284e-04  -8.1972816e-04  -4.7689533e-04  -2.1731017e-03
  -3.5815461e-04  -8.3096365e-04  -4.3566833e-04  -2.0792718e-03
  -5.0799090e-05  -8.9837662e-04  -3.3822270e-04  -1.9516631e-03
  -1.1077090e-04  -1.0182219e-03  -1.1334816e-04  -2.1017910e-03
  -2.5320394e-04  -7.2609903e-04  -4.9633702e-05  -1.9216375e-03
  -1.4075680e-04  -9.1335728e-04  -1.8081052e-04  -1.9479099e-03
  -1.4075680e-04  -8.9088629e-04  -2.6701242e-04  -2.0454930e-03
  -3.7689580e-04  -7.6355068e-04  -1.4333143e-04  -1.7715096e-03
  -1.4450504e-04  -8.7965080e-04  -1.9580215e-04  -1.8953651e-03
  -2.4561424e-05  -6.6992156e-04  -2.7076033e-04  -1.9291439e-03
  -1.2951209e-04  -8.1972816e-04  -2.4077706e-04  -1.7827692e-03
  -1.7823918e-04  -8.1223783e-04  -4.1318088e-04  -1.8090416e-03
  -2.0822509e-04  -7.4107969e-04  -2.0704588e-04  -1.6176285e-03
  -2.2321804e-04  -9.8451542e-04   2.9072387e-05  -1.7339776e-03
  -1.2951209e-04  -7.7478618e-04  -2.4452497e-04  -1.9554163e-03
   8.0389240e-05  -6.4745057e-04  -3.0074361e-04  -1.8728459e-03
  -6.5792042e-05  -8.0474750e-04  -1.0960025e-04  -1.9141311e-03
  -1.0702266e-04  -6.8490222e-04  -2.5576870e-04  -1.9291439e-03
  -8.4533232e-05  -5.3509562e-04  -1.5457515e-04  -1.8878587e-03
  -3.4316165e-04  -7.2609903e-04  -1.6956679e-04  -1.8690927e-03
  -2.8693808e-04  -7.1860870e-04  -3.4197060e-04  -2.0042078e-03
  -3.5806138e-05  -5.7254727e-04  -1.1334816e-04  -2.2331528e-03
  -8.4533232e-05  -1.0743994e-03  -3.5696224e-04  -2.0342334e-03
  -5.8295566e-05  -9.3957344e-04  -2.8949988e-04  -1.8390672e-03
  -2.6819689e-04  -6.4745057e-04  -1.0960025e-04  -2.0154674e-03
  -4.4061584e-04  -9.8077025e-04  -1.2459188e-04  -1.9929482e-03
   8.0389240e-05  -8.8339596e-04   3.6568205e-05  -2.0004546e-03
   6.5396288e-05  -1.0444381e-03  -2.8200406e-04  -1.9704291e-03
  -1.7074271e-04  -7.4107969e-04  -2.5576870e-04  -1.8503268e-03
  -5.8295566e-05  -4.7517298e-04  -2.2203752e-04  -1.9666759e-03
  -8.0784994e-05  -8.7216047e-04  -2.8949988e-04  -2.1505825e-03
  -1.3700856e-04  -8.5717981e-04  -1.5082725e-04  -2.2519188e-03
  -2.9443456e-04  -7.4857002e-04  -1.0960025e-04  -2.0605058e-03
  -5.8295566e-05  -7.2609903e-04  -9.1088500e-07  -2.1017910e-03
   9.1633954e-05  -8.3096365e-04  -2.3702915e-04  -2.2481656e-03
  -3.1692399e-04  -7.5231519e-04  -1.2459188e-04  -2.1505825e-03
  -4.1437818e-04  -7.7104101e-04  -1.1334816e-04  -2.1393229e-03
  -1.4075680e-04  -7.6729585e-04  -4.5815578e-04  -2.2856976e-03
  -8.8281470e-05  -8.5717981e-04  -6.0877429e-05  -2.2894508e-03
  -8.0784994e-05  -1.1305768e-03  -9.8356519e-05  -2.0192206e-03
   5.0403336e-05  -8.8714113e-04  -2.2953333e-04  -2.1655953e-03
  -7.3288518e-05  -5.9876342e-04   7.4047295e-05  -2.2444124e-03
  -3.9554376e-05  -6.8864738e-04  -2.5202079e-04  -2.0042078e-03
  -1.2951209e-04  -8.6092497e-04  -2.8949988e-04  -2.2594252e-03
  -1.2201561e-04  -6.5494090e-04  -1.1709606e-04  -2.2068805e-03
   1.5535400e-04  -5.6131177e-04  -1.9955006e-04  -1.8578331e-03
  -1.9323213e-04  -7.7104101e-04  -1.5832306e-04  -2.0980378e-03
  -1.7074271e-04  -7.4107969e-04   5.1559841e-05  -2.1731017e-03
   1.2920956e-05  -6.5868606e-04   8.1543113e-05  -2.0117142e-03
   1.6669194e-05  -6.8864738e-04  -8.3364883e-05  -1.9554163e-03
   1.3286457e-04  -6.7366672e-04   2.6893856e-04  -1.8878587e-03
  -1.6699447e-04  -7.4857002e-04  -3.8389975e-05  -2.0905314e-03
  -2.0822509e-04  -8.4594431e-04  -1.8455843e-04  -2.1130505e-03
   2.7913908e-05  -6.1374408e-04   2.9892183e-04  -1.8878587e-03
   1.2920956e-05  -6.5119573e-04  -5.7129520e-05  -1.9103779e-03
   1.6762420e-06  -8.9088629e-04  -1.7331470e-04  -2.0454930e-03
  -2.8309662e-05  -7.0362804e-04  -1.0960025e-04  -1.8690927e-03
  -1.4825328e-04  -7.1111837e-04  -1.8455843e-04  -1.7527436e-03
  -6.2043804e-05  -5.9501826e-04  -4.3192042e-04  -1.8465736e-03
  -2.3821099e-04  -5.6880210e-04  -3.0449151e-04  -1.9141311e-03
  -2.0072861e-04  -9.6578959e-04   1.0332842e-05  -2.0867782e-03
   2.3031876e-04  -6.7366672e-04  -1.4333143e-04  -1.9741823e-03
   4.6655098e-05  -7.3733453e-04   4.0316114e-05  -2.0079610e-03
  -1.0327442e-04  -9.6204443e-04  -1.1334816e-04  -1.9779355e-03
  -1.2951209e-04  -6.8115705e-04  -2.5576870e-04  -1.9891950e-03
  -1.1826737e-04  -8.6467014e-04  -1.0585234e-04  -2.1843613e-03
  -1.9323213e-04  -8.0474750e-04  -2.8200406e-04  -1.8428204e-03
  -2.9068632e-04  -6.2497958e-04  -1.2833979e-04  -1.7977820e-03
  -2.0719960e-06  -9.6953476e-04   1.7828660e-05  -2.0342334e-03
  -8.4533232e-05  -1.1680285e-03  -2.7825615e-04  -2.1580889e-03
  -3.6565108e-04  -9.2833794e-04  -3.8319760e-04  -2.0567526e-03
  -3.9563699e-04  -7.3733453e-04  -3.1198733e-04  -2.2669316e-03
  -2.8693808e-04  -9.0586695e-04  -1.9580215e-04  -2.4395787e-03
  -1.5574975e-04  -8.7216047e-04  -1.5082725e-04  -2.1205569e-03
  -2.1572156e-04  -7.2609903e-04  -3.5696224e-04  -2.1881145e-03
  -2.4570747e-04  -1.0931252e-03  -2.1828961e-04  -2.0342334e-03
  -1.0702266e-04  -9.7702509e-04  -2.1454170e-04  -2.0830250e-03
  -2.9068632e-04  -8.0849266e-04  -3.5321433e-04  -2.1355697e-03
  -4.5186056e-04  -1.1006155e-03  -1.3583561e-04  -2.0867782e-03
  -2.3446275e-04  -9.2833794e-04  -1.3958352e-04  -2.2106337e-03
  -2.0072861e-04  -9.7327992e-04  -2.6701242e-04  -2.0304802e-03
  -3.0567927e-04  -9.5080893e-04  -2.7450824e-04  -2.1881145e-03
  -3.0567927e-04  -9.0212179e-04  -3.5696224e-04  -2.1205569e-03
  -2.5695218e-04  -9.3957344e-04  -4.0193715e-04  -2.0905314e-03
  -2.4945570e-04  -9.5080893e-04  -3.1198733e-04  -2.2293996e-03
  -3.3941342e-04  -1.0743994e-03  -4.8439115e-04  -2.0905314e-03
  -2.5320394e-04  -8.8714113e-04  -4.0568506e-04  -2.1092973e-03
  -1.9698037e-04  -9.8451542e-04  -1.8455843e-04  -2.0755186e-03
  -2.0447685e-04  -1.0032412e-03  -2.2203752e-04  -2.0605058e-03
  -2.0719960e-06  -7.7104101e-04  -4.9633702e-05  -1.9591695e-03
  -2.0072861e-04  -7.2984420e-04  -8.7112792e-05  -1.8353140e-03
  -2.8693808e-04  -8.0100233e-04  -9.4608610e-05  -1.8841055e-03
  -2.0719960e-06  -9.0586695e-04  -2.2953333e-04  -1.8390672e-03
  -7.7036756e-05  -8.1598299e-04  -3.7944969e-04  -1.7715096e-03
  -1.8948390e-04  -7.2235387e-04  -1.1709606e-04  -1.8540799e-03
  -1.0327442e-04  -9.3957344e-04  -1.5457515e-04  -1.9741823e-03
  -1.1077090e-04  -9.2084761e-04  -3.1573524e-04  -2.1655953e-03
  -3.5815461e-04  -7.9725717e-04  -2.5202079e-04  -2.1280633e-03
  -1.9698037e-04  -9.3582827e-04  -1.2084397e-04  -1.8540799e-03
  -2.4561424e-05  -8.3096365e-04  -3.2697897e-04  -1.9891950e-03
  -9.2029708e-05  -8.4219915e-04  -3.1198733e-04  -2.0980378e-03
  -1.7064948e-05  -8.0100233e-04  -1.8081052e-04  -1.8015352e-03
  -8.0784994e-05  -6.7741189e-04  -1.8455843e-04  -1.6213817e-03
  -1.2951209e-04  -8.1972816e-04  -9.8356519e-05  -1.9441567e-03
  -2.1572156e-04  -8.0474750e-04  -2.1828961e-04  -2.0229738e-03
  -1.1451914e-04  -6.9239255e-04  -3.8389975e-05  -1.7940288e-03
   2.0417432e-05  -8.1598299e-04  -1.7706261e-04  -1.9704291e-03
  -1.9698037e-04  -8.1223783e-04  -3.8694551e-04  -2.1543357e-03
  -3.0567927e-04  -5.6131177e-04  -9.4608610e-05  -2.1130505e-03
   6.1648050e-05  -8.9088629e-04   7.7795204e-05  -2.2143869e-03
   2.0417432e-05  -1.0032412e-03   1.7828660e-05  -2.0867782e-03
  -2.8318985e-04  -5.6131177e-04  -3.0074361e-04  -1.7414840e-03
  -2.4561424e-05  -6.7741189e-04  -1.6956679e-04  -2.1918677e-03
  -1.9323213e-04  -9.7327992e-04   6.5849330e-06  -2.0642590e-03
  -2.0447685e-04  -6.8115705e-04  -3.3072688e-04  -1.8878587e-03
   2.0417432e-05  -5.0138913e-04  -2.3328124e-04  -2.4470851e-03
  -3.6939932e-04  -9.4706377e-04  -4.9633702e-05  -2.0379866e-03
  -1.4075680e-04  -7.7853134e-04  -3.8389975e-05  -2.1655953e-03
   2.7913908e-05  -6.3621507e-04   4.7811932e-05  -2.3232296e-03
  -3.0567927e-04  -8.6467014e-04  -1.6581888e-04  -1.9929482e-03
  -3.0567927e-04  -7.2984420e-04  -2.5576870e-04  -2.3344892e-03
  -3.8064403e-04  -6.4745057e-04  -3.1948315e-04  -2.3157232e-03
  -1.2201561e-04  -8.3096365e-04  -4.4316415e-04  -2.1130505e-03
  -2.8318985e-04  -1.0332026e-03  -7.2121156e-05  -2.0792718e-03
  -9.5684720e-06  -8.0100233e-04   7.4047295e-05  -2.2331528e-03
  -4.5935703e-04  -6.9988288e-04  -3.4946642e-04  -2.3194764e-03
  -2.4570747e-04  -7.5980552e-04  -2.1828961e-04  -1.9854418e-03
   1.1412338e-04  -1.0743994e-03  -2.0704588e-04  -1.9404035e-03
  -7.2173369e-04  -4.0026968e-04  -1.2084397e-04  -2.2744380e-03
   8.5252627e-04  -8.8714113e-04   1.3776175e-04  -2.0079610e-03
  -1.0815645e-03  -6.1748925e-04  -1.4707934e-04  -1.7452372e-03
   1.2310983e-03  -2.5753175e-05   1.3026593e-04  -1.8765991e-03
  -7.4047488e-04  -1.8309227e-03  -1.5457515e-04  -1.6739265e-03
  -9.6162092e-04   8.9181225e-04   1.8648456e-04  -2.0267270e-03
   2.3094571e-02   4.0265154e-03  -3.6445806e-04  -1.7902756e-03
   2.9170464e-02   7.5057736e-03  -7.9171968e-04  -4.5038427e-04
   3.7686554e-03   3.8804539e-03   6.0707017e-03  -1.2197897e-03
  -1.1737805e-02  -4.0180991e-03   1.7861623e-02  -4.6389521e-03
  -9.7849732e-03  -4.7970934e-03   1.7471841e-02  -5.4458895e-03
  -5.9655187e-03  -6.5498306e-03   4.2717054e-03  -3.4079035e-03
   5.1742447e-03  -2.1492617e-03  -2.1672023e-03  -3.1939713e-03
   7.7680254e-03  -2.2008010e-05  -6.5035330e-03  -2.9274943e-03
  -1.9848899e-03  -2.3028135e-03  -8.8609678e-03  -2.7961324e-03
  -9.1102903e-03  -3.8533118e-03  -1.5093740e-02  -1.7414840e-03
  -2.0227564e-02  -8.8343813e-03  -2.3402855e-02   4.8790929e-05
  -1.4234132e-02  -7.8381674e-03  -1.7593596e-02  -2.4395787e-03
   1.2161986e-04  -4.5162060e-03  -2.0224628e-02  -3.8282616e-03
   6.0588288e-03  -1.4185329e-04  -3.5947106e-02  -9.0077360e-05
   6.8572035e-03   3.1464016e-03  -4.4282456e-02   2.8974675e-03
  -2.2022877e-03   2.4685267e-03  -3.5152549e-02   1.4712526e-03
  -1.7442623e-02   2.8318077e-03  -2.0490729e-02  -1.0621554e-03
  -2.7337972e-02   2.8917304e-03  -1.3497131e-02  -1.9854418e-03
  -8.1207555e-03   1.6183743e-03  -3.7750552e-03  -4.1322705e-03
   1.2220932e-02   7.0080883e-04   1.2089844e-02  -7.1573473e-03
   5.8039487e-03   2.1576780e-03   2.1313448e-02  -7.1911261e-03
  -6.0817140e-03   2.4460557e-03   2.3082461e-02  -4.3274368e-03
  -1.8274639e-03   2.8884068e-04   2.7924759e-02  -1.9103779e-03
   1.1936066e-02  -1.0406929e-03   3.1219171e-02  -1.9141368e-04
   6.1038077e-03  -1.5650160e-03   2.7632422e-02   2.1806068e-03
   7.4156910e-03  -1.7035871e-03   2.6957799e-02   1.4599930e-03
   1.2704455e-02  -2.6436235e-03   2.2820107e-02   2.2894439e-04
  -2.2696628e-04  -3.9881377e-03   1.5740307e-02   1.8315595e-03
  -2.7870128e-03  -5.1940809e-03   2.6301914e-02  -3.0776279e-04
  -2.8732223e-03  -5.8532299e-03   3.9580756e-02  -5.2206977e-03
  -8.1357485e-03  -4.4188317e-03   3.1222919e-02  -4.2786452e-03
  -4.1626162e-03  -2.3627361e-03   1.8483776e-02  -1.1409725e-03
   1.1475033e-02  -6.0999892e-04   2.3198646e-02  -3.6068229e-03
   1.3821430e-02   1.4985290e-03   1.6028896e-02  -3.7494444e-03
   6.7261084e-04   2.9891046e-03  -5.3079500e-03   1.1034393e-03
  -2.6070042e-04   2.2325813e-03  -1.3028643e-02   2.6309905e-03
   2.3368285e-03   1.3000352e-03  -1.2548910e-02   6.5305565e-04
  -2.0448617e-03   1.3711934e-03  -1.3733249e-02  -1.0396362e-03
  -4.7735790e-03   8.8432192e-04  -1.7698537e-02  -1.9479099e-03
  -2.4759091e-03   7.2327982e-04  -1.6592904e-02  -3.2878012e-03
  -3.8402677e-03   1.0907276e-04  -1.4842631e-02  -4.4775647e-03
  -9.4138976e-03  -8.8714113e-04  -1.3722006e-02  -4.8829099e-03
  -9.0840527e-03  -8.7216047e-04  -1.3373450e-02  -4.0534534e-03
  -5.1371581e-03  -1.0444381e-03  -1.6154399e-02  -2.7023025e-03
  -3.4654439e-03  -1.2616576e-03  -1.7398704e-02  -1.5350582e-03
  -1.3289482e-03  -1.1680285e-03  -1.1979228e-02  -1.5500710e-03
   2.0369695e-03  -1.6923516e-03  -5.7914303e-03  -2.6309917e-03
   1.7446069e-03  -2.1754779e-03  -1.2132892e-02  -8.6698914e-04
   4.5896128e-04  -2.7784495e-03  -1.5562229e-02   1.1372181e-03
   7.2508618e-04  -3.7109955e-03  -7.5192163e-03  -5.4046100e-04
  -4.2450774e-03  -3.3851662e-03  -1.7924114e-03  -2.9500135e-03
  -8.4206145e-03  -3.0967885e-03  -2.8680613e-03  -3.4529419e-03
  -3.5741428e-03  -2.9132754e-03  -4.2323001e-03  -3.2577756e-03
   1.2648324e-03  -1.1755188e-03  -1.7661760e-03  -4.0234278e-03
   8.7126746e-04   2.5887936e-04  -4.6939951e-04  -3.8920659e-03
  -1.3551859e-03   5.6223773e-04  -2.5157578e-03  -2.5071362e-03
  -1.0703198e-03   6.9706367e-04  -4.1198629e-03  -1.1709981e-03
   2.2431226e-03   7.3826048e-04  -1.5188140e-03  -6.7557609e-04
   4.7881762e-03   1.1277576e-03   2.0079683e-03  -1.0283766e-03
   3.7424178e-03   1.7869067e-03   1.2021679e-03   1.5388045e-04
   4.0085427e-03   1.5322355e-03   3.2635179e-03   4.2411063e-04
   6.4936245e-03   2.3640837e-04   1.1711305e-02  -2.1092973e-03
   2.4080450e-03  -9.6953476e-04   1.4803330e-02  -3.7419380e-03
  -4.4025034e-03  -1.1755188e-03   9.5337696e-03  -2.9575199e-03
  -6.9737947e-03  -1.3815029e-03   5.1224807e-03  -1.1935173e-03
  -4.9309117e-04  -2.3739716e-03   1.2809442e-02  -2.6309917e-03
   5.7627180e-03  -2.7260171e-03   2.0578857e-02  -5.0818294e-03
  -1.7974780e-03  -1.9208067e-03   1.1595120e-02  -2.5746938e-03
  -4.0351761e-03  -1.4489159e-03   5.2386659e-03  -2.2519814e-05
   5.6840050e-03  -1.9844745e-03   1.2280987e-02  -1.7227181e-03
   7.4569216e-03  -2.2428909e-03   1.3948806e-02  -2.6234853e-03
   2.3781524e-04  -1.2429318e-03   4.0318392e-03  -3.2277557e-04
  -8.3792907e-04  -1.1563714e-04  -1.8448821e-03   7.2061319e-04
   5.1592517e-03   4.6111827e-04   1.5619672e-03  -1.4599943e-03
   4.2934088e-03   1.0977963e-03   2.0979182e-03  -3.0063114e-03
  -2.5096432e-03   1.1914255e-03  -3.3103145e-03  -2.2143869e-03
  -2.5808597e-03   8.4687027e-04  -4.7382679e-03  -2.2369060e-03
   1.1486371e-03   2.6262453e-04  -2.6994054e-03  -3.6105761e-03
  -3.8439227e-04  -3.1413088e-04  -5.1317983e-03  -3.6481081e-03
  -3.7690512e-03  -2.5420824e-04  -9.1757921e-03  -2.4395787e-03
  -3.9452184e-03  -4.7142781e-04  -1.1218403e-02  -1.4787603e-03
  -6.0928655e-04  -7.2235387e-04  -1.1162184e-02  -1.2197897e-03
   1.7408587e-03  -1.2054801e-03  -9.7079952e-03  -1.1071937e-03
  -2.6819689e-04  -1.7298032e-03  -9.2582461e-03  -9.2328709e-04
  -1.0140963e-03  -1.2466770e-03  -7.3243251e-03  -1.3061132e-03
   6.3512846e-04  -1.5799966e-03  -3.8874925e-03  -2.1618421e-03
   4.5521304e-04  -2.1043197e-03  -3.5164495e-03  -2.6835365e-03
  -1.2352423e-03  -1.5088385e-03  -3.8500134e-03  -2.7773664e-03
  -3.6191217e-03  -1.3178351e-03  -4.7794949e-03  -2.6760301e-03
  -4.2300845e-03  -1.2354415e-03  -5.1168067e-03  -2.3795275e-03
  -4.9683941e-04  -1.4376804e-03  -1.4625954e-03  -2.7586004e-03
   1.4709855e-03  -1.3403061e-03  -1.0053505e-03  -2.9687795e-03
  -5.4556651e-04  -5.8378276e-04  -4.2360481e-03  -2.2143869e-03
  -2.1572156e-04  -5.1969330e-05  -5.4053957e-03  -1.5500710e-03
   2.3143391e-03   1.6150507e-04  -4.3447374e-03  -1.5838498e-03
   2.3518215e-03  -2.5420824e-04  -3.0142297e-03  -1.7977820e-03
  -3.8439227e-04  -5.5714495e-05  -3.0929358e-03  -1.4599943e-03
  -1.6475485e-03  -6.3204825e-05  -1.8748654e-03  -1.7339776e-03
   2.3031876e-04  -3.4783737e-04   9.3606636e-04  -2.4283191e-03
   1.9095294e-03  -3.8154385e-04   2.5926421e-03  -2.7360812e-03
   3.7650004e-04  -8.0474750e-04   3.6607962e-03  -2.9762859e-03
  -1.0553269e-03  -7.3358936e-04   4.5565465e-03  -2.9274943e-03
   5.4891899e-04  -9.6953476e-04   5.1037412e-03  -2.4508383e-03
   1.9470118e-03  -1.6137031e-03   4.7851689e-03  -1.9741823e-03
   1.7483552e-03  -1.6848613e-03   2.8512479e-03  -1.3173728e-03
   4.3647185e-04  -1.1006155e-03   8.4236864e-04  -8.2195078e-04
   8.4502979e-04  -9.3582827e-04   7.1119182e-04  -1.1860109e-03
   2.7641276e-03  -1.1605382e-03   2.2815657e-03  -1.6926925e-03
   1.8008305e-03  -1.2354415e-03   2.5888942e-03  -2.1168037e-03
  -1.2389905e-03  -1.3178351e-03   2.2403387e-03  -2.1731017e-03
  -2.7907611e-03  -1.0818897e-03   3.8669312e-03  -2.5259022e-03
  -7.5546783e-04  -1.0743994e-03   4.9350853e-03  -2.9274943e-03
   2.2656120e-03  -4.1150517e-04   4.1892514e-03  -2.6797833e-03
   2.4080450e-03   1.9895672e-04   2.2890615e-03  -2.4771107e-03
   6.7635908e-04  -3.5532770e-04   6.9994810e-04  -2.2293996e-03
   2.7913908e-05  -5.6505694e-04   8.7235191e-04  -2.1468293e-03
   2.0417432e-05  -7.6355068e-04   4.3009865e-04  -1.8390672e-03
   5.0403336e-05  -1.0032412e-03  -1.5075703e-03  -1.4187091e-03
   2.9778704e-04  -9.6578959e-04  -2.4557913e-03  -1.1109469e-03
   1.2920956e-05  -6.4745057e-04  -1.7924114e-03  -1.4825134e-03
   7.6641002e-05  -1.3061780e-04  -1.9085966e-03  -2.2068805e-03
   3.6525533e-04  -3.7030836e-04  -2.1297232e-03  -2.2706848e-03
  -8.0784994e-05  -9.4331860e-04  -1.2826958e-03  -2.5784470e-03
  -1.7000238e-03  -9.9575091e-04  -1.0428296e-03  -2.8599367e-03
  -2.4271820e-03  -1.0556735e-03  -2.0435213e-03  -2.4883702e-03
  -7.4422312e-04  -1.1530478e-03  -4.0411568e-03  -1.8353140e-03
   7.5507208e-04  -6.8864738e-04  -5.0231089e-03  -1.5725902e-03
   1.5910224e-04  -6.6992156e-04  -4.9444029e-03  -1.3286324e-03
  -1.1377881e-03  -7.5980552e-04  -4.4534268e-03  -1.3661643e-03
  -3.9938522e-04  -8.6467014e-04  -2.5457411e-03  -1.9404035e-03
   1.0961617e-03  -1.5462902e-03  -1.2714520e-03  -2.2932040e-03
   2.6405290e-04  -1.0444381e-03  -1.8936049e-03  -2.4433319e-03
  -1.7150168e-03  -6.1374408e-04  -2.3695894e-03  -2.1843613e-03
  -1.3664306e-03  -6.7366672e-04  -1.4213684e-03  -2.4057999e-03
   3.0903176e-04  -8.4968948e-04  -4.7689533e-04  -2.7248217e-03
   1.7034695e-04  -1.2841286e-03  -1.2564604e-03  -2.4020467e-03
  -9.9910330e-04  -6.6617639e-04  -2.2534042e-03  -2.1017910e-03
  -1.1115504e-03  -8.2347332e-04  -1.6949658e-03  -2.0267270e-03
   1.9283638e-04  -1.1268317e-03  -1.1702585e-03  -2.1092973e-03
   9.5372869e-04  -8.0474750e-04  -1.5675368e-03  -1.9178843e-03
   1.9283638e-04  -8.9837662e-04  -1.6612346e-03  -1.7977820e-03
  -3.8814051e-04  -5.6880210e-04  -7.9921550e-04  -1.8953651e-03
   8.0389240e-05  -4.5644715e-04   1.6024920e-04  -2.2406592e-03
   9.1727180e-06  -7.1860870e-04   5.2004847e-04  -2.4395787e-03
  -5.6055946e-04  -8.9088629e-04   1.1646888e-03  -2.3307360e-03
  -5.2682532e-04  -8.2347332e-04   2.1428931e-03  -2.5897066e-03
  -4.3686760e-04  -6.8864738e-04   2.4389779e-03  -2.6760301e-03
   1.7784343e-04  -9.0212179e-04   1.3970592e-03  -2.2781912e-03
   6.9135203e-04  -8.8714113e-04   3.7013211e-04  -1.7414840e-03
   4.9269542e-04  -7.8976684e-04   7.8615000e-04  -1.6739265e-03
   1.2911633e-04  -1.0069864e-03   1.1984200e-03  -1.8953651e-03
  -2.4195923e-04  -8.0849266e-04   1.0072766e-03  -1.7039521e-03
   9.1727180e-06  -6.9239255e-04   1.1496972e-03  -1.8240544e-03
   7.2508618e-04  -8.0849266e-04   1.5769588e-03  -2.3157232e-03
   4.8894718e-04  -7.0737321e-04   2.0566912e-03  -2.5446682e-03
  -8.9040440e-04  -6.5868606e-04   1.7643543e-03  -2.4358255e-03
  -1.1640258e-03  -5.3135045e-04   1.0035287e-03  -2.3119700e-03
  -5.9054536e-04  -6.6617639e-04   1.2658824e-03  -2.4095531e-03
  -2.5320394e-04  -6.0250859e-04   8.4986446e-04  -2.0267270e-03
   3.6150709e-04  -5.1262463e-04   2.9072387e-05  -1.6626669e-03
   9.9495931e-04  -6.6243123e-04   4.4064023e-05  -1.8165480e-03
   7.9630270e-04  -6.9988288e-04  -3.2697897e-04  -1.7152117e-03
  -1.3700856e-04  -9.4331860e-04  -1.6207097e-04  -1.7077053e-03
  -6.3927246e-04  -1.0144767e-03  -9.1088500e-07  -1.8165480e-03
  -7.9669845e-04  -8.4968948e-04  -2.2203752e-04  -1.9291439e-03
   5.4244800e-06  -6.2123441e-04   8.1543113e-05  -1.8690927e-03
   5.4517075e-04  -6.6617639e-04   2.5019902e-04  -1.8540799e-03
  -2.0447685e-04  -8.6092497e-04   1.7149293e-04  -2.3570083e-03
  -4.9683941e-04  -7.5980552e-04  -3.4642066e-05  -2.3682679e-03
  -8.1169140e-04  -8.0100233e-04  -5.7129520e-05  -2.1580889e-03
  -7.1048898e-04  -8.3845398e-04  -2.2578543e-04  -2.0492462e-03
  -2.5695218e-04  -8.4968948e-04  -7.2425732e-04  -1.7902756e-03
  -2.4195923e-04  -9.2459278e-04  -1.0465775e-03  -1.6701733e-03
   2.3781524e-04  -5.3884078e-04  -9.1165277e-04  -1.9103779e-03
   3.2402471e-04  -3.9277935e-04  -7.6548432e-04  -2.1468293e-03
  -4.2562289e-04  -8.8714113e-04  -6.7178660e-04  -1.9328971e-03
  -7.8170550e-04  -8.4594431e-04  -3.0449151e-04  -2.0454930e-03
  -8.7541145e-04  -8.5343464e-04  -2.5576870e-04  -2.0830250e-03
  -1.0553269e-03  -1.0182219e-03  -2.7076033e-04  -2.0980378e-03
  -6.8425131e-04  -8.9088629e-04  -4.3192042e-04  -2.2669316e-03
  -3.8439227e-04  -1.1642833e-03  -6.6054287e-04  -1.9216375e-03
  -2.4195923e-04  -8.5343464e-04  -5.8558469e-04  -1.7902756e-03
  -2.4570747e-04  -7.9725717e-04  -8.1420714e-04  -1.8728459e-03
  -4.8934294e-04  -9.3208311e-04  -8.7792159e-04  -1.7677564e-03
  -4.2562289e-04  -7.9351200e-04  -7.1676150e-04  -1.8240544e-03
  -5.9429360e-04  -1.1530478e-03  -5.4060978e-04  -2.0154674e-03
  -2.6070042e-04  -7.4482486e-04  -1.5457515e-04  -1.9929482e-03
  -5.0799090e-05  -7.6355068e-04  -3.0894157e-05  -2.1468293e-03
  -3.2442046e-04  -8.4968948e-04   1.5650129e-04  -2.2519188e-03
  -3.5440637e-04  -5.9501826e-04   4.2635074e-04  -2.0680122e-03
  -7.9669845e-04  -9.5080893e-04   6.5497319e-04  -2.1505825e-03
  -8.0044669e-04  -9.1335728e-04   8.8359564e-04  -1.9479099e-03
  -4.0688170e-04  -7.3733453e-04   8.3487282e-04  -1.9666759e-03
   1.7034695e-04  -7.1111837e-04   5.5377965e-04  -2.1355697e-03
   4.1023418e-04  -8.2721849e-04  -8.7112792e-05  -1.8540799e-03
  -1.6699447e-04  -6.6992156e-04  -2.7450824e-04  -1.7977820e-03
  -3.7689580e-04  -8.6092497e-04   2.0522411e-04  -1.8015352e-03
  -3.2067223e-04  -1.1006155e-03   8.4236864e-04  -1.9328971e-03
  -4.2937113e-04  -1.0332026e-03   9.4731009e-04  -2.0755186e-03
  -7.1798545e-04  -1.2541673e-03   5.6877128e-04  -2.0605058e-03
  -4.6685351e-04  -8.9088629e-04   1.0222683e-03  -1.9666759e-03
  -7.7036756e-05  -7.3733453e-04   1.4382862e-03  -1.9554163e-03
  -5.7930065e-04  -8.3470882e-04   1.2096637e-03  -1.9328971e-03
  -4.7434998e-04  -7.9725717e-04   1.2658824e-03  -1.6439009e-03
   1.7034695e-04  -8.6467014e-04   1.6519170e-03  -1.8690927e-03
   6.1648050e-05  -8.2347332e-04   1.6069421e-03  -2.0042078e-03
  -8.0784994e-05  -9.2084761e-04   9.6604964e-04  -1.5087858e-03
