  -1.0702266e-04  -9.2459278e-04  -2.3328124e-04  -2.0642590e-03
  -1.7074271e-04  -1.0556735e-03  -1.9955006e-04  -2.1355697e-03
  -8.0784994e-05  -1.0481832e-03  -4.5065997e-04  -2.2669316e-03
  -3.0942751e-04  -1.2841286e-03  -5.5560142e-04  -2.1731017e-03
  -1.3326033e-04  -8.4968948e-04  -5.0687860e-04  -1.9253907e-03
  -1.1826737e-04  -6.6617639e-04  -4.5065997e-04  -1.8653395e-03
  -1.8573566e-04  -1.1493027e-03  -9.0860701e-05  -1.9929482e-03
   1.5910224e-04  -6.8490222e-04   6.2803568e-05  -1.9103779e-03
  -2.1572156e-04  -6.1374408e-04  -4.5815578e-04  -2.0529994e-03
  -4.2187465e-04  -9.3957344e-04  -3.2697897e-04  -2.1130505e-03
  -3.3566518e-04  -1.0669090e-03   7.4047295e-05  -1.9103779e-03
  -3.6565108e-04  -9.4331860e-04  -9.4608610e-05  -1.9479099e-03
  -4.0313346e-04  -7.5606035e-04   1.9772829e-04  -1.9816886e-03
  -3.8064403e-04  -9.0586695e-04   1.1152638e-04  -2.0417398e-03
  -1.9698037e-04  -8.7216047e-04  -3.4571851e-04  -2.2331528e-03
   9.1727180e-06  -7.2235387e-04  -1.8455843e-04  -2.0905314e-03
   5.7899812e-05  -6.9613771e-04  -5.2561815e-04  -2.0267270e-03
  -1.1077090e-04  -8.5343464e-04  -5.1437442e-04  -2.0492462e-03
   9.5382192e-05  -8.4968948e-04  -4.2137884e-05  -2.2256465e-03
   1.6669194e-05  -7.1860870e-04  -3.7944969e-04  -2.3382424e-03
  -2.6819689e-04  -9.2459278e-04  -1.8455843e-04  -1.9328971e-03
  -3.8064403e-04  -1.1530478e-03   2.1646784e-04  -2.1205569e-03
  -5.7180417e-04  -1.2279511e-03  -8.7112792e-05  -2.1243101e-03
  -3.1317575e-04  -9.9575091e-04  -2.8200406e-04  -2.1918677e-03
  -2.1197332e-04  -7.9351200e-04  -2.1079379e-04  -2.2894508e-03
  -1.6324623e-04  -8.3470882e-04  -2.5576870e-04  -1.9366503e-03
   4.2906860e-05  -7.7104101e-04  -3.2323106e-04  -2.2669316e-03
  -1.3316710e-05  -9.7702509e-04  -1.2833979e-04  -2.0830250e-03
  -1.5949799e-04  -7.7478618e-04  -1.3958352e-04  -1.9178843e-03
  -3.2442046e-04  -6.9613771e-04  -2.2578543e-04  -2.1468293e-03
  -1.5200152e-04  -1.0107316e-03  -1.9580215e-04  -2.2819444e-03
  -1.7064948e-05  -6.9239255e-04  -1.5082725e-04  -2.3720211e-03
  -3.2067223e-04  -7.4107969e-04  -1.6581888e-04  -2.0717654e-03
  -3.9563699e-04  -8.7216047e-04  -2.8949988e-04  -2.1543357e-03
  -1.3700856e-04  -8.9837662e-04  -1.8455843e-04  -2.0980378e-03
  -1.7823918e-04  -8.4968948e-04  -2.1079379e-04  -2.1993741e-03
  -1.7449094e-04  -6.5868606e-04  -2.2203752e-04  -2.3907871e-03
  -5.8202340e-06  -8.7590563e-04  -1.4333143e-04  -1.9929482e-03
  -2.2696628e-04  -8.7965080e-04  -1.8455843e-04  -2.0980378e-03
  -2.8693808e-04  -6.5494090e-04  -1.5457515e-04  -2.1768549e-03
  -1.7823918e-04  -8.3845398e-04  -2.4827288e-04  -2.2031273e-03
  -2.2321804e-04  -1.0332026e-03  -2.3702915e-04  -2.4095531e-03
  -1.4825328e-04  -7.4482486e-04  -5.7129520e-05  -2.2894508e-03
  -1.4825328e-04  -7.8602167e-04  -7.2121156e-05  -2.2519188e-03
  -7.7036756e-05  -8.1598299e-04  -1.6581888e-04  -2.0379866e-03
   1.4785752e-04  -8.8339596e-04   3.2820296e-05  -2.0905314e-03
   1.4036105e-04  -9.2084761e-04   7.0299386e-05  -2.1055441e-03
  -6.9540280e-05  -6.5868606e-04  -3.4642066e-05  -1.8728459e-03
  -1.1451914e-04  -6.6243123e-04  -2.3398339e-05  -1.9967014e-03
   3.9158622e-05  -3.8154385e-04  -1.4333143e-04  -1.7414840e-03
   4.6655098e-05  -7.4482486e-04   5.5307750e-05  -1.8878587e-03
  -9.5684720e-06  -7.2609903e-04  -2.2578543e-04  -2.2143869e-03
  -6.5792042e-05  -5.4633111e-04  -2.8575197e-04  -1.8203012e-03
  -3.9554376e-05  -1.1155962e-03   1.2277011e-04  -1.8428204e-03
   3.5410384e-05  -8.6467014e-04  -1.0585234e-04  -2.0079610e-03
  -9.5777946e-05  -9.0212179e-04   5.9055659e-05  -1.9366503e-03
  -1.1077090e-04  -8.4219915e-04  -4.5885793e-05  -2.2932040e-03
  -2.0822509e-04  -5.3509562e-04  -3.9069342e-04  -1.9779355e-03
  -9.9526184e-05  -5.8003760e-04  -4.1692878e-04  -1.7264713e-03
   2.1532581e-04  -6.2497958e-04  -4.2067669e-04  -2.1693485e-03
  -7.3288518e-05  -8.5343464e-04  -1.5457515e-04  -1.9629227e-03
  -3.7689580e-04  -8.8339596e-04  -1.6581888e-04  -2.1393229e-03
  -4.8559470e-04  -9.3957344e-04  -6.8373247e-05  -2.0792718e-03
  -3.7689580e-04  -1.0743994e-03   9.6534749e-05  -1.8690927e-03
  -1.9323213e-04  -9.8077025e-04   2.5324478e-05  -2.2256465e-03
  -1.5949799e-04  -8.3096365e-04  -1.4707934e-04  -2.1205569e-03
  -1.1077090e-04  -9.8451542e-04  -4.9938278e-04  -2.0792718e-03
  -2.4945570e-04  -1.0519284e-03  -1.4707934e-04  -2.0117142e-03
  -3.1317575e-04  -8.9088629e-04  -8.4067030e-06  -2.1092973e-03
  -3.2816870e-04  -9.2459278e-04  -2.7825615e-04  -2.1655953e-03
  -4.1062994e-04  -9.8826058e-04   6.5849330e-06  -2.0529994e-03
  -3.1317575e-04  -8.1972816e-04  -2.7825615e-04  -2.2106337e-03
  -2.8693808e-04  -8.0474750e-04  -3.2697897e-04  -2.1843613e-03
  -5.1932884e-04  -9.6953476e-04  -1.3583561e-04  -2.2594252e-03
  -4.7060175e-04  -8.3845398e-04  -2.7825615e-04  -2.1393229e-03
  -2.7944161e-04  -8.7590563e-04  -1.2833979e-04  -2.1580889e-03
  -3.4690989e-04  -8.6092497e-04  -3.1198733e-04  -2.2819444e-03
  -4.4061584e-04  -8.3096365e-04  -1.6956679e-04  -1.9891950e-03
  -3.9938522e-04  -1.1717737e-03  -9.1088500e-07  -2.1768549e-03
  -1.9698037e-04  -1.1043607e-03  -3.7195388e-04  -2.2481656e-03
  -2.9068632e-04  -1.0818897e-03  -4.8813906e-04  -2.0304802e-03
  -4.0688170e-04  -1.0107316e-03  -4.0943297e-04  -2.1430761e-03
  -5.2682532e-04  -8.8339596e-04  -3.3822270e-04  -2.2932040e-03
  -5.9054536e-04  -1.0481832e-03  -3.5321433e-04  -2.1618421e-03
  -3.2067223e-04  -8.2347332e-04  -3.2697897e-04  -2.1243101e-03
  -2.7944161e-04  -9.5829926e-04  -2.6701242e-04  -2.1806081e-03
  -2.4570747e-04  -1.0818897e-03  -1.7331470e-04  -1.9854418e-03
  -1.8573566e-04  -8.1223783e-04  -2.8200406e-04  -2.0042078e-03
  -1.5949799e-04  -7.3358936e-04  -2.3328124e-04  -1.8503268e-03
  -1.9323213e-04  -7.5606035e-04   1.0332842e-05  -1.9404035e-03
  -5.4547328e-05  -9.2084761e-04  -1.5082725e-04  -1.9141311e-03
   1.6669194e-05  -8.9088629e-04  -1.0585234e-04  -1.7677564e-03
  -2.9443456e-04  -7.8976684e-04  -8.4067030e-06  -2.2331528e-03
  -1.8948390e-04  -7.1486354e-04  -2.5202079e-04  -2.1543357e-03
  -4.3302614e-05  -6.4370540e-04  -3.3447479e-04  -2.0004546e-03
  -1.2576385e-04  -8.9088629e-04  -2.2578543e-04  -2.0567526e-03
  -1.9323213e-04  -8.9088629e-04  -2.0704588e-04  -2.1318165e-03
  -3.0193104e-04  -7.4857002e-04  -1.5902521e-05  -2.0454930e-03
  -3.2442046e-04  -1.0406929e-03   1.0028266e-04  -1.9741823e-03
  -3.8814051e-04  -9.2833794e-04   1.0028266e-04  -2.0867782e-03
  -4.1437818e-04  -7.4482486e-04   1.8648456e-04  -1.9591695e-03
  -2.6070042e-04  -9.9575091e-04  -6.4625338e-05  -2.2293996e-03
  -1.0702266e-04  -7.6355068e-04  -2.1454170e-04  -2.2369060e-03
   1.2911633e-04  -4.9389880e-04  -3.7570179e-04  -2.0154674e-03
   6.9144526e-05  -5.6131177e-04  -3.7944969e-04  -2.0379866e-03
  -1.1451914e-04  -6.8864738e-04  -3.8694551e-04  -2.1693485e-03
   5.0403336e-05  -6.7366672e-04  -3.4946642e-04  -2.2256465e-03
  -9.5684720e-06  -7.7478618e-04   8.5291022e-05  -1.9891950e-03
  -2.6444866e-04  -1.1642833e-03  -3.1198733e-04  -2.1205569e-03
  -3.5440637e-04  -8.1972816e-04  -2.1454170e-04  -2.3082168e-03
  -6.5792042e-05  -7.9351200e-04   1.5275338e-04  -2.2932040e-03
  -9.5684720e-06  -9.9575091e-04  -1.5457515e-04  -2.1543357e-03
  -1.0702266e-04  -7.6729585e-04  -1.2084397e-04  -2.1243101e-03
  -5.8295566e-05  -9.8826058e-04  -3.6445806e-04  -2.2556720e-03
  -1.6699447e-04  -8.8339596e-04  -2.7076033e-04  -2.4545915e-03
  -2.2696628e-04  -7.9725717e-04  -4.9633702e-05  -2.3495020e-03
  -2.5320394e-04  -8.9837662e-04  -1.3958352e-04  -1.9629227e-03
  -1.0702266e-04  -9.0961212e-04  -9.4608610e-05  -2.2594252e-03
  -2.2696628e-04  -8.3096365e-04  -2.1454170e-04  -2.1693485e-03
  -3.0193104e-04  -8.3096365e-04  -9.0860701e-05  -2.1055441e-03
  -2.8309662e-05  -9.6204443e-04   1.7828660e-05  -2.4808638e-03
  -1.8573566e-04  -8.5343464e-04  -6.4625338e-05  -2.4508383e-03
  -1.4825328e-04  -8.9463146e-04  -1.5832306e-04  -2.4283191e-03
  -9.2029708e-05  -9.2833794e-04  -2.1079379e-04  -2.2519188e-03
  -2.9818280e-04  -8.7590563e-04  -7.2121156e-05  -2.3082168e-03
  -8.0784994e-05  -8.4968948e-04   2.9072387e-05  -2.0867782e-03
  -2.0719960e-06  -9.2084761e-04  -1.9650430e-05  -2.0717654e-03
  -9.5777946e-05  -6.6992156e-04   6.6551477e-05  -2.1393229e-03
   3.1662146e-05  -4.0776001e-04   1.6774502e-04  -1.7827692e-03
   2.4156347e-04  -6.3621507e-04  -1.2833979e-04  -2.0342334e-03
   1.5910224e-04  -6.3246991e-04  -2.3398339e-05  -1.7077053e-03
   8.7885716e-05  -7.7853134e-04  -6.0877429e-05  -1.7339776e-03
   1.9283638e-04  -1.0369477e-03  -2.2953333e-04  -2.0717654e-03
  -2.8309662e-05  -8.8339596e-04   1.7898875e-04  -1.7940288e-03
  -7.7036756e-05  -8.9463146e-04   6.2803568e-05  -2.0117142e-03
  -3.2067223e-04  -7.6355068e-04   1.8273666e-04  -1.9629227e-03
  -5.6055946e-04  -6.0250859e-04   3.1391347e-04  -2.0229738e-03
  -1.8198742e-04  -1.0481832e-03   8.9038931e-05  -2.1055441e-03
  -1.3326033e-04  -8.0849266e-04   2.8370240e-06  -1.8803523e-03
  -6.9540280e-05  -7.5606035e-04  -2.4827288e-04  -2.0192206e-03
   3.0528352e-04  -8.9837662e-04  -4.1692878e-04  -2.0379866e-03
   1.8159167e-04  -4.4146649e-04  -4.9563487e-04  -2.0192206e-03
  -1.5949799e-04  -1.0631639e-03  -3.4571851e-04  -2.1017910e-03
  -2.9818280e-04  -9.8077025e-04  -1.2084397e-04  -2.1580889e-03
  -4.7809822e-04  -7.6355068e-04   1.7524084e-04  -2.0154674e-03
  -3.6565108e-04  -1.0781445e-03   1.0403057e-04  -1.9554163e-03
  -4.7050852e-05  -4.4895682e-04  -4.5885793e-05  -2.1993741e-03
  -9.9526184e-05  -5.6505694e-04  -1.3208770e-04  -2.0755186e-03
   4.2906860e-05  -8.2721849e-04  -4.0943297e-04  -2.0605058e-03
   1.5160576e-04  -8.1598299e-04  -3.4571851e-04  -2.1993741e-03
  -2.2321804e-04  -9.6204443e-04   2.8370240e-06  -2.0417398e-03
  -2.7944161e-04  -9.0586695e-04   1.4900547e-04  -2.1843613e-03
  -1.9698037e-04  -9.2084761e-04  -3.0823942e-04  -1.9216375e-03
  -1.8573566e-04  -1.0931252e-03  -2.7450824e-04  -1.8428204e-03
  -1.6324623e-04  -1.0631639e-03  -2.2953333e-04  -2.2519188e-03
  -2.9818280e-04  -8.4968948e-04  -1.5832306e-04  -2.1393229e-03
  -1.3700856e-04  -9.3208311e-04  -5.3381611e-05  -2.1468293e-03
  -8.0784994e-05  -9.0212179e-04  -3.7570179e-04  -2.0867782e-03
  -3.6190284e-04  -9.9200575e-04  -9.4608610e-05  -2.1468293e-03
  -4.2562289e-04  -8.5343464e-04  -1.1709606e-04  -2.1168037e-03
  -2.6444866e-04  -8.5343464e-04  -2.2203752e-04  -1.7827692e-03
  -1.0327442e-04  -1.3403061e-03  -3.1948315e-04  -2.1092973e-03
  -2.3446275e-04  -1.0481832e-03  -3.9444133e-04  -2.2331528e-03
  -2.9443456e-04  -9.2833794e-04  -3.3447479e-04  -1.9141311e-03
  -3.3566518e-04  -1.0369477e-03  -4.3566833e-04  -2.0154674e-03
  -3.9188875e-04  -7.9725717e-04  -2.7450824e-04  -2.1055441e-03
  -2.6444866e-04  -8.6467014e-04  -3.4197060e-04  -2.1243101e-03
  -3.9563699e-04  -8.5343464e-04  -1.2084397e-04  -2.0980378e-03
  -3.7314756e-04  -9.9200575e-04  -2.1454170e-04  -2.0379866e-03
  -3.1692399e-04  -9.0586695e-04  -4.2442460e-04  -2.0605058e-03
  -2.4945570e-04  -7.0737321e-04  -3.8389975e-05  -1.9554163e-03
  -6.9540280e-05  -8.8339596e-04  -2.9699570e-04  -2.0267270e-03
  -2.5695218e-04  -7.3358936e-04  -1.7331470e-04  -2.0642590e-03
  -2.9068632e-04  -8.5343464e-04  -4.5885793e-05  -2.0004546e-03
  -1.4450504e-04  -9.8451542e-04  -3.7195388e-04  -1.8953651e-03
  -2.4945570e-04  -9.6204443e-04   4.7811932e-05  -1.9178843e-03
   6.1648050e-05  -9.6953476e-04   2.7643438e-04  -1.9103779e-03
  -2.7569337e-04  -9.5080893e-04  -1.3208770e-04  -1.9629227e-03
  -9.5684720e-06  -9.8451542e-04  -2.7450824e-04  -2.3344892e-03
  -1.2951209e-04  -9.3957344e-04  -1.1334816e-04  -2.1430761e-03
  -5.3807003e-04  -9.3582827e-04  -1.3583561e-04  -1.9554163e-03
   1.4410929e-04  -6.1748925e-04  -1.7331470e-04  -2.1318165e-03
  -6.6925836e-04  -1.0444381e-03   1.9398038e-04  -2.0229738e-03
   5.4142251e-04  -8.2721849e-04   3.4014883e-04  -1.9854418e-03
  -8.2668436e-04  -1.0856349e-03  -2.8575197e-04  -2.1580889e-03
   4.1773066e-04  -7.4107969e-04   5.1559841e-05  -2.1543357e-03
  -1.5574975e-04  -4.6768265e-04  -4.8064324e-04  -2.0117142e-03
  -9.9160683e-04  -1.7635097e-03  -3.0074361e-04  -2.0342334e-03
   2.8615818e-03   6.1841520e-04  -1.9955006e-04  -1.8390672e-03
  -1.9575371e-02  -4.3401833e-03  -6.7553451e-04  -2.2444124e-03
  -3.7079642e-02  -1.1208816e-02   2.3715155e-03  -3.3516056e-03
  -1.4511501e-02  -6.4224950e-03  -4.1948211e-03  -2.2894508e-03
   7.4944040e-03  -4.0401484e-04  -1.7736016e-02   1.8878575e-03
   1.7033670e-02   5.4159716e-03  -1.8871633e-02   4.4100058e-03
   2.2509845e-02   8.5207134e-03  -1.0851107e-02   3.3516043e-03
   6.2237513e-03   3.5920762e-03  -2.1147316e-03   1.9779342e-03
  -5.0509486e-03  -2.2878328e-03   1.4379816e-02  -1.3961899e-03
  -9.2864575e-03  -4.4300672e-03   2.4390481e-02  -4.3349432e-03
  -1.1138087e-02  -1.0669090e-03   2.0949900e-02  -5.0593102e-03
   8.4726941e-03   2.9778692e-03   2.7122707e-02  -6.6844445e-03
   1.6628860e-02   1.1052867e-03   3.1489021e-02  -7.2586836e-03
   7.3032439e-03  -1.1680285e-03   3.0315925e-02  -7.2511772e-03
  -1.0084832e-02  -1.4564062e-03   3.1560231e-02  -5.5134470e-03
  -4.5224470e-03   1.1539738e-03   2.2846342e-02  -3.1301669e-03
   2.0901851e-02   3.8767088e-03   8.5818007e-03  -1.4412283e-03
   3.1614316e-02   3.8579829e-03  -3.8050385e-03   1.8728447e-03
   2.1257934e-02   3.0040853e-03  -1.1383311e-02   1.9967002e-03
  -2.5996009e-03  -9.1710245e-04  -1.2084397e-04  -1.9441567e-03
  -1.3203366e-02  -4.7558966e-03   6.3780302e-03  -5.2995148e-03
  -1.6310656e-02  -6.9468181e-03  -9.8841469e-03  -5.1231145e-03
  -7.5997504e-03  -5.9468590e-03  -1.8699229e-02  -2.6535109e-03
  -2.7082998e-03  -2.6099170e-03  -2.7525555e-02  -1.7677564e-03
  -4.3725175e-03  -5.0513430e-04  -2.7019587e-02  -2.2744380e-03
  -9.9910330e-04  -3.2536638e-04  -2.3623981e-02  -1.4862666e-03
  -1.6699447e-04  -2.1679876e-03  -3.4489170e-02  -8.2570966e-05
   4.1997028e-03  -3.1829273e-03  -1.7758504e-02  -1.0921810e-03
  -4.1288820e-03  -2.0331616e-03  -1.1357075e-02  -2.1130505e-03
  -4.7136072e-03   1.9895672e-04  -2.3282922e-02  -2.1843613e-03
   2.9702807e-03   5.6640455e-05  -2.4819564e-02  -1.4750071e-03
  -1.2201561e-04  -6.1374408e-04  -3.5231255e-02  -7.2436765e-04
  -6.1154482e-03  -9.8077025e-04  -2.5707819e-02  -3.0626094e-03
  -1.4728899e-02  -1.6361741e-03  -1.1596941e-02  -5.2357104e-03
  -1.2659872e-02  -1.1979898e-03  -1.6765308e-02  -4.2861516e-03
  -2.8132505e-03  -1.7298032e-03  -1.9891064e-02  -1.6476541e-03
   5.2267200e-03  -7.8227651e-04  -9.9103823e-03  -1.5463178e-03
   3.6899424e-03   8.0192829e-04   1.4495299e-03  -2.6084725e-03
  -1.6175626e-03   6.1092487e-04   3.7132669e-03  -1.3961899e-03
   4.0685145e-03  -9.6911310e-05   1.0504478e-02  -7.9943159e-04
   7.8692278e-03  -1.4152094e-03   1.6287502e-02  -1.2798408e-03
   2.8540854e-03  -1.4901127e-03   2.4495422e-02  -2.7060557e-03
  -2.3747066e-03  -8.5343464e-04   3.1132969e-02  -3.3741247e-03
   1.6658939e-03  -9.2459278e-04   2.7789834e-02  -3.3478524e-03
   8.3827364e-03  -5.0138913e-04   2.5057609e-02  -2.7398344e-03
   5.9501299e-03  -1.0814681e-04   2.1587045e-02  -1.8953651e-03
   6.8159729e-03   4.3490212e-04   2.0638824e-02  -3.1676989e-03
   1.1412338e-04   1.3903408e-04   1.0024746e-02  -9.0452111e-04
  -8.0682802e-03  -1.5949773e-03   9.8853709e-04   6.6431524e-04
   4.4620795e-03  -2.1979489e-03   1.7745438e-02  -2.9425071e-03
   6.4074150e-03  -1.6773709e-03   1.7393135e-02  -3.7194189e-03
  -9.9526184e-05  -4.4521166e-04   8.6485609e-04  -1.1897641e-03
   9.5372869e-04   2.0270189e-04   3.7807293e-03   1.8015282e-04
   4.0047944e-03  -2.4671791e-04   6.3180637e-03  -2.1130505e-03
   4.0085427e-03  -5.4633111e-04   5.8383313e-03  -3.6631209e-03
  -5.2833393e-03  -9.8451542e-04  -7.1676150e-04  -1.4975262e-03
  -3.1056131e-03  -1.1305768e-03  -1.0903578e-02  -9.8333825e-04
   2.7566312e-03  -8.9463146e-04  -5.6190265e-03  -2.3532552e-03
  -1.7749886e-03  -2.6544374e-04  -8.8984469e-03  -1.9891950e-03
  -2.9144529e-03  -3.4783737e-04  -1.8024605e-02  -9.0452111e-04
  -2.2097842e-03  -1.5013482e-03  -1.0165240e-02  -1.4487347e-03
  -6.6551012e-04  -1.6211935e-03  -2.7106491e-03  -3.8958191e-03
  -2.9931659e-03  -7.7853134e-04  -6.5260205e-03  -3.5805506e-03
  -8.4056216e-03  -3.4409220e-04  -1.9145230e-02   9.7582490e-05
  -6.5051717e-04  -9.0961212e-04  -1.5378582e-02  -8.6323594e-04
   7.5693688e-03  -1.4489159e-03   7.4117510e-04  -4.7140161e-03
  -1.9324146e-03  -4.6393748e-04  -1.0079038e-02  -3.5880570e-03
  -1.2539928e-02  -1.4934362e-04  -2.4703379e-02   7.1310111e-05
  -5.7556173e-03  -1.4713869e-03  -1.6446736e-02  -4.7290345e-04
   3.4350622e-03  -2.0144358e-03  -4.5208891e-03  -3.9070787e-03
  -4.2263362e-03  -1.2092253e-03  -6.3048938e-03  -3.5805506e-03
  -9.3989047e-03  -4.1150517e-04  -1.2751297e-02  -7.3562724e-04
   9.7246988e-04  -1.3365609e-03  -5.7651949e-03  -1.6626669e-03
   5.0655458e-03  -1.8309227e-03   6.1119287e-03  -3.6968997e-03
  -4.2975527e-03  -6.3996024e-04   4.0505787e-03  -2.0417398e-03
  -5.3620523e-03  -6.0250859e-04   9.4731009e-04  -6.1177174e-04
   5.5977956e-03  -1.0743994e-03   1.1325270e-02  -1.9779355e-03
   6.3586879e-03  -8.3845398e-04   1.5050692e-02  -2.4433319e-03
  -3.2816870e-04  -1.9428560e-04   1.0766832e-02  -1.3511516e-03
   1.7933340e-03  -9.6911310e-05   1.3064300e-02  -1.6476541e-03
   6.3249537e-03  -1.0968704e-03   1.5031952e-02  -2.4733575e-03
   3.1839303e-03  -1.1567930e-03   1.2682013e-02  -2.2106337e-03
  -2.2847489e-03  -8.4219915e-04   9.1627266e-03  -1.7640032e-03
  -2.7082998e-03  -1.0144767e-03   4.9200936e-03  -1.5275518e-03
  -1.4488919e-03  -1.4226997e-03   4.0430829e-03  -1.4449815e-03
   2.7154938e-04  -2.0743584e-03   8.6680026e-03  -1.7977820e-03
   3.6936907e-03  -1.2991093e-03   1.1430212e-02  -3.1189073e-03
   2.9815255e-03  -9.3166145e-05   5.7558773e-03  -2.6309917e-03
  -3.8064403e-04   7.1621115e-05  -2.0847483e-03  -2.0642647e-04
   1.1598818e-03  -7.1111837e-04   9.2107473e-04  -1.1822577e-03
   1.0736723e-03  -1.3328158e-03   6.4454926e-03  -3.1939713e-03
  -4.7923202e-03  -1.1942447e-03   1.2433949e-03  -2.5334086e-03
  -4.9272567e-03  -1.4414255e-03  -2.8155905e-03  -1.6251349e-03
   1.5759362e-03  -1.1567930e-03  -1.5188140e-03  -1.8916119e-03
   2.6029534e-03  -7.1486354e-04  -1.9273361e-03  -2.7548472e-03
  -2.4946503e-03  -5.9127309e-04  -4.7232762e-03  -2.2631784e-03
  -4.8447955e-03  -4.7142781e-04  -8.2013358e-03  -1.3023600e-03
  -1.6400520e-03  -1.2504221e-03  -4.9106717e-03  -2.1205569e-03
   1.1598818e-03  -1.2878738e-03   1.0072766e-03  -3.2953076e-03
  -1.5875767e-03  -4.9764397e-04  -3.8575092e-03  -2.6309917e-03
  -3.3455003e-03  -1.6432428e-04  -9.2057754e-03  -1.5951094e-03
  -4.3302614e-05   2.2933970e-05  -5.0868234e-03  -2.1017910e-03
   4.5521304e-04  -3.9277935e-04  -4.3409895e-03  -2.4433319e-03
  -3.6003805e-03  -7.8227651e-04  -5.4953455e-03  -2.1355697e-03
  -4.5674259e-03  -7.1111837e-04  -2.4895225e-03  -1.8578331e-03
  -7.6671255e-04  -7.4482486e-04  -1.2227292e-03  -2.1318165e-03
   1.4559926e-03  -6.1374408e-04  -1.5450494e-03  -2.3082168e-03
   5.7140842e-04  -2.1301143e-04  -3.0029860e-03  -1.3961899e-03
  -4.3302614e-05  -2.1301143e-04  -3.3328020e-03  -1.3736707e-03
   3.2777295e-04  -3.6656319e-04   3.6638420e-04  -2.0567526e-03
  -2.3071451e-04  -9.1710245e-04   2.0529432e-03  -1.9028715e-03
  -1.8537016e-03  -1.7897259e-03   5.3504010e-04  -1.5500710e-03
  -1.5013672e-03  -1.6211935e-03   2.3752634e-03  -1.4637475e-03
   5.7515666e-04  -1.4788772e-03   5.1599598e-03  -1.9516631e-03
   2.0144800e-03  -1.1642833e-03   4.3654031e-03  -2.2181401e-03
   1.4672373e-03  -7.1860870e-04   1.1759325e-03  -1.4937730e-03
   1.8533990e-04  -7.4857002e-04  -1.0210443e-04  -1.1297129e-03
  -2.8693808e-04  -7.2609903e-04   3.3609635e-03  -1.6776797e-03
  -1.4039130e-03  -1.1493027e-03   4.8076564e-03  -2.1806081e-03
  -1.8949322e-03  -1.3178351e-03   3.4883924e-03  -1.9554163e-03
   6.0889080e-04  -1.2316963e-03   5.0437746e-03  -2.0717654e-03
   2.9740290e-03  -7.7853134e-04   5.8345834e-03  -2.5259022e-03
   1.5759362e-03  -4.1525034e-04   3.2785095e-03  -2.1993741e-03
  -1.7449094e-04  -5.4258595e-04   1.9067748e-03  -2.0229738e-03
  -6.4302069e-04  -7.1486354e-04   2.1129098e-03  -1.8465736e-03
  -1.3326965e-03  -1.3328158e-03   2.5813984e-03  -1.9891950e-03
  -1.8162192e-03  -1.2803834e-03   2.7687939e-03  -2.4208127e-03
  -1.3177035e-03  -1.0144767e-03   4.6008192e-04  -1.9629227e-03
   6.8385556e-04  -1.0781445e-03  -3.2323106e-04  -1.7715096e-03
   1.7446069e-03  -6.2872474e-04   3.7013211e-04  -1.9929482e-03
   6.4262494e-04  -4.9015364e-04  -6.6054287e-04  -1.9816886e-03
  -1.2764729e-03  -6.5494090e-04  -1.2751999e-03  -2.1055441e-03
  -2.1910430e-03  -8.8714113e-04  -1.3389144e-03  -2.2706848e-03
  -1.7899815e-03  -1.3103448e-03  -2.0322776e-03  -2.2856976e-03
  -1.2052564e-03  -1.0219671e-03  -3.0929358e-03  -2.1768549e-03
  -8.6416674e-04  -6.0999892e-04  -3.4527351e-03  -1.9854418e-03
  -6.8799955e-04  -7.1860870e-04  -3.8275260e-03  -1.9891950e-03
   2.2657052e-04  -8.2721849e-04  -2.5757244e-03  -2.2218933e-03
   3.9524123e-04  -9.2459278e-04  -1.1140399e-03  -2.1843613e-03
  -8.0794317e-04  -7.5980552e-04  -2.8530696e-03  -1.9779355e-03
  -1.2989623e-03  -7.1860870e-04  -3.5052058e-03  -1.7001989e-03
  -5.3432179e-04  -9.1710245e-04  -1.5637889e-03  -1.7977820e-03
   1.2536810e-04  -9.0212179e-04  -1.1964939e-03  -2.4020467e-03
  -2.3071451e-04  -7.0362804e-04  -1.7886635e-03  -2.3532552e-03
  -3.5440637e-04  -5.8378276e-04  -1.3951330e-03  -2.0454930e-03
  -8.8281470e-05  -5.4633111e-04  -1.4513517e-03  -2.0792718e-03
  -5.4181827e-04  -5.8003760e-04  -7.9921550e-04  -2.1355697e-03
  -9.4662797e-04  -7.9351200e-04  -1.5832306e-04  -2.1130505e-03
  -4.4811232e-04  -7.8602167e-04  -3.1573524e-04  -1.9291439e-03
   2.9029057e-04  -7.9351200e-04   7.7490628e-04  -1.9554163e-03
   5.7890489e-04  -7.7104101e-04   1.5057485e-03  -2.0042078e-03
   1.1787162e-04  -7.2609903e-04   1.6031942e-03  -1.9854418e-03
   1.7034695e-04  -7.2235387e-04   2.1428931e-03  -2.0492462e-03
   5.7890489e-04  -7.1486354e-04   2.4989444e-03  -2.0492462e-03
   2.0782933e-04  -7.6729585e-04   2.4951965e-03  -2.1092973e-03
   1.2911633e-04  -6.3621507e-04   2.1241535e-03  -2.1280633e-03
   7.6641002e-05  -1.0444381e-03   1.8168250e-03  -2.0192206e-03
   3.8774476e-04  -1.2728931e-03   2.3190448e-03  -1.8390672e-03
   5.6766018e-04  -1.0144767e-03   2.6488608e-03  -2.0755186e-03
  -2.3071451e-04  -9.7327992e-04   1.7980854e-03  -2.1956209e-03
  -5.0433589e-04  -1.0631639e-03   1.0522515e-03  -1.8465736e-03
   1.3286457e-04  -1.1567930e-03   9.8853709e-04  -2.0942846e-03
   7.2508618e-04  -7.2235387e-04   8.4986446e-04  -2.1806081e-03
   4.6645775e-04  -6.8490222e-04  -8.7112792e-05  -2.0342334e-03
   2.0033286e-04  -8.6841530e-04  -8.7417368e-04  -2.2106337e-03
  -8.4533232e-05  -8.0100233e-04  -5.2561815e-04  -2.1956209e-03
  -2.6819689e-04  -1.1081059e-03  -6.6803869e-04  -2.2143869e-03
  -2.7194513e-04  -1.0369477e-03  -1.5113182e-03  -2.2369060e-03
  -5.3807003e-04  -7.7104101e-04  -2.1934376e-03  -2.3307360e-03
  -4.2937113e-04  -8.6467014e-04  -2.5832202e-03  -2.2068805e-03
  -4.8559470e-04  -8.9837662e-04  -2.8942966e-03  -2.0192206e-03
  -2.3071451e-04  -1.0032412e-03  -2.8455738e-03  -2.1017910e-03
   2.4905995e-04  -1.1680285e-03  -1.8373863e-03  -2.0717654e-03
   1.2920956e-05  -7.5980552e-04  -1.8673696e-03  -2.3607615e-03
  -2.4945570e-04  -6.4370540e-04  -2.8455738e-03  -2.3645147e-03
  -6.5792042e-05  -9.6204443e-04  -2.9205320e-03  -2.2819444e-03
   6.1648050e-05  -7.0362804e-04  -2.7631198e-03  -2.5559278e-03
  -7.0674074e-04  -6.3621507e-04  -3.3890206e-03  -2.2181401e-03
  -1.0965575e-03  -7.5606035e-04  -3.7750552e-03  -2.2819444e-03
  -4.7060175e-04  -6.7741189e-04  -2.6581784e-03  -2.6197321e-03
  -2.7569337e-04  -8.5717981e-04  -2.1109837e-03  -2.3607615e-03
  -1.8198742e-04  -9.0961212e-04  -1.7999072e-03  -2.2894508e-03
   4.0648595e-04  -5.4258595e-04  -9.3414023e-04  -2.2369060e-03
   7.4757560e-04  -3.6656319e-04  -8.1045923e-04  -2.3232296e-03
   3.0528352e-04  -5.1636979e-04  -2.7076033e-04  -2.1468293e-03
  -2.1946980e-04  -6.5119573e-04  -2.1079379e-04  -1.8465736e-03
   5.0403336e-05  -7.7478618e-04  -1.9580215e-04  -2.1318165e-03
   4.3647185e-04  -6.5119573e-04   9.1732682e-04  -1.9441567e-03
   2.6405290e-04  -5.0513430e-04   7.4492301e-04  -1.8540799e-03
   3.3526942e-04  -7.5231519e-04   5.0505683e-04  -2.2444124e-03
   8.2628860e-04  -7.8227651e-04   1.1946721e-03  -2.0567526e-03
   8.4502979e-04  -7.6355068e-04   1.3933113e-03  -1.8841055e-03
   4.3647185e-04  -8.0474750e-04   1.6519170e-03  -2.0192206e-03
   4.5896128e-04  -6.1748925e-04   1.9892288e-03  -2.1543357e-03
   6.3887670e-04  -8.5343464e-04   1.5882025e-03  -2.2143869e-03
   4.8519894e-04  -7.7478618e-04   6.0999828e-04  -1.8540799e-03
   5.2268132e-04  -4.4146649e-04   5.1630056e-04  -1.8465736e-03
   7.3633089e-04  -7.8227651e-04   1.3633280e-03  -2.1205569e-03
   6.2013551e-04  -8.3096365e-04   9.6979755e-04  -2.0717654e-03
   2.0033286e-04  -6.8864738e-04  -9.1088500e-07  -2.0154674e-03
   3.7275180e-04  -8.7590563e-04   3.4014883e-04  -1.9854418e-03
   5.6766018e-04  -9.5829926e-04   5.9125874e-04  -2.1505825e-03
   1.7034695e-04  -9.8077025e-04   4.0386329e-04  -2.1092973e-03
  -1.4825328e-04  -9.8826058e-04  -4.9633702e-05  -2.0492462e-03
  -2.2321804e-04  -9.4706377e-04  -6.4929914e-04  -2.2481656e-03
   8.7885716e-05  -9.4706377e-04  -6.6803869e-04  -2.2406592e-03
  -9.9526184e-05  -7.7104101e-04  -1.2527125e-03  -2.2106337e-03
  -3.0567927e-04  -7.9725717e-04  -1.7624281e-03  -2.1580889e-03
  -3.3941342e-04  -1.1081059e-03  -1.9348319e-03  -2.0567526e-03
  -8.5292202e-04  -1.0631639e-03  -1.9123445e-03  -2.4658511e-03
  -4.3686760e-04  -9.7327992e-04  -1.5900243e-03  -2.4620979e-03
   4.6655098e-05  -1.0032412e-03  -2.0097901e-03  -2.0079610e-03
  -2.5695218e-04  -9.8826058e-04  -2.0697567e-03  -2.3044636e-03
  -2.9443456e-04  -9.5455410e-04  -1.6837220e-03  -2.4133063e-03
  -4.6685351e-04  -9.5455410e-04  -1.7586802e-03  -2.2819444e-03
  -6.4676893e-04  -1.1118510e-03  -1.8748654e-03  -2.1956209e-03
  -2.3446275e-04  -1.0594187e-03  -2.0285297e-03  -2.2293996e-03
  -1.3700856e-04  -8.9088629e-04  -1.9873027e-03  -2.4658511e-03
  -2.9068632e-04  -8.9837662e-04  -1.6799741e-03  -2.1693485e-03
  -2.1946980e-04  -8.5343464e-04  -1.6874699e-03  -2.0192206e-03
  -2.4945570e-04  -8.1598299e-04  -1.7286969e-03  -2.0454930e-03
  -1.4450504e-04  -1.0107316e-03  -1.5637889e-03  -2.1017910e-03
  -2.7194513e-04  -9.0961212e-04  -1.4326121e-03  -2.2932040e-03
