  -3.5440637e-04  -8.9088629e-04  -2.4077706e-04  -2.1130505e-03
  -3.6565108e-04  -8.1972816e-04  -9.8356519e-05  -2.0792718e-03
  -4.4436408e-04  -1.0781445e-03  -2.3398339e-05  -2.0942846e-03
  -3.2067223e-04  -7.6355068e-04  -1.3958352e-04  -2.2819444e-03
  -2.0072861e-04  -8.4968948e-04  -1.7331470e-04  -2.1505825e-03
  -8.8281470e-05  -7.5231519e-04  -4.3566833e-04  -2.0717654e-03
  -1.0702266e-04  -8.0100233e-04  -3.0074361e-04  -1.8315608e-03
  -2.2696628e-04  -1.0669090e-03  -2.2203752e-04  -1.9441567e-03
  -1.3326033e-04  -8.5717981e-04  -3.5321433e-04  -2.2594252e-03
  -3.8814051e-04  -8.5717981e-04  -2.1454170e-04  -2.2293996e-03
  -2.3446275e-04  -7.9351200e-04  -2.7076033e-04  -2.0792718e-03
  -2.0813186e-05  -8.0849266e-04  -1.5082725e-04  -1.8991183e-03
  -1.7074271e-04  -6.9239255e-04  -1.4333143e-04  -1.9103779e-03
  -1.7074271e-04  -8.4594431e-04  -2.1079379e-04  -1.9591695e-03
  -1.9698037e-04  -8.1223783e-04   1.0332842e-05  -1.5500710e-03
  -1.8948390e-04  -7.7478618e-04  -2.2203752e-04  -1.7677564e-03
  -2.5320394e-04  -9.5080893e-04  -1.8081052e-04  -2.0117142e-03
  -2.1946980e-04  -6.2123441e-04  -6.8373247e-05  -1.6701733e-03
  -4.5935703e-04  -8.8339596e-04  -4.0193715e-04  -1.9404035e-03
  -4.1437818e-04  -7.8976684e-04  -4.5885793e-05  -1.9741823e-03
   1.6669194e-05  -7.7478618e-04   2.5324478e-05  -1.9704291e-03
  -1.1077090e-04  -9.7702509e-04  -2.0329797e-04  -2.1243101e-03
   4.6655098e-05  -8.7216047e-04   6.6551477e-05  -1.8165480e-03
   1.6659871e-04  -9.1710245e-04  -1.2154612e-05  -1.7940288e-03
  -9.9526184e-05  -6.7366672e-04  -3.6820597e-04  -2.1618421e-03
   1.2911633e-04  -8.1972816e-04  -2.2578543e-04  -2.0605058e-03
   9.1633954e-05  -6.5119573e-04   8.5291022e-05  -1.8240544e-03
  -2.0072861e-04  -4.6393748e-04  -6.4625338e-05  -2.1543357e-03
  -2.4945570e-04  -8.5343464e-04  -1.8081052e-04  -2.0680122e-03
  -2.1946980e-04  -7.4107969e-04  -9.0860701e-05  -2.0680122e-03
  -1.0702266e-04  -5.5007628e-04  -7.9616974e-05  -2.4545915e-03
  -2.1572156e-04  -8.0100233e-04  -1.8455843e-04  -2.0980378e-03
  -4.3302614e-05  -6.5119573e-04  -1.9205424e-04  -1.9366503e-03
   9.1727180e-06  -7.5231519e-04  -1.1334816e-04  -2.1693485e-03
  -6.9540280e-05  -9.1710245e-04   3.6568205e-05  -2.1393229e-03
   1.6762420e-06  -5.7254727e-04   1.7828660e-05  -2.2406592e-03
  -1.6324623e-04  -8.6467014e-04  -3.2697897e-04  -2.2594252e-03
  -1.4075680e-04  -8.4968948e-04  -2.2953333e-04  -2.0342334e-03
  -1.7449094e-04  -7.8602167e-04  -1.0960025e-04  -2.0755186e-03
  -6.9540280e-05  -8.5343464e-04  -3.0074361e-04  -2.1731017e-03
   3.9158622e-05  -6.5119573e-04  -1.9205424e-04  -2.0642590e-03
  -5.8295566e-05  -7.5980552e-04  -1.1334816e-04  -2.3607615e-03
  -1.1451914e-04  -6.6992156e-04  -1.2459188e-04  -2.3720211e-03
  -1.0702266e-04  -7.4107969e-04  -1.8081052e-04  -2.1130505e-03
  -6.5792042e-05  -8.3845398e-04  -3.2697897e-04  -2.3682679e-03
  -2.4945570e-04  -7.8602167e-04  -1.5832306e-04  -2.3570083e-03
  -2.9068632e-04  -9.0212179e-04  -1.0960025e-04  -2.2519188e-03
  -2.0072861e-04  -8.7965080e-04  -2.8949988e-04  -2.3419956e-03
  -6.5792042e-05  -9.4331860e-04  -3.4197060e-04  -2.2031273e-03
   6.5396288e-05  -9.6578959e-04  -1.8081052e-04  -2.1430761e-03
  -3.2057900e-05  -8.5343464e-04   3.2820296e-05  -2.3795275e-03
  -1.6324623e-04  -7.5231519e-04   1.7828660e-05  -2.2068805e-03
  -2.0719960e-06  -5.3509562e-04   4.4064023e-05  -1.9516631e-03
   5.4151574e-05  -7.1860870e-04   8.9038931e-05  -2.0342334e-03
  -3.2067223e-04  -8.1598299e-04   1.0403057e-04  -1.9854418e-03
  -1.2201561e-04  -6.5494090e-04   8.1543113e-05  -2.1355697e-03
   1.0287867e-04  -8.9837662e-04   2.5324478e-05  -2.2481656e-03
  -3.2057900e-05  -8.4219915e-04  -1.5902521e-05  -2.1505825e-03
   2.0417432e-05  -6.7366672e-04  -5.3381611e-05  -2.0492462e-03
   5.0403336e-05  -7.1486354e-04   1.1152638e-04  -1.9291439e-03
   1.8908814e-04  -8.4594431e-04   8.1543113e-05  -1.9666759e-03
   2.0417432e-05  -1.0257122e-03  -1.3208770e-04  -2.0567526e-03
   3.9158622e-05  -7.2984420e-04  -1.0210443e-04  -2.1280633e-03
   1.0287867e-04  -6.8490222e-04  -9.1088500e-07  -2.0267270e-03
  -1.4450504e-04  -8.3096365e-04  -3.8389975e-05  -1.8841055e-03
  -5.0799090e-05  -6.6617639e-04  -8.7112792e-05  -2.0830250e-03
  -4.7050852e-05  -6.6992156e-04  -1.2084397e-04  -2.2406592e-03
  -2.0072861e-04  -7.2984420e-04  -1.9955006e-04  -2.0605058e-03
  -2.4195923e-04  -1.0481832e-03  -1.9580215e-04  -2.0492462e-03
  -2.0447685e-04  -9.2459278e-04  -2.2578543e-04  -2.0154674e-03
  -1.7823918e-04  -6.9239255e-04  -1.2084397e-04  -1.9366503e-03
  -1.4075680e-04  -1.0332026e-03   2.5324478e-05  -2.0755186e-03
  -8.4533232e-05  -8.7216047e-04  -4.2137884e-05  -2.0042078e-03
  -3.5806138e-05  -7.5231519e-04  -1.3583561e-04  -2.1168037e-03
  -9.5684720e-06  -7.7104101e-04  -2.4452497e-04  -2.1355697e-03
  -2.6444866e-04  -9.3957344e-04  -1.6581888e-04  -2.0417398e-03
  -4.3686760e-04  -1.0968704e-03  -2.8200406e-04  -2.0154674e-03
  -1.1077090e-04  -9.8826058e-04  -3.6820597e-04  -1.9404035e-03
  -6.2043804e-05  -9.6204443e-04  -9.8356519e-05  -2.2819444e-03
  -2.6070042e-04  -9.5829926e-04  -2.1828961e-04  -2.0717654e-03
  -1.7449094e-04  -1.0931252e-03  -1.9205424e-04  -1.8390672e-03
  -1.4825328e-04  -7.8227651e-04  -7.2121156e-05  -2.0492462e-03
  -2.4195923e-04  -9.6953476e-04  -1.1709606e-04  -1.9704291e-03
  -2.3446275e-04  -1.0219671e-03  -8.7112792e-05  -1.9253907e-03
  -1.9698037e-04  -6.6992156e-04  -2.1828961e-04  -1.8390672e-03
  -1.9323213e-04  -1.0818897e-03  -3.3072688e-04  -2.0042078e-03
  -5.8295566e-05  -8.5717981e-04  -3.1198733e-04  -2.2706848e-03
  -1.3326033e-04  -8.9463146e-04  -2.5951661e-04  -2.1731017e-03
  -3.5440637e-04  -1.1006155e-03  -3.6820597e-04  -2.0680122e-03
  -2.7194513e-04  -9.3582827e-04  -2.3328124e-04  -2.0980378e-03
  -2.4570747e-04  -1.0219671e-03  -2.1079379e-04  -2.0680122e-03
  -1.8948390e-04  -7.2984420e-04  -1.7706261e-04  -2.0004546e-03
  -1.8198742e-04  -7.8602167e-04  -8.4067030e-06  -1.8878587e-03
  -7.7036756e-05  -8.7590563e-04  -3.2323106e-04  -1.9704291e-03
  -3.5806138e-05  -6.9988288e-04  -3.1573524e-04  -2.0792718e-03
  -2.0822509e-04  -7.7853134e-04  -1.4333143e-04  -1.8315608e-03
   1.7784343e-04  -9.8826058e-04  -2.2203752e-04  -2.0004546e-03
   3.1662146e-05  -8.1972816e-04  -8.3364883e-05  -2.0229738e-03
  -3.5815461e-04  -6.1748925e-04   2.5324478e-05  -1.7039521e-03
  -1.5200152e-04  -7.3733453e-04  -1.0210443e-04  -1.9441567e-03
  -1.7449094e-04  -8.0849266e-04  -4.2137884e-05  -2.0905314e-03
  -2.0822509e-04  -9.2459278e-04  -1.2084397e-04  -1.8578331e-03
  -8.8281470e-05  -7.9725717e-04  -2.1454170e-04  -1.9441567e-03
  -1.7823918e-04  -8.5343464e-04  -9.8356519e-05  -2.2293996e-03
  -2.2321804e-04  -8.5343464e-04  -2.6701242e-04  -2.0117142e-03
   1.1037514e-04  -9.3582827e-04  -3.1573524e-04  -2.0042078e-03
  -6.9540280e-05  -9.5455410e-04  -3.8389975e-05  -2.1355697e-03
  -2.5320394e-04  -6.3246991e-04   1.0028266e-04  -2.0229738e-03
   4.2906860e-05  -9.1710245e-04  -1.8081052e-04  -2.0980378e-03
  -1.3326033e-04  -8.1972816e-04  -1.5082725e-04  -2.1130505e-03
  -2.0447685e-04  -6.8115705e-04   6.5849330e-06  -2.2369060e-03
  -8.8281470e-05  -8.2347332e-04  -8.3364883e-05  -2.0942846e-03
  -2.9443456e-04  -8.0474750e-04  -1.0585234e-04  -2.0154674e-03
  -1.2201561e-04  -1.0519284e-03  -2.0704588e-04  -2.1843613e-03
  -2.0719960e-06  -8.4968948e-04  -8.3364883e-05  -2.1017910e-03
  -3.2816870e-04  -6.9239255e-04  -1.0585234e-04  -2.0117142e-03
  -3.6939932e-04  -9.1710245e-04  -4.9633702e-05  -2.1205569e-03
  -2.9443456e-04  -8.7590563e-04   5.9055659e-05  -2.4846170e-03
   5.0403336e-05  -8.1972816e-04  -1.8455843e-04  -2.4170595e-03
   3.1662146e-05  -8.5343464e-04  -1.3208770e-04  -2.2068805e-03
  -2.6070042e-04  -6.7741189e-04  -1.3208770e-04  -2.3119700e-03
  -7.7036756e-05  -6.7366672e-04  -2.7146248e-05  -2.3982935e-03
  -1.1826737e-04  -8.0474750e-04  -1.5457515e-04  -2.3907871e-03
  -1.4825328e-04  -5.1636979e-04  -3.8319760e-04  -2.2293996e-03
  -2.4570747e-04  -7.5231519e-04   1.2651802e-04  -2.2331528e-03
  -8.8281470e-05  -1.0182219e-03  -1.3208770e-04  -2.2444124e-03
  -2.4945570e-04  -8.4219915e-04  -2.8200406e-04  -2.3007104e-03
  -5.3057355e-04  -7.8976684e-04  -3.0894157e-05  -2.4470851e-03
  -1.4825328e-04  -9.0212179e-04  -2.8949988e-04  -2.3194764e-03
  -2.0822509e-04  -1.0968704e-03  -4.2137884e-05  -2.4020467e-03
  -3.5806138e-05  -7.4857002e-04  -1.9650430e-05  -2.3795275e-03
  -3.9554376e-05  -8.9088629e-04  -1.7706261e-04  -2.3082168e-03
  -2.0072861e-04  -7.7104101e-04   1.7828660e-05  -2.2218933e-03
   6.5396288e-05  -4.4521166e-04  -3.4642066e-05  -1.8953651e-03
  -1.7064948e-05  -8.7590563e-04  -8.4067030e-06  -2.0454930e-03
  -9.5777946e-05  -6.6617639e-04   1.9023247e-04  -2.1956209e-03
  -6.2043804e-05  -6.2123441e-04  -3.8389975e-05  -2.0605058e-03
   2.4165670e-05  -7.9351200e-04  -6.0877429e-05  -2.0154674e-03
  -8.4533232e-05  -7.4482486e-04   7.7795204e-05  -2.1430761e-03
  -1.6324623e-04  -6.8864738e-04  -1.9955006e-04  -2.1731017e-03
  -2.8309662e-05  -6.9239255e-04  -1.6956679e-04  -2.1092973e-03
   9.1727180e-06  -8.7216047e-04   3.2820296e-05  -1.9328971e-03
   1.2911633e-04  -7.4857002e-04  -5.7129520e-05  -1.8615863e-03
   5.0403336e-05  -6.5868606e-04  -1.7706261e-04  -2.1505825e-03
  -1.8198742e-04  -6.8115705e-04  -4.2137884e-05  -2.1468293e-03
  -1.3326033e-04  -7.0362804e-04  -1.2154612e-05  -2.1355697e-03
  -6.9540280e-05  -7.2235387e-04   8.9038931e-05  -2.0529994e-03
   3.1662146e-05  -6.1374408e-04   2.8370240e-06  -1.8991183e-03
   2.7913908e-05  -7.7478618e-04  -2.1454170e-04  -1.9404035e-03
  -2.9818280e-04  -9.6578959e-04   4.4064023e-05  -1.9967014e-03
  -1.7074271e-04  -7.5606035e-04  -2.2203752e-04  -2.0605058e-03
  -7.3288518e-05  -8.9837662e-04  -4.4316415e-04  -2.0417398e-03
  -1.7074271e-04  -8.4219915e-04  -2.4827288e-04  -2.0642590e-03
  -1.1826737e-04  -6.1374408e-04  -3.0074361e-04  -2.1355697e-03
  -2.2696628e-04  -8.3470882e-04  -2.2953333e-04  -2.2293996e-03
  -1.2951209e-04  -6.8864738e-04  -1.5457515e-04  -2.0867782e-03
  -3.5806138e-05  -8.3845398e-04  -2.3702915e-04  -1.9854418e-03
   7.6641002e-05  -1.1418123e-03  -1.2833979e-04  -1.8916119e-03
  -1.0702266e-04  -8.4594431e-04  -8.7112792e-05  -1.9066247e-03
  -2.5695218e-04  -7.9725717e-04  -2.5202079e-04  -2.1355697e-03
  -2.7569337e-04  -9.9575091e-04  -2.7450824e-04  -2.0417398e-03
  -3.6565108e-04  -8.6092497e-04  -2.8200406e-04  -2.1693485e-03
  -1.1451914e-04  -1.0182219e-03  -1.2833979e-04  -2.1806081e-03
  -3.2816870e-04  -1.0893800e-03  -2.6701242e-04  -2.1017910e-03
  -3.8439227e-04  -8.8339596e-04  -2.1454170e-04  -2.1806081e-03
  -2.6444866e-04  -8.6467014e-04   1.2651802e-04  -2.0417398e-03
  -2.8318985e-04  -8.4594431e-04  -2.1454170e-04  -2.1580889e-03
  -2.8318985e-04  -1.1343220e-03  -4.4691206e-04  -2.1618421e-03
  -6.0928655e-04  -9.9575091e-04  -4.1318088e-04  -2.0717654e-03
  -4.7434998e-04  -8.9837662e-04  -1.5832306e-04  -1.9328971e-03
  -9.9526184e-05  -1.1493027e-03  -1.2833979e-04  -2.0454930e-03
  -1.2201561e-04  -8.8339596e-04  -3.9818924e-04  -2.3645147e-03
  -2.7569337e-04  -8.5717981e-04  -3.5321433e-04  -2.0342334e-03
  -3.1317575e-04  -8.5717981e-04  -3.0074361e-04  -2.0755186e-03
  -2.0447685e-04  -7.3358936e-04  -1.4707934e-04  -1.9816886e-03
  -1.8573566e-04  -7.7853134e-04  -1.1334816e-04  -1.7114585e-03
  -3.1317575e-04  -7.5606035e-04  -2.8575197e-04  -1.9629227e-03
  -2.9443456e-04  -9.1710245e-04  -1.8455843e-04  -1.8052884e-03
  -5.8202340e-06  -7.4857002e-04  -8.3364883e-05  -2.1130505e-03
  -8.4533232e-05  -6.2872474e-04  -2.0329797e-04  -2.1393229e-03
  -3.0193104e-04  -9.4331860e-04   1.0777848e-04  -1.9328971e-03
  -1.4075680e-04  -9.7327992e-04   1.7149293e-04  -2.2331528e-03
  -1.2201561e-04  -7.6729585e-04  -1.4333143e-04  -1.8916119e-03
  -2.8309662e-05  -7.2235387e-04  -7.5869065e-05  -2.0004546e-03
  -5.4547328e-05  -9.0212179e-04  -3.1573524e-04  -2.1693485e-03
  -9.5777946e-05  -8.1972816e-04  -3.5696224e-04  -1.9253907e-03
   9.9130430e-05  -7.3358936e-04  -2.7146248e-05  -1.6926925e-03
   3.1662146e-05  -9.3957344e-04  -1.4333143e-04  -1.5800966e-03
  -3.0193104e-04  -1.0481832e-03  -1.5902521e-05  -1.9704291e-03
  -3.9938522e-04  -7.7853134e-04   4.0316114e-05  -2.0529994e-03
  -4.3302614e-05  -7.1111837e-04  -1.9580215e-04  -2.1806081e-03
  -3.5440637e-04  -8.3470882e-04  -1.4707934e-04  -2.3157232e-03
   5.0403336e-05  -7.5980552e-04  -2.1454170e-04  -2.2106337e-03
  -1.8573566e-04  -1.0107316e-03  -7.9616974e-05  -2.0905314e-03
  -3.5806138e-05  -8.0474750e-04  -1.6956679e-04  -2.0755186e-03
  -5.4547328e-05  -7.1111837e-04  -1.2084397e-04  -2.2256465e-03
  -9.0914559e-04  -8.2347332e-04  -3.0894157e-05  -2.1956209e-03
   4.8894718e-04  -4.5644715e-04  -3.6820597e-04  -2.0642590e-03
  -1.0703198e-03  -8.7965080e-04  -2.0704588e-04  -2.0379866e-03
   7.1758970e-04  -8.2347332e-04  -1.2084397e-04  -2.3194764e-03
  -9.5787269e-04  -7.9351200e-04  -3.0894157e-05  -2.1956209e-03
  -9.5684720e-06  -8.6092497e-04  -6.4625338e-05  -2.0792718e-03
   8.8626041e-04  -5.2386012e-04   3.2820296e-05  -2.3682679e-03
  -4.3575246e-03  -1.2504221e-03  -3.1948315e-04  -2.1205569e-03
   1.9893575e-02  -5.3135045e-04   1.3401384e-04  -2.5334086e-03
   3.3923230e-02   1.9591843e-03  -3.4946642e-04  -2.4095531e-03
   1.4346183e-02   4.0002992e-03   3.6568205e-05  -1.5350582e-03
  -1.1044381e-02   2.0265972e-03   9.1364913e-03  -3.4079035e-03
  -1.9155568e-02  -2.7934301e-03   1.0635655e-02  -4.0084150e-03
  -2.0148758e-03  -5.5835780e-03  -2.3920768e-03  -7.5814643e-04
  -1.4751295e-03  -4.5985996e-03  -1.0787393e-02   1.1860096e-03
  -1.7974780e-03   1.9188805e-05  -5.4766059e-03  -1.6514073e-03
   4.8518962e-03   2.0565586e-03   4.1885492e-04  -5.1606465e-03
   4.7769315e-03   1.2030826e-04  -6.9870133e-03  -3.8808063e-03
   5.9913606e-03  -2.8383721e-03  -8.2762940e-03  -3.4754611e-03
  -8.9453679e-03  -4.5686383e-03  -4.0074256e-03  -4.9279483e-03
  -1.9013135e-02  -3.4862856e-03  -7.8715198e-03  -3.8958191e-03
  -6.4902720e-03  -2.1005746e-03  -1.0622485e-02  -3.4003971e-03
   3.1239585e-03   1.5775991e-04  -1.7747260e-02  -1.9516631e-03
  -2.1910430e-03   2.4498009e-03  -2.4171176e-02   5.5922572e-04
  -1.2082643e-02   1.8168680e-03  -1.8665498e-02   1.5388045e-04
  -1.2693606e-02  -4.1899550e-04  -8.4486978e-03  -1.5313050e-03
  -9.0015914e-03  -2.0968294e-03  -3.8650051e-03  -2.1806081e-03
  -8.0345460e-03  -1.2616576e-03  -2.2346646e-03  -1.7152117e-03
  -2.0186240e-03   1.4011547e-03   4.8376396e-03  -2.0304802e-03
   7.0746013e-03   1.9816553e-03   1.0530713e-02  -2.7248217e-03
   7.9741785e-03   7.5324114e-04   1.2224768e-02  -1.6476541e-03
   2.5954569e-03  -6.9613771e-04   1.6017652e-02  -1.0171170e-03
  -8.1543964e-04  -2.7971753e-03   2.1204758e-02  -1.9891950e-03
  -4.2900563e-03  -3.7933892e-03   1.9203375e-02  -1.9967014e-03
  -4.1101408e-03  -3.5087566e-03   1.3352889e-02  -9.5331267e-04
  -1.1677740e-03  -2.3852071e-03   1.2183541e-02  -1.1071937e-03
  -3.3829827e-03  -5.5007628e-04   1.0403284e-02  -1.4937730e-03
   2.0417432e-05  -4.4521166e-04   1.2985594e-02  -1.6964457e-03
   7.4119428e-03  -1.6062128e-03   1.8225171e-02  -3.2239969e-03
   6.4186597e-03  -1.9320422e-03   1.5852744e-02  -2.6985493e-03
  -1.0815645e-03  -7.3733453e-04   1.1377741e-02  -4.3161829e-04
  -2.8507329e-03   7.8694763e-04   1.0095956e-02  -9.0827431e-04
   2.6329393e-03   8.8057675e-04   9.5412654e-03  -1.3248792e-03
   1.6134186e-03   7.6447664e-04   4.2342263e-03  -3.9408632e-04
  -2.2360218e-03   5.7721839e-04   9.7729336e-04  -4.7665665e-04
  -1.2015082e-03  -1.1189197e-04   4.8076564e-03  -1.9216375e-03
   1.2798254e-03  -8.9837662e-04   4.0580746e-03  -3.0138178e-03
   4.0273771e-04  -1.5949773e-03  -1.9273361e-03  -2.2331528e-03
  -2.1348194e-03  -1.4339352e-03  -5.3491770e-03  -1.7827692e-03
  -3.3342556e-03  -1.3477964e-03  -5.6789930e-03  -2.2594252e-03
  -5.4182759e-03  -1.2728931e-03  -6.6384577e-03  -2.6159789e-03
  -4.4699717e-03  -1.2991093e-03  -1.1559462e-02  -2.2293996e-03
  -5.7180417e-04  -2.0556326e-03  -1.3594577e-02  -2.0117142e-03
   8.9750512e-04  -2.2091844e-03  -1.1432033e-02  -2.7586004e-03
  -1.4376472e-03  -1.8908453e-03  -1.0929814e-02  -3.0588562e-03
  -4.5112023e-03  -1.7035871e-03  -1.1057242e-02  -2.7961324e-03
  -4.4174964e-03  -1.5050934e-03  -1.1278369e-02  -2.2181401e-03
  -2.6745657e-03  -1.0219671e-03  -8.5311518e-03  -2.4095531e-03
   1.8908814e-04  -2.3922758e-04  -4.4946538e-03  -3.1676989e-03
   2.4642686e-03   4.7984410e-04  -4.6932930e-03  -2.8224048e-03
   2.7866171e-03   3.8246981e-04  -6.2411794e-03  -1.9479099e-03
   3.6449636e-03  -7.0695155e-05  -5.1130588e-03  -1.7640032e-03
   1.8495576e-03  -3.6988670e-05  -4.1573420e-03  -1.8165480e-03
  -2.4009443e-03  -4.9764397e-04  -5.3491770e-03  -1.4337219e-03
  -3.3192626e-03  -8.3845398e-04  -4.2585355e-03  -1.2685812e-03
   2.4165670e-05  -1.1755188e-03  -1.3763935e-03  -1.7452372e-03
   3.1839303e-03  -1.3740126e-03   6.8495646e-04  -2.6159789e-03
   2.3255838e-03  -1.1043607e-03   1.1534451e-03  -2.6610173e-03
   1.2161054e-03  -1.5575257e-03   2.0754307e-03  -2.2406592e-03
   1.6209151e-03  -1.6998419e-03   4.2304784e-03  -2.4358255e-03
   9.7996636e-04  -1.5537805e-03   3.9643768e-03  -2.1543357e-03
  -2.1197332e-04  -1.2391866e-03   2.3640197e-03  -1.6739265e-03
  -6.9174779e-04  -1.1418123e-03   9.4731009e-04  -1.5125390e-03
   4.1398242e-04  -9.8077025e-04   8.4986446e-04  -1.3961899e-03
   2.1456684e-03  -4.3023100e-04   1.6819003e-03  -1.8465736e-03
   2.8615818e-03  -5.2760529e-04   1.3820675e-03  -2.0042078e-03
   2.4792616e-03  -1.6057912e-04   9.6604964e-04  -1.9028715e-03
   1.3023148e-03  -1.4934362e-04   1.3670759e-03  -2.1468293e-03
   4.5146480e-04  -2.3922758e-04   2.6076338e-03  -2.0792718e-03
   2.0782933e-04  -1.4559846e-04   2.5813984e-03  -2.1318165e-03
   8.4137478e-05  -5.9127309e-04   1.1084702e-03  -1.9741823e-03
   3.9149299e-04  -6.2123441e-04   8.3112491e-04  -1.7940288e-03
   1.4410929e-04  -9.4706377e-04   1.5882025e-03  -1.9779355e-03
  -2.6819689e-04  -1.1680285e-03   1.9330102e-03  -2.0154674e-03
  -3.8439227e-04  -9.8077025e-04   1.5769588e-03  -2.1393229e-03
  -4.1062994e-04  -1.0294574e-03   1.6706565e-03  -2.2706848e-03
  -1.7449094e-04  -1.0182219e-03   2.1091619e-03  -2.5784470e-03
  -4.5186056e-04  -1.0931252e-03   1.9667413e-03  -2.7661068e-03
  -4.0688170e-04  -1.2728931e-03   1.5994463e-03  -2.5746938e-03
  -2.3446275e-04  -9.6578959e-04   6.5122528e-04  -2.2519188e-03
  -9.2029708e-05  -8.7216047e-04  -4.2817251e-04  -2.1918677e-03
   6.5396288e-05  -8.6841530e-04  -1.0315859e-03  -2.1843613e-03
  -5.3432179e-04  -5.6131177e-04  -1.5975201e-03  -1.9591695e-03
  -8.4542555e-04  -6.0999892e-04  -1.6499908e-03  -2.1393229e-03
  -3.9563699e-04  -4.4146649e-04  -1.6649825e-03  -2.3082168e-03
   4.4771656e-04  -5.7629243e-04  -1.6612346e-03  -2.3607615e-03
   9.2749103e-04  -5.5382144e-04  -1.2264771e-03  -2.3044636e-03
   7.2883441e-04  -6.0625375e-04  -1.3389144e-03  -2.3982935e-03
   5.6766018e-04  -9.2833794e-04  -1.7024616e-03  -2.4996298e-03
   6.5386965e-04  -3.5907286e-04  -1.6874699e-03  -2.1655953e-03
   6.7635908e-04  -5.5007628e-04  -1.4363600e-03  -2.0304802e-03
   6.5012142e-04  -8.4219915e-04  -9.1914859e-04  -1.9704291e-03
   8.4128155e-04  -8.6092497e-04  -5.3311396e-04  -2.0755186e-03
   1.0549311e-03  -1.2092253e-03  -7.0926569e-04  -2.1055441e-03
   1.1149029e-03  -9.2833794e-04  -8.6292996e-04  -2.0304802e-03
   1.2535877e-03  -8.6841530e-04  -4.0193715e-04  -2.2256465e-03
   1.0436864e-03  -8.0849266e-04  -3.8694551e-04  -2.5296554e-03
   6.9884851e-04  -6.2123441e-04  -1.0915524e-03  -2.4283191e-03
   9.4998046e-04  -7.4857002e-04  -1.4401079e-03  -2.1430761e-03
   1.0361899e-03  -5.1262463e-04  -1.5825285e-03  -2.1505825e-03
   1.0399382e-03  -4.4521166e-04  -1.7212011e-03  -1.9516631e-03
   8.7876393e-04  -7.8227651e-04  -2.2871354e-03  -2.0605058e-03
   1.1787162e-04  -8.0849266e-04  -3.0479609e-03  -2.1243101e-03
  -1.0702266e-04  -6.6617639e-04  -2.6694221e-03  -2.0004546e-03
   3.1652823e-04  -8.4968948e-04  -1.8973528e-03  -2.1505825e-03
   6.8760380e-04  -8.5717981e-04  -2.1971856e-03  -2.2406592e-03
   4.2147890e-04  -5.3135045e-04  -2.8905487e-03  -2.0417398e-03
   1.0662691e-04  -5.9876342e-04  -2.6844137e-03  -1.8165480e-03
   1.8908814e-04  -4.6768265e-04  -2.0997399e-03  -2.2068805e-03
  -2.1197332e-04  -5.1636979e-04  -2.0472692e-03  -2.3382424e-03
  -3.4316165e-04  -6.9239255e-04  -2.0922441e-03  -2.0117142e-03
  -4.8934294e-04  -5.2011496e-04  -1.6687304e-03  -2.1430761e-03
  -8.7541145e-04  -8.9463146e-04  -8.5918205e-04  -2.2594252e-03
  -3.7689580e-04  -8.8339596e-04  -1.7706261e-04  -2.2031273e-03
  -1.5200152e-04  -7.3733453e-04  -2.2203752e-04  -2.1806081e-03
  -8.4533232e-05  -7.8227651e-04  -2.2578543e-04  -1.8390672e-03
  -2.9443456e-04  -9.5829926e-04   5.6877128e-04  -2.0980378e-03
  -1.0215927e-03  -1.0481832e-03   1.1459493e-03  -2.3344892e-03
  -6.2427950e-04  -8.0100233e-04   1.2846219e-03  -1.9704291e-03
  -2.5320394e-04  -1.0931252e-03   1.3933113e-03  -2.0755186e-03
  -4.2937113e-04  -1.0444381e-03   1.5882025e-03  -2.0867782e-03
  -6.3552422e-04  -7.8602167e-04   1.6294295e-03  -2.0304802e-03
  -5.3432179e-04  -7.4107969e-04   1.5732109e-03  -2.0042078e-03
   5.6016370e-04  -8.2721849e-04   2.1241535e-03  -2.1543357e-03
   6.5761789e-04  -7.4107969e-04   1.9142706e-03  -2.2068805e-03
  -2.1946980e-04  -8.6841530e-04   9.1357891e-04  -1.8878587e-03
  -3.3941342e-04  -1.1043607e-03   9.7729336e-04  -1.8690927e-03
  -7.7036756e-05  -6.2872474e-04   1.1721846e-03  -2.0267270e-03
   2.2657052e-04  -1.0406929e-03   9.5105800e-04  -2.2181401e-03
   1.0287867e-04  -1.1418123e-03   7.6741046e-04  -1.8278076e-03
  -3.2057900e-05  -6.9239255e-04   6.1749410e-04  -1.7564968e-03
   4.1023418e-04  -9.5829926e-04   1.1159660e-03  -2.0342334e-03
   4.8519894e-04  -7.7478618e-04   1.2583865e-03  -1.7564968e-03
   2.4905995e-04  -7.2984420e-04   8.1988119e-04  -1.7640032e-03
   3.0528352e-04  -8.3096365e-04   1.2246554e-03  -1.8540799e-03
   3.0153528e-04  -7.6355068e-04   8.0863746e-04  -1.8841055e-03
  -2.0719960e-06  -6.1748925e-04  -3.8319760e-04  -1.6701733e-03
  -2.3446275e-04  -7.2235387e-04  -2.8949988e-04  -1.6326413e-03
   9.1633954e-05  -1.1081059e-03  -1.5902521e-05  -1.8728459e-03
   1.6285048e-04  -8.3096365e-04  -1.8455843e-04  -1.9366503e-03
  -1.0327442e-04  -8.4968948e-04  -5.1812233e-04  -1.9328971e-03
   5.7899812e-05  -8.7965080e-04  -7.9171968e-04  -1.7339776e-03
  -2.0813186e-05  -3.5158253e-04  -7.4299687e-04  -1.9929482e-03
  -5.1558060e-04  -4.6768265e-04  -8.4793832e-04  -2.0867782e-03
  -5.0808413e-04  -8.5343464e-04  -9.3414023e-04  -1.9891950e-03
  -2.4561424e-05  -7.3733453e-04  -7.5424059e-04  -2.2444124e-03
  -1.6699447e-04  -9.9575091e-04  -9.6412350e-04  -2.1318165e-03
  -8.3043259e-04  -1.2391866e-03  -1.7699239e-03  -1.8953651e-03
  -9.5787269e-04  -7.7853134e-04  -1.9085966e-03  -2.0079610e-03
  -4.1437818e-04  -9.3208311e-04  -1.2826958e-03  -2.3119700e-03
  -5.1558060e-04  -9.0961212e-04  -1.2077376e-03  -2.4358255e-03
  -1.0178445e-03  -8.7965080e-04  -1.3051832e-03  -2.2669316e-03
  -5.9804184e-04  -1.0743994e-03  -8.5918205e-04  -2.2068805e-03
  -4.9309117e-04  -8.1223783e-04  -6.2681169e-04  -2.4208127e-03
  -7.4047488e-04  -9.4331860e-04  -8.8166950e-04  -2.3082168e-03
  -7.3672664e-04  -6.6617639e-04  -1.0653170e-03  -2.1092973e-03
  -7.8170550e-04  -8.1223783e-04  -8.5168623e-04  -2.1055441e-03
  -7.1423722e-04  -1.0856349e-03  -1.4707934e-04  -2.3344892e-03
  -1.0740681e-03  -8.1598299e-04  -2.3328124e-04  -2.4883702e-03
  -9.4662797e-04  -8.8714113e-04  -7.7298014e-04  -2.2444124e-03
  -3.8439227e-04  -8.0474750e-04  -1.7706261e-04  -2.3307360e-03
  -4.5935703e-04  -1.0107316e-03  -1.2084397e-04  -2.2669316e-03
  -4.7434998e-04  -8.0100233e-04  -2.3328124e-04  -2.2856976e-03
  -4.4436408e-04  -5.3884078e-04   1.9398038e-04  -2.3495020e-03
  -1.5200152e-04  -7.8976684e-04   1.6399711e-04  -1.9891950e-03
   2.4165670e-05  -9.0586695e-04   3.6263629e-04  -2.2744380e-03
  -3.6190284e-04  -1.1155962e-03   5.8751083e-04  -2.3720211e-03
  -5.9054536e-04  -8.7965080e-04   1.2021679e-03  -2.1655953e-03
  -3.4690989e-04  -5.8752793e-04   1.2733782e-03  -2.2556720e-03
   2.9029057e-04  -6.1748925e-04   8.1238537e-04  -2.2819444e-03
   5.1893309e-04  -7.7853134e-04   9.3606636e-04  -2.2519188e-03
   3.9524123e-04  -6.0250859e-04   1.0072766e-03  -1.9028715e-03
  -2.7194513e-04  -4.6393748e-04   1.4532778e-03  -2.0342334e-03
  -9.8785859e-04  -1.0144767e-03   1.7381189e-03  -2.1731017e-03
  -5.8304889e-04  -8.3470882e-04   1.7905896e-03  -1.6851861e-03
  -1.6324623e-04  -7.3733453e-04   1.8767915e-03  -1.9404035e-03
   2.7154938e-04  -1.0406929e-03   2.2478345e-03  -2.3082168e-03
   4.6645775e-04  -5.4258595e-04   1.9105227e-03  -2.0042078e-03
   1.0662691e-04  -4.4146649e-04   6.8120855e-04  -1.7902756e-03
   3.1652823e-04  -7.0737321e-04   1.1122181e-03  -1.8465736e-03
  -2.1572156e-04  -8.7590563e-04   1.6369253e-03  -2.1017910e-03
  -1.3439412e-03  -8.6092497e-04   1.3033614e-03  -2.2856976e-03
  -1.2277458e-03  -8.3470882e-04   7.0369601e-04  -2.0004546e-03
  -3.4316165e-04  -1.0631639e-03  -1.9650430e-05  -1.8315608e-03
   2.6405290e-04  -8.0849266e-04   4.0761120e-04  -2.0942846e-03
  -1.8948390e-04  -5.5382144e-04   3.5888838e-04  -2.0642590e-03
  -9.1664207e-04  -7.5231519e-04  -1.5082725e-04  -1.7827692e-03
  -7.0674074e-04  -1.0144767e-03  -2.7825615e-04  -1.8503268e-03
  -5.9429360e-04  -1.0594187e-03  -4.5065997e-04  -2.0454930e-03
  -1.1902634e-03  -9.1335728e-04  -3.9818924e-04  -2.0229738e-03
  -1.2314941e-03  -8.9463146e-04  -7.3924896e-04  -1.9441567e-03
  -3.3941342e-04  -8.6467014e-04  -9.4538395e-04  -2.0004546e-03
  -1.0327442e-04  -8.5343464e-04  -1.0765608e-03  -2.0642590e-03
  -6.9924426e-04  -9.1335728e-04  -1.1477710e-03  -1.8765991e-03
  -8.8290793e-04  -7.8976684e-04  -7.8797178e-04  -2.0567526e-03
  -9.8785859e-04  -8.1223783e-04  -5.9308051e-04  -2.1505825e-03
  -1.0065998e-03  -9.8077025e-04  -2.7076033e-04  -1.9479099e-03
  -1.1377881e-03  -9.7702509e-04  -4.9563487e-04  -2.1393229e-03
  -8.7166321e-04  -9.6204443e-04  -7.9171968e-04  -2.0417398e-03
   2.4905995e-04  -8.3096365e-04  -4.2817251e-04  -2.0304802e-03
   1.5160576e-04  -7.7853134e-04  -3.3072688e-04  -2.1280633e-03
  -5.3807003e-04  -7.7853134e-04  -2.0704588e-04  -2.1243101e-03
  -8.1169140e-04  -8.4219915e-04  -9.0860701e-05  -2.1017910e-03
  -7.6671255e-04  -1.0818897e-03   2.5324478e-05  -2.0755186e-03
  -2.7569337e-04  -1.0743994e-03   1.7828660e-05  -2.2293996e-03
