  -2.4561424e-05  -7.4482486e-04  -2.5576870e-04  -2.3795275e-03
  -7.7036756e-05  -6.1748925e-04  -1.3208770e-04  -2.2894508e-03
  -4.3302614e-05  -6.5494090e-04   6.2803568e-05  -2.0717654e-03
  -2.3821099e-04  -6.9239255e-04  -1.3208770e-04  -2.1505825e-03
  -2.7569337e-04  -7.3358936e-04  -2.7825615e-04  -2.3344892e-03
  -1.3316710e-05  -7.5231519e-04  -2.1079379e-04  -2.1017910e-03
  -1.8198742e-04  -6.1748925e-04  -1.7706261e-04  -2.0417398e-03
  -9.5777946e-05  -8.4219915e-04  -1.9650430e-05  -2.3532552e-03
  -3.0942751e-04  -1.0444381e-03  -7.2121156e-05  -2.4583447e-03
  -3.2442046e-04  -8.7216047e-04  -2.2578543e-04  -2.3832807e-03
   3.1662146e-05  -9.0961212e-04  -1.5082725e-04  -2.1580889e-03
  -2.8693808e-04  -7.6355068e-04  -1.3583561e-04  -2.2256465e-03
  -3.2057900e-05  -6.4370540e-04  -9.1088500e-07  -2.1655953e-03
   5.0403336e-05  -5.6880210e-04  -1.9650430e-05  -1.8765991e-03
  -1.5200152e-04  -7.1111837e-04   1.4900547e-04  -2.0567526e-03
  -9.5777946e-05  -7.5980552e-04   5.5307750e-05  -1.9328971e-03
  -3.5815461e-04  -4.7142781e-04  -1.0585234e-04  -1.6926925e-03
   1.6762420e-06  -6.1748925e-04   1.2277011e-04  -2.0417398e-03
   8.4137478e-05  -6.8864738e-04  -1.6581888e-04  -1.9291439e-03
  -1.8948390e-04  -8.5717981e-04   3.6568205e-05  -1.6851861e-03
  -1.6699447e-04  -7.9725717e-04  -1.3583561e-04  -2.0342334e-03
   8.0389240e-05  -5.8752793e-04  -2.1079379e-04  -2.0755186e-03
   1.2536810e-04  -7.8602167e-04   2.6519065e-04  -1.9404035e-03
  -2.5695218e-04  -7.9725717e-04   2.9072387e-05  -1.9816886e-03
  -1.3326033e-04  -7.7853134e-04   1.7828660e-05  -1.8841055e-03
  -2.5695218e-04  -9.6578959e-04   2.8370240e-06  -1.9479099e-03
  -2.0447685e-04  -9.6204443e-04  -2.7146248e-05  -2.0492462e-03
  -7.7036756e-05  -6.2872474e-04  -1.9205424e-04  -2.0042078e-03
  -2.1946980e-04  -6.5494090e-04  -1.6581888e-04  -1.9328971e-03
   2.7913908e-05  -7.4107969e-04  -1.0210443e-04  -2.0567526e-03
  -5.0799090e-05  -6.9988288e-04  -3.2697897e-04  -2.1693485e-03
  -3.2816870e-04  -8.8714113e-04  -8.4067030e-06  -1.9216375e-03
  -3.4690989e-04  -9.6953476e-04  -2.2203752e-04  -1.8953651e-03
  -1.5574975e-04  -8.2721849e-04  -2.7825615e-04  -2.0117142e-03
  -1.8198742e-04  -8.8714113e-04  -6.0877429e-05  -2.0229738e-03
  -1.5200152e-04  -9.5829926e-04  -3.4197060e-04  -2.1731017e-03
  -1.0327442e-04  -8.9463146e-04  -1.6956679e-04  -2.2256465e-03
  -1.9698037e-04  -8.5343464e-04  -2.8575197e-04  -2.0642590e-03
  -2.1197332e-04  -6.3246991e-04  -4.0943297e-04  -2.1918677e-03
  -4.3311937e-04  -8.7965080e-04  -2.1079379e-04  -2.2969572e-03
  -4.4811232e-04  -9.0586695e-04  -3.7195388e-04  -2.0454930e-03
  -2.0072861e-04  -8.4594431e-04  -2.1454170e-04  -2.1393229e-03
  -1.2576385e-04  -1.0856349e-03  -9.8356519e-05  -2.1881145e-03
  -3.2067223e-04  -9.9575091e-04  -3.5321433e-04  -2.0680122e-03
  -3.5440637e-04  -1.0856349e-03  -2.8575197e-04  -2.2218933e-03
  -2.1946980e-04  -9.7327992e-04  -3.3447479e-04  -2.1505825e-03
  -7.7036756e-05  -1.0444381e-03  -4.6939951e-04  -2.1280633e-03
  -2.0822509e-04  -1.0219671e-03  -3.3822270e-04  -2.2369060e-03
  -5.1932884e-04  -8.4219915e-04  -2.8949988e-04  -2.1505825e-03
  -2.9818280e-04  -1.0706542e-03  -1.2459188e-04  -2.1393229e-03
  -1.7074271e-04  -9.8451542e-04   6.5849330e-06  -1.8615863e-03
  -2.7194513e-04  -9.6578959e-04  -2.7076033e-04  -1.8503268e-03
  -2.0447685e-04  -9.0961212e-04  -3.8694551e-04  -2.0942846e-03
  -1.9323213e-04  -6.6992156e-04  -2.1454170e-04  -2.0980378e-03
  -2.3821099e-04  -8.0849266e-04  -2.7076033e-04  -2.1843613e-03
  -1.7449094e-04  -1.0706542e-03  -1.3958352e-04  -1.9366503e-03
  -4.7050852e-05  -8.2347332e-04  -8.4067030e-06  -1.8878587e-03
  -2.5320394e-04  -5.8752793e-04  -1.6956679e-04  -2.0605058e-03
  -2.8693808e-04  -8.0474750e-04  -1.2459188e-04  -1.8991183e-03
  -1.5200152e-04  -8.1598299e-04  -9.8356519e-05  -1.7527436e-03
  -8.4533232e-05  -7.2609903e-04  -1.6581888e-04  -1.8315608e-03
  -5.4547328e-05  -8.1972816e-04   1.2651802e-04  -2.0079610e-03
  -1.8198742e-04  -9.8826058e-04   2.9072387e-05  -1.9028715e-03
   2.7913908e-05  -9.1335728e-04  -3.0074361e-04  -1.8315608e-03
  -1.7074271e-04  -9.2833794e-04  -8.4067030e-06  -2.0117142e-03
  -3.4690989e-04  -8.7590563e-04  -1.9205424e-04  -2.1168037e-03
  -1.1451914e-04  -6.2497958e-04  -2.9324779e-04  -2.0004546e-03
  -6.9540280e-05  -8.6841530e-04  -2.0329797e-04  -1.8428204e-03
  -2.0719960e-06  -9.0586695e-04  -1.8830634e-04  -1.9704291e-03
  -3.3941342e-04  -7.4482486e-04   1.4900547e-04  -2.0529994e-03
  -2.1197332e-04  -8.4219915e-04   8.1543113e-05  -1.8991183e-03
  -9.5777946e-05  -9.0212179e-04  -4.6587940e-06  -2.0980378e-03
  -2.2696628e-04  -9.6578959e-04  -3.5696224e-04  -2.2068805e-03
   7.2892764e-05  -8.8339596e-04  -3.7195388e-04  -1.8278076e-03
  -1.9323213e-04  -8.4968948e-04   2.8370240e-06  -2.0192206e-03
  -2.6444866e-04  -9.8826058e-04  -2.8200406e-04  -2.1130505e-03
  -5.8295566e-05  -8.0849266e-04  -1.2459188e-04  -1.9967014e-03
  -1.5200152e-04  -7.1486354e-04   6.5849330e-06  -2.1543357e-03
  -1.5949799e-04  -9.3957344e-04  -2.8200406e-04  -1.9967014e-03
  -8.0784994e-05  -7.9351200e-04  -9.8356519e-05  -2.3269828e-03
   9.1727180e-06  -6.5868606e-04  -6.8373247e-05  -2.2969572e-03
  -3.3941342e-04  -7.9351200e-04  -4.2137884e-05  -2.1918677e-03
  -3.3191694e-04  -9.4706377e-04  -9.4608610e-05  -2.4470851e-03
  -2.3821099e-04  -9.4706377e-04  -2.8575197e-04  -2.0192206e-03
  -3.2816870e-04  -8.1598299e-04  -2.4077706e-04  -1.9929482e-03
  -1.3326033e-04  -8.3096365e-04  -2.8200406e-04  -2.1130505e-03
  -2.5320394e-04  -6.7366672e-04   2.8370240e-06  -2.2819444e-03
   2.7913908e-05  -7.7478618e-04   1.4080751e-05  -2.3795275e-03
  -1.2951209e-04  -8.8714113e-04  -2.4827288e-04  -2.0905314e-03
  -2.9443456e-04  -8.2347332e-04  -6.4625338e-05  -2.0492462e-03
  -7.3288518e-05  -9.5455410e-04   2.8370240e-06  -1.9816886e-03
  -2.6444866e-04  -6.9613771e-04  -1.5902521e-05  -2.1918677e-03
  -5.4547328e-05  -7.2609903e-04  -1.6207097e-04  -2.5221490e-03
  -1.9323213e-04  -7.9725717e-04  -2.5576870e-04  -2.2932040e-03
  -1.2201561e-04  -7.5606035e-04   2.9072387e-05  -2.0042078e-03
   6.1648050e-05  -9.0212179e-04   4.0316114e-05  -2.0117142e-03
  -3.5806138e-05  -6.1748925e-04  -5.7129520e-05  -1.9141311e-03
   1.2536810e-04  -7.9351200e-04   1.0028266e-04  -1.7902756e-03
  -1.1826737e-04  -9.0961212e-04  -2.7146248e-05  -1.8540799e-03
  -1.3700856e-04  -5.5382144e-04  -5.7129520e-05  -2.0042078e-03
   6.9144526e-05  -8.1598299e-04   1.3401384e-04  -2.1205569e-03
  -7.3288518e-05  -9.5080893e-04  -5.3381611e-05  -2.0717654e-03
  -3.2057900e-05  -7.7478618e-04  -1.6207097e-04  -2.0529994e-03
   6.1648050e-05  -8.7216047e-04  -3.0894157e-05  -2.0267270e-03
   2.4165670e-05  -8.0100233e-04  -7.2121156e-05  -2.0942846e-03
   8.0389240e-05  -7.0362804e-04  -3.8389975e-05  -2.1956209e-03
  -3.9554376e-05  -6.6243123e-04  -4.2137884e-05  -2.0717654e-03
  -1.4825328e-04  -6.8864738e-04  -1.8081052e-04  -1.9253907e-03
  -1.4450504e-04  -6.8864738e-04  -7.5869065e-05  -2.0229738e-03
  -1.0702266e-04  -5.0513430e-04  -9.1088500e-07  -2.1918677e-03
  -2.4945570e-04  -7.4482486e-04  -7.2121156e-05  -2.2181401e-03
  -3.5815461e-04  -7.7853134e-04  -4.9633702e-05  -2.1768549e-03
  -1.6324623e-04  -7.4107969e-04   3.2820296e-05  -1.9516631e-03
  -1.2951209e-04  -8.0100233e-04  -2.7146248e-05  -1.9141311e-03
  -8.0784994e-05  -8.1972816e-04  -1.8455843e-04  -2.0830250e-03
   9.1727180e-06  -9.2833794e-04  -2.2953333e-04  -2.1543357e-03
   2.7913908e-05  -7.2609903e-04  -1.7331470e-04  -2.2331528e-03
  -5.8295566e-05  -8.7216047e-04  -7.2121156e-05  -1.9929482e-03
  -1.2951209e-04  -9.9949608e-04  -2.5202079e-04  -2.0492462e-03
  -1.5574975e-04  -8.2721849e-04  -1.1334816e-04  -2.1881145e-03
  -3.5440637e-04  -7.7104101e-04   2.1576569e-05  -2.0042078e-03
  -5.7930065e-04  -1.1493027e-03  -3.8694551e-04  -2.3945403e-03
  -5.7180417e-04  -1.2579125e-03  -1.4333143e-04  -2.3419956e-03
  -2.4195923e-04  -1.0369477e-03  -8.7112792e-05  -2.0117142e-03
  -1.5949799e-04  -1.2054801e-03  -3.3822270e-04  -2.2594252e-03
  -3.8064403e-04  -8.7965080e-04  -2.4077706e-04  -2.3382424e-03
  -3.0942751e-04  -9.5455410e-04  -3.7195388e-04  -2.0492462e-03
  -2.0822509e-04  -1.0182219e-03  -3.3072688e-04  -2.0867782e-03
  -2.7194513e-04  -6.1374408e-04  -1.0210443e-04  -2.4583447e-03
  -3.9554376e-05  -9.5829926e-04  -5.7129520e-05  -2.3044636e-03
   3.5410384e-05  -9.5455410e-04  -2.5576870e-04  -2.3495020e-03
  -2.7194513e-04  -7.5980552e-04   2.8370240e-06  -2.3382424e-03
  -2.7569337e-04  -9.8077025e-04   1.4080751e-05  -2.1280633e-03
  -6.2043804e-05  -9.6578959e-04  -4.5065997e-04  -2.2218933e-03
  -2.4570747e-04  -9.3957344e-04  -3.4197060e-04  -2.1055441e-03
  -5.1183236e-04  -9.7702509e-04  -2.9324779e-04  -2.3495020e-03
  -2.8693808e-04  -9.1710245e-04  -3.0823942e-04  -2.2894508e-03
  -1.5200152e-04  -1.0219671e-03  -1.3958352e-04  -1.8690927e-03
  -3.5806138e-05  -1.0369477e-03  -8.3364883e-05  -1.7902756e-03
   1.4036105e-04  -7.5980552e-04  -2.8575197e-04  -1.8015352e-03
  -2.0072861e-04  -9.5080893e-04  -1.8081052e-04  -2.0417398e-03
  -2.4945570e-04  -9.8077025e-04  -9.8356519e-05  -1.8803523e-03
  -2.4561424e-05  -8.8714113e-04  -3.0074361e-04  -1.9028715e-03
  -2.4195923e-04  -1.0332026e-03  -6.0877429e-05  -2.1468293e-03
  -2.9443456e-04  -7.5231519e-04  -6.4625338e-05  -2.0379866e-03
  -1.1451914e-04  -9.1335728e-04  -1.8081052e-04  -2.1055441e-03
  -3.2067223e-04  -8.6467014e-04  -1.2459188e-04  -1.9366503e-03
  -3.2442046e-04  -8.8339596e-04  -1.8081052e-04  -1.9929482e-03
  -2.8309662e-05  -1.0594187e-03  -1.9580215e-04  -2.0717654e-03
  -4.3302614e-05  -7.0737321e-04  -3.3822270e-04  -1.9141311e-03
  -5.4547328e-05  -8.9463146e-04  -2.2953333e-04  -2.1243101e-03
  -3.0942751e-04  -7.8976684e-04   1.7828660e-05  -2.0192206e-03
  -2.4945570e-04  -6.5494090e-04  -1.0585234e-04  -1.8540799e-03
   2.0417432e-05  -7.3358936e-04  -1.1334816e-04  -2.0830250e-03
  -1.8948390e-04  -6.9988288e-04  -2.1454170e-04  -2.1768549e-03
  -1.2576385e-04  -8.6092497e-04  -4.4691206e-04  -2.1693485e-03
  -3.6939932e-04  -9.6204443e-04  -1.9580215e-04  -2.0004546e-03
  -5.0808413e-04  -9.0586695e-04  -7.5869065e-05  -2.0229738e-03
  -2.9068632e-04  -7.0737321e-04  -2.3702915e-04  -2.3194764e-03
  -1.4075680e-04  -9.3957344e-04  -3.4642066e-05  -2.0642590e-03
  -1.4450504e-04  -8.0849266e-04  -1.2459188e-04  -2.1055441e-03
  -4.0688170e-04  -6.5119573e-04  -3.4571851e-04  -2.1580889e-03
  -1.4075680e-04  -9.4706377e-04  -6.0877429e-05  -1.9666759e-03
  -8.8281470e-05  -7.9351200e-04  -1.3583561e-04  -2.2594252e-03
  -1.6699447e-04  -8.9088629e-04  -2.7076033e-04  -2.0755186e-03
  -6.5792042e-05  -8.2721849e-04  -2.1079379e-04  -1.9366503e-03
  -6.5792042e-05  -8.0849266e-04  -3.8389975e-05  -2.1543357e-03
  -1.9698037e-04  -9.4331860e-04  -4.6587940e-06  -2.2031273e-03
  -3.8064403e-04  -7.1111837e-04  -2.1454170e-04  -2.1393229e-03
  -8.4533232e-05  -8.7965080e-04   2.6144274e-04  -2.0454930e-03
  -1.3700856e-04  -7.5231519e-04   2.3520738e-04  -2.3007104e-03
  -1.6324623e-04  -5.8752793e-04  -3.4642066e-05  -2.2556720e-03
  -1.2201561e-04  -7.2984420e-04   2.9517393e-04  -2.2031273e-03
  -2.0072861e-04  -8.6467014e-04  -2.3328124e-04  -2.3907871e-03
  -4.7050852e-05  -1.0369477e-03  -1.6956679e-04  -2.1543357e-03
  -4.7050852e-05  -8.0474750e-04  -4.9633702e-05  -2.1543357e-03
   3.1662146e-05  -7.1486354e-04  -8.1045923e-04  -2.3344892e-03
  -1.7823918e-04  -7.8976684e-04  -2.7825615e-04  -2.2406592e-03
  -1.5574975e-04  -7.5980552e-04  -5.0687860e-04  -2.0004546e-03
  -1.6324623e-04  -6.5494090e-04  -5.7129520e-05  -1.9479099e-03
  -2.6444866e-04  -6.8115705e-04  -5.7129520e-05  -2.1168037e-03
   6.1648050e-05  -8.8714113e-04  -2.4452497e-04  -2.1318165e-03
   2.2282228e-04  -6.6992156e-04   6.2873783e-04  -2.0154674e-03
   1.2161986e-04  -5.5007628e-04  -8.6292996e-04  -1.8240544e-03
  -1.6324623e-04  -6.9613771e-04   1.2134116e-03  -2.0379866e-03
  -7.3288518e-05  -6.7366672e-04  -9.3414023e-04  -1.9891950e-03
  -1.7064948e-05  -7.8602167e-04   1.0485036e-03  -1.7715096e-03
  -3.0567927e-04  -7.8227651e-04  -1.3208770e-04  -2.3194764e-03
  -1.9698037e-04  -6.8490222e-04  -2.0329797e-04  -1.9103779e-03
   6.1648050e-05  -6.9239255e-04  -1.8455843e-04  -2.2256465e-03
  -1.4450504e-04  -9.1710245e-04   6.5054591e-03  -1.6701733e-03
   5.6766018e-04  -9.3582827e-04   1.0988778e-01   2.3269815e-03
   4.6419949e-03  -3.7405352e-04   1.3347712e-01   4.6351977e-03
   5.6615156e-03  -4.9764397e-04   1.8240162e-02   6.1477361e-03
   5.3316707e-03   4.1659795e-05  -7.4555019e-03   4.8153511e-03
   1.0095681e-02   7.2327982e-04   3.7020232e-03  -1.2685812e-03
   9.7246988e-04   5.4725707e-04   2.1271993e-04  -4.7890800e-03
  -9.4926106e-03   1.1015415e-03  -5.3637237e-02  -8.1594509e-03
  -8.4506004e-03  -4.1150517e-04  -1.7660988e-01  -1.1541081e-02
  -1.6141985e-02  -2.0668681e-03  -2.2686934e-01  -8.5235110e-03
  -1.7873671e-02  -2.4676008e-03  -1.9025227e-01  -7.7503524e-03
  -3.1243543e-03  -3.3027725e-03  -1.3679584e-01  -1.0152399e-02
   1.3472937e-03  -2.1754779e-03  -9.3533728e-02  -7.6077310e-03
  -8.4056216e-03  -1.0669090e-03  -4.4578541e-02  -4.4175135e-03
   1.4706014e-02  -1.1567930e-03   1.6920898e-02  -1.6739265e-03
   2.6246839e-02  -1.9919648e-03   8.3517493e-02  -4.1135045e-03
  -1.6029538e-02  -8.0849266e-04   1.1110960e-01  -2.7998856e-03
  -2.1888034e-02  -1.2391866e-03   9.1020807e-02   8.5009906e-03
   1.5845478e-02  -5.9618397e-03   9.5552029e-02   7.1460865e-03
   1.7925750e-02  -4.4338124e-03   8.7377840e-02   8.4822189e-04
  -2.0557409e-02   4.6298000e-07   4.5521192e-02   1.0058562e-03
  -1.4481515e-02   1.2438578e-03   1.0545705e-02  -4.1135045e-03
   2.2442377e-02  -3.6656319e-04  -3.1453363e-02  -7.3112284e-03
   7.8917172e-03  -1.1230865e-03  -6.1290467e-02  -4.8191056e-03
  -1.2727340e-02   2.4460557e-03  -5.1928190e-02  -5.5810046e-03
  -3.8140300e-03   1.6183743e-03  -2.8589961e-02  -7.2436708e-03
   3.8623614e-03  -1.2691480e-03  -2.3953797e-02  -2.5071362e-03
   3.1202103e-03  -1.3253254e-03  -1.6180634e-02   2.9462590e-03
   2.0332212e-03  -1.0893800e-03   1.6145081e-02  -5.2169502e-04
  -4.3200422e-03   7.4949598e-04   3.7440700e-02  -3.6893933e-03
  -5.2496052e-03   2.5513420e-04   3.1174196e-02   3.3403390e-04
   1.0429274e-02  -2.8196463e-03   3.1020532e-02   1.1297117e-03
   9.0011957e-03  -3.4001468e-03   3.9149747e-02  -2.3307360e-03
  -7.2099337e-03  -1.6698806e-03   3.4700979e-02  -2.6835365e-03
  -6.4228037e-03  -6.1374408e-04   2.0170335e-02  -5.2169502e-04
   7.2770062e-03  -1.3815029e-03   8.3569262e-03  -1.1634974e-04
   7.5468793e-03  -1.3365609e-03   5.2686492e-03  -4.8791624e-04
  -5.8943021e-03  -5.9127309e-04   5.5422465e-03  -1.5425646e-03
  -2.9256976e-03   7.1621115e-05   4.7027149e-03  -3.5843038e-03
  -2.2247771e-03   2.8884068e-04  -1.1773093e-02   1.0884208e-04
  -1.7450027e-03  -7.5606035e-04  -1.4928832e-02   2.4095518e-03
   1.0478001e-02  -1.2616576e-03   1.2955611e-02  -4.6577181e-03
   2.7341417e-03  -5.5382144e-04   1.9660620e-02  -6.9021299e-03
  -9.6350437e-03   6.4088619e-04   1.7643543e-03  -2.6273011e-05
  -3.2180602e-03   1.6525024e-04   1.2284033e-03   1.1634904e-03
   1.0466757e-02  -1.7672549e-03   1.9364535e-02  -4.8191056e-03
   4.1284863e-03  -1.1642833e-03   1.6130089e-02  -4.6577181e-03
  -1.1816518e-02   7.2327982e-04  -6.0425402e-03   1.4862654e-03
  -2.8432364e-03  -4.0026968e-04  -5.8326573e-03   1.4074482e-03
   9.5034596e-03  -1.3552868e-03   6.3892740e-03  -3.4642015e-03
  -2.4084408e-03  -6.1748925e-04  -1.0053505e-03  -2.1243101e-03
  -1.3192122e-02  -2.9915022e-04  -1.1675647e-02   6.8683442e-04
  -1.4075680e-04  -1.3810813e-04  -3.2615917e-03  -2.5033830e-03
   8.9599651e-03  -1.3964836e-03  -3.6820597e-04  -5.0292846e-03
   4.3272361e-04  -9.4331860e-04  -1.2114153e-02  -2.5446682e-03
  -3.2068155e-03   4.6860860e-04  -1.4134276e-02  -1.5838498e-03
   1.8158234e-03  -8.5343464e-04  -5.1355462e-03  -4.7102629e-03
   1.5609433e-03  -1.3964836e-03  -5.9900695e-03  -4.6952501e-03
  -4.6311459e-03  -1.2354415e-03  -1.5925776e-02  -1.3211260e-03
  -5.9617704e-03  -1.0519284e-03  -1.5697154e-02  -3.0400959e-04
   2.8803230e-03  -8.5343464e-04  -3.8500134e-03  -3.1414265e-03
   7.9104584e-03  -1.2129705e-03  -2.9317757e-03  -4.2223473e-03
  -2.3409725e-03  -1.6806945e-04  -1.9692425e-02   3.0400833e-04
  -6.2878671e-03   4.1659795e-05  -1.9089011e-02   1.0096094e-03
   3.5625023e-03  -2.0893391e-03   2.9187102e-03  -5.1531401e-03
   4.3796182e-03  -2.4825814e-03   6.8127877e-03  -7.2249049e-03
  -4.5336917e-03  -9.8077025e-04  -1.2136640e-02  -2.1430761e-03
  -2.6633210e-03  -7.4482486e-04  -1.7818470e-02   9.0076096e-05
   7.1420696e-03  -1.2054801e-03  -3.0292214e-03  -3.9070787e-03
   3.0040149e-03  -1.0556735e-03  -1.2602083e-03  -4.4475391e-03
  -8.0832731e-03  -6.2123441e-04  -1.4445352e-02  -3.7532602e-05
  -3.8102818e-03  -1.0706542e-03  -1.1923009e-02   1.1259528e-04
   5.8339346e-03  -2.0930843e-03   2.3752634e-03  -3.6406017e-03
   4.6270952e-04  -1.4638965e-03   1.1422014e-03  -3.4792143e-03
  -5.8343303e-03   4.9150125e-05  -6.2599189e-03  -7.3938044e-04
   3.5137752e-03  -3.7030836e-04   9.0608309e-04  -2.1731017e-03
   8.5514071e-03  -1.0706542e-03   8.3119513e-03  -4.2748920e-03
  -1.9773934e-03  -1.1563714e-04   2.8250125e-03  -1.7527436e-03
  -6.2841189e-03   1.5775991e-04   8.7609982e-04  -2.6647762e-04
   1.9132776e-03  -3.9652451e-04   7.6073444e-03  -1.9479099e-03
   3.2064197e-03  -6.2123441e-04   8.3381866e-03  -2.0529994e-03
  -4.2563221e-03  -2.1675659e-04   3.2860053e-03  -2.5897123e-04
  -3.7578065e-03   3.2629233e-04   5.7258941e-03  -2.2143926e-04
   2.2393743e-03  -2.6544374e-04   1.1936179e-02  -2.1243101e-03
   2.5092475e-03  -6.6992156e-04   9.3838533e-03  -2.0680122e-03
  -9.9526184e-05  -3.3660187e-04   4.7701773e-03  -8.5572955e-04
  -1.2614800e-03  -7.4482486e-04   6.3368032e-03  -1.5913562e-03
  -4.5935703e-04  -1.0669090e-03   9.3351304e-03  -3.0475966e-03
  -2.4196855e-03  -9.9575091e-04   5.7821127e-03  -1.9216375e-03
  -2.5283844e-03  -1.2167156e-03   3.7245107e-03  -8.0693799e-04
   4.0872557e-03  -1.1343220e-03   1.0624411e-02  -2.7473408e-03
   2.7678759e-03  -8.9088629e-04   8.9191125e-03  -2.6685237e-03
  -4.1213856e-03  -4.6768265e-04  -7.1301360e-04  -1.6889450e-04
  -2.9444388e-03  -5.6505694e-04  -6.5304705e-04   2.1017840e-04
   6.0889080e-04  -1.3178351e-03   6.5241987e-03  -1.6551605e-03
  -1.0628233e-03  -1.4414255e-03   7.9933790e-03  -2.5371618e-03
  -3.6641005e-03  -9.4331860e-04   2.6301212e-03  -1.2423088e-03
  -2.4561424e-05  -6.4370540e-04   1.9330102e-03  -1.3586579e-03
   4.9568469e-03  -8.1223783e-04   5.6696754e-03  -3.1676989e-03
   2.6816664e-03  -6.5119573e-04   4.0880578e-03  -3.1864649e-03
  -1.8424569e-03  -4.2274067e-04  -6.2681169e-04  -1.9516631e-03
  -1.1640258e-03  -7.9725717e-04  -9.1540068e-04  -1.9816886e-03
   9.4998046e-04  -1.4376804e-03  -4.1318088e-04  -2.6872897e-03
  -8.4542555e-04  -1.3852481e-03  -3.8949883e-03  -2.1956209e-03
  -2.2397701e-03  -7.2609903e-04  -7.0319882e-03  -1.4937730e-03
   2.6030466e-04  -5.2386012e-04  -6.1212463e-03  -2.1881145e-03
   1.1898677e-03  -7.5231519e-04  -5.5478162e-03  -2.5709406e-03
  -5.9804184e-04  -9.3582827e-04  -7.5866787e-03  -2.0042078e-03
  -8.6416674e-04  -1.0706542e-03  -6.4173311e-03  -2.3344892e-03
  -1.4075680e-04  -1.2878738e-03  -3.6476263e-03  -3.0250774e-03
   6.1648050e-05  -1.2466770e-03  -2.8980445e-03  -3.0551030e-03
  -2.4945570e-04  -1.0144767e-03  -4.3185021e-03  -2.3344892e-03
   9.1633954e-05  -6.1374408e-04  -5.5890432e-03  -1.8803523e-03
   2.6516805e-03  -5.2011496e-04  -3.8687530e-03  -2.7398344e-03
   8.6002274e-04  -5.9876342e-04  -6.9158030e-03  -2.0417398e-03
  -4.7360966e-03  -3.7405352e-04  -1.1083478e-02  -3.4154156e-04
  -2.9931659e-03  -1.0706542e-03  -4.6783013e-03  -1.7865224e-03
   1.4110137e-03  -1.5013482e-03   1.9217664e-03  -3.8545340e-03
   3.5401061e-04  -1.0032412e-03  -1.7174532e-03  -2.9537667e-03
  -1.2989623e-03  -5.3509562e-04  -7.6653848e-03  -1.1785045e-03
   1.1673783e-03  -3.1413088e-04  -5.3229417e-03  -1.7339776e-03
   3.2439021e-03  -8.9837662e-04   2.5019902e-04  -3.1864649e-03
  -7.2173369e-04  -9.8451542e-04  -1.8298905e-03  -2.5033830e-03
  -4.2225880e-03  -1.0032412e-03  -5.3941519e-03  -1.3586579e-03
  -1.7300097e-03  -1.6062128e-03  -2.1484627e-03  -1.8315608e-03
   2.3781524e-04  -1.3927384e-03   1.6481691e-03  -2.6497577e-03
  -1.3139553e-03  -8.4594431e-04  -6.6429078e-04  -1.9291439e-03
  -1.5051154e-03  -6.3996024e-04  -2.3096228e-03  -1.1559853e-03
   1.3098113e-03  -9.9200575e-04   1.4307904e-03  -2.1768549e-03
   1.3360490e-03  -1.3964836e-03   3.2522741e-03  -2.6234853e-03
  -1.7637439e-03  -1.0406929e-03   1.6331774e-03  -2.0004546e-03
  -1.0403339e-03  -7.5606035e-04   2.3715155e-03  -1.9629227e-03
   1.4409996e-03  -9.7327992e-04   5.4410530e-03  -2.4696043e-03
   2.5280819e-04  -8.1972816e-04   5.0737579e-03  -2.3269828e-03
  -1.5013672e-03  -5.2011496e-04   2.5251798e-03  -1.5800966e-03
  -2.6444866e-04  -5.0513430e-04   2.6376171e-03  -1.6776797e-03
   1.2011124e-03  -4.2648583e-04   2.9524414e-03  -1.9854418e-03
   6.0514256e-04  -5.7629243e-04   2.6938357e-03  -2.2181401e-03
  -7.4422312e-04  -6.6617639e-04   2.1279014e-03  -2.1355697e-03
  -9.5412445e-04  -5.5756661e-04   2.0754307e-03  -2.1092973e-03
   2.0408109e-04  -7.5980552e-04   3.0798703e-03  -2.4620979e-03
   3.5401061e-04  -9.6953476e-04   1.9180185e-03  -2.0417398e-03
  -4.3686760e-04  -8.0474750e-04   9.4356218e-04  -1.9366503e-03
  -3.3191694e-04  -7.7853134e-04   2.1653805e-03  -1.9404035e-03
   1.0699241e-03  -8.8339596e-04   3.8219563e-03  -2.3457488e-03
   1.1261476e-03  -8.3096365e-04   2.8999707e-03  -2.6947961e-03
  -8.3792907e-04  -7.2984420e-04   1.4080751e-05  -1.4637475e-03
  -8.7541145e-04  -5.8378276e-04   3.3265302e-04  -1.4900198e-03
  -4.9683941e-04  -8.5717981e-04   1.7718501e-03  -2.2293996e-03
  -1.0665716e-03  -9.8826058e-04   9.7354545e-04  -2.0342334e-03
  -5.3807003e-04  -7.1486354e-04  -6.1182005e-04  -2.0529994e-03
   8.1879213e-04  -6.3996024e-04  -4.0193715e-04  -2.0004546e-03
   1.1673783e-03  -6.4745057e-04   5.3878801e-04  -2.3720211e-03
   1.3286457e-04  -6.2872474e-04  -3.9069342e-04  -2.4696043e-03
  -7.8545374e-04  -5.8003760e-04  -1.8111509e-03  -1.8090416e-03
  -1.0815645e-03  -6.4370540e-04  -1.8636217e-03  -2.1430761e-03
   9.1633954e-05  -9.8077025e-04  -6.4180332e-04  -2.4508383e-03
   3.4651414e-04  -7.7478618e-04  -2.2084293e-03  -2.0492462e-03
  -1.1452846e-03  -3.9652451e-04  -5.5777995e-03  -1.7564968e-03
  -4.9683941e-04  -7.0737321e-04  -4.8582009e-03  -1.5313050e-03
   4.1398242e-04  -6.8115705e-04  -2.4482955e-03  -2.2631784e-03
  -1.0740681e-03  -7.4857002e-04  -2.0735046e-03  -2.6797833e-03
  -1.2277458e-03  -7.7478618e-04  -2.2121772e-03  -2.1243101e-03
   6.4637318e-04  -7.0737321e-04  -1.3389144e-03  -2.3982935e-03
   1.0699241e-03  -1.1193414e-03  -8.8916532e-04  -2.6272385e-03
   2.4156347e-04  -8.1598299e-04  -2.0510171e-03  -2.2181401e-03
  -3.3191694e-04  -6.4370540e-04  -2.8755571e-03  -1.9479099e-03
  -3.7689580e-04  -9.6953476e-04  -2.2046814e-03  -1.9366503e-03
  -4.9683941e-04  -9.8451542e-04  -1.9873027e-03  -2.1768549e-03
  -1.2802212e-03  -1.1268317e-03  -2.4707829e-03  -2.0004546e-03
  -1.0590751e-03  -9.9949608e-04  -2.3658415e-03  -1.9366503e-03
   3.9149299e-04  -7.8227651e-04  -1.6200076e-03  -2.4395787e-03
   8.6377098e-04  -7.6729585e-04  -8.5918205e-04  -2.4921234e-03
   4.4396833e-04  -3.2162121e-04  -1.0278380e-03  -2.1618421e-03
   3.9524123e-04  -5.7629243e-04  -6.8677823e-04  -1.9704291e-03
   5.4142251e-04  -1.0369477e-03   1.8273666e-04  -2.2631784e-03
   5.0403336e-05  -9.7702509e-04   1.3401384e-04  -2.3194764e-03
  -7.5546783e-04  -1.1605382e-03   1.8648456e-04  -1.8278076e-03
  -5.0433589e-04  -7.9351200e-04   5.2379637e-04  -1.9441567e-03
   2.3406700e-04  -7.6355068e-04   7.5241882e-04  -2.0154674e-03
   2.9403881e-04  -7.7104101e-04   8.7235191e-04  -1.7527436e-03
  -1.5574975e-04  -6.1374408e-04   1.1384535e-03  -2.0417398e-03
  -7.7036756e-05  -9.8451542e-04   1.8655478e-03  -2.1543357e-03
   5.2268132e-04  -8.9463146e-04   2.4127425e-03  -2.1655953e-03
   6.5396288e-05  -1.0257122e-03   2.3190448e-03  -2.2932040e-03
  -2.6444866e-04  -9.2833794e-04   2.0117162e-03  -2.2406592e-03
   8.4137478e-05  -8.4594431e-04   2.0154642e-03  -2.2481656e-03
  -1.1451914e-04  -1.1642833e-03   1.7081356e-03  -2.0867782e-03
  -1.6699447e-04  -1.0107316e-03   9.3606636e-04  -1.8841055e-03
  -2.6819689e-04  -9.9575091e-04   7.7115837e-04  -1.7001989e-03
  -3.6190284e-04  -9.0212179e-04   9.8104127e-04  -1.9967014e-03
  -2.9818280e-04  -7.7478618e-04   8.9858727e-04  -2.0867782e-03
  -2.9068632e-04  -7.6729585e-04   7.7115837e-04  -1.7715096e-03
  -9.5684720e-06  -5.3884078e-04   7.4867091e-04  -2.0117142e-03
  -1.6324623e-04  -6.0250859e-04   7.4867091e-04  -1.8841055e-03
  -1.7074271e-04  -8.9088629e-04   1.2471428e-03  -1.9591695e-03
   2.0408109e-04  -8.9088629e-04   1.6556649e-03  -1.9103779e-03
  -6.5792042e-05  -8.1972816e-04   1.3670759e-03  -1.6964457e-03
   3.1662146e-05  -6.5494090e-04   1.4607736e-03  -2.0567526e-03
   2.7904585e-04  -8.2721849e-04   1.5020006e-03  -1.6589137e-03
  -2.6819689e-04  -9.7702509e-04   8.9483937e-04  -1.5275518e-03
  -1.2951209e-04  -5.9127309e-04   5.1630056e-04  -1.8390672e-03
   1.4036105e-04  -9.2459278e-04   7.4117510e-04  -1.7940288e-03
  -3.2816870e-04  -9.5080893e-04   7.6741046e-04  -1.8690927e-03
  -2.7944161e-04  -5.0138913e-04   3.5514047e-04  -1.7677564e-03
  -5.4547328e-05  -6.9613771e-04   2.5394693e-04  -1.8165480e-03
   1.5160576e-04  -8.1972816e-04   2.2021575e-04  -1.9366503e-03
   1.6659871e-04  -1.0594187e-03  -1.5082725e-04  -2.0154674e-03
   7.6641002e-05  -9.8451542e-04  -8.6292996e-04  -1.9704291e-03
   1.6762420e-06  -7.0737321e-04  -1.3239228e-03  -1.9779355e-03
  -2.6444866e-04  -9.5829926e-04  -1.2114855e-03  -2.2218933e-03
  -1.1077090e-04  -9.4331860e-04  -1.3988809e-03  -1.9779355e-03
  -2.2696628e-04  -6.9988288e-04  -1.6762262e-03  -2.0492462e-03
  -1.5949799e-04  -7.7104101e-04  -1.6050159e-03  -2.2744380e-03
   2.0033286e-04  -9.2833794e-04  -1.9573194e-03  -2.0267270e-03
   3.5410384e-05  -9.6204443e-04  -2.3058749e-03  -2.0642590e-03
  -4.7050852e-05  -9.6953476e-04  -2.0097901e-03  -2.3645147e-03
  -1.2576385e-04  -8.6841530e-04  -1.8786133e-03  -2.4771107e-03
  -9.5684720e-06  -7.7478618e-04  -1.7886635e-03  -2.2744380e-03
  -2.0813186e-05  -7.9351200e-04  -1.7174532e-03  -2.2969572e-03
  -3.3566518e-04  -7.3733453e-04  -1.5675368e-03  -2.1918677e-03
