  -1.5949799e-04  -7.7478618e-04  -1.8081052e-04  -2.2218933e-03
  -5.4547328e-05  -5.8752793e-04  -3.7570179e-04  -2.2444124e-03
  -1.5574975e-04  -9.8077025e-04  -2.6326452e-04  -1.9929482e-03
   2.1907405e-04  -8.3096365e-04  -2.0704588e-04  -2.0717654e-03
   8.7885716e-05  -6.2497958e-04  -1.2833979e-04  -2.2856976e-03
  -1.9323213e-04  -8.9463146e-04  -1.2084397e-04  -2.3607615e-03
  -3.9554376e-05  -9.9575091e-04  -1.9205424e-04  -2.4320723e-03
  -9.9526184e-05  -8.9463146e-04  -2.6326452e-04  -2.2856976e-03
  -2.2321804e-04  -6.4745057e-04  -2.7076033e-04  -2.3044636e-03
  -1.0327442e-04  -8.7216047e-04  -2.4827288e-04  -2.4771107e-03
  -2.9068632e-04  -8.9837662e-04  -2.2203752e-04  -2.3307360e-03
  -4.9309117e-04  -8.0474750e-04  -1.2459188e-04  -2.1543357e-03
  -5.8295566e-05  -8.7216047e-04   1.7828660e-05  -2.2631784e-03
  -1.1077090e-04  -8.0474750e-04  -2.1079379e-04  -2.3157232e-03
  -4.0313346e-04  -8.9463146e-04  -3.1573524e-04  -2.0304802e-03
  -1.1826737e-04  -8.9463146e-04  -6.0877429e-05  -2.2444124e-03
   5.4244800e-06  -7.8602167e-04  -3.1198733e-04  -2.3119700e-03
  -8.0784994e-05  -9.6204443e-04  -4.2067669e-04  -2.2143869e-03
  -1.5574975e-04  -8.3096365e-04  -3.5321433e-04  -2.3007104e-03
   4.6655098e-05  -6.0250859e-04  -2.5576870e-04  -2.1355697e-03
   2.0417432e-05  -1.1081059e-03   5.5307750e-05  -2.1017910e-03
  -1.5200152e-04  -9.2459278e-04   1.9023247e-04  -2.0755186e-03
   1.2911633e-04  -5.4633111e-04   9.2786840e-05  -2.3757743e-03
   4.6655098e-05  -7.7478618e-04  -1.5082725e-04  -2.2969572e-03
   1.3286457e-04  -7.8602167e-04  -1.7706261e-04  -1.8803523e-03
   1.7409519e-04  -7.1111837e-04  -1.4333143e-04  -1.9178843e-03
  -1.4825328e-04  -9.1710245e-04  -2.0704588e-04  -1.9441567e-03
  -4.7050852e-05  -1.1755188e-03  -9.1088500e-07  -2.0755186e-03
  -1.2576385e-04  -7.5980552e-04   2.6519065e-04  -2.0867782e-03
  -1.6699447e-04  -6.7741189e-04   1.3776175e-04  -1.9516631e-03
  -1.2951209e-04  -9.6204443e-04   1.1527429e-04  -1.9141311e-03
  -3.0942751e-04  -9.5080893e-04  -1.9650430e-05  -1.9967014e-03
  -1.1826737e-04  -7.6355068e-04  -5.3686187e-04  -1.9253907e-03
  -2.0719960e-06  -6.6617639e-04  -5.6684514e-04  -1.9554163e-03
  -1.8198742e-04  -8.7216047e-04  -2.9699570e-04  -2.0905314e-03
   1.1037514e-04  -8.5343464e-04  -1.6581888e-04  -1.8428204e-03
   1.3286457e-04  -7.2609903e-04  -7.9616974e-05  -1.8803523e-03
  -3.8064403e-04  -8.7590563e-04   7.0299386e-05  -1.9441567e-03
  -3.9563699e-04  -1.1230865e-03   2.3520738e-04  -1.8765991e-03
  -2.0072861e-04  -7.8976684e-04   2.2771156e-04  -2.0529994e-03
  -1.4450504e-04  -8.7216047e-04  -1.2154612e-05  -2.1505825e-03
  -2.1197332e-04  -1.0032412e-03  -2.8575197e-04  -2.1505825e-03
  -2.6444866e-04  -6.1748925e-04  -2.6326452e-04  -2.2331528e-03
  -1.2201561e-04  -8.9088629e-04  -2.2203752e-04  -2.1393229e-03
  -9.2029708e-05  -9.0212179e-04  -2.6326452e-04  -1.8690927e-03
  -3.9188875e-04  -8.8714113e-04  -2.2203752e-04  -2.0792718e-03
  -3.3566518e-04  -1.0481832e-03  -3.1948315e-04  -2.0830250e-03
  -5.8295566e-05  -9.1335728e-04  -4.1692878e-04  -1.8991183e-03
  -3.1692399e-04  -9.3957344e-04  -3.3072688e-04  -2.2031273e-03
  -3.6939932e-04  -1.0069864e-03  -2.5951661e-04  -2.1017910e-03
  -2.2696628e-04  -9.2833794e-04  -3.9444133e-04  -2.0267270e-03
  -2.3071451e-04  -8.1972816e-04  -3.0449151e-04  -2.2744380e-03
  -2.4195923e-04  -9.5829926e-04  -9.4608610e-05  -2.1468293e-03
  -8.4533232e-05  -8.1972816e-04  -3.0823942e-04  -2.0154674e-03
   6.1648050e-05  -8.0474750e-04  -2.9324779e-04  -2.0830250e-03
  -2.6819689e-04  -9.5455410e-04  -2.1454170e-04  -2.3007104e-03
  -2.0072861e-04  -8.7216047e-04  -3.9444133e-04  -2.3757743e-03
  -1.7449094e-04  -1.0406929e-03  -3.0823942e-04  -2.1017910e-03
  -3.6190284e-04  -1.1230865e-03  -2.4452497e-04  -2.0267270e-03
  -1.3700856e-04  -1.1118510e-03  -3.7944969e-04  -1.9028715e-03
  -2.9818280e-04  -9.6953476e-04  -3.3072688e-04  -2.0342334e-03
  -3.9563699e-04  -9.3957344e-04  -2.8949988e-04  -2.2068805e-03
  -2.4195923e-04  -9.2833794e-04  -4.2817251e-04  -1.9967014e-03
  -3.3566518e-04  -9.2084761e-04  -2.9324779e-04  -2.1017910e-03
  -1.9323213e-04  -1.0631639e-03  -2.0329797e-04  -1.8615863e-03
  -1.3316710e-05  -9.1335728e-04  -3.7195388e-04  -2.0304802e-03
  -2.7194513e-04  -7.5980552e-04  -2.6326452e-04  -2.2481656e-03
  -3.6565108e-04  -7.2609903e-04   4.7811932e-05  -1.8841055e-03
  -2.4195923e-04  -1.0406929e-03   1.1152638e-04  -1.9554163e-03
  -2.8693808e-04  -8.3096365e-04   7.7795204e-05  -1.7227181e-03
  -2.0447685e-04  -6.0625375e-04  -4.5885793e-05  -1.9291439e-03
  -2.0813186e-05  -9.0961212e-04  -2.5576870e-04  -2.2594252e-03
  -5.8202340e-06  -7.7104101e-04  -3.2697897e-04  -2.0417398e-03
   1.6669194e-05  -9.4331860e-04  -5.1062651e-04  -2.1543357e-03
  -2.1197332e-04  -1.0669090e-03  -3.8694551e-04  -2.0042078e-03
  -5.7930065e-04  -1.0369477e-03  -7.2121156e-05  -2.0605058e-03
  -2.6444866e-04  -1.1305768e-03   3.6568205e-05  -2.3194764e-03
  -3.1692399e-04  -8.4968948e-04   2.5324478e-05  -2.1543357e-03
  -3.5440637e-04  -8.0474750e-04  -2.4452497e-04  -2.1430761e-03
   1.4785752e-04  -8.6467014e-04  -4.6190369e-04  -2.0567526e-03
   5.7899812e-05  -7.3733453e-04  -5.1062651e-04  -1.9854418e-03
  -6.9540280e-05  -8.1598299e-04  -3.1198733e-04  -2.0905314e-03
  -1.1077090e-04  -7.8602167e-04  -1.7331470e-04  -2.0567526e-03
  -2.3446275e-04  -8.6467014e-04  -2.5576870e-04  -2.0117142e-03
  -2.8693808e-04  -1.0107316e-03  -6.8373247e-05  -1.9741823e-03
  -8.8281470e-05  -8.6841530e-04  -2.1828961e-04  -2.0342334e-03
  -3.9554376e-05  -7.6729585e-04  -3.2697897e-04  -2.2631784e-03
  -6.9540280e-05  -8.4968948e-04  -1.0960025e-04  -2.2143869e-03
  -1.4075680e-04  -9.4331860e-04  -1.8455843e-04  -2.1318165e-03
  -3.2442046e-04  -8.8714113e-04   5.9055659e-05  -2.2781912e-03
   2.4165670e-05  -8.9463146e-04  -9.4608610e-05  -2.1393229e-03
  -1.8198742e-04  -7.5231519e-04  -1.3208770e-04  -2.2894508e-03
  -2.8693808e-04  -7.3733453e-04   5.1559841e-05  -2.3082168e-03
   1.6669194e-05  -8.9463146e-04  -3.0074361e-04  -2.0605058e-03
  -1.5574975e-04  -8.2721849e-04  -9.4608610e-05  -2.3382424e-03
   5.0403336e-05  -8.6841530e-04  -8.7112792e-05  -2.1618421e-03
  -5.0799090e-05  -9.3208311e-04  -3.0449151e-04  -2.0605058e-03
  -2.7944161e-04  -8.6092497e-04  -4.4691206e-04  -2.2669316e-03
   6.1648050e-05  -8.1223783e-04  -2.0704588e-04  -2.0042078e-03
  -1.5200152e-04  -1.0406929e-03   2.1646784e-04  -2.2519188e-03
  -3.5440637e-04  -1.0219671e-03  -2.0329797e-04  -2.5183958e-03
  -6.2043804e-05  -7.0737321e-04  -1.8455843e-04  -2.1092973e-03
  -1.4825328e-04  -8.3845398e-04   8.1543113e-05  -2.0379866e-03
  -1.4825328e-04  -7.2984420e-04  -4.9633702e-05  -2.1280633e-03
   4.2906860e-05  -7.4857002e-04   5.9055659e-05  -1.9741823e-03
  -2.0813186e-05  -8.6467014e-04  -1.8455843e-04  -1.8653395e-03
   2.7913908e-05  -5.4258595e-04  -4.6565160e-04  -1.9253907e-03
  -4.3302614e-05  -7.5231519e-04  -3.0894157e-05  -2.0942846e-03
  -2.3446275e-04  -8.3470882e-04   6.2803568e-05  -2.1806081e-03
  -2.4561424e-05  -8.3845398e-04  -5.3381611e-05  -2.0154674e-03
  -2.8309662e-05  -9.7327992e-04   2.3145947e-04  -1.9741823e-03
  -2.8309662e-05  -8.7590563e-04   1.0777848e-04  -2.1017910e-03
   1.5910224e-04  -7.9725717e-04  -3.4946642e-04  -2.0942846e-03
  -1.3700856e-04  -5.6880210e-04  -4.9563487e-04  -2.0755186e-03
  -1.5574975e-04  -7.6729585e-04  -3.5696224e-04  -1.8803523e-03
  -1.7064948e-05  -1.0219671e-03  -4.5815578e-04  -2.0792718e-03
   2.7913908e-05  -7.8602167e-04  -4.0193715e-04  -2.2256465e-03
  -1.7449094e-04  -8.1972816e-04   1.0403057e-04  -2.1130505e-03
  -3.1692399e-04  -1.0706542e-03   2.6519065e-04  -2.0567526e-03
   2.4165670e-05  -8.9463146e-04  -4.9633702e-05  -1.7902756e-03
  -3.9188875e-04  -8.5343464e-04  -1.4333143e-04  -2.0529994e-03
  -2.9443456e-04  -9.8077025e-04   4.7811932e-05  -2.0379866e-03
   1.0662691e-04  -7.1486354e-04  -3.5321433e-04  -2.0905314e-03
  -2.6819689e-04  -6.9613771e-04  -4.4316415e-04  -2.2706848e-03
  -1.7449094e-04  -8.5343464e-04  -1.8830634e-04  -2.0905314e-03
  -3.1692399e-04  -8.2721849e-04  -2.7825615e-04  -2.1280633e-03
  -2.9818280e-04  -8.7216047e-04   5.1559841e-05  -2.0342334e-03
   5.0403336e-05  -8.1223783e-04  -2.0704588e-04  -2.2106337e-03
  -1.6324623e-04  -7.4857002e-04  -3.9444133e-04  -2.1505825e-03
  -2.2696628e-04  -1.0257122e-03  -2.1828961e-04  -1.8390672e-03
  -2.9818280e-04  -1.0406929e-03  -3.1573524e-04  -1.9816886e-03
  -4.4061584e-04  -7.5606035e-04   1.0332842e-05  -2.2293996e-03
  -1.6324623e-04  -9.3582827e-04  -1.4707934e-04  -2.2143869e-03
  -1.0327442e-04  -1.2092253e-03  -1.7706261e-04  -2.0342334e-03
  -4.7434998e-04  -9.1335728e-04  -4.6587940e-06  -2.1843613e-03
  -2.8318985e-04  -8.5343464e-04  -4.2817251e-04  -2.2969572e-03
  -2.4561424e-05  -1.1530478e-03  -3.1573524e-04  -2.1956209e-03
  -3.2816870e-04  -8.1972816e-04  -9.4608610e-05  -2.1768549e-03
  -3.6190284e-04  -8.4968948e-04  -2.2203752e-04  -1.9366503e-03
  -1.5200152e-04  -1.2129705e-03  -2.8575197e-04  -1.9216375e-03
  -1.6324623e-04  -9.3957344e-04  -3.9818924e-04  -2.2594252e-03
  -2.4570747e-04  -9.2084761e-04  -1.8081052e-04  -2.0980378e-03
  -2.3071451e-04  -9.9575091e-04  -6.0877429e-05  -1.9216375e-03
  -4.0313346e-04  -1.0182219e-03  -3.3822270e-04  -2.1655953e-03
  -2.7944161e-04  -8.5717981e-04  -2.0704588e-04  -2.3532552e-03
  -9.5777946e-05  -8.0849266e-04   4.4064023e-05  -2.2631784e-03
  -9.9526184e-05  -1.1942447e-03  -3.3072688e-04  -2.0304802e-03
   3.5410384e-05  -8.9088629e-04  -4.5065997e-04  -1.9028715e-03
  -2.1946980e-04  -8.0849266e-04  -1.5082725e-04  -2.0942846e-03
  -1.7823918e-04  -9.2459278e-04  -1.6956679e-04  -2.0229738e-03
  -1.2951209e-04  -9.0586695e-04   1.2651802e-04  -1.9216375e-03
  -4.0688170e-04  -9.8077025e-04   1.3401384e-04  -2.2256465e-03
  -3.3191694e-04  -8.4594431e-04  -1.4707934e-04  -1.9929482e-03
   1.6669194e-05  -1.0594187e-03  -3.0894157e-05  -1.9366503e-03
  -1.3316710e-05  -7.4107969e-04  -3.3447479e-04  -1.9929482e-03
  -2.3821099e-04  -5.9876342e-04  -5.4810560e-04  -1.7602500e-03
   9.1727180e-06  -9.1335728e-04  -5.4060978e-04  -2.0004546e-03
  -1.0702266e-04  -9.5080893e-04  -4.0568506e-04  -2.1355697e-03
  -3.2816870e-04  -1.1380672e-03   1.0332842e-05  -2.1092973e-03
  -2.7569337e-04  -1.0144767e-03   1.0403057e-04  -2.1243101e-03
  -2.3071451e-04  -8.8339596e-04   6.6551477e-05  -1.9103779e-03
  -2.9068632e-04  -7.1860870e-04  -5.3381611e-05  -1.8127948e-03
  -8.4533232e-05  -7.9351200e-04  -2.9699570e-04  -2.1843613e-03
   1.1037514e-04  -7.6729585e-04  -3.1198733e-04  -2.2556720e-03
  -1.6699447e-04  -6.1748925e-04  -1.6207097e-04  -2.1130505e-03
  -9.5777946e-05  -9.4706377e-04  -8.3364883e-05  -2.1768549e-03
  -1.5200152e-04  -8.7965080e-04  -1.5457515e-04  -2.1393229e-03
  -7.3288518e-05  -8.9463146e-04  -3.4946642e-04  -2.1731017e-03
   5.4151574e-05  -1.0032412e-03  -2.1079379e-04  -2.1092973e-03
  -2.2321804e-04  -8.8339596e-04  -1.9580215e-04  -2.2594252e-03
  -2.1197332e-04  -8.9088629e-04  -6.9052614e-04  -2.2369060e-03
  -3.6939932e-04  -8.1223783e-04  -3.7944969e-04  -2.0755186e-03
  -4.1437818e-04  -7.3733453e-04  -5.6309724e-04  -2.2256465e-03
  -2.0822509e-04  -6.6992156e-04  -1.9580215e-04  -2.2068805e-03
  -5.8295566e-05  -6.3996024e-04  -3.6071015e-04  -2.1243101e-03
   4.2906860e-05  -8.9837662e-04  -4.1692878e-04  -2.2256465e-03
  -2.0447685e-04  -9.6204443e-04   3.6638420e-04  -2.4133063e-03
  -3.9554376e-05  -7.3733453e-04  -7.8047596e-04  -2.2143869e-03
   1.4785752e-04  -8.4219915e-04   7.2618346e-04  -2.3457488e-03
  -1.2951209e-04  -9.0961212e-04  -9.0790486e-04  -2.3532552e-03
  -1.5949799e-04  -7.8976684e-04   3.6263629e-04  -2.0755186e-03
  -2.2696628e-04  -7.0737321e-04  -7.9616974e-05  -2.1017910e-03
   2.0417432e-05  -9.4706377e-04  -7.6173641e-04  -2.2256465e-03
   1.4036105e-04  -1.0444381e-03   2.3677676e-03  -2.4057999e-03
  -2.3071451e-04  -5.2386012e-04  -5.8626406e-03  -2.2594252e-03
   9.9130430e-05  -6.9613771e-04   1.9690603e-02  -2.4170595e-03
  -3.1317575e-04  -7.9351200e-04   8.3131459e-02  -4.0909911e-04
   3.5401061e-04  -5.2760529e-04   1.2938815e-01   2.8862079e-03
   9.4248398e-04  -4.6768265e-04   8.3097727e-02   5.2657348e-03
  -4.4737199e-03   2.3640837e-04  -2.4258080e-03   5.4383818e-03
  -3.2143120e-03   2.7011486e-04   2.4689611e-03  -4.2035870e-04
   2.4755133e-03  -4.2274067e-04  -2.9290820e-02  -4.9955058e-03
  -4.8935226e-03  -8.7216047e-04  -1.3022950e-01  -4.1547897e-03
  -1.1587876e-02  -1.4676417e-03  -1.6154703e-01  -4.1585429e-03
  -1.2048909e-02  -2.3440103e-03  -1.3595256e-01  -6.9621811e-03
  -1.5317372e-02  -3.0481013e-03  -1.0273110e-01  -7.8854675e-03
  -1.7270204e-02  -3.2203789e-03  -7.7189097e-02  -3.6818869e-03
  -1.1291765e-02  -2.6099170e-03  -4.1707642e-02  -3.0926350e-03
  -3.9564631e-03  -1.0257122e-03   1.1152638e-04  -5.8925199e-03
  -1.7375062e-03  -1.8305011e-04   2.4660330e-02  -2.6535109e-03
   8.0191573e-03  -4.6393748e-04   4.6941649e-02   1.1522308e-03
   1.7029921e-02  -7.8227651e-04   7.3802913e-02   5.7048531e-04
   1.0444267e-02  -3.3660187e-04   9.0649764e-02  -3.9408632e-04
   3.6599565e-03   5.2104091e-04   8.3802334e-02   8.1819631e-04
   1.0725385e-02   1.7648573e-04   5.7342097e-02   1.8165467e-03
   1.8551706e-02  -4.9015364e-04   2.6181981e-02  -6.7182289e-04
   9.5371937e-03  -4.6393748e-04  -4.0036777e-03  -3.8545340e-03
  -2.4609161e-03  -2.4671791e-04  -2.6146324e-02  -5.4646555e-03
  -1.6775344e-03  -1.4638965e-03  -2.8054010e-02  -6.0013626e-03
   4.8031691e-03  -2.7185268e-03  -2.1772514e-02  -5.7498984e-03
   6.9321683e-03  -1.3215803e-03  -1.6810283e-02  -5.0067654e-03
   3.4687964e-03   5.7347322e-04  -8.1863441e-03  -4.0947386e-03
   4.1247380e-03   1.2213868e-03  -3.0142297e-03  -3.1714521e-03
   8.7725532e-03   4.1659795e-05  -2.1484627e-03  -1.8803523e-03
   5.8002004e-03  -1.2167156e-03  -4.3566833e-04  -7.3562724e-04
  -2.3672102e-03  -1.0444381e-03   2.3340364e-03  -2.8149041e-04
  -3.9002395e-03  -1.2953641e-03   5.7558773e-03  -1.5988626e-03
   2.8765748e-03  -1.2841286e-03   8.1657828e-03  -2.9912986e-03
   6.6060716e-03  -8.5343464e-04   6.8015439e-03  -2.7586004e-03
   1.7633481e-03  -2.3173725e-04   1.3483364e-03  -2.8524304e-03
  -4.3387834e-03   5.5849256e-04   2.3520738e-04  -3.0475966e-03
  -3.4054721e-03  -2.4671791e-04   3.1998034e-03  -3.7907296e-03
   1.9658462e-04  -1.0669090e-03  -1.9873027e-03  -3.4379291e-03
  -2.1085818e-03  -7.7853134e-04  -9.0671028e-03  -1.4825134e-03
  -5.5306298e-04  -6.9613771e-04  -7.0469798e-03  -2.3119700e-03
   7.1758970e-04  -7.5980552e-04  -7.3880395e-03  -2.6384981e-03
  -3.4204651e-03  -8.8714113e-04  -1.3628308e-02  -1.0659086e-03
  -3.9188875e-04  -1.2429318e-03  -1.0139005e-02  -1.5012794e-03
   2.4867580e-03  -1.3702674e-03  -5.7427075e-03  -2.8937155e-03
  -8.3418083e-04  -7.4482486e-04  -1.3088609e-02  -2.6197321e-03
  -4.9459979e-03  -4.7517298e-04  -1.8017109e-02  -8.5197635e-04
  -3.5441569e-03  -9.6578959e-04  -1.5464783e-02  -1.5087858e-03
  -8.3043259e-04  -9.7702509e-04  -1.1259630e-02  -3.4116567e-03
  -4.6611318e-03  -8.3470882e-04  -1.0948553e-02  -2.9087283e-03
  -5.3470594e-03  -1.1193414e-03  -1.4883858e-02  -1.6739265e-03
  -7.5921607e-04  -1.3665222e-03  -1.2530171e-02  -1.7715096e-03
   1.1261476e-03  -1.1343220e-03  -6.1062546e-03  -2.4283191e-03
  -8.1918788e-04  -6.7366672e-04  -5.9750778e-03  -1.4712539e-03
  -9.5412445e-04  -1.2916189e-03  -5.8364052e-03  -6.2678453e-04
   1.6546492e-03  -1.8945905e-03   1.3370926e-03  -1.3961899e-03
   1.4035173e-03  -1.1680285e-03   7.2400493e-03  -1.8615863e-03
   2.0417432e-05  -8.3845398e-04   8.2032619e-03  -1.9554163e-03
   2.1981437e-03  -6.7366672e-04   1.1512666e-02  -1.9666759e-03
   4.0310321e-03  -7.4482486e-04   1.5166877e-02  -2.6009662e-03
   7.0634499e-04  -8.3845398e-04   1.6006408e-02  -3.1264137e-03
  -1.0365857e-03  -4.4895682e-04   1.6594830e-02  -2.8449240e-03
   1.7633481e-03  -8.4968948e-04   1.4312354e-02  -2.7623536e-03
   2.9890219e-03  -8.0100233e-04   1.0317083e-02  -1.8878587e-03
   1.6546492e-03  -4.0026968e-04   8.8628939e-03  -1.3398920e-03
   5.8265313e-04  -3.8903418e-04   8.1545391e-03  -1.6889393e-03
   7.8130975e-04  -4.7891814e-04   5.5384986e-03  -1.6926925e-03
   3.8774476e-04  -9.7327992e-04   3.2410304e-03  -1.7715096e-03
  -9.5037621e-04  -9.9949608e-04   2.4689611e-03  -2.0342334e-03
  -1.9324146e-03  -6.9988288e-04   2.7875334e-03  -2.7623536e-03
  -1.8349604e-03  -7.3733453e-04   2.7125752e-03  -3.1114009e-03
  -1.1040540e-03  -6.7366672e-04   2.4270320e-04  -2.2519188e-03
  -1.2877176e-03  -6.0999892e-04  -1.6312513e-03  -1.9178843e-03
  -1.3139553e-03  -6.8115705e-04  -1.9610673e-03  -2.1693485e-03
  -1.3102071e-03  -8.6467014e-04  -3.0629525e-03  -2.0267270e-03
  -1.9399110e-03  -1.1605382e-03  -5.6527577e-03  -1.6439009e-03
  -1.0703198e-03  -1.0706542e-03  -6.0800193e-03  -1.3323856e-03
   3.5401061e-04  -1.1830092e-03  -3.5539286e-03  -1.9854418e-03
  -2.9443456e-04  -1.0818897e-03  -4.1498461e-03  -2.2256465e-03
  -2.0148758e-03  -7.1111837e-04  -7.0394840e-03  -1.7114585e-03
  -2.2997419e-03  -1.0406929e-03  -7.0319882e-03  -1.8578331e-03
  -1.9099251e-03  -1.0444381e-03  -4.9631424e-03  -2.3682679e-03
  -2.8020058e-03  -1.1193414e-03  -3.7563157e-03  -2.8224048e-03
  -3.2180602e-03  -1.1530478e-03  -4.6670576e-03  -2.2969572e-03
  -1.6662897e-03  -7.3733453e-04  -5.4691101e-03  -1.9103779e-03
  -2.9818280e-04  -7.5606035e-04  -3.1566503e-03  -2.0042078e-03
  -8.8665616e-04  -7.1860870e-04  -2.4970183e-03  -1.6063689e-03
  -1.9286663e-03  -6.8864738e-04  -2.3808331e-03  -1.5913562e-03
  -1.0178445e-03  -8.7216047e-04   8.5780528e-03  -1.3961899e-03
   4.3647185e-04  -1.0144767e-03   2.8651853e-02  -9.2328709e-04
   3.0903176e-04  -7.9725717e-04   3.9464571e-02  -5.5172059e-04
  -3.1317575e-04  -3.3660187e-04   3.8418904e-02   1.8765353e-05
  -2.7944161e-04  -9.3166145e-05   3.6672379e-02  -3.7532602e-05
  -5.6055946e-04  -2.4297275e-04   2.6024569e-02  -6.1177174e-04
  -2.2884972e-03  -5.0138913e-04   5.4860279e-03  -7.7315921e-04
  -3.1768296e-03  -5.8003760e-04  -1.3036138e-02  -1.3661643e-03
  -2.3072384e-03  -1.0556735e-03  -2.9159643e-02  -2.7285749e-03
  -2.7382857e-03  -1.2279511e-03  -4.1344095e-02  -3.3403460e-03
  -4.3125457e-03  -1.0519284e-03  -4.4773432e-02  -3.0588562e-03
  -3.7090794e-03  -1.3852481e-03  -3.7866036e-02  -2.9687795e-03
  -1.9998829e-03  -1.6099580e-03  -2.7188243e-02  -3.2239969e-03
  -1.6700379e-03  -1.5013482e-03  -1.8819162e-02  -3.1676989e-03
  -1.6850309e-03  -1.2654028e-03  -1.0139005e-02  -2.5746938e-03
  -9.4287973e-04  -9.5829926e-04  -2.2121772e-03  -2.3082168e-03
   8.9000865e-04  -7.8976684e-04   5.8945500e-03  -2.3457488e-03
   1.8158234e-03  -8.6092497e-04   1.3011829e-02  -1.9741823e-03
   2.0407177e-03  -8.2721849e-04   1.7430614e-02  -1.7827692e-03
   2.8728266e-03  -8.9463146e-04   2.0324000e-02  -1.6288881e-03
   3.9110885e-03  -8.7965080e-04   2.1174775e-02  -1.6701733e-03
   4.0872557e-03  -7.4482486e-04   2.0249041e-02  -2.1355697e-03
   2.2918497e-03  -7.9351200e-04   1.3409108e-02  -2.1543357e-03
   1.2011124e-03  -7.7104101e-04   7.3374949e-03  -2.1881145e-03
   1.1486371e-03  -1.0743994e-03   4.3241761e-03  -2.5822002e-03
  -1.7074271e-04  -1.1493027e-03  -5.9308051e-04  -2.4921234e-03
  -2.5771115e-03  -9.6578959e-04  -2.7368845e-03  -1.8015352e-03
   4.6655098e-05  -1.3590319e-03   2.3115490e-03  -2.5146426e-03
   4.7881762e-03  -1.2616576e-03   6.6141485e-03  -3.8094956e-03
   1.8945364e-03  -3.1038572e-04  -3.7570179e-04  -2.4358255e-03
  -1.5013672e-03  -7.8185485e-05  -4.0374089e-03  -4.9166944e-04
   3.8399652e-04  -4.5644715e-04   2.7425585e-03  -1.2798408e-03
   1.9657530e-03  -1.0594187e-03   7.5173946e-03  -2.9087283e-03
  -2.5320394e-04  -1.4039739e-03   4.3241761e-03  -2.3720211e-03
  -2.3747066e-03  -9.2084761e-04  -2.0959920e-03  -1.1297129e-03
  -1.7064948e-05  -1.0332026e-03  -6.6429078e-04  -1.8765991e-03
   2.0032353e-03  -8.6092497e-04   3.0948619e-03  -2.9312475e-03
  -5.5681122e-04  -4.3772133e-04  -1.8373863e-03  -2.1918677e-03
  -2.8020058e-03  -7.9351200e-04  -6.9120551e-03  -1.2986068e-03
  -1.2015082e-03  -8.9463146e-04  -4.4271914e-03  -1.6514073e-03
  -1.0065998e-03  -1.0219671e-03  -3.0517088e-03  -2.1993741e-03
  -3.3529968e-03  -9.1335728e-04  -6.9982570e-03  -1.5162922e-03
  -2.6595727e-03  -9.6578959e-04  -8.2650502e-03  -1.1559853e-03
   5.2642956e-04  -1.1979898e-03  -4.0786359e-03  -2.0867782e-03
   8.1879213e-04  -9.2833794e-04  -1.9610673e-03  -2.3457488e-03
  -1.8686945e-03  -6.8864738e-04  -4.1198629e-03  -2.0454930e-03
  -2.0935888e-03  -5.7629243e-04  -5.5328246e-03  -1.7001989e-03
   7.3633089e-04  -6.3996024e-04  -3.7638115e-03  -2.0905314e-03
   5.5641547e-04  -8.7216047e-04  -2.6057076e-03  -2.5746938e-03
  -2.8169987e-03  -1.0631639e-03  -5.0418485e-03  -1.7227181e-03
  -3.1093613e-03  -8.4594431e-04  -5.0868234e-03  -1.7602500e-03
  -8.3418083e-04  -1.2354415e-03  -1.3763935e-03  -2.3720211e-03
   3.6900357e-04  -1.4526610e-03   5.5003174e-04  -2.4020467e-03
  -7.7036756e-05  -7.9725717e-04  -7.7298014e-04  -2.2143869e-03
  -6.5426541e-04  -8.7965080e-04  -2.1372190e-03  -1.4224623e-03
   2.1532581e-04  -8.0849266e-04  -5.8933260e-04  -1.6851861e-03
   7.6631679e-04  -6.6617639e-04   1.0335120e-03  -2.4658511e-03
  -3.9554376e-05  -1.0743994e-03   9.7354545e-04  -2.0642590e-03
  -9.6162092e-04  -1.2017350e-03   1.5919504e-03  -1.9178843e-03
   2.0033286e-04  -1.1530478e-03   2.8924749e-03  -2.2631784e-03
   1.0249452e-03  -1.0069864e-03   2.9074665e-03  -2.3832807e-03
  -5.8679712e-04  -7.9725717e-04   1.0335120e-03  -2.0042078e-03
  -9.1664207e-04  -7.7853134e-04   1.7718501e-03  -1.8278076e-03
   4.7020599e-04  -1.1118510e-03   5.2761450e-03  -2.6197321e-03
   9.9870755e-04  -9.3208311e-04   5.2649013e-03  -2.5484214e-03
   9.5382192e-05  -5.1636979e-04   2.2478345e-03  -1.8578331e-03
   6.2013551e-04  -8.1598299e-04   1.0035287e-03  -1.8090416e-03
   1.4747338e-03  -7.5231519e-04   2.6001380e-03  -2.1505825e-03
   4.0648595e-04  -8.1223783e-04   3.1810639e-03  -2.4921234e-03
  -6.4676893e-04  -1.0669090e-03   1.4157987e-03  -2.0229738e-03
  -8.6041850e-04  -7.7853134e-04   4.0761120e-04  -2.0342334e-03
  -6.5792042e-05  -8.4594431e-04   1.0897306e-03  -2.4696043e-03
   6.9144526e-05  -7.3733453e-04   1.0972265e-03  -2.2894508e-03
  -1.8948390e-04  -4.9015364e-04  -4.0193715e-04  -2.2218933e-03
   2.7154938e-04  -8.0849266e-04  -1.1777543e-03  -2.1843613e-03
   5.3392604e-04  -7.1860870e-04  -1.0240900e-03  -2.2444124e-03
  -2.0447685e-04  -6.6992156e-04  -1.5937722e-03  -2.1430761e-03
  -1.0778163e-03  -9.1710245e-04  -2.1109837e-03  -1.8052884e-03
  -3.8439227e-04  -7.3733453e-04  -2.1222274e-03  -1.8465736e-03
   1.6762420e-06  -7.7104101e-04  -2.6319430e-03  -1.8953651e-03
  -2.4195923e-04  -7.3733453e-04  -1.8486300e-03  -2.0417398e-03
  -2.1197332e-04  -6.1374408e-04  -1.2489646e-03  -2.2143869e-03
  -4.6685351e-04  -6.1748925e-04  -2.0097901e-03  -1.9816886e-03
  -2.1572156e-04  -5.3509562e-04  -2.1109837e-03  -1.9591695e-03
   2.0033286e-04  -6.5119573e-04  -2.1447148e-03  -2.1393229e-03
  -1.9323213e-04  -5.9127309e-04  -2.1034878e-03  -2.0454930e-03
  -4.0688170e-04  -6.5119573e-04  -2.1746981e-03  -1.9216375e-03
  -3.9554376e-05  -6.9613771e-04  -2.0810004e-03  -1.9253907e-03
  -7.3288518e-05  -6.9239255e-04  -1.7024616e-03  -2.0755186e-03
  -2.0822509e-04  -9.5080893e-04  -7.6923223e-04  -2.1806081e-03
  -1.1451914e-04  -7.7853134e-04  -1.8830634e-04  -2.0605058e-03
   2.4165670e-05  -7.5231519e-04  -7.4299687e-04  -1.9741823e-03
   4.0273771e-04  -7.9351200e-04  -4.2442460e-04  -2.0154674e-03
   5.3017780e-04  -7.2235387e-04   5.0880474e-04  -2.2444124e-03
   1.8533990e-04  -7.3358936e-04   1.2021679e-03  -2.1430761e-03
  -9.5684720e-06  -7.1486354e-04   1.0372599e-03  -1.8878587e-03
   3.5775885e-04  -9.1710245e-04   1.1684367e-03  -1.9404035e-03
   6.5386965e-04  -8.8339596e-04   1.5919504e-03  -2.0379866e-03
   3.1652823e-04  -8.4219915e-04   1.2321512e-03  -2.1580889e-03
   2.6780114e-04  -7.8227651e-04   1.4008071e-03  -1.9479099e-03
   2.3406700e-04  -8.4968948e-04   1.3745717e-03  -1.9967014e-03
   2.1907405e-04  -8.8339596e-04   1.2621344e-03  -2.2556720e-03
   5.4142251e-04  -9.0961212e-04   1.1684367e-03  -2.1130505e-03
   7.2892764e-05  -1.0444381e-03   7.2618346e-04  -2.1355697e-03
  -1.7823918e-04  -8.4968948e-04   6.1374619e-04  -2.1881145e-03
  -6.5792042e-05  -9.3208311e-04   3.2890511e-04  -2.1618421e-03
  -9.9526184e-05  -8.0474750e-04  -7.9616974e-05  -2.0755186e-03
   6.9144526e-05  -9.3582827e-04  -4.7314742e-04  -2.0642590e-03
  -1.1077090e-04  -1.1193414e-03  -1.2002418e-03  -2.2669316e-03
  -2.9818280e-04  -9.6953476e-04  -1.7174532e-03  -2.3607615e-03
  -2.7944161e-04  -1.0743994e-03  -1.6949658e-03  -2.3457488e-03
  -1.3700856e-04  -8.4968948e-04  -1.8486300e-03  -2.1768549e-03
  -2.1197332e-04  -9.1710245e-04  -2.1522107e-03  -2.1430761e-03
  -4.2187465e-04  -9.4706377e-04  -2.4595392e-03  -2.2969572e-03
  -3.2067223e-04  -8.2347332e-04  -2.8305822e-03  -2.1393229e-03
  -2.4945570e-04  -9.4331860e-04  -2.8343301e-03  -2.0342334e-03
  -3.8439227e-04  -9.6578959e-04  -2.6881616e-03  -2.2031273e-03
  -4.8184646e-04  -1.1043607e-03  -2.5045141e-03  -2.2481656e-03
  -4.2937113e-04  -9.0586695e-04  -2.3770852e-03  -2.1393229e-03
  -4.5186056e-04  -9.2833794e-04  -2.2084293e-03  -1.9404035e-03
  -1.8948390e-04  -1.1118510e-03  -1.5075703e-03  -1.9704291e-03
   3.2402471e-04  -8.0100233e-04  -9.2664441e-04  -2.1092973e-03
   3.4276590e-04  -7.4857002e-04  -1.0016026e-03  -1.9741823e-03
   5.4151574e-05  -7.0362804e-04  -1.1140399e-03  -1.9666759e-03
   1.9283638e-04  -7.8976684e-04  -9.2289650e-04  -2.0792718e-03
   2.1532581e-04  -8.1223783e-04  -4.4316415e-04  -2.1768549e-03
  -2.8309662e-05  -7.0737321e-04  -6.8373247e-05  -2.1318165e-03
  -2.1197332e-04  -8.9088629e-04  -1.5457515e-04  -1.9929482e-03
  -2.0447685e-04  -7.4857002e-04   2.3145947e-04  -2.1243101e-03
   4.8894718e-04  -8.1598299e-04   4.7132565e-04  -2.2181401e-03
   5.9764608e-04  -8.1598299e-04   3.5888838e-04  -2.1693485e-03
   5.1893309e-04  -6.3996024e-04   6.6246901e-04  -2.1543357e-03
   7.5507208e-04  -7.5980552e-04   4.5258610e-04  -2.2369060e-03
   2.8279409e-04  -7.2235387e-04   9.4356218e-04  -2.1768549e-03
   3.3901766e-04  -9.0586695e-04   9.8104127e-04  -2.1017910e-03
   2.5655643e-04  -9.3582827e-04   5.8376292e-04  -2.2106337e-03
   1.0287867e-04  -7.1486354e-04   1.1646888e-03  -2.1655953e-03
   3.8399652e-04  -7.9351200e-04   6.6621692e-04  -2.1243101e-03
  -1.7823918e-04  -8.0849266e-04   6.6246901e-04  -2.0304802e-03
