  -1.2951209e-04  -7.6729585e-04  -1.2833979e-04  -2.0942846e-03
  -1.4825328e-04  -5.2011496e-04  -3.0823942e-04  -1.9141311e-03
  -5.0799090e-05  -8.8714113e-04  -3.4946642e-04  -1.9591695e-03
  -2.3071451e-04  -8.0100233e-04  -1.0210443e-04  -2.0454930e-03
  -5.4547328e-05  -6.3621507e-04  -2.5576870e-04  -1.9216375e-03
  -1.5574975e-04  -8.7590563e-04  -1.5457515e-04  -1.8090416e-03
  -1.9323213e-04  -8.1223783e-04  -9.1088500e-07  -2.0905314e-03
  -3.2057900e-05  -6.9613771e-04  -6.8373247e-05  -1.9516631e-03
  -3.6939932e-04  -8.2347332e-04  -4.2137884e-05  -2.0830250e-03
  -4.0313346e-04  -9.5829926e-04  -1.6956679e-04  -2.0867782e-03
  -3.8814051e-04  -9.5455410e-04  -1.9205424e-04  -1.8953651e-03
  -2.4945570e-04  -9.5080893e-04  -2.4452497e-04  -2.0154674e-03
  -9.2029708e-05  -8.3845398e-04  -9.4608610e-05  -1.9066247e-03
  -1.2951209e-04  -6.3621507e-04  -7.5869065e-05  -2.0755186e-03
  -5.8295566e-05  -6.6243123e-04  -3.3822270e-04  -1.9591695e-03
  -2.6444866e-04  -8.3845398e-04  -3.6445806e-04  -2.2031273e-03
  -2.2696628e-04  -8.6092497e-04  -1.5457515e-04  -2.2031273e-03
  -2.1197332e-04  -8.4594431e-04  -1.5902521e-05  -1.9741823e-03
  -2.0072861e-04  -8.3470882e-04  -1.3208770e-04  -2.2218933e-03
  -2.5695218e-04  -7.7853134e-04  -1.6581888e-04  -2.0792718e-03
  -3.5065813e-04  -7.1486354e-04  -1.9580215e-04  -2.1430761e-03
   3.9158622e-05  -8.7590563e-04  -1.6956679e-04  -2.0079610e-03
  -1.3700856e-04  -1.0144767e-03   2.1576569e-05  -2.1956209e-03
  -1.8948390e-04  -7.7104101e-04  -1.7706261e-04  -2.2932040e-03
  -1.1451914e-04  -7.8227651e-04  -3.8319760e-04  -2.0792718e-03
  -1.5200152e-04  -8.7590563e-04  -6.0877429e-05  -2.3344892e-03
  -5.0799090e-05  -8.4219915e-04  -7.9616974e-05  -2.0342334e-03
  -4.2937113e-04  -7.6355068e-04  -1.9955006e-04  -1.9328971e-03
   1.6762420e-06  -6.8115705e-04   3.6568205e-05  -2.0267270e-03
   2.1157757e-04  -6.6617639e-04  -6.4625338e-05  -1.8090416e-03
  -9.2029708e-05  -5.2760529e-04  -1.7331470e-04  -1.8878587e-03
   2.8654233e-04  -5.7629243e-04   6.6551477e-05  -1.8916119e-03
   1.2161986e-04  -5.7254727e-04  -1.2154612e-05  -1.7940288e-03
  -1.5200152e-04  -5.1636979e-04  -1.4707934e-04  -1.7640032e-03
  -6.9540280e-05  -6.0999892e-04  -3.0894157e-05  -1.6439009e-03
   1.8159167e-04  -5.3135045e-04  -1.3208770e-04  -1.7264713e-03
   8.0389240e-05  -5.6505694e-04  -5.3381611e-05  -1.9591695e-03
  -1.5200152e-04  -6.4745057e-04  -2.1079379e-04  -1.9291439e-03
   1.8533990e-04  -6.2872474e-04  -3.3072688e-04  -1.8465736e-03
  -1.2201561e-04  -5.2011496e-04  -1.9650430e-05  -1.8465736e-03
  -3.1317575e-04  -5.5007628e-04  -1.6956679e-04  -1.8878587e-03
  -1.0702266e-04  -8.2347332e-04  -1.0960025e-04  -2.0642590e-03
  -2.1946980e-04  -7.6355068e-04   1.5275338e-04  -2.2218933e-03
  -2.0813186e-05  -8.3845398e-04   5.1559841e-05  -2.1505825e-03
  -2.1946980e-04  -6.4370540e-04  -1.6581888e-04  -2.1205569e-03
  -3.8439227e-04  -3.6281803e-04  -2.5576870e-04  -2.1243101e-03
  -3.9554376e-05  -9.1335728e-04   7.4047295e-05  -1.8615863e-03
  -6.2043804e-05  -8.3096365e-04   5.1559841e-05  -2.0004546e-03
  -2.2321804e-04  -7.2235387e-04  -3.0449151e-04  -2.0830250e-03
  -2.6070042e-04  -6.4745057e-04  -1.5457515e-04  -1.8503268e-03
  -1.6699447e-04  -4.0776001e-04  -3.8389975e-05  -2.1243101e-03
  -2.5320394e-04  -9.3957344e-04  -4.2137884e-05  -2.0304802e-03
  -1.6324623e-04  -8.0849266e-04  -1.5902521e-05  -1.9141311e-03
  -9.5684720e-06  -5.9501826e-04  -1.3958352e-04  -2.1655953e-03
  -3.6939932e-04  -9.9575091e-04  -1.3958352e-04  -2.2143869e-03
  -2.7944161e-04  -9.5080893e-04  -2.3702915e-04  -2.1280633e-03
  -4.7050852e-05  -7.9351200e-04  -2.7076033e-04  -1.8653395e-03
  -6.5792042e-05  -1.0406929e-03  -1.3583561e-04  -2.0529994e-03
  -1.2576385e-04  -9.1335728e-04  -4.4316415e-04  -2.2969572e-03
  -2.0447685e-04  -6.5494090e-04  -4.5440787e-04  -2.1280633e-03
  -1.3316710e-05  -9.4706377e-04  -3.3072688e-04  -2.0867782e-03
  -1.8573566e-04  -7.4857002e-04  -4.7689533e-04  -2.0605058e-03
  -2.4945570e-04  -8.0100233e-04  -1.6581888e-04  -2.0304802e-03
  -2.3446275e-04  -1.0594187e-03  -1.4707934e-04  -2.0154674e-03
  -3.0567927e-04  -6.9239255e-04  -2.2953333e-04  -1.9929482e-03
  -1.9323213e-04  -9.0212179e-04  -2.1828961e-04  -2.2369060e-03
  -4.3311937e-04  -1.0968704e-03  -3.0449151e-04  -2.2293996e-03
  -2.5320394e-04  -7.4857002e-04  -1.8455843e-04  -1.8578331e-03
  -2.7194513e-04  -9.5080893e-04  -1.3958352e-04  -1.9216375e-03
  -3.4690989e-04  -1.1493027e-03  -1.7331470e-04  -2.2293996e-03
  -3.5806138e-05  -8.3096365e-04  -3.2323106e-04  -2.0792718e-03
  -2.6070042e-04  -8.1972816e-04  -6.4625338e-05  -1.9216375e-03
  -2.1572156e-04  -9.7327992e-04   2.1576569e-05  -2.1130505e-03
  -9.5777946e-05  -8.2721849e-04  -2.0704588e-04  -1.9967014e-03
  -2.7944161e-04  -7.9351200e-04  -1.4707934e-04  -1.8991183e-03
  -3.9563699e-04  -8.8339596e-04  -2.0704588e-04  -1.8465736e-03
  -1.8948390e-04  -8.3096365e-04  -2.1079379e-04  -1.9066247e-03
  -1.0702266e-04  -8.2721849e-04  -2.5951661e-04  -2.0192206e-03
  -1.1077090e-04  -7.2609903e-04  -1.6956679e-04  -1.9328971e-03
  -9.2029708e-05  -6.8115705e-04   2.1576569e-05  -2.0117142e-03
  -3.3941342e-04  -6.2872474e-04  -2.6326452e-04  -1.8878587e-03
  -6.5792042e-05  -4.7142781e-04  -2.7076033e-04  -2.0867782e-03
  -6.5792042e-05  -6.6243123e-04   2.1576569e-05  -2.0605058e-03
  -1.7823918e-04  -7.1486354e-04  -1.4333143e-04  -1.8803523e-03
   9.1727180e-06  -8.1598299e-04  -1.9955006e-04  -2.1693485e-03
  -2.0822509e-04  -9.0212179e-04  -4.2137884e-05  -1.9967014e-03
  -4.1812641e-04  -8.8714113e-04  -1.8455843e-04  -2.0304802e-03
  -4.1812641e-04  -8.8339596e-04  -1.5082725e-04  -2.2143869e-03
  -2.8309662e-05  -6.0625375e-04   4.4064023e-05  -1.9779355e-03
   4.2906860e-05  -8.3470882e-04  -1.0960025e-04  -1.9741823e-03
  -2.2696628e-04  -8.9088629e-04  -1.3583561e-04  -1.9253907e-03
  -2.4570747e-04  -6.5868606e-04  -2.3702915e-04  -1.8353140e-03
  -3.2816870e-04  -8.1598299e-04  -1.4333143e-04  -2.1168037e-03
  -2.5695218e-04  -7.2235387e-04  -4.6587940e-06  -2.1505825e-03
  -2.7569337e-04  -9.1335728e-04  -2.5576870e-04  -2.1430761e-03
  -3.5815461e-04  -1.0856349e-03  -8.4067030e-06  -2.1017910e-03
  -1.2576385e-04  -9.8451542e-04  -2.0329797e-04  -2.0192206e-03
  -2.2321804e-04  -1.0144767e-03  -3.3072688e-04  -2.0454930e-03
  -2.5320394e-04  -6.5868606e-04  -2.0704588e-04  -2.0042078e-03
  -1.5949799e-04  -8.0849266e-04  -2.3328124e-04  -2.1881145e-03
  -1.6699447e-04  -8.2347332e-04  -1.7331470e-04  -1.9816886e-03
  -5.8295566e-05  -5.3884078e-04  -4.0568506e-04  -1.9554163e-03
  -1.5574975e-04  -9.3957344e-04   3.6568205e-05  -2.1731017e-03
   1.6669194e-05  -9.1710245e-04  -8.3364883e-05  -2.0867782e-03
  -1.1451914e-04  -8.1223783e-04  -2.8200406e-04  -2.1993741e-03
  -2.7194513e-04  -8.8339596e-04   4.4064023e-05  -2.1505825e-03
  -2.0719960e-06  -7.1860870e-04  -2.4077706e-04  -2.1543357e-03
  -2.1197332e-04  -7.8976684e-04  -1.8830634e-04  -2.2106337e-03
  -1.9698037e-04  -9.8826058e-04  -8.4067030e-06  -2.2031273e-03
   5.0403336e-05  -7.8976684e-04  -6.8373247e-05  -2.2781912e-03
   3.1662146e-05  -6.7366672e-04  -1.8830634e-04  -2.1956209e-03
   3.5410384e-05  -8.7590563e-04  -2.7146248e-05  -1.9479099e-03
   2.4165670e-05  -8.7965080e-04   4.7811932e-05  -1.8165480e-03
  -1.2576385e-04  -6.2497958e-04  -1.2833979e-04  -1.8615863e-03
  -1.2951209e-04  -7.3733453e-04  -7.2121156e-05  -1.8278076e-03
  -1.3326033e-04  -9.0586695e-04  -1.0960025e-04  -1.8052884e-03
  -2.4195923e-04  -6.6243123e-04  -1.0585234e-04  -1.8052884e-03
  -6.5792042e-05  -8.6467014e-04  -4.6587940e-06  -1.7715096e-03
   3.9158622e-05  -7.2609903e-04   1.6024920e-04  -1.9779355e-03
   3.1662146e-05  -5.0513430e-04  -6.0877429e-05  -2.0454930e-03
  -3.5806138e-05  -6.0625375e-04  -1.5902521e-05  -1.8728459e-03
  -2.0813186e-05  -5.8752793e-04   1.6774502e-04  -2.1430761e-03
   2.0417432e-05  -5.0513430e-04  -1.7331470e-04  -1.8916119e-03
  -1.8573566e-04  -4.0401484e-04  -1.1709606e-04  -1.7715096e-03
  -1.7064948e-05  -8.5717981e-04  -1.6581888e-04  -2.1055441e-03
  -2.0813186e-05  -6.8490222e-04  -1.4707934e-04  -1.9816886e-03
  -2.9818280e-04  -4.9389880e-04  -2.7450824e-04  -2.2781912e-03
  -2.1946980e-04  -7.7853134e-04  -3.6071015e-04  -1.9328971e-03
  -3.5065813e-04  -5.5756661e-04  -6.4625338e-05  -1.6551605e-03
  -1.7823918e-04  -6.6992156e-04  -1.2084397e-04  -2.3082168e-03
   3.9158622e-05  -8.6841530e-04  -1.9580215e-04  -1.9666759e-03
  -1.1451914e-04  -8.6841530e-04  -3.1948315e-04  -1.6814329e-03
   9.9130430e-05  -8.1598299e-04  -1.0960025e-04  -1.9741823e-03
  -2.8309662e-05  -6.9613771e-04  -1.1334816e-04  -1.7001989e-03
  -3.6565108e-04  -7.6355068e-04  -2.7450824e-04  -1.8090416e-03
  -2.4195923e-04  -7.8602167e-04  -9.0860701e-05  -2.0042078e-03
  -9.9526184e-05  -7.7478618e-04  -3.0074361e-04  -1.8690927e-03
  -3.9563699e-04  -7.6729585e-04  -3.8319760e-04  -2.0605058e-03
  -3.3566518e-04  -8.3470882e-04  -1.2459188e-04  -1.9629227e-03
  -2.8309662e-05  -1.0781445e-03  -8.7112792e-05  -1.8803523e-03
  -3.4690989e-04  -1.0669090e-03  -2.6701242e-04  -2.1806081e-03
  -2.4945570e-04  -7.5231519e-04  -2.9699570e-04  -2.1393229e-03
  -3.4316165e-04  -8.4968948e-04  -3.3447479e-04  -1.9967014e-03
  -4.4811232e-04  -1.0107316e-03  -3.4197060e-04  -2.1055441e-03
  -1.5200152e-04  -8.7216047e-04  -2.1454170e-04  -2.0229738e-03
  -2.0072861e-04  -8.2721849e-04  -2.1828961e-04  -2.2106337e-03
  -3.2057900e-05  -8.8339596e-04  -2.3328124e-04  -2.4208127e-03
  -2.4195923e-04  -1.0931252e-03  -1.7706261e-04  -2.0642590e-03
  -4.2562289e-04  -7.8976684e-04  -3.3822270e-04  -2.0267270e-03
  -2.7944161e-04  -7.4857002e-04  -4.8064324e-04  -2.0379866e-03
  -3.0567927e-04  -1.0069864e-03  -3.4946642e-04  -1.8916119e-03
  -3.3191694e-04  -7.6729585e-04  -3.3072688e-04  -2.0229738e-03
  -2.8318985e-04  -9.2084761e-04  -2.7076033e-04  -2.1243101e-03
  -9.9526184e-05  -7.8602167e-04  -1.9205424e-04  -1.9253907e-03
  -3.0942751e-04  -6.2497958e-04  -2.4452497e-04  -1.9666759e-03
  -2.6819689e-04  -7.3733453e-04  -1.6956679e-04  -2.0154674e-03
  -1.2201561e-04  -9.0212179e-04   1.0403057e-04  -1.8353140e-03
  -2.8318985e-04  -9.4331860e-04   1.0332842e-05  -2.1243101e-03
  -6.9540280e-05  -6.5494090e-04  -2.5576870e-04  -2.1468293e-03
  -9.5684720e-06  -7.9351200e-04  -4.2137884e-05  -1.9816886e-03
  -1.2951209e-04  -7.2609903e-04  -1.3958352e-04  -2.0079610e-03
  -1.5574975e-04  -7.2609903e-04  -2.9324779e-04  -1.8240544e-03
  -9.2029708e-05  -7.0737321e-04  -2.7146248e-05  -1.9291439e-03
  -2.4945570e-04  -7.1486354e-04  -2.5202079e-04  -2.0529994e-03
  -2.4195923e-04  -9.8451542e-04  -3.4571851e-04  -1.7339776e-03
  -8.4533232e-05  -7.4482486e-04  -4.2137884e-05  -1.7039521e-03
  -3.4316165e-04  -7.1486354e-04  -7.2121156e-05  -2.0229738e-03
  -3.9554376e-05  -8.3845398e-04  -8.7112792e-05  -1.9066247e-03
   1.5910224e-04  -7.6729585e-04   2.8370240e-06  -1.7677564e-03
  -2.3071451e-04  -7.1111837e-04   7.4047295e-05  -2.0154674e-03
  -2.3071451e-04  -7.7478618e-04   3.2820296e-05  -2.0004546e-03
  -2.3821099e-04  -7.5980552e-04  -1.7331470e-04  -1.9704291e-03
  -4.0313346e-04  -7.2609903e-04  -3.5696224e-04  -2.0567526e-03
  -2.4570747e-04  -8.6467014e-04  -8.7112792e-05  -1.8916119e-03
  -1.2576385e-04  -8.1223783e-04  -3.8319760e-04  -1.9328971e-03
  -2.7194513e-04  -7.5231519e-04  -6.1182005e-04  -2.1768549e-03
  -8.4533232e-05  -6.3246991e-04  -3.0449151e-04  -2.1355697e-03
  -2.0719960e-06  -6.7366672e-04  -4.7689533e-04  -2.0117142e-03
  -2.4945570e-04  -7.2609903e-04  -2.3398339e-05  -2.0454930e-03
  -1.7823918e-04  -6.4370540e-04  -4.3566833e-04  -2.0529994e-03
  -1.8198742e-04  -7.3733453e-04   1.1902220e-04  -2.0342334e-03
  -9.5777946e-05  -7.1111837e-04  -3.0449151e-04  -2.1993741e-03
  -1.6699447e-04  -8.0100233e-04  -2.4077706e-04  -2.2143869e-03
  -8.4533232e-05  -7.7478618e-04   2.2771156e-04  -1.9328971e-03
   1.6762420e-06  -7.3358936e-04  -6.7928241e-04  -2.0905314e-03
  -3.7689580e-04  -8.0474750e-04   1.1384535e-03  -2.1580889e-03
  -1.0702266e-04  -7.3358936e-04  -1.7811677e-03  -2.2256465e-03
  -3.3191694e-04  -8.6092497e-04   2.3265406e-03  -2.0905314e-03
  -2.4570747e-04  -8.3845398e-04  -2.8455738e-03  -2.3044636e-03
  -1.9698037e-04  -7.1486354e-04   5.9732561e-03  -2.4583447e-03
  -2.5320394e-04  -7.3358936e-04   5.9598338e-02   4.3161702e-04
   2.1231789e-03  -8.6467014e-04   1.0276675e-01   2.1430749e-03
   3.2888810e-03  -3.8528902e-04   1.0840361e-01   3.2915531e-03
   1.5796844e-03   3.0007618e-04   4.6825464e-02   3.9070774e-03
   3.3188669e-03  -1.8262845e-05  -1.0053505e-03   5.2544126e-05
   5.2267200e-03   1.2405342e-04  -4.3709728e-03  -2.6197321e-03
  -1.5088637e-03   5.5849256e-04  -5.9663874e-02  -4.5150966e-03
  -4.1626162e-03   1.9521156e-04  -1.2042123e-01  -6.2190481e-03
   2.7753724e-03  -4.4521166e-04  -1.4490257e-01  -7.1423345e-03
  -2.4570747e-04  -5.2011496e-04  -1.4531109e-01  -6.1589969e-03
  -9.0840527e-03  -3.5158253e-04  -1.2560084e-01  -3.5392654e-03
  -3.0831236e-03  -1.0594187e-03  -8.5205874e-02  -5.9713371e-03
   6.0175982e-03  -1.6137031e-03  -4.6032729e-02  -7.0297386e-03
   3.6224741e-03  -1.3477964e-03  -1.8508086e-02  -4.1097513e-03
   4.5370442e-03  -8.1223783e-04   2.0657564e-02  -3.4304227e-03
   1.0170646e-02  -1.5725063e-03   5.4058929e-02  -3.2502692e-03
   5.0955317e-03  -2.8683334e-03   7.2892171e-02  -8.5948274e-04
  -4.0313346e-04  -2.9769432e-03   8.3483762e-02   1.2010224e-03
   4.4022009e-04  -3.5162470e-03   8.2734180e-02   2.0642520e-04
  -3.3792344e-03  -2.9245109e-03   6.2645388e-02  -4.1285799e-05
  -6.5052649e-03  -1.6099580e-03   2.6909076e-02   1.7790147e-03
  -3.9377219e-03  -1.3964836e-03  -5.3416812e-03   1.2423076e-03
  -4.2750633e-03   6.0385620e-05  -3.2221685e-02  -7.3562724e-04
  -9.7250014e-03   1.0678350e-03  -5.3213723e-02  -4.8040985e-04
  -5.5457160e-03   1.5022741e-03  -5.2801453e-02  -1.8015352e-03
   3.9335779e-03   1.6221194e-03  -3.5268735e-02  -3.9033255e-03
   2.6891629e-03   7.0455400e-04  -1.6296819e-02  -3.8207552e-03
   6.5396288e-05   6.0343454e-04   4.7851689e-03  -4.7665608e-03
   2.6329393e-03  -3.2162121e-04   2.3775824e-02  -6.0313882e-03
   4.5782748e-03  -8.8714113e-04   2.9866176e-02  -4.9016759e-03
   2.5092475e-03  -6.6992156e-04   2.6845361e-02  -2.0379866e-03
   1.7034695e-04  -1.0369477e-03   2.6384368e-02  -1.2535684e-03
  -2.8282434e-03  -1.5725063e-03   2.5394920e-02  -1.7227181e-03
  -8.9228784e-03  -2.3552458e-03   1.5639113e-02  -2.2894565e-04
  -1.0264748e-02  -2.5724654e-03   6.5504340e-03   1.2610736e-03
  -5.6581631e-03  -3.1904176e-03   4.5865297e-03   3.3778710e-04
  -5.2008781e-03  -2.7147816e-03   3.1660722e-03  -7.0560167e-04
  -5.3545559e-03  -1.3290706e-03   2.9142602e-04  -6.1552494e-04
  -1.6438002e-03  -8.9837662e-04   1.3776175e-04  -1.6026158e-03
   3.1914268e-03  -4.6019232e-04   3.1248452e-03  -3.3065672e-03
   5.3878942e-03   7.5366280e-05   2.6563566e-03  -4.3011644e-03
  -3.0981166e-03   6.7833784e-04  -2.5944639e-03  -2.8374176e-03
  -2.7645234e-03   2.0644705e-04   1.3670759e-03  -2.5709406e-03
   8.0154091e-03  -8.9088629e-04   1.7179504e-02  -5.9300519e-03
   3.7873966e-03  -8.1972816e-04   1.6729755e-02  -4.7853268e-03
  -4.4062516e-03   3.8621497e-04   3.6233171e-03  -1.4262212e-04
  -9.0914559e-04   3.8621497e-04   6.0781975e-03  -3.2652877e-04
   3.3750904e-03  -1.0144767e-03   1.0763084e-02  -1.9854418e-03
  -5.2008781e-03  -9.3582827e-04   2.2365908e-03  -6.3804981e-05
  -1.1505414e-02  -6.5868606e-04  -5.1730253e-03   1.6401465e-03
  -2.6145939e-03  -1.5125837e-03  -9.1165277e-04  -1.8390728e-04
   1.7708446e-03  -1.9957100e-03   1.6669086e-03  -1.7602500e-03
  -4.2075950e-03  -1.3403061e-03  -4.5133933e-03  -6.6806970e-04
  -3.8027853e-03  -5.6880210e-04  -5.6077827e-03  -9.8333825e-04
   5.0055740e-03  -1.1904995e-03  -1.8081052e-04  -3.7419380e-03
   6.2912196e-03  -1.4226997e-03  -1.8936049e-03  -4.1923217e-03
   1.2910701e-03  -6.2872474e-04  -8.2125795e-03  -3.0588562e-03
   1.9844941e-03  -9.8826058e-04  -6.9645258e-03  -3.9934022e-03
   2.1756543e-03  -1.4301901e-03  -5.9450946e-03  -4.6276925e-03
  -4.4436408e-04  -9.3582827e-04  -1.1233394e-02  -3.1301669e-03
  -1.2802212e-03  -7.2609903e-04  -1.4910093e-02  -1.4599943e-03
   7.7756151e-04  -8.1972816e-04  -1.2069178e-02  -1.7039521e-03
   2.0969413e-03  -7.5606035e-04  -7.5304601e-03  -2.6685237e-03
  -2.0261205e-03  -4.9389880e-04  -1.2361515e-02  -1.5575774e-03
  -3.9789525e-03  -1.6432428e-04  -1.8376909e-02   1.1634848e-04
  -1.2727247e-03  -1.9054044e-04  -1.5569725e-02  -4.0534591e-04
   5.6766018e-04  -5.7629243e-04  -1.1596941e-02  -2.2481656e-03
  -6.4302069e-04  -5.0887946e-04  -1.0734922e-02  -2.5334086e-03
  -1.4076612e-03  -6.6243123e-04  -1.0465073e-02  -2.2444124e-03
   3.2551468e-03  -1.2728931e-03  -6.1287421e-03  -3.6368485e-03
   5.7177392e-03  -1.2466770e-03  -1.5862764e-03  -4.3949943e-03
   2.1156825e-03  -1.0743994e-03  -2.3658415e-03  -3.4079035e-03
   6.3887670e-04  -9.3957344e-04  -2.0510171e-03  -2.8599367e-03
   2.2955979e-03  -1.1642833e-03   1.0222683e-03  -3.2427628e-03
   1.5309573e-03  -1.3740126e-03   4.8256938e-04  -2.5521746e-03
  -2.1198265e-03  -1.0219671e-03  -1.8111509e-03  -1.0021042e-03
  -3.0943683e-03  -1.0594187e-03  -1.9580215e-04  -9.6832546e-04
  -1.7150168e-03  -1.0669090e-03   2.1353972e-03  -1.1034405e-03
  -2.3297278e-03  -5.9501826e-04   2.0641870e-03  -2.8524360e-04
  -2.2660077e-03  -1.0440164e-04   3.2260388e-03  -2.1768606e-04
  -1.5949799e-04  -8.1930650e-05   6.9027375e-03  -9.3829988e-04
   1.3772796e-03  -3.5532770e-04   1.1134127e-02  -1.9479099e-03
   4.2147890e-04  -5.3509562e-04   1.1340262e-02  -2.1243101e-03
   1.2911633e-04  -4.9764397e-04   1.0991706e-02  -2.1393229e-03
   2.8915677e-03  -4.9764397e-04   1.3450335e-02  -2.7548472e-03
   3.4575517e-03  -7.5980552e-04   1.1999894e-02  -2.7435876e-03
   1.4822303e-03  -3.5532770e-04   8.6829943e-03  -2.4095531e-03
  -1.3589342e-03  -2.9915022e-04   5.5984652e-03  -1.2348024e-03
  -1.9324146e-03  -1.0107316e-03   6.2618451e-03  -1.2310492e-03
   1.2911633e-04  -1.2054801e-03   9.0990122e-03  -2.1731017e-03
  -1.2427388e-03  -1.3253254e-03   5.6209526e-03  -1.2047769e-03
  -2.1160782e-03  -9.0586695e-04   3.5596027e-03  -4.5413747e-04
   7.6641002e-05  -5.5382144e-04   5.7783648e-03  -8.9326152e-04
   1.1636300e-03  -9.2833794e-04   6.7453253e-03  -1.6701733e-03
   1.9283638e-04  -6.1374408e-04   5.3211199e-03  -1.6101221e-03
  -6.7300660e-04  -5.8378276e-04   3.3871989e-03  -1.4337219e-03
   2.2282228e-04  -1.0931252e-03   3.8894187e-03  -2.0867782e-03
   9.7621812e-04  -1.0444381e-03   3.6832837e-03  -2.3419956e-03
   8.1129565e-04  -7.8976684e-04   7.1493973e-04  -2.1543357e-03
   1.3323007e-03  -5.4633111e-04  -1.8336384e-03  -2.0605058e-03
   2.5617228e-03  -3.0289539e-04  -2.4333038e-03  -2.3907871e-03
   1.0474346e-03  -3.4409220e-04  -4.8432093e-03  -2.3382424e-03
  -9.2039031e-04  -5.5382144e-04  -7.6466452e-03  -2.0304802e-03
  -4.9309117e-04  -6.2497958e-04  -7.7703262e-03  -1.8465736e-03
  -4.4436408e-04  -7.7478618e-04  -8.3437563e-03  -1.7602500e-03
  -5.8679712e-04  -7.8227651e-04  -7.9089989e-03  -1.8690927e-03
  -1.7823918e-04  -6.9613771e-04  -6.8520885e-03  -1.8953651e-03
   7.6256856e-04  -5.6131177e-04  -6.0350444e-03  -2.1130505e-03
   1.3060631e-03  -6.1374408e-04  -4.7944865e-03  -2.0755186e-03
   2.2768567e-03  -7.9725717e-04  -3.8575092e-03  -2.5446682e-03
   1.7146210e-03  -6.6992156e-04  -4.3672249e-03  -2.6647705e-03
  -1.6438002e-03  -8.5343464e-04  -7.0994505e-03  -1.7077053e-03
  -1.3851718e-03  -1.0294574e-03  -5.7314637e-03  -2.2181401e-03
   1.3810278e-03  -1.2279511e-03  -3.2653396e-03  -2.8261580e-03
   9.5747693e-04  -1.3815029e-03  -5.0418485e-03  -2.3157232e-03
  -1.0028515e-03  -9.8826058e-04  -7.1256859e-03  -1.8090416e-03
  -4.7434998e-04  -9.4331860e-04  -6.2561710e-03  -1.7227181e-03
   1.2498395e-03  -9.7702509e-04  -3.3477936e-03  -2.4358255e-03
   5.1893309e-04  -6.8490222e-04  -3.7413241e-03  -2.3044636e-03
  -1.1415363e-03  -8.9088629e-04  -4.7495116e-03  -1.7790160e-03
  -6.3177598e-04  -9.6953476e-04  -2.3058749e-03  -2.2106337e-03
   6.5386965e-04  -8.6841530e-04  -2.6326452e-04  -2.6535109e-03
   4.2906860e-05  -1.1081059e-03  -9.1914859e-04  -2.3119700e-03
  -5.9804184e-04  -9.2459278e-04  -5.6684514e-04  -1.7527436e-03
   3.7650004e-04  -8.3845398e-04   2.2890615e-03  -2.1318165e-03
   3.7275180e-04  -9.8451542e-04   3.5521068e-03  -2.1505825e-03
  -4.5935703e-04  -8.2347332e-04   3.4659049e-03  -1.8203012e-03
  -3.7689580e-04  -7.2609903e-04   4.0805620e-03  -1.7677564e-03
   4.8894718e-04  -7.3358936e-04   5.4185655e-03  -1.6664201e-03
   3.5775885e-04  -7.2984420e-04   5.5872214e-03  -1.7827692e-03
  -1.2165011e-03  -7.1486354e-04   3.1023578e-03  -1.2986068e-03
  -1.3589342e-03  -8.2347332e-04   3.0124080e-03  -1.1747513e-03
  -2.1946980e-04  -9.1710245e-04   5.3398594e-03  -1.6739265e-03
   6.0139432e-04  -9.6578959e-04   5.1674556e-03  -2.0379866e-03
  -8.2293612e-04  -7.0737321e-04   2.6188775e-03  -1.4299687e-03
  -1.9436593e-03  -4.9015364e-04   1.5994463e-03  -6.9434208e-04
   1.0924135e-03  -8.4968948e-04   5.6097089e-03  -2.3119700e-03
   2.3480732e-03  -9.1335728e-04   7.5773611e-03  -3.0325838e-03
  -8.9040440e-04  -5.0138913e-04   2.9561893e-03  -1.7527436e-03
  -1.9249181e-03  -4.8640847e-04   1.2921177e-03  -1.2798408e-03
   9.0500160e-04  -8.9463146e-04   5.0475225e-03  -1.8728459e-03
   9.8746284e-04  -1.1006155e-03   5.7633732e-03  -2.4583447e-03
  -1.9961346e-03  -1.0032412e-03   2.1091619e-03  -1.6401477e-03
  -2.0186240e-03  -9.0961212e-04   5.5377965e-04  -1.1297129e-03
   5.6016370e-04  -9.9949608e-04   2.4877007e-03  -1.7752628e-03
   3.6900357e-04  -9.5455410e-04   2.0604391e-03  -1.9816886e-03
  -2.0261205e-03  -7.3358936e-04  -1.1102919e-03  -1.7564968e-03
  -1.1715223e-03  -6.1748925e-04  -9.8286304e-04  -1.8465736e-03
   9.7621812e-04  -9.6578959e-04   3.1391347e-04  -2.3907871e-03
   2.9778704e-04  -9.5829926e-04  -1.4101247e-03  -2.4620979e-03
  -7.5171960e-04  -4.7891814e-04  -2.9879944e-03  -1.9404035e-03
   2.9403881e-04  -6.4370540e-04  -3.0592046e-03  -2.2556720e-03
   1.0999100e-03  -6.9988288e-04  -2.9355236e-03  -2.7698600e-03
  -4.8184646e-04  -7.8602167e-04  -4.2510397e-03  -2.3832807e-03
  -1.3851718e-03  -7.5606035e-04  -5.6265223e-03  -2.1205569e-03
   1.0287867e-04  -5.2386012e-04  -3.7263324e-03  -2.4545915e-03
   7.5132384e-04  -8.0474750e-04  -2.5532369e-03  -2.8111452e-03
  -2.0072861e-04  -7.2235387e-04  -3.5276933e-03  -2.4170595e-03
  -9.5787269e-04  -6.5119573e-04  -3.9774423e-03  -1.9404035e-03
   1.2536810e-04  -6.0625375e-04  -3.2840792e-03  -2.0792718e-03
   4.9644366e-04  -6.2497958e-04  -2.7443803e-03  -2.3044636e-03
  -2.1235747e-03  -9.6204443e-04  -5.2967063e-03  -1.8052884e-03
  -2.1010853e-03  -7.5606035e-04  -5.1655295e-03  -1.5688370e-03
   3.6150709e-04  -9.8451542e-04  -1.9123445e-03  -2.8449240e-03
   8.4128155e-04  -1.1792640e-03  -2.0285297e-03  -2.9988050e-03
  -3.5806138e-05  -5.7254727e-04  -3.4190039e-03  -1.8127948e-03
  -4.8184646e-04  -7.0362804e-04  -3.0292214e-03  -2.0342334e-03
   4.7770247e-04  -9.9575091e-04  -8.3669459e-04  -2.6797833e-03
   4.6270952e-04  -7.3733453e-04  -7.4299687e-04  -2.3307360e-03
  -8.9040440e-04  -9.8451542e-04  -2.5082620e-03  -1.8090416e-03
  -8.0794317e-04  -8.1972816e-04  -1.8673696e-03  -1.7001989e-03
   1.3286457e-04  -5.2386012e-04  -3.6071015e-04  -2.0342334e-03
  -4.1062994e-04  -8.1972816e-04  -3.9069342e-04  -2.0267270e-03
  -1.3589342e-03  -4.3023100e-04  -9.9410677e-04  -1.5988626e-03
  -7.2173369e-04  -5.5382144e-04  -2.1828961e-04  -1.7039521e-03
  -1.0702266e-04  -8.6841530e-04   1.3820675e-03  -2.0154674e-03
  -7.2548193e-04  -6.0625375e-04   1.7643543e-03  -1.8878587e-03
  -1.0065998e-03  -7.1860870e-04   1.8505562e-03  -1.6439009e-03
  -3.3941342e-04  -8.0474750e-04   2.9749289e-03  -2.0492462e-03
   4.1773066e-04  -8.2347332e-04   3.8819228e-03  -2.4283191e-03
   8.4137478e-05  -6.6243123e-04   3.2110471e-03  -2.2068805e-03
  -1.0628233e-03  -5.8752793e-04   1.8955311e-03  -1.9066247e-03
  -6.2053127e-04  -7.4107969e-04   2.4427258e-03  -1.7527436e-03
   2.3781524e-04  -7.4857002e-04   3.1248452e-03  -2.2706848e-03
  -9.2788678e-04  -6.2872474e-04   1.6444212e-03  -2.1168037e-03
  -1.7000238e-03  -4.1525034e-04   4.8256938e-04  -1.4487347e-03
  -9.8036211e-04  -5.3884078e-04   1.1571930e-03  -1.8240544e-03
  -3.6565108e-04  -9.1335728e-04   2.1691284e-03  -1.8390672e-03
  -5.1932884e-04  -9.8077025e-04   1.9105227e-03  -2.0304802e-03
  -1.1977599e-03  -8.9088629e-04   1.4345383e-03  -2.0755186e-03
  -4.4811232e-04  -7.5231519e-04   2.3003052e-03  -1.8353140e-03
   6.9510027e-04  -7.7478618e-04   2.9711810e-03  -2.4057999e-03
  -5.0799090e-05  -8.4219915e-04   1.7531105e-03  -2.2293996e-03
  -1.1190469e-03  -7.5980552e-04   1.5650129e-04  -1.9441567e-03
  -8.8290793e-04  -8.9463146e-04   5.6502337e-04  -2.1881145e-03
  -2.7194513e-04  -1.1230865e-03   1.0934785e-03  -2.1543357e-03
  -8.4917378e-04  -1.1230865e-03  -1.4707934e-04  -1.8615863e-03
  -1.1190469e-03  -9.3208311e-04  -1.2264771e-03  -1.8353140e-03
  -3.6190284e-04  -9.0212179e-04  -1.1065440e-03  -2.0454930e-03
  -3.0567927e-04  -8.1972816e-04  -7.6173641e-04  -2.1130505e-03
  -7.6296431e-04  -6.6243123e-04  -1.6687304e-03  -2.0079610e-03
  -8.3043259e-04  -8.9088629e-04  -2.2983791e-03  -1.8503268e-03
  -5.2682532e-04  -1.1642833e-03  -1.6275034e-03  -2.1618421e-03
  -1.4450504e-04  -9.5829926e-04  -1.0578212e-03  -2.4433319e-03
   4.2906860e-05  -7.4482486e-04  -1.1215357e-03  -2.4057999e-03
   3.2027647e-04  -7.7478618e-04  -1.8786133e-03  -2.4771107e-03
   5.8640137e-04  -7.5606035e-04  -2.5419932e-03  -2.4057999e-03
  -2.6070042e-04  -1.0519284e-03  -3.1154233e-03  -1.9404035e-03
  -1.2389905e-03  -1.0144767e-03  -3.3440457e-03  -1.8315608e-03
  -7.5921607e-04  -7.8227651e-04  -2.6694221e-03  -2.0267270e-03
  -5.8202340e-06  -9.7327992e-04  -1.8748654e-03  -2.2068805e-03
   7.2892764e-05  -8.6092497e-04  -2.1934376e-03  -2.0830250e-03
  -1.7074271e-04  -7.4857002e-04  -2.8080947e-03  -1.8127948e-03
   5.0403336e-05  -7.1860870e-04  -2.1821939e-03  -1.9704291e-03
   1.8908814e-04  -8.9463146e-04  -1.5900243e-03  -1.9516631e-03
  -6.0179008e-04  -9.8826058e-04  -1.7062095e-03  -2.2556720e-03
  -7.7046079e-04  -8.1972816e-04  -1.6462429e-03  -2.1430761e-03
  -3.3566518e-04  -1.1006155e-03  -1.4476038e-03  -1.9291439e-03
   1.4036105e-04  -8.2721849e-04  -1.1102919e-03  -2.2256465e-03
   5.0019190e-04  -5.2760529e-04  -9.3039232e-04  -1.9366503e-03
   2.4165670e-05  -8.0100233e-04  -8.2545087e-04  -1.8315608e-03
