  -1.9698037e-04  -6.8864738e-04  -7.2121156e-05  -1.8465736e-03
  -3.9563699e-04  -9.0212179e-04   6.6551477e-05  -2.0755186e-03
  -5.3432179e-04  -1.0144767e-03   1.2277011e-04  -2.1468293e-03
  -1.6324623e-04  -7.4107969e-04   9.6534749e-05  -2.0792718e-03
  -9.2029708e-05  -7.7104101e-04  -2.8949988e-04  -2.0267270e-03
  -2.0719960e-06  -7.2984420e-04  -3.5321433e-04  -2.2256465e-03
   1.7409519e-04  -7.7104101e-04  -5.8183678e-04  -2.1618421e-03
  -1.0702266e-04  -9.6578959e-04  -4.9938278e-04  -1.7677564e-03
   1.4036105e-04  -6.5868606e-04  -4.2442460e-04  -1.9141311e-03
  -1.2576385e-04  -9.6578959e-04  -3.8319760e-04  -2.1393229e-03
  -4.2937113e-04  -1.1642833e-03   1.5650129e-04  -2.1768549e-03
  -3.8064403e-04  -8.1223783e-04   1.0332842e-05  -2.2556720e-03
  -3.1692399e-04  -8.2347332e-04  -3.0894157e-05  -2.1768549e-03
   8.0389240e-05  -8.8339596e-04  -8.3364883e-05  -1.9404035e-03
  -2.4195923e-04  -8.8339596e-04  -4.1318088e-04  -2.1280633e-03
  -1.8198742e-04  -8.4968948e-04  -3.0894157e-05  -2.2293996e-03
  -3.9554376e-05  -9.5829926e-04  -5.7129520e-05  -2.0605058e-03
  -3.4690989e-04  -8.0100233e-04  -1.8830634e-04  -2.2856976e-03
  -3.2442046e-04  -5.2011496e-04  -1.0210443e-04  -2.3570083e-03
  -3.3566518e-04  -9.7702509e-04  -2.5951661e-04  -2.2331528e-03
  -1.2576385e-04  -1.0631639e-03  -1.0585234e-04  -2.2068805e-03
  -6.9540280e-05  -9.3582827e-04  -1.5457515e-04  -2.2819444e-03
  -1.2201561e-04  -1.1230865e-03  -3.1573524e-04  -2.2218933e-03
  -2.9443456e-04  -7.7853134e-04   2.1576569e-05  -2.1580889e-03
  -4.7809822e-04  -6.8115705e-04   9.6534749e-05  -2.2706848e-03
  -2.0447685e-04  -8.8714113e-04  -2.6326452e-04  -2.1092973e-03
  -2.3821099e-04  -9.5455410e-04  -1.2084397e-04  -2.1430761e-03
  -2.7194513e-04  -1.0219671e-03  -9.4608610e-05  -2.1393229e-03
  -1.4450504e-04  -8.6841530e-04  -2.7076033e-04  -2.0304802e-03
  -2.4945570e-04  -6.0999892e-04  -1.5082725e-04  -2.2444124e-03
  -1.3326033e-04  -6.3996024e-04  -9.0860701e-05  -2.1580889e-03
  -1.6699447e-04  -8.7965080e-04   1.3401384e-04  -2.1318165e-03
  -1.8573566e-04  -7.7478618e-04   1.7828660e-05  -2.1468293e-03
  -9.2029708e-05  -7.1860870e-04  -1.0210443e-04  -2.0192206e-03
  -2.0072861e-04  -1.0107316e-03  -3.0894157e-05  -1.9103779e-03
   2.0417432e-05  -8.6092497e-04  -1.3583561e-04  -1.9253907e-03
   6.9144526e-05  -3.7405352e-04  -1.5082725e-04  -2.0004546e-03
  -1.6699447e-04  -6.4745057e-04  -9.8356519e-05  -1.8991183e-03
   1.2920956e-05  -9.2459278e-04  -1.9955006e-04  -1.7715096e-03
   1.4785752e-04  -7.3358936e-04  -4.6190369e-04  -1.7940288e-03
  -1.7449094e-04  -7.2235387e-04   2.8370240e-06  -2.0867782e-03
  -4.8184646e-04  -7.8602167e-04   3.6263629e-04  -1.8728459e-03
  -4.2562289e-04  -9.3957344e-04   4.4064023e-05  -1.8916119e-03
  -1.2201561e-04  -6.9988288e-04  -6.8373247e-05  -2.0304802e-03
   1.5910224e-04  -6.0625375e-04  -2.2203752e-04  -1.8353140e-03
   2.0408109e-04  -8.7216047e-04  -9.8356519e-05  -1.9816886e-03
  -1.3700856e-04  -8.3096365e-04  -1.5902521e-05  -1.8916119e-03
  -3.3191694e-04  -7.6355068e-04  -8.3364883e-05  -1.9854418e-03
  -3.8439227e-04  -9.1710245e-04   2.8018229e-04  -1.9216375e-03
  -4.8559470e-04  -9.8826058e-04   1.0332842e-05  -1.9028715e-03
  -1.7823918e-04  -6.0625375e-04  -4.0193715e-04  -2.1168037e-03
   6.1648050e-05  -7.9725717e-04  -3.2323106e-04  -2.1355697e-03
  -7.7036756e-05  -1.0032412e-03  -3.0449151e-04  -2.1731017e-03
  -1.5574975e-04  -6.3246991e-04  -1.2833979e-04  -1.9479099e-03
  -1.9698037e-04  -8.0100233e-04  -5.3381611e-05  -2.0867782e-03
  -4.1437818e-04  -9.4331860e-04   2.1576569e-05  -2.1393229e-03
  -3.3191694e-04  -8.1972816e-04   1.1527429e-04  -2.0004546e-03
  -1.6699447e-04  -8.9088629e-04  -2.0329797e-04  -2.1092973e-03
  -1.4450504e-04  -1.0182219e-03  -3.4197060e-04  -2.1393229e-03
  -2.0447685e-04  -9.3957344e-04  -2.6701242e-04  -2.2106337e-03
  -3.4316165e-04  -7.9725717e-04  -2.7450824e-04  -2.0379866e-03
  -2.6070042e-04  -9.3957344e-04  -2.1079379e-04  -2.1843613e-03
  -2.7944161e-04  -1.0669090e-03  -2.5951661e-04  -2.2031273e-03
  -2.9068632e-04  -1.0481832e-03  -1.8830634e-04  -2.0905314e-03
  -2.7944161e-04  -1.0706542e-03  -2.6326452e-04  -2.3119700e-03
  -3.1692399e-04  -1.0069864e-03  -1.8455843e-04  -2.0717654e-03
  -4.1812641e-04  -8.3470882e-04  -2.4077706e-04  -2.3194764e-03
  -3.0567927e-04  -8.5343464e-04  -3.4197060e-04  -2.2143869e-03
  -2.2696628e-04  -9.6204443e-04  -1.8081052e-04  -1.9328971e-03
  -3.6565108e-04  -8.9837662e-04  -4.9938278e-04  -2.3870339e-03
  -2.0447685e-04  -9.0212179e-04  -1.5832306e-04  -2.1956209e-03
  -1.3700856e-04  -8.9837662e-04  -1.8455843e-04  -2.0117142e-03
  -2.8318985e-04  -9.3957344e-04  -4.0943297e-04  -2.1318165e-03
  -3.9188875e-04  -1.1867543e-03  -1.0960025e-04  -2.2106337e-03
  -1.7074271e-04  -1.1305768e-03  -2.9324779e-04  -2.1468293e-03
  -1.3700856e-04  -9.1335728e-04  -4.9633702e-05  -1.9066247e-03
  -2.2696628e-04  -7.5980552e-04  -2.1828961e-04  -1.9066247e-03
  -1.0702266e-04  -7.8976684e-04  -4.3192042e-04  -2.0154674e-03
  -2.5695218e-04  -1.1155962e-03  -1.5832306e-04  -1.9141311e-03
  -5.2682532e-04  -9.6578959e-04  -2.7146248e-05  -1.7752628e-03
  -4.9309117e-04  -8.3470882e-04   5.5307750e-05  -2.1055441e-03
   2.7913908e-05  -9.3582827e-04  -3.4197060e-04  -1.9141311e-03
   5.4151574e-05  -6.9988288e-04  -5.6684514e-04  -1.7489904e-03
   9.1727180e-06  -7.7104101e-04  -4.9188696e-04  -2.2031273e-03
  -2.4561424e-05  -8.2347332e-04  -2.4077706e-04  -2.0680122e-03
  -5.3432179e-04  -9.1335728e-04   4.7811932e-05  -2.1092973e-03
  -4.1812641e-04  -9.8826058e-04   2.0522411e-04  -2.0980378e-03
  -2.9068632e-04  -8.0100233e-04   2.3895529e-04  -2.0379866e-03
  -2.5695218e-04  -7.4107969e-04  -1.5457515e-04  -2.1168037e-03
   6.1648050e-05  -5.3884078e-04  -5.3686187e-04  -2.0117142e-03
   4.2906860e-05  -6.8864738e-04  -5.4060978e-04  -2.2031273e-03
  -2.3071451e-04  -1.0968704e-03  -1.0210443e-04  -1.9366503e-03
  -3.7314756e-04  -8.6092497e-04   2.1646784e-04  -1.9328971e-03
  -3.0942751e-04  -6.0999892e-04  -9.0860701e-05  -2.1655953e-03
  -3.9554376e-05  -8.4594431e-04  -2.9699570e-04  -2.0905314e-03
   8.0389240e-05  -8.8339596e-04  -2.5202079e-04  -2.1881145e-03
  -1.1826737e-04  -9.1710245e-04  -3.3447479e-04  -1.8690927e-03
  -1.4450504e-04  -9.1710245e-04  -7.9616974e-05  -1.9891950e-03
  -2.9068632e-04  -6.8864738e-04  -1.0960025e-04  -2.2106337e-03
  -2.4195923e-04  -7.9725717e-04  -2.7076033e-04  -1.9253907e-03
  -1.5949799e-04  -9.5829926e-04  -2.1079379e-04  -2.1092973e-03
  -5.4931474e-04  -8.0474750e-04  -1.3583561e-04  -2.3495020e-03
  -4.4436408e-04  -6.7741189e-04   9.6534749e-05  -2.2406592e-03
  -2.5695218e-04  -8.1972816e-04  -3.0823942e-04  -2.1355697e-03
  -2.0447685e-04  -7.7853134e-04  -2.4452497e-04  -2.3119700e-03
  -1.4825328e-04  -7.1860870e-04  -1.2459188e-04  -2.2106337e-03
  -3.3941342e-04  -9.0586695e-04  -3.5321433e-04  -2.2556720e-03
  -2.8318985e-04  -7.1111837e-04   1.0332842e-05  -2.4020467e-03
  -2.9443456e-04  -6.0625375e-04  -1.8081052e-04  -2.0905314e-03
  -1.2201561e-04  -8.6092497e-04  -2.7076033e-04  -2.3044636e-03
  -4.7050852e-05  -9.0586695e-04  -6.8373247e-05  -2.1881145e-03
  -2.2696628e-04  -9.9949608e-04  -3.3447479e-04  -2.1243101e-03
  -7.7036756e-05  -7.3358936e-04  -1.5457515e-04  -2.3082168e-03
  -1.7823918e-04  -7.2984420e-04   6.2803568e-05  -2.0905314e-03
   6.5396288e-05  -9.6204443e-04  -2.0704588e-04  -2.2444124e-03
   2.2282228e-04  -7.8227651e-04   3.6568205e-05  -2.0717654e-03
  -6.2043804e-05  -8.5343464e-04   6.2803568e-05  -2.0867782e-03
  -1.0327442e-04  -6.3246991e-04  -2.0329797e-04  -2.1017910e-03
  -4.0313346e-04  -9.9575091e-04  -6.0877429e-05  -1.9066247e-03
  -2.3821099e-04  -1.1305768e-03  -4.6587940e-06  -2.1017910e-03
  -1.2951209e-04  -6.4370540e-04   7.0299386e-05  -2.0192206e-03
  -2.8693808e-04  -8.7590563e-04  -1.2833979e-04  -1.8916119e-03
   1.0287867e-04  -6.4745057e-04  -3.3072688e-04  -1.8127948e-03
   9.9130430e-05  -5.4258595e-04  -4.6190369e-04  -2.0154674e-03
  -3.2057900e-05  -8.0474750e-04  -4.2817251e-04  -2.0342334e-03
  -2.6819689e-04  -9.0961212e-04  -1.2154612e-05  -1.9704291e-03
  -3.8439227e-04  -9.3957344e-04   1.4525757e-04  -2.0454930e-03
  -3.4690989e-04  -9.3208311e-04   1.3026593e-04  -2.0079610e-03
  -3.9563699e-04  -8.4968948e-04  -8.7112792e-05  -2.1355697e-03
   4.6655098e-05  -6.5119573e-04  -3.1198733e-04  -1.9216375e-03
   1.5160576e-04  -7.4857002e-04  -4.2817251e-04  -1.8916119e-03
   1.1037514e-04  -5.5382144e-04  -3.9818924e-04  -1.9516631e-03
   5.4151574e-05  -6.1374408e-04  -4.0193715e-04  -2.1280633e-03
  -1.5574975e-04  -9.0212179e-04  -4.8439115e-04  -2.3044636e-03
  -9.2029708e-05  -7.4107969e-04  -9.1088500e-07  -2.0229738e-03
  -3.0942751e-04  -7.6729585e-04   8.1543113e-05  -2.0980378e-03
  -4.8184646e-04  -1.0069864e-03  -1.7706261e-04  -2.1505825e-03
  -1.0327442e-04  -9.3208311e-04  -1.6956679e-04  -2.0192206e-03
  -5.8202340e-06  -8.1972816e-04  -2.3328124e-04  -2.0004546e-03
  -2.0822509e-04  -8.9837662e-04  -7.2121156e-05  -2.0867782e-03
  -3.2057900e-05  -9.2459278e-04  -2.4827288e-04  -1.9404035e-03
  -1.0327442e-04  -1.0931252e-03  -4.8813906e-04  -1.9554163e-03
  -2.7194513e-04  -8.8339596e-04  -2.7825615e-04  -2.2256465e-03
  -2.5695218e-04  -7.8602167e-04  -1.4707934e-04  -2.0304802e-03
  -4.1812641e-04  -9.8451542e-04  -2.5202079e-04  -2.0379866e-03
  -3.3566518e-04  -1.1043607e-03  -2.3702915e-04  -2.0154674e-03
  -5.0808413e-04  -1.1867543e-03  -5.7129520e-05  -2.1130505e-03
  -3.7689580e-04  -1.0257122e-03  -2.8575197e-04  -2.2969572e-03
   4.6655098e-05  -1.0519284e-03  -3.6820597e-04  -2.0042078e-03
  -2.9443456e-04  -9.9949608e-04  -2.4452497e-04  -2.0117142e-03
  -3.0193104e-04  -8.8339596e-04  -2.0704588e-04  -2.1881145e-03
  -2.3821099e-04  -8.9088629e-04  -3.7195388e-04  -2.0605058e-03
  -3.5815461e-04  -9.8451542e-04  -5.0687860e-04  -2.0004546e-03
  -3.8814051e-04  -1.1118510e-03  -9.0860701e-05  -2.2444124e-03
  -4.9309117e-04  -1.1081059e-03  -3.0449151e-04  -1.8841055e-03
  -2.0447685e-04  -1.1043607e-03  -6.1556796e-04  -1.8127948e-03
  -1.3326033e-04  -9.2084761e-04  -3.4197060e-04  -2.3232296e-03
  -2.2321804e-04  -7.7104101e-04  -1.6207097e-04  -1.9516631e-03
  -1.6699447e-04  -9.7327992e-04  -2.4077706e-04  -1.8690927e-03
  -3.4316165e-04  -9.4706377e-04  -3.2697897e-04  -2.1055441e-03
  -3.6939932e-04  -7.9725717e-04   1.0403057e-04  -1.8090416e-03
  -1.5949799e-04  -9.5829926e-04   3.0641765e-04  -1.8353140e-03
  -3.0942751e-04  -9.5829926e-04   1.1152638e-04  -2.0154674e-03
  -2.0072861e-04  -8.7965080e-04  -3.5696224e-04  -2.0079610e-03
   2.0782933e-04  -6.1374408e-04  -5.7434096e-04  -1.9967014e-03
  -5.4547328e-05  -7.0737321e-04  -4.5065997e-04  -1.7715096e-03
  -1.2201561e-04  -9.8077025e-04  -6.7928241e-04  -1.9141311e-03
  -1.4825328e-04  -9.6578959e-04  -3.2697897e-04  -2.1918677e-03
  -5.3807003e-04  -1.1605382e-03   1.6774502e-04  -1.9666759e-03
  -3.6190284e-04  -8.3096365e-04   1.4900547e-04  -2.1393229e-03
  -2.6444866e-04  -7.4857002e-04   1.8273666e-04  -2.1693485e-03
  -3.9554376e-05  -9.2084761e-04  -7.5869065e-05  -1.8165480e-03
   2.4156347e-04  -7.2609903e-04  -3.6071015e-04  -2.0267270e-03
  -2.4561424e-05  -7.1486354e-04  -2.7825615e-04  -2.1430761e-03
  -4.7050852e-05  -8.2347332e-04  -6.8373247e-05  -2.0605058e-03
  -2.5695218e-04  -1.1380672e-03   5.9055659e-05  -2.0605058e-03
  -3.9188875e-04  -1.1081059e-03   7.4047295e-05  -2.1168037e-03
  -2.5695218e-04  -9.1710245e-04   1.3026593e-04  -2.1768549e-03
  -2.9068632e-04  -9.7327992e-04  -4.2137884e-05  -2.0905314e-03
  -2.7569337e-04  -8.6092497e-04  -2.3702915e-04  -2.1693485e-03
  -1.4450504e-04  -8.1598299e-04  -1.8455843e-04  -2.4057999e-03
  -5.4547328e-05  -9.4331860e-04  -3.0823942e-04  -2.3907871e-03
  -2.6819689e-04  -8.7965080e-04  -1.6956679e-04  -1.9516631e-03
  -3.9554376e-05  -6.3996024e-04   1.0332842e-05  -1.7940288e-03
  -4.6685351e-04  -9.7702509e-04  -2.9324779e-04  -2.0304802e-03
  -4.1437818e-04  -1.1118510e-03  -1.5082725e-04  -2.2706848e-03
  -5.7180417e-04  -8.6092497e-04   5.5307750e-05  -2.2744380e-03
  -1.0702266e-04  -9.9200575e-04  -3.6820597e-04  -2.0642590e-03
   3.3526942e-04  -7.7853134e-04  -3.0449151e-04  -2.1355697e-03
  -6.7675484e-04  -1.2391866e-03  -1.1709606e-04  -2.2406592e-03
   5.0768837e-04  -6.0250859e-04   5.9055659e-05  -2.2669316e-03
  -1.3064588e-03  -1.0556735e-03   5.5307750e-05  -2.2706848e-03
   1.1074065e-03  -8.8339596e-04  -1.4333143e-04  -2.4057999e-03
  -1.1527811e-03  -4.6019232e-04  -9.4608610e-05  -2.1956209e-03
   3.5410384e-05  -1.3178351e-03  -2.7450824e-04  -2.1355697e-03
   4.3272361e-04   4.9150125e-05   1.4150966e-04  -2.1092973e-03
  -2.3822031e-03  -1.8758647e-03  -1.8081052e-04  -1.6551605e-03
   4.1622204e-03   8.6934126e-04   7.0299386e-05  -2.1017910e-03
  -6.1941612e-03  -2.3589910e-03  -2.7076033e-04  -1.8428204e-03
   9.1736146e-03   5.6598289e-04   3.2820296e-05  -2.2031273e-03
  -1.7247715e-02   1.2550933e-03  -4.5885793e-05  -1.9967014e-03
  -8.4918404e-02  -2.6934764e-02  -1.3614019e-03  -2.4395787e-03
  -5.1285464e-02  -2.1111032e-02   2.8624916e-03  -6.0238818e-03
   3.3900741e-02   6.9964312e-03  -1.4160511e-02  -4.2523728e-03
   9.4254869e-02   2.7448777e-02  -4.0482076e-02  -1.4675007e-03
   9.5975310e-02   2.5250365e-02  -5.1055629e-03  -5.1794125e-03
   8.9000865e-04  -1.7201080e-02   2.6260687e-02  -8.2232553e-03
  -1.0007253e-01  -2.6013453e-02   1.5099414e-02  -7.1761133e-03
  -9.5465946e-02  -2.0133544e-02   3.4753449e-02  -4.2673856e-03
  -2.7926445e-02  -2.3713922e-02  -3.2540959e-03   3.5955621e-03
   3.5729881e-02  -7.2951184e-03  -5.1347264e-02   1.3883075e-02
   4.3653656e-02   3.4010728e-03  -2.4268622e-02   1.1567353e-02
   1.3532815e-02   1.3610393e-02   4.5340590e-03  -4.7065097e-03
   2.5729675e-03   1.6108418e-02   3.2455981e-02  -1.1586120e-02
   1.9481269e-02   4.3261286e-03  -7.2800523e-04  -2.9274943e-03
   2.0650719e-02  -6.7745405e-03  -1.6214365e-02   2.0454917e-03
  -1.3079674e-02  -1.1886691e-02   2.0792488e-02  -3.2014777e-03
  -3.2780413e-02  -9.4036463e-03   3.2635881e-02  -9.4993422e-03
  -2.2566465e-02  -7.0741537e-03   3.3355479e-02  -5.5509790e-03
   2.0725684e-02  -2.9694529e-03  -1.3751989e-02   3.1676976e-03
   3.9496860e-02  -2.0593778e-03  -2.2761962e-02   3.4491874e-03
   1.4417400e-02   7.6447664e-04   2.5312467e-02  -4.0872322e-03
  -2.5864914e-02   2.2925040e-03   2.1234742e-02  -6.4329803e-03
  -3.4253471e-02  -2.1118101e-03  -1.1244638e-02  -3.7532602e-05
   4.6232537e-03  -5.0817259e-03  -2.5869681e-03   3.4191618e-03
   1.6681335e-02  -6.1041560e-03  -3.9474591e-03   1.8165467e-03
  -4.2600704e-03   1.4947838e-03  -1.1506992e-02  -2.8524360e-04
  -1.1359233e-02   5.8466655e-03   7.6598151e-03  -1.8803523e-03
   1.2573266e-02   1.6296098e-03  -2.3583456e-03  -3.9708831e-03
   1.9803618e-02  -1.9919648e-03  -2.4932704e-03  -3.3328396e-03
  -6.4977685e-03  -2.8458624e-03  -3.2203647e-03  -1.8315608e-03
  -1.7626287e-02  -5.3509562e-04   6.2768367e-03  -5.0630634e-03
   1.7595999e-03  -5.3135045e-04   1.1853725e-02  -6.5793550e-03
   1.6501420e-02  -1.9657486e-03  -2.0708108e-02  -1.5800966e-03
   9.2036005e-03  -2.0177593e-04  -1.7953395e-02   1.8540787e-03
  -4.6948660e-03   1.1240125e-03  -8.6248495e-03  -2.5972130e-03
  -1.1074367e-02   1.0753253e-03   1.1871763e-03  -6.1214649e-03
  -5.8230856e-03  -4.4895682e-04  -1.0428296e-03  -2.7811196e-03
   2.7303935e-03  -3.7671730e-03  -2.2570819e-02   1.0171158e-03
   3.4650482e-03  -2.8421173e-03  -1.0959797e-02   2.2518550e-05
  -7.9295954e-03  -6.3204825e-05   2.5324478e-05  -3.1151541e-03
  -5.7106385e-03   7.0829916e-04  -6.6534494e-03  -3.0626094e-03
   9.5484384e-03  -4.3023100e-04  -5.9226071e-03  -1.8203012e-03
   9.7583398e-03  -3.0368658e-03  -1.0540733e-03  -2.6084725e-03
  -4.9010191e-03  -2.2728522e-03   1.3895634e-03  -4.0384406e-03
  -1.0658313e-02  -3.2911154e-04   3.2785095e-03  -4.1097513e-03
   2.2768567e-03  -5.7254727e-04  -2.2159251e-03  -2.7398344e-03
   1.0496743e-02  -3.7405352e-04  -5.7726907e-03  -1.7339776e-03
   1.4036105e-04   2.4389870e-04  -3.7300803e-03  -9.8709144e-04
  -1.1149332e-02   9.9293170e-04  -3.3290541e-03   1.3511446e-04
  -7.2324231e-03  -4.0401484e-04  -1.5113182e-03   7.7691115e-04
  -2.1572156e-04  -2.7634688e-03  -2.1409669e-03   9.5331141e-04
  -1.3551859e-03  -1.3665222e-03   2.2628262e-03  -4.6539706e-04
  -2.1985395e-03   2.1019222e-04   1.1827490e-02  -3.4341759e-03
   3.1539444e-03   1.0378737e-03   1.2033625e-02  -4.5488754e-03
   6.0063535e-03   1.1464835e-03   5.3323636e-03  -2.6272385e-03
   6.0475841e-03   1.1656309e-04   7.5961007e-03  -2.6309917e-03
   4.0310321e-03  -3.2911154e-04   2.0084133e-02  -5.0330378e-03
  -3.2517943e-03  -1.4901127e-03   1.4690892e-02  -3.4454355e-03
  -7.1612066e-03  -2.0443971e-03  -1.5937722e-03  -1.0884335e-04
  -4.3725175e-03  -2.0032003e-03   3.1210973e-03   4.9166817e-04
  -9.0539735e-04  -1.9694938e-03   9.2151973e-03  -1.1259597e-03
  -1.1340399e-03  -7.2984420e-04   6.2018785e-03  -1.5800966e-03
  -1.6550450e-03  -6.0250859e-04   3.4696528e-03  -3.4529476e-04
   1.2048606e-03  -1.7897259e-03   3.8594354e-03  -1.4675007e-03
   1.5197126e-03  -1.5987225e-03   9.5150301e-03  -3.5092398e-03
  -2.6858104e-03  -8.9837662e-04   9.1477350e-03  -3.9220915e-03
  -9.5412445e-04  -8.7590563e-04   1.1571930e-03  -3.0551030e-03
   5.4591108e-03  -1.3440513e-03  -2.7331365e-03  -2.4433319e-03
   3.9935497e-03  -1.5088385e-03  -2.9324779e-04  -2.7173153e-03
  -4.9310050e-03  -9.3208311e-04  -4.8132260e-03  -2.2669316e-03
  -7.7084493e-03  -7.8602167e-04  -1.1139696e-02  -1.2348024e-03
  -1.2989623e-03  -1.3253254e-03  -1.1139696e-02  -1.2873472e-03
  -3.4316165e-04  -1.2429318e-03  -1.3167315e-02  -1.5125390e-03
  -4.8635367e-03  -7.0695155e-05  -1.3084861e-02  -1.3286324e-03
  -3.3792344e-03   5.6972806e-04  -8.1038901e-03  -2.4133063e-03
   1.7521034e-03   5.2895290e-05  -5.5965390e-03  -3.1264137e-03
   4.2634228e-03  -4.8266331e-04  -6.3611125e-03  -2.6760301e-03
   2.2243814e-03  -7.5980552e-04  -3.4527351e-03  -3.2315032e-03
  -2.3934478e-03  -8.4594431e-04  -1.7706261e-04  -4.0834790e-03
  -3.6678488e-03  -5.6505694e-04  -3.6813575e-03  -3.3215800e-03
   4.4771656e-04  -9.4706377e-04  -7.0769631e-03  -2.0642590e-03
   3.8323755e-03  -1.4414255e-03  -5.3904040e-03  -1.9141311e-03
   1.4785752e-04  -8.1598299e-04  -2.6019597e-03  -2.3757743e-03
  -4.5786706e-03  -3.8154385e-04  -1.5225619e-03  -2.4095531e-03
  -2.2322736e-03  -6.3996024e-04  -2.2346646e-03  -1.7189649e-03
   2.0782001e-03  -1.1530478e-03  -2.9167841e-03  -1.4524879e-03
   1.2310983e-03  -1.3477964e-03  -8.1420714e-04  -1.9854418e-03
  -2.9069564e-03  -6.0250859e-04   2.7388106e-03  -2.5521746e-03
  -3.1918225e-03  -2.5420824e-04   2.5926421e-03  -2.3344892e-03
   1.8832917e-03  -8.3845398e-04   8.3487282e-04  -1.7715096e-03
   4.3796182e-03  -1.1230865e-03   1.7568584e-03  -1.8803523e-03
   1.2161986e-04  -1.0444381e-03   3.3647114e-03  -2.2669316e-03
  -3.2855285e-03  -7.4482486e-04   4.8601271e-03  -2.9725327e-03
  -1.8387086e-03  -6.9613771e-04   3.9194019e-03  -2.5746938e-03
   2.5655643e-04  -1.0219671e-03  -1.3958352e-04  -1.0208702e-03
   1.0361899e-03  -1.0107316e-03  -1.5082725e-04  -1.0884278e-03
  -9.3538326e-04  -7.5606035e-04   4.6277567e-03  -2.0830250e-03
  -3.2855285e-03  -2.2050176e-04   4.2979407e-03  -1.9103779e-03
  -1.8611980e-03  -3.6281803e-04   4.5633401e-04  -1.2122833e-03
   1.2723289e-03  -9.8077025e-04   1.6594128e-03  -1.2460620e-03
   9.4248398e-04  -9.7327992e-04   4.1292848e-03  -1.8991183e-03
  -2.2172807e-03  -1.0669090e-03   5.2011868e-03  -2.6197321e-03
  -2.1198265e-03  -1.1642833e-03   4.6464963e-03  -2.6497577e-03
   5.3392604e-04  -1.2466770e-03   2.4764570e-03  -2.4057999e-03
   1.2948184e-03  -1.0743994e-03   1.8767915e-03  -2.4470851e-03
  -5.4931474e-04  -6.5119573e-04   2.1279014e-03  -2.5784470e-03
  -2.1797983e-03  -6.5868606e-04   1.3183531e-03  -2.5746938e-03
  -1.3364447e-03  -8.1223783e-04   7.0299386e-05  -2.2181401e-03
  -1.3700856e-04  -1.0931252e-03  -1.1515189e-03  -1.9366503e-03
  -6.7675484e-04  -1.1343220e-03  -2.2683958e-03  -1.5613306e-03
  -2.4271820e-03  -8.7590563e-04  -1.2939395e-03  -1.7302244e-03
  -2.7607752e-03  -8.3845398e-04  -5.0687860e-04  -2.2031273e-03
  -5.3057355e-04  -8.1598299e-04  -1.7549323e-03  -2.0792718e-03
   1.3510419e-03  -7.9351200e-04  -2.3958247e-03  -1.8690927e-03
   7.4007913e-04  -1.0818897e-03  -1.9310840e-03  -2.0605058e-03
  -5.2307708e-04  -7.7478618e-04  -1.3583561e-04  -2.7323280e-03
  -5.2682532e-04  -5.9501826e-04  -4.5885793e-05  -2.7698600e-03
   6.3138023e-04  -1.2691480e-03  -2.0847483e-03  -2.4696043e-03
   1.0137005e-03  -1.0706542e-03  -2.7368845e-03  -2.1017910e-03
  -2.2696628e-04  -8.5717981e-04  -2.6281951e-03  -1.8578331e-03
  -9.2413854e-04  -8.0849266e-04  -1.8036551e-03  -2.1243101e-03
  -6.2427950e-04  -6.7741189e-04  -1.9198403e-03  -1.7152117e-03
  -3.3191694e-04  -1.2878738e-03  -3.2728354e-03  -1.5688370e-03
   3.1662146e-05  -1.1942447e-03  -2.3583456e-03  -1.7527436e-03
  -1.3316710e-05  -8.9837662e-04  -1.1290315e-03  -1.9066247e-03
  -2.0072861e-04  -1.0032412e-03  -1.5113182e-03  -2.3607615e-03
   7.0634499e-04  -7.8602167e-04  -1.5225619e-03  -2.1017910e-03
   1.5609433e-03  -7.7478618e-04  -8.6667786e-04  -2.3757743e-03
   1.0849170e-03  -9.2084761e-04  -7.0926569e-04  -2.6159789e-03
  -1.7064948e-05  -8.5343464e-04  -1.4513517e-03  -2.1993741e-03
  -1.0327442e-04  -7.8602167e-04  -1.9835547e-03  -2.5259022e-03
   4.8894718e-04  -1.0968704e-03  -1.9873027e-03  -2.1580889e-03
  -2.1946980e-04  -1.0556735e-03  -2.3021270e-03  -1.5012794e-03
  -1.2314941e-03  -7.0362804e-04  -2.4370517e-03  -1.7339776e-03
  -1.1827670e-03  -8.7216047e-04  -1.6462429e-03  -1.7077053e-03
  -3.8064403e-04  -7.6729585e-04  -1.2751999e-03  -1.7114585e-03
   2.9778704e-04  -6.2497958e-04  -1.3988809e-03  -2.0567526e-03
   2.8654233e-04  -7.8227651e-04  -3.2323106e-04  -2.0792718e-03
   2.7529762e-04  -5.3509562e-04   7.7115837e-04  -2.0717654e-03
   3.0903176e-04  -7.8602167e-04   1.4270424e-03  -2.2331528e-03
   2.6405290e-04  -8.6467014e-04   2.0192121e-03  -2.1918677e-03
   3.0528352e-04  -5.5756661e-04   1.8280687e-03  -1.9479099e-03
  -2.0719960e-06  -9.0212179e-04   1.9480018e-03  -1.9479099e-03
  -5.9804184e-04  -7.3358936e-04   1.9817330e-03  -2.0304802e-03
  -8.3792907e-04  -7.3733453e-04   1.7306231e-03  -1.7677564e-03
  -4.0688170e-04  -9.8451542e-04   2.1428931e-03  -1.6814329e-03
  -1.6324623e-04  -8.0474750e-04   2.4277341e-03  -1.9103779e-03
  -3.0942751e-04  -7.9725717e-04   2.8512479e-03  -2.1055441e-03
  -9.2029708e-05  -8.3470882e-04   3.3272323e-03  -2.1205569e-03
   6.6886261e-04  -9.0961212e-04   3.4734008e-03  -2.2218933e-03
   1.2910701e-03  -8.4219915e-04   3.3009969e-03  -2.3945403e-03
   5.2642956e-04  -6.8864738e-04   2.5888942e-03  -2.3607615e-03
  -9.5777946e-05  -7.0362804e-04   2.2665741e-03  -2.3532552e-03
   8.0389240e-05  -9.8826058e-04   2.5139361e-03  -2.3757743e-03
  -5.8295566e-05  -1.1230865e-03   1.7905896e-03  -2.2856976e-03
   9.5382192e-05  -9.4331860e-04   3.2890511e-04  -1.7039521e-03
   2.5655643e-04  -7.7104101e-04   2.5769484e-04  -1.7189649e-03
   6.9144526e-05  -7.8602167e-04   2.9072387e-05  -2.1055441e-03
  -2.0719960e-06  -7.6355068e-04  -5.1437442e-04  -1.6664201e-03
   2.8654233e-04  -6.0625375e-04  -4.3941624e-04  -1.7264713e-03
   6.6511437e-04  -4.8640847e-04  -9.7161932e-04  -1.6664201e-03
   7.9255446e-04  -5.6880210e-04  -7.8047596e-04  -1.7152117e-03
   6.5012142e-04  -7.6355068e-04  -8.1795505e-04  -2.0830250e-03
   5.8640137e-04  -6.1748925e-04  -1.5900243e-03  -1.8916119e-03
   8.3753332e-04  -9.7327992e-04  -1.7549323e-03  -2.1280633e-03
   6.9884851e-04  -9.8826058e-04  -2.0322776e-03  -2.0980378e-03
   4.1398242e-04  -5.7629243e-04  -2.5457411e-03  -1.8540799e-03
   6.6886261e-04  -8.4219915e-04  -2.6544305e-03  -1.9929482e-03
   3.3152119e-04  -5.8378276e-04  -2.7256407e-03  -1.9929482e-03
  -2.8318985e-04  -6.8864738e-04  -2.4183122e-03  -2.1580889e-03
   8.7885716e-05  -1.1081059e-03  -1.3651498e-03  -2.1168037e-03
  -8.0784994e-05  -7.6355068e-04  -1.7699239e-03  -1.7977820e-03
  -2.8318985e-04  -5.9501826e-04  -2.5419932e-03  -1.9404035e-03
   8.5627451e-04  -5.4258595e-04  -2.3208666e-03  -1.7489904e-03
   1.3997690e-03  -6.0999892e-04  -2.1709502e-03  -1.7752628e-03
   4.5896128e-04  -7.9351200e-04  -1.9910506e-03  -2.2143869e-03
  -5.1183236e-04  -8.8339596e-04  -1.5825285e-03  -2.0867782e-03
  -1.2951209e-04  -9.0961212e-04  -4.6565160e-04  -2.2856976e-03
   7.4007913e-04  -8.7590563e-04  -2.8200406e-04  -2.1806081e-03
   3.9524123e-04  -8.2721849e-04  -9.9410677e-04  -1.8765991e-03
  -5.1932884e-04  -7.3733453e-04  -4.4316415e-04  -2.0004546e-03
  -3.6939932e-04  -8.9463146e-04   3.3265302e-04  -2.0529994e-03
  -1.1826737e-04  -8.1223783e-04   3.3265302e-04  -2.0642590e-03
  -3.6565108e-04  -7.8602167e-04   3.2820296e-05  -1.7827692e-03
  -4.3302614e-05  -1.1455575e-03   4.2635074e-04  -1.7715096e-03
  -4.7050852e-05  -1.0706542e-03   1.3745717e-03  -2.1355697e-03
  -2.4945570e-04  -9.2084761e-04   1.9105227e-03  -2.1956209e-03
  -1.1451914e-04  -9.8451542e-04   1.7006398e-03  -2.0304802e-03
   3.9158622e-05  -8.0849266e-04   1.6331774e-03  -1.9404035e-03
   9.1633954e-05  -7.9725717e-04   2.5101881e-03  -2.1243101e-03
  -5.2307708e-04  -1.2017350e-03   2.4164904e-03  -2.3344892e-03
  -2.0822509e-04  -1.1530478e-03   1.8093292e-03  -1.9516631e-03
   5.3017780e-04  -9.9949608e-04   1.3108573e-03  -1.8390672e-03
  -1.7823918e-04  -9.1335728e-04   1.0035287e-03  -1.9629227e-03
  -7.0674074e-04  -6.2123441e-04   1.3595801e-03  -1.8127948e-03
  -4.7060175e-04  -8.4594431e-04   1.1384535e-03  -2.0905314e-03
  -3.2442046e-04  -1.0294574e-03   8.6110818e-04  -2.0267270e-03
  -5.8295566e-05  -8.4594431e-04   4.4883819e-04  -1.9816886e-03
   1.2161986e-04  -8.9463146e-04   5.2004847e-04  -2.1130505e-03
  -3.4316165e-04  -1.0444381e-03   6.7371273e-04  -2.2369060e-03
  -2.6819689e-04  -9.0212179e-04   1.9398038e-04  -2.3119700e-03
   1.1412338e-04  -7.5231519e-04  -2.0704588e-04  -1.8615863e-03
  -1.7074271e-04  -8.3470882e-04  -4.4691206e-04  -2.0379866e-03
  -1.2201561e-04  -7.6355068e-04  -3.4197060e-04  -2.1430761e-03
  -1.7823918e-04  -6.3621507e-04  -9.0415695e-04  -1.8878587e-03
  -4.0313346e-04  -8.8714113e-04  -1.2714520e-03  -2.0492462e-03
  -2.6444866e-04  -9.5455410e-04  -1.4101247e-03  -1.9666759e-03
  -3.7314756e-04  -6.9239255e-04  -1.4888308e-03  -2.0567526e-03
  -4.3686760e-04  -6.9239255e-04  -1.1552669e-03  -2.0642590e-03
  -1.2951209e-04  -7.1111837e-04  -1.7024616e-03  -1.9816886e-03
