  -1.1451914e-04  -5.8003760e-04  -2.2953333e-04  -1.9479099e-03
   1.6762420e-06  -7.8976684e-04  -3.4642066e-05  -2.1693485e-03
  -8.0784994e-05  -7.1486354e-04  -2.3702915e-04  -2.1393229e-03
  -2.9443456e-04  -6.8864738e-04  -2.6701242e-04  -2.3157232e-03
  -3.0567927e-04  -7.3733453e-04  -1.8081052e-04  -2.0980378e-03
  -2.3446275e-04  -7.3733453e-04  -1.8081052e-04  -2.0680122e-03
  -1.4075680e-04  -9.4331860e-04  -5.3381611e-05  -2.2031273e-03
  -1.9323213e-04  -6.9613771e-04  -6.0877429e-05  -1.9516631e-03
  -1.9698037e-04  -7.3733453e-04  -1.2833979e-04  -2.1993741e-03
  -3.4690989e-04  -8.9088629e-04  -2.0704588e-04  -2.4846170e-03
  -1.9323213e-04  -7.1860870e-04  -1.8081052e-04  -2.4733575e-03
  -3.9938522e-04  -8.8339596e-04  -2.5576870e-04  -2.2293996e-03
  -2.0072861e-04  -6.8115705e-04  -1.1709606e-04  -2.0379866e-03
  -1.5574975e-04  -7.6729585e-04  -1.0210443e-04  -2.0792718e-03
  -3.2816870e-04  -1.0332026e-03  -3.0894157e-05  -2.1468293e-03
   6.9144526e-05  -8.2721849e-04  -1.6956679e-04  -2.1993741e-03
  -3.0567927e-04  -8.4219915e-04  -2.2578543e-04  -1.9291439e-03
   2.8279409e-04  -9.1710245e-04   8.9038931e-05  -1.9591695e-03
   1.9283638e-04  -8.6467014e-04  -2.1079379e-04  -2.1318165e-03
  -3.5440637e-04  -6.7366672e-04  -1.9650430e-05  -1.9554163e-03
   5.4151574e-05  -6.9988288e-04  -6.8373247e-05  -1.9929482e-03
  -2.3821099e-04  -8.5343464e-04  -1.9580215e-04  -2.0379866e-03
   8.4137478e-05  -6.7366672e-04   2.1576569e-05  -1.7790160e-03
   9.5382192e-05  -7.0362804e-04  -2.7450824e-04  -1.9103779e-03
  -1.6699447e-04  -5.1262463e-04   7.4047295e-05  -2.1355697e-03
  -1.7449094e-04  -6.4745057e-04   1.0777848e-04  -2.0267270e-03
  -1.6699447e-04  -8.6467014e-04  -7.5869065e-05  -2.1205569e-03
   8.4137478e-05  -4.6393748e-04   7.0299386e-05  -2.0379866e-03
   1.6762420e-06  -6.8864738e-04  -4.5440787e-04  -2.1543357e-03
   1.6659871e-04  -6.9613771e-04  -3.4571851e-04  -2.1693485e-03
   1.1787162e-04  -9.3582827e-04   8.9038931e-05  -1.8240544e-03
  -2.9818280e-04  -1.0669090e-03   2.8393020e-04  -2.1017910e-03
  -3.0193104e-04  -4.7891814e-04   3.5888838e-04  -2.1655953e-03
   9.1727180e-06  -7.1111837e-04  -1.8081052e-04  -1.9741823e-03
  -1.3700856e-04  -7.1860870e-04  -5.7129520e-05  -1.9178843e-03
  -5.4547328e-05  -7.0737321e-04  -1.1334816e-04  -1.8841055e-03
   1.0662691e-04  -8.5717981e-04  -3.7944969e-04  -2.3157232e-03
  -1.8948390e-04  -7.2235387e-04  -1.2154612e-05  -2.1618421e-03
  -8.4533232e-05  -8.7590563e-04  -5.3381611e-05  -1.7865224e-03
  -1.8948390e-04  -7.1860870e-04  -2.7076033e-04  -2.2181401e-03
  -1.7449094e-04  -7.7104101e-04  -3.0823942e-04  -2.1881145e-03
  -1.5949799e-04  -9.9575091e-04  -2.1079379e-04  -1.9666759e-03
  -2.9443456e-04  -7.8602167e-04  -1.9580215e-04  -2.1393229e-03
  -3.2067223e-04  -9.0586695e-04  -8.7112792e-05  -2.0905314e-03
  -4.8934294e-04  -8.2721849e-04  -1.5457515e-04  -2.0042078e-03
  -3.8814051e-04  -5.9876342e-04  -1.9955006e-04  -2.2143869e-03
  -3.2816870e-04  -9.5080893e-04  -2.2953333e-04  -2.2369060e-03
  -7.7036756e-05  -9.7327992e-04  -2.7825615e-04  -2.0192206e-03
   1.6762420e-06  -9.8451542e-04  -2.5576870e-04  -2.0792718e-03
  -9.9526184e-05  -1.1418123e-03  -4.8064324e-04  -2.0792718e-03
  -2.5320394e-04  -9.1710245e-04  -1.8830634e-04  -2.2331528e-03
  -6.1303479e-04  -8.7965080e-04  -6.4625338e-05  -2.2256465e-03
  -3.7314756e-04  -1.0481832e-03  -1.0210443e-04  -1.9967014e-03
  -2.6444866e-04  -1.1305768e-03  -3.1198733e-04  -2.0642590e-03
  -3.5065813e-04  -9.3957344e-04  -4.7314742e-04  -1.8916119e-03
  -3.3941342e-04  -9.4706377e-04  -1.8081052e-04  -2.0642590e-03
  -3.6565108e-04  -1.0294574e-03  -4.3941624e-04  -2.1693485e-03
  -1.2951209e-04  -8.2721849e-04  -4.0568506e-04  -2.0792718e-03
  -2.9818280e-04  -7.0737321e-04  -3.8319760e-04  -2.2556720e-03
  -4.6685351e-04  -9.1335728e-04  -1.8455843e-04  -1.9779355e-03
  -2.9068632e-04  -1.1567930e-03   2.9517393e-04  -1.9816886e-03
  -1.6324623e-04  -7.3733453e-04  -1.1709606e-04  -2.0267270e-03
  -8.4533232e-05  -6.9613771e-04  -3.6820597e-04  -1.9929482e-03
   1.6762420e-06  -8.6467014e-04  -2.4452497e-04  -2.0867782e-03
  -1.5949799e-04  -7.9351200e-04  -2.0704588e-04  -1.9516631e-03
  -3.2816870e-04  -9.3582827e-04  -2.1454170e-04  -2.0867782e-03
  -3.5065813e-04  -9.8077025e-04  -9.1088500e-07  -1.9178843e-03
  -6.3927246e-04  -1.0032412e-03   2.7643438e-04  -1.9216375e-03
  -3.9563699e-04  -7.9725717e-04   1.3026593e-04  -2.0229738e-03
  -2.4570747e-04  -7.7104101e-04  -1.6207097e-04  -1.8991183e-03
  -1.2576385e-04  -7.8227651e-04  -4.7689533e-04  -1.9891950e-03
   3.1278000e-04  -5.6505694e-04  -3.4571851e-04  -1.8165480e-03
  -1.3326033e-04  -4.9764397e-04   9.2786840e-05  -2.0905314e-03
  -4.8934294e-04  -8.8339596e-04   2.3145947e-04  -2.1731017e-03
  -4.2562289e-04  -1.2167156e-03   1.3026593e-04  -1.9479099e-03
  -3.8064403e-04  -7.5606035e-04  -4.5885793e-05  -1.8916119e-03
  -9.5684720e-06  -6.3621507e-04  -2.2578543e-04  -1.8127948e-03
   2.4156347e-04  -6.6992156e-04  -5.2187024e-04  -1.9441567e-03
  -4.7050852e-05  -5.8752793e-04  -5.4810560e-04  -1.9178843e-03
  -1.9323213e-04  -9.0212179e-04  -1.6956679e-04  -2.1092973e-03
  -2.1197332e-04  -8.0849266e-04   1.1152638e-04  -2.3645147e-03
  -3.1317575e-04  -7.6355068e-04  -1.0210443e-04  -2.2894508e-03
  -8.4533232e-05  -8.1972816e-04  -2.2578543e-04  -2.1393229e-03
  -1.3326033e-04  -6.6992156e-04  -1.0585234e-04  -2.2519188e-03
  -2.7569337e-04  -8.4594431e-04  -2.1454170e-04  -2.2068805e-03
  -2.2696628e-04  -8.3096365e-04  -2.3328124e-04  -2.1017910e-03
  -2.9068632e-04  -7.0737321e-04  -3.0823942e-04  -2.1580889e-03
  -1.4825328e-04  -9.3957344e-04  -2.1454170e-04  -2.1768549e-03
  -1.5949799e-04  -9.5829926e-04  -1.9955006e-04  -2.3119700e-03
  -2.2696628e-04  -7.3358936e-04  -3.2323106e-04  -2.1017910e-03
  -1.8573566e-04  -8.6841530e-04  -1.4707934e-04  -2.3044636e-03
  -3.5815461e-04  -9.5829926e-04  -1.8455843e-04  -2.3082168e-03
  -3.2442046e-04  -6.9613771e-04  -7.2121156e-05  -1.9629227e-03
  -2.0447685e-04  -8.0100233e-04   6.2803568e-05  -2.2256465e-03
   9.1727180e-06  -9.9200575e-04  -9.0860701e-05  -2.1918677e-03
  -5.8295566e-05  -8.7590563e-04  -2.3328124e-04  -2.1543357e-03
  -3.5065813e-04  -7.3358936e-04  -4.0943297e-04  -2.1956209e-03
  -1.0327442e-04  -6.7741189e-04  -2.2578543e-04  -2.0942846e-03
  -8.4533232e-05  -7.5980552e-04   5.5307750e-05  -2.1092973e-03
  -8.8281470e-05  -8.1598299e-04  -2.3398339e-05  -1.8991183e-03
   1.7409519e-04  -5.9501826e-04  -1.1334816e-04  -1.6851861e-03
  -1.7064948e-05  -5.8752793e-04   1.0777848e-04  -1.9704291e-03
  -1.5200152e-04  -9.6204443e-04   9.2786840e-05  -1.9666759e-03
  -8.0784994e-05  -8.4594431e-04  -1.5082725e-04  -1.6776797e-03
   8.7885716e-05  -6.6243123e-04  -3.4642066e-05  -1.9404035e-03
   7.6641002e-05  -8.0474750e-04  -6.0877429e-05  -2.0717654e-03
  -2.3446275e-04  -8.8714113e-04  -1.0585234e-04  -1.9666759e-03
   9.5382192e-05  -8.2721849e-04  -1.9650430e-05  -2.1393229e-03
  -1.7064948e-05  -8.0100233e-04  -1.8455843e-04  -2.1655953e-03
  -3.2816870e-04  -7.7104101e-04  -1.4707934e-04  -2.0079610e-03
  -8.8281470e-05  -6.8490222e-04   6.6551477e-05  -2.0529994e-03
  -1.7074271e-04  -7.4107969e-04   2.1576569e-05  -1.8578331e-03
   7.2892764e-05  -6.8115705e-04  -1.3958352e-04  -1.8240544e-03
   1.3661281e-04  -6.9239255e-04  -4.8439115e-04  -2.0417398e-03
  -2.4945570e-04  -6.2497958e-04  -4.3566833e-04  -1.8090416e-03
  -4.2562289e-04  -8.9837662e-04  -6.0877429e-05  -1.9028715e-03
  -3.9938522e-04  -1.0631639e-03  -1.2833979e-04  -2.0830250e-03
  -3.0567927e-04  -8.8714113e-04   4.7811932e-05  -2.0567526e-03
  -3.3191694e-04  -9.0212179e-04   1.7828660e-05  -2.0304802e-03
  -2.7569337e-04  -7.5231519e-04  -2.2578543e-04  -1.9178843e-03
  -8.8281470e-05  -9.3957344e-04  -1.1334816e-04  -2.0492462e-03
  -1.3700856e-04  -8.3470882e-04  -3.6071015e-04  -1.9178843e-03
  -1.1077090e-04  -9.2084761e-04  -3.2697897e-04  -1.9328971e-03
  -9.9526184e-05  -9.2833794e-04  -7.9616974e-05  -2.1130505e-03
  -3.1317575e-04  -6.5868606e-04  -2.2578543e-04  -2.0454930e-03
  -1.7074271e-04  -8.7590563e-04  -1.2459188e-04  -2.3795275e-03
  -2.7569337e-04  -8.5343464e-04  -1.3208770e-04  -2.1580889e-03
  -3.5815461e-04  -1.0931252e-03  -1.9955006e-04  -1.7790160e-03
  -1.9698037e-04  -1.0481832e-03  -2.0329797e-04  -2.1918677e-03
  -2.5695218e-04  -8.0100233e-04  -2.9699570e-04  -2.2369060e-03
  -3.9938522e-04  -1.0257122e-03  -5.7129520e-05  -2.1693485e-03
  -4.2562289e-04  -1.0069864e-03  -6.4625338e-05  -2.1956209e-03
  -2.6070042e-04  -7.1111837e-04  -1.3208770e-04  -1.8803523e-03
  -4.2187465e-04  -8.5343464e-04  -8.3364883e-05  -2.0454930e-03
  -3.7314756e-04  -1.0069864e-03  -3.3447479e-04  -2.3344892e-03
  -2.2696628e-04  -9.2833794e-04  -4.5815578e-04  -2.1618421e-03
  -2.8693808e-04  -1.0444381e-03  -2.2203752e-04  -2.2293996e-03
  -3.1317575e-04  -8.3845398e-04  -2.1079379e-04  -2.1055441e-03
  -3.6565108e-04  -8.6467014e-04  -3.9818924e-04  -1.9103779e-03
  -4.4061584e-04  -9.6204443e-04  -1.5082725e-04  -2.0417398e-03
  -3.4690989e-04  -7.8976684e-04  -1.7706261e-04  -2.0117142e-03
  -9.5684720e-06  -7.2984420e-04  -2.1828961e-04  -1.9967014e-03
  -3.4690989e-04  -8.1223783e-04  -1.8081052e-04  -1.8503268e-03
  -4.3686760e-04  -9.1335728e-04  -2.0329797e-04  -1.9816886e-03
  -9.2029708e-05  -6.8115705e-04   7.0299386e-05  -2.2031273e-03
  -2.2696628e-04  -8.5717981e-04   7.7795204e-05  -2.0154674e-03
  -1.3700856e-04  -9.6204443e-04  -1.5082725e-04  -1.9516631e-03
   7.6641002e-05  -7.3358936e-04  -6.4929914e-04  -1.8090416e-03
  -5.8202340e-06  -8.7216047e-04  -3.7570179e-04  -1.9704291e-03
  -3.3566518e-04  -8.7590563e-04   5.5307750e-05  -2.0454930e-03
  -3.6565108e-04  -8.2721849e-04  -8.3364883e-05  -2.0605058e-03
  -3.5065813e-04  -7.6729585e-04   2.5019902e-04  -2.1468293e-03
  -5.0058765e-04  -9.5455410e-04   1.5275338e-04  -1.7977820e-03
  -2.1197332e-04  -9.1710245e-04  -7.2121156e-05  -2.1092973e-03
   5.4244800e-06  -5.6880210e-04  -3.2697897e-04  -2.1205569e-03
  -1.2201561e-04  -8.0474750e-04  -5.1812233e-04  -1.7902756e-03
  -1.7449094e-04  -8.7590563e-04  -1.5457515e-04  -2.1505825e-03
  -2.7569337e-04  -8.4968948e-04  -6.4625338e-05  -2.0717654e-03
  -3.0567927e-04  -8.7216047e-04   1.5650129e-04  -2.1280633e-03
  -2.6444866e-04  -8.1972816e-04   2.5394693e-04  -2.1430761e-03
  -3.7314756e-04  -7.7104101e-04   1.1527429e-04  -1.7715096e-03
  -1.5949799e-04  -9.6578959e-04  -1.4707934e-04  -2.1130505e-03
  -2.4561424e-05  -9.7327992e-04  -2.0329797e-04  -2.1731017e-03
  -1.6324623e-04  -6.1374408e-04   1.4150966e-04  -2.0755186e-03
  -1.2576385e-04  -9.1710245e-04  -7.2121156e-05  -2.2406592e-03
  -3.7689580e-04  -8.4219915e-04   1.3776175e-04  -2.3757743e-03
  -3.5440637e-04  -6.7741189e-04   1.6399711e-04  -2.3607615e-03
  -9.5777946e-05  -9.0586695e-04  -2.1828961e-04  -1.9666759e-03
  -3.0942751e-04  -8.9837662e-04   3.2820296e-05  -2.1543357e-03
  -8.4533232e-05  -7.4857002e-04  -2.7825615e-04  -2.0567526e-03
  -5.8295566e-05  -6.7741189e-04  -6.4625338e-05  -1.9028715e-03
  -3.9938522e-04  -9.8451542e-04   8.9038931e-05  -2.1768549e-03
  -1.7074271e-04  -8.6841530e-04  -1.3583561e-04  -2.2969572e-03
   1.2920956e-05  -7.5231519e-04  -4.2817251e-04  -2.4545915e-03
  -5.8295566e-05  -9.0961212e-04  -3.5696224e-04  -2.2519188e-03
  -1.5574975e-04  -9.0961212e-04  -1.0210443e-04  -2.3269828e-03
  -3.3941342e-04  -1.0069864e-03  -1.1027961e-03  -2.0717654e-03
  -1.6699447e-04  -9.5829926e-04   3.5139256e-04  -2.1318165e-03
  -1.2201561e-04  -8.2347332e-04  -4.9563487e-04  -2.4620979e-03
  -1.5949799e-04  -8.6841530e-04   3.8512374e-04  -1.9591695e-03
  -1.6699447e-04  -6.4370540e-04   1.0403057e-04  -2.4846170e-03
  -4.8184646e-04  -4.7891814e-04  -5.0313069e-04  -2.0567526e-03
   3.2777295e-04  -7.4107969e-04   1.2583865e-03  -1.7489904e-03
  -2.4945570e-04  -6.7741189e-04  -1.8036551e-03  -1.8991183e-03
   4.4022009e-04  -7.5980552e-04   3.0536350e-03  -1.7752628e-03
  -4.2562289e-04  -8.7590563e-04  -4.5658640e-03  -2.3795275e-03
  -5.4556651e-04  -8.9463146e-04   1.3240452e-02   4.6839892e-03
   5.8826617e-03  -7.6355068e-04   7.9919501e-02   8.9138422e-03
   5.3579083e-03   1.6525024e-04   1.2039317e-01   2.1993728e-03
   1.1412338e-04   1.0678350e-03   8.6845636e-02   1.1747500e-03
   2.7341417e-03   4.2366662e-04   1.8468785e-02   3.5505237e-03
   1.5155802e-02  -7.9725717e-04  -5.7427075e-03  -9.3829988e-04
   1.7097390e-02  -5.6880210e-04   2.0454474e-03  -1.0392603e-02
   1.3772703e-02   5.8096355e-04  -1.4213684e-03  -1.3823025e-02
   8.3040234e-03   1.3524675e-03  -6.5742983e-02  -7.9267527e-03
   4.5108066e-03   8.8806708e-04  -1.4387939e-01  -5.9300519e-03
   6.3624361e-03  -7.4482486e-04  -1.5124778e-01  -1.0073581e-02
  -2.7300489e-02  -1.2316963e-03  -1.5737561e-01  -2.6872897e-03
  -4.4437433e-02  -1.0032412e-03  -1.6575593e-01   4.9542194e-03
  -2.2941289e-02  -4.3102219e-03  -1.0098457e-01  -3.1114009e-03
  -1.5838284e-03  -4.7558966e-03  -6.7021020e-02  -1.4712539e-03
   1.2502050e-02  -2.0668681e-03  -3.9455149e-02  -3.0213242e-03
   2.7041558e-03  -7.6729585e-04   4.4569223e-02  -1.6202552e-02
  -9.2677163e-03   1.1502286e-03   1.2258499e-02  -7.3900455e-03
   1.2194694e-02  -2.2316554e-03  -5.6684514e-04   3.5955621e-03
   4.1307259e-02  -4.9581355e-03   7.7138552e-02  -5.9450647e-03
  -1.3701789e-03  -2.4301491e-03   8.1471135e-02  -6.8533384e-03
  -3.5254250e-02  -4.4521166e-04   7.3023348e-02   1.0884265e-03
   6.4973727e-03  -1.8009614e-03   8.8277338e-02   2.5146357e-04
   1.7329781e-02  -4.4338124e-03   7.1284318e-02   4.0534521e-03
  -1.3874301e-02  -1.4863675e-03   4.6057143e-02   7.5364189e-03
  -2.6981889e-02   1.9816553e-03   6.0550307e-02   1.4712526e-03
  -7.7909106e-03   1.1539738e-03   4.2631554e-02  -1.7152117e-03
   1.0440519e-02  -9.4331860e-04  -3.2466001e-03   1.2535672e-03
   6.8871894e-03  -9.1710245e-04  -6.4435665e-03  -4.2411189e-04
  -6.0254905e-03   1.3112707e-03   3.1016556e-04  -6.0914394e-03
  -1.8788241e-02   2.1314619e-03  -1.0052803e-02  -5.7461452e-03
  -9.5300930e-03   7.5324114e-04  -1.0258938e-02  -3.7119125e-03
   1.3330411e-02  -1.8833550e-03  -5.8626406e-03  -2.5972130e-03
   7.5468793e-03  -2.6174074e-03  -1.0536283e-02  -1.4712539e-03
  -1.2614893e-02  -6.4745057e-04   8.2407410e-03  -3.1189073e-03
  -1.3660651e-02   4.0868596e-04   2.2063029e-02  -5.9000263e-03
  -2.1273229e-03  -9.2084761e-04   7.0151748e-03  -3.3290864e-03
   1.0777860e-02  -1.8084517e-03  -2.7443803e-03   1.3961887e-03
   9.0124404e-03  -1.4526610e-03   2.0941702e-03   5.5171933e-04
  -5.3807935e-03  -5.9127309e-04   1.0009754e-02  -2.5334086e-03
  -1.3960510e-02   5.0980542e-04   1.2663274e-02  -3.3553588e-03
  -5.9992528e-03  -9.8451542e-04   3.6638420e-04  -1.5275518e-03
   1.1924821e-02  -2.5837009e-03  -7.5829308e-03  -9.8333825e-04
   1.0163149e-02  -2.0481423e-03  -3.2578438e-03  -1.8203012e-03
  -5.7256314e-03  -8.9088629e-04  -5.4503706e-03  -2.9462603e-03
  -6.8501028e-03  -3.9277935e-04  -5.6227744e-03  -4.2035813e-03
   3.9335779e-03  -2.1867134e-03  -7.9652175e-03  -3.8019892e-03
   6.9659024e-03  -3.2503402e-03  -1.7814722e-02  -2.7548472e-03
  -2.7232928e-03  -1.6548999e-03  -1.9741148e-02  -1.6664201e-03
  -5.5831984e-03   4.2741179e-04  -1.2496439e-02  -2.8449240e-03
   5.5266723e-04   8.3188961e-04  -1.4666479e-02  -2.6009662e-03
   3.5924882e-03  -1.0814681e-04  -2.4066235e-02   3.9408505e-04
   5.5115861e-03  -8.0849266e-04  -1.5899541e-02  -4.6915026e-04
  -4.3686760e-04  -8.7216047e-04  -7.9277384e-03  -2.8561835e-03
  -9.6537848e-03  -3.0289539e-04  -1.3249769e-02  -2.4921234e-03
  -3.0643824e-03  -3.7030836e-04  -1.2391498e-02  -1.9891950e-03
   8.9599651e-03  -1.0556735e-03  -1.4284192e-02  -2.9537667e-03
   6.1113042e-03  -6.8490222e-04  -1.4539050e-02  -3.2878012e-03
  -3.8252748e-03   1.6899540e-04  -9.1158256e-03  -3.4942270e-03
  -4.1738609e-03   4.9150125e-05  -1.0082786e-02  -3.7306784e-03
   4.2109475e-03  -1.2279511e-03  -9.6217933e-03  -3.1526861e-03
   4.6232537e-03  -2.1829682e-03  -8.3137730e-03  -2.4771107e-03
  -3.5441569e-03  -1.3477964e-03  -7.3730479e-03  -2.1318165e-03
  -4.9684873e-03  -9.2084761e-04  -1.9085966e-03  -2.7285749e-03
  -1.8198742e-04  -1.5837418e-03   1.9704892e-03  -2.1543357e-03
   3.0977208e-03  -1.9657486e-03  -2.0922441e-03  -4.7665665e-04
  -3.2057900e-05  -2.2391457e-03   6.9620019e-04  -7.7691241e-04
  -4.3537763e-03  -1.7372936e-03   1.2831930e-02  -2.5521746e-03
  -3.9752043e-03  -1.3028544e-03   1.4567211e-02  -2.8411708e-03
   5.7515666e-04  -9.2459278e-04   9.0690289e-03  -1.2348024e-03
   6.6173163e-03  -3.8154385e-04   1.0913000e-02  -8.6323594e-04
   5.3953907e-03   4.6298000e-07   1.3903832e-02  -1.9741823e-03
  -1.5313531e-03   5.3227641e-04   1.3098031e-02  -2.3945403e-03
  -4.2188397e-03  -3.1038572e-04   1.2314718e-02  -1.6251349e-03
  -2.6444866e-04  -1.4676417e-03   7.7047900e-03  -1.0058574e-03
  -5.5306298e-04  -1.7185678e-03   5.0999933e-03  -4.5789067e-04
  -5.2870876e-03  -1.0519284e-03   7.4386885e-03  -3.6030754e-04
  -1.3739271e-03   1.1656309e-04   1.2333458e-02  -2.3945403e-03
   6.1975137e-03   5.0606025e-04   1.3600251e-02  -3.1376733e-03
   5.6989980e-03   4.9856992e-04   4.9388332e-03  -7.9567840e-04
   2.7913908e-05   2.7011486e-04   2.1766242e-03   1.5012156e-05
  -1.0628233e-03  -2.7667923e-04   1.4927011e-02  -2.7698600e-03
  -1.7074271e-04  -1.1006155e-03   1.9690603e-02  -4.0722194e-03
  -7.4797136e-04  -1.3403061e-03   6.5241987e-03  -1.5500710e-03
   2.0744519e-03  -7.5231519e-04   2.0829265e-03  -2.6272442e-04
   4.4658277e-03  -5.2011496e-04   7.7010421e-03  -1.8015352e-03
   5.4891899e-04  -3.2536638e-04   5.8195918e-03  -2.1881145e-03
  -4.0651620e-03  -2.6544374e-04  -1.8486300e-03  -6.5681011e-04
  -1.8424569e-03  -1.1979898e-03  -3.9624507e-03  -5.3670780e-04
   1.9919906e-03  -1.5612708e-03  -9.3039232e-04  -1.8916119e-03
  -2.4945570e-04  -7.7853134e-04  -2.6956575e-03  -2.1393229e-03
  -1.9024287e-03  -2.8416956e-04  -6.9757695e-03  -1.5275518e-03
   2.9440431e-03  -4.1899550e-04  -7.6991160e-03  -2.0980378e-03
   5.8301863e-03  -6.2872474e-04  -6.3423729e-03  -2.7586004e-03
   7.6256856e-04  -8.8339596e-04  -9.2357587e-03  -2.1168037e-03
  -4.2375809e-03  -1.0931252e-03  -1.0476317e-02  -1.9178843e-03
  -1.6850309e-03  -1.0856349e-03  -6.7134159e-03  -2.6797833e-03
   2.4642686e-03  -1.6249386e-03  -7.2980897e-03  -2.6084725e-03
   2.1569131e-03  -1.2242060e-03  -1.1357075e-02  -1.4299687e-03
   1.1373924e-03  -1.8679527e-04  -9.9178781e-03  -1.5275518e-03
   1.0324417e-03  -2.3548242e-04  -3.6551222e-03  -2.8449240e-03
   7.3633089e-04  -6.0625375e-04  -2.6619263e-03  -3.1752053e-03
   1.4747338e-03  -7.7478618e-04  -6.3311292e-03  -2.2744380e-03
   8.5252627e-04  -3.1787605e-04  -8.2837898e-03  -1.6964457e-03
  -6.4676893e-04  -4.0776001e-04  -6.0088090e-03  -2.0529994e-03
  -1.8198742e-04  -6.4745057e-04  -1.9685631e-03  -2.5822002e-03
   2.9778704e-04  -9.3208311e-04  -3.8387697e-03  -2.1168037e-03
   7.3633089e-04  -1.8084517e-03  -6.2411794e-03  -1.4487347e-03
   9.7246988e-04  -1.6661354e-03  -1.4775870e-03  -2.4283191e-03
  -3.8439227e-04  -1.2167156e-03   1.5619672e-03  -3.0738690e-03
  -1.0215927e-03  -9.5455410e-04  -8.1045923e-04  -2.5371618e-03
   1.3248043e-03  -8.6841530e-04  -2.2534042e-03  -1.7865224e-03
   3.5212717e-03  -1.1755188e-03  -1.4588475e-03  -1.8315608e-03
   1.2535877e-03  -9.4331860e-04   9.2107473e-04  -2.3344892e-03
  -3.3305073e-03  -8.5717981e-04   2.2553303e-03  -1.8878587e-03
  -3.2180602e-03  -1.1755188e-03   4.9756101e-04  -1.4862666e-03
   7.1758970e-04  -1.3889932e-03   9.5855382e-04  -1.2047769e-03
   2.1081860e-03  -1.4039739e-03   3.5596027e-03  -1.7302244e-03
   4.1398242e-04  -8.3096365e-04   3.0723745e-03  -2.0942846e-03
  -1.6962756e-03  -4.0026968e-04   1.5244881e-03  -1.4599943e-03
  -1.2877176e-03  -3.8154385e-04   1.8393124e-03  -1.4262155e-03
   1.2798254e-03  -6.0999892e-04   4.3616552e-03  -1.8465736e-03
   1.5272091e-03  -5.3884078e-04   7.1088725e-03  -2.5183958e-03
   8.4137478e-05  -2.5420824e-04   6.7640649e-03  -2.4283191e-03
   1.1111547e-03  -3.6281803e-04   5.5310028e-03  -1.9328971e-03
   1.5197126e-03  -4.2274067e-04   4.9763123e-03  -1.6814329e-03
  -3.1692399e-04  -6.3621507e-04   3.1998034e-03  -1.3436452e-03
  -1.7037720e-03  -6.6243123e-04   3.4621570e-03  -1.5087858e-03
  -1.8274639e-03  -6.5868606e-04   4.8601271e-03  -2.0117142e-03
  -4.1437818e-04  -9.2084761e-04   4.3953864e-03  -1.9891950e-03
   7.1384146e-04  -8.3845398e-04   3.8481917e-03  -1.5876030e-03
   8.8626041e-04  -6.8864738e-04   3.6533004e-03  -1.6889393e-03
   8.4137478e-05  -6.1748925e-04   4.3391677e-03  -1.8615863e-03
  -9.7286564e-04  -5.4258595e-04   4.3391677e-03  -2.0004546e-03
  -6.4676893e-04  -6.0999892e-04   3.0273996e-03  -2.0154674e-03
   3.2777295e-04  -7.4482486e-04   1.7418668e-03  -1.7752628e-03
   8.4877803e-04  -7.6355068e-04   9.2857055e-04  -1.6739265e-03
   3.1652823e-04  -7.1860870e-04   2.8018229e-04  -1.7339776e-03
  -6.6176188e-04  -8.5717981e-04  -7.8797178e-04  -1.8278076e-03
  -6.3177598e-04  -8.9837662e-04  -1.6949658e-03  -1.9854418e-03
  -6.2043804e-05  -5.8752793e-04  -2.4108164e-03  -2.2331528e-03
  -8.4533232e-05  -7.2235387e-04  -3.4602309e-03  -2.1881145e-03
  -4.7050852e-05  -7.1486354e-04  -4.1236108e-03  -2.1580889e-03
   1.1412338e-04  -4.8266331e-04  -4.5808557e-03  -2.2706848e-03
   2.7154938e-04  -8.5717981e-04  -5.2292439e-03  -2.4283191e-03
  -1.5200152e-04  -8.1223783e-04  -5.4841018e-03  -2.3682679e-03
  -1.1827670e-03  -9.0586695e-04  -5.8289094e-03  -2.3119700e-03
  -5.6430770e-04  -1.2616576e-03  -4.3859644e-03  -2.5183958e-03
   2.4156347e-04  -1.2167156e-03  -3.2540959e-03  -2.6947961e-03
  -1.2951209e-04  -9.9575091e-04  -4.4459310e-03  -2.5671874e-03
  -8.8281470e-05  -5.4633111e-04  -4.0673921e-03  -2.1055441e-03
   2.0408109e-04  -6.0625375e-04  -2.4970183e-03  -2.4433319e-03
   3.9898947e-04  -7.5231519e-04  -2.1297232e-03  -2.7736132e-03
  -2.9068632e-04  -8.4594431e-04  -3.0929358e-03  -2.2856976e-03
  -8.9415264e-04  -1.0444381e-03  -3.4077602e-03  -2.0042078e-03
  -7.1798545e-04  -8.6467014e-04  -3.3552894e-03  -2.2068805e-03
  -1.5351013e-03  -1.0706542e-03  -3.5801640e-03  -2.2669316e-03
  -1.4638848e-03  -1.0069864e-03  -2.9317757e-03  -2.0192206e-03
  -7.3288518e-05  -7.7853134e-04  -2.1896897e-03  -2.1993741e-03
   3.4651414e-04  -1.0182219e-03  -1.1365273e-03  -2.3570083e-03
   4.6655098e-05  -7.2609903e-04  -7.6173641e-04  -2.2369060e-03
  -3.6565108e-04  -7.5980552e-04  -9.2664441e-04  -2.2181401e-03
  -3.9188875e-04  -9.3208311e-04   1.9398038e-04  -2.2781912e-03
  -3.9938522e-04  -8.0849266e-04   7.2243555e-04  -2.2068805e-03
  -7.7795726e-04  -7.1111837e-04   1.5275338e-04  -2.1017910e-03
  -6.5426541e-04  -4.8640847e-04   4.0011538e-04  -2.1092973e-03
  -5.1932884e-04  -8.8339596e-04   1.3670759e-03  -2.0454930e-03
  -7.4797136e-04  -8.5343464e-04   1.2471428e-03  -2.1017910e-03
  -7.6296431e-04  -5.3884078e-04   1.2733782e-03  -1.8765991e-03
  -1.1040540e-03  -8.3845398e-04   2.1653805e-03  -1.9854418e-03
  -1.1452846e-03  -8.1598299e-04   2.4127425e-03  -2.1580889e-03
  -5.1558060e-04  -6.6617639e-04   2.7050794e-03  -2.0980378e-03
  -1.6699447e-04  -7.0362804e-04   2.4614653e-03  -2.4095531e-03
  -1.4825328e-04  -7.4857002e-04   2.3452801e-03  -2.1168037e-03
  -4.3686760e-04  -7.3733453e-04   2.9074665e-03  -1.9967014e-03
  -7.9295021e-04  -6.3246991e-04   2.7125752e-03  -2.1806081e-03
  -1.0140963e-03  -8.3096365e-04   2.5289277e-03  -2.0642590e-03
  -1.0590751e-03  -1.1680285e-03   2.3265406e-03  -1.8991183e-03
  -8.5292202e-04  -8.9837662e-04   1.5919504e-03  -1.7527436e-03
  -9.7286564e-04  -8.6092497e-04   1.2583865e-03  -1.7752628e-03
  -9.9160683e-04  -9.0586695e-04   1.2284033e-03  -1.8428204e-03
  -4.7809822e-04  -7.2984420e-04   9.6604964e-04  -2.1618421e-03
  -4.8559470e-04  -9.0212179e-04   7.6366255e-04  -1.9253907e-03
  -7.5921607e-04  -7.4482486e-04   3.5888838e-04  -1.7077053e-03
  -8.0419493e-04  -8.6467014e-04  -4.2137884e-05  -2.1468293e-03
  -7.9669845e-04  -9.9575091e-04   1.5650129e-04  -2.1693485e-03
  -7.5171960e-04  -9.6204443e-04   2.3520738e-04  -2.2106337e-03
  -5.5306298e-04  -9.2459278e-04  -4.3566833e-04  -2.3795275e-03
  -1.7074271e-04  -7.4107969e-04  -7.5424059e-04  -2.1055441e-03
  -5.6055946e-04  -1.0968704e-03  -6.7553451e-04  -2.1017910e-03
  -1.1752705e-03  -7.9351200e-04  -9.1914859e-04  -2.1393229e-03
  -1.0553269e-03  -6.7741189e-04  -1.3614019e-03  -1.9404035e-03
  -7.7420902e-04  -1.1118510e-03  -1.7436886e-03  -2.1806081e-03
  -6.0928655e-04  -8.7965080e-04  -1.5750327e-03  -2.3082168e-03
  -7.5171960e-04  -9.4331860e-04  -1.7811677e-03  -2.2031273e-03
  -7.7795726e-04  -9.5080893e-04  -1.7099574e-03  -2.2218933e-03
  -2.9443456e-04  -9.2459278e-04  -1.1515189e-03  -2.3757743e-03
  -3.9563699e-04  -1.0144767e-03  -1.2527125e-03  -2.2068805e-03
  -7.6671255e-04  -1.1343220e-03  -1.0540733e-03  -2.1693485e-03
  -6.3177598e-04  -1.2129705e-03  -8.8916532e-04  -2.2819444e-03
  -3.7689580e-04  -9.2459278e-04  -9.0415695e-04  -2.0680122e-03
  -1.6324623e-04  -1.0631639e-03  -9.0040905e-04  -2.1017910e-03
  -5.2682532e-04  -9.2084761e-04  -1.0503254e-03  -1.9554163e-03
  -6.7300660e-04  -6.3246991e-04  -8.8916532e-04  -2.0605058e-03
  -4.2562289e-04  -9.3957344e-04  -6.6803869e-04  -1.9366503e-03
  -6.6176188e-04  -1.0594187e-03  -6.7178660e-04  -1.9929482e-03
  -5.7180417e-04  -9.2833794e-04  -1.1365273e-03  -2.2744380e-03
  -4.7809822e-04  -8.1972816e-04  -1.4775870e-03  -1.6964457e-03
  -4.7434998e-04  -9.2833794e-04  -1.1815022e-03  -1.8803523e-03
  -1.9698037e-04  -1.0556735e-03  -6.1182005e-04  -2.1693485e-03
  -4.3686760e-04  -8.6467014e-04  -3.6071015e-04  -2.1543357e-03
  -4.4436408e-04  -8.4594431e-04  -4.5440787e-04  -2.2781912e-03
  -1.2951209e-04  -8.6092497e-04  -1.8830634e-04  -2.1130505e-03
  -4.7050852e-05  -7.6729585e-04  -1.6956679e-04  -2.2031273e-03
   6.5396288e-05  -8.4968948e-04  -5.0313069e-04  -2.1243101e-03
  -2.4570747e-04  -9.0961212e-04  -4.0193715e-04  -1.9816886e-03
  -2.7569337e-04  -1.0519284e-03   1.0332842e-05  -2.1693485e-03
  -3.9188875e-04  -1.0444381e-03   3.6263629e-04  -2.2181401e-03
  -9.2413854e-04  -9.4331860e-04   8.1543113e-05  -2.2293996e-03
  -5.9429360e-04  -8.1223783e-04  -7.2121156e-05  -2.0529994e-03
  -1.7823918e-04  -9.0212179e-04   2.6519065e-04  -1.8841055e-03
  -1.5200152e-04  -9.5829926e-04   2.7268647e-04  -2.0867782e-03
  -2.1946980e-04  -7.6355068e-04   5.7626710e-04  -2.1505825e-03
  -2.3446275e-04  -8.4968948e-04   1.0222683e-03  -2.3119700e-03
  -5.0799090e-05  -8.0100233e-04   1.1834284e-03  -2.4545915e-03
