  -1.6699447e-04  -8.2721849e-04  -1.9650430e-05  -2.0042078e-03
   9.1727180e-06  -7.2984420e-04  -2.2953333e-04  -2.0942846e-03
  -2.4570747e-04  -9.0212179e-04  -1.2459188e-04  -1.9328971e-03
  -4.7050852e-05  -6.8115705e-04  -4.2137884e-05  -1.8503268e-03
   5.0403336e-05  -6.8864738e-04  -2.1828961e-04  -1.9216375e-03
  -3.5440637e-04  -9.3208311e-04   1.3026593e-04  -2.0192206e-03
  -2.7944161e-04  -8.6841530e-04  -3.4642066e-05  -2.1205569e-03
  -2.2696628e-04  -8.1223783e-04  -6.0877429e-05  -2.0942846e-03
  -1.2201561e-04  -7.8976684e-04   5.9055659e-05  -1.9591695e-03
   9.9130430e-05  -8.6467014e-04  -4.6939951e-04  -2.1092973e-03
   5.0403336e-05  -5.8752793e-04  -1.8830634e-04  -2.0117142e-03
  -3.5806138e-05  -5.9127309e-04   8.1543113e-05  -1.9178843e-03
  -3.5815461e-04  -7.9725717e-04  -2.2953333e-04  -2.0117142e-03
  -3.0567927e-04  -7.2609903e-04  -1.5902521e-05  -2.0079610e-03
  -1.6699447e-04  -9.6204443e-04   6.6551477e-05  -2.0867782e-03
  -1.8573566e-04  -7.7478618e-04  -8.7112792e-05  -2.0680122e-03
  -2.0813186e-05  -6.6992156e-04  -1.9955006e-04  -2.2143869e-03
  -5.0799090e-05  -7.0362804e-04  -2.1828961e-04  -2.0529994e-03
  -1.6324623e-04  -7.7104101e-04  -4.2137884e-05  -2.2444124e-03
  -1.0327442e-04  -9.9200575e-04  -8.3364883e-05  -2.4583447e-03
   2.0417432e-05  -5.6880210e-04  -1.9955006e-04  -1.9779355e-03
  -1.8573566e-04  -7.3358936e-04  -1.5832306e-04  -2.2932040e-03
  -2.3071451e-04  -1.0444381e-03  -8.4067030e-06  -2.2143869e-03
  -2.8309662e-05  -8.8714113e-04  -1.6956679e-04  -2.0004546e-03
  -6.2043804e-05  -7.7104101e-04  -3.1573524e-04  -2.4808638e-03
  -1.6324623e-04  -5.9501826e-04  -1.0585234e-04  -2.2444124e-03
  -1.7074271e-04  -8.0474750e-04   2.9072387e-05  -2.0042078e-03
  -1.8573566e-04  -9.5455410e-04  -4.6587940e-06  -2.1393229e-03
  -1.7074271e-04  -7.8602167e-04  -7.5869065e-05  -2.2481656e-03
  -8.4533232e-05  -6.1748925e-04   1.7828660e-05  -2.2181401e-03
  -1.6324623e-04  -6.8864738e-04   6.6551477e-05  -2.2293996e-03
  -1.1826737e-04  -8.5343464e-04  -1.0210443e-04  -2.0942846e-03
  -4.3302614e-05  -9.4331860e-04  -3.0823942e-04  -2.0529994e-03
   1.0287867e-04  -6.6992156e-04  -2.1454170e-04  -2.2932040e-03
   5.7899812e-05  -6.0625375e-04  -8.3364883e-05  -1.9404035e-03
   3.5410384e-05  -9.9949608e-04  -4.6587940e-06  -1.9141311e-03
   2.0408109e-04  -5.7629243e-04   4.4064023e-05  -1.8765991e-03
  -1.6324623e-04  -4.3397616e-04  -8.4067030e-06  -1.7677564e-03
  -1.1451914e-04  -7.9351200e-04   6.5849330e-06  -1.9141311e-03
  -3.5806138e-05  -5.9876342e-04  -7.2121156e-05  -1.6776797e-03
  -5.0799090e-05  -6.6992156e-04   4.4064023e-05  -1.8728459e-03
  -3.2057900e-05  -9.5080893e-04   1.4150966e-04  -1.9366503e-03
  -3.0193104e-04  -8.9837662e-04   2.5394693e-04  -1.9216375e-03
  -2.1946980e-04  -7.4482486e-04   2.4270320e-04  -2.0492462e-03
  -1.3700856e-04  -6.0999892e-04  -2.5202079e-04  -1.8690927e-03
  -3.2057900e-05  -6.4745057e-04  -3.9444133e-04  -1.9253907e-03
  -1.7064948e-05  -8.4219915e-04  -2.6701242e-04  -2.0004546e-03
  -1.0702266e-04  -8.0849266e-04  -2.5576870e-04  -1.9516631e-03
  -3.8814051e-04  -7.2984420e-04   4.0316114e-05  -1.9554163e-03
  -3.4690989e-04  -7.0737321e-04   1.0028266e-04  -2.1618421e-03
  -4.3302614e-05  -7.4482486e-04  -3.1573524e-04  -2.1543357e-03
  -2.1572156e-04  -8.8714113e-04  -3.0823942e-04  -1.8916119e-03
  -7.7036756e-05  -7.7104101e-04  -2.7076033e-04  -2.1055441e-03
   2.4165670e-05  -5.5382144e-04  -2.9699570e-04  -2.2594252e-03
  -2.2696628e-04  -6.4745057e-04   1.0332842e-05  -2.0379866e-03
  -3.5815461e-04  -9.4706377e-04  -3.0894157e-05  -2.0680122e-03
  -2.1572156e-04  -8.6467014e-04  -1.4333143e-04  -2.0454930e-03
  -6.5792042e-05  -9.3957344e-04  -2.1454170e-04  -1.8615863e-03
  -1.1826737e-04  -8.3845398e-04  -2.8200406e-04  -2.0867782e-03
  -3.8439227e-04  -7.1111837e-04  -2.2203752e-04  -2.1468293e-03
  -4.1062994e-04  -1.0631639e-03  -2.8949988e-04  -1.9967014e-03
  -2.6444866e-04  -8.2347332e-04  -1.9205424e-04  -1.9854418e-03
  -3.0567927e-04  -8.1598299e-04  -9.4608610e-05  -2.1693485e-03
  -8.0784994e-05  -6.3996024e-04  -2.3398339e-05  -2.2444124e-03
  -2.1572156e-04  -6.6617639e-04  -4.5885793e-05  -2.0492462e-03
  -2.0822509e-04  -1.1493027e-03  -2.1454170e-04  -2.3307360e-03
  -1.2576385e-04  -9.5829926e-04  -1.9580215e-04  -2.3945403e-03
  -3.4316165e-04  -1.1006155e-03  -2.1079379e-04  -2.2331528e-03
  -2.8693808e-04  -1.0032412e-03  -3.0823942e-04  -2.1092973e-03
  -3.8439227e-04  -8.4968948e-04  -2.7450824e-04  -2.1505825e-03
  -2.7944161e-04  -1.1155962e-03  -2.3328124e-04  -2.4208127e-03
  -3.9938522e-04  -8.9837662e-04  -1.6956679e-04  -2.0454930e-03
  -3.6565108e-04  -8.7216047e-04  -8.4067030e-06  -2.0304802e-03
  -1.2576385e-04  -9.8451542e-04  -1.8081052e-04  -2.1806081e-03
  -2.3446275e-04  -8.8339596e-04  -2.0329797e-04  -2.0454930e-03
  -4.3302614e-05  -9.5080893e-04  -2.0704588e-04  -2.1318165e-03
  -1.2951209e-04  -7.2235387e-04  -4.9633702e-05  -2.0567526e-03
  -1.2201561e-04  -6.3621507e-04   1.4900547e-04  -1.9929482e-03
  -2.7944161e-04  -9.1710245e-04  -2.9699570e-04  -1.8728459e-03
  -3.2442046e-04  -7.2235387e-04   6.6551477e-05  -1.8991183e-03
   1.2920956e-05  -7.1860870e-04   8.5291022e-05  -2.1956209e-03
  -1.9323213e-04  -9.9200575e-04  -2.5951661e-04  -2.0229738e-03
  -1.7074271e-04  -8.4219915e-04   7.4047295e-05  -1.7790160e-03
  -2.2696628e-04  -6.6243123e-04  -1.0585234e-04  -1.9328971e-03
  -1.7449094e-04  -7.6355068e-04  -1.3583561e-04  -2.0042078e-03
  -9.9526184e-05  -8.4594431e-04  -1.5832306e-04  -1.8728459e-03
  -2.9068632e-04  -9.8826058e-04  -1.9205424e-04  -1.8615863e-03
  -8.8281470e-05  -1.0369477e-03  -1.3958352e-04  -2.0755186e-03
  -3.2057900e-05  -5.6880210e-04  -2.2578543e-04  -2.1468293e-03
  -9.2029708e-05  -6.9239255e-04  -3.4642066e-05  -2.1580889e-03
  -1.9323213e-04  -9.3582827e-04  -1.3583561e-04  -2.0980378e-03
  -2.0072861e-04  -7.2235387e-04  -1.0960025e-04  -2.1731017e-03
  -2.0072861e-04  -8.8714113e-04   1.4525757e-04  -2.1843613e-03
  -3.0567927e-04  -9.6578959e-04  -4.2137884e-05  -1.7339776e-03
  -2.0822509e-04  -9.4331860e-04  -1.4333143e-04  -1.9629227e-03
  -2.0072861e-04  -6.9988288e-04  -1.9955006e-04  -2.2331528e-03
   1.6762420e-06  -6.6992156e-04  -3.5696224e-04  -2.0680122e-03
   8.4137478e-05  -8.4594431e-04  -1.9955006e-04  -2.1168037e-03
  -1.7064948e-05  -6.1374408e-04  -1.3958352e-04  -2.0417398e-03
   1.6659871e-04  -8.2347332e-04  -3.0449151e-04  -2.1993741e-03
  -5.8202340e-06  -8.5717981e-04  -1.7706261e-04  -2.1731017e-03
  -1.1077090e-04  -8.0849266e-04  -6.4625338e-05  -2.0942846e-03
  -4.7050852e-05  -1.0069864e-03  -1.6581888e-04  -2.3607615e-03
  -2.3821099e-04  -7.8227651e-04  -1.0585234e-04  -2.0680122e-03
  -1.9323213e-04  -7.8976684e-04  -4.5885793e-05  -1.9629227e-03
  -2.7944161e-04  -8.5343464e-04  -1.2833979e-04  -2.2969572e-03
  -7.3288518e-05  -7.9351200e-04  -3.7570179e-04  -2.1505825e-03
   6.5396288e-05  -6.5119573e-04  -2.5951661e-04  -2.1580889e-03
  -2.8318985e-04  -6.2497958e-04   8.1543113e-05  -2.1918677e-03
  -8.0784994e-05  -9.9200575e-04   1.7828660e-05  -1.9141311e-03
  -6.5792042e-05  -7.9725717e-04  -1.2833979e-04  -1.9854418e-03
  -1.1077090e-04  -7.4482486e-04  -1.9205424e-04  -2.1655953e-03
  -1.4075680e-04  -9.7327992e-04  -9.0860701e-05  -2.0492462e-03
  -2.8318985e-04  -7.7853134e-04  -1.2459188e-04  -2.0642590e-03
   1.5160576e-04  -9.5455410e-04  -1.1334816e-04  -2.2631784e-03
   2.0417432e-05  -7.9725717e-04  -6.0877429e-05  -2.1055441e-03
  -1.9698037e-04  -6.5119573e-04   7.0299386e-05  -1.7489904e-03
  -5.8295566e-05  -8.7590563e-04   1.8273666e-04  -1.6964457e-03
  -6.5792042e-05  -7.1860870e-04  -3.4642066e-05  -2.0079610e-03
   6.9144526e-05  -7.2235387e-04  -8.4067030e-06  -1.8578331e-03
  -2.1197332e-04  -7.6355068e-04  -7.2121156e-05  -1.6964457e-03
  -6.9540280e-05  -8.3096365e-04  -1.0585234e-04  -2.0605058e-03
   1.6659871e-04  -7.7478618e-04  -1.4707934e-04  -2.0154674e-03
  -1.1077090e-04  -6.4370540e-04  -6.0877429e-05  -2.0792718e-03
   9.5382192e-05  -7.2235387e-04   3.2820296e-05  -1.9291439e-03
   8.0389240e-05  -7.4857002e-04  -2.7076033e-04  -1.6439009e-03
  -7.7036756e-05  -6.1374408e-04   1.0028266e-04  -2.1505825e-03
  -2.3446275e-04  -7.0737321e-04   3.8512374e-04  -2.1768549e-03
  -2.7944161e-04  -9.3582827e-04   1.3401384e-04  -1.8578331e-03
   1.1787162e-04  -8.2347332e-04   1.0028266e-04  -2.0792718e-03
   5.4244800e-06  -8.5717981e-04  -4.2137884e-05  -2.0980378e-03
  -4.7050852e-05  -7.1860870e-04  -2.6326452e-04  -2.1168037e-03
   1.2911633e-04  -6.1374408e-04  -2.9699570e-04  -2.2969572e-03
   5.4244800e-06  -8.0100233e-04  -1.5082725e-04  -1.9704291e-03
   1.1787162e-04  -7.7104101e-04  -2.3398339e-05  -1.9704291e-03
  -3.2057900e-05  -8.0849266e-04  -1.8830634e-04  -2.2369060e-03
  -3.0567927e-04  -8.3470882e-04  -9.4608610e-05  -1.9891950e-03
  -3.4690989e-04  -9.0586695e-04   2.0522411e-04  -1.8465736e-03
  -3.3566518e-04  -8.9088629e-04  -4.9633702e-05  -1.9629227e-03
  -1.5574975e-04  -6.8864738e-04  -2.2578543e-04  -2.1993741e-03
  -1.4075680e-04  -7.2609903e-04  -1.4707934e-04  -2.0192206e-03
  -1.2201561e-04  -9.5080893e-04  -1.8081052e-04  -1.8991183e-03
  -1.5200152e-04  -9.0212179e-04  -6.8373247e-05  -2.0680122e-03
  -2.3071451e-04  -8.1223783e-04  -2.1828961e-04  -2.0417398e-03
  -1.5949799e-04  -1.0444381e-03  -4.6565160e-04  -2.2331528e-03
  -6.9540280e-05  -1.1081059e-03  -3.4946642e-04  -2.3157232e-03
  -2.4945570e-04  -8.9837662e-04  -2.8575197e-04  -2.3307360e-03
  -4.4436408e-04  -6.6243123e-04  -2.1454170e-04  -2.1580889e-03
  -2.5320394e-04  -7.9725717e-04  -3.4197060e-04  -2.2106337e-03
  -2.9443456e-04  -1.0182219e-03  -4.0943297e-04  -2.4696043e-03
  -2.2696628e-04  -1.0182219e-03  -2.0329797e-04  -2.2556720e-03
  -2.3446275e-04  -8.8714113e-04  -2.5202079e-04  -2.1280633e-03
  -3.4316165e-04  -8.9837662e-04  -1.7331470e-04  -1.9967014e-03
  -2.5695218e-04  -1.1043607e-03  -2.1454170e-04  -2.0117142e-03
  -3.8814051e-04  -8.7590563e-04  -1.7331470e-04  -2.2106337e-03
  -1.8198742e-04  -9.7702509e-04  -1.4333143e-04  -2.2669316e-03
  -2.1946980e-04  -9.8826058e-04  -1.7331470e-04  -2.1806081e-03
  -4.6685351e-04  -7.4107969e-04   1.1152638e-04  -2.1993741e-03
  -1.1826737e-04  -1.0519284e-03  -2.1454170e-04  -1.9929482e-03
  -8.4533232e-05  -1.0032412e-03  -1.7331470e-04  -1.8315608e-03
  -2.4570747e-04  -5.8378276e-04   4.7811932e-05  -2.0417398e-03
   5.7899812e-05  -7.2235387e-04  -2.6701242e-04  -1.8615863e-03
  -8.8281470e-05  -8.9837662e-04  -2.5576870e-04  -1.9178843e-03
  -3.0193104e-04  -6.8490222e-04  -2.3398339e-05  -2.0567526e-03
  -1.9323213e-04  -8.3845398e-04   8.1543113e-05  -2.0004546e-03
  -1.6699447e-04  -8.1223783e-04  -2.5576870e-04  -1.9103779e-03
  -5.4547328e-05  -8.3470882e-04  -2.3328124e-04  -1.8203012e-03
  -1.3326033e-04  -9.7702509e-04  -1.4707934e-04  -2.1318165e-03
   8.4137478e-05  -7.4107969e-04  -3.6071015e-04  -2.0042078e-03
   2.0417432e-05  -9.2459278e-04  -3.0449151e-04  -1.8765991e-03
  -5.4547328e-05  -9.9200575e-04  -2.1079379e-04  -2.1956209e-03
   1.0287867e-04  -7.4107969e-04  -1.9580215e-04  -2.0454930e-03
  -3.4690989e-04  -6.4745057e-04  -2.9699570e-04  -1.9854418e-03
  -5.0433589e-04  -8.4968948e-04  -1.9650430e-05  -2.0867782e-03
  -4.0688170e-04  -9.4331860e-04   2.3145947e-04  -2.0229738e-03
  -2.7194513e-04  -7.5980552e-04   9.6534749e-05  -2.0379866e-03
  -4.4436408e-04  -8.6467014e-04  -1.7706261e-04  -2.0830250e-03
  -2.4945570e-04  -8.8714113e-04  -1.7706261e-04  -2.1956209e-03
  -5.8202340e-06  -1.0594187e-03  -9.0860701e-05  -2.0304802e-03
  -2.3071451e-04  -9.5455410e-04  -3.6445806e-04  -1.8465736e-03
   5.4244800e-06  -6.3996024e-04  -1.3958352e-04  -1.9779355e-03
  -1.4825328e-04  -9.8826058e-04  -2.3398339e-05  -2.1168037e-03
  -1.3326033e-04  -9.2833794e-04  -1.8455843e-04  -2.1017910e-03
  -1.7074271e-04  -7.0362804e-04  -8.7112792e-05  -2.0529994e-03
  -8.0784994e-05  -8.2347332e-04   6.5849330e-06  -2.0417398e-03
   6.9144526e-05  -8.6092497e-04  -6.8373247e-05  -2.0942846e-03
  -3.9938522e-04  -7.7853134e-04  -1.6207097e-04  -2.2932040e-03
  -1.4450504e-04  -7.7104101e-04  -9.1088500e-07  -2.1505825e-03
  -1.7074271e-04  -1.0332026e-03  -1.3583561e-04  -2.2256465e-03
  -1.1077090e-04  -9.3582827e-04  -9.1088500e-07  -2.4545915e-03
  -2.4195923e-04  -8.6467014e-04   4.4064023e-05  -2.0567526e-03
  -3.3941342e-04  -8.5343464e-04  -4.5885793e-05  -1.9929482e-03
  -1.4075680e-04  -7.6729585e-04   1.7828660e-05  -2.2819444e-03
  -4.4436408e-04  -6.7366672e-04  -2.4452497e-04  -2.1618421e-03
   1.9283638e-04  -8.1223783e-04  -8.4067030e-06  -2.1468293e-03
  -4.2562289e-04  -9.0212179e-04  -1.9580215e-04  -2.4020467e-03
   1.1787162e-04  -7.6355068e-04  -1.5832306e-04  -2.1806081e-03
  -1.4450504e-04  -7.1860870e-04   1.0332842e-05  -2.0567526e-03
   9.1727180e-06  -2.7667923e-04  -1.3583561e-04  -2.2031273e-03
   3.5775885e-04  -1.1830092e-03   1.1527429e-04  -1.8428204e-03
  -7.8170550e-04  -4.2274067e-04   2.1576569e-05  -1.8953651e-03
   1.4335032e-03  -7.7104101e-04   1.7898875e-04  -1.9178843e-03
  -2.5546221e-03  -1.0856349e-03  -1.9955006e-04  -1.4900198e-03
   4.0085427e-03   1.9067520e-03   3.6638420e-04  -2.0079610e-03
   2.2048812e-02   3.4160535e-03  -3.5321433e-04  -1.7077053e-03
   1.8941523e-02   5.1650455e-03  -2.9699570e-04  -4.2035870e-04
  -4.4099999e-03  -6.2497958e-04   5.9095416e-03  -7.2436765e-04
  -1.6434347e-02  -4.7446611e-03   1.4548472e-02  -3.1151541e-03
  -9.2939540e-03  -4.1941218e-03   1.4357328e-02  -4.3949943e-03
  -2.5058950e-03  -5.4787134e-03   8.9858727e-04  -1.9404035e-03
   7.5056487e-03  -3.9277935e-04  -5.7052284e-03  -5.0292903e-04
   1.0957776e-02   8.8806708e-04  -4.2248043e-03  -1.6326413e-03
   3.4088246e-03  -8.1598299e-04  -6.9832654e-03  -1.3248792e-03
  -3.6978347e-03  -3.7858988e-03  -1.0056551e-02  -4.2786509e-04
  -1.3600679e-02  -7.5834961e-03  -9.1795400e-03  -1.3248792e-03
  -2.0392487e-02  -5.8869364e-03  -1.0401358e-02  -1.8578331e-03
  -9.5525824e-03  -2.7035462e-03  -1.1585698e-02  -2.5934598e-03
   1.1332600e-02   1.4648225e-03  -9.7379785e-03  -4.2861516e-03
   1.5283243e-02   4.0489863e-03  -1.3302240e-02  -3.9145851e-03
   2.2918497e-03   3.6857053e-03  -1.0712435e-02  -3.8582871e-03
  -1.2026419e-02   2.0640489e-03  -5.6340181e-03  -4.2748920e-03
  -1.5902098e-02   4.5404960e-05  -6.2674147e-03  -3.2690352e-03
  -5.9880081e-03  -1.4189546e-03  -6.2299356e-03  -2.6047194e-03
   3.7948931e-03  -9.3208311e-04  -4.8881842e-03  -2.5108894e-03
   2.5842122e-03   9.4424456e-04  -5.4060978e-04  -2.8336644e-03
   1.0886653e-03   1.6558259e-03   3.0798703e-03  -3.0588562e-03
   3.6299706e-03   3.9745047e-04   2.6301212e-03  -1.8578331e-03
   1.6546492e-03  -1.5612708e-03   4.1592681e-03  -7.5439323e-04
  -4.8785296e-03  -3.1754369e-03   1.0946731e-02  -1.4449815e-03
  -9.9086650e-03  -3.8196053e-03   1.5159381e-02  -1.8015352e-03
  -5.1484028e-03  -3.2840467e-03   1.2663274e-02  -1.0959342e-03
   5.0280634e-03  -3.0406110e-03   5.9282812e-03  -6.3200000e-10
   6.7035258e-03  -2.0144358e-03   3.5596027e-03   4.7665539e-04
   2.1681578e-03  -9.8077025e-04   7.8022357e-03  -1.2723344e-03
  -4.2038468e-03  -1.4826224e-03   7.1988223e-03  -1.5162922e-03
  -9.2564716e-03  -2.0818488e-03   4.4441092e-03  -4.0159271e-04
   4.6645775e-04  -2.0556326e-03   1.3337897e-02  -3.1864649e-03
   6.0700736e-03  -3.3660187e-04   1.5256827e-02  -4.6914969e-03
  -7.8920198e-04   2.5771365e-03   4.4815883e-03  -1.9967014e-03
   2.6366876e-03   3.1613822e-03   2.9599372e-03  -8.9701471e-04
   7.3557192e-03   1.3000352e-03   8.3494304e-03  -2.3307360e-03
   2.7378900e-03  -4.2648583e-04   9.6162236e-03  -2.8186516e-03
  -4.1101408e-03  -9.2084761e-04   4.7739252e-03  -1.4750071e-03
  -5.3208217e-03  -7.5606035e-04   4.0093517e-03  -1.2685812e-03
  -6.0928655e-04  -1.1006155e-03   5.9844998e-03  -2.3157232e-03
   1.9320188e-03  -2.3173725e-04   2.6713482e-03  -1.9028715e-03
   1.0324417e-03   4.1243113e-04  -2.8830529e-03  -7.4688684e-04
   1.7033763e-03  -6.2872474e-04  -1.7624281e-03  -1.5200454e-03
   1.2985666e-03  -2.0668681e-03   1.8543041e-03  -2.6309917e-03
  -3.7278206e-03  -3.0743175e-03  -2.3021270e-03  -2.0379866e-03
  -6.1941612e-03  -2.3065587e-03  -6.4922893e-03  -1.0471426e-03
  -2.6220904e-03  -2.1717327e-03  -6.1287421e-03  -1.7452372e-03
   4.5896128e-04  -2.0556326e-03  -5.6640014e-03  -2.7173153e-03
  -1.0853128e-03  -1.3028544e-03  -9.8766511e-03  -1.5913562e-03
  -2.1797983e-03  -1.6848613e-03  -1.1244638e-02  -1.4712539e-03
  -6.1678303e-04  -1.4339352e-03  -6.4098353e-03  -2.7435876e-03
   9.7996636e-04  -9.1335728e-04  -4.1873252e-03  -3.4041503e-03
  -2.1946980e-04  -5.4633111e-04  -6.5147767e-03  -2.9575199e-03
  -3.6565108e-04   6.9331850e-04  -7.0132486e-03  -2.4996298e-03
   3.7761519e-03   1.1764448e-03  -3.5389370e-03  -3.4979802e-03
   1.2610842e-03   9.1802840e-04  -7.3655521e-03  -2.6460045e-03
  -3.1805778e-03   6.6710235e-04  -1.1259630e-02  -1.0208702e-03
   4.2906860e-05  -9.7327992e-04  -3.5989035e-03  -2.4095531e-03
   1.8233199e-03  -1.3365609e-03   7.4867091e-04  -3.6668741e-03
  -6.4302069e-04  -2.9165989e-04  -4.4571747e-03  -2.3232296e-03
  -7.1048898e-04  -4.4895682e-04  -7.1406775e-03  -1.2685812e-03
   1.5721880e-03  -1.2841286e-03  -1.5712848e-03  -2.3682679e-03
  -3.9188875e-04  -2.4900717e-03   2.6451129e-03  -3.2277501e-03
  -4.8935226e-03  -2.4151684e-03  -2.1828961e-04  -2.1017910e-03
  -3.1768296e-03  -2.0181810e-03  -2.0735046e-03  -1.0734150e-03
   3.0714832e-03  -1.9657486e-03   4.1885492e-04  -1.7940288e-03
   3.2813845e-03  -1.1305768e-03   1.6519170e-03  -1.9141311e-03
  -1.3739271e-03  -6.2123441e-04  -4.6587940e-06  -9.9459784e-04
  -1.1752705e-03  -6.8864738e-04   2.0716828e-03  -1.5613306e-03
   1.4672373e-03  -1.0706542e-03   5.0850016e-03  -2.5033830e-03
   1.0736723e-03  -7.8227651e-04   4.1517723e-03  -2.3870339e-03
   8.4502979e-04   3.5250849e-04   3.8032167e-03  -2.2594252e-03
   1.1748747e-03   8.3188961e-04   2.9711810e-03  -2.1843613e-03
   1.8270681e-03   6.5212169e-04   2.4727091e-03  -2.0717654e-03
   2.0482142e-03   2.3640837e-04   3.2110471e-03  -2.2218933e-03
   1.3661281e-04  -2.3548242e-04   2.9486935e-03  -2.1731017e-03
  -1.7337580e-03  -4.7891814e-04   2.4464737e-03  -1.5763434e-03
  -2.8357399e-03  -9.5080893e-04   2.5214319e-03  -1.0771682e-03
   1.7521034e-03  -1.4414255e-03   6.9664519e-03  -2.0755186e-03
   5.5453202e-03  -1.1867543e-03   8.4918509e-03  -2.9500135e-03
  -4.7050852e-05  -3.7030836e-04   1.2808740e-03  -1.1034405e-03
  -2.5021467e-03  -3.7030836e-04  -8.1045923e-04  -4.8792193e-05
   6.4637318e-04  -1.3365609e-03   5.1824473e-03  -1.7865224e-03
   9.3123927e-04  -2.1492617e-03   6.2506013e-03  -2.3532552e-03
  -1.3177035e-03  -1.9732390e-03   1.3146052e-03  -1.2911004e-03
  -1.3589342e-03  -8.9837662e-04  -4.7314742e-04  -1.2010237e-03
   2.0407177e-03  -5.5007628e-04   1.9967246e-03  -2.1355697e-03
   3.3788387e-03  -3.1787605e-04   2.0004725e-03  -2.4696043e-03
   9.4623222e-04   2.6679135e-05  -1.9011007e-03  -1.9141311e-03
  -5.8679712e-04  -3.3285671e-04  -1.9348319e-03  -1.7715096e-03
  -2.9068632e-04  -8.9463146e-04   2.6519065e-04  -2.5296554e-03
  -9.6162092e-04  -1.2129705e-03  -1.8823612e-03  -2.7961324e-03
  -6.6551012e-04  -6.2123441e-04  -5.4653622e-03  -1.7527436e-03
   6.0889080e-04  -2.5795341e-04  -6.3386250e-03  -1.4637475e-03
   6.6511437e-04  -3.8528902e-04  -3.3065666e-03  -2.4433319e-03
   5.3392604e-04  -5.3135045e-04  -1.5338057e-03  -2.6835365e-03
  -8.9790088e-04  -8.4594431e-04  -3.6288868e-03  -2.0942846e-03
  -2.0719960e-06  -9.8077025e-04  -4.1760815e-03  -1.9178843e-03
   1.9807459e-03  -1.0294574e-03  -3.5239453e-03  -2.4358255e-03
  -1.5163601e-03  -9.5080893e-04  -7.0769631e-03  -1.9404035e-03
  -3.6228699e-03  -1.0594187e-03  -8.6773202e-03  -1.2122833e-03
  -2.3821099e-04  -1.0556735e-03  -2.8868008e-03  -2.4170595e-03
   1.8458093e-03  -1.3103448e-03   1.3776175e-04  -3.4904738e-03
  -3.8064403e-04  -1.3590319e-03  -3.4002643e-03  -2.5409150e-03
  -1.9736452e-03  -6.6617639e-04  -5.6714972e-03  -1.3999431e-03
   2.4531171e-04  -9.5829926e-04  -3.0741963e-03  -2.3232296e-03
   1.2123571e-03  -1.0669090e-03  -8.2919877e-04  -3.0438434e-03
  -1.0253410e-03  -7.8227651e-04  -2.8305822e-03  -2.0379866e-03
  -2.1573088e-03  -9.9575091e-04  -3.8575092e-03  -1.8315608e-03
  -6.1678303e-04  -8.4219915e-04  -8.4419041e-04  -2.4958766e-03
   5.5641547e-04  -9.3208311e-04   7.7490628e-04  -2.7323280e-03
   9.5382192e-05  -7.3358936e-04  -4.2442460e-04  -2.2781912e-03
   1.5910224e-04  -4.7891814e-04  -5.3381611e-05  -2.1280633e-03
   7.5132384e-04  -7.6355068e-04   2.2590782e-03  -2.6272385e-03
  -1.8198742e-04  -8.0474750e-04   3.1210973e-03  -2.4433319e-03
  -1.2577317e-03  -9.7327992e-04   1.9030269e-03  -1.9404035e-03
   2.7154938e-04  -8.7216047e-04   2.4689611e-03  -1.8653395e-03
   1.3772796e-03  -7.2235387e-04   4.2717054e-03  -2.1318165e-03
   6.8010732e-04  -9.2084761e-04   4.2342263e-03  -2.1731017e-03
   3.4651414e-04  -6.6992156e-04   2.3040532e-03  -1.5613306e-03
   1.0662691e-04  -6.5119573e-04   1.0222683e-03  -1.4224623e-03
   3.8399652e-04  -9.0961212e-04   2.3377843e-03  -1.8803523e-03
  -1.1826737e-04  -9.6953476e-04   2.6563566e-03  -2.1168037e-03
  -1.0703198e-03  -9.9200575e-04   1.4832611e-03  -1.8090416e-03
  -6.9174779e-04  -8.8339596e-04   4.7132565e-04  -1.4787603e-03
   3.0903176e-04  -9.3582827e-04   4.9381310e-04  -1.9028715e-03
   1.4222584e-03  -8.9463146e-04   1.9030269e-03  -2.2331528e-03
   4.1773066e-04  -6.8115705e-04   1.3071094e-03  -1.7902756e-03
  -2.6444866e-04  -6.7366672e-04   1.1047223e-03  -1.6664201e-03
   1.1898677e-03  -7.7104101e-04   2.8362562e-03  -2.1993741e-03
   4.5896128e-04  -7.4107969e-04   2.0866744e-03  -2.2106337e-03
  -8.2668436e-04  -6.2123441e-04   2.9892183e-04  -1.8578331e-03
  -1.6324623e-04  -6.9988288e-04   3.8512374e-04  -1.9328971e-03
   5.4142251e-04  -8.9837662e-04   6.5497319e-04  -2.2781912e-03
  -1.4450504e-04  -7.6355068e-04  -6.3430751e-04  -2.1918677e-03
  -9.2413854e-04  -6.4370540e-04  -1.9947985e-03  -1.8841055e-03
  -1.4075680e-04  -8.6092497e-04  -1.7099574e-03  -2.3119700e-03
   2.8279409e-04  -7.2235387e-04  -1.2751999e-03  -2.5897066e-03
  -2.9818280e-04  -7.4482486e-04  -2.0060422e-03  -2.3457488e-03
  -9.6911740e-04  -9.2084761e-04  -2.8118426e-03  -2.0342334e-03
  -7.0674074e-04  -9.2084761e-04  -2.6094555e-03  -2.3007104e-03
  -1.6699447e-04  -1.0706542e-03  -2.2459084e-03  -2.5634342e-03
  -1.0590751e-03  -9.0212179e-04  -2.8380780e-03  -1.9554163e-03
  -7.2173369e-04  -7.9351200e-04  -2.4932704e-03  -2.1993741e-03
  -2.4561424e-05  -8.6092497e-04  -1.6012680e-03  -2.4921234e-03
  -5.8679712e-04  -8.4219915e-04  -1.6537388e-03  -2.1130505e-03
  -6.5426541e-04  -8.2347332e-04  -1.7137053e-03  -2.1393229e-03
  -6.5426541e-04  -9.1710245e-04  -1.9273361e-03  -2.1580889e-03
  -2.3446275e-04  -9.6953476e-04  -1.3726456e-03  -2.3457488e-03
  -4.2187465e-04  -6.7741189e-04  -1.0390817e-03  -2.2406592e-03
  -8.0419493e-04  -7.0737321e-04  -1.2639562e-03  -1.9816886e-03
  -4.8184646e-04  -9.4706377e-04  -9.3414023e-04  -2.3645147e-03
  -7.0674074e-04  -9.0586695e-04  -5.8183678e-04  -2.4996298e-03
  -3.8439227e-04  -8.5717981e-04   8.5291022e-05  -2.5822002e-03
  -3.2816870e-04  -7.8602167e-04  -1.6956679e-04  -2.5146426e-03
  -2.3821099e-04  -8.5717981e-04  -3.5696224e-04  -2.0905314e-03
   3.7275180e-04  -9.0961212e-04   3.2140929e-04  -2.2106337e-03
  -1.3326033e-04  -7.5606035e-04   4.5633401e-04  -1.9554163e-03
  -2.6444866e-04  -8.1972816e-04   8.4986446e-04  -1.6514073e-03
  -5.8202340e-06  -8.0474750e-04   1.2021679e-03  -1.9741823e-03
  -9.9526184e-05  -8.8339596e-04   1.4232945e-03  -2.0229738e-03
   2.0408109e-04  -7.6729585e-04   1.5619672e-03  -1.9554163e-03
   2.3781524e-04  -5.1636979e-04   1.2846219e-03  -1.9854418e-03
   4.2906860e-05  -7.5231519e-04   1.2958656e-03  -1.8353140e-03
   7.2892764e-05  -6.8864738e-04   1.3558322e-03  -1.7227181e-03
   2.0408109e-04  -7.6355068e-04   1.1646888e-03  -1.8390672e-03
   1.3286457e-04  -8.0100233e-04   7.1868764e-04  -1.7790160e-03
  -2.8693808e-04  -5.1262463e-04   3.5139256e-04  -1.7001989e-03
  -3.3941342e-04  -6.0625375e-04   5.6877128e-04  -1.8240544e-03
  -2.3071451e-04  -5.5382144e-04   8.4986446e-04  -1.8765991e-03
  -1.2576385e-04  -3.7779869e-04   6.3998155e-04  -1.9141311e-03
  -1.7064948e-05  -5.7254727e-04   3.7013211e-04  -2.0004546e-03
  -5.4547328e-05  -6.6243123e-04   3.2140929e-04  -1.9554163e-03
  -2.0719960e-06  -5.7254727e-04   2.3520738e-04  -1.9328971e-03
  -9.2029708e-05  -5.2386012e-04   1.7524084e-04  -2.1243101e-03
  -2.3071451e-04  -5.3509562e-04   1.7524084e-04  -2.0529994e-03
  -3.0193104e-04  -6.7366672e-04   4.6757774e-04  -1.8653395e-03
  -3.6565108e-04  -5.9127309e-04   5.9125874e-04  -2.0342334e-03
  -5.2307708e-04  -5.5007628e-04   3.9636747e-04  -2.0642590e-03
  -5.3057355e-04  -5.8378276e-04   5.2754428e-04  -1.9028715e-03
  -5.2682532e-04  -7.5980552e-04   4.2260283e-04  -1.9591695e-03
  -7.3672664e-04  -9.3208311e-04   3.6638420e-04  -2.0342334e-03
  -8.7541145e-04  -8.7965080e-04   3.2515720e-04  -1.8578331e-03
  -9.0914559e-04  -9.8451542e-04   5.0505683e-04  -1.9404035e-03
  -2.6070042e-04  -1.0107316e-03   1.4120508e-03  -2.3682679e-03
  -7.7036756e-05  -9.9949608e-04   1.0934785e-03  -2.1468293e-03
  -8.6041850e-04  -6.8864738e-04   2.0147620e-04  -1.8278076e-03
  -5.7180417e-04  -6.9988288e-04   3.2140929e-04  -2.0830250e-03
  -4.2562289e-04  -1.0406929e-03   4.5258610e-04  -2.2894508e-03
  -8.0794317e-04  -9.0212179e-04   3.2140929e-04  -2.1017910e-03
  -4.9683941e-04  -9.6204443e-04  -1.5902521e-05  -1.9891950e-03
  -4.8934294e-04  -8.0100233e-04  -4.6587940e-06  -2.3157232e-03
  -1.3700856e-04  -7.2609903e-04   1.8273666e-04  -2.2406592e-03
  -3.0567927e-04  -9.0212179e-04  -3.5321433e-04  -2.0717654e-03
  -7.0674074e-04  -7.2984420e-04  -5.9308051e-04  -2.1655953e-03
  -2.3821099e-04  -8.1598299e-04  -5.6309724e-04  -2.0454930e-03
  -6.9549603e-04  -9.9575091e-04  -5.9682842e-04  -2.1318165e-03
  -7.1798545e-04  -9.2084761e-04  -7.9171968e-04  -2.2819444e-03
  -2.0072861e-04  -8.7965080e-04  -1.1590148e-03  -2.1130505e-03
  -1.7064948e-05  -8.1972816e-04  -9.6787141e-04  -1.8578331e-03
  -6.5792042e-05  -6.8864738e-04  -8.9291323e-04  -1.9253907e-03
  -6.3177598e-04  -8.1598299e-04  -8.6292996e-04  -2.1280633e-03
  -3.7689580e-04  -8.3470882e-04  -8.2545087e-04  -1.9291439e-03
  -2.2696628e-04  -7.1860870e-04  -6.7553451e-04  -1.9591695e-03
  -5.6055946e-04  -9.5080893e-04  -5.0313069e-04  -2.1918677e-03
  -3.9563699e-04  -1.0481832e-03  -8.6292996e-04  -1.8315608e-03
