  -1.9323213e-04  -7.6729585e-04   5.5307750e-05  -1.6101221e-03
  -2.2696628e-04  -5.3135045e-04   1.0777848e-04  -1.5087858e-03
  -1.3316710e-05  -4.2274067e-04  -7.5869065e-05  -1.4787603e-03
   3.2402471e-04  -1.7930494e-04  -4.1692878e-04  -1.4112027e-03
   3.5410384e-05  -3.4409220e-04  -2.2203752e-04  -1.5725902e-03
   2.4165670e-05  -4.1899550e-04  -2.3328124e-04  -1.4975262e-03
   9.1727180e-06  -2.7667923e-04  -1.0585234e-04  -1.4224623e-03
  -2.8693808e-04  -4.1899550e-04   3.9636747e-04  -1.5125390e-03
  -1.8198742e-04  -6.8115705e-04   2.3145947e-04  -1.6138753e-03
  -1.3700856e-04  -6.3996024e-04   4.0316114e-05  -1.7114585e-03
  -2.1572156e-04  -5.0887946e-04   4.1885492e-04  -1.4524879e-03
  -8.0784994e-05  -6.5119573e-04   1.8273666e-04  -1.4224623e-03
  -1.4450504e-04  -4.8640847e-04  -1.5457515e-04  -1.6288881e-03
  -2.6070042e-04  -4.3023100e-04  -7.5869065e-05  -1.4750071e-03
  -2.8318985e-04  -7.9725717e-04  -6.8373247e-05  -1.5688370e-03
  -1.5200152e-04  -8.0849266e-04  -8.4067030e-06  -1.6138753e-03
  -2.8309662e-05  -5.6505694e-04   4.4064023e-05  -1.5763434e-03
  -3.3566518e-04  -6.8115705e-04  -1.8830634e-04  -1.8127948e-03
  -2.7944161e-04  -4.9015364e-04  -2.4452497e-04  -1.7227181e-03
  -3.3566518e-04  -3.5532770e-04  -3.4642066e-05  -1.7152117e-03
  -2.7569337e-04  -5.7254727e-04   5.1559841e-05  -1.8015352e-03
   6.5396288e-05  -6.4370540e-04  -1.9650430e-05  -1.7602500e-03
  -5.4547328e-05  -7.5231519e-04  -2.1454170e-04  -1.7377308e-03
  -6.9540280e-05  -6.3246991e-04   7.0299386e-05  -1.5763434e-03
  -1.7823918e-04  -6.1374408e-04   7.4047295e-05  -1.6063689e-03
  -1.5200152e-04  -7.3733453e-04  -1.8830634e-04  -1.6889393e-03
  -1.4075680e-04  -6.1374408e-04   6.5849330e-06  -1.6851861e-03
  -2.8318985e-04  -6.5868606e-04  -1.2084397e-04  -1.5838498e-03
  -2.7944161e-04  -9.0961212e-04  -2.9699570e-04  -1.6063689e-03
  -3.6190284e-04  -7.2984420e-04  -7.2121156e-05  -1.9479099e-03
  -6.2043804e-05  -6.0625375e-04   2.2021575e-04  -1.6889393e-03
   4.6655098e-05  -6.0999892e-04   1.3401384e-04  -1.2873472e-03
  -2.7569337e-04  -4.2274067e-04  -3.0894157e-05  -1.3661643e-03
  -5.8295566e-05  -5.0138913e-04  -1.5082725e-04  -1.4787603e-03
   9.5382192e-05  -4.0401484e-04  -2.4452497e-04  -1.5237986e-03
   3.1662146e-05  -3.4034704e-04   3.2820296e-05  -1.4825134e-03
  -8.8281470e-05  -4.0776001e-04   2.7643438e-04  -1.6664201e-03
  -2.4570747e-04  -4.6393748e-04   4.5633401e-04  -1.6213817e-03
  -7.7036756e-05  -7.1860870e-04   3.8887165e-04  -1.6063689e-03
  -3.3941342e-04  -7.2984420e-04  -1.2084397e-04  -1.7489904e-03
  -1.9698037e-04  -6.6243123e-04  -8.7112792e-05  -1.5463178e-03
   1.7784343e-04  -4.3772133e-04  -1.0585234e-04  -1.5538242e-03
  -1.4450504e-04  -1.7930494e-04  -3.6820597e-04  -1.6176285e-03
   2.7913908e-05  -4.6393748e-04   2.2771156e-04  -1.5763434e-03
  -2.0719960e-06  -6.5868606e-04   5.1255265e-04  -1.5275518e-03
  -3.1692399e-04  -6.9988288e-04   3.5139256e-04  -1.6814329e-03
  -1.2951209e-04  -8.0849266e-04   1.5275338e-04  -1.6926925e-03
  -1.5949799e-04  -6.9613771e-04  -1.9205424e-04  -1.5350582e-03
  -7.3288518e-05  -5.7254727e-04  -2.0329797e-04  -1.6964457e-03
   2.2657052e-04  -4.5270199e-04  -3.9444133e-04  -1.5913562e-03
   1.8159167e-04  -5.1262463e-04  -3.2323106e-04  -1.5500710e-03
  -1.0702266e-04  -6.1748925e-04  -3.8389975e-05  -1.6589137e-03
  -9.2029708e-05  -3.8154385e-04  -4.6587940e-06  -1.6251349e-03
  -8.4533232e-05  -4.0401484e-04   3.2820296e-05  -1.5688370e-03
  -2.3071451e-04  -5.6880210e-04   8.9038931e-05  -1.5313050e-03
   2.7913908e-05  -4.8266331e-04   1.4900547e-04  -1.5688370e-03
  -5.8295566e-05  -4.4895682e-04  -1.8830634e-04  -1.5425646e-03
  -1.5200152e-04  -5.0138913e-04  -1.0960025e-04  -1.9141311e-03
   2.4165670e-05  -5.5007628e-04   1.3026593e-04  -2.0567526e-03
  -5.0799090e-05  -5.5007628e-04  -1.5082725e-04  -1.7489904e-03
  -2.0813186e-05  -4.9389880e-04  -1.0960025e-04  -1.6439009e-03
   1.0662691e-04  -3.0664055e-04  -3.8389975e-05  -1.6476541e-03
   1.2920956e-05  -4.2274067e-04   1.4080751e-05  -1.8878587e-03
  -9.9526184e-05  -6.6992156e-04   2.5324478e-05  -1.7564968e-03
  -1.3316710e-05  -6.2497958e-04   2.1576569e-05  -1.7564968e-03
  -2.4570747e-04  -5.5756661e-04   1.5275338e-04  -1.9704291e-03
  -1.7064948e-05  -6.0999892e-04   1.0332842e-05  -1.6626669e-03
   1.4036105e-04  -6.9239255e-04   8.9038931e-05  -1.6589137e-03
  -2.0072861e-04  -6.6992156e-04   8.5291022e-05  -1.7452372e-03
   5.4151574e-05  -6.2872474e-04  -5.3381611e-05  -1.7489904e-03
   2.4165670e-05  -4.3397616e-04   1.0028266e-04  -1.6964457e-03
  -2.8309662e-05  -4.2274067e-04   9.6534749e-05  -1.4675007e-03
   2.9403881e-04  -4.6019232e-04   9.6534749e-05  -1.7039521e-03
   7.2892764e-05  -3.2162121e-04   3.5139256e-04  -1.7527436e-03
  -5.8202340e-06  -3.8528902e-04   4.1510701e-04  -1.5763434e-03
   2.5655643e-04  -2.8042440e-04   1.0403057e-04  -1.7264713e-03
   1.3661281e-04  -4.9389880e-04   2.4645111e-04  -1.3586579e-03
   1.7784343e-04  -4.9015364e-04   3.3640092e-04  -1.3436452e-03
   8.0389240e-05  -1.5683395e-04   1.0332842e-05  -1.7114585e-03
  -8.4533232e-05  -5.7629243e-04   2.1646784e-04  -1.4487347e-03
   7.6641002e-05  -5.8752793e-04   1.3401384e-04  -1.4937730e-03
  -1.3316710e-05  -4.4895682e-04  -1.8455843e-04  -1.6026158e-03
   1.8159167e-04  -3.6656319e-04   1.7524084e-04  -1.6026158e-03
   3.2402471e-04  -2.3548242e-04   1.7524084e-04  -1.5800966e-03
   1.3286457e-04  -5.0513430e-04   5.5307750e-05  -1.4187091e-03
  -1.2951209e-04  -4.5270199e-04   1.7149293e-04  -1.5463178e-03
  -1.8948390e-04  -6.4370540e-04   8.1543113e-05  -1.4900198e-03
   5.4151574e-05  -8.0474750e-04   3.2140929e-04  -1.4975262e-03
  -8.8281470e-05  -5.8003760e-04   1.1152638e-04  -1.8127948e-03
   5.4151574e-05  -3.4409220e-04  -2.7450824e-04  -1.6889393e-03
   2.6030466e-04  -3.1787605e-04  -9.4608610e-05  -1.3624111e-03
   3.1662146e-05  -5.3135045e-04  -2.2578543e-04  -1.4862666e-03
   1.2920956e-05  -4.0401484e-04   2.8370240e-06  -1.6814329e-03
  -3.2057900e-05  -6.7366672e-04   9.2786840e-05  -1.6664201e-03
  -2.1946980e-04  -6.6617639e-04  -1.5082725e-04  -1.7377308e-03
  -3.5440637e-04  -4.7517298e-04   8.9038931e-05  -1.5763434e-03
  -6.2043804e-05  -8.5343464e-04  -7.2121156e-05  -1.5313050e-03
  -2.0813186e-05  -6.6243123e-04   1.4080751e-05  -1.8203012e-03
  -2.3821099e-04  -5.8378276e-04  -8.4067030e-06  -1.5988626e-03
   9.5382192e-05  -5.5756661e-04  -3.1573524e-04  -1.4224623e-03
  -1.3326033e-04  -6.3621507e-04  -5.3381611e-05  -1.6326413e-03
  -2.3071451e-04  -9.4331860e-04  -2.7146248e-05  -1.6626669e-03
   5.4244800e-06  -5.5007628e-04  -1.6581888e-04  -1.7039521e-03
  -1.7064948e-05  -5.8378276e-04  -2.7076033e-04  -1.7077053e-03
  -1.0327442e-04  -9.0586695e-04  -1.3208770e-04  -1.5688370e-03
  -4.4436408e-04  -6.8864738e-04   4.4064023e-05  -1.7602500e-03
  -8.0784994e-05  -4.8266331e-04  -2.2203752e-04  -1.8390672e-03
  -7.7036756e-05  -4.6019232e-04  -2.8949988e-04  -1.7264713e-03
  -2.4945570e-04  -5.4258595e-04  -1.9955006e-04  -1.6101221e-03
  -7.3288518e-05  -5.2386012e-04  -3.2697897e-04  -1.5800966e-03
  -2.9818280e-04  -5.2011496e-04  -2.0704588e-04  -1.9779355e-03
  -2.3446275e-04  -5.6880210e-04  -1.2154612e-05  -1.7527436e-03
  -1.4450504e-04  -6.2123441e-04  -1.0960025e-04  -1.5050326e-03
  -6.5792042e-05  -5.3135045e-04   2.0147620e-04  -1.4900198e-03
  -8.4533232e-05  -5.5382144e-04   2.5769484e-04  -1.2610748e-03
   8.7885716e-05  -5.5382144e-04  -2.8200406e-04  -1.6664201e-03
   1.1412338e-04  -3.9277935e-04  -1.6581888e-04  -1.5388114e-03
  -5.8295566e-05  -5.3509562e-04  -4.6587940e-06  -1.2423088e-03
  -1.1826737e-04  -4.1525034e-04  -9.1088500e-07  -1.3924367e-03
  -3.9188875e-04  -4.2274067e-04   2.5019902e-04  -1.2760876e-03
  -9.9526184e-05  -6.8864738e-04   4.4064023e-05  -1.3924367e-03
  -1.9698037e-04  -5.6131177e-04  -1.5832306e-04  -1.5125390e-03
   1.2920956e-05  -5.9501826e-04   1.4080751e-05  -1.5350582e-03
   5.0394013e-04  -5.1636979e-04  -1.7706261e-04  -1.3849303e-03
   9.5382192e-05  -2.0552110e-04  -2.8200406e-04  -1.2648280e-03
  -2.0813186e-05  -4.7517298e-04   4.7811932e-05  -1.5838498e-03
  -3.1692399e-04  -6.3996024e-04   1.0777848e-04  -1.5650838e-03
  -2.4195923e-04  -4.7517298e-04   4.3759447e-04  -1.3549047e-03
  -5.8202340e-06  -6.0625375e-04   3.3640092e-04  -1.6514073e-03
   4.2906860e-05  -5.9501826e-04  -2.1079379e-04  -1.7564968e-03
   1.3286457e-04  -3.4034704e-04  -9.0860701e-05  -1.6326413e-03
  -1.0327442e-04  -3.8903418e-04  -1.2084397e-04  -1.8165480e-03
   5.0403336e-05  -6.4745057e-04  -1.9650430e-05  -1.7677564e-03
  -5.4547328e-05  -4.2648583e-04  -8.3364883e-05  -1.6701733e-03
   1.6762420e-06  -4.0026968e-04  -5.7129520e-05  -1.6401477e-03
   1.1037514e-04  -7.2609903e-04   5.5307750e-05  -1.6288881e-03
  -6.5792042e-05  -4.9389880e-04  -2.1079379e-04  -1.6739265e-03
   6.9144526e-05  -4.9764397e-04   1.1902220e-04  -1.5763434e-03
  -5.0799090e-05  -7.5231519e-04  -1.9650430e-05  -1.5763434e-03
  -1.3326033e-04  -5.1262463e-04  -1.2833979e-04  -1.8240544e-03
  -7.3288518e-05  -5.8378276e-04   1.4150966e-04  -1.9291439e-03
  -4.7050852e-05  -6.4745057e-04  -1.9955006e-04  -1.7489904e-03
   5.0403336e-05  -4.0026968e-04  -1.0585234e-04  -1.7339776e-03
   1.3286457e-04  -5.4258595e-04   1.4150966e-04  -1.6701733e-03
  -9.9526184e-05  -5.2011496e-04  -7.9616974e-05  -1.6851861e-03
  -1.5949799e-04  -6.2872474e-04  -3.4642066e-05  -1.6851861e-03
   8.0389240e-05  -6.7741189e-04   1.0332842e-05  -1.6476541e-03
  -2.4195923e-04  -5.6505694e-04  -1.8455843e-04  -1.8503268e-03
   1.6669194e-05  -7.7478618e-04   2.5324478e-05  -1.6664201e-03
   1.8159167e-04  -6.2497958e-04   4.4064023e-05  -1.6101221e-03
  -3.5440637e-04  -4.6768265e-04  -9.4608610e-05  -1.9253907e-03
   2.1532581e-04  -4.1150517e-04   8.5291022e-05  -1.8615863e-03
   3.3901766e-04  -5.1262463e-04  -6.8373247e-05  -1.6213817e-03
  -7.7036756e-05  -4.8266331e-04   8.5291022e-05  -1.4599943e-03
   3.1662146e-05  -2.9540506e-04   2.1271993e-04  -1.4412283e-03
   7.6641002e-05  -3.6281803e-04   4.0316114e-05  -1.5838498e-03
   2.5655643e-04  -2.8416956e-04   2.6893856e-04  -1.4975262e-03
   1.6762420e-06  -3.5907286e-04   1.9023247e-04  -1.4187091e-03
  -1.3700856e-04  -4.8640847e-04   1.7524084e-04  -1.5463178e-03
   1.1412338e-04  -4.9389880e-04  -6.0877429e-05  -1.5613306e-03
   1.5910224e-04  -5.3135045e-04  -2.1454170e-04  -1.4937730e-03
   1.8159167e-04  -3.4409220e-04   1.9023247e-04  -1.7602500e-03
   1.0662691e-04  -2.0926626e-04  -1.4333143e-04  -1.7001989e-03
   8.0389240e-05  -3.6281803e-04  -1.5457515e-04  -1.2197897e-03
  -4.7050852e-05  -5.0887946e-04   2.3895529e-04  -1.4825134e-03
  -5.8295566e-05  -5.6131177e-04   2.1646784e-04  -1.7902756e-03
  -1.2576385e-04  -5.6131177e-04   2.6893856e-04  -1.6063689e-03
  -4.8559470e-04  -7.4857002e-04   4.2635074e-04  -1.5087858e-03
  -3.2442046e-04  -6.3996024e-04   3.0641765e-04  -1.6551605e-03
  -2.0719960e-06  -3.6656319e-04  -9.8356519e-05  -1.5200454e-03
   2.7913908e-05  -5.0513430e-04  -2.2953333e-04  -1.4562411e-03
   1.0287867e-04  -6.2872474e-04  -1.6956679e-04  -1.7790160e-03
   1.5160576e-04  -6.3246991e-04   4.0316114e-05  -1.6701733e-03
  -6.2043804e-05  -5.1262463e-04  -1.5902521e-05  -1.6851861e-03
  -6.2043804e-05  -4.8266331e-04   5.9055659e-05  -1.6926925e-03
  -2.8309662e-05  -3.9652451e-04   1.9772829e-04  -1.5125390e-03
  -1.4825328e-04  -7.0737321e-04   2.8370240e-06  -1.6101221e-03
  -1.7449094e-04  -8.7590563e-04   5.5307750e-05  -1.5688370e-03
  -1.9698037e-04  -4.3397616e-04  -2.1079379e-04  -1.5951094e-03
  -5.4547328e-05  -7.2609903e-04   2.8370240e-06  -1.6251349e-03
  -2.2321804e-04  -7.2609903e-04   9.6534749e-05  -1.6776797e-03
  -3.5806138e-05  -5.5756661e-04  -3.0823942e-04  -1.7452372e-03
   1.8159167e-04  -6.9613771e-04   1.0403057e-04  -1.7902756e-03
  -1.1451914e-04  -5.6131177e-04   5.9055659e-05  -1.7377308e-03
  -1.6699447e-04  -4.7891814e-04  -2.4452497e-04  -1.4524879e-03
  -2.5695218e-04  -3.6281803e-04  -1.4707934e-04  -1.4562411e-03
  -3.2442046e-04  -7.1860870e-04  -7.5869065e-05  -1.6439009e-03
  -1.4825328e-04  -7.5980552e-04  -9.0860701e-05  -1.7677564e-03
  -1.5200152e-04  -4.0026968e-04  -2.2578543e-04  -1.5425646e-03
  -2.7944161e-04  -5.0887946e-04  -2.4827288e-04  -1.4825134e-03
  -5.2307708e-04  -6.6243123e-04  -2.6701242e-04  -1.7977820e-03
  -6.3177598e-04  -6.6992156e-04   4.0316114e-05  -1.7527436e-03
  -2.4561424e-05  -7.2235387e-04   4.7811932e-05  -1.5951094e-03
  -2.5695218e-04  -4.2274067e-04  -3.5696224e-04  -1.4637475e-03
   5.7899812e-05  -6.1374408e-04   1.0777848e-04  -1.5913562e-03
  -1.4450504e-04  -8.7590563e-04   8.5291022e-05  -1.7677564e-03
  -5.8295566e-05  -4.3397616e-04  -4.0193715e-04  -1.5500710e-03
   1.4410929e-04  -8.3845398e-04  -2.1079379e-04  -1.5275518e-03
  -3.3941342e-04  -8.9420980e-05  -3.7195388e-04  -1.5125390e-03
   4.8145071e-04  -6.3996024e-04  -2.2578543e-04  -1.2798408e-03
  -9.3163502e-04  -4.5270199e-04   2.3145947e-04  -1.5162922e-03
   1.0811688e-03  -3.5532770e-04   1.4900547e-04  -1.5050326e-03
  -1.7974780e-03  -1.5725063e-03   2.3145947e-04  -1.3774239e-03
   1.0062040e-03   2.1239715e-03   5.3504010e-04  -1.6288881e-03
   2.2734740e-02   4.7830387e-03  -8.4067030e-06  -1.2160365e-03
   2.6887787e-02   6.6556212e-03  -3.4197060e-04  -2.5897123e-04
   3.5175235e-03   7.8320246e-04   6.4792238e-03  -9.4955947e-04
  -2.0107621e-02  -7.3512959e-03   1.8105237e-02  -4.4813179e-03
  -2.6532101e-02  -7.8606384e-03   1.7299437e-02  -6.1402309e-03
  -1.0609586e-02  -8.4299034e-03   5.6172047e-03  -5.0480506e-03
   1.3401627e-02  -2.0593778e-03  -9.0820944e-03  -2.9725327e-03
   1.4743496e-02   3.0527725e-03  -2.0644394e-02   1.8765922e-04
   3.4125728e-03   2.4198396e-03  -1.8965330e-02   6.6056204e-04
  -5.8868057e-03  -4.0733835e-05  -1.5659675e-02  -5.0292903e-04
  -1.5935832e-02  -4.7746224e-03  -1.7338738e-02  -1.8766048e-04
  -1.3199618e-02  -4.0106087e-03  -2.1712548e-02   1.0021030e-03
  -1.4076612e-03  -7.8602167e-04  -2.1330261e-02   5.4421293e-04
   5.9276405e-03   1.2663287e-03  -1.7492402e-02  -8.3321037e-04
   1.7071245e-03   2.2026200e-03  -1.4943824e-02  -1.5125390e-03
  -7.4385762e-03   4.4613761e-04  -4.4421831e-03  -3.6781337e-03
  -1.3345799e-02  -2.0818488e-03   7.1163683e-03  -6.1026990e-03
  -1.2356264e-02  -2.6361332e-03   1.0590680e-02  -5.9413115e-03
  -4.1738609e-03  -1.8196872e-03   5.9770040e-03  -3.2577756e-03
   6.2125066e-03   7.8694763e-04   4.2567137e-03  -1.2197897e-03
   1.2284652e-02   3.1538919e-03   6.1831390e-03  -2.8524360e-04
   7.7192983e-03   2.1689135e-03   9.4700552e-03   4.2411063e-04
   2.4042968e-03   2.7386002e-04   1.3577763e-02   2.7773595e-04
  -1.1865152e-03  -1.4788772e-03   1.4619682e-02  -2.1393286e-04
  -2.9294459e-03  -2.3252845e-03   1.6298745e-02  -1.3211260e-03
   4.2147890e-04  -1.2092253e-03   1.1591372e-02  -1.0621554e-03
  -9.9535507e-04  -2.5420824e-04   9.4363240e-03  -2.8524360e-04
   4.7844279e-03   4.7235377e-04   1.6917150e-02  -1.9404035e-03
   6.0213465e-03   6.4837652e-04   2.1290960e-02  -3.4003971e-03
  -2.6970551e-03  -3.1413088e-04   1.6534864e-02  -1.7827692e-03
  -1.0740681e-03  -3.6988670e-05   1.2805694e-02  -1.8390728e-04
  -9.5787269e-04  -1.7410387e-03   1.7082058e-02  -1.4374751e-03
   7.7980113e-03  -5.8752793e-04   1.5436726e-02  -1.4675007e-03
   2.6291911e-03   2.5887936e-04   7.1650911e-03  -2.3269885e-04
   6.8909377e-03  -1.6432428e-04   2.5401714e-03   4.3161702e-04
   7.9479408e-03   1.1127770e-03   4.5303111e-03  -4.2411189e-04
  -2.3012505e-02  -2.4750911e-03   1.2171595e-03  -2.3907871e-03
   7.8504866e-03   7.7945730e-04  -1.3133584e-02  -6.3804412e-04
   2.0853124e-02  -2.1979489e-03  -1.6023222e-02  -1.1260223e-05
  -1.2813549e-02  -6.3621507e-04   3.5033840e-03  -6.1026990e-03
  -1.7266456e-02   7.0713345e-03   5.9770040e-03  -7.1385813e-03
  -8.7317183e-03  -4.1716508e-03  -2.1229067e-02   8.2569702e-05
   1.1512515e-02  -3.0630820e-03  -2.5962677e-02   9.6081780e-04
   2.5429816e-03   3.8996014e-04  -1.2286557e-02  -2.0229738e-03
  -1.6231943e-02  -2.0631229e-03  -4.1386024e-03  -3.4942270e-03
  -6.2129024e-03   2.9216917e-03  -1.0858603e-02  -1.3811771e-03
   1.0301834e-02  -2.4338943e-03  -2.4950741e-02   3.1564380e-03
   1.2442078e-02  -4.0368249e-03  -1.2327784e-02  -7.5070260e-06
  -4.9534944e-03   9.7420588e-04   2.4951965e-03  -3.9821426e-03
  -1.9253022e-02  -1.6174483e-03   2.2778178e-03  -3.7081593e-03
  -9.0615632e-03  -1.0294574e-03  -9.4718769e-03  -7.7315921e-04
   9.7545915e-03  -1.1006155e-03  -1.2331531e-02  -7.1311375e-05
   8.9674615e-03  -2.6960558e-03   3.1848118e-03  -4.2336068e-03
  -3.4916816e-03   1.7344744e-03   3.9268977e-03  -4.0759726e-03
  -1.0459656e-02  -2.1301143e-04  -3.1079274e-03  -8.2570397e-04
  -1.7375062e-03  -2.5724654e-03  -6.5597516e-03   8.8950706e-04
   6.2537372e-03   2.7386002e-04  -2.1222274e-03  -3.7907353e-04
   1.9957389e-03   3.0756651e-04   6.0482142e-03  -2.6122257e-03
   4.0648595e-04   9.5173489e-04   4.4141259e-03  -2.2068805e-03
   4.0872557e-03  -2.6169857e-04   5.1562119e-03  -2.3082168e-03
   4.1659687e-03  -1.8047066e-03   7.1201162e-03  -2.6047194e-03
  -3.5254157e-03   6.4130785e-05   3.8219563e-03  -2.1092973e-03
  -7.0412630e-03   1.4277925e-04   5.2086826e-03  -2.1693485e-03
  -1.4825328e-04  -9.9575091e-04   8.0346060e-03  -2.0867782e-03
   6.8384624e-03  -1.2092253e-03   9.6049799e-03  -2.4583447e-03
   5.1217694e-03  -1.8305011e-04   6.0744496e-03  -1.7377308e-03
   4.4771656e-04   1.3749385e-03   4.7507356e-04   1.1259528e-04
   1.4185102e-03   7.9533100e-06   4.1967472e-03  -4.8040985e-04
   2.2843532e-03  -2.2129295e-03   8.2145056e-03  -1.3436452e-03
  -2.2660077e-03  -1.7784904e-03   5.3323636e-03  -3.4154156e-04
  -2.7045516e-03  -6.7741189e-04   3.9194019e-03  -6.6806970e-04
   4.1809616e-03  -2.4297275e-04   5.4635404e-03  -1.9779355e-03
   7.6930606e-03  -2.2424692e-04   4.9463290e-03  -2.0342334e-03
   2.5054992e-03  -2.1675659e-04   2.8999707e-03  -1.4224623e-03
  -4.4962094e-03  -1.6806945e-04   7.4117510e-04  -1.0809214e-03
  -4.1513715e-03  -6.6243123e-04   2.4202383e-03  -1.8878587e-03
   7.1384146e-04  -7.3358936e-04   7.9739373e-04  -2.4771107e-03
   2.2168849e-03  -3.9652451e-04  -5.1805211e-03  -1.5050326e-03
   9.6497341e-04   2.7760519e-04  -6.5634995e-03  -1.1334661e-03
  -2.9818280e-04   7.1953466e-04  -5.0193610e-03  -2.0192206e-03
  -1.4189060e-03  -2.3548242e-04  -6.2374315e-03  -1.9404035e-03
  -2.0261205e-03  -6.8864738e-04  -9.0258758e-03  -1.2348024e-03
  -2.6820622e-03  -9.5829926e-04  -7.2793502e-03  -1.4524879e-03
  -2.7720199e-03  -1.3889932e-03  -3.5464328e-03  -2.0792718e-03
  -1.7824850e-03  -5.0513430e-04  -3.3402978e-03  -2.3982935e-03
   2.0408109e-04  -2.0552110e-04  -6.0725235e-03  -1.7790160e-03
   2.5279887e-03  -5.7629243e-04  -5.6115307e-03  -1.6476541e-03
   1.3135595e-03  -5.7254727e-04  -2.1109837e-03  -2.3082168e-03
  -2.7045516e-03  -9.9575091e-04  -2.0472692e-03  -1.8878587e-03
  -3.7540582e-03  -7.3733453e-04  -5.6302702e-03  -9.6457226e-04
  -1.0815645e-03  -5.3884078e-04  -7.2156357e-03  -6.9058888e-04
   1.6284115e-03  -1.2728931e-03  -3.8125343e-03  -1.6326413e-03
   1.3472937e-03  -7.8602167e-04   8.5291022e-05  -2.3645147e-03
  -1.0403339e-03  -8.0474750e-04  -8.7792159e-04  -1.7977820e-03
  -1.1302916e-03  -1.0706542e-03  -2.6057076e-03  -1.3098664e-03
   8.0754741e-04  -5.2386012e-04  -1.0428296e-03  -1.3961899e-03
   1.0549311e-03  -8.0100233e-04   6.1749410e-04  -1.7302244e-03
  -2.4570747e-04  -2.1301143e-04   1.4607736e-03  -1.7414840e-03
  -4.3302614e-05  -2.5046308e-04   1.7231273e-03  -1.6739265e-03
   1.9357670e-03  -6.0625375e-04   2.2141033e-03  -1.8728459e-03
   2.3593179e-03  -7.0273500e-06   3.0199038e-03  -1.7827692e-03
   1.3697831e-03  -2.6544374e-04   2.8175167e-03  -1.8653395e-03
   2.0408109e-04  -9.3166145e-05   1.9442539e-03  -1.8803523e-03
  -1.1602775e-03  -1.1563714e-04   1.6556649e-03  -1.5237986e-03
  -5.0808413e-04  -8.5343464e-04   4.1892514e-03  -2.1430761e-03
   1.7296140e-03  -7.7478618e-04   7.2850242e-03  -2.8186516e-03
   1.7146210e-03  -2.7667923e-04   5.0887495e-03  -2.1168037e-03
   8.0754741e-04  -5.9459660e-05   1.6968919e-03  -1.0884278e-03
   1.4972232e-03  -2.2008010e-05   2.3565239e-03  -1.2310492e-03
   5.1518485e-04  -2.5046308e-04   2.9449456e-03  -1.8653395e-03
  -1.0553269e-03  -3.7030836e-04   2.3040532e-03  -1.5800966e-03
  -2.7569337e-04  -4.4895682e-04   1.5020006e-03  -1.5313050e-03
   6.0514256e-04  -6.6617639e-04   1.4083029e-03  -1.7677564e-03
   7.9255446e-04  -5.3135045e-04   1.9667413e-03  -1.6626669e-03
   3.7650004e-04  -1.8679527e-04   8.6860400e-04  -1.6063689e-03
   1.4785752e-04  -4.4479000e-05  -3.3822270e-04  -1.5688370e-03
   5.9389785e-04  -3.0289539e-04  -3.1198733e-04  -1.5012794e-03
   1.4036105e-04  -4.0401484e-04  -5.6684514e-04  -1.5763434e-03
  -4.5560879e-04  -5.3509562e-04  -1.2452167e-03  -1.8615863e-03
  -3.6939932e-04  -4.5270199e-04  -2.1821939e-03  -1.4112027e-03
   4.1398242e-04  -2.3922758e-04  -2.7931031e-03  -1.4712539e-03
   1.5910224e-04  -5.7629243e-04  -3.3777769e-03  -1.6176285e-03
  -1.2502353e-03  -4.1899550e-04  -3.3065666e-03  -1.1897641e-03
  -2.4945570e-04  -3.2536638e-04  -1.5862764e-03  -1.8953651e-03
   8.4877803e-04  -6.5868606e-04  -1.0953003e-03  -2.0642590e-03
   2.8654233e-04  -5.4633111e-04  -2.2983791e-03  -1.5876030e-03
   5.7899812e-05  -6.0625375e-04  -2.8080947e-03  -1.3736707e-03
  -2.5320394e-04  -5.6505694e-04  -2.6319430e-03  -1.3924367e-03
  -4.4061584e-04  -3.7030836e-04  -3.1791377e-03  -1.5087858e-03
  -1.6324623e-04  -6.8864738e-04  -3.8087864e-03  -1.1860109e-03
   1.2920956e-05  -8.5717981e-04  -3.2316084e-03  -1.4262155e-03
  -5.9054536e-04  -6.9613771e-04  -1.9348319e-03  -1.9066247e-03
  -1.1565293e-03  -5.5382144e-04  -1.4588475e-03  -1.7940288e-03
  -4.8934294e-04  -7.8227651e-04  -1.6649825e-03  -1.4187091e-03
   2.9778704e-04  -8.9837662e-04  -8.9291323e-04  -1.6326413e-03
   2.0782933e-04  -6.2872474e-04   7.0299386e-05  -1.9816886e-03
  -1.4075680e-04  -4.9764397e-04   1.6024920e-04  -1.8127948e-03
  -2.9818280e-04  -5.2760529e-04  -6.0877429e-05  -1.5575774e-03
  -2.4561424e-05  -6.2872474e-04   5.6127546e-04  -1.3736707e-03
   1.5910224e-04  -5.8752793e-04   1.3146052e-03  -1.6551605e-03
  -2.7194513e-04  -6.6992156e-04   1.2134116e-03  -1.6589137e-03
   1.2920956e-05  -5.3884078e-04   1.3708238e-03  -1.5500710e-03
   5.4517075e-04  -3.7779869e-04   1.5619672e-03  -1.6063689e-03
   7.5882032e-04  -5.7254727e-04   1.5469755e-03  -1.6551605e-03
   4.6270952e-04  -2.9540506e-04   1.3108573e-03  -1.9404035e-03
  -8.5292202e-04  -5.2386012e-04   9.5855382e-04  -1.5763434e-03
  -7.3297841e-04  -1.1081059e-03   1.7755980e-03  -1.6514073e-03
   1.9283638e-04  -8.9088629e-04   3.0161559e-03  -1.9929482e-03
   1.6669194e-05  -6.9239255e-04   2.2328429e-03  -1.5913562e-03
   2.4905995e-04  -4.6019232e-04   6.2498992e-04  -1.4750071e-03
   1.0399382e-03  -3.8154385e-04   7.9739373e-04  -1.4524879e-03
   1.1149029e-03  -5.9127309e-04   1.3783196e-03  -1.5425646e-03
  -4.3302614e-05  -6.8115705e-04   6.6996483e-04  -1.6363945e-03
  -7.4422312e-04  -7.7853134e-04   1.3401384e-04  -1.4937730e-03
  -2.2321804e-04  -7.1111837e-04   6.9245228e-04  -1.5500710e-03
   7.6641002e-05  -5.6880210e-04   6.5122528e-04  -1.5763434e-03
   1.8533990e-04  -5.1636979e-04   7.7795204e-05  -1.4900198e-03
   2.0408109e-04  -4.6019232e-04  -4.3566833e-04  -1.3586579e-03
   9.9130430e-05  -3.1787605e-04  -8.6292996e-04  -1.4074495e-03
  -1.1077090e-04  -4.9764397e-04  -8.2919877e-04  -1.4562411e-03
  -6.0179008e-04  -5.8003760e-04  -1.0390817e-03  -1.3511516e-03
  -6.9924426e-04  -5.9127309e-04  -1.1852501e-03  -1.4149559e-03
  -4.8934294e-04  -8.2721849e-04  -9.3414023e-04  -1.4262155e-03
  -2.6444866e-04  -6.3996024e-04  -9.7536723e-04  -1.3849303e-03
  -3.8064403e-04  -5.3135045e-04  -1.1552669e-03  -1.5237986e-03
  -6.3927246e-04  -5.3509562e-04  -9.7911513e-04  -1.7264713e-03
  -5.0058765e-04  -5.1262463e-04  -1.0053505e-03  -1.7377308e-03
  -6.4302069e-04  -5.9876342e-04  -1.1290315e-03  -1.8240544e-03
  -4.8934294e-04  -4.0401484e-04  -9.4538395e-04  -1.6589137e-03
  -2.4945570e-04  -4.0026968e-04  -6.7928241e-04  -1.6664201e-03
  -3.6565108e-04  -4.4521166e-04  -1.8830634e-04  -1.8578331e-03
  -3.0567927e-04  -5.1262463e-04   1.7828660e-05  -1.5350582e-03
  -5.9054536e-04  -6.4370540e-04  -9.0860701e-05  -1.4750071e-03
  -5.7180417e-04  -5.0138913e-04  -3.0894157e-05  -1.4562411e-03
  -1.0327442e-04  -7.8227651e-04   3.2140929e-04  -1.7039521e-03
   1.3661281e-04  -6.6243123e-04   6.8870437e-04  -1.8428204e-03
   2.0033286e-04  -2.5046308e-04   6.5122528e-04  -1.5650838e-03
   2.0033286e-04  -5.2011496e-04   7.8989791e-04  -1.5575774e-03
   9.5382192e-05  -4.1899550e-04   1.2433949e-03  -1.6101221e-03
   1.2536810e-04  -3.8528902e-04   1.3483364e-03  -1.6251349e-03
   1.6285048e-04  -6.7741189e-04   1.2171595e-03  -1.6964457e-03
  -2.1572156e-04  -5.3135045e-04   1.4570257e-03  -1.8803523e-03
  -2.8309662e-05  -4.6768265e-04   1.4382862e-03  -1.6889393e-03
   3.0903176e-04  -5.4633111e-04   9.4731009e-04  -1.7564968e-03
   1.5535400e-04  -4.7142781e-04   8.4236864e-04  -1.9141311e-03
   1.7409519e-04  -4.2648583e-04   1.1309576e-03  -1.7752628e-03
   2.0417432e-05  -3.4034704e-04   1.4008071e-03  -1.7302244e-03
  -1.7823918e-04  -5.9127309e-04   1.1422014e-03  -1.7189649e-03
  -1.9698037e-04  -8.2347332e-04   9.8478918e-04  -1.8278076e-03
  -1.1826737e-04  -6.6992156e-04   9.9978082e-04  -1.6964457e-03
  -1.1451914e-04  -7.5231519e-04   5.7626710e-04  -1.8165480e-03
  -3.7314756e-04  -8.1972816e-04   2.4270320e-04  -1.7452372e-03
  -2.1197332e-04  -5.1636979e-04   2.0522411e-04  -1.4299687e-03
  -8.0784994e-05  -3.4409220e-04   2.3520738e-04  -1.4937730e-03
  -2.9068632e-04  -4.2648583e-04   1.0028266e-04  -1.5575774e-03
  -1.1451914e-04  -2.8416956e-04  -7.2121156e-05  -1.7264713e-03
   1.6762420e-06  -3.5907286e-04  -1.9650430e-05  -1.5237986e-03
  -2.6819689e-04  -3.3660187e-04   2.2396365e-04  -1.6213817e-03
  -3.5815461e-04  -2.9540506e-04   4.0316114e-05  -1.7152117e-03
  -2.9443456e-04  -4.9015364e-04  -3.2697897e-04  -1.3511516e-03
  -3.0942751e-04  -4.5644715e-04  -2.5951661e-04  -1.6363945e-03
  -9.5777946e-05  -4.9764397e-04  -4.4316415e-04  -1.5951094e-03
  -1.2576385e-04  -4.5644715e-04  -8.1420714e-04  -1.3736707e-03
  -2.6819689e-04  -6.4370540e-04  -9.2289650e-04  -1.3999431e-03
  -1.8198742e-04  -6.0250859e-04  -4.8813906e-04  -1.5012794e-03
  -3.8064403e-04  -3.5158253e-04  -3.0449151e-04  -1.5951094e-03
  -3.3191694e-04  -4.0026968e-04  -4.8813906e-04  -1.4862666e-03
