  -3.7689580e-04  -8.1598299e-04  -3.3072688e-04  -2.3194764e-03
  -2.9443456e-04  -7.3358936e-04  -3.6820597e-04  -2.1017910e-03
  -2.7194513e-04  -1.0743994e-03  -2.8949988e-04  -1.8278076e-03
  -2.7569337e-04  -7.6355068e-04  -2.6701242e-04  -2.1130505e-03
  -2.4561424e-05  -7.5980552e-04  -1.6956679e-04  -1.9554163e-03
  -4.3311937e-04  -1.0856349e-03  -9.1088500e-07  -1.9554163e-03
  -4.0313346e-04  -9.1710245e-04  -2.8949988e-04  -1.9591695e-03
  -1.0327442e-04  -7.5980552e-04  -2.9324779e-04  -2.0079610e-03
   9.5382192e-05  -8.1972816e-04  -1.2833979e-04  -2.0980378e-03
  -1.4450504e-04  -7.3358936e-04  -1.8455843e-04  -1.9253907e-03
  -4.5935703e-04  -6.4370540e-04  -9.1088500e-07  -1.7114585e-03
  -1.8198742e-04  -9.9200575e-04  -8.3364883e-05  -1.5763434e-03
  -2.7944161e-04  -8.6467014e-04  -3.5696224e-04  -1.9328971e-03
  -1.7064948e-05  -7.7853134e-04  -3.9444133e-04  -2.0154674e-03
   1.6659871e-04  -1.0182219e-03  -2.1828961e-04  -1.8615863e-03
  -1.8948390e-04  -6.6992156e-04  -2.6701242e-04  -1.8240544e-03
  -1.6324623e-04  -6.5494090e-04  -1.7331470e-04  -1.9178843e-03
  -2.1946980e-04  -8.3845398e-04   1.1527429e-04  -2.0417398e-03
  -2.1572156e-04  -9.3582827e-04  -2.8200406e-04  -1.7752628e-03
   1.2920956e-05  -1.1043607e-03  -4.1318088e-04  -1.9779355e-03
   9.1633954e-05  -7.1860870e-04  -2.7076033e-04  -1.9704291e-03
   1.0662691e-04  -6.9239255e-04  -5.7129520e-05  -1.9666759e-03
   6.1648050e-05  -7.3358936e-04   5.1559841e-05  -2.1130505e-03
  -2.6444866e-04  -5.5382144e-04  -1.1334816e-04  -1.7001989e-03
  -4.4061584e-04  -8.3845398e-04   6.2803568e-05  -2.0529994e-03
  -1.3700856e-04  -8.2721849e-04  -2.3398339e-05  -2.2556720e-03
  -4.3302614e-05  -9.8451542e-04  -9.0860701e-05  -1.9328971e-03
  -1.2576385e-04  -9.9200575e-04  -1.6581888e-04  -2.0079610e-03
   9.1633954e-05  -6.3621507e-04  -2.3702915e-04  -2.1843613e-03
   4.6655098e-05  -7.4482486e-04  -1.9580215e-04  -2.0154674e-03
  -1.2951209e-04  -6.8864738e-04  -1.5832306e-04  -1.8615863e-03
   1.2920956e-05  -8.5717981e-04  -9.0860701e-05  -2.0755186e-03
  -1.5949799e-04  -8.1223783e-04  -1.5457515e-04  -2.2218933e-03
  -3.5065813e-04  -6.9613771e-04  -2.2578543e-04  -2.4470851e-03
  -1.2576385e-04  -8.8714113e-04  -4.0193715e-04  -2.3457488e-03
  -3.9554376e-05  -7.6355068e-04  -1.4707934e-04  -2.2331528e-03
  -1.7823918e-04  -8.5343464e-04  -2.3398339e-05  -2.2106337e-03
  -8.8281470e-05  -7.3733453e-04  -4.5885793e-05  -2.1768549e-03
  -2.4561424e-05  -8.8339596e-04  -1.9955006e-04  -2.2631784e-03
  -3.4316165e-04  -8.1972816e-04  -3.4197060e-04  -2.1543357e-03
  -2.1572156e-04  -5.1636979e-04  -9.4608610e-05  -2.3194764e-03
   1.0662691e-04  -8.1598299e-04  -3.7195388e-04  -2.2969572e-03
  -4.7050852e-05  -7.7853134e-04  -2.2578543e-04  -2.2744380e-03
  -1.7074271e-04  -7.8602167e-04  -8.4067030e-06  -2.4170595e-03
  -8.4533232e-05  -6.6243123e-04  -2.8200406e-04  -2.3419956e-03
  -1.3326033e-04  -6.6617639e-04  -2.1828961e-04  -2.5183958e-03
  -1.7449094e-04  -8.9088629e-04   4.0316114e-05  -2.2444124e-03
  -9.9526184e-05  -6.3621507e-04   1.0777848e-04  -1.9591695e-03
  -3.6190284e-04  -6.6617639e-04  -4.5885793e-05  -2.1731017e-03
  -2.7569337e-04  -6.9239255e-04  -5.3381611e-05  -2.1017910e-03
   1.0287867e-04  -6.8864738e-04  -1.1334816e-04  -2.1580889e-03
   1.7409519e-04  -8.8339596e-04  -4.2137884e-05  -2.0417398e-03
   2.6405290e-04  -5.0513430e-04  -8.4067030e-06  -1.9066247e-03
  -2.0813186e-05  -2.6169857e-04  -8.4067030e-06  -2.0830250e-03
  -1.8198742e-04  -5.3884078e-04   1.6774502e-04  -1.9103779e-03
  -3.2057900e-05  -5.8752793e-04   1.6774502e-04  -2.0379866e-03
  -5.8295566e-05  -7.0362804e-04   1.2277011e-04  -2.0229738e-03
   2.1157757e-04  -7.7478618e-04  -1.3208770e-04  -1.6964457e-03
   1.2911633e-04  -7.1486354e-04  -2.1079379e-04  -1.8690927e-03
   1.2920956e-05  -8.2347332e-04  -1.8830634e-04  -1.9704291e-03
   2.3781524e-04  -6.7366672e-04  -8.7112792e-05  -2.0267270e-03
  -2.6070042e-04  -7.2235387e-04   2.9892183e-04  -2.0154674e-03
  -4.9309117e-04  -7.8227651e-04   1.7524084e-04  -2.0042078e-03
  -2.5695218e-04  -6.9239255e-04  -3.8389975e-05  -1.9967014e-03
   7.6641002e-05  -8.5343464e-04  -2.8575197e-04  -1.9666759e-03
   3.2027647e-04  -6.7741189e-04  -3.7570179e-04  -2.2444124e-03
  -1.4075680e-04  -8.1972816e-04  -1.2833979e-04  -2.0267270e-03
  -2.1946980e-04  -7.1860870e-04  -1.5082725e-04  -1.9404035e-03
  -2.5320394e-04  -5.6880210e-04   5.1559841e-05  -2.2444124e-03
  -1.4825328e-04  -8.9088629e-04  -1.0210443e-04  -1.9216375e-03
   1.1412338e-04  -5.5756661e-04  -2.8949988e-04  -1.7902756e-03
  -2.0447685e-04  -6.6617639e-04  -8.7112792e-05  -2.0867782e-03
  -2.5320394e-04  -8.3096365e-04  -3.2323106e-04  -2.0642590e-03
  -2.7194513e-04  -9.6578959e-04  -2.5202079e-04  -1.9216375e-03
  -2.9818280e-04  -1.1493027e-03  -2.1454170e-04  -2.0830250e-03
  -3.2442046e-04  -9.5455410e-04  -4.6565160e-04  -2.1168037e-03
  -1.6324623e-04  -1.0669090e-03  -2.6326452e-04  -1.9591695e-03
  -1.0327442e-04  -7.8602167e-04  -1.3958352e-04  -2.0417398e-03
  -3.7314756e-04  -9.0961212e-04  -2.8200406e-04  -2.1055441e-03
  -1.8573566e-04  -9.3582827e-04  -2.7076033e-04  -2.0792718e-03
  -1.9698037e-04  -7.1860870e-04  -1.8830634e-04  -2.0079610e-03
  -4.0313346e-04  -1.0669090e-03  -3.1198733e-04  -2.0004546e-03
  -2.5320394e-04  -8.4968948e-04  -2.8200406e-04  -2.0117142e-03
  -1.8573566e-04  -9.1710245e-04  -1.3958352e-04  -2.0004546e-03
  -3.5065813e-04  -1.0481832e-03  -2.7825615e-04  -1.9779355e-03
  -3.9938522e-04  -9.5080893e-04  -2.0329797e-04  -1.9441567e-03
  -2.6819689e-04  -1.1904995e-03  -1.3583561e-04  -1.9591695e-03
  -1.7823918e-04  -1.0781445e-03  -2.5951661e-04  -1.8390672e-03
  -3.0567927e-04  -8.1972816e-04  -1.4333143e-04  -1.9816886e-03
  -2.8693808e-04  -7.6355068e-04  -1.6581888e-04  -1.9479099e-03
  -2.1946980e-04  -8.3845398e-04  -1.3958352e-04  -1.7902756e-03
  -2.9818280e-04  -7.5231519e-04  -6.4625338e-05  -1.8803523e-03
  -2.6444866e-04  -7.4482486e-04  -1.2459188e-04  -1.6701733e-03
  -2.7194513e-04  -9.0961212e-04  -1.3208770e-04  -1.7977820e-03
  -1.5574975e-04  -8.2721849e-04  -1.9205424e-04  -1.8803523e-03
  -1.2576385e-04  -8.9088629e-04   3.2820296e-05  -1.7827692e-03
   1.6762420e-06  -1.0481832e-03  -1.6581888e-04  -2.0192206e-03
   3.9158622e-05  -8.4968948e-04  -3.4197060e-04  -1.8765991e-03
  -2.0072861e-04  -8.5717981e-04  -1.9650430e-05  -1.9066247e-03
  -2.3446275e-04  -9.0212179e-04  -3.4642066e-05  -2.1130505e-03
  -4.5935703e-04  -6.4745057e-04   1.1902220e-04  -2.1055441e-03
  -3.9938522e-04  -7.3733453e-04   5.5307750e-05  -2.1055441e-03
  -8.8281470e-05  -9.5455410e-04  -3.4642066e-05  -1.8765991e-03
  -1.1451914e-04  -8.1223783e-04  -6.0877429e-05  -1.9066247e-03
  -5.8202340e-06  -7.4857002e-04  -4.2442460e-04  -2.1130505e-03
   1.9283638e-04  -9.5080893e-04  -3.9444133e-04  -2.1731017e-03
   2.5280819e-04  -7.8602167e-04  -4.3192042e-04  -1.9704291e-03
   1.5910224e-04  -7.8227651e-04  -3.9818924e-04  -1.8503268e-03
  -2.9818280e-04  -9.7702509e-04  -6.4625338e-05  -2.1092973e-03
  -3.1317575e-04  -6.5494090e-04   2.5324478e-05  -2.0229738e-03
  -2.0813186e-05  -7.7478618e-04  -1.1334816e-04  -2.0830250e-03
  -2.2321804e-04  -8.5717981e-04  -2.3328124e-04  -2.2369060e-03
  -2.2696628e-04  -6.9239255e-04  -7.9616974e-05  -2.1130505e-03
  -1.7074271e-04  -9.1710245e-04  -4.6587940e-06  -2.1693485e-03
  -1.6324623e-04  -7.2609903e-04  -9.8356519e-05  -2.2481656e-03
  -1.3700856e-04  -7.6355068e-04  -1.3208770e-04  -2.3645147e-03
  -1.8573566e-04  -1.0219671e-03  -1.8830634e-04  -2.2744380e-03
  -1.8198742e-04  -8.4968948e-04  -2.1828961e-04  -2.1993741e-03
  -1.3326033e-04  -9.2459278e-04   1.0028266e-04  -2.3645147e-03
  -3.2057900e-05  -8.0849266e-04   1.0777848e-04  -2.2669316e-03
  -8.0784994e-05  -7.1486354e-04  -3.6445806e-04  -2.2669316e-03
  -1.3326033e-04  -8.7965080e-04  -3.0894157e-05  -2.2969572e-03
  -1.8198742e-04  -7.7478618e-04   4.0316114e-05  -2.2181401e-03
  -4.3302614e-05  -8.3470882e-04  -1.9580215e-04  -2.1731017e-03
  -1.3700856e-04  -9.0212179e-04   1.6024920e-04  -2.1806081e-03
  -2.6070042e-04  -7.7104101e-04  -7.5869065e-05  -2.2519188e-03
  -2.0813186e-05  -6.9988288e-04  -1.2833979e-04  -2.2819444e-03
  -1.0327442e-04  -7.2609903e-04  -1.3208770e-04  -2.4808638e-03
  -6.9540280e-05  -6.1374408e-04  -1.6207097e-04  -2.3757743e-03
  -9.5684720e-06  -6.6992156e-04  -1.2154612e-05  -2.0154674e-03
   9.1727180e-06  -7.3358936e-04  -7.2121156e-05  -2.0417398e-03
  -1.7449094e-04  -8.2347332e-04   1.2651802e-04  -2.0342334e-03
  -3.6565108e-04  -9.2084761e-04  -1.2154612e-05  -1.7640032e-03
   6.5396288e-05  -5.5756661e-04   7.4047295e-05  -1.7264713e-03
  -6.5792042e-05  -7.4857002e-04   3.6568205e-05  -1.8690927e-03
  -1.4825328e-04  -8.7590563e-04  -1.8830634e-04  -1.9816886e-03
   1.7409519e-04  -7.0737321e-04  -1.1709606e-04  -2.1168037e-03
   5.4151574e-05  -7.7478618e-04  -3.9069342e-04  -2.0680122e-03
  -1.7074271e-04  -6.6992156e-04   1.0332842e-05  -1.9404035e-03
  -4.7434998e-04  -6.7366672e-04   4.0011538e-04  -1.9479099e-03
  -1.7449094e-04  -8.3470882e-04  -1.9580215e-04  -2.0605058e-03
   8.4137478e-05  -9.8077025e-04  -3.7195388e-04  -1.9253907e-03
   1.0662691e-04  -9.2084761e-04  -1.5457515e-04  -1.9666759e-03
   2.9029057e-04  -8.9088629e-04  -1.4333143e-04  -2.1205569e-03
   8.0389240e-05  -6.7366672e-04   9.6534749e-05  -1.8165480e-03
   1.2920956e-05  -6.5494090e-04   2.9072387e-05  -1.7865224e-03
  -4.0688170e-04  -8.4219915e-04  -3.4642066e-05  -1.8991183e-03
  -3.7689580e-04  -5.2386012e-04   3.6568205e-05  -1.8916119e-03
  -6.9540280e-05  -7.3733453e-04  -1.3583561e-04  -1.8878587e-03
  -4.5186056e-04  -8.9088629e-04  -5.7129520e-05  -2.1543357e-03
  -7.3288518e-05  -6.2872474e-04  -2.6326452e-04  -2.2331528e-03
   7.2892764e-05  -8.4594431e-04  -3.2323106e-04  -1.8803523e-03
  -1.8948390e-04  -8.0100233e-04  -2.0329797e-04  -1.7452372e-03
  -1.8198742e-04  -6.5119573e-04  -2.2578543e-04  -1.8653395e-03
  -1.7823918e-04  -9.0586695e-04   4.0316114e-05  -2.3119700e-03
   5.0403336e-05  -1.0519284e-03  -1.1334816e-04  -2.1655953e-03
  -5.4547328e-05  -8.7216047e-04  -1.6581888e-04  -1.9629227e-03
  -1.5200152e-04  -8.6092497e-04  -1.3208770e-04  -1.9554163e-03
  -2.0822509e-04  -9.5829926e-04  -4.4691206e-04  -1.7640032e-03
  -2.7944161e-04  -9.5455410e-04  -2.2953333e-04  -2.1055441e-03
  -3.9938522e-04  -8.3470882e-04  -2.3328124e-04  -2.1205569e-03
  -4.5935703e-04  -8.0100233e-04  -4.9938278e-04  -2.0680122e-03
  -3.6190284e-04  -1.1305768e-03  -2.4077706e-04  -1.9328971e-03
  -4.5935703e-04  -8.7965080e-04  -2.2953333e-04  -1.9479099e-03
  -2.4570747e-04  -8.1972816e-04  -2.7450824e-04  -2.0529994e-03
  -2.9068632e-04  -1.1605382e-03  -1.0960025e-04  -1.8578331e-03
  -2.9068632e-04  -9.7702509e-04  -2.5202079e-04  -2.2181401e-03
  -2.2321804e-04  -8.9088629e-04  -2.4077706e-04  -2.0154674e-03
  -4.2937113e-04  -8.7216047e-04  -1.9205424e-04  -2.0004546e-03
  -2.7944161e-04  -9.0961212e-04  -3.4946642e-04  -2.1505825e-03
  -1.4825328e-04  -6.5868606e-04  -3.6071015e-04  -1.7752628e-03
  -8.4533232e-05  -7.1860870e-04  -1.6956679e-04  -1.9741823e-03
  -1.7074271e-04  -9.4706377e-04  -2.2578543e-04  -1.8203012e-03
  -2.4945570e-04  -6.2872474e-04  -3.7944969e-04  -1.8015352e-03
  -2.4195923e-04  -9.5829926e-04  -1.9955006e-04  -1.9854418e-03
  -1.8198742e-04  -9.5455410e-04  -3.3072688e-04  -1.7077053e-03
   5.0403336e-05  -6.8490222e-04  -2.8200406e-04  -1.8503268e-03
  -1.1826737e-04  -9.7327992e-04  -9.1088500e-07  -1.8278076e-03
  -4.1062994e-04  -7.1486354e-04  -3.4642066e-05  -1.7489904e-03
  -3.5440637e-04  -6.4370540e-04  -4.9633702e-05  -2.0905314e-03
  -2.3821099e-04  -8.9088629e-04   1.0028266e-04  -1.9967014e-03
  -2.4945570e-04  -8.9088629e-04   4.4064023e-05  -1.9591695e-03
  -9.2029708e-05  -1.0257122e-03  -4.1318088e-04  -2.1130505e-03
   2.1907405e-04  -9.3582827e-04  -4.8813906e-04  -1.9967014e-03
  -5.8295566e-05  -8.0100233e-04  -3.1573524e-04  -1.9366503e-03
  -6.5792042e-05  -8.6841530e-04  -1.4707934e-04  -1.8728459e-03
  -1.7064948e-05  -6.8115705e-04   1.7828660e-05  -2.0342334e-03
  -5.2307708e-04  -6.8864738e-04   1.1902220e-04  -2.0454930e-03
  -5.4181827e-04  -8.4968948e-04   2.3520738e-04  -1.8653395e-03
  -1.8573566e-04  -7.2235387e-04   4.4064023e-05  -2.0755186e-03
   1.6285048e-04  -7.9725717e-04  -1.6581888e-04  -2.0792718e-03
  -8.8281470e-05  -7.7478618e-04  -2.6701242e-04  -2.0154674e-03
  -4.7050852e-05  -8.6841530e-04  -3.6445806e-04  -2.1618421e-03
  -5.4931474e-04  -8.3470882e-04  -3.9818924e-04  -2.0605058e-03
  -7.3288518e-05  -7.2235387e-04  -4.0943297e-04  -2.0905314e-03
  -5.4181827e-04  -1.0444381e-03  -2.8200406e-04  -2.0417398e-03
  -1.1451914e-04  -6.1748925e-04  -1.7706261e-04  -1.8953651e-03
   2.9403881e-04  -9.8826058e-04  -5.7129520e-05  -2.3119700e-03
  -1.1490328e-03  -8.0100233e-04  -1.2459188e-04  -2.1205569e-03
   1.1111547e-03  -1.1006155e-03  -1.7706261e-04  -2.0004546e-03
  -1.7562474e-03  -1.0332026e-03  -3.7195388e-04  -2.3945403e-03
   1.6171668e-03  -1.7181461e-04  -2.0329797e-04  -2.1580889e-03
  -1.3851718e-03  -1.8833550e-03   1.4080751e-05  -2.3307360e-03
  -1.1865152e-03   6.2965070e-04  -2.2578543e-04  -2.4133063e-03
   2.3326961e-02   4.2399898e-03   3.6263629e-04  -2.3082168e-03
   2.7543729e-02   6.5545017e-03  -1.2489646e-03  -1.4900198e-03
   5.2304683e-03   3.0377918e-03   4.6577400e-03  -2.2744380e-03
  -1.5249904e-02  -3.9956281e-03   1.6782226e-02  -5.5434726e-03
  -1.5527274e-02  -5.5161651e-03   1.2914384e-02  -5.0330378e-03
  -1.0148552e-02  -7.4037282e-03  -3.7195388e-04  -2.3532552e-03
   3.5625023e-03  -2.9769432e-03  -6.7846262e-03  -1.3586579e-03
   1.2730692e-02   5.6223773e-04  -4.2772751e-03  -3.1752053e-03
   1.5422021e-03  -1.0556735e-03  -8.1563609e-03  -3.5542782e-03
  -4.7810754e-03  -3.4900308e-03  -1.4524058e-02  -1.8090416e-03
  -8.6567535e-03  -8.9692072e-03  -7.9989487e-03  -4.0271810e-03
  -1.8529612e-02  -7.4299444e-03  -1.4325419e-02  -2.0117142e-03
  -2.1235840e-02  -2.6061719e-03  -2.4665900e-02   1.5012782e-03
   8.9637133e-03   1.0678350e-03  -1.8687985e-02  -1.1785045e-03
   2.3668051e-02   3.6707247e-03  -2.2806937e-02  -4.4287788e-04
  -2.7832646e-03   3.6145472e-03  -2.8256397e-02   1.1522308e-03
  -2.1044680e-02   4.1163993e-03  -1.4692714e-02  -2.2556720e-03
  -8.3568945e-03   3.3673663e-03   5.5752756e-04  -5.1493869e-03
   6.7372599e-03   6.6710235e-04  -2.1079379e-04  -3.9033255e-03
  -3.3230109e-03   1.0903060e-03  -1.0903578e-02   5.3295334e-04
  -5.3058288e-03   2.6295688e-03   3.7245107e-03  -4.8416305e-04
   1.6771386e-03   5.8470872e-04   2.5927124e-02  -4.4400327e-03
   2.2468708e-03  -1.9882196e-03   1.8453793e-02  -1.6476541e-03
   6.1188007e-03  -2.9956690e-03   1.0946731e-02   2.1580876e-03
   1.0766616e-02  -2.6960558e-03   2.0751261e-02  -2.8149041e-04
   7.1833002e-03  -2.7484881e-03   2.8438223e-02  -3.9858958e-03
  -1.1749050e-02  -3.7858988e-03   1.7003352e-02  -7.2436765e-04
  -1.4459026e-02  -4.3252026e-03   1.6696024e-02  -1.1147001e-03
   1.5160576e-04  -4.1154734e-03   2.9483889e-02  -4.9429611e-03
  -6.5426541e-04  -3.0892981e-03   2.5057609e-02  -3.3253332e-03
  -4.0688170e-04  -1.5762515e-03   2.0309008e-02  -2.5559278e-03
   5.6727603e-03  -1.1155962e-03   1.6137585e-02  -1.2197897e-03
   9.7246056e-03   2.1393738e-04   1.2895644e-02  -5.1043542e-04
   5.2829436e-03   1.8580648e-03   5.4822800e-03   2.6271747e-05
  -1.7300097e-03   1.8880261e-03  -4.7907386e-03   2.0379853e-03
   9.5372869e-04   1.9254778e-03  -3.5321433e-04   4.5037732e-05
   6.9510027e-04   1.1951706e-03   3.7507460e-03  -3.2239969e-03
  -3.3005214e-03   1.0678350e-03  -1.5375536e-03  -2.9425071e-03
  -5.2458570e-03   4.4988278e-04  -5.5140850e-03  -3.1376733e-03
   1.6669194e-05  -1.0440164e-04  -4.5096454e-03  -4.4738115e-03
   6.7635908e-04   5.4351190e-04  -9.3444480e-03  -2.9612731e-03
  -4.5936635e-03  -1.3061780e-04  -1.6978939e-02  -1.2498152e-03
  -4.4549787e-03  -8.2721849e-04  -1.7762252e-02  -6.7557609e-04
  -1.2202493e-03  -2.3252845e-03  -1.4741437e-02  -1.0433894e-03
   9.2374279e-04  -3.9731571e-03  -1.2548910e-02  -1.7677564e-03
  -3.0831236e-03  -3.8720376e-03  -1.2511431e-02  -1.7564968e-03
  -4.5636776e-03  -3.4375985e-03  -8.9021948e-03  -2.5671874e-03
  -4.5936635e-03  -3.0705723e-03  -3.0629525e-03  -3.6668741e-03
  -3.4766886e-03  -2.4451298e-03  -2.6506825e-03  -3.6443549e-03
  -1.2202493e-03  -2.0443971e-03  -5.7314637e-03  -2.7998856e-03
  -1.0215927e-03  -1.7672549e-03  -6.0950109e-03  -2.2556720e-03
   4.4771656e-04  -1.1006155e-03  -5.2329918e-03  -2.3232296e-03
   2.4267862e-03   5.2895290e-05  -7.2006441e-03  -1.5425646e-03
   4.7881762e-03   1.3337417e-03  -1.1278369e-02   1.1634848e-04
   3.9860532e-03   1.4573322e-03  -1.1387058e-02   4.8416178e-04
   2.3818074e-03   1.2026609e-03  -3.0741963e-03  -1.3323856e-03
  -1.8874357e-03   8.6934126e-04   4.4291176e-03  -3.4041503e-03
  -5.5719537e-03  -1.8262845e-05   3.8332000e-03  -3.3478524e-03
  -1.8349604e-03  -3.6281803e-04   1.5282360e-03  -2.3495020e-03
   4.6307502e-03  -5.8752793e-04   4.8039085e-03  -2.7736132e-03
   5.6240332e-03  -8.6092497e-04   7.0601497e-03  -3.0063114e-03
   5.9389785e-04  -1.1755188e-03   3.1585764e-03  -1.7227181e-03
  -1.6662897e-03  -1.8683744e-03   7.6366255e-04  -3.2652877e-04
  -3.4616957e-03  -2.6136622e-03   1.6294295e-03   3.2652751e-04
  -3.2218084e-03  -3.2578306e-03   6.8390230e-03  -9.5331267e-04
  -7.3288518e-05  -2.9507270e-03   1.0871773e-02  -2.6797833e-03
   6.0889080e-04  -1.5612708e-03   7.7984877e-03  -2.7473408e-03
   1.2873219e-03  -5.2386012e-04   4.9088499e-03  -2.2143869e-03
   3.5025305e-03  -1.0772515e-05   6.4379968e-03  -2.7548472e-03
   3.1089655e-03  -8.1930650e-05   8.7617004e-03  -3.6668741e-03
  -2.5583703e-03  -1.7181461e-04   5.5310028e-03  -2.4358255e-03
  -4.0539173e-03   4.1617629e-04   5.2004847e-04  -9.4205308e-04
   1.7933340e-03   2.8509552e-04   7.0369601e-04  -1.1259597e-03
   6.1300454e-03   3.4876332e-04   7.4492301e-04  -1.3961899e-03
   4.2746676e-03   7.7196697e-04  -1.6837220e-03  -1.0771682e-03
  -1.4075680e-04   3.2629233e-04  -6.6054287e-04  -1.7640032e-03
  -1.3027106e-03  -2.2799209e-04   3.1173494e-03  -3.1789585e-03
  -1.8237157e-03  -9.6204443e-04   3.1473327e-03  -3.1076477e-03
  -3.3567450e-03  -1.5200740e-03  -4.1318088e-04  -2.6234853e-03
  -1.6325555e-03  -1.2916189e-03  -1.5487973e-03  -2.5259022e-03
   1.8907882e-03  -9.3582827e-04  -1.0428296e-03  -2.5409150e-03
   2.3780591e-03  -1.1680285e-03  -3.6963492e-03  -2.3945403e-03
   3.7275180e-04  -1.5987225e-03  -7.1556692e-03  -1.6176285e-03
  -6.3552422e-04  -1.8908453e-03  -6.9832654e-03  -1.5763434e-03
  -1.4076612e-03  -1.7897259e-03  -4.5658640e-03  -2.5746938e-03
  -2.7607752e-03  -1.4077191e-03  -4.1910731e-03  -2.7435876e-03
  -1.7974780e-03  -1.3065996e-03  -5.3341854e-03  -2.2594252e-03
   6.3138023e-04  -9.4331860e-04  -4.1048712e-03  -2.7773664e-03
   1.6134186e-03  -4.1899550e-04  -2.4857746e-03  -2.9612731e-03
   6.2763199e-04   9.4092105e-05  -3.6326347e-03  -2.2293996e-03
   5.0768837e-04   3.2254717e-04  -4.8244698e-03  -1.9103779e-03
   2.6366876e-03   6.4130785e-05  -4.4084519e-03  -1.8278076e-03
   2.4867580e-03  -1.6806945e-04  -4.2810230e-03  -1.8090416e-03
  -5.0808413e-04  -4.9015364e-04  -4.6483180e-03  -1.5688370e-03
  -2.0823441e-03  -5.8003760e-04  -4.5283850e-03  -1.6814329e-03
  -3.0193104e-04  -7.4482486e-04  -2.0922441e-03  -2.2894508e-03
   1.5684397e-03  -1.2354415e-03   8.7609982e-04  -2.6309917e-03
   3.9524123e-04  -1.0631639e-03   2.6893856e-04  -2.5746938e-03
  -1.2502353e-03  -7.4482486e-04  -3.1198733e-04  -2.4133063e-03
  -7.3297841e-04  -1.1268317e-03   1.3108573e-03  -2.5521746e-03
   3.8774476e-04  -1.3815029e-03   1.7830938e-03  -2.4208127e-03
  -3.6190284e-04  -1.2504221e-03   1.2651802e-04  -1.9479099e-03
  -6.0928655e-04  -1.1942447e-03  -6.5304705e-04  -1.5613306e-03
   7.3633089e-04  -1.0631639e-03   1.2733782e-03  -2.1505825e-03
   1.3885243e-03  -9.8826058e-04   2.3452801e-03  -2.4283191e-03
   8.0379917e-04  -8.2721849e-04   1.6256816e-03  -2.0304802e-03
  -4.4061584e-04  -5.0138913e-04   1.2621344e-03  -2.3495020e-03
  -5.9054536e-04  -6.2123441e-04   2.1091619e-03  -2.2781912e-03
  -4.2187465e-04  -6.8115705e-04   2.4427258e-03  -2.2669316e-03
  -3.9938522e-04  -4.7142781e-04   1.0559995e-03  -2.2481656e-03
   7.4007913e-04  -5.6131177e-04   1.0403057e-04  -1.7677564e-03
   1.7595999e-03  -5.5382144e-04   2.6144274e-04  -1.7039521e-03
   1.4147620e-03  -5.5382144e-04   8.0863746e-04  -2.0267270e-03
   4.0273771e-04  -6.2123441e-04   5.2754428e-04  -2.0379866e-03
   1.8533990e-04  -7.1860870e-04   4.8631728e-04  -1.8653395e-03
   5.3017780e-04  -9.3582827e-04   1.2846219e-03  -2.0905314e-03
   5.0403336e-05  -6.5868606e-04   1.2846219e-03  -2.1505825e-03
  -4.5560879e-04  -5.8003760e-04   1.0597474e-03  -2.2106337e-03
   2.1907405e-04  -8.0474750e-04   6.8495646e-04  -2.1580889e-03
   7.1384146e-04  -8.3096365e-04   5.2754428e-04  -2.0755186e-03
   5.3767428e-04  -1.0069864e-03   3.8512374e-04  -2.0642590e-03
   1.6659871e-04  -1.0144767e-03  -4.1692878e-04  -1.8240544e-03
  -9.5777946e-05  -1.0931252e-03  -9.5662768e-04  -1.9141311e-03
   1.8908814e-04  -1.0257122e-03  -1.0915524e-03  -1.9253907e-03
   2.4165670e-05  -9.9575091e-04  -1.3389144e-03  -1.9216375e-03
  -5.4181827e-04  -1.2691480e-03  -1.8486300e-03  -2.0004546e-03
  -5.2682532e-04  -8.5343464e-04  -1.8786133e-03  -2.0042078e-03
  -2.7944161e-04  -7.5231519e-04  -1.9348319e-03  -2.1993741e-03
  -2.9443456e-04  -1.1006155e-03  -2.2534042e-03  -2.0792718e-03
  -3.3566518e-04  -1.0107316e-03  -2.6057076e-03  -1.9854418e-03
  -4.5935703e-04  -8.9837662e-04  -3.0329693e-03  -2.0379866e-03
  -3.7314756e-04  -7.6729585e-04  -3.1116754e-03  -1.8315608e-03
  -8.4533232e-05  -6.8864738e-04  -3.1491544e-03  -1.7377308e-03
  -2.6444866e-04  -6.6992156e-04  -2.4707829e-03  -1.6964457e-03
  -5.1183236e-04  -8.1972816e-04  -1.4438559e-03  -1.8953651e-03
  -5.2682532e-04  -9.2084761e-04  -8.9666114e-04  -2.2181401e-03
  -4.0688170e-04  -8.8714113e-04  -4.0943297e-04  -2.0680122e-03
  -4.5186056e-04  -8.5343464e-04  -2.4452497e-04  -1.8916119e-03
  -6.9924426e-04  -7.5231519e-04  -3.4197060e-04  -1.9741823e-03
  -4.7060175e-04  -9.6578959e-04  -1.5902521e-05  -1.9479099e-03
  -1.7449094e-04  -1.1268317e-03   2.0897202e-04  -1.7977820e-03
  -1.9698037e-04  -1.1193414e-03   1.0028266e-04  -1.8991183e-03
  -1.9698037e-04  -1.2316963e-03   6.0625037e-04  -1.9591695e-03
  -2.5695218e-04  -1.2204608e-03   1.1909242e-03  -2.0342334e-03
  -1.7449094e-04  -9.8826058e-04   1.3633280e-03  -2.1393229e-03
   5.4244800e-06  -6.2872474e-04   1.6481691e-03  -2.0117142e-03
   9.9130430e-05  -6.5868606e-04   1.7193793e-03  -2.0192206e-03
  -1.3316710e-05  -7.3733453e-04   1.3558322e-03  -2.0192206e-03
  -1.1451914e-04  -5.7254727e-04   1.0784869e-03  -2.0154674e-03
   1.4785752e-04  -8.0849266e-04   5.8751083e-04  -2.0154674e-03
   5.4142251e-04  -6.0625375e-04   1.6024920e-04  -1.9404035e-03
   7.5132384e-04  -1.8305011e-04   2.8393020e-04  -1.8052884e-03
   3.6150709e-04  -3.5532770e-04   3.7013211e-04  -1.7715096e-03
   2.5280819e-04  -4.1525034e-04   6.8495646e-04  -2.0079610e-03
   2.8654233e-04  -6.0999892e-04   8.2362909e-04  -2.1618421e-03
  -2.0719960e-06  -6.3621507e-04   9.6604964e-04  -2.2519188e-03
  -1.1077090e-04  -6.8115705e-04   1.3108573e-03  -2.3007104e-03
  -3.7689580e-04  -9.3957344e-04   1.0110245e-03  -2.2519188e-03
  -3.9563699e-04  -6.4370540e-04   6.2873783e-04  -2.1956209e-03
  -2.6070042e-04  -7.4107969e-04   3.1391347e-04  -2.1505825e-03
  -1.4825328e-04  -9.3208311e-04  -9.0860701e-05  -2.1168037e-03
  -7.7036756e-05  -7.7104101e-04  -2.4827288e-04  -2.0830250e-03
  -3.8814051e-04  -9.9200575e-04  -4.0943297e-04  -2.1843613e-03
  -7.0674074e-04  -1.1567930e-03  -4.3566833e-04  -2.2819444e-03
  -6.9174779e-04  -1.0332026e-03  -5.8183678e-04  -2.1130505e-03
  -6.2427950e-04  -9.3208311e-04  -8.7042577e-04  -2.2106337e-03
  -5.8304889e-04  -9.5080893e-04  -7.5424059e-04  -2.3532552e-03
  -5.2307708e-04  -9.7702509e-04  -9.0040905e-04  -2.3232296e-03
  -5.5306298e-04  -9.3957344e-04  -1.0128463e-03  -2.3832807e-03
  -4.9309117e-04  -8.4219915e-04  -1.1215357e-03  -2.1843613e-03
  -4.4811232e-04  -6.4745057e-04  -1.3913851e-03  -2.0980378e-03
  -4.1062994e-04  -4.4895682e-04  -1.2339729e-03  -1.9591695e-03
  -6.2802774e-04  -4.5270199e-04  -9.6787141e-04  -1.8878587e-03
  -6.3177598e-04  -7.4107969e-04  -4.5440787e-04  -1.9591695e-03
  -4.4436408e-04  -8.4594431e-04  -1.0210443e-04  -1.8015352e-03
  -4.5186056e-04  -5.9127309e-04  -7.2121156e-05  -1.9328971e-03
  -2.7569337e-04  -6.1748925e-04   3.4764465e-04  -1.9741823e-03
  -2.3071451e-04  -7.1111837e-04   7.0369601e-04  -2.1017910e-03
  -2.8318985e-04  -6.9988288e-04   7.4492301e-04  -1.9629227e-03
  -6.2427950e-04  -1.0594187e-03   9.8853709e-04  -1.7527436e-03
  -3.7689580e-04  -1.0669090e-03   1.1197139e-03  -2.0342334e-03
   1.1037514e-04  -8.2347332e-04   9.7729336e-04  -1.6889393e-03
  -1.5574975e-04  -7.8227651e-04   8.2737700e-04  -1.8052884e-03
   2.0417432e-05  -6.2872474e-04   1.1871763e-03  -2.0004546e-03
  -2.0813186e-05  -5.9876342e-04   1.5282360e-03  -1.8052884e-03
  -1.6699447e-04  -5.2760529e-04   1.3670759e-03  -2.0680122e-03
   1.2161986e-04  -5.3135045e-04   1.3633280e-03  -1.9028715e-03
   1.5535400e-04  -7.9351200e-04   8.6860400e-04  -1.8353140e-03
   3.1652823e-04  -7.6729585e-04   9.5105800e-04  -1.8278076e-03
  -1.3316710e-05  -5.3509562e-04   1.3221010e-03  -1.7077053e-03
  -3.6939932e-04  -6.3246991e-04   7.8240210e-04  -1.7977820e-03
  -5.0799090e-05  -8.5717981e-04   7.5616673e-04  -1.9216375e-03
  -3.5806138e-05  -8.3096365e-04   8.1988119e-04  -2.0867782e-03
  -3.2057900e-05  -7.9351200e-04   6.0250246e-04  -1.8428204e-03
  -2.8693808e-04  -8.1598299e-04   5.0880474e-04  -1.8953651e-03
  -6.1678303e-04  -9.5080893e-04   4.4134238e-04  -2.1693485e-03
  -3.6190284e-04  -1.0931252e-03   1.4150966e-04  -2.0342334e-03
  -5.0433589e-04  -1.0893800e-03  -3.0894157e-05  -2.0605058e-03
  -7.6671255e-04  -1.1230865e-03   4.0316114e-05  -2.2143869e-03
  -7.7795726e-04  -1.2916189e-03  -1.3208770e-04  -2.2106337e-03
  -6.0553831e-04  -1.0444381e-03  -4.2442460e-04  -2.0229738e-03
  -4.6685351e-04  -7.9725717e-04  -7.8797178e-04  -2.1243101e-03
  -8.0044669e-04  -9.9200575e-04  -1.1590148e-03  -2.0079610e-03
  -8.6791497e-04  -8.1598299e-04  -1.1889980e-03  -1.9441567e-03
  -7.4047488e-04  -9.5455410e-04  -9.9410677e-04  -2.3457488e-03
  -7.0299250e-04  -8.8714113e-04  -1.2152334e-03  -2.0867782e-03
  -6.9174779e-04  -8.4594431e-04  -1.1852501e-03  -1.9479099e-03
