  -2.8309662e-05  -7.6355068e-04  -9.4608610e-05  -1.7114585e-03
  -5.6055946e-04  -6.5494090e-04  -1.2154612e-05  -2.0605058e-03
  -6.8050307e-04  -7.2984420e-04   1.4150966e-04  -2.0680122e-03
  -2.4195923e-04  -6.4370540e-04  -7.2121156e-05  -1.8052884e-03
  -3.5440637e-04  -8.3845398e-04  -1.4333143e-04  -2.0792718e-03
  -2.8318985e-04  -1.0818897e-03  -1.4707934e-04  -1.9366503e-03
  -7.7036756e-05  -9.6578959e-04  -3.0823942e-04  -1.8428204e-03
  -2.6444866e-04  -8.6092497e-04  -2.1079379e-04  -1.9028715e-03
  -3.2816870e-04  -5.5007628e-04  -1.5832306e-04  -2.0867782e-03
  -3.3191694e-04  -5.0513430e-04  -8.3364883e-05  -2.2631784e-03
  -3.3566518e-04  -7.8602167e-04  -7.9616974e-05  -1.9666759e-03
  -2.6819689e-04  -7.4107969e-04  -1.1334816e-04  -2.0905314e-03
  -3.7314756e-04  -7.9725717e-04  -4.5885793e-05  -2.0079610e-03
  -3.9563699e-04  -1.0032412e-03  -2.4827288e-04  -1.8503268e-03
  -3.7314756e-04  -7.6729585e-04  -1.9205424e-04  -2.0717654e-03
  -3.6939932e-04  -7.8976684e-04   1.2651802e-04  -1.8690927e-03
  -3.0567927e-04  -8.8339596e-04   7.7795204e-05  -2.0042078e-03
  -2.7194513e-04  -8.3845398e-04  -2.4827288e-04  -1.9629227e-03
   9.5382192e-05  -8.3096365e-04  -4.6587940e-06  -1.6288881e-03
  -1.5574975e-04  -7.9725717e-04   1.3026593e-04  -1.8728459e-03
  -4.4436408e-04  -7.7104101e-04  -7.9616974e-05  -1.8615863e-03
   9.1633954e-05  -5.4258595e-04  -9.0860701e-05  -1.6814329e-03
  -1.7064948e-05  -8.1972816e-04  -3.9069342e-04  -1.7001989e-03
  -2.6819689e-04  -7.1860870e-04  -3.8389975e-05  -1.8540799e-03
  -2.0719960e-06  -5.1262463e-04   1.0403057e-04  -1.9591695e-03
  -7.3288518e-05  -9.6578959e-04  -1.5832306e-04  -1.8803523e-03
  -3.0942751e-04  -8.6841530e-04   2.5019902e-04  -1.7339776e-03
  -2.4945570e-04  -6.2497958e-04   1.0777848e-04  -1.7152117e-03
  -7.3288518e-05  -5.6880210e-04  -2.3398339e-05  -1.9366503e-03
   6.1648050e-05  -6.7366672e-04  -2.7825615e-04  -2.0192206e-03
   6.9144526e-05  -5.9876342e-04  -5.7808887e-04  -1.9141311e-03
   1.5160576e-04  -4.4146649e-04  -3.4197060e-04  -1.8540799e-03
  -2.3071451e-04  -6.2872474e-04  -3.1573524e-04  -1.8690927e-03
  -7.3297841e-04  -8.3845398e-04   2.9142602e-04  -1.7039521e-03
  -5.4931474e-04  -8.0849266e-04   1.9772829e-04  -1.9441567e-03
  -3.2442046e-04  -7.7104101e-04  -2.1079379e-04  -2.1655953e-03
   1.2920956e-05  -7.7853134e-04  -2.3398339e-05  -1.9666759e-03
  -2.0813186e-05  -4.9389880e-04  -3.3072688e-04  -1.9404035e-03
  -1.2576385e-04  -7.2609903e-04   3.6568205e-05  -1.7152117e-03
  -6.9540280e-05  -8.2721849e-04   6.5849330e-06  -2.0117142e-03
  -2.2321804e-04  -6.8115705e-04  -1.5457515e-04  -1.9441567e-03
   6.9144526e-05  -8.2721849e-04   2.3520738e-04  -1.5876030e-03
  -1.0327442e-04  -7.3358936e-04  -8.3364883e-05  -2.0304802e-03
  -2.3446275e-04  -6.8490222e-04   1.0403057e-04  -1.8803523e-03
   4.6655098e-05  -5.8752793e-04   1.1152638e-04  -1.8878587e-03
  -2.5320394e-04  -8.2721849e-04  -1.6956679e-04  -2.0680122e-03
  -1.2576385e-04  -8.5717981e-04   1.3026593e-04  -1.8841055e-03
   1.2920956e-05  -8.1972816e-04  -1.2154612e-05  -2.1430761e-03
  -1.8948390e-04  -9.8451542e-04  -7.5869065e-05  -1.9967014e-03
  -3.2057900e-05  -7.5980552e-04  -1.9650430e-05  -1.8465736e-03
  -2.7944161e-04  -1.0107316e-03  -7.9616974e-05  -2.0267270e-03
  -3.6939932e-04  -1.0107316e-03  -1.7706261e-04  -1.9779355e-03
   1.6762420e-06  -6.7366672e-04  -4.1318088e-04  -2.1393229e-03
  -9.5777946e-05  -6.5494090e-04   5.5307750e-05  -2.0792718e-03
  -2.0822509e-04  -6.0250859e-04   1.8648456e-04  -1.9253907e-03
  -1.8948390e-04  -7.4107969e-04  -1.3583561e-04  -2.0417398e-03
  -6.9540280e-05  -8.4968948e-04   1.5650129e-04  -1.8953651e-03
   1.7034695e-04  -6.5868606e-04   7.0299386e-05  -1.8240544e-03
   1.0662691e-04  -5.3884078e-04  -6.8373247e-05  -1.8841055e-03
  -8.4533232e-05  -7.1111837e-04   1.5275338e-04  -1.7189649e-03
  -2.8309662e-05  -6.5119573e-04   1.0028266e-04  -1.7602500e-03
   1.7784343e-04  -5.7254727e-04   1.0403057e-04  -1.8315608e-03
   1.9658462e-04  -6.6992156e-04  -5.3381611e-05  -1.6326413e-03
   5.4151574e-05  -6.6617639e-04  -1.1709606e-04  -1.8203012e-03
  -1.5574975e-04  -5.5382144e-04   2.9892183e-04  -2.0529994e-03
  -2.8693808e-04  -6.0625375e-04   2.8018229e-04  -2.0004546e-03
  -6.2043804e-05  -8.9463146e-04   9.6534749e-05  -1.9479099e-03
   1.8159167e-04  -6.8115705e-04   7.4047295e-05  -1.8503268e-03
   2.0417432e-05  -4.9015364e-04  -1.5832306e-04  -1.9366503e-03
   9.1633954e-05  -5.9127309e-04  -4.0568506e-04  -1.7677564e-03
   1.6762420e-06  -4.8266331e-04  -3.9444133e-04  -1.7377308e-03
  -3.5440637e-04  -6.5868606e-04  -3.4642066e-05  -1.9028715e-03
  -3.1317575e-04  -8.0849266e-04   2.5394693e-04  -1.7865224e-03
  -3.4316165e-04  -5.8003760e-04   3.1391347e-04  -1.8953651e-03
  -2.0447685e-04  -7.4857002e-04   1.9398038e-04  -1.8240544e-03
   2.0417432e-05  -7.9725717e-04  -2.6326452e-04  -1.8953651e-03
   3.0153528e-04  -5.5382144e-04  -4.9938278e-04  -2.0492462e-03
   6.5396288e-05  -7.3358936e-04  -3.4946642e-04  -1.8465736e-03
  -3.5065813e-04  -5.8752793e-04  -1.2833979e-04  -2.0004546e-03
  -2.0447685e-04  -5.9501826e-04  -6.4625338e-05  -1.9441567e-03
  -3.6190284e-04  -8.9088629e-04  -6.0877429e-05  -1.8165480e-03
  -9.2029708e-05  -6.5119573e-04   2.8393020e-04  -2.0267270e-03
   8.0389240e-05  -8.3096365e-04  -2.1828961e-04  -1.8953651e-03
  -1.7064948e-05  -1.0294574e-03  -4.1692878e-04  -2.0454930e-03
  -2.2696628e-04  -8.1223783e-04   2.0897202e-04  -2.2331528e-03
  -3.7314756e-04  -8.2721849e-04  -1.5832306e-04  -1.9779355e-03
   6.5396288e-05  -7.8602167e-04  -1.1334816e-04  -1.8878587e-03
  -3.9938522e-04  -6.1374408e-04  -7.9616974e-05  -1.8240544e-03
  -3.6565108e-04  -7.2609903e-04  -2.8200406e-04  -1.8803523e-03
  -2.0822509e-04  -1.0594187e-03  -9.0860701e-05  -2.0529994e-03
  -5.4931474e-04  -8.2347332e-04  -3.8694551e-04  -1.8578331e-03
  -1.7449094e-04  -7.2984420e-04  -2.4827288e-04  -1.8953651e-03
  -2.9443456e-04  -7.9351200e-04  -4.6587940e-06  -2.0417398e-03
  -3.3566518e-04  -6.9239255e-04  -1.3583561e-04  -1.7527436e-03
  -3.4690989e-04  -1.1230865e-03  -5.7129520e-05  -2.0680122e-03
  -4.5935703e-04  -8.3845398e-04  -1.8455843e-04  -2.1168037e-03
  -2.5695218e-04  -6.8490222e-04  -2.1454170e-04  -1.8203012e-03
  -1.6699447e-04  -1.1717737e-03   9.2786840e-05  -2.0304802e-03
  -2.1946980e-04  -8.6841530e-04  -1.4707934e-04  -1.8127948e-03
  -2.1572156e-04  -6.8864738e-04  -3.9069342e-04  -1.8390672e-03
  -9.5777946e-05  -6.6243123e-04  -9.0860701e-05  -1.9854418e-03
  -2.4570747e-04  -7.6729585e-04  -1.7706261e-04  -1.8878587e-03
  -1.8573566e-04  -1.0107316e-03  -1.6207097e-04  -1.6964457e-03
  -2.4195923e-04  -8.0849266e-04   1.2651802e-04  -1.7114585e-03
  -2.1946980e-04  -8.6841530e-04  -2.1828961e-04  -1.9291439e-03
  -2.2696628e-04  -8.4219915e-04  -1.7331470e-04  -1.5951094e-03
  -2.8318985e-04  -5.5007628e-04   1.6774502e-04  -1.7602500e-03
   3.9158622e-05  -5.9127309e-04  -2.9324779e-04  -2.0004546e-03
  -2.0822509e-04  -7.1860870e-04  -3.9069342e-04  -1.8841055e-03
  -1.2576385e-04  -6.1748925e-04   7.7795204e-05  -1.9103779e-03
  -2.4195923e-04  -7.1860870e-04   1.5275338e-04  -1.8841055e-03
  -5.4931474e-04  -9.2459278e-04   8.1543113e-05  -1.9854418e-03
  -1.0327442e-04  -6.6617639e-04   7.7795204e-05  -1.8878587e-03
  -2.2696628e-04  -7.7853134e-04  -7.2121156e-05  -1.7264713e-03
  -9.9526184e-05  -9.2833794e-04  -2.1828961e-04  -1.8428204e-03
   2.1532581e-04  -6.0999892e-04  -4.3941624e-04  -1.9816886e-03
   9.1727180e-06  -6.8864738e-04  -2.0704588e-04  -1.9253907e-03
  -2.1197332e-04  -7.8227651e-04   1.0777848e-04  -1.8690927e-03
  -4.4436408e-04  -8.0100233e-04  -1.5902521e-05  -1.9178843e-03
  -3.3566518e-04  -7.8602167e-04   1.4525757e-04  -2.0417398e-03
  -3.5065813e-04  -7.2984420e-04  -2.7146248e-05  -1.8916119e-03
  -1.5200152e-04  -9.0961212e-04  -2.5951661e-04  -1.9779355e-03
  -8.4533232e-05  -8.4594431e-04  -9.4608610e-05  -2.1280633e-03
  -4.2937113e-04  -7.5606035e-04   3.2820296e-05  -1.7715096e-03
  -2.9068632e-04  -8.4594431e-04  -4.5885793e-05  -2.2181401e-03
  -2.1572156e-04  -8.0849266e-04  -1.0960025e-04  -2.2856976e-03
  -1.8573566e-04  -6.7366672e-04   7.4047295e-05  -2.0042078e-03
  -3.2442046e-04  -8.2347332e-04   1.0332842e-05  -2.0492462e-03
  -1.2951209e-04  -8.3470882e-04  -8.4067030e-06  -1.8728459e-03
  -2.0813186e-05  -6.5868606e-04  -1.3583561e-04  -2.2706848e-03
  -4.3686760e-04  -7.4857002e-04  -2.8200406e-04  -2.1243101e-03
  -1.8948390e-04  -5.7629243e-04   4.7811932e-05  -1.9704291e-03
  -1.6324623e-04  -7.4107969e-04   2.9072387e-05  -2.0980378e-03
  -3.0567927e-04  -8.9088629e-04  -1.5082725e-04  -1.9929482e-03
  -1.1451914e-04  -7.0362804e-04  -8.4067030e-06  -2.0529994e-03
  -1.1451914e-04  -8.4594431e-04  -1.7331470e-04  -2.0004546e-03
  -1.8948390e-04  -6.8864738e-04  -2.1454170e-04  -2.2444124e-03
  -1.7074271e-04  -6.1748925e-04  -1.3958352e-04  -2.0379866e-03
  -1.8573566e-04  -6.3621507e-04  -1.5082725e-04  -2.0454930e-03
   4.2906860e-05  -5.6131177e-04   1.0403057e-04  -2.2293996e-03
   1.7784343e-04  -5.9501826e-04  -2.3398339e-05  -1.7152117e-03
   3.1662146e-05  -5.3135045e-04  -9.0860701e-05  -1.7602500e-03
   1.6669194e-05  -5.8378276e-04   5.1559841e-05  -1.9967014e-03
  -2.7194513e-04  -5.6131177e-04   1.9772829e-04  -1.8578331e-03
  -1.5574975e-04  -6.1374408e-04   3.2140929e-04  -1.7752628e-03
  -7.3288518e-05  -5.8378276e-04   1.6024920e-04  -1.8428204e-03
  -1.9323213e-04  -5.0138913e-04   1.3026593e-04  -1.8690927e-03
   9.1727180e-06  -7.4482486e-04  -7.5869065e-05  -1.8690927e-03
  -3.0942751e-04  -8.7216047e-04  -1.6581888e-04  -1.9441567e-03
  -2.7569337e-04  -6.3246991e-04  -1.5082725e-04  -1.9666759e-03
   5.4151574e-05  -5.7254727e-04  -3.6820597e-04  -1.8465736e-03
   7.2892764e-05  -5.2011496e-04  -2.0704588e-04  -1.8390672e-03
  -1.1826737e-04  -3.7405352e-04  -3.8389975e-05  -1.9441567e-03
  -3.8814051e-04  -7.2609903e-04   1.0777848e-04  -1.8052884e-03
  -3.6939932e-04  -7.7478618e-04   5.0130892e-04  -1.8578331e-03
  -3.4690989e-04  -8.4594431e-04   2.3895529e-04  -1.9967014e-03
  -2.0719960e-06  -7.7478618e-04  -3.3822270e-04  -1.9741823e-03
   2.8654233e-04  -4.6768265e-04  -4.2817251e-04  -1.9516631e-03
   1.0287867e-04  -7.0737321e-04  -3.6820597e-04  -1.8315608e-03
  -2.4561424e-05  -6.4745057e-04  -7.5869065e-05  -1.7715096e-03
  -2.9443456e-04  -5.9876342e-04   1.4080751e-05  -1.9591695e-03
  -4.5186056e-04  -6.5119573e-04   9.2786840e-05  -1.9178843e-03
  -2.0447685e-04  -8.1223783e-04   1.9772829e-04  -1.6514073e-03
  -2.1946980e-04  -8.1972816e-04   9.2786840e-05  -1.8953651e-03
  -2.2321804e-04  -5.6880210e-04  -6.8373247e-05  -1.7489904e-03
  -9.9526184e-05  -7.8976684e-04  -3.5696224e-04  -1.4937730e-03
  -1.1826737e-04  -8.5717981e-04   4.7811932e-05  -1.8615863e-03
  -1.4825328e-04  -9.0961212e-04   2.8370240e-06  -1.9441567e-03
  -3.0193104e-04  -9.6204443e-04  -3.4197060e-04  -2.1918677e-03
  -2.1946980e-04  -7.1111837e-04   3.6568205e-05  -2.0192206e-03
  -2.7194513e-04  -6.8864738e-04  -2.5576870e-04  -1.9103779e-03
  -2.3446275e-04  -8.4968948e-04  -2.7450824e-04  -2.1843613e-03
  -1.4825328e-04  -8.3845398e-04   1.8273666e-04  -1.9253907e-03
  -5.6055946e-04  -7.2235387e-04  -1.0960025e-04  -2.0154674e-03
  -1.4825328e-04  -6.9988288e-04  -9.4608610e-05  -1.8803523e-03
   5.4244800e-06  -8.6841530e-04  -1.7331470e-04  -1.8803523e-03
  -4.8559470e-04  -9.2084761e-04  -4.0193715e-04  -2.0492462e-03
  -5.5306298e-04  -7.7853134e-04  -9.0860701e-05  -1.8503268e-03
  -6.1678303e-04  -7.9351200e-04   4.7811932e-05  -2.0229738e-03
  -3.3191694e-04  -8.4219915e-04   1.2651802e-04  -2.0304802e-03
  -3.5815461e-04  -9.9200575e-04  -7.2121156e-05  -1.8615863e-03
  -3.5440637e-04  -7.9351200e-04  -9.8356519e-05  -1.9178843e-03
   3.5410384e-05  -5.9127309e-04  -2.4827288e-04  -2.0454930e-03
  -3.9554376e-05  -7.4107969e-04  -1.6956679e-04  -1.8803523e-03
  -2.6444866e-04  -6.7741189e-04  -1.9580215e-04  -1.6964457e-03
  -1.9698037e-04  -8.9837662e-04  -4.1692878e-04  -1.5012794e-03
  -2.3071451e-04  -8.6467014e-04  -3.1948315e-04  -1.5838498e-03
  -3.8439227e-04  -4.8640847e-04  -6.0807214e-04  -1.9066247e-03
   1.1037514e-04  -6.4370540e-04  -2.5951661e-04  -1.8878587e-03
  -3.2057900e-05  -7.8976684e-04  -8.4419041e-04  -1.7902756e-03
  -1.7074271e-04  -6.9613771e-04   1.4150966e-04  -1.6514073e-03
  -2.5695218e-04  -9.4331860e-04  -4.6565160e-04  -1.9891950e-03
  -5.2682532e-04  -1.0594187e-03   1.6399711e-04  -1.9479099e-03
   1.4036105e-04  -6.9988288e-04   7.4047295e-05  -1.8578331e-03
  -1.4075680e-04  -7.3733453e-04  -1.1102919e-03  -1.9779355e-03
   4.7770247e-04  -6.5868606e-04   9.8853709e-04  -1.8127948e-03
  -2.3821099e-04  -6.6243123e-04  -2.2046814e-03  -1.5650838e-03
  -4.1437818e-04  -6.8864738e-04   3.1173494e-03  -1.9929482e-03
  -1.3326033e-04  -5.3509562e-04  -3.6701138e-03  -1.7452372e-03
  -5.4556651e-04  -1.1380672e-03   1.0661890e-02   4.4437846e-03
   7.0783496e-03  -5.4258595e-04   6.9395372e-02   7.2249036e-03
   8.2028210e-03   1.2779859e-04   1.0017695e-01   2.3194751e-03
   2.4455274e-03   8.9930258e-04   9.4967355e-02   2.4320710e-03
   7.6405853e-03   1.3487224e-03   4.9932481e-02   4.2185928e-03
   2.0024764e-02  -2.5046308e-04  -7.3550105e-04  -4.0534591e-04
   2.2393650e-02   2.6636969e-04  -1.6581888e-04  -7.9192463e-03
   4.6382466e-03   9.2177357e-04  -2.9879944e-03  -1.1049413e-02
  -6.5727332e-03  -4.4521166e-04  -6.3119446e-02  -9.4317847e-03
   2.8540854e-03  -2.2241650e-03  -1.2006143e-01  -9.5106018e-03
  -5.3057355e-04  -3.4113823e-03  -1.4770975e-01  -7.7090673e-03
  -2.5497587e-02  -1.8833550e-03  -1.6262643e-01  -1.8653395e-03
  -2.9969235e-02  -1.7555978e-04  -1.4435537e-01  -1.0921810e-03
  -1.1149332e-02  -1.6436645e-03  -1.1695441e-01  -2.5033830e-03
  -8.3044192e-03  -2.3852071e-03  -9.7176695e-02   4.5038301e-04
  -1.0871962e-02  -7.8227651e-04  -6.1282971e-02  -1.2310492e-03
   1.4147620e-03  -5.0138913e-04  -9.8916427e-03  -8.1932297e-03
   8.2665410e-03  -9.2459278e-04   2.0631328e-02  -9.0752310e-03
   1.1512515e-02  -2.0481423e-03   4.1537165e-02  -6.5680954e-03
   1.6265281e-02  -3.1117691e-03   7.2341229e-02  -7.2849560e-03
   8.3564987e-03  -2.4413846e-03   9.2152676e-02  -6.7820276e-03
  -2.1235747e-03  -1.7447839e-03   9.2572441e-02  -1.8315608e-03
  -2.8132505e-03  -1.8047066e-03   8.6054828e-02   2.5934585e-03
  -3.2742838e-03  -1.2129705e-03   8.0931436e-02   4.6276913e-03
  -1.6082013e-02   7.9111445e-05   6.9818886e-02   6.4479918e-03
  -1.6932863e-02   4.4613761e-04   5.5157066e-02   6.5455749e-03
  -8.2519438e-03  -2.3173725e-04   3.5116996e-02   5.7911823e-03
  -6.0817140e-03   3.0424300e-05   1.9192131e-02   2.1843600e-03
   4.7469456e-03   1.5959033e-03   1.2318466e-02  -4.0196746e-03
   1.9282706e-03   2.9104562e-03  -2.5951661e-04  -5.3745787e-03
  -9.7437426e-03   2.6745108e-03  -1.3261013e-02  -2.1280633e-03
  -1.2652282e-03  -6.7366672e-04   3.9868643e-03  -5.1043486e-03
   1.2438330e-02  -3.4113823e-03   3.4431129e-02  -1.2531925e-02
   3.2776363e-03  -2.8271366e-03   1.8071506e-02  -7.7691184e-03
  -1.2389999e-02  -3.8903418e-04  -1.2413985e-02   1.8390659e-03
  -1.7974780e-03   5.5100223e-04  -7.3393167e-03   1.1184521e-03
   4.5895196e-03  -7.4482486e-04  -1.9573194e-03  -1.3699175e-03
  -1.3207114e-02   2.4015354e-04  -1.9141482e-02   3.8094943e-03
  -2.0047649e-02   2.1019222e-04  -2.3646469e-02   6.0238806e-03
  -5.0959274e-03  -2.4975621e-03  -5.1130588e-03  -6.7182289e-04
   1.3922725e-03  -2.4039329e-03  -1.6462429e-03  -3.3178268e-03
  -3.5928840e-03  -6.4745057e-04  -1.1945497e-02  -1.1184533e-03
   7.5243899e-03  -1.0772515e-05  -7.4142749e-03  -3.6406017e-03
   2.0410832e-02   1.1281793e-04   3.9793685e-03  -8.6398601e-03
   1.0789105e-02  -4.6019232e-04  -2.1372190e-03  -7.7916376e-03
  -1.7412544e-03  -9.3957344e-04  -1.4018091e-02  -4.2411132e-03
   1.4972232e-03  -2.0631229e-03  -1.1008520e-02  -5.4308767e-03
   1.0624276e-03  -2.7035462e-03  -1.2091665e-02  -5.2169445e-03
  -7.0749971e-03  -7.6355068e-04  -2.2926870e-02  -5.1418862e-04
  -7.2173369e-04   3.2254717e-04  -2.2683256e-02   6.1177048e-04
   7.3857051e-03  -1.7181461e-04  -1.6844014e-02  -1.3211260e-03
   3.7199283e-03  -2.2008010e-05  -2.1319017e-02  -5.8174617e-04
  -9.2152410e-03   3.2629233e-04  -3.1936843e-02   1.9516618e-03
  -1.6441844e-02  -1.0144767e-03  -3.2499030e-02   1.9629214e-03
  -3.3792344e-03  -2.5387589e-03  -1.7586100e-02  -2.8974687e-03
   5.5115861e-03  -2.1867134e-03  -1.0926066e-02  -5.4871746e-03
   5.3916425e-03  -8.2347332e-04  -1.6285575e-02  -3.4229163e-03
   1.0564211e-02  -2.7667923e-04  -9.3631876e-03  -4.5263562e-03
   1.3660256e-02  -1.2953641e-03   4.0355871e-03  -7.6340033e-03
   4.4283453e-03  -1.7597646e-03   3.9943601e-03  -6.4667591e-03
  -5.7293797e-03  -1.4152094e-03  -2.5382453e-03  -2.9087283e-03
   1.6762420e-06  -1.7522742e-03  -2.1859418e-03  -1.9366503e-03
   2.6966594e-03  -1.7298032e-03  -2.5869681e-03  -7.9943159e-04
  -5.5269748e-03   9.0346940e-05  -6.2749106e-03   2.0004534e-03
  -8.7167253e-03   4.6486344e-04  -4.6183348e-03   3.1714508e-03
  -4.9572426e-03  -1.2316963e-03   3.6832837e-03   1.9516618e-03
  -3.2180602e-03  -1.3740126e-03   1.2059860e-02   2.8524234e-04
  -4.9235085e-03  -1.0669090e-03   1.5654105e-02  -1.3511572e-04
   2.3405768e-03  -2.8791473e-04   2.1744457e-02  -1.7564968e-03
   1.0624183e-02   5.0231509e-04   2.8209600e-02  -4.0984918e-03
   9.5259490e-03   2.4389870e-04   2.6819126e-02  -4.1547897e-03
   5.3129295e-03   3.3378266e-04   2.2846342e-02  -3.2577756e-03
   2.1456684e-03  -7.1486354e-04   2.0211562e-02  -3.1189073e-03
  -4.5935703e-04  -1.6361741e-03   1.3491562e-02  -2.2969572e-03
  -6.0442317e-03  -9.2459278e-04   2.9674330e-03   4.4662981e-04
  -7.1424654e-03  -1.0594187e-03   6.6551477e-05   1.8803511e-03
   2.0782933e-04  -9.1710245e-04   6.0856933e-03  -1.8766617e-05
   1.1748747e-03  -7.4440320e-05   5.0625142e-03  -1.9892007e-04
  -5.3508076e-03   3.4169465e-05  -2.5202079e-04   1.5200442e-03
  -3.2517943e-03   5.6223773e-04   6.4492405e-03  -1.8766617e-05
   3.7948931e-03  -3.4783737e-04   1.4331093e-02  -2.7886260e-03
   5.2304683e-03  -1.3964836e-03   1.2213525e-02  -2.7510940e-03
   2.4230380e-03  -4.7517298e-04   7.5173946e-03  -1.5087858e-03
   3.1052173e-03  -3.7030836e-04   1.0283351e-02  -2.9124815e-03
   5.9163958e-03  -3.5907286e-04   1.3499057e-02  -4.6914969e-03
   2.3068426e-03  -3.8903418e-04   4.7252024e-03  -2.9912986e-03
  -3.3941342e-04  -6.1748925e-04  -4.3822165e-03  -8.0693799e-04
   9.7246988e-04  -9.5455410e-04  -4.3897123e-03  -1.2685812e-03
  -1.0103480e-03  -1.1380672e-03  -5.4203873e-03  -1.6739265e-03
  -5.7143867e-03  -4.1899550e-04  -1.3414677e-02  -3.1151598e-04
  -3.6303664e-03  -5.4258595e-04  -1.6375525e-02  -7.5064572e-05
   1.9282706e-03  -8.4594431e-04  -1.2593885e-02  -1.3736707e-03
   8.4502979e-04  -3.8154385e-04  -1.0914822e-02  -2.1768549e-03
  -9.9160683e-04  -4.0776001e-04  -1.0742418e-02  -2.3307360e-03
   1.2423430e-03  -7.2984420e-04  -8.3437563e-03  -2.7736132e-03
   4.7469456e-03  -7.2984420e-04  -2.7031533e-03  -3.7832232e-03
   5.7589698e-03  -1.3140899e-03  -5.1812233e-04  -4.4663051e-03
   4.2559264e-03  -9.3957344e-04  -3.2128689e-03  -3.9145851e-03
   1.5535400e-04  -1.8305011e-04  -9.1832879e-03  -2.3044636e-03
  -1.5201084e-03  -5.5007628e-04  -1.1469512e-02  -1.4224623e-03
   8.0754741e-04  -7.7478618e-04  -8.7035556e-03  -2.0605058e-03
  -9.2413854e-04  -1.1567930e-03  -1.1218403e-02  -1.3398920e-03
  -4.4062516e-03  -6.4745057e-04  -1.5595960e-02   2.2519119e-04
  -3.5816393e-03  -3.3243505e-05  -1.5108732e-02  -2.9650320e-04
   8.1879213e-04  -3.4783737e-04  -1.0240198e-02  -1.4712539e-03
   1.5571950e-03  -2.8042440e-04  -7.6841243e-03  -2.0830250e-03
   7.2892764e-05  -3.7405352e-04  -6.8783239e-03  -1.9028715e-03
   2.4267862e-03  -9.3208311e-04  -8.9666114e-04  -2.4658511e-03
   3.8885990e-03  -1.2017350e-03   5.3998260e-03  -3.8507808e-03
   2.1868990e-03  -1.1830092e-03   6.1643994e-03  -3.7344316e-03
   1.2498395e-03  -8.4594431e-04   4.6052693e-03  -2.9912986e-03
   3.0452455e-03  -5.2011496e-04   5.4110697e-03  -2.4620979e-03
   2.2318779e-03  -6.7366672e-04   5.0512704e-03  -1.8165480e-03
  -1.9024287e-03  -5.1262463e-04   2.0379516e-03  -4.7665665e-04
  -3.8065336e-03  -6.3996024e-04   2.5064402e-03   1.7639963e-04
  -3.7503100e-03  -7.9351200e-04   4.6802275e-03  -2.7773721e-04
  -2.4346785e-03  -8.0849266e-04   6.1081808e-03  -2.6647762e-04
  -1.6587932e-03  -9.6204443e-04   6.3068200e-03  -2.8899680e-04
   8.7885716e-05  -4.0026968e-04   7.4911592e-03  -1.2460620e-03
   1.9657530e-03  -3.5532770e-04   9.7324088e-03  -2.3570083e-03
   1.7071245e-03  -3.8903418e-04   8.3869095e-03  -2.4696043e-03
   2.5579746e-03  -1.9803077e-04   8.1208079e-03  -2.8374176e-03
  -9.2029708e-05  -6.0625375e-04   6.7753086e-03  -2.5371618e-03
  -1.0590751e-03  -8.7216047e-04   7.4761676e-03  -2.1618421e-03
   2.2168849e-03  -9.6578959e-04   1.0470747e-02  -3.1301669e-03
   8.6002274e-04  -5.5382144e-04   4.9987997e-03  -2.0379866e-03
  -2.1573088e-03   4.5404960e-05  -9.8286304e-04   6.7556914e-05
  -3.4429545e-03   1.5443640e-05  -1.8830634e-04   3.8657866e-04
  -1.9174216e-03  -6.5494090e-04   3.9643768e-03  -5.8549936e-04
  -2.0223723e-03  -9.3957344e-04   4.4478571e-03  -1.3586579e-03
  -4.3912587e-03  -8.2721849e-04   5.6877128e-04  -6.9809527e-04
  -1.5463461e-03  -1.0781445e-03   1.6144379e-03  -1.0659086e-03
   2.8390924e-03  -9.2833794e-04   6.9102333e-03  -3.1639457e-03
   2.6029534e-03  -6.5868606e-04   6.8277793e-03  -3.5843038e-03
   8.6002274e-04  -3.8154385e-04   2.7837855e-03  -2.5859534e-03
   1.8233199e-03  -5.6131177e-04   2.4052467e-03  -2.5746938e-03
   2.3218356e-03  -1.2054801e-03   3.3159886e-03  -3.2202437e-03
  -7.6671255e-04  -1.1193414e-03  -2.6701242e-04  -2.8449240e-03
  -3.0456413e-03  -9.4706377e-04  -5.2105044e-03  -1.5650838e-03
  -1.2015082e-03  -8.5343464e-04  -6.1962045e-03  -1.4937730e-03
   1.2911633e-04  -8.3096365e-04  -6.7621387e-03  -1.7302244e-03
  -1.6587932e-03  -8.0474750e-04  -8.9171864e-03  -1.0659086e-03
  -2.3522172e-03  -7.0362804e-04  -8.8797073e-03  -1.1709981e-03
  -5.8679712e-04  -1.0369477e-03  -5.8701364e-03  -2.0304802e-03
   4.9269542e-04  -1.2691480e-03  -2.9917423e-03  -2.9012219e-03
   5.7140842e-04  -1.1530478e-03  -2.7331365e-03  -2.9687795e-03
   1.6246633e-03  -8.3845398e-04  -2.7069012e-03  -2.7210685e-03
   1.9882424e-03  -6.7366672e-04  -2.0772525e-03  -2.8824559e-03
   2.2993461e-03  -8.0100233e-04  -1.8336384e-03  -2.8862091e-03
   1.2161054e-03  -8.7590563e-04  -3.4827183e-03  -2.5634342e-03
  -3.3904791e-03  -9.3957344e-04  -8.3887312e-03  -9.3829988e-04
  -3.8777501e-03  -1.0818897e-03  -7.6391494e-03  -7.3938044e-04
  -9.4662797e-04  -1.3028544e-03  -3.4190039e-03  -2.0117142e-03
  -7.6671255e-04  -1.0294574e-03  -5.4990934e-03  -1.2535684e-03
  -1.7225132e-03  -4.7891814e-04  -8.2538065e-03  -6.0426535e-04
  -1.3439412e-03  -4.7142781e-04  -6.5410121e-03  -1.2873472e-03
   1.0324417e-03  -8.1972816e-04  -1.9985464e-03  -2.3907871e-03
   7.7381327e-04  -1.2204608e-03  -5.0687860e-04  -2.7961324e-03
  -1.6138143e-03  -1.4376804e-03  -1.9460757e-03  -2.3194764e-03
  -5.4556651e-04  -1.4114642e-03  -6.2306378e-04  -2.5108894e-03
   1.5796844e-03  -1.2953641e-03   2.0416995e-03  -3.0138178e-03
   1.2123571e-03  -9.1710245e-04   1.1909242e-03  -2.8224048e-03
  -1.1451914e-04  -4.5644715e-04  -1.3201749e-03  -2.0605058e-03
  -4.2562289e-04  -6.0999892e-04  -5.0313069e-04  -1.8841055e-03
  -1.2614800e-03  -9.2833794e-04   1.4682694e-03  -2.0079610e-03
  -2.9331941e-03  -1.1118510e-03   1.2396470e-03  -1.4750071e-03
  -3.2667873e-03  -1.3852481e-03   3.2515720e-04  -1.1222065e-03
  -1.4039130e-03  -1.2204608e-03   2.0192121e-03  -1.3849303e-03
   7.2892764e-05  -8.3470882e-04   3.9531331e-03  -1.9929482e-03
  -2.7944161e-04  -8.0849266e-04   4.0018559e-03  -2.1243101e-03
  -1.7064948e-05  -6.9613771e-04   4.6914712e-03  -2.2631784e-03
   6.7261084e-04  -6.0999892e-04   5.1187328e-03  -2.7811196e-03
   2.6780114e-04  -9.1335728e-04   4.3091845e-03  -2.6347449e-03
  -1.2502353e-03  -7.5231519e-04   3.1923076e-03  -2.2631784e-03
  -1.5913249e-03  -6.8864738e-04   2.8812311e-03  -2.1693485e-03
  -4.4811232e-04  -6.9239255e-04   2.6263733e-03  -2.2218933e-03
  -4.8559470e-04  -2.8416956e-04   1.2883698e-03  -1.9291439e-03
  -9.3538326e-04  -4.2274067e-04   8.9038931e-05  -1.7001989e-03
  -1.3177035e-03  -4.6393748e-04   4.0316114e-05  -1.6626669e-03
  -1.9811417e-03  -4.4521166e-04   7.4867091e-04  -1.6363945e-03
  -2.1123300e-03  -7.1486354e-04   8.1988119e-04  -1.8240544e-03
  -1.7262615e-03  -8.6092497e-04   7.5991464e-04  -1.7264713e-03
  -7.3672664e-04  -8.0474750e-04   1.2696303e-03  -1.8953651e-03
   4.5521304e-04  -4.3397616e-04   1.8168250e-03  -2.3044636e-03
   9.7621812e-04  -5.3884078e-04   1.9554976e-03  -2.6234853e-03
   6.1638727e-04  -5.3135045e-04   2.0342037e-03  -2.5972130e-03
  -8.4533232e-05  -5.4258595e-04   2.1316493e-03  -2.4133063e-03
  -4.7434998e-04  -1.0931252e-03   1.9929767e-03  -2.5559278e-03
  -5.9054536e-04  -1.1155962e-03   1.3033614e-03  -2.1393229e-03
  -1.0478304e-03  -1.1642833e-03  -4.3941624e-04  -1.7264713e-03
  -1.1677740e-03  -7.4857002e-04  -1.5225619e-03  -1.7302244e-03
  -6.1678303e-04  -4.0026968e-04  -2.0959920e-03  -1.5162922e-03
  -3.5815461e-04  -6.8490222e-04  -2.3733373e-03  -1.7339776e-03
  -5.3807003e-04  -4.6019232e-04  -2.3770852e-03  -1.8240544e-03
  -1.0778163e-03  -7.7853134e-04  -2.3995726e-03  -1.6889393e-03
  -1.0703198e-03  -9.3208311e-04  -1.3464102e-03  -2.0567526e-03
  -4.0688170e-04  -8.6467014e-04  -1.0803087e-03  -2.1768549e-03
   5.8265313e-04  -1.0406929e-03  -1.1102919e-03  -2.5484214e-03
   1.1074065e-03  -5.7254727e-04  -1.2452167e-03  -2.6610173e-03
   5.8640137e-04  -5.1636979e-04  -2.3620936e-03  -2.1956209e-03
   3.6150709e-04  -4.2274067e-04  -2.4557913e-03  -2.2031273e-03
   1.0662691e-04  -4.3023100e-04  -2.2009335e-03  -1.9854418e-03
  -9.5412445e-04  -8.7590563e-04  -2.5607327e-03  -1.7715096e-03
  -1.5013672e-03  -8.6841530e-04  -2.9430195e-03  -1.7001989e-03
  -1.0140963e-03  -9.9949608e-04  -3.0217255e-03  -1.7790160e-03
  -6.9549603e-04  -8.6467014e-04  -3.0704484e-03  -2.0379866e-03
  -2.1197332e-04  -6.0250859e-04  -3.2016252e-03  -1.7902756e-03
   2.1532581e-04  -5.6880210e-04  -3.1716419e-03  -1.8127948e-03
   1.4036105e-04  -5.4258595e-04  -2.2946312e-03  -2.1092973e-03
   1.6659871e-04  -8.9837662e-04  -1.0653170e-03  -2.1693485e-03
   1.4410929e-04  -8.7965080e-04  -7.1676150e-04  -2.2481656e-03
   1.3661281e-04  -9.3582827e-04  -4.9188696e-04  -2.2106337e-03
