  -9.9526184e-05  -8.0474750e-04  -3.5696224e-04  -2.3082168e-03
  -1.9323213e-04  -8.0100233e-04  -1.8455843e-04  -2.3007104e-03
  -2.6070042e-04  -1.0032412e-03  -1.8455843e-04  -2.1806081e-03
  -3.3191694e-04  -6.8115705e-04  -2.9324779e-04  -2.1618421e-03
  -1.7074271e-04  -7.7853134e-04  -2.2578543e-04  -2.2406592e-03
  -1.3700856e-04  -9.4331860e-04  -1.1334816e-04  -2.1956209e-03
  -2.5320394e-04  -5.8003760e-04  -3.4197060e-04  -2.0454930e-03
  -1.1451914e-04  -1.0107316e-03  -6.0877429e-05  -2.3570083e-03
  -2.6070042e-04  -8.6841530e-04  -1.4333143e-04  -2.3795275e-03
  -2.0813186e-05  -9.1710245e-04  -4.2067669e-04  -2.3119700e-03
   8.4137478e-05  -1.1343220e-03   1.0332842e-05  -2.1618421e-03
  -1.4450504e-04  -6.7366672e-04  -3.0894157e-05  -2.1655953e-03
  -2.0719960e-06  -7.7853134e-04  -1.0210443e-04  -2.1205569e-03
  -6.9540280e-05  -6.3246991e-04  -8.4067030e-06  -1.9967014e-03
   2.4165670e-05  -7.5606035e-04   3.6568205e-05  -2.2556720e-03
  -1.3700856e-04  -7.1111837e-04   1.3776175e-04  -1.8615863e-03
  -2.5695218e-04  -5.9501826e-04  -1.3958352e-04  -1.6701733e-03
   8.4137478e-05  -9.5455410e-04  -6.0877429e-05  -1.9216375e-03
  -6.2043804e-05  -5.8752793e-04  -1.9955006e-04  -2.0042078e-03
  -1.3700856e-04  -8.0474750e-04  -1.6207097e-04  -1.9967014e-03
  -1.3700856e-04  -9.3208311e-04   5.9055659e-05  -1.8090416e-03
  -5.0799090e-05  -6.0999892e-04  -2.9699570e-04  -1.8390672e-03
  -5.0799090e-05  -7.8227651e-04   5.5307750e-05  -1.8503268e-03
  -2.7944161e-04  -7.9351200e-04  -1.4333143e-04  -1.9666759e-03
   1.2920956e-05  -9.1335728e-04  -4.0568506e-04  -1.8240544e-03
  -9.9526184e-05  -7.9351200e-04  -1.6956679e-04  -1.9404035e-03
  -2.7194513e-04  -9.2459278e-04  -2.4827288e-04  -2.1430761e-03
   3.9158622e-05  -1.0556735e-03  -4.9633702e-05  -1.8690927e-03
  -2.0072861e-04  -8.8714113e-04  -2.2953333e-04  -2.0717654e-03
  -3.6190284e-04  -1.0781445e-03  -1.9205424e-04  -1.9066247e-03
  -5.4547328e-05  -9.2084761e-04  -7.9616974e-05  -1.7977820e-03
  -1.6324623e-04  -7.0362804e-04  -1.9580215e-04  -2.0229738e-03
  -3.1317575e-04  -7.5606035e-04  -1.8830634e-04  -1.8315608e-03
  -1.8198742e-04  -1.0107316e-03  -3.1573524e-04  -1.8615863e-03
  -2.4195923e-04  -7.9725717e-04  -2.3702915e-04  -2.1017910e-03
  -1.8573566e-04  -6.2872474e-04  -1.9955006e-04  -2.1731017e-03
  -3.0567927e-04  -9.5455410e-04  -1.9580215e-04  -2.0342334e-03
  -2.8693808e-04  -9.4331860e-04  -2.8575197e-04  -2.0267270e-03
  -2.4561424e-05  -1.0107316e-03  -2.6701242e-04  -2.2143869e-03
  -2.7569337e-04  -8.0849266e-04  -2.6326452e-04  -2.0154674e-03
  -2.9068632e-04  -8.1598299e-04  -4.9563487e-04  -2.0417398e-03
  -3.7314756e-04  -9.8451542e-04  -3.8319760e-04  -2.3832807e-03
  -4.7809822e-04  -9.6953476e-04  -2.1079379e-04  -1.9666759e-03
  -1.6324623e-04  -9.6578959e-04  -2.4452497e-04  -1.9253907e-03
  -2.9443456e-04  -7.2609903e-04  -3.7570179e-04  -2.1618421e-03
  -3.6565108e-04  -9.0212179e-04  -2.2203752e-04  -2.1918677e-03
  -2.3071451e-04  -9.3957344e-04  -1.2459188e-04  -2.3119700e-03
  -3.2067223e-04  -8.0849266e-04  -2.8949988e-04  -1.9967014e-03
  -2.7944161e-04  -9.0212179e-04  -1.5082725e-04  -2.0304802e-03
  -4.2187465e-04  -1.0706542e-03  -3.4571851e-04  -2.1393229e-03
  -4.0688170e-04  -9.4706377e-04  -3.1573524e-04  -1.9328971e-03
  -3.2067223e-04  -7.8227651e-04  -1.2084397e-04  -1.8916119e-03
  -6.9549603e-04  -1.1530478e-03  -4.6939951e-04  -2.1731017e-03
  -4.2187465e-04  -1.0406929e-03  -2.7825615e-04  -2.1205569e-03
  -2.0072861e-04  -8.5343464e-04  -1.4333143e-04  -1.8578331e-03
  -4.8934294e-04  -1.0669090e-03  -8.3364883e-05  -2.0342334e-03
  -1.8948390e-04  -9.3208311e-04  -9.1088500e-07  -1.9441567e-03
  -1.6324623e-04  -8.5717981e-04  -3.5696224e-04  -2.0492462e-03
  -2.4195923e-04  -7.9351200e-04  -3.8389975e-05  -1.9741823e-03
  -1.7449094e-04  -7.5231519e-04   4.4064023e-05  -1.7114585e-03
  -2.7194513e-04  -9.0586695e-04  -4.3566833e-04  -1.9366503e-03
  -1.0327442e-04  -8.8714113e-04  -4.2817251e-04  -2.1055441e-03
  -2.6070042e-04  -1.0144767e-03  -3.9444133e-04  -2.1655953e-03
  -1.4075680e-04  -9.6204443e-04  -2.7076033e-04  -2.0529994e-03
  -5.0799090e-05  -7.6729585e-04  -2.5951661e-04  -1.9404035e-03
  -3.5815461e-04  -7.8976684e-04  -3.3447479e-04  -1.9253907e-03
   9.9130430e-05  -8.2347332e-04   3.2820296e-05  -2.0867782e-03
  -5.4547328e-05  -8.1598299e-04  -6.8373247e-05  -2.0567526e-03
  -4.5560879e-04  -7.6355068e-04  -7.9616974e-05  -2.0492462e-03
  -8.8281470e-05  -6.7741189e-04   3.2820296e-05  -2.1130505e-03
  -1.2576385e-04  -7.5980552e-04  -4.0193715e-04  -1.9516631e-03
  -1.7074271e-04  -9.4706377e-04  -2.0704588e-04  -2.0567526e-03
  -9.9526184e-05  -9.1335728e-04  -9.0860701e-05  -2.0905314e-03
   3.1662146e-05  -9.4706377e-04  -1.5457515e-04  -2.1092973e-03
   1.6762420e-06  -9.0961212e-04  -3.4642066e-05  -1.9366503e-03
  -2.6444866e-04  -8.0849266e-04  -3.0823942e-04  -1.8465736e-03
  -2.0813186e-05  -8.0474750e-04  -1.9580215e-04  -2.1693485e-03
  -1.7064948e-05  -8.1223783e-04  -1.2154612e-05  -2.1993741e-03
  -2.6444866e-04  -7.7853134e-04  -1.5082725e-04  -2.0454930e-03
  -2.0822509e-04  -7.2984420e-04  -2.7076033e-04  -2.0905314e-03
  -2.4561424e-05  -9.9575091e-04  -1.8455843e-04  -2.3119700e-03
  -2.5695218e-04  -9.5829926e-04  -3.4197060e-04  -2.3607615e-03
  -3.9563699e-04  -7.1111837e-04  -4.2067669e-04  -2.2969572e-03
  -1.9323213e-04  -8.2721849e-04   1.5275338e-04  -2.2819444e-03
  -2.9818280e-04  -7.0362804e-04  -3.4642066e-05  -2.0229738e-03
  -5.0799090e-05  -6.9613771e-04  -2.8575197e-04  -2.0942846e-03
  -1.9323213e-04  -9.1335728e-04   2.8370240e-06  -2.2932040e-03
  -3.2442046e-04  -9.2084761e-04  -8.3364883e-05  -2.1017910e-03
  -8.0784994e-05  -1.1305768e-03  -2.8200406e-04  -2.1543357e-03
  -1.2576385e-04  -7.9725717e-04  -3.1573524e-04  -2.2031273e-03
  -9.9526184e-05  -5.3509562e-04  -8.7112792e-05  -2.0680122e-03
  -3.0942751e-04  -7.8976684e-04  -1.8455843e-04  -2.0717654e-03
  -1.1077090e-04  -7.4482486e-04  -2.5202079e-04  -2.2068805e-03
   9.9130430e-05  -9.6204443e-04  -6.8373247e-05  -1.9816886e-03
   2.7913908e-05  -8.2347332e-04  -1.5832306e-04  -1.8841055e-03
  -1.1077090e-04  -8.5717981e-04  -1.6581888e-04  -2.2406592e-03
  -1.1826737e-04  -9.9575091e-04  -1.9650430e-05  -1.9891950e-03
   1.3661281e-04  -4.7891814e-04  -3.0894157e-05  -1.7677564e-03
  -2.0447685e-04  -7.1860870e-04  -1.5902521e-05  -1.9854418e-03
  -1.5200152e-04  -8.0849266e-04   6.2803568e-05  -1.8540799e-03
  -9.5684720e-06  -7.2984420e-04  -8.3364883e-05  -1.8127948e-03
  -2.0447685e-04  -8.4594431e-04  -4.2137884e-05  -1.9479099e-03
   1.1787162e-04  -5.0887946e-04  -1.2459188e-04  -2.0342334e-03
   2.2657052e-04  -7.0737321e-04  -1.6581888e-04  -1.9816886e-03
  -1.4450504e-04  -8.1223783e-04   1.0777848e-04  -2.0304802e-03
  -3.0193104e-04  -7.6729585e-04  -1.7706261e-04  -2.2406592e-03
  -3.4316165e-04  -1.0406929e-03  -6.4625338e-05  -1.9967014e-03
  -2.4945570e-04  -7.8227651e-04   1.6024920e-04  -1.9704291e-03
   7.2892764e-05  -7.6729585e-04  -1.1334816e-04  -2.1205569e-03
  -1.3700856e-04  -8.8714113e-04  -4.2137884e-05  -1.8878587e-03
  -5.4547328e-05  -6.3996024e-04  -1.2084397e-04  -1.8278076e-03
   4.2906860e-05  -9.2833794e-04  -2.3328124e-04  -2.0117142e-03
  -3.3941342e-04  -8.3470882e-04  -1.5457515e-04  -2.0079610e-03
  -2.1946980e-04  -7.5606035e-04  -1.9955006e-04  -2.0492462e-03
  -1.3326033e-04  -1.0818897e-03  -1.9580215e-04  -2.0304802e-03
  -2.2321804e-04  -8.1598299e-04  -2.0704588e-04  -2.0154674e-03
  -3.0942751e-04  -9.1710245e-04  -1.3208770e-04  -2.1543357e-03
  -1.2201561e-04  -8.7965080e-04  -5.3381611e-05  -1.9103779e-03
  -1.3700856e-04  -8.4968948e-04  -2.5951661e-04  -1.9704291e-03
  -3.5065813e-04  -1.0519284e-03  -1.2459188e-04  -2.0192206e-03
  -1.5574975e-04  -9.3582827e-04  -1.7706261e-04  -1.8916119e-03
  -3.0567927e-04  -1.0519284e-03  -3.8319760e-04  -1.9741823e-03
  -4.0313346e-04  -9.0961212e-04  -7.9616974e-05  -2.3119700e-03
  -2.1946980e-04  -8.3470882e-04  -2.1079379e-04  -2.3832807e-03
  -2.4195923e-04  -9.2833794e-04  -2.2953333e-04  -2.0004546e-03
  -1.8948390e-04  -9.9949608e-04  -1.9955006e-04  -2.3269828e-03
  -1.7074271e-04  -9.3957344e-04  -2.1079379e-04  -2.2594252e-03
  -3.1692399e-04  -7.2984420e-04  -1.0960025e-04  -2.0454930e-03
  -1.6699447e-04  -7.7104101e-04  -3.7944969e-04  -2.1993741e-03
  -1.2576385e-04  -9.6578959e-04  -2.5202079e-04  -2.0267270e-03
  -3.5065813e-04  -1.1043607e-03  -1.8081052e-04  -2.1355697e-03
  -3.6939932e-04  -8.4219915e-04  -1.4333143e-04  -2.0905314e-03
  -3.1692399e-04  -9.1710245e-04  -2.6701242e-04  -2.1655953e-03
  -1.4825328e-04  -8.9837662e-04  -3.9818924e-04  -2.2106337e-03
  -2.1197332e-04  -8.6841530e-04  -2.3328124e-04  -2.0830250e-03
  -4.7809822e-04  -1.1043607e-03  -6.0057633e-04  -2.2519188e-03
  -2.7944161e-04  -6.8490222e-04  -3.6071015e-04  -2.0942846e-03
  -4.7050852e-05  -9.2459278e-04  -1.7331470e-04  -1.7902756e-03
  -2.3071451e-04  -1.2017350e-03  -3.1948315e-04  -1.7602500e-03
  -2.8693808e-04  -8.4219915e-04  -5.3381611e-05  -1.8127948e-03
  -1.1077090e-04  -7.2235387e-04  -3.4197060e-04  -1.9066247e-03
  -1.7074271e-04  -7.4857002e-04  -3.3072688e-04  -2.0905314e-03
  -2.0072861e-04  -9.8826058e-04  -1.9580215e-04  -1.9554163e-03
  -1.9698037e-04  -8.0474750e-04  -1.8830634e-04  -2.0492462e-03
  -1.0702266e-04  -6.0999892e-04  -9.1088500e-07  -2.1768549e-03
  -4.3302614e-05  -9.9575091e-04  -3.1573524e-04  -1.9141311e-03
  -2.4945570e-04  -9.4331860e-04  -2.9699570e-04  -2.0079610e-03
  -1.8948390e-04  -5.9876342e-04  -1.7331470e-04  -1.7677564e-03
  -3.4690989e-04  -7.1486354e-04  -1.4333143e-04  -1.8503268e-03
  -2.3821099e-04  -6.8864738e-04  -3.8389975e-05  -2.1055441e-03
   1.1412338e-04  -7.1486354e-04  -4.0193715e-04  -1.8878587e-03
  -1.9323213e-04  -9.4706377e-04  -3.5321433e-04  -2.1843613e-03
  -9.9526184e-05  -7.8602167e-04  -1.3958352e-04  -2.2744380e-03
   1.2920956e-05  -8.8714113e-04  -2.4077706e-04  -2.0942846e-03
  -2.4570747e-04  -9.8077025e-04  -2.1828961e-04  -2.0717654e-03
  -1.9323213e-04  -9.2833794e-04  -8.7112792e-05  -1.9967014e-03
  -1.5574975e-04  -1.1530478e-03  -1.1709606e-04  -1.9141311e-03
  -3.0567927e-04  -8.1972816e-04  -2.1828961e-04  -2.0492462e-03
  -2.4195923e-04  -6.6617639e-04  -2.9699570e-04  -2.2406592e-03
  -9.2029708e-05  -9.0212179e-04  -4.1692878e-04  -2.0304802e-03
  -1.3326033e-04  -6.8115705e-04  -1.0210443e-04  -2.1280633e-03
  -1.2951209e-04  -8.4594431e-04  -4.2137884e-05  -2.2293996e-03
  -2.1946980e-04  -9.8451542e-04  -2.7450824e-04  -2.0229738e-03
  -3.2442046e-04  -8.0474750e-04  -2.3328124e-04  -2.1655953e-03
  -2.3071451e-04  -9.8451542e-04  -1.3583561e-04  -2.1092973e-03
  -2.4570747e-04  -9.3208311e-04  -8.7112792e-05  -2.3532552e-03
  -1.8948390e-04  -7.5980552e-04  -2.0329797e-04  -2.3007104e-03
  -8.4533232e-05  -7.6355068e-04  -7.2121156e-05  -2.0004546e-03
  -2.4945570e-04  -7.3358936e-04  -1.6581888e-04  -2.2293996e-03
  -1.5949799e-04  -7.8227651e-04  -2.8200406e-04  -2.2519188e-03
  -1.2576385e-04  -8.2347332e-04  -2.2953333e-04  -2.5521746e-03
  -2.1946980e-04  -8.4594431e-04  -2.3328124e-04  -2.1918677e-03
   2.7913908e-05  -8.4594431e-04  -6.8373247e-05  -2.1168037e-03
  -1.4825328e-04  -9.7702509e-04  -3.1948315e-04  -2.3720211e-03
  -1.8948390e-04  -7.3358936e-04  -1.4707934e-04  -2.0867782e-03
   1.9283638e-04  -5.4258595e-04   1.1902220e-04  -2.2106337e-03
  -2.0719960e-06  -9.8451542e-04  -4.9633702e-05  -1.9929482e-03
  -8.4533232e-05  -8.4594431e-04   1.0403057e-04  -2.1168037e-03
  -2.0719960e-06  -6.8864738e-04   7.0299386e-05  -2.0379866e-03
  -1.5949799e-04  -8.1598299e-04  -1.2833979e-04  -1.9066247e-03
   1.2920956e-05  -7.8227651e-04  -1.4333143e-04  -1.9629227e-03
   6.9144526e-05  -9.2459278e-04   4.4064023e-05  -1.7077053e-03
  -1.3326033e-04  -9.1335728e-04   1.5650129e-04  -1.9103779e-03
   2.7913908e-05  -6.9239255e-04   4.0316114e-05  -1.9591695e-03
  -1.3316710e-05  -5.9127309e-04  -2.0704588e-04  -2.0042078e-03
  -9.2029708e-05  -8.6467014e-04  -6.0877429e-05  -1.7940288e-03
   9.1633954e-05  -9.0961212e-04   5.1559841e-05  -1.8240544e-03
  -2.2696628e-04  -6.3621507e-04  -1.9205424e-04  -2.0867782e-03
  -1.7074271e-04  -6.9613771e-04  -1.0210443e-04  -1.8465736e-03
  -1.4825328e-04  -6.6992156e-04  -6.0877429e-05  -1.9967014e-03
  -1.5200152e-04  -8.0474750e-04  -1.0585234e-04  -2.0342334e-03
  -1.2951209e-04  -8.4219915e-04  -2.0704588e-04  -1.8916119e-03
  -1.7449094e-04  -5.9501826e-04  -2.4452497e-04  -2.0492462e-03
   5.7899812e-05  -1.0219671e-03  -1.9205424e-04  -2.1243101e-03
  -2.7569337e-04  -8.8339596e-04  -2.7076033e-04  -2.1956209e-03
  -1.1077090e-04  -7.4482486e-04  -7.5869065e-05  -2.0980378e-03
  -3.8814051e-04  -7.9725717e-04  -1.9205424e-04  -1.7527436e-03
  -1.1077090e-04  -6.5494090e-04  -1.4707934e-04  -1.9554163e-03
  -4.4811232e-04  -9.3582827e-04  -6.8373247e-05  -2.0755186e-03
   1.3286457e-04  -5.7629243e-04  -4.0193715e-04  -1.9891950e-03
  -1.7449094e-04  -1.0107316e-03  -1.2459188e-04  -2.1843613e-03
  -8.6791497e-04  -7.1860870e-04  -6.8677823e-04  -2.1843613e-03
   1.0024558e-03  -1.0519284e-03  -2.7450824e-04  -2.4320723e-03
  -2.7008034e-03  -1.2579125e-03  -4.3192042e-04  -2.2406592e-03
   5.3766495e-03   1.2288771e-03  -4.3192042e-04  -2.1580889e-03
   2.0328371e-02   3.2587565e-03   2.9517393e-04  -2.0680122e-03
   1.3326662e-02   4.0752025e-03  -2.1079379e-04  -1.3549047e-03
  -5.4182759e-03  -6.3246991e-04   5.8345834e-03  -1.3136196e-03
  -1.1325499e-02  -4.2652800e-03   8.9191125e-03  -1.4224623e-03
  -5.4819960e-03  -4.6248158e-03   9.0608309e-04  -1.3511572e-04
   8.7885716e-05  -4.6547771e-03  -5.6115307e-03   1.7677552e-03
   3.8173825e-03  -5.8752793e-04  -3.0554567e-03   8.7074107e-04
   1.2048606e-03  -7.0273500e-06   8.1988119e-04  -1.3586579e-03
  -1.8986804e-03  -1.6361741e-03   2.7238190e-03  -2.1806081e-03
  -3.2780320e-03  -2.7297623e-03   1.4570257e-03  -2.3757743e-03
  -3.1805778e-03  -4.0817669e-03   2.0154642e-03  -3.3966439e-03
  -2.1048335e-03  -2.4264039e-03   7.5661174e-03  -5.1944253e-03
   6.2388375e-04  -1.2312747e-04   3.4434175e-03  -5.3558128e-03
   5.0243152e-03   6.8208301e-04  -1.5338057e-03  -4.0084150e-03
   2.8428406e-03  -2.5046308e-04  -3.2653396e-03  -3.3028140e-03
  -7.0187735e-03  -1.5762515e-03  -2.8868008e-03  -2.8787027e-03
  -1.8147292e-02  -2.3065587e-03  -4.1198629e-03  -1.5538242e-03
  -1.3548204e-02  -1.6474096e-03  -8.5199080e-03  -6.8308249e-04
   2.1531649e-03  -1.2312747e-04  -8.1263776e-03  -9.4955947e-04
   9.3197959e-03   8.1316378e-04  -8.3475042e-03  -1.4750071e-03
   2.6666735e-03   1.6670614e-03  -7.4592498e-03  -1.6176285e-03
  -5.1821369e-03   1.2925449e-03  -3.8050385e-03  -2.4996298e-03
  -2.8619776e-03  -3.8528902e-04   2.5251798e-03  -4.4287731e-03
   2.8540854e-03  -7.9351200e-04   3.9868643e-03  -4.9917526e-03
   4.2859123e-03  -8.1930650e-05   1.4900547e-04  -3.7569508e-03
   2.0856966e-03   7.8320246e-04  -2.2271688e-03  -2.8599367e-03
   1.3510419e-03   4.9107959e-04  -1.2189813e-03  -2.5071362e-03
  -5.8679712e-04  -1.2391866e-03  -2.4670350e-03  -1.0546490e-03
  -4.2750633e-03  -2.1717327e-03  -5.7689428e-03   4.1285104e-04
  -7.4610656e-03  -2.8084108e-03  -1.8748654e-03  -1.0133695e-04
  -8.0382943e-03  -2.5762105e-03   3.4771487e-03  -1.8052884e-03
  -3.8065336e-03  -1.5912321e-03   4.1967472e-03  -2.3495020e-03
   1.7408587e-03  -1.2354415e-03   8.4236864e-04  -1.9441567e-03
   5.1255176e-03  -1.1493027e-03   1.8055813e-03  -2.1318165e-03
   2.8990642e-03  -1.5837418e-03   4.0468308e-03  -2.7811196e-03
  -2.2660077e-03  -1.7934711e-03   4.1517723e-03  -3.0288306e-03
  -3.2555426e-03  -2.2428909e-03   4.1105453e-03  -2.6835365e-03
  -1.1565293e-03  -1.9919648e-03   9.3231846e-04  -2.1468293e-03
  -2.1946980e-04  -7.6729585e-04   5.1559841e-05  -2.1168037e-03
   2.4531171e-04  -2.4671791e-04   3.4014883e-04  -2.3982935e-03
  -1.5574975e-04   1.8397606e-04  -1.4550996e-03  -1.5913562e-03
  -7.1423722e-04   1.6150507e-04  -3.9999298e-03  -1.1184533e-03
   1.0099523e-03   1.1656309e-04  -3.3215583e-03  -1.5575774e-03
   1.5984256e-03   3.4876332e-04   1.3776175e-04  -2.0079610e-03
   2.6030466e-04   3.7914630e-05   3.7762792e-04  -2.4358255e-03
   1.3661281e-04  -6.8115705e-04   1.1272097e-03  -2.6234853e-03
   1.9658462e-04  -1.3328158e-03   3.6083255e-03  -2.9612731e-03
  -2.7194513e-04  -1.2092253e-03   2.5963901e-03  -2.8186516e-03
   7.4757560e-04  -7.0362804e-04   5.3504010e-04  -2.4620979e-03
   2.0782001e-03  -7.3358936e-04  -1.1709606e-04  -2.2594252e-03
   2.2657052e-04  -1.5088385e-03  -1.3089311e-03  -1.6288881e-03
  -3.5441569e-03  -2.0406519e-03  -2.1634544e-03  -9.1202750e-04
  -4.6273977e-03  -1.9657486e-03  -8.8166950e-04  -1.2197897e-03
  -1.4601366e-03  -1.5088385e-03   8.6110818e-04  -2.0942846e-03
   1.6808869e-03  -7.2609903e-04  -2.1079379e-04  -1.9779355e-03
   2.1494166e-03  -1.0440164e-04  -1.6200076e-03  -1.8015352e-03
   2.1868990e-03   4.9150125e-05   5.2004847e-04  -2.3757743e-03
   1.4372514e-03  -7.5980552e-04   1.3558322e-03  -2.5709406e-03
  -3.2067223e-04  -1.6848613e-03  -6.6429078e-04  -2.0454930e-03
  -1.4301507e-03  -1.5275643e-03  -8.2170296e-04  -1.8052884e-03
  -1.2577317e-03  -1.0257122e-03  -5.5185351e-04  -2.0567526e-03
   3.8024828e-04  -5.9127309e-04  -1.7099574e-03  -2.1993741e-03
   1.8458093e-03   1.9188805e-05  -3.1341628e-03  -1.6326413e-03
   1.5871809e-03  -1.6432428e-04  -3.7975427e-03  -1.3549047e-03
   2.1907405e-04  -5.6880210e-04  -3.0891879e-03  -1.9779355e-03
  -7.4797136e-04  -1.1189197e-04  -7.4299687e-04  -2.2106337e-03
   3.2027647e-04   6.7875950e-05   4.9756101e-04  -2.3795275e-03
   2.2881014e-03  -4.4479000e-05  -9.7911513e-04  -2.2143869e-03
   1.9057811e-03  -3.8154385e-04  -9.5662768e-04  -1.9516631e-03
  -6.9174779e-04  -7.9351200e-04   3.8512374e-04  -2.0304802e-03
  -1.7862333e-03  -9.6953476e-04   4.5258610e-04  -1.6664201e-03
   1.1037514e-04  -1.3403061e-03   4.3759447e-04  -1.6288881e-03
   1.2985666e-03  -1.3964836e-03   8.7235191e-04  -1.9066247e-03
  -2.7194513e-04  -1.1006155e-03   9.8478918e-04  -2.0004546e-03
  -1.2727247e-03  -7.4857002e-04   1.2958656e-03  -2.0342334e-03
  -2.9443456e-04  -9.0212179e-04   1.6106900e-03  -1.8503268e-03
   1.0287867e-04  -1.4152094e-03   4.7132565e-04  -1.3398920e-03
  -8.7166321e-04  -1.4339352e-03  -5.3686187e-04  -1.2948536e-03
  -1.1715223e-03  -1.1642833e-03   1.0222683e-03  -1.7677564e-03
   4.9269542e-04  -8.4968948e-04   2.7987771e-03  -2.2031273e-03
   2.1194307e-03  -7.6729585e-04   1.9030269e-03  -2.2894508e-03
   1.8645505e-03  -4.7517298e-04   7.6366255e-04  -1.9854418e-03
   1.2048606e-03  -3.3660187e-04   1.5882025e-03  -2.3945403e-03
   5.9389785e-04  -7.2984420e-04   2.2890615e-03  -2.6272385e-03
  -2.8309662e-05  -8.8339596e-04   1.1496972e-03  -2.1618421e-03
  -2.0813186e-05  -1.0332026e-03  -4.2442460e-04  -1.8503268e-03
   2.1157757e-04  -8.4219915e-04  -5.9308051e-04  -1.7715096e-03
   3.8774476e-04  -4.8640847e-04   1.0403057e-04  -1.9854418e-03
   1.3286457e-04  -5.6505694e-04  -4.8813906e-04  -1.7790160e-03
   9.5382192e-05  -7.4107969e-04  -1.3351665e-03  -1.5800966e-03
   3.9149299e-04  -7.8602167e-04  -3.6445806e-04  -1.7640032e-03
  -1.4075680e-04  -7.7478618e-04   6.7371273e-04  -2.0529994e-03
  -7.5921607e-04  -1.2054801e-03   2.5394693e-04  -2.1318165e-03
  -5.4547328e-05  -1.2654028e-03   5.9055659e-05  -2.0792718e-03
   1.1298959e-03  -1.1605382e-03   5.7626710e-04  -2.1993741e-03
   1.0286935e-03  -1.1268317e-03  -3.4197060e-04  -1.7489904e-03
   2.3406700e-04  -6.5119573e-04  -9.0790486e-04  -1.7790160e-03
  -4.3302614e-05  -9.8077025e-04  -2.8949988e-04  -1.9178843e-03
   2.4165670e-05  -1.0144767e-03  -9.1165277e-04  -1.5876030e-03
  -3.4316165e-04  -8.8339596e-04  -1.4888308e-03  -1.7227181e-03
  -1.0853128e-03  -1.2766383e-03  -1.3651498e-03  -1.5200454e-03
  -6.9549603e-04  -9.3582827e-04  -1.1515189e-03  -1.6589137e-03
   4.5146480e-04  -8.8714113e-04  -7.5049269e-04  -1.8765991e-03
   8.0379917e-04  -9.2084761e-04  -7.6923223e-04  -2.0642590e-03
   1.0399382e-03  -6.2497958e-04  -3.3447479e-04  -2.4208127e-03
   1.0511829e-03  -4.7517298e-04   4.0011538e-04  -2.4583447e-03
   5.2268132e-04  -5.3135045e-04  -1.4707934e-04  -2.5897066e-03
   7.2508618e-04  -7.8976684e-04  -1.0690650e-03  -2.1355697e-03
   4.7395423e-04  -8.1972816e-04  -1.5413015e-03  -2.0342334e-03
  -6.3552422e-04  -8.7216047e-04  -1.3426623e-03  -1.9103779e-03
  -1.1527811e-03  -9.3582827e-04  -1.0990482e-03  -1.5313050e-03
  -8.1543964e-04  -9.0586695e-04  -1.5000745e-03  -1.8690927e-03
   1.6659871e-04  -8.4219915e-04  -1.1252836e-03  -1.7527436e-03
   6.0889080e-04  -7.0737321e-04  -3.7570179e-04  -1.8090416e-03
   4.8894718e-04  -5.3884078e-04   2.2396365e-04  -2.2481656e-03
   5.0019190e-04  -6.2497958e-04   6.3623364e-04  -2.1393229e-03
   2.6030466e-04  -8.1972816e-04   8.6485609e-04  -2.1580889e-03
   1.6669194e-05  -8.4219915e-04   1.1009744e-03  -2.1843613e-03
  -2.2321804e-04  -9.3957344e-04   5.8001501e-04  -2.0680122e-03
  -5.8295566e-05  -8.7216047e-04   1.0403057e-04  -2.1280633e-03
   6.0514256e-04  -8.8339596e-04   5.9055659e-05  -1.9028715e-03
  -2.0822509e-04  -9.6953476e-04  -8.3364883e-05  -1.9741823e-03
  -1.1715223e-03  -8.1223783e-04   4.3384656e-04  -2.0755186e-03
  -8.0794317e-04  -7.5231519e-04   1.4532778e-03  -2.1768549e-03
  -6.5792042e-05  -9.0586695e-04   1.2209074e-03  -2.3907871e-03
   7.5882032e-04  -7.4482486e-04   7.6366255e-04  -2.1768549e-03
   9.9870755e-04  -5.3509562e-04   9.1732682e-04  -2.3457488e-03
   7.0634499e-04  -7.1486354e-04   9.1357891e-04  -2.2856976e-03
  -2.0822509e-04  -6.8864738e-04   6.5122528e-04  -2.2106337e-03
  -6.0928655e-04  -8.9088629e-04   2.1271993e-04  -2.2406592e-03
  -7.7795726e-04  -1.1418123e-03   5.1559841e-05  -2.1168037e-03
  -8.8290793e-04  -8.3470882e-04  -1.3208770e-04  -2.3532552e-03
  -2.2696628e-04  -8.2721849e-04  -1.9580215e-04  -2.2181401e-03
  -1.7074271e-04  -7.2984420e-04  -6.4929914e-04  -1.9516631e-03
  -2.9818280e-04  -6.5868606e-04  -4.8064324e-04  -1.8540799e-03
  -7.5171960e-04  -1.1792640e-03  -1.3208770e-04  -2.0004546e-03
  -8.7166321e-04  -9.6578959e-04  -3.0074361e-04  -2.0267270e-03
  -3.2067223e-04  -7.5606035e-04  -1.4707934e-04  -1.9028715e-03
   3.1662146e-05  -9.8826058e-04  -5.2187024e-04  -2.0304802e-03
   2.3406700e-04  -7.2235387e-04  -2.8949988e-04  -2.0680122e-03
  -1.7064948e-05  -7.5980552e-04  -6.3055960e-04  -2.1806081e-03
  -1.4075680e-04  -9.1710245e-04  -1.2414688e-03  -2.0117142e-03
  -3.0193104e-04  -7.5980552e-04  -9.9410677e-04  -1.9253907e-03
  -3.0193104e-04  -7.2609903e-04  -1.1140399e-03  -2.1918677e-03
  -1.9698037e-04  -7.3733453e-04  -9.9035886e-04  -2.1993741e-03
  -3.5065813e-04  -7.6355068e-04  -9.0040905e-04  -2.0529994e-03
  -1.8948390e-04  -7.6729585e-04  -8.7792159e-04  -1.9929482e-03
  -1.3326033e-04  -7.1860870e-04  -8.8166950e-04  -2.0755186e-03
  -2.7194513e-04  -8.6092497e-04  -8.4793832e-04  -2.1130505e-03
  -1.7823918e-04  -6.6617639e-04  -5.8933260e-04  -2.1092973e-03
   1.6669194e-05  -8.2721849e-04  -5.0687860e-04  -2.2669316e-03
  -2.5320394e-04  -1.2279511e-03  -4.8813906e-04  -2.2932040e-03
  -3.6190284e-04  -1.0032412e-03  -4.7314742e-04  -1.8878587e-03
  -4.5560879e-04  -1.0594187e-03  -4.2817251e-04  -2.0492462e-03
  -8.1543964e-04  -9.5829926e-04  -4.8064324e-04  -2.2631784e-03
  -5.5306298e-04  -9.9949608e-04  -4.4691206e-04  -1.8803523e-03
  -6.8050307e-04  -1.1680285e-03  -4.6190369e-04  -1.9741823e-03
  -7.1798545e-04  -9.0586695e-04  -5.2936605e-04  -1.9328971e-03
  -6.2427950e-04  -8.7590563e-04  -3.4571851e-04  -1.8203012e-03
  -8.8290793e-04  -9.4706377e-04  -3.2323106e-04  -2.0567526e-03
  -6.0553831e-04  -9.7327992e-04  -6.0877429e-05  -2.1505825e-03
  -5.8679712e-04  -1.0294574e-03   2.0897202e-04  -2.2819444e-03
  -2.9068632e-04  -9.8451542e-04   3.5139256e-04  -2.3682679e-03
  -1.7074271e-04  -7.7853134e-04   4.8256938e-04  -2.3232296e-03
  -3.2442046e-04  -8.6841530e-04   2.0147620e-04  -2.3870339e-03
  -2.6444866e-04  -9.8826058e-04   1.6024920e-04  -2.3682679e-03
  -1.0103480e-03  -9.4706377e-04   4.8256938e-04  -1.9141311e-03
  -8.5292202e-04  -9.5080893e-04   5.8376292e-04  -2.0117142e-03
  -6.1303479e-04  -1.0406929e-03   3.9636747e-04  -2.2406592e-03
  -7.0299250e-04  -1.1680285e-03   4.5258610e-04  -1.8127948e-03
  -3.7689580e-04  -9.0961212e-04   7.2618346e-04  -1.9704291e-03
  -6.8425131e-04  -8.9837662e-04   9.5480591e-04  -2.1993741e-03
  -6.6925836e-04  -1.0406929e-03   9.4356218e-04  -2.1205569e-03
  -5.9054536e-04  -1.0931252e-03   6.5872110e-04  -2.0379866e-03
  -3.9563699e-04  -1.1567930e-03   4.6382983e-04  -1.9929482e-03
  -3.4690989e-04  -1.2017350e-03   3.4014883e-04  -2.0792718e-03
  -6.3927246e-04  -1.0631639e-03   2.4645111e-04  -1.9216375e-03
  -4.5560879e-04  -7.4857002e-04  -1.1334816e-04  -1.9666759e-03
  -5.4181827e-04  -9.7327992e-04  -1.7706261e-04  -1.9929482e-03
  -7.3672664e-04  -1.0931252e-03  -1.7331470e-04  -1.8765991e-03
  -6.0928655e-04  -8.5717981e-04  -3.9069342e-04  -1.7452372e-03
  -4.1437818e-04  -7.8227651e-04  -3.4571851e-04  -1.9028715e-03
  -1.2576385e-04  -9.8826058e-04  -7.1676150e-04  -2.0867782e-03
   6.9144526e-05  -8.6467014e-04  -6.1931587e-04  -2.0492462e-03
  -7.7036756e-05  -8.3845398e-04  -5.6684514e-04  -2.2481656e-03
  -5.8295566e-05  -1.0219671e-03  -1.0353338e-03  -2.1355697e-03
  -1.7074271e-04  -7.7104101e-04  -1.0353338e-03  -2.2932040e-03
  -4.2187465e-04  -9.0961212e-04  -1.1627627e-03  -2.1017910e-03
  -5.3057355e-04  -9.1710245e-04  -1.2564604e-03  -2.0079610e-03
  -6.2053127e-04  -8.0849266e-04  -1.2714520e-03  -2.3495020e-03
  -3.3191694e-04  -7.7104101e-04  -1.2452167e-03  -1.9779355e-03
  -2.9818280e-04  -9.4331860e-04  -1.1477710e-03  -2.1430761e-03
  -2.5695218e-04  -9.8826058e-04  -9.5662768e-04  -2.1243101e-03
  -1.8948390e-04  -7.7104101e-04  -7.5049269e-04  -2.0342334e-03
  -5.0058765e-04  -8.6841530e-04  -8.0671132e-04  -2.2181401e-03
  -5.5681122e-04  -6.7366672e-04  -4.9563487e-04  -2.0529994e-03
  -4.5186056e-04  -9.8826058e-04  -5.8558469e-04  -2.1318165e-03
  -2.7194513e-04  -1.0556735e-03  -7.9546759e-04  -2.1017910e-03
  -4.8559470e-04  -8.7216047e-04  -2.4827288e-04  -2.0717654e-03
  -5.1932884e-04  -8.5343464e-04  -2.7076033e-04  -1.9854418e-03
  -9.2029708e-05  -7.4857002e-04  -2.8575197e-04  -1.9591695e-03
  -3.3566518e-04  -1.0519284e-03  -2.3398339e-05  -2.0304802e-03
  -3.2067223e-04  -6.3621507e-04   8.5291022e-05  -2.2143869e-03
  -2.8309662e-05  -6.7741189e-04   3.8137583e-04  -2.4133063e-03
  -2.7944161e-04  -9.0961212e-04   5.1255265e-04  -2.1092973e-03
  -8.4533232e-05  -7.2984420e-04   6.3248574e-04  -2.0830250e-03
