   1.0287867e-04  -8.3845398e-04  -2.4827288e-04  -1.9441567e-03
   9.1727180e-06  -6.2872474e-04   2.8370240e-06  -1.9967014e-03
   9.1727180e-06  -6.2497958e-04   7.0299386e-05  -1.5688370e-03
  -4.7050852e-05  -8.9837662e-04  -1.9205424e-04  -1.8428204e-03
   3.1662146e-05  -7.4857002e-04   1.1902220e-04  -1.7752628e-03
  -6.9540280e-05  -6.6617639e-04  -1.1709606e-04  -1.7489904e-03
  -4.3302614e-05  -6.0999892e-04  -2.3702915e-04  -1.8465736e-03
  -2.3821099e-04  -5.2760529e-04   1.3776175e-04  -1.8916119e-03
  -1.8573566e-04  -7.6355068e-04  -3.4642066e-05  -1.9441567e-03
   6.5396288e-05  -7.0362804e-04  -1.9205424e-04  -1.6776797e-03
   1.4036105e-04  -6.2497958e-04  -2.2578543e-04  -1.8953651e-03
   8.0389240e-05  -8.0100233e-04  -1.7706261e-04  -2.0342334e-03
  -2.1572156e-04  -9.0212179e-04  -1.5457515e-04  -1.9516631e-03
  -2.0719960e-06  -7.8602167e-04  -7.9616974e-05  -1.9967014e-03
  -7.3288518e-05  -7.1111837e-04  -1.2459188e-04  -1.9516631e-03
  -2.0447685e-04  -7.0362804e-04  -1.5457515e-04  -1.8240544e-03
   9.1633954e-05  -6.6243123e-04  -9.4608610e-05  -1.9591695e-03
   3.9158622e-05  -5.9876342e-04  -1.6207097e-04  -2.0492462e-03
  -1.6324623e-04  -6.4370540e-04  -1.6956679e-04  -1.8765991e-03
  -1.9698037e-04  -7.5980552e-04  -1.7331470e-04  -2.1092973e-03
  -6.2043804e-05  -5.6505694e-04  -4.5885793e-05  -1.9741823e-03
  -7.3288518e-05  -9.6578959e-04  -1.7706261e-04  -1.8765991e-03
  -2.5320394e-04  -9.9949608e-04  -1.8081052e-04  -2.2706848e-03
  -2.5695218e-04  -7.0737321e-04  -1.5457515e-04  -2.1806081e-03
  -1.0327442e-04  -9.1335728e-04  -3.9444133e-04  -1.9479099e-03
  -1.3700856e-04  -7.8976684e-04  -1.7706261e-04  -2.1655953e-03
  -2.0822509e-04  -9.1710245e-04  -8.3364883e-05  -2.3119700e-03
  -3.3566518e-04  -9.2084761e-04  -3.6445806e-04  -1.9066247e-03
  -3.3566518e-04  -1.0893800e-03  -3.6820597e-04  -1.9741823e-03
  -2.4570747e-04  -1.0481832e-03  -3.0074361e-04  -2.1956209e-03
  -3.0942751e-04  -8.6467014e-04  -3.5321433e-04  -1.8503268e-03
  -1.1077090e-04  -1.1343220e-03  -4.9633702e-05  -1.9741823e-03
  -1.5574975e-04  -1.0069864e-03  -6.4625338e-05  -2.0454930e-03
  -2.4195923e-04  -1.1305768e-03  -2.7825615e-04  -1.9328971e-03
  -1.3700856e-04  -9.4706377e-04  -1.3583561e-04  -1.9591695e-03
  -1.2201561e-04  -7.7104101e-04  -2.9324779e-04  -1.9967014e-03
  -1.9698037e-04  -9.1335728e-04  -1.3958352e-04  -2.1430761e-03
  -2.7944161e-04  -7.5231519e-04  -2.2203752e-04  -1.9141311e-03
  -1.0702266e-04  -7.9351200e-04  -4.6939951e-04  -1.8765991e-03
  -1.7074271e-04  -6.6243123e-04  -5.7129520e-05  -1.9366503e-03
  -9.5777946e-05  -8.8339596e-04  -1.0960025e-04  -1.9591695e-03
  -1.2951209e-04  -7.9351200e-04  -1.9580215e-04  -1.8690927e-03
  -3.4316165e-04  -3.5907286e-04  -1.9650430e-05  -1.6138753e-03
   9.9130430e-05  -7.6355068e-04  -2.1079379e-04  -1.6514073e-03
   2.4165670e-05  -7.2984420e-04  -3.1573524e-04  -1.5613306e-03
  -2.3821099e-04  -6.1374408e-04  -9.0860701e-05  -1.7339776e-03
  -9.9526184e-05  -7.1486354e-04  -2.7146248e-05  -2.0079610e-03
  -3.2816870e-04  -8.1972816e-04  -3.1573524e-04  -2.1280633e-03
  -2.2321804e-04  -9.0212179e-04  -2.4077706e-04  -2.0567526e-03
   5.4244800e-06  -6.1374408e-04  -1.3958352e-04  -1.7152117e-03
  -2.0447685e-04  -7.7104101e-04  -2.4077706e-04  -1.7715096e-03
  -2.7569337e-04  -7.2235387e-04  -2.3702915e-04  -2.1355697e-03
  -2.9818280e-04  -6.1748925e-04  -4.7314742e-04  -1.9554163e-03
  -2.6444866e-04  -9.0212179e-04  -2.2953333e-04  -1.7189649e-03
  -2.0072861e-04  -9.6578959e-04  -6.0877429e-05  -1.9328971e-03
  -1.3326033e-04  -9.0212179e-04  -2.9699570e-04  -1.8428204e-03
  -4.7050852e-05  -6.9239255e-04  -1.2154612e-05  -1.9479099e-03
  -1.9698037e-04  -5.5756661e-04  -9.1088500e-07  -2.1843613e-03
  -1.2576385e-04  -7.8602167e-04  -1.9580215e-04  -1.9967014e-03
  -1.5574975e-04  -9.6953476e-04  -2.4452497e-04  -1.8353140e-03
  -2.0447685e-04  -8.5343464e-04  -1.3583561e-04  -1.9479099e-03
  -1.2201561e-04  -7.5606035e-04  -5.3381611e-05  -2.1055441e-03
  -2.9068632e-04  -7.2609903e-04  -9.8356519e-05  -2.0905314e-03
  -1.1451914e-04  -7.7104101e-04  -1.9650430e-05  -1.9591695e-03
   3.9158622e-05  -6.4370540e-04  -2.7076033e-04  -1.9066247e-03
  -9.9526184e-05  -7.7104101e-04  -1.5457515e-04  -1.9103779e-03
  -1.4075680e-04  -8.9463146e-04  -3.8389975e-05  -2.0079610e-03
  -1.4825328e-04  -7.4857002e-04  -2.2578543e-04  -2.1243101e-03
  -9.2029708e-05  -8.2347332e-04  -9.4608610e-05  -1.8428204e-03
  -7.3288518e-05  -7.6355068e-04  -6.8373247e-05  -1.9741823e-03
   9.1727180e-06  -8.6092497e-04  -1.5902521e-05  -2.2594252e-03
   1.0662691e-04  -7.9351200e-04  -2.4827288e-04  -1.9741823e-03
  -1.6699447e-04  -7.6729585e-04  -3.4197060e-04  -1.9704291e-03
  -2.6444866e-04  -7.9725717e-04  -5.7129520e-05  -2.1280633e-03
  -5.0799090e-05  -7.2984420e-04  -8.7112792e-05  -2.1168037e-03
   3.5410384e-05  -9.6204443e-04  -1.1334816e-04  -2.2256465e-03
  -1.1077090e-04  -6.6243123e-04  -4.6587940e-06  -2.1243101e-03
  -1.2951209e-04  -8.4594431e-04  -9.8356519e-05  -2.0079610e-03
   1.3286457e-04  -9.9200575e-04  -7.2121156e-05  -2.1205569e-03
  -6.5792042e-05  -4.4146649e-04   9.2786840e-05  -1.7752628e-03
   1.1412338e-04  -8.0849266e-04  -1.9580215e-04  -1.8465736e-03
   2.3781524e-04  -7.5231519e-04   1.0332842e-05  -2.0154674e-03
  -1.3700856e-04  -5.2386012e-04   1.9398038e-04  -1.7827692e-03
   1.1412338e-04  -7.8227651e-04  -1.0210443e-04  -2.0079610e-03
  -3.2057900e-05  -6.7741189e-04   2.5324478e-05  -1.8878587e-03
  -1.8198742e-04  -8.1972816e-04   3.6568205e-05  -1.7790160e-03
   1.6285048e-04  -8.7216047e-04   9.6534749e-05  -1.8878587e-03
  -2.4561424e-05  -8.7965080e-04  -7.9616974e-05  -1.9103779e-03
   1.6762420e-06  -5.9501826e-04  -1.8830634e-04  -1.9816886e-03
   8.7885716e-05  -5.6880210e-04   2.5324478e-05  -2.0567526e-03
  -1.2201561e-04  -8.0474750e-04  -6.4625338e-05  -1.8653395e-03
  -1.4075680e-04  -5.8378276e-04   2.2021575e-04  -1.7527436e-03
  -2.9068632e-04  -9.1710245e-04   1.7524084e-04  -1.9704291e-03
  -8.0784994e-05  -8.0849266e-04  -1.9580215e-04  -1.7152117e-03
   1.1037514e-04  -6.4370540e-04  -3.0894157e-05  -1.9328971e-03
   1.6669194e-05  -7.4107969e-04  -2.0329797e-04  -1.9366503e-03
   2.0417432e-05  -6.2497958e-04  -3.3822270e-04  -1.7865224e-03
  -1.1077090e-04  -9.4331860e-04  -1.4707934e-04  -2.0605058e-03
  -7.7036756e-05  -8.5717981e-04  -2.6701242e-04  -1.8428204e-03
  -9.9526184e-05  -8.1223783e-04  -2.6701242e-04  -1.9516631e-03
  -8.4533232e-05  -7.8976684e-04  -1.9955006e-04  -1.9141311e-03
  -1.3326033e-04  -6.2872474e-04  -3.2323106e-04  -1.8015352e-03
  -3.7689580e-04  -8.1598299e-04  -3.4946642e-04  -1.8653395e-03
  -2.8318985e-04  -7.4482486e-04  -1.3958352e-04  -1.8090416e-03
  -1.8198742e-04  -9.1710245e-04  -5.7129520e-05  -2.0379866e-03
  -2.9068632e-04  -1.0556735e-03  -1.6207097e-04  -2.1956209e-03
  -1.9698037e-04  -8.2721849e-04  -1.0960025e-04  -2.1956209e-03
  -3.5806138e-05  -8.4968948e-04  -2.3702915e-04  -2.1017910e-03
  -1.5949799e-04  -7.4107969e-04  -1.6207097e-04  -2.1580889e-03
  -2.0822509e-04  -9.0586695e-04  -4.5885793e-05  -2.1280633e-03
  -1.4825328e-04  -1.0594187e-03  -3.1198733e-04  -2.0755186e-03
  -1.9323213e-04  -9.2833794e-04  -2.1079379e-04  -2.1393229e-03
  -2.2696628e-04  -1.0856349e-03  -7.9616974e-05  -2.0154674e-03
  -9.5777946e-05  -9.4331860e-04  -1.7706261e-04  -1.9741823e-03
   1.6669194e-05  -9.2084761e-04  -2.2578543e-04  -1.9441567e-03
  -2.3446275e-04  -8.5343464e-04  -4.0568506e-04  -2.0492462e-03
  -9.5684720e-06  -7.1860870e-04  -3.5696224e-04  -2.0642590e-03
  -6.2043804e-05  -8.5717981e-04  -1.1334816e-04  -1.9066247e-03
  -3.3191694e-04  -9.8826058e-04  -2.7450824e-04  -2.0192206e-03
  -7.7036756e-05  -1.0743994e-03  -4.6939951e-04  -2.0379866e-03
  -4.8934294e-04  -7.1860870e-04  -2.1828961e-04  -1.9103779e-03
  -1.5200152e-04  -8.7216047e-04  -6.0877429e-05  -1.9516631e-03
  -2.0813186e-05  -9.0961212e-04  -2.1454170e-04  -1.8991183e-03
  -3.3191694e-04  -7.4482486e-04  -1.3583561e-04  -1.8278076e-03
   5.0403336e-05  -9.9575091e-04  -1.4707934e-04  -1.9479099e-03
  -2.2321804e-04  -7.2609903e-04  -1.0210443e-04  -1.8578331e-03
  -7.7036756e-05  -8.3096365e-04   1.2651802e-04  -1.7677564e-03
  -1.7074271e-04  -7.5231519e-04  -1.5082725e-04  -1.9216375e-03
  -2.6444866e-04  -6.6617639e-04  -1.8081052e-04  -1.9066247e-03
   8.7885716e-05  -8.7965080e-04  -1.5832306e-04  -1.8090416e-03
  -2.4195923e-04  -8.5717981e-04  -3.6820597e-04  -1.8653395e-03
  -1.4825328e-04  -1.0818897e-03  -2.5576870e-04  -1.7865224e-03
  -1.8198742e-04  -7.9351200e-04  -2.2953333e-04  -1.8916119e-03
  -4.4811232e-04  -6.7741189e-04  -2.1079379e-04  -2.0267270e-03
  -2.0447685e-04  -8.3845398e-04  -2.1828961e-04  -1.9066247e-03
  -3.2057900e-05  -7.5231519e-04  -2.5951661e-04  -2.0642590e-03
   5.0403336e-05  -7.9351200e-04  -1.9580215e-04  -1.9816886e-03
   8.0389240e-05  -8.6467014e-04  -5.7129520e-05  -1.8240544e-03
  -9.9526184e-05  -6.3246991e-04  -2.6326452e-04  -1.7752628e-03
  -6.5792042e-05  -7.1111837e-04  -3.4197060e-04  -1.7339776e-03
  -1.0327442e-04  -9.9575091e-04   3.6568205e-05  -1.9891950e-03
  -1.8573566e-04  -6.2497958e-04  -9.1088500e-07  -2.0304802e-03
  -5.8202340e-06  -8.6841530e-04  -7.5869065e-05  -1.8841055e-03
  -1.8948390e-04  -8.3845398e-04   9.2786840e-05  -1.8052884e-03
  -1.5200152e-04  -5.8378276e-04   1.4080751e-05  -2.0755186e-03
   5.4151574e-05  -8.6841530e-04  -2.7825615e-04  -2.2106337e-03
  -1.1451914e-04  -6.8864738e-04  -1.3958352e-04  -1.8390672e-03
  -1.3700856e-04  -6.8490222e-04   1.6774502e-04  -1.7715096e-03
  -8.8281470e-05  -6.4745057e-04   6.5849330e-06  -2.0942846e-03
  -2.0447685e-04  -8.1972816e-04  -1.2084397e-04  -2.1543357e-03
  -2.0822509e-04  -1.0107316e-03  -2.3398339e-05  -1.8841055e-03
  -1.9698037e-04  -9.2833794e-04  -7.2121156e-05  -1.9666759e-03
  -2.6819689e-04  -8.1223783e-04  -8.3364883e-05  -1.9704291e-03
  -1.1451914e-04  -5.3509562e-04  -2.9324779e-04  -2.0229738e-03
  -1.3316710e-05  -6.9613771e-04  -3.0074361e-04  -1.9891950e-03
  -6.9540280e-05  -5.9501826e-04  -1.3208770e-04  -1.7715096e-03
  -1.8198742e-04  -6.4370540e-04  -3.5321433e-04  -2.1843613e-03
  -2.6819689e-04  -9.5829926e-04  -1.0960025e-04  -2.1430761e-03
  -2.6070042e-04  -7.6355068e-04  -1.8081052e-04  -2.1130505e-03
  -2.2696628e-04  -6.5868606e-04  -1.9580215e-04  -2.1655953e-03
  -1.7064948e-05  -7.5980552e-04   7.4047295e-05  -1.9891950e-03
   2.0033286e-04  -1.0182219e-03  -1.1334816e-04  -2.0379866e-03
   1.4036105e-04  -7.8976684e-04   4.7811932e-05  -1.6739265e-03
  -5.4547328e-05  -4.0401484e-04  -5.7129520e-05  -1.7902756e-03
   5.4151574e-05  -5.9501826e-04  -1.0585234e-04  -1.9929482e-03
   1.1412338e-04  -5.8752793e-04   1.6399711e-04  -1.9629227e-03
  -3.5806138e-05  -6.0625375e-04  -7.2121156e-05  -1.8991183e-03
   5.4244800e-06  -7.7853134e-04  -2.2953333e-04  -1.7377308e-03
   1.6762420e-06  -7.3733453e-04  -1.6581888e-04  -2.1130505e-03
   4.2906860e-05  -7.6729585e-04  -8.3364883e-05  -1.9929482e-03
   1.6285048e-04  -7.8602167e-04   1.1902220e-04  -1.7752628e-03
   1.2536810e-04  -7.6355068e-04  -1.5457515e-04  -1.9591695e-03
  -7.3288518e-05  -7.1860870e-04  -2.1454170e-04  -1.7865224e-03
  -1.1451914e-04  -7.0362804e-04   1.5650129e-04  -1.8653395e-03
  -1.0702266e-04  -6.4370540e-04  -8.4067030e-06  -2.0680122e-03
  -1.5574975e-04  -7.5606035e-04  -1.5082725e-04  -2.1168037e-03
   7.6641002e-05  -7.7853134e-04  -1.0960025e-04  -2.0342334e-03
  -9.9526184e-05  -5.6505694e-04  -1.2833979e-04  -1.9404035e-03
  -2.5695218e-04  -7.4482486e-04  -2.1454170e-04  -2.0717654e-03
  -1.1451914e-04  -6.6617639e-04   1.3776175e-04  -1.9591695e-03
  -9.5684720e-06  -6.9988288e-04   1.4525757e-04  -2.0342334e-03
  -5.0799090e-05  -8.6467014e-04  -3.7195388e-04  -2.0004546e-03
  -2.4570747e-04  -8.0849266e-04  -7.5869065e-05  -1.8015352e-03
  -2.4561424e-05  -8.2347332e-04   3.2820296e-05  -2.0605058e-03
  -1.8198742e-04  -6.3621507e-04   4.4064023e-05  -2.1168037e-03
  -2.3821099e-04  -7.3733453e-04  -9.0860701e-05  -2.1318165e-03
  -2.1572156e-04  -8.7590563e-04  -5.5185351e-04  -2.1580889e-03
  -2.6070042e-04  -1.0219671e-03  -2.1454170e-04  -2.0379866e-03
  -1.3316710e-05  -1.1530478e-03  -4.6587940e-06  -1.8615863e-03
  -1.1451914e-04  -9.6578959e-04  -3.6445806e-04  -1.8090416e-03
  -2.2321804e-04  -9.1710245e-04  -3.2323106e-04  -1.9967014e-03
  -4.0688170e-04  -9.5455410e-04  -8.7112792e-05  -2.0229738e-03
  -1.1826737e-04  -9.5829926e-04  -1.3958352e-04  -2.0942846e-03
  -2.4945570e-04  -9.9200575e-04  -3.4571851e-04  -2.0267270e-03
  -1.0327442e-04  -7.8227651e-04  -1.5832306e-04  -1.9066247e-03
  -2.5320394e-04  -8.1972816e-04  -4.9633702e-05  -1.8803523e-03
  -2.9443456e-04  -9.9200575e-04  -4.4691206e-04  -2.1393229e-03
  -3.1692399e-04  -8.8339596e-04  -6.4625338e-05  -2.2932040e-03
  -6.2802774e-04  -9.9949608e-04  -2.5951661e-04  -1.8615863e-03
   3.0528352e-04  -9.5455410e-04  -2.2953333e-04  -2.1731017e-03
  -1.0965575e-03  -8.7965080e-04  -4.2442460e-04  -1.9741823e-03
   4.8145071e-04  -6.8864738e-04  -3.5696224e-04  -1.8052884e-03
  -1.2652282e-03  -9.5080893e-04   2.1646784e-04  -2.1243101e-03
   3.2027647e-04  -9.0961212e-04  -6.1182005e-04  -1.4900198e-03
   1.9987281e-02  -1.8262845e-05   5.0505683e-04  -2.0117142e-03
   2.5257304e-02   1.8430842e-03  -1.1852501e-03  -1.3023600e-03
   3.7461660e-03   3.3673663e-03   2.8624916e-03  -9.1578070e-04
  -8.9416196e-03   6.1092487e-04   9.0465414e-03  -2.4208127e-03
  -6.2802774e-04  -2.9582174e-03   1.0110245e-03  -1.5763491e-04
   3.3188669e-03  -4.2203380e-03  -9.4831207e-03   3.3553575e-03
  -1.2539835e-03  -1.8533937e-03  -1.0599998e-02   3.6293409e-03
  -3.5666463e-03   1.1015415e-03  -2.2046814e-03   1.3136183e-03
  -3.3867309e-03   4.6111827e-04  -1.1252836e-03   1.1259528e-04
  -2.6520763e-03  -1.2354415e-03  -4.8656968e-03   7.4313237e-04
  -6.4715308e-03  -3.2016531e-03   9.6979755e-04  -8.5197635e-04
  -8.7504595e-03  -3.8757828e-03   1.1456447e-02  -4.7628076e-03
  -4.6348942e-03  -3.4750501e-03   1.5567903e-02  -6.6394061e-03
   1.8083270e-03  -1.7972162e-03   1.0860529e-02  -5.8925199e-03
   5.2679506e-03   4.3115695e-04   1.1782515e-02  -6.8495852e-03
   3.6786977e-03   1.6895324e-03   1.5586643e-02  -8.4672131e-03
   1.2236018e-03   2.5434300e-03   1.0309587e-02  -6.8158064e-03
   6.0139432e-04   8.8806708e-04  -9.6412350e-04  -3.4416823e-03
  -1.8312121e-03  -1.0406929e-03  -6.3123896e-03  -1.1860109e-03
  -1.1561638e-02  -1.6474096e-03  -6.2111961e-03  -4.9542264e-04
  -1.9815258e-02  -2.5387589e-03  -8.4112187e-03   3.4154029e-04
  -1.4781374e-02  -2.3814620e-03  -1.3133584e-02   1.8765979e-03
  -3.6266181e-03  -1.7410387e-03  -1.5517254e-02   2.2106324e-03
   1.8757952e-03  -7.4857002e-04  -8.8872031e-03   4.2786383e-04
   3.9149299e-04   6.1092487e-04  -8.0671132e-04  -2.4958766e-03
   5.3767428e-04   5.9219905e-04   2.5401714e-03  -4.0572066e-03
   6.0325912e-03  -3.2536638e-04   3.7469981e-03  -4.5976670e-03
   8.4914353e-03  -1.2803834e-03   3.6158213e-03  -4.9767399e-03
   4.2671711e-03  -1.3552868e-03   4.4778404e-03  -5.2432168e-03
   5.8640137e-04  -1.0594187e-03   4.0355871e-03  -5.4421363e-03
   1.6546492e-03  -1.3964836e-03  -9.9785468e-04  -3.7344316e-03
   9.4248398e-04  -1.9133163e-03  -7.3168293e-03  -1.6701733e-03
  -2.6145939e-03  -1.8833550e-03  -9.6442807e-03  -6.2678453e-04
  -6.9775429e-03  -1.2728931e-03  -9.6330370e-03  -3.7532033e-04
  -8.4093698e-03  -1.0107316e-03  -1.1900522e-02  -2.5897123e-04
  -2.9856694e-03  -4.7142781e-04  -1.3718258e-02   5.0292777e-04
   9.6122517e-04   6.0385620e-05  -1.2084170e-02   1.3136126e-04
   3.2027647e-04   1.3154375e-04  -6.8670802e-03  -1.7114585e-03
   2.2657052e-04   6.6710235e-04  -1.0578212e-03  -2.9912986e-03
   2.9065607e-03   1.7274057e-04   2.3190448e-03  -3.6593677e-03
   5.7964522e-03  -7.5231519e-04   4.4478571e-03  -4.4775647e-03
   4.3121499e-03  -7.8227651e-04   5.4972716e-03  -4.3236836e-03
   7.6631679e-04  -9.4706377e-04   5.4335572e-03  -3.8019892e-03
   7.3258265e-04  -5.6131177e-04   4.2192346e-03  -3.0400902e-03
   2.0332212e-03  -6.0625375e-04   6.6621692e-04  -1.5237986e-03
  -3.9188875e-04  -1.1043607e-03  -2.1484627e-03  -5.4796739e-04
  -4.9010191e-03  -8.5717981e-04  -1.4326121e-03  -3.6781394e-04
  -6.9475570e-03  -1.0818897e-03  -5.2187024e-04  -1.2385613e-04
  -4.6199012e-03  -1.4526610e-03  -2.1828961e-04   5.2544126e-05
  -1.2239976e-03  -1.4489159e-03   9.5855382e-04  -4.2411189e-04
  -5.6430770e-04  -1.3065996e-03   3.8369479e-03  -1.2723344e-03
  -5.8202340e-06  -7.7104101e-04   7.8097315e-03  -2.7323280e-03
   1.9245223e-03  -9.6911310e-05   8.7092296e-03  -3.3140736e-03
   3.8211308e-03   5.6640455e-05   7.0863850e-03  -3.1564393e-03
   5.1929859e-03  -4.4479000e-05   6.6928546e-03  -3.5542782e-03
   2.9065607e-03  -1.7181461e-04   6.1943827e-03  -3.2052309e-03
  -1.0928093e-03  -4.3023100e-04   3.3946947e-03  -2.4133063e-03
  -2.0223723e-03  -5.9127309e-04   1.1902220e-04  -1.4675007e-03
  -1.6550450e-03  -1.1118510e-03  -1.8036551e-03  -7.9192520e-04
  -2.6408315e-03  -1.2242060e-03  -2.3471019e-03  -5.8174617e-04
  -4.5524329e-03  -7.9351200e-04  -2.4370517e-03  -5.7423977e-04
  -3.9039878e-03  -8.0849266e-04  -2.4595392e-03  -5.4046100e-04
  -5.7930065e-04  -9.1710245e-04  -1.2527125e-03  -6.7932929e-04
   1.0099523e-03  -1.0931252e-03   4.0011538e-04  -1.8353140e-03
   6.6511437e-04  -9.4331860e-04   2.1578847e-03  -2.5897066e-03
   7.5132384e-04  -8.0100233e-04   3.3984426e-03  -3.0438434e-03
   2.4905063e-03  -9.1710245e-04   3.6720399e-03  -3.6931465e-03
   3.9860532e-03  -7.7853134e-04   2.4277341e-03  -3.5129930e-03
   2.5129957e-03  -7.0737321e-04   2.7268647e-04  -3.0588562e-03
   6.5396288e-05  -7.6729585e-04  -3.8694551e-04  -2.6572641e-03
  -1.8874357e-03  -1.2017350e-03  -2.3058749e-03  -2.0154674e-03
  -2.1273229e-03  -1.0107316e-03  -4.3859644e-03  -1.4487347e-03
  -2.1123300e-03  -7.3733453e-04  -5.7127242e-03  -9.9084464e-04
  -3.5966322e-03  -1.0481832e-03  -6.7284075e-03  -6.9058888e-04
  -2.4459232e-03  -6.6243123e-04  -4.8881842e-03  -9.7207866e-04
  -5.5681122e-04  -3.5907286e-04  -4.1685857e-03  -1.2835940e-03
   1.1037514e-04  -4.0401484e-04  -4.4121998e-03  -1.6964457e-03
   1.2161054e-03  -5.9876342e-04  -2.4932704e-03  -2.3194764e-03
   1.3098113e-03  -8.2721849e-04  -1.0585234e-04  -2.9237411e-03
   1.3060631e-03  -6.6992156e-04   1.0147725e-03  -3.4266695e-03
   1.8757952e-03  -8.0100233e-04  -2.0329797e-04  -3.0175710e-03
   2.1231789e-03  -1.1493027e-03  -1.0653170e-03  -2.5671874e-03
   1.4709855e-03  -1.1230865e-03  -6.3430751e-04  -2.4020467e-03
  -7.2923017e-04  -1.1006155e-03  -1.3126790e-03  -1.9366503e-03
  -2.0636029e-03  -1.1867543e-03  -2.6994054e-03  -1.3811771e-03
  -1.3814236e-03  -1.3815029e-03  -3.6026514e-03  -8.4822315e-04
  -1.4713813e-03  -1.2391866e-03  -3.3777769e-03  -1.0171170e-03
  -1.8274639e-03  -9.6204443e-04  -2.6019597e-03  -1.3361388e-03
  -9.0539735e-04  -9.8077025e-04  -1.4101247e-03  -1.1409725e-03
   8.7501570e-04  -5.8003760e-04  -8.4067030e-06  -1.4299687e-03
   1.8158234e-03  -6.2872474e-04   1.2021679e-03  -2.2369060e-03
   1.1786230e-03  -6.2497958e-04   2.9187102e-03  -2.3457488e-03
   1.0137005e-03  -4.3397616e-04   3.9718727e-03  -2.3495020e-03
   1.5159644e-03  -7.7478618e-04   3.7582418e-03  -2.7173153e-03
   1.7071245e-03  -7.4482486e-04   2.9936684e-03  -2.2894508e-03
   8.4128155e-04  -5.8752793e-04   2.4539695e-03  -1.9103779e-03
  -3.0942751e-04  -5.9876342e-04   1.8543041e-03  -1.8465736e-03
  -7.9295021e-04  -6.0999892e-04   7.1119182e-04  -1.3173728e-03
  -1.3589342e-03  -7.9351200e-04  -4.9188696e-04  -9.3079349e-04
  -1.4151577e-03  -1.1755188e-03  -2.7450824e-04  -9.6457226e-04
  -1.1003057e-03  -9.0961212e-04   1.0634953e-03  -1.3924367e-03
  -5.8679712e-04  -8.9837662e-04   1.4532778e-03  -1.6401477e-03
   7.1009322e-04  -1.0444381e-03   1.8505562e-03  -1.7189649e-03
   1.6696422e-03  -5.5382144e-04   2.1991117e-03  -2.1655953e-03
   1.6321598e-03  -6.4745057e-04   2.4727091e-03  -2.2406592e-03
   1.0137005e-03  -6.4370540e-04   2.6863399e-03  -2.3945403e-03
   1.0174487e-03  -6.8490222e-04   2.0267079e-03  -2.6272385e-03
   1.1823712e-03  -9.6204443e-04   1.0784869e-03  -2.1468293e-03
   2.8279409e-04  -1.0257122e-03   2.6519065e-04  -1.8953651e-03
  -2.3821099e-04  -8.9837662e-04  -3.6820597e-04  -1.7039521e-03
  -4.8559470e-04  -5.9501826e-04  -1.2639562e-03  -1.6101221e-03
  -4.5186056e-04  -8.0474750e-04  -1.6762262e-03  -1.4637475e-03
  -1.2576385e-04  -6.9239255e-04  -1.6162597e-03  -1.4112027e-03
  -5.9429360e-04  -7.8602167e-04  -1.0953003e-03  -1.8803523e-03
  -4.2937113e-04  -1.0818897e-03  -6.5304705e-04  -1.7865224e-03
   4.4022009e-04  -6.8490222e-04  -6.3055960e-04  -2.1055441e-03
   1.1336441e-03  -8.3096365e-04  -8.3364883e-05  -2.5108894e-03
   1.1636300e-03  -6.7366672e-04   3.0266974e-04  -2.5259022e-03
   8.2254036e-04  -6.9613771e-04   3.0641765e-04  -2.6760301e-03
   1.0549311e-03  -8.1972816e-04  -1.5902521e-05  -2.3795275e-03
   1.0249452e-03  -5.3509562e-04  -4.9188696e-04  -2.1505825e-03
   3.6525533e-04  -9.5455410e-04  -1.1027961e-03  -1.8841055e-03
  -2.4195923e-04  -6.9239255e-04  -1.3726456e-03  -1.6964457e-03
  -3.0942751e-04  -6.4370540e-04  -1.6949658e-03  -1.5763434e-03
  -4.6310527e-04  -9.4331860e-04  -2.2459084e-03  -1.3849303e-03
  -5.1183236e-04  -7.1860870e-04  -1.9011007e-03  -1.4412283e-03
  -3.3566518e-04  -7.1860870e-04  -1.4663433e-03  -1.5613306e-03
  -1.5200152e-04  -7.8602167e-04  -8.7417368e-04  -1.8127948e-03
   6.2763199e-04  -6.3621507e-04  -4.1692878e-04  -1.8090416e-03
   1.1823712e-03  -3.4409220e-04  -4.7689533e-04  -1.9441567e-03
   1.2460913e-03  -4.5644715e-04   1.4080751e-05  -2.1806081e-03
   9.5747693e-04  -4.6019232e-04   4.3009865e-04  -2.0492462e-03
   6.6886261e-04  -5.8752793e-04   2.2021575e-04  -2.1092973e-03
   3.5026238e-04  -6.3621507e-04  -2.4077706e-04  -1.9704291e-03
  -2.9443456e-04  -6.0999892e-04  -5.0313069e-04  -1.7152117e-03
  -5.0808413e-04  -6.6992156e-04  -5.2561815e-04  -1.7377308e-03
  -6.2427950e-04  -5.9876342e-04  -7.5798850e-04  -1.5275518e-03
  -5.9804184e-04  -8.3096365e-04  -7.5798850e-04  -1.3211260e-03
  -2.0072861e-04  -6.8115705e-04  -3.2323106e-04  -1.4412283e-03
  -2.5695218e-04  -7.8602167e-04   3.4389674e-04  -1.5313050e-03
  -2.7569337e-04  -9.2084761e-04   9.5105800e-04  -1.7640032e-03
   2.9029057e-04  -6.9988288e-04   1.4420341e-03  -2.0642590e-03
   5.1893309e-04  -7.1486354e-04   1.8617999e-03  -2.0642590e-03
   3.8399652e-04  -8.5343464e-04   1.7343710e-03  -2.0605058e-03
   2.3781524e-04  -9.2833794e-04   1.4870090e-03  -2.2444124e-03
  -1.5574975e-04  -8.0100233e-04   8.4611655e-04  -2.2894508e-03
  -3.3941342e-04  -9.1335728e-04   4.0386329e-04  -1.8503268e-03
  -1.9698037e-04  -9.7327992e-04   4.1885492e-04  -1.7302244e-03
  -3.9563699e-04  -8.3470882e-04  -6.0877429e-05  -1.9216375e-03
  -7.3297841e-04  -7.6355068e-04  -2.1828961e-04  -1.8015352e-03
  -6.7300660e-04  -9.0586695e-04  -4.0568506e-04  -1.8315608e-03
  -3.5440637e-04  -8.4594431e-04  -1.8081052e-04  -1.9404035e-03
  -2.7944161e-04  -6.3246991e-04   4.7132565e-04  -1.9666759e-03
  -2.6070042e-04  -7.2609903e-04   3.5139256e-04  -1.9666759e-03
   8.7885716e-05  -9.0212179e-04   4.0011538e-04  -2.0529994e-03
   1.5535400e-04  -1.0369477e-03   4.7882147e-04  -2.2894508e-03
   4.6655098e-05  -8.6092497e-04   2.4270320e-04  -2.3007104e-03
  -5.0799090e-05  -6.8490222e-04   2.3520738e-04  -2.2068805e-03
  -1.5949799e-04  -8.3845398e-04   1.8273666e-04  -2.2481656e-03
  -2.8693808e-04  -1.0519284e-03  -1.6207097e-04  -2.0942846e-03
  -3.4690989e-04  -8.3096365e-04  -5.3686187e-04  -2.0567526e-03
  -4.6685351e-04  -8.4219915e-04  -6.1182005e-04  -1.9891950e-03
  -7.0674074e-04  -8.8714113e-04  -6.7553451e-04  -1.7414840e-03
  -3.7689580e-04  -5.3884078e-04  -9.7536723e-04  -1.9404035e-03
  -1.8948390e-04  -1.0893800e-03  -8.4419041e-04  -1.9141311e-03
  -3.6939932e-04  -1.1493027e-03  -3.7944969e-04  -1.7114585e-03
  -2.4570747e-04  -5.5007628e-04  -3.9444133e-04  -1.8578331e-03
   1.4785752e-04  -6.2123441e-04  -4.7314742e-04  -1.9366503e-03
   8.0389240e-05  -6.2872474e-04  -3.9069342e-04  -2.0830250e-03
  -9.9526184e-05  -7.5606035e-04  -3.4571851e-04  -2.0417398e-03
  -1.5200152e-04  -7.6355068e-04  -2.1828961e-04  -1.9779355e-03
  -4.7060175e-04  -7.5980552e-04  -5.0687860e-04  -2.1881145e-03
  -2.4570747e-04  -9.8077025e-04  -8.7417368e-04  -1.8765991e-03
  -2.8693808e-04  -9.0961212e-04  -1.0915524e-03  -1.6701733e-03
  -4.3686760e-04  -8.8339596e-04  -1.1665106e-03  -1.9479099e-03
  -3.3566518e-04  -6.4745057e-04  -8.9291323e-04  -2.0867782e-03
  -4.0313346e-04  -6.6617639e-04  -1.0203421e-03  -1.8090416e-03
  -2.6070042e-04  -9.9575091e-04  -8.5918205e-04  -1.6964457e-03
  -4.7060175e-04  -7.6729585e-04  -6.7553451e-04  -2.0980378e-03
  -4.0313346e-04  -6.9239255e-04  -6.5304705e-04  -2.0192206e-03
  -1.3316710e-05  -6.3246991e-04  -1.3208770e-04  -2.0454930e-03
   3.5410384e-05  -4.6768265e-04  -2.4452497e-04  -1.9854418e-03
  -7.3288518e-05  -7.7853134e-04  -1.9580215e-04  -1.9516631e-03
  -2.3821099e-04  -8.6092497e-04   7.0299386e-05  -2.1055441e-03
  -3.5440637e-04  -8.0849266e-04  -1.1709606e-04  -1.9516631e-03
  -3.9188875e-04  -6.6992156e-04   1.0777848e-04  -2.1843613e-03
  -3.1692399e-04  -4.6768265e-04   5.9055659e-05  -1.8916119e-03
  -4.4811232e-04  -7.6729585e-04  -1.8081052e-04  -1.9103779e-03
  -5.4181827e-04  -6.5494090e-04  -9.1088500e-07  -2.3044636e-03
  -3.2442046e-04  -6.7366672e-04  -2.6326452e-04  -1.9441567e-03
  -2.2696628e-04  -9.8451542e-04  -8.3364883e-05  -1.8841055e-03
  -3.6565108e-04  -7.5606035e-04   3.1391347e-04  -2.0717654e-03
  -4.0313346e-04  -7.1486354e-04   5.5307750e-05  -2.1168037e-03
  -2.7569337e-04  -7.5980552e-04   5.0505683e-04  -2.0830250e-03
  -4.2562289e-04  -7.1860870e-04   5.8001501e-04  -2.0830250e-03
  -5.0808413e-04  -6.0625375e-04   3.2140929e-04  -1.9629227e-03
  -1.6699447e-04  -8.0474750e-04   5.7251919e-04  -1.9854418e-03
  -2.4945570e-04  -9.2459278e-04   3.1016556e-04  -2.3194764e-03
  -4.5935703e-04  -7.5606035e-04   3.5514047e-04  -2.0867782e-03
  -4.3311937e-04  -8.6841530e-04   2.7268647e-04  -2.1092973e-03
  -3.9188875e-04  -6.7366672e-04  -8.7112792e-05  -2.5972130e-03
  -3.3941342e-04  -6.3621507e-04   1.9398038e-04  -2.1393229e-03
  -2.7569337e-04  -7.7853134e-04   1.1527429e-04  -1.9554163e-03
  -9.9526184e-05  -7.1111837e-04   1.7828660e-05  -2.2031273e-03
  -1.9323213e-04  -7.5980552e-04  -1.2459188e-04  -1.9741823e-03
  -1.4825328e-04  -7.7853134e-04  -2.3702915e-04  -2.0079610e-03
  -6.5792042e-05  -6.5119573e-04  -1.9650430e-05  -1.8015352e-03
