  -4.7060175e-04  -7.2235387e-04  -1.3583561e-04  -2.1017910e-03
  -1.3326033e-04  -6.7741189e-04   6.6551477e-05  -2.2631784e-03
   1.6669194e-05  -7.7478618e-04   1.4080751e-05  -2.2143869e-03
  -2.4561424e-05  -5.5007628e-04  -9.8356519e-05  -2.0529994e-03
   1.2920956e-05  -8.6092497e-04  -5.7129520e-05  -2.0792718e-03
   1.4785752e-04  -1.0069864e-03  -6.8373247e-05  -2.0342334e-03
   1.5535400e-04  -6.8864738e-04   2.8370240e-06  -2.0905314e-03
  -1.3326033e-04  -7.1486354e-04  -3.4642066e-05  -2.2519188e-03
  -1.7064948e-05  -8.5343464e-04   2.3145947e-04  -2.2181401e-03
  -5.0799090e-05  -5.9876342e-04  -1.1709606e-04  -2.0267270e-03
  -2.8309662e-05  -5.1636979e-04  -1.2833979e-04  -1.9704291e-03
   8.4137478e-05  -8.9463146e-04   8.1543113e-05  -2.2293996e-03
   1.6762420e-06  -9.8077025e-04  -5.3686187e-04  -2.2406592e-03
   2.9403881e-04  -8.8339596e-04  -2.7076033e-04  -1.9516631e-03
   3.3152119e-04  -8.4968948e-04  -2.3702915e-04  -1.8953651e-03
   1.8533990e-04  -6.7366672e-04  -3.2697897e-04  -1.7414840e-03
  -1.5574975e-04  -7.4482486e-04   1.4900547e-04  -1.8428204e-03
  -3.5440637e-04  -9.4706377e-04   3.2820296e-05  -2.0942846e-03
  -1.9698037e-04  -9.6578959e-04   6.5849330e-06  -1.9366503e-03
  -3.4316165e-04  -7.9725717e-04  -1.4707934e-04  -1.8278076e-03
  -8.8281470e-05  -8.0100233e-04  -4.2442460e-04  -1.8841055e-03
   3.1662146e-05  -8.9088629e-04  -1.5457515e-04  -2.1318165e-03
  -9.5684720e-06  -8.1972816e-04   1.6399711e-04  -2.0492462e-03
   1.6762420e-06  -8.0100233e-04   1.0403057e-04  -1.7302244e-03
  -3.7314756e-04  -7.4482486e-04  -2.7825615e-04  -1.8878587e-03
  -2.6070042e-04  -1.0032412e-03  -1.4707934e-04  -1.8991183e-03
  -2.4945570e-04  -8.7590563e-04  -1.1709606e-04  -1.9216375e-03
  -2.4195923e-04  -7.6729585e-04  -4.6565160e-04  -2.1618421e-03
   3.5410384e-05  -8.5343464e-04  -9.8356519e-05  -2.0042078e-03
  -8.8281470e-05  -7.1486354e-04  -1.7331470e-04  -1.9103779e-03
  -6.5792042e-05  -9.6578959e-04  -2.6701242e-04  -1.9066247e-03
  -9.2029708e-05  -8.7590563e-04  -4.5885793e-05  -2.0755186e-03
  -3.5815461e-04  -1.0444381e-03  -4.4691206e-04  -2.1505825e-03
  -4.1437818e-04  -1.0444381e-03  -2.6326452e-04  -1.9704291e-03
  -3.5440637e-04  -9.4706377e-04  -1.1334816e-04  -2.2181401e-03
  -3.8814051e-04  -1.2654028e-03  -2.1828961e-04  -2.0717654e-03
  -2.6444866e-04  -1.0107316e-03  -1.4707934e-04  -2.0905314e-03
  -8.4533232e-05  -7.7853134e-04  -3.2697897e-04  -2.3232296e-03
  -2.4570747e-04  -9.4331860e-04  -2.2203752e-04  -2.0042078e-03
  -2.9818280e-04  -1.0182219e-03  -2.9324779e-04  -2.0192206e-03
  -2.7569337e-04  -8.6467014e-04  -2.7076033e-04  -2.2331528e-03
  -2.1197332e-04  -8.7590563e-04  -2.3702915e-04  -2.2143869e-03
  -9.2029708e-05  -8.0474750e-04  -3.9444133e-04  -2.0454930e-03
  -2.6070042e-04  -9.6953476e-04  -1.9205424e-04  -2.0454930e-03
  -1.9323213e-04  -9.0961212e-04  -2.0704588e-04  -2.0379866e-03
  -5.4547328e-05  -5.3884078e-04  -1.9580215e-04  -1.9704291e-03
  -2.1572156e-04  -9.0212179e-04  -2.5576870e-04  -2.0605058e-03
  -2.9443456e-04  -1.0856349e-03  -2.6326452e-04  -1.8615863e-03
  -2.7944161e-04  -8.0849266e-04  -5.3381611e-05  -1.8953651e-03
  -6.2043804e-05  -7.8602167e-04  -3.6445806e-04  -2.0830250e-03
  -1.1451914e-04  -9.6578959e-04  -3.7570179e-04  -1.8503268e-03
  -3.2442046e-04  -6.4745057e-04  -1.5832306e-04  -1.8503268e-03
  -6.2043804e-05  -7.5231519e-04  -2.7450824e-04  -2.0342334e-03
   1.2911633e-04  -1.0594187e-03  -4.9633702e-05  -1.9816886e-03
   1.6669194e-05  -8.3845398e-04  -7.9616974e-05  -1.9816886e-03
  -3.7689580e-04  -9.2084761e-04  -3.2323106e-04  -1.9216375e-03
  -3.0942751e-04  -7.8227651e-04  -5.7129520e-05  -1.8578331e-03
   9.1633954e-05  -8.9463146e-04  -6.8373247e-05  -2.1505825e-03
  -1.6699447e-04  -8.3096365e-04  -1.3583561e-04  -2.1693485e-03
  -2.4195923e-04  -6.4370540e-04  -1.6581888e-04  -2.0304802e-03
  -9.5777946e-05  -8.3470882e-04  -3.3822270e-04  -2.1505825e-03
  -1.1077090e-04  -7.6355068e-04  -1.2459188e-04  -2.0867782e-03
  -1.8573566e-04  -8.3470882e-04  -6.4625338e-05  -1.9291439e-03
  -2.8693808e-04  -6.8115705e-04  -1.0960025e-04  -2.2106337e-03
  -9.2029708e-05  -7.6729585e-04  -4.2137884e-05  -2.1243101e-03
  -1.6324623e-04  -7.7478618e-04  -9.4608610e-05  -1.8916119e-03
  -1.0327442e-04  -6.7366672e-04  -2.4452497e-04  -2.3945403e-03
   8.7885716e-05  -1.0594187e-03  -2.8949988e-04  -2.1318165e-03
  -1.2576385e-04  -1.0856349e-03  -1.9955006e-04  -2.0755186e-03
  -8.0784994e-05  -1.0444381e-03  -1.7706261e-04  -2.3232296e-03
  -2.0447685e-04  -9.6578959e-04  -2.1079379e-04  -2.0830250e-03
  -1.2201561e-04  -8.6467014e-04  -1.7331470e-04  -2.2369060e-03
   1.6669194e-05  -7.0737321e-04  -6.4625338e-05  -2.0830250e-03
  -1.8573566e-04  -6.6617639e-04  -1.9650430e-05  -2.1355697e-03
  -1.6324623e-04  -8.3845398e-04  -3.8389975e-05  -2.3082168e-03
  -4.3686760e-04  -6.6617639e-04  -2.7450824e-04  -2.4095531e-03
  -2.4195923e-04  -6.6992156e-04  -2.0704588e-04  -2.4020467e-03
  -2.0719960e-06  -9.0586695e-04  -8.7112792e-05  -2.1655953e-03
  -2.6819689e-04  -8.0849266e-04  -1.3583561e-04  -2.3382424e-03
  -1.2576385e-04  -7.3733453e-04   2.8370240e-06  -2.3457488e-03
  -2.0072861e-04  -8.4594431e-04  -2.0329797e-04  -2.2331528e-03
  -1.5949799e-04  -8.9837662e-04  -2.3328124e-04  -2.3119700e-03
  -7.7036756e-05  -9.0586695e-04   7.4047295e-05  -2.2781912e-03
  -2.0072861e-04  -6.2497958e-04   2.3520738e-04  -1.9253907e-03
   5.0403336e-05  -6.8115705e-04   2.0147620e-04  -2.0117142e-03
   2.6030466e-04  -8.7965080e-04  -1.2084397e-04  -1.9554163e-03
   1.2911633e-04  -5.8752793e-04  -2.4827288e-04  -1.7602500e-03
  -2.0447685e-04  -5.6505694e-04   8.5291022e-05  -2.1468293e-03
  -1.5200152e-04  -7.0737321e-04   1.4525757e-04  -2.1918677e-03
   9.9130430e-05  -7.5980552e-04   6.5849330e-06  -2.1430761e-03
   1.6762420e-06  -7.0362804e-04   1.5650129e-04  -1.9404035e-03
  -8.8281470e-05  -6.3246991e-04  -1.9580215e-04  -1.9666759e-03
   3.5410384e-05  -6.9613771e-04  -3.9444133e-04  -2.0229738e-03
   2.0782933e-04  -7.8976684e-04  -1.6956679e-04  -1.9366503e-03
  -4.3302614e-05  -7.2609903e-04  -8.7112792e-05  -1.9591695e-03
  -2.4945570e-04  -6.6243123e-04   1.2277011e-04  -1.8728459e-03
  -2.4570747e-04  -1.0219671e-03   4.0316114e-05  -2.2031273e-03
  -4.7434998e-04  -8.9088629e-04   8.5291022e-05  -2.1543357e-03
  -1.1826737e-04  -6.5119573e-04  -1.9955006e-04  -1.7302244e-03
   1.6659871e-04  -8.8339596e-04  -5.7808887e-04  -1.9479099e-03
   1.2911633e-04  -6.9988288e-04  -4.3941624e-04  -2.0980378e-03
  -2.0719960e-06  -7.4482486e-04  -1.9580215e-04  -1.7527436e-03
  -4.1437818e-04  -8.6092497e-04   1.1902220e-04  -1.9779355e-03
  -8.8281470e-05  -7.8227651e-04  -7.9616974e-05  -2.0342334e-03
  -8.0784994e-05  -1.0781445e-03   6.5849330e-06  -1.7039521e-03
  -4.4811232e-04  -9.9200575e-04   4.4064023e-05  -1.9816886e-03
  -2.0813186e-05  -8.1223783e-04  -2.5576870e-04  -2.2293996e-03
   9.5382192e-05  -9.2459278e-04  -1.3958352e-04  -2.0642590e-03
  -3.6565108e-04  -1.0556735e-03  -2.0704588e-04  -1.9516631e-03
  -3.6190284e-04  -1.1043607e-03  -2.9324779e-04  -2.1243101e-03
  -1.4075680e-04  -7.2235387e-04  -2.3328124e-04  -2.0905314e-03
  -1.7823918e-04  -7.2235387e-04  -2.6326452e-04  -2.0004546e-03
  -3.0942751e-04  -1.0144767e-03  -2.4452497e-04  -1.9967014e-03
  -2.4945570e-04  -8.1972816e-04  -1.5082725e-04  -2.0454930e-03
  -2.8309662e-05  -7.8227651e-04  -2.2953333e-04  -2.1393229e-03
  -1.7074271e-04  -9.1710245e-04  -3.9444133e-04  -2.0454930e-03
  -2.0072861e-04  -1.0406929e-03  -2.1454170e-04  -2.0717654e-03
  -2.9443456e-04  -1.0594187e-03  -6.8373247e-05  -2.1731017e-03
  -3.1692399e-04  -8.3470882e-04  -7.2121156e-05  -2.1768549e-03
  -1.2201561e-04  -7.7853134e-04  -1.3583561e-04  -2.1430761e-03
  -3.5815461e-04  -7.4482486e-04  -1.9580215e-04  -1.9554163e-03
  -3.6190284e-04  -8.3470882e-04  -1.2833979e-04  -1.8428204e-03
  -4.3311937e-04  -9.4331860e-04  -3.5321433e-04  -2.1092973e-03
  -4.2187465e-04  -8.1223783e-04  -2.2203752e-04  -2.0605058e-03
  -1.9698037e-04  -8.6467014e-04  -6.0877429e-05  -2.0154674e-03
  -1.3700856e-04  -1.0069864e-03  -2.6701242e-04  -2.2293996e-03
  -1.0702266e-04  -8.3470882e-04   3.2820296e-05  -1.9666759e-03
  -1.9698037e-04  -6.1374408e-04   1.1902220e-04  -1.8390672e-03
  -2.1197332e-04  -8.1223783e-04  -7.2121156e-05  -1.8841055e-03
  -2.9068632e-04  -9.4331860e-04  -9.4608610e-05  -1.8690927e-03
  -1.1077090e-04  -9.2833794e-04  -1.3583561e-04  -1.8203012e-03
  -3.9554376e-05  -9.0212179e-04  -1.8455843e-04  -1.8090416e-03
  -4.3302614e-05  -9.1710245e-04  -1.6956679e-04  -1.9441567e-03
  -5.8202340e-06  -1.0332026e-03   5.5307750e-05  -1.8615863e-03
  -1.3326033e-04  -9.4331860e-04  -9.1088500e-07  -1.9779355e-03
  -1.5200152e-04  -8.4219915e-04  -7.9616974e-05  -1.9779355e-03
  -4.5186056e-04  -8.8714113e-04  -6.0877429e-05  -1.9891950e-03
  -3.6939932e-04  -9.4706377e-04  -2.5576870e-04  -2.2556720e-03
  -2.0719960e-06  -9.0212179e-04  -1.8081052e-04  -2.0642590e-03
  -2.0719960e-06  -9.4706377e-04  -1.8081052e-04  -1.9741823e-03
  -1.4450504e-04  -9.8451542e-04  -3.2323106e-04  -2.0567526e-03
  -4.3302614e-05  -1.0032412e-03  -3.0449151e-04  -2.0605058e-03
   1.1037514e-04  -8.5717981e-04  -1.6956679e-04  -1.9591695e-03
  -1.0702266e-04  -6.3996024e-04   3.6568205e-05  -1.8728459e-03
  -2.3446275e-04  -8.3470882e-04  -7.2121156e-05  -2.1655953e-03
  -3.4316165e-04  -1.0369477e-03  -1.3208770e-04  -2.1543357e-03
  -1.7823918e-04  -8.5343464e-04  -1.8830634e-04  -2.0529994e-03
  -2.0719960e-06  -7.2609903e-04  -3.4571851e-04  -2.1806081e-03
  -1.2201561e-04  -7.8227651e-04  -2.2953333e-04  -2.0605058e-03
  -2.4561424e-05  -8.0849266e-04  -8.7112792e-05  -2.2218933e-03
  -5.4547328e-05  -8.2347332e-04  -1.5457515e-04  -2.2218933e-03
  -3.5806138e-05  -6.2123441e-04  -1.8455843e-04  -2.1393229e-03
  -1.6324623e-04  -7.5980552e-04  -7.9616974e-05  -2.2819444e-03
  -3.0567927e-04  -1.0294574e-03  -2.4077706e-04  -2.1655953e-03
  -1.5949799e-04  -8.0474750e-04  -1.5082725e-04  -2.3082168e-03
  -2.2696628e-04  -9.3208311e-04  -6.8373247e-05  -2.3269828e-03
  -1.9323213e-04  -1.1118510e-03  -2.2203752e-04  -2.1693485e-03
  -2.0447685e-04  -9.0586695e-04  -1.9650430e-05  -2.1580889e-03
  -2.0822509e-04  -8.3470882e-04  -1.3958352e-04  -2.3082168e-03
  -1.8573566e-04  -8.3845398e-04  -3.2323106e-04  -2.4395787e-03
  -2.6444866e-04  -8.5717981e-04  -1.9650430e-05  -2.2969572e-03
  -1.1826737e-04  -6.8115705e-04  -7.2121156e-05  -2.3157232e-03
  -1.1451914e-04  -6.6992156e-04  -1.9955006e-04  -2.3082168e-03
  -1.8948390e-04  -7.7104101e-04   7.0299386e-05  -2.2256465e-03
  -1.8573566e-04  -6.1748925e-04   1.3026593e-04  -2.3269828e-03
  -1.7064948e-05  -7.0362804e-04   3.2890511e-04  -2.0867782e-03
   1.3661281e-04  -8.0474750e-04   1.7898875e-04  -1.8353140e-03
  -6.5792042e-05  -7.8227651e-04  -6.4625338e-05  -2.1355697e-03
  -1.5200152e-04  -8.0849266e-04   2.8370240e-06  -2.1956209e-03
  -7.3288518e-05  -7.6355068e-04  -2.1079379e-04  -2.0529994e-03
  -1.4825328e-04  -4.9015364e-04  -3.3072688e-04  -1.8916119e-03
  -1.1077090e-04  -6.4745057e-04  -3.8694551e-04  -1.9779355e-03
   6.5396288e-05  -9.9575091e-04  -4.2067669e-04  -2.1468293e-03
   2.0417432e-05  -8.3845398e-04  -1.6207097e-04  -2.0492462e-03
  -5.0799090e-05  -6.8115705e-04  -1.4707934e-04  -2.0755186e-03
  -5.4547328e-05  -4.9015364e-04  -4.0568506e-04  -1.8465736e-03
   7.2892764e-05  -6.3996024e-04  -4.5885793e-05  -1.9216375e-03
   8.0389240e-05  -7.5606035e-04  -2.3702915e-04  -2.1843613e-03
  -9.2029708e-05  -5.4258595e-04   3.6263629e-04  -1.9554163e-03
  -3.5806138e-05  -8.1972816e-04   2.0147620e-04  -1.8390672e-03
  -4.2187465e-04  -9.4706377e-04   2.0897202e-04  -2.0417398e-03
  -2.5320394e-04  -6.6617639e-04   4.6008192e-04  -1.9591695e-03
   2.6780114e-04  -6.1748925e-04  -1.0690650e-03  -2.0229738e-03
  -1.1077090e-04  -7.4857002e-04   1.4008071e-03  -2.1130505e-03
  -2.0813186e-05  -6.7741189e-04  -2.5719765e-03  -2.0042078e-03
  -5.3057355e-04  -6.6617639e-04   5.1037412e-03  -2.3119700e-03
  -1.5949799e-04  -8.6467014e-04   7.3679232e-02   6.0426408e-04
   2.2543673e-03  -7.4482486e-04   1.3772725e-01   4.5338613e-03
   6.5610927e-03  -2.1301143e-04   8.0474191e-02   5.7236248e-03
   3.9972980e-03   6.4130785e-05  -8.4561936e-03   5.9187910e-03
  -3.9677078e-03  -3.6656319e-04   1.1309576e-03   1.5012782e-03
   4.1547239e-03  -1.0406929e-03  -4.0524005e-03  -7.1385813e-03
   1.0099523e-03  -6.3246991e-04  -1.0398290e-01  -1.0219956e-02
  -2.4204445e-02   1.5443640e-05  -1.7990054e-01  -5.2244509e-03
  -2.5932382e-02  -1.4976030e-03  -1.7013349e-01  -5.1906721e-03
  -1.7004080e-02  -2.9057851e-03  -1.2488124e-01  -9.1502949e-03
  -2.5666258e-02  -3.0481013e-03  -9.1491117e-02  -6.3166312e-03
  -2.4560527e-02  -2.5874460e-03  -5.6185815e-02  -4.3011644e-03
  -4.6161530e-03  -1.7485291e-03  -7.5267122e-03  -5.5885110e-03
   7.2095379e-03  -1.9133163e-03   3.0938078e-02  -3.2465160e-03
   9.6683820e-03  -1.6286838e-03   6.0700223e-02   8.6698788e-04
   1.0181891e-02  -2.2803425e-03   8.5623818e-02   2.7961311e-03
   1.1688682e-02  -2.5275234e-03   1.0311906e-01   2.4958754e-03
   1.7535934e-02  -6.8490222e-04   9.5713189e-02   1.8240531e-03
   1.8765356e-02   6.4130785e-05   5.5486882e-02   4.1322693e-03
   1.9687422e-02   1.0266382e-03   1.4196168e-02   2.8561823e-03
   1.4702266e-02   7.9069279e-04  -1.3343467e-02  -4.4850710e-03
  -2.2622595e-03  -4.4521166e-04  -2.9553173e-02  -7.2661900e-03
  -9.3539258e-03  -3.2911154e-04  -3.3432259e-02  -6.1777629e-03
  -1.8012262e-03  -5.9501826e-04  -2.3372871e-02  -5.8925199e-03
   5.2716989e-03  -7.3733453e-04  -5.9975653e-03  -6.1514905e-03
   2.7913908e-05  -3.9277935e-04   1.6744044e-03  -5.5997706e-03
  -2.7382857e-03   6.2965070e-04   8.1238537e-04  -3.2953076e-03
   8.8512662e-03   7.4200565e-04   7.2993137e-04  -2.1168037e-03
   1.2873126e-02  -1.0406929e-03   3.2890511e-04  -8.7074234e-04
   1.9282706e-03  -2.0294164e-03  -1.9423277e-03   2.0192194e-03
  -6.2578812e-03  -1.2878738e-03   2.7088273e-03   1.7527424e-03
   3.7349213e-03  -1.1081059e-03   1.1385237e-02  -1.0734150e-03
   1.3858912e-02  -1.5013482e-03   8.2557326e-03  -1.9516631e-03
   6.2687302e-03  -3.0664055e-04   1.1496972e-03  -1.4262155e-03
  -6.1641753e-03   4.6486344e-04   3.6533004e-03  -2.1092973e-03
  -8.9641091e-03   5.9968938e-04   1.1606363e-02  -4.9654803e-03
  -1.9474075e-03  -3.2821850e-06   1.0332074e-02  -5.5885110e-03
   3.1652823e-04  -1.2691480e-03  -2.1409669e-03  -2.5596810e-03
  -2.2435183e-03  -9.9575091e-04  -7.0357361e-03  -1.5050326e-03
  -3.4841851e-03  -4.5644715e-04  -1.5712848e-03  -2.7248217e-03
  -2.5846080e-03  -2.0926626e-04  -5.2217481e-03  -1.9591695e-03
   2.9065607e-03  -2.9540506e-04  -1.5757120e-02   4.7290219e-04
   8.4239670e-03  -8.0474750e-04  -1.4306680e-02   2.7398275e-04
   4.5707784e-03  -7.8602167e-04  -7.2306273e-03  -2.2519188e-03
  -6.3290977e-03  -4.3397616e-04  -6.3798520e-03  -2.7248217e-03
  -8.4506004e-03  -5.6880210e-04  -1.0427594e-02  -2.1543357e-03
  -2.8769705e-03  -1.2803834e-03  -1.1345831e-02  -2.5671874e-03
   7.7381327e-04  -1.6586451e-03  -2.1522107e-03  -4.5939138e-03
  -2.6145939e-03  -1.0743994e-03   1.6481691e-03  -5.9413115e-03
  -9.6912672e-03  -4.4146649e-04  -9.0708507e-03  -3.1752053e-03
  -4.9722356e-03  -9.2459278e-04  -1.5191186e-02  -1.0734150e-03
   4.9793363e-03  -1.4226997e-03  -1.0708687e-02  -1.8953651e-03
   3.2289092e-03  -9.8451542e-04  -8.1788483e-03  -2.0642590e-03
  -3.6003805e-03  -5.4633111e-04  -1.1788085e-02  -6.6056330e-04
  -1.0065998e-03  -6.9988288e-04  -1.2159128e-02   4.8790929e-05
   6.9396648e-03  -1.1717737e-03  -4.2435439e-03  -1.7114585e-03
   3.8398720e-03  -1.0144767e-03   1.2996135e-03  -2.9612731e-03
  -5.7556173e-03  -7.1860870e-04   3.3422239e-03  -2.6910429e-03
  -6.1679235e-03  -1.3852481e-03   8.3981532e-03  -3.6255889e-03
   2.7904585e-04  -1.8533937e-03   1.2697005e-02  -4.5451222e-03
   2.6479323e-03  -1.0406929e-03   1.1715053e-02  -3.5655378e-03
   7.6641002e-05  -8.1930650e-05   8.2669764e-03  -2.0154674e-03
   7.5132384e-04  -2.9498340e-05   8.1545391e-03  -1.4787603e-03
   4.0835074e-03  -2.6918890e-04   9.1739703e-03  -1.9967014e-03
   4.4171006e-03  -6.8115705e-04   5.4410530e-03  -1.1034405e-03
   3.0414973e-03  -5.3509562e-04   1.4945048e-03  -7.5070260e-06
   2.1419201e-03  -4.5644715e-04   3.2897532e-03  -9.5331267e-04
   1.4484961e-03  -1.1155962e-03   6.2880804e-03  -2.0905314e-03
   1.3286457e-04  -7.8976684e-04   5.7371378e-03  -2.6122257e-03
  -1.4563883e-03  -5.5756661e-04   3.0873661e-03  -2.1130505e-03
  -1.8012262e-03  -6.0250859e-04   2.7987771e-03  -2.2594252e-03
  -1.4976190e-03  -5.5382144e-04   5.2124305e-03  -3.2427628e-03
  -1.9249181e-03  -5.3135045e-04   4.8151522e-03  -3.2127373e-03
  -1.1715223e-03  -3.5158253e-04   8.9109146e-04  -2.4996298e-03
   4.3647185e-04  -5.6880210e-04  -1.7699239e-03  -1.3699175e-03
   1.2123571e-03  -4.0401484e-04  -2.1746981e-03  -1.2010237e-03
   1.2236018e-03  -6.4370540e-04  -3.1866335e-03  -1.4112027e-03
   6.3512846e-04  -1.0219671e-03  -4.8731926e-03  -1.0921810e-03
   4.8145071e-04  -9.7327992e-04  -5.4728580e-03  -1.2085301e-03
  -4.5935703e-04  -1.0818897e-03  -4.5058975e-03  -1.3699175e-03
  -2.2622595e-03  -7.4857002e-04  -2.9167841e-03  -1.8503268e-03
  -2.4571679e-03  -6.5868606e-04  -2.5045141e-03  -2.5634342e-03
  -1.4264024e-03  -6.9988288e-04  -2.0472692e-03  -2.7210685e-03
  -1.3589342e-03  -6.2872474e-04  -8.7042577e-04  -2.7398344e-03
  -2.6408315e-03  -8.9837662e-04  -3.7195388e-04  -2.8299112e-03
  -3.2368014e-03  -9.6953476e-04  -1.3651498e-03  -2.4696043e-03
  -1.3589342e-03  -7.2235387e-04  -2.8530696e-03  -1.9441567e-03
   8.9000865e-04  -8.2347332e-04  -3.0479609e-03  -1.6589137e-03
   7.2133794e-04  -9.8077025e-04  -3.2540959e-03  -1.5125390e-03
  -3.5065813e-04  -9.3582827e-04  -3.1753898e-03  -1.3323856e-03
  -3.9938522e-04  -1.1043607e-03  -2.2646479e-03  -1.4374751e-03
   1.0287867e-04  -1.0669090e-03  -1.1852501e-03  -1.8090416e-03
  -4.1812641e-04  -1.2054801e-03   4.5633401e-04  -1.7302244e-03
  -1.9136734e-03  -1.2841286e-03   2.0192121e-03  -2.2293996e-03
  -2.2285254e-03  -1.1193414e-03   3.4621570e-03  -2.8411708e-03
  -7.9669845e-04  -9.8451542e-04   3.7132669e-03  -2.6647705e-03
   2.1907405e-04  -1.0556735e-03   3.3871989e-03  -2.4208127e-03
  -1.4825328e-04  -1.3103448e-03   3.2710137e-03  -2.1430761e-03
  -5.8295566e-05  -1.0069864e-03   2.9674330e-03  -2.0417398e-03
   4.4771656e-04  -1.2654028e-03   1.8055813e-03  -1.6589137e-03
   5.4891899e-04  -1.3964836e-03  -1.9955006e-04  -1.1484789e-03
   6.4637318e-04  -1.2204608e-03   2.7268647e-04  -1.2685812e-03
   5.6766018e-04  -1.3927384e-03   9.3606636e-04  -1.5500710e-03
   1.2911633e-04  -9.7702509e-04   1.5169923e-03  -1.5463178e-03
  -2.0072861e-04  -7.4482486e-04   2.1241535e-03  -2.0192206e-03
  -8.0794317e-04  -7.7478618e-04   1.5657151e-03  -2.1580889e-03
  -1.6550450e-03  -9.8451542e-04   1.1640094e-02  -1.8090416e-03
  -1.7000238e-03  -7.1486354e-04   2.9776226e-02  -1.7865224e-03
  -1.1640258e-03  -5.6880210e-04   3.7406969e-02  -3.1902238e-04
  -1.1451914e-04  -1.0818897e-03   3.5120744e-02   5.1418736e-04
  -2.7569337e-04  -7.6729585e-04   2.7186421e-02  -7.1311375e-05
  -1.1003057e-03  -5.3135045e-04   1.2310970e-02  -2.4771163e-04
  -2.5471256e-03  -7.4482486e-04  -7.4742414e-03  -3.7156714e-04
  -3.1093613e-03  -7.9725717e-04  -2.5640356e-02  -1.0659086e-03
   9.6122517e-04  -1.0968704e-03  -3.4560380e-02  -4.1210109e-03
  -1.0403339e-03  -9.7702509e-04  -4.1040514e-02  -5.1756593e-03
  -9.0653115e-03  -4.9764397e-04  -4.5774124e-02  -2.9162347e-03
  -8.4243628e-03  -9.1335728e-04  -3.8379499e-02  -3.0288306e-03
  -2.7232928e-03  -1.3815029e-03  -2.4201159e-02  -4.3687219e-03
  -3.1355990e-03  -1.3328158e-03  -1.5952012e-02  -4.0009086e-03
  -6.9700464e-03  -1.1530478e-03  -1.2934945e-02  -2.2594252e-03
  -3.1693331e-03  -1.2354415e-03  -4.4271914e-03  -1.2986068e-03
   3.9598156e-03  -1.2429318e-03   8.4881030e-03  -1.7640032e-03
   3.8698579e-03  -7.0737321e-04   1.5740307e-02  -9.9084464e-04
   1.0811688e-03  -5.6505694e-04   1.9282081e-02   3.3403390e-04
   2.7866171e-03  -7.6729585e-04   2.5541089e-02  -2.3645204e-04
   5.4441178e-03  -1.0481832e-03   2.9401435e-02  -1.1597385e-03
   3.4200693e-03  -9.8077025e-04   2.4750280e-02  -1.0959342e-03
   1.5946774e-03  -7.3733453e-04   1.6347468e-02  -1.2723344e-03
   1.8383129e-03  -5.2011496e-04   8.7429608e-03  -2.3457488e-03
   1.6846351e-03  -5.5382144e-04   1.0972265e-03  -3.2765416e-03
   1.1186512e-03  -6.9988288e-04  -5.8963717e-03  -3.4979802e-03
  -4.1437818e-04  -3.8903418e-04  -1.0292669e-02  -3.2765416e-03
   2.5655643e-04  -6.4745057e-04  -1.0420098e-02  -2.6760301e-03
   1.9807459e-03  -7.1486354e-04  -7.6354015e-03  -2.6572641e-03
   1.9919906e-03  -5.2760529e-04  -5.5965390e-03  -2.3495020e-03
   7.6256856e-04  -5.0513430e-04  -3.5651723e-03  -1.5688370e-03
   1.4709855e-03  -5.8752793e-04   1.1084702e-03  -2.2631784e-03
   3.0677349e-03  -9.4706377e-04   4.8338917e-03  -2.6760301e-03
   6.6886261e-04  -8.4594431e-04   4.5340590e-03  -2.3757743e-03
  -6.2427950e-04  -7.0362804e-04   3.9268977e-03  -2.3607615e-03
  -4.3311937e-04  -6.9613771e-04   4.7889168e-03  -2.4057999e-03
  -7.6296431e-04  -9.3957344e-04   5.4073218e-03  -2.6647705e-03
  -4.4811232e-04  -1.0406929e-03   4.9238415e-03  -2.5296554e-03
  -9.6911740e-04  -8.3096365e-04   3.1998034e-03  -2.3157232e-03
  -7.7036756e-05  -6.8115705e-04   1.6069421e-03  -1.9629227e-03
   1.3060631e-03  -3.7030836e-04   1.1759325e-03  -1.9666759e-03
   1.3997690e-03  -3.9277935e-04  -1.1140399e-03  -1.5650838e-03
   9.7246988e-04  -4.9764397e-04  -2.4857746e-03  -1.3398920e-03
   1.7409519e-04  -4.3772133e-04  -1.9535715e-03  -1.7827692e-03
  -6.7675484e-04  -4.6768265e-04  -3.1116754e-03  -1.4036963e-03
  -1.2802212e-03  -4.9015364e-04  -2.7293886e-03  -2.0867782e-03
  -8.8290793e-04  -8.1598299e-04  -3.2053731e-03  -2.3495020e-03
  -9.8411035e-04  -7.6355068e-04  -3.9062321e-03  -2.3945403e-03
  -1.8124709e-03  -6.0250859e-04  -3.4077602e-03  -2.7848728e-03
  -1.5613390e-03  -9.8451542e-04  -4.1123671e-03  -2.0417398e-03
  -5.7555241e-04  -8.4594431e-04  -2.9205320e-03  -2.2856976e-03
  -5.8202340e-06  -7.6355068e-04  -2.7331365e-03  -2.2969572e-03
  -2.6070042e-04  -8.6841530e-04  -3.5089537e-03  -1.7489904e-03
   1.6762420e-06  -7.4107969e-04  -3.0217255e-03  -1.7902756e-03
   4.1023418e-04  -1.0893800e-03  -3.7188366e-03  -1.6964457e-03
  -1.8198742e-04  -1.3852481e-03  -3.4864663e-03  -1.9216375e-03
  -9.3538326e-04  -1.0182219e-03  -2.9130362e-03  -2.0529994e-03
  -1.4938707e-03  -1.0144767e-03  -2.1072357e-03  -2.1918677e-03
  -1.1490328e-03  -1.1268317e-03  -3.3822270e-04  -2.7060557e-03
  -8.0794317e-04  -7.5606035e-04  -6.1182005e-04  -2.3945403e-03
  -1.0590751e-03  -7.6355068e-04  -6.0432423e-04  -2.1280633e-03
  -7.7046079e-04  -7.0362804e-04  -1.6956679e-04  -2.4433319e-03
  -4.9309117e-04  -4.8266331e-04  -2.2578543e-04  -2.4170595e-03
  -2.8318985e-04  -6.5494090e-04   1.5650129e-04  -2.1731017e-03
   2.8279409e-04  -8.2721849e-04  -2.1454170e-04  -1.6701733e-03
   7.1384146e-04  -6.3996024e-04   2.5019902e-04  -1.5725902e-03
   8.2628860e-04  -8.0849266e-04   9.2857055e-04  -1.9066247e-03
   7.4757560e-04  -8.7216047e-04   1.2059158e-03  -2.0492462e-03
   4.8519894e-04  -6.1374408e-04   1.4982527e-03  -1.9591695e-03
   4.7770247e-04  -9.6204443e-04   1.6819003e-03  -1.8540799e-03
   3.2402471e-04  -1.0032412e-03   2.5551631e-03  -2.2031273e-03
  -4.7050852e-05  -1.0069864e-03   2.6863399e-03  -2.3495020e-03
   1.4410929e-04  -1.2017350e-03   2.4539695e-03  -2.1468293e-03
   5.0768837e-04  -1.0556735e-03   2.2703220e-03  -2.4395787e-03
   6.3887670e-04  -9.3957344e-04   2.1091619e-03  -2.2444124e-03
   2.0033286e-04  -9.2833794e-04   1.8130771e-03  -1.7001989e-03
   1.9658462e-04  -9.1335728e-04   8.4236864e-04  -1.8240544e-03
   7.3633089e-04  -6.9613771e-04   5.0880474e-04  -1.9253907e-03
   8.4502979e-04  -6.3996024e-04   2.6519065e-04  -1.9854418e-03
   5.7890489e-04  -7.5980552e-04  -1.9205424e-04  -1.7640032e-03
  -1.3326033e-04  -6.6992156e-04  -3.0074361e-04  -1.8052884e-03
  -4.1812641e-04  -6.9988288e-04  -4.4316415e-04  -2.2669316e-03
  -3.6939932e-04  -6.8115705e-04  -4.8439115e-04  -2.0792718e-03
  -5.7555241e-04  -6.2497958e-04  -6.8303032e-04  -1.9666759e-03
  -8.5292202e-04  -6.7741189e-04  -1.3014353e-03  -2.1693485e-03
  -6.6925836e-04  -6.3621507e-04  -1.5900243e-03  -2.1768549e-03
  -4.8184646e-04  -8.4219915e-04  -1.9460757e-03  -2.0417398e-03
  -8.0794317e-04  -6.5868606e-04  -2.4033206e-03  -1.7001989e-03
  -6.6551012e-04  -4.3023100e-04  -2.0772525e-03  -1.8540799e-03
  -2.5695218e-04  -9.0212179e-04  -2.2009335e-03  -2.0529994e-03
   1.6285048e-04  -9.2084761e-04  -2.8230864e-03  -1.7377308e-03
   1.5910224e-04  -8.3096365e-04  -3.0704484e-03  -1.9591695e-03
  -7.3288518e-05  -1.0294574e-03  -2.8305822e-03  -2.2068805e-03
  -1.4450504e-04  -7.9725717e-04  -2.0060422e-03  -2.0942846e-03
  -4.7809822e-04  -7.4107969e-04  -1.6949658e-03  -1.9141311e-03
  -5.2307708e-04  -9.7327992e-04  -1.5150661e-03  -2.0830250e-03
  -5.5681122e-04  -9.2459278e-04  -8.9291323e-04  -2.5596810e-03
  -3.6565108e-04  -8.7965080e-04  -5.6684514e-04  -2.4470851e-03
   6.9144526e-05  -8.7216047e-04  -5.3686187e-04  -2.0567526e-03
   1.4785752e-04  -9.6953476e-04  -6.3430751e-04  -2.1355697e-03
   5.5641547e-04  -7.6355068e-04  -5.9308051e-04  -2.0117142e-03
   5.0768837e-04  -5.7254727e-04  -1.1334816e-04  -1.5913562e-03
   6.9144526e-05  -9.1335728e-04   2.5769484e-04  -2.0267270e-03
   2.7154938e-04  -7.6355068e-04   2.8393020e-04  -2.0642590e-03
   2.7529762e-04  -7.5606035e-04   5.1255265e-04  -1.9967014e-03
   2.0782933e-04  -7.7478618e-04   1.0634953e-03  -2.4771107e-03
   4.2906860e-05  -6.6243123e-04   1.5244881e-03  -2.2444124e-03
  -1.1077090e-04  -8.8714113e-04   1.4195466e-03  -2.3832807e-03
  -2.0813186e-05  -8.4594431e-04   1.3071094e-03  -2.4996298e-03
  -1.8573566e-04  -8.9837662e-04   1.4420341e-03  -2.3344892e-03
   1.0287867e-04  -7.6729585e-04   1.2733782e-03  -2.6122257e-03
   3.2027647e-04  -7.0362804e-04   7.1493973e-04  -2.2932040e-03
  -1.7064948e-05  -7.5980552e-04   3.1766138e-04  -2.0379866e-03
   4.6655098e-05  -6.8115705e-04   3.4764465e-04  -2.1580889e-03
   2.9403881e-04  -9.6204443e-04   1.0028266e-04  -2.1993741e-03
   8.0389240e-05  -1.0069864e-03  -2.4452497e-04  -2.2256465e-03
  -1.1451914e-04  -6.7366672e-04  -2.3328124e-04  -2.0379866e-03
  -2.3446275e-04  -6.9988288e-04  -2.8200406e-04  -2.2519188e-03
  -3.9188875e-04  -7.8976684e-04  -4.5440787e-04  -2.5071362e-03
