  -3.9938522e-04  -8.8714113e-04  -9.0860701e-05  -2.0417398e-03
  -5.0799090e-05  -9.6578959e-04   1.0332842e-05  -2.1092973e-03
  -9.2029708e-05  -7.8227651e-04  -1.0210443e-04  -1.8165480e-03
  -3.2816870e-04  -7.4482486e-04  -1.7706261e-04  -2.1318165e-03
  -3.3191694e-04  -9.6578959e-04  -9.0860701e-05  -1.8953651e-03
  -2.5320394e-04  -8.8714113e-04  -1.9205424e-04  -1.8728459e-03
  -3.9554376e-05  -7.2984420e-04  -2.9699570e-04  -1.9779355e-03
  -1.3700856e-04  -8.6092497e-04  -1.2154612e-05  -1.6814329e-03
  -1.6699447e-04  -8.7216047e-04  -9.4608610e-05  -1.8803523e-03
   9.1633954e-05  -7.8602167e-04  -3.9069342e-04  -1.7527436e-03
  -2.8309662e-05  -7.9725717e-04  -3.4571851e-04  -1.9779355e-03
  -6.5792042e-05  -7.2984420e-04  -1.2833979e-04  -2.0942846e-03
  -5.8202340e-06  -5.8752793e-04   1.4080751e-05  -1.9516631e-03
  -1.7449094e-04  -5.3884078e-04  -1.4333143e-04  -2.0980378e-03
  -1.1077090e-04  -7.4857002e-04  -2.7825615e-04  -2.0454930e-03
  -2.0822509e-04  -7.4107969e-04  -2.6701242e-04  -2.0529994e-03
  -1.1826737e-04  -7.5606035e-04  -2.5202079e-04  -2.0229738e-03
  -2.8309662e-05  -1.0182219e-03  -2.9324779e-04  -2.0417398e-03
  -1.0327442e-04  -8.0849266e-04  -2.1079379e-04  -1.9591695e-03
   9.5382192e-05  -7.5980552e-04  -6.4625338e-05  -1.8765991e-03
  -1.5574975e-04  -8.2347332e-04  -2.1079379e-04  -1.9516631e-03
  -2.8318985e-04  -6.6992156e-04  -2.9324779e-04  -1.9779355e-03
  -2.0822509e-04  -7.4107969e-04  -2.5951661e-04  -2.1205569e-03
  -1.8948390e-04  -7.2609903e-04  -2.2578543e-04  -2.0529994e-03
  -9.2029708e-05  -8.9837662e-04  -1.3958352e-04  -2.1017910e-03
  -6.5792042e-05  -8.7965080e-04  -1.7706261e-04  -2.2331528e-03
   5.4244800e-06  -7.0362804e-04  -3.1198733e-04  -2.0004546e-03
  -7.7036756e-05  -8.9463146e-04  -3.5696224e-04  -2.0154674e-03
  -2.1572156e-04  -7.7853134e-04  -4.2137884e-05  -2.2068805e-03
  -2.8318985e-04  -7.5980552e-04  -1.6207097e-04  -2.1543357e-03
  -2.0072861e-04  -9.3582827e-04  -2.7825615e-04  -2.1355697e-03
  -5.0799090e-05  -7.6355068e-04   4.0316114e-05  -2.2031273e-03
  -1.4825328e-04  -6.9988288e-04  -2.1828961e-04  -2.1881145e-03
  -1.7823918e-04  -8.4219915e-04  -3.5321433e-04  -2.2932040e-03
   1.4785752e-04  -7.4857002e-04  -1.8455843e-04  -2.2894508e-03
  -6.5792042e-05  -8.6467014e-04  -1.4707934e-04  -2.1468293e-03
  -3.5815461e-04  -8.8714113e-04  -1.5902521e-05  -2.1806081e-03
  -9.9526184e-05  -6.9613771e-04  -9.0860701e-05  -2.2669316e-03
  -9.5777946e-05  -1.0481832e-03  -3.3072688e-04  -2.3232296e-03
  -9.9526184e-05  -9.1710245e-04  -1.6956679e-04  -2.1505825e-03
  -1.2576385e-04  -7.1486354e-04  -2.6701242e-04  -2.1655953e-03
  -1.5949799e-04  -8.5343464e-04  -2.9699570e-04  -2.1768549e-03
   8.4137478e-05  -7.9725717e-04  -3.0894157e-05  -1.6926925e-03
   1.7409519e-04  -8.1223783e-04  -2.9324779e-04  -1.5838498e-03
   8.0389240e-05  -6.7741189e-04  -8.3364883e-05  -1.9591695e-03
  -7.3288518e-05  -8.2721849e-04  -4.6587940e-06  -2.0905314e-03
  -1.2951209e-04  -8.3470882e-04  -1.4333143e-04  -1.9253907e-03
   7.2892764e-05  -6.2123441e-04   1.0777848e-04  -1.9216375e-03
   1.6285048e-04  -7.7853134e-04  -4.9633702e-05  -2.0454930e-03
   5.0403336e-05  -1.0669090e-03  -1.4707934e-04  -1.9291439e-03
   5.4244800e-06  -8.1598299e-04  -9.4608610e-05  -1.8503268e-03
   1.6762420e-06  -4.1899550e-04  -2.7146248e-05  -2.0642590e-03
  -4.7050852e-05  -8.6467014e-04  -1.3958352e-04  -2.0792718e-03
  -8.8281470e-05  -7.6355068e-04  -2.1828961e-04  -1.8127948e-03
  -6.5792042e-05  -5.9127309e-04  -1.4707934e-04  -1.9103779e-03
   6.5396288e-05  -8.1972816e-04  -3.2697897e-04  -1.9891950e-03
   2.4905995e-04  -7.5980552e-04  -1.5457515e-04  -1.8841055e-03
   3.1662146e-05  -7.6355068e-04  -3.4642066e-05  -1.8615863e-03
  -1.3326033e-04  -5.6880210e-04  -2.6701242e-04  -1.7940288e-03
  -2.0072861e-04  -7.4107969e-04  -6.4625338e-05  -1.9479099e-03
  -3.4690989e-04  -8.3470882e-04   8.1543113e-05  -2.0454930e-03
  -9.9526184e-05  -7.7853134e-04  -1.2459188e-04  -1.8728459e-03
  -1.8573566e-04  -9.8826058e-04  -2.0329797e-04  -1.8991183e-03
  -1.4825328e-04  -7.7478618e-04  -2.7076033e-04  -2.1280633e-03
  -6.5792042e-05  -6.3246991e-04  -3.4946642e-04  -1.9591695e-03
  -3.1317575e-04  -8.4219915e-04  -1.8455843e-04  -1.9629227e-03
  -2.1197332e-04  -7.1486354e-04  -1.7706261e-04  -2.1956209e-03
  -3.3566518e-04  -8.3096365e-04  -4.5815578e-04  -2.1243101e-03
  -2.3821099e-04  -9.8826058e-04  -2.9699570e-04  -2.2519188e-03
  -1.6699447e-04  -6.5868606e-04  -2.5576870e-04  -2.0042078e-03
  -2.1572156e-04  -9.1710245e-04  -3.9069342e-04  -1.9591695e-03
  -2.0813186e-05  -1.0519284e-03  -2.0704588e-04  -2.1618421e-03
  -2.8318985e-04  -7.5606035e-04  -2.7076033e-04  -2.1017910e-03
  -2.2321804e-04  -7.4482486e-04  -3.0074361e-04  -2.3044636e-03
  -2.0072861e-04  -1.1380672e-03  -2.2953333e-04  -2.1318165e-03
  -3.4316165e-04  -1.2167156e-03  -1.3583561e-04  -2.1205569e-03
  -2.1197332e-04  -8.1223783e-04  -2.7450824e-04  -2.3044636e-03
  -5.4181827e-04  -7.7853134e-04  -2.2953333e-04  -2.2031273e-03
  -3.2816870e-04  -8.0100233e-04  -1.3958352e-04  -2.3645147e-03
   9.1727180e-06  -1.0219671e-03  -3.5696224e-04  -2.3682679e-03
  -2.9818280e-04  -9.3208311e-04  -5.7129520e-05  -1.9666759e-03
  -2.7944161e-04  -7.6729585e-04  -1.9205424e-04  -2.1168037e-03
  -1.9323213e-04  -1.0931252e-03  -2.4452497e-04  -2.2631784e-03
  -1.5200152e-04  -8.3096365e-04  -1.8455843e-04  -1.8052884e-03
  -1.6324623e-04  -7.3358936e-04  -3.1948315e-04  -2.0304802e-03
  -5.0799090e-05  -8.8714113e-04  -3.0894157e-05  -2.0755186e-03
  -1.3326033e-04  -7.1111837e-04  -2.6326452e-04  -1.8353140e-03
  -8.8281470e-05  -9.1710245e-04  -1.9580215e-04  -1.8653395e-03
   1.5535400e-04  -1.0743994e-03  -2.2953333e-04  -1.8203012e-03
  -3.1317575e-04  -8.0849266e-04  -2.8575197e-04  -2.0042078e-03
  -1.7823918e-04  -4.9015364e-04   4.4064023e-05  -1.7790160e-03
   1.6669194e-05  -7.3358936e-04  -3.8389975e-05  -1.8916119e-03
  -1.0702266e-04  -1.0069864e-03   4.4064023e-05  -2.1168037e-03
  -6.9540280e-05  -7.0362804e-04  -3.2323106e-04  -1.8653395e-03
  -1.8948390e-04  -6.7741189e-04  -2.6701242e-04  -1.9516631e-03
  -3.9554376e-05  -8.3470882e-04  -1.0960025e-04  -2.1655953e-03
  -8.0784994e-05  -8.2721849e-04  -3.1198733e-04  -2.1318165e-03
  -2.8309662e-05  -6.9988288e-04   1.7828660e-05  -1.9704291e-03
   9.1633954e-05  -8.1223783e-04  -2.4077706e-04  -2.1355697e-03
  -1.7823918e-04  -9.2459278e-04  -1.0210443e-04  -2.1205569e-03
  -3.6939932e-04  -7.9351200e-04   8.5291022e-05  -2.0867782e-03
  -2.2696628e-04  -8.7965080e-04  -1.9580215e-04  -2.1956209e-03
  -1.8573566e-04  -8.2347332e-04  -1.8081052e-04  -2.1130505e-03
  -9.5777946e-05  -9.2833794e-04  -2.2203752e-04  -2.0830250e-03
   3.9158622e-05  -9.0961212e-04   2.9072387e-05  -2.0004546e-03
  -1.4450504e-04  -8.4219915e-04  -2.2578543e-04  -1.9328971e-03
  -5.8202340e-06  -9.8077025e-04  -3.0449151e-04  -1.9666759e-03
   2.7913908e-05  -7.3358936e-04  -1.9650430e-05  -2.0454930e-03
  -8.8281470e-05  -9.7327992e-04  -9.4608610e-05  -2.1092973e-03
  -6.5792042e-05  -1.0182219e-03   6.2803568e-05  -2.3119700e-03
  -6.9540280e-05  -9.3208311e-04  -1.3208770e-04  -2.0454930e-03
  -5.4547328e-05  -9.6953476e-04  -2.2953333e-04  -1.9629227e-03
  -1.8573566e-04  -6.7366672e-04  -2.7146248e-05  -2.3720211e-03
  -2.5320394e-04  -8.6092497e-04   3.2820296e-05  -2.2031273e-03
  -2.7944161e-04  -7.6729585e-04  -1.5082725e-04  -2.2444124e-03
  -1.1826737e-04  -9.0586695e-04  -1.9955006e-04  -2.2143869e-03
   1.6669194e-05  -9.4331860e-04  -6.8373247e-05  -2.1843613e-03
  -1.8573566e-04  -7.2984420e-04  -3.0823942e-04  -2.2556720e-03
  -8.0784994e-05  -9.1335728e-04  -1.6956679e-04  -2.0117142e-03
  -7.7036756e-05  -7.1860870e-04  -1.9955006e-04  -2.2744380e-03
  -3.1692399e-04  -9.9200575e-04  -3.1573524e-04  -2.3157232e-03
   3.9158622e-05  -7.6729585e-04  -7.2121156e-05  -2.0492462e-03
   1.5910224e-04  -4.3772133e-04  -3.0074361e-04  -2.0529994e-03
  -3.2057900e-05  -7.6729585e-04  -2.1079379e-04  -2.0154674e-03
   3.5410384e-05  -5.1262463e-04   1.8273666e-04  -2.0717654e-03
  -1.7449094e-04  -5.3135045e-04  -6.8373247e-05  -2.0417398e-03
  -1.1826737e-04  -6.6243123e-04  -2.6701242e-04  -2.0417398e-03
   2.6780114e-04  -7.5231519e-04   2.1576569e-05  -1.9216375e-03
   5.4244800e-06  -8.3096365e-04  -6.0877429e-05  -1.9516631e-03
  -2.0813186e-05  -6.8115705e-04  -2.7450824e-04  -2.3044636e-03
   1.2161986e-04  -7.2984420e-04  -1.0960025e-04  -2.0717654e-03
  -1.4825328e-04  -6.0250859e-04  -9.8356519e-05  -1.9591695e-03
   8.7885716e-05  -5.8378276e-04  -2.0704588e-04  -1.9516631e-03
   1.6669194e-05  -8.5717981e-04  -1.6581888e-04  -1.7902756e-03
  -1.4075680e-04  -1.0032412e-03  -1.4333143e-04  -1.8052884e-03
  -1.6699447e-04  -6.3996024e-04   6.5849330e-06  -1.8315608e-03
  -2.0822509e-04  -6.0625375e-04   1.6399711e-04  -1.9066247e-03
  -9.9526184e-05  -1.0481832e-03  -1.1334816e-04  -1.7039521e-03
  -1.4075680e-04  -8.0849266e-04  -3.0449151e-04  -1.9253907e-03
  -4.7050852e-05  -8.0100233e-04  -1.9580215e-04  -2.0454930e-03
  -2.2696628e-04  -7.3733453e-04  -7.5869065e-05  -1.8540799e-03
  -2.3071451e-04  -6.1374408e-04  -9.0860701e-05  -2.0642590e-03
  -2.4561424e-05  -1.0257122e-03  -4.3566833e-04  -1.8503268e-03
  -6.2043804e-05  -8.6092497e-04  -4.3566833e-04  -1.9404035e-03
   3.5410384e-05  -6.9239255e-04  -2.2953333e-04  -2.1731017e-03
   4.6655098e-05  -7.8976684e-04  -3.0823942e-04  -1.8878587e-03
  -4.0313346e-04  -9.3208311e-04  -2.2578543e-04  -2.0004546e-03
  -2.3071451e-04  -8.5717981e-04  -2.1454170e-04  -2.1768549e-03
   2.4165670e-05  -6.3621507e-04  -2.8949988e-04  -1.9929482e-03
  -3.5815461e-04  -8.7216047e-04  -1.8081052e-04  -1.9066247e-03
  -8.4533232e-05  -8.6467014e-04  -1.8830634e-04  -2.2068805e-03
  -5.4547328e-05  -8.0849266e-04  -2.7450824e-04  -2.2481656e-03
  -3.2442046e-04  -8.3096365e-04  -2.9699570e-04  -1.7640032e-03
  -4.1437818e-04  -8.2721849e-04  -3.4946642e-04  -2.0154674e-03
  -3.0942751e-04  -8.4594431e-04  -3.6071015e-04  -2.3307360e-03
  -1.7074271e-04  -8.8339596e-04  -1.9205424e-04  -1.8953651e-03
  -5.2307708e-04  -9.3582827e-04  -3.0823942e-04  -2.0079610e-03
  -3.6190284e-04  -6.8490222e-04  -5.0687860e-04  -1.9554163e-03
  -1.3326033e-04  -8.6841530e-04  -2.4452497e-04  -1.9216375e-03
  -2.6819689e-04  -9.9949608e-04  -1.5082725e-04  -2.2481656e-03
  -1.5574975e-04  -8.5717981e-04  -3.6820597e-04  -2.0717654e-03
  -2.3446275e-04  -1.0182219e-03  -2.8949988e-04  -2.3044636e-03
  -4.2937113e-04  -9.3957344e-04  -1.4707934e-04  -2.0605058e-03
  -3.8439227e-04  -8.7216047e-04  -2.5202079e-04  -1.8428204e-03
  -2.2321804e-04  -8.2721849e-04  -1.0585234e-04  -2.1168037e-03
   3.5410384e-05  -8.2721849e-04   3.6568205e-05  -1.9253907e-03
  -5.0799090e-05  -9.6204443e-04   5.1559841e-05  -1.9554163e-03
  -2.1572156e-04  -7.8976684e-04  -6.4625338e-05  -1.8090416e-03
  -1.2951209e-04  -8.1598299e-04  -3.8694551e-04  -2.0304802e-03
  -2.3071451e-04  -9.6953476e-04  -2.6326452e-04  -2.1055441e-03
  -2.8318985e-04  -6.6243123e-04  -1.1334816e-04  -1.7339776e-03
  -1.8198742e-04  -6.8115705e-04  -4.5815578e-04  -1.8953651e-03
  -1.5574975e-04  -9.2084761e-04  -5.6684514e-04  -1.9441567e-03
  -1.4450504e-04  -7.9725717e-04  -5.8183678e-04  -1.9967014e-03
  -9.5777946e-05  -8.0849266e-04  -2.6326452e-04  -1.8916119e-03
  -1.7449094e-04  -1.0369477e-03  -3.4946642e-04  -1.9666759e-03
   1.6669194e-05  -8.9837662e-04  -5.7129520e-05  -2.1468293e-03
   1.5160576e-04  -6.4745057e-04   2.0897202e-04  -1.9066247e-03
  -1.9698037e-04  -9.7327992e-04  -1.8081052e-04  -2.0267270e-03
   4.6655098e-05  -1.0594187e-03   2.3145947e-04  -2.1806081e-03
  -1.1077090e-04  -8.5717981e-04  -3.8319760e-04  -2.0717654e-03
  -9.2029708e-05  -6.8115705e-04   3.4764465e-04  -1.8578331e-03
   7.2892764e-05  -5.9127309e-04  -4.4316415e-04  -1.7227181e-03
  -3.8814051e-04  -8.4968948e-04   4.0316114e-05  -2.1580889e-03
  -5.8202340e-06  -8.7590563e-04   7.2618346e-04  -1.8953651e-03
  -4.2562289e-04  -8.8339596e-04  -3.1941294e-03  -1.9404035e-03
   1.5160576e-04  -8.1972816e-04   1.2978098e-02  -2.3344892e-03
  -6.1678303e-04  -7.7853134e-04   8.4484454e-02   5.6673211e-04
  -3.5815461e-04  -8.3470882e-04   1.3759232e-01   3.4604470e-03
  -1.2764729e-03  -4.7142781e-04   6.5609984e-02   5.9825954e-03
  -7.6147434e-03  -4.8224165e-05  -1.2342775e-02   5.9150378e-03
  -3.4242133e-03   1.9188805e-05   4.8376396e-03  -4.3537148e-04
  -1.8724428e-03  -3.5907286e-04  -1.5487973e-03  -4.6464585e-03
  -9.7025119e-03  -2.7293407e-04  -9.0561636e-02  -4.9767399e-03
  -1.2225076e-02  -7.6729585e-04  -1.6806839e-01  -5.9000263e-03
  -9.3764152e-03  -2.5499944e-03  -1.6862308e-01  -8.0355954e-03
  -5.0546968e-03  -3.2690661e-03  -1.3742924e-01  -7.6940545e-03
  -1.0538369e-02  -3.2503402e-03  -1.0503231e-01  -4.6577181e-03
  -1.2393747e-02  -2.4526201e-03  -6.3153178e-02  -4.2561260e-03
  -6.7676416e-03  -1.2017350e-03  -2.2360936e-02  -4.8904163e-03
  -3.5479051e-03  -1.0444381e-03   1.2573324e-02  -2.3982935e-03
   5.0055740e-03  -8.9463146e-04   4.6611833e-02  -2.9650320e-04
   1.2164709e-02  -2.2050176e-04   8.1309975e-02  -9.5331267e-04
   1.2359617e-02   8.1690895e-04   1.0286795e-01  -6.8683568e-04
   1.3150495e-02   9.8544137e-04   1.0095651e-01   7.6940475e-04
   1.7858282e-02  -1.9803077e-04   8.2453087e-02   1.4412270e-03
   1.5643073e-02  -6.6617639e-04   4.9523959e-02  -9.7583754e-05
   4.4620795e-03  -2.4297275e-04   7.1051246e-03  -1.7264713e-03
   8.1879213e-04  -2.3548242e-04  -2.3129257e-02  -3.6143293e-03
   6.0288429e-03  -1.0893800e-03  -2.9729325e-02  -5.8137028e-03
   6.8609518e-03  -1.8459034e-03  -2.8260145e-02  -5.0367910e-03
   2.9215536e-03  -9.9575091e-04  -2.0865520e-02  -4.1735557e-03
   2.2281296e-03  -3.8528902e-04  -8.7335389e-03  -4.6614713e-03
   3.6112294e-03  -2.8042440e-04  -1.5225619e-03  -4.3462028e-03
   4.8256585e-03   4.9107959e-04  -1.6087638e-03  -2.5671874e-03
   4.6195055e-03   3.7914630e-05  -3.7525678e-03  -8.8200193e-04
  -1.6475485e-03  -9.2833794e-04   3.1391347e-04  -3.3028197e-04
  -6.7601451e-03  -1.6474096e-03   7.6373277e-03  -1.7489904e-03
  -2.7045516e-03  -2.1267907e-03   1.1906196e-02  -4.0684662e-03
   3.1914268e-03  -9.2833794e-04   5.9432728e-03  -3.4454355e-03
   5.2979365e-03   1.0416189e-03  -3.0329693e-03  -1.7001989e-03
   3.4950341e-03   1.6333549e-03  -2.6169514e-03  -1.8353140e-03
  -2.8318985e-04   7.5324114e-04   2.2553303e-03  -3.3516056e-03
  -4.1363785e-03  -4.9389880e-04   1.8648456e-04  -3.3440992e-03
  -6.1866647e-03  -1.9694938e-03  -6.7808783e-03  -1.5237986e-03
  -2.5283844e-03  -2.4526201e-03  -7.5904266e-03  -1.4337219e-03
   1.9132776e-03  -1.1642833e-03  -4.9856299e-03  -2.6910429e-03
  -7.0299250e-04   6.7875950e-05  -9.7979450e-03  -1.9441567e-03
  -2.2585113e-03   3.6374398e-04  -1.3437165e-02  -4.1285230e-04
   3.8323755e-03  -2.9165989e-04  -6.7396513e-03  -2.4208127e-03
   5.1817412e-03  -8.0474750e-04  -3.0404651e-03  -4.4325263e-03
  -3.1093613e-03  -4.0776001e-04  -1.1821816e-02  -2.3645147e-03
  -7.6522258e-03  -7.3358936e-04  -2.0273351e-02  -4.2786509e-04
  -9.3538326e-04  -1.4226997e-03  -1.5123724e-02  -1.8653395e-03
   2.2618638e-03  -1.4077191e-03  -1.0146501e-02  -3.2953076e-03
  -4.5936635e-03  -8.8714113e-04  -1.6296819e-02  -1.4975262e-03
  -4.1551197e-03  -8.8339596e-04  -1.7245040e-02  -5.7799297e-04
   3.4013281e-03  -1.6137031e-03  -8.2912856e-03  -2.4095531e-03
   2.2993461e-03  -1.3702674e-03  -5.3866561e-03  -2.7098089e-03
  -3.2705355e-03  -9.5080893e-04  -7.3318209e-03  -1.1597385e-03
  -1.1265434e-03  -1.4002287e-03  -3.5876598e-03  -1.2272961e-03
   2.4717651e-03  -1.5762515e-03   3.5071319e-03  -2.4846170e-03
  -6.8799955e-04  -1.0069864e-03   5.9957435e-03  -2.2293996e-03
  -1.7787368e-03  -5.1262463e-04   6.0219789e-03  -1.4112027e-03
   3.1951750e-03  -9.4331860e-04   1.0530713e-02  -1.8841055e-03
   3.8473684e-03  -1.1006155e-03   1.4091227e-02  -2.5746938e-03
  -4.3686760e-04  -6.2497958e-04   1.3618990e-02  -2.1806081e-03
  -2.4561424e-05  -9.6578959e-04   1.3993781e-02  -1.8991183e-03
   2.0482142e-03  -1.3552868e-03   1.4278622e-02  -2.2406592e-03
  -1.4825328e-04  -9.9575091e-04   1.1819994e-02  -1.9253907e-03
  -1.8424569e-03  -5.5756661e-04   9.9572833e-03  -1.5763434e-03
   2.3406700e-04  -2.5046308e-04   9.3313825e-03  -2.1092973e-03
   2.6291911e-03  -4.7142781e-04   7.5586216e-03  -2.3720211e-03
   7.9255446e-04  -6.9613771e-04   4.3803947e-03  -1.8615863e-03
  -2.8582294e-03  -5.5382144e-04   2.2665741e-03  -1.6476541e-03
  -2.5921045e-03  -7.0737321e-04   3.6045776e-03  -2.2181401e-03
  -8.6041850e-04  -9.4706377e-04   3.1435848e-03  -2.3795275e-03
  -1.0965575e-03  -8.3470882e-04  -3.3447479e-04  -1.5763434e-03
  -1.3589342e-03  -4.3397616e-04  -2.0360255e-03  -1.4975262e-03
  -6.3927246e-04  -2.9540506e-04  -9.6037559e-04  -2.0942846e-03
   1.9283638e-04  -3.8528902e-04  -2.9699570e-04  -2.2969572e-03
  -7.3297841e-04  -7.1860870e-04  -3.4040123e-03  -1.7189649e-03
  -1.3964165e-03  -1.0519284e-03  -5.5665558e-03  -1.0921810e-03
  -2.2321804e-04  -9.8826058e-04  -3.5614244e-03  -1.9253907e-03
  -8.1918788e-04  -1.0931252e-03  -2.7293886e-03  -2.1205569e-03
  -1.6925273e-03  -1.0556735e-03  -4.8319656e-03  -1.4412283e-03
  -7.5546783e-04  -9.9575091e-04  -6.5297684e-03  -1.2498152e-03
   1.4410929e-04  -1.1380672e-03  -6.0912630e-03  -1.3774239e-03
  -2.2696628e-04  -1.0856349e-03  -4.5696120e-03  -1.9253907e-03
  -1.7300097e-03  -9.1710245e-04  -5.2742188e-03  -1.9741823e-03
  -2.0673511e-03  -1.0032412e-03  -6.2786585e-03  -1.8390672e-03
  -1.1227952e-03  -1.4114642e-03   4.4134238e-04  -1.5313050e-03
  -1.2727247e-03  -1.2354415e-03   1.3416603e-02  -1.1259597e-03
  -2.1198265e-03  -7.9351200e-04   2.1534574e-02  -6.8308249e-04
  -2.1460641e-03  -8.4219915e-04   2.3314831e-02  -1.9892007e-04
  -1.5201084e-03  -7.7853134e-04   2.3262360e-02  -2.2519245e-04
  -1.4938707e-03  -4.4895682e-04   1.9971696e-02  -3.1151598e-04
  -2.8582294e-03  -4.0401484e-04   1.2895644e-02  -8.8200193e-04
  -3.3979756e-03  -7.3358936e-04   3.7469981e-03  -1.6851861e-03
  -2.6783139e-03  -9.2833794e-04  -6.8970634e-03  -2.1543357e-03
  -3.3529968e-03  -7.1486354e-04  -1.6821526e-02  -2.5972130e-03
  -4.6536354e-03  -7.5606035e-04  -2.4965733e-02  -3.1001414e-03
  -4.4099999e-03  -8.2721849e-04  -3.0595092e-02  -3.3591119e-03
  -2.5958527e-03  -7.7853134e-04  -3.0269024e-02  -3.2840480e-03
  -1.2052564e-03  -9.3957344e-04  -2.5333028e-02  -3.1001414e-03
  -1.1078022e-03  -8.6467014e-04  -1.7882185e-02  -2.7173153e-03
  -5.6055946e-04  -8.9463146e-04  -9.1608005e-03  -2.4846170e-03
   3.9524123e-04  -6.2497958e-04  -1.3576539e-03  -2.4245659e-03
   1.2723289e-03  -5.9876342e-04   5.8758104e-03  -2.0905314e-03
   2.0519624e-03  -7.7478618e-04   1.1906196e-02  -1.6851861e-03
   2.0444660e-03  -3.9652451e-04   1.5867736e-02  -1.8090416e-03
   3.2251609e-03  -3.9277935e-04   1.7970313e-02  -2.2744380e-03
   4.3383876e-03  -4.3397616e-04   1.7629253e-02  -1.8578331e-03
   4.4808207e-03  -4.5644715e-04   1.5354272e-02  -1.7564968e-03
   4.0385286e-03  -3.3660187e-04   1.2116079e-02  -2.0605058e-03
   1.4185102e-03  -3.2911154e-04   7.7984877e-03  -1.4937730e-03
   1.8045787e-03  -6.5119573e-04   5.1112370e-03  -2.1017910e-03
   2.2656120e-03  -9.2833794e-04   1.8468083e-03  -2.3757743e-03
   4.4396833e-04  -9.6953476e-04  -1.8598737e-03  -2.0079610e-03
  -4.4061584e-04  -7.0362804e-04  -2.3283624e-03  -2.0417398e-03
  -2.3597137e-03  -7.8602167e-04  -1.8448821e-03  -1.6551605e-03
   3.4651414e-04  -8.7965080e-04   2.4352300e-03  -2.9012219e-03
   2.5879605e-03  -1.0444381e-03   3.5933338e-03  -3.1001414e-03
  -3.4690989e-04  -6.5119573e-04  -8.4067030e-06  -1.2573216e-03
  -1.0665716e-03  -2.3922758e-04   9.8853709e-04  -6.8308249e-04
   4.4396833e-04  -7.5231519e-04   4.1217890e-03  -1.8991183e-03
   1.6059221e-03  -9.6953476e-04   5.5235070e-03  -2.7135621e-03
  -2.4570747e-04  -1.1904995e-03   1.9667413e-03  -1.6814329e-03
  -1.1865152e-03  -1.1230865e-03  -4.0193715e-04  -1.2760876e-03
   5.0019190e-04  -8.6467014e-04   1.3033614e-03  -1.9516631e-03
   8.7885716e-05  -7.6355068e-04   5.4628383e-04  -2.4958766e-03
  -1.3064588e-03  -3.9277935e-04  -2.4820266e-03  -2.1168037e-03
  -1.3252000e-03  -4.5644715e-04  -4.2547876e-03  -1.7940288e-03
  -6.3927246e-04  -8.5717981e-04  -3.6213910e-03  -2.2631784e-03
  -7.3297841e-04  -9.4331860e-04  -3.3927685e-03  -2.3495020e-03
  -1.7599956e-03  -8.1598299e-04  -5.8888759e-03  -1.8878587e-03
  -2.1235747e-03  -1.0219671e-03  -6.9645258e-03  -1.4787603e-03
  -3.9563699e-04  -9.2084761e-04  -3.2166168e-03  -2.2181401e-03
   2.7529762e-04  -8.2347332e-04  -1.6574867e-03  -2.5934598e-03
  -1.1340399e-03  -9.3208311e-04  -3.6401305e-03  -1.9891950e-03
  -1.3289482e-03  -6.6617639e-04  -4.5321329e-03  -1.7452372e-03
   3.1662146e-05  -7.5980552e-04  -3.1191712e-03  -2.3307360e-03
   2.7529762e-04  -8.6467014e-04  -2.1746981e-03  -2.7661068e-03
  -1.7899815e-03  -9.9949608e-04  -4.7682511e-03  -1.9779355e-03
  -2.3559655e-03  -1.0743994e-03  -5.2667230e-03  -1.7077053e-03
  -5.3432179e-04  -1.1043607e-03  -1.7511844e-03  -2.2594252e-03
  -5.8202340e-06  -1.2541673e-03  -8.7112792e-05  -2.5371618e-03
  -1.1640258e-03  -9.3957344e-04  -1.8298905e-03  -1.9366503e-03
  -6.1678303e-04  -8.3845398e-04  -1.7586802e-03  -1.5125390e-03
   9.5747693e-04  -1.0706542e-03   3.3265302e-04  -2.0379866e-03
   4.6270952e-04  -1.1230865e-03   8.4611655e-04  -2.0605058e-03
  -9.2413854e-04  -9.5080893e-04   2.1271993e-04  -1.7827692e-03
  -1.1602775e-03  -9.5829926e-04  -7.9616974e-05  -1.6439009e-03
   2.4531171e-04  -1.1268317e-03   1.5582193e-03  -1.9328971e-03
   3.5026238e-04  -9.5455410e-04   2.2103554e-03  -2.1655953e-03
  -3.5815461e-04  -7.8976684e-04   1.4645215e-03  -2.0304802e-03
   5.6766018e-04  -7.8227651e-04   1.6819003e-03  -2.1843613e-03
   5.9764608e-04  -8.7590563e-04   1.4982527e-03  -2.0042078e-03
  -3.0567927e-04  -8.9837662e-04   1.2658824e-03  -1.8540799e-03
  -8.0794317e-04  -8.7590563e-04   1.5282360e-03  -1.7189649e-03
  -5.2682532e-04  -1.0556735e-03   2.1691284e-03  -1.8278076e-03
   5.6391194e-04  -7.8227651e-04   2.7500543e-03  -2.2143869e-03
   7.6631679e-04  -6.1374408e-04   2.0042204e-03  -1.9779355e-03
   2.9403881e-04  -6.6992156e-04   1.2209074e-03  -1.9441567e-03
   2.6780114e-04  -4.7891814e-04   1.4757653e-03  -1.8090416e-03
   1.2161986e-04  -9.3582827e-04   1.5244881e-03  -2.0004546e-03
  -3.6565108e-04  -1.0257122e-03   1.2171595e-03  -2.3982935e-03
  -6.8050307e-04  -8.1598299e-04   2.7643438e-04  -1.9704291e-03
  -5.2682532e-04  -9.2459278e-04  -3.1573524e-04  -1.9328971e-03
   1.6669194e-05  -6.9613771e-04   8.9038931e-05  -2.0867782e-03
   2.0033286e-04  -7.5980552e-04  -4.2442460e-04  -2.1318165e-03
  -1.9323213e-04  -6.8490222e-04  -1.1140399e-03  -1.9967014e-03
  -1.8573566e-04  -5.5756661e-04  -1.3164269e-03  -1.9253907e-03
  -3.0193104e-04  -6.5119573e-04  -1.5675368e-03  -2.2744380e-03
  -8.1169140e-04  -7.7104101e-04  -1.5937722e-03  -2.2293996e-03
  -3.6190284e-04  -7.8227651e-04  -1.6724783e-03  -2.0379866e-03
   2.7913908e-05  -5.3884078e-04  -1.6874699e-03  -1.9779355e-03
  -2.0813186e-05  -8.0474750e-04  -2.0097901e-03  -2.0717654e-03
   3.9158622e-05  -7.2984420e-04  -2.4370517e-03  -2.0304802e-03
  -3.7314756e-04  -7.0737321e-04  -2.0735046e-03  -2.1430761e-03
  -3.5815461e-04  -9.4331860e-04  -1.5375536e-03  -2.5334086e-03
  -4.1812641e-04  -7.1486354e-04  -1.5188140e-03  -2.3194764e-03
  -6.0553831e-04  -8.6841530e-04  -1.6237555e-03  -2.2143869e-03
   7.2892764e-05  -7.9351200e-04  -1.1252836e-03  -2.3419956e-03
   4.0273771e-04  -5.5382144e-04  -6.5304705e-04  -2.1580889e-03
   3.5401061e-04  -6.0999892e-04  -7.9921550e-04  -2.1168037e-03
   2.4156347e-04  -5.5756661e-04  -5.2187024e-04  -2.1881145e-03
   2.3031876e-04  -6.5494090e-04   2.4270320e-04  -2.0642590e-03
   1.9283638e-04  -8.5717981e-04   6.5497319e-04  -1.9404035e-03
  -3.2057900e-05  -7.2609903e-04   6.5872110e-04  -1.9141311e-03
   2.7154938e-04  -6.0999892e-04   8.7609982e-04  -1.8090416e-03
   5.4891899e-04  -8.7216047e-04   9.9228500e-04  -1.7865224e-03
   5.5641547e-04  -8.6467014e-04   1.0447557e-03  -1.9967014e-03
   3.0903176e-04  -5.9501826e-04   1.4870090e-03  -2.0605058e-03
   1.8908814e-04  -6.9613771e-04   1.5244881e-03  -1.9141311e-03
   2.9029057e-04  -9.4331860e-04   1.5582193e-03  -1.9441567e-03
   4.2147890e-04  -7.8602167e-04   1.4645215e-03  -1.6889393e-03
   3.6525533e-04  -6.7366672e-04   1.2358991e-03  -1.6138753e-03
   1.8159167e-04  -6.9613771e-04   1.1909242e-03  -1.8240544e-03
   3.5775885e-04  -6.8115705e-04   1.0859827e-03  -1.9704291e-03
   1.0287867e-04  -7.3358936e-04   9.5105800e-04  -2.2781912e-03
   7.6641002e-05  -6.9239255e-04   5.2379637e-04  -2.0267270e-03
   2.2282228e-04  -8.6841530e-04   4.0386329e-04  -1.9666759e-03
  -6.5792042e-05  -7.6355068e-04   2.8370240e-06  -2.1355697e-03
  -1.8198742e-04  -5.8378276e-04  -6.6429078e-04  -2.1355697e-03
  -6.2043804e-05  -7.6729585e-04  -1.0653170e-03  -1.9967014e-03
   9.9130430e-05  -8.0100233e-04  -1.6649825e-03  -1.7077053e-03
  -1.2951209e-04  -8.6467014e-04  -1.6949658e-03  -2.0567526e-03
  -1.5574975e-04  -7.4482486e-04  -1.5150661e-03  -2.1468293e-03
  -1.3700856e-04  -7.6729585e-04  -1.7062095e-03  -1.9591695e-03
  -1.6699447e-04  -9.9575091e-04  -1.8411342e-03  -2.2031273e-03
   3.9158622e-05  -8.3096365e-04  -1.9947985e-03  -2.3307360e-03
  -2.9443456e-04  -6.4745057e-04  -2.1072357e-03  -2.1280633e-03
  -4.7809822e-04  -7.4482486e-04  -2.0810004e-03  -2.0642590e-03
  -3.0567927e-04  -9.2833794e-04  -2.1034878e-03  -2.0755186e-03
  -3.6939932e-04  -7.7478618e-04  -2.0847483e-03  -1.9816886e-03
  -1.9698037e-04  -5.8752793e-04  -1.5975201e-03  -1.9816886e-03
   5.4244800e-06  -8.5343464e-04  -1.1140399e-03  -1.9929482e-03
   8.4137478e-05  -9.7702509e-04  -1.0053505e-03  -2.1993741e-03
  -3.2057900e-05  -7.5231519e-04  -9.5662768e-04  -2.0267270e-03
  -1.7074271e-04  -9.3957344e-04  -9.7911513e-04  -1.8878587e-03
  -8.4533232e-05  -8.8714113e-04  -4.8813906e-04  -2.2744380e-03
  -1.7074271e-04  -5.9876342e-04  -1.4333143e-04  -2.5371618e-03
  -5.0799090e-05  -1.0594187e-03  -2.9699570e-04  -2.3945403e-03
   5.4151574e-05  -1.1155962e-03  -1.4333143e-04  -1.9554163e-03
   1.1037514e-04  -9.0961212e-04  -9.1088500e-07  -2.0567526e-03
   2.9403881e-04  -8.8339596e-04   2.6893856e-04  -2.0304802e-03
   2.5280819e-04  -5.4633111e-04   4.7882147e-04  -1.8728459e-03
   1.2911633e-04  -8.6467014e-04   5.8001501e-04  -2.1092973e-03
   6.9144526e-05  -9.8451542e-04   7.6741046e-04  -2.1055441e-03
  -9.5684720e-06  -7.5980552e-04   8.8734355e-04  -2.2218933e-03
