  -2.0822509e-04  -8.1223783e-04  -4.2137884e-05  -1.8878587e-03
  -2.9443456e-04  -9.5829926e-04  -9.4608610e-05  -2.0342334e-03
  -3.2442046e-04  -1.0444381e-03  -7.5869065e-05  -2.0042078e-03
  -2.4195923e-04  -8.9837662e-04  -4.5885793e-05  -2.0867782e-03
  -1.2576385e-04  -9.8826058e-04  -2.5951661e-04  -2.1505825e-03
   6.9144526e-05  -7.0737321e-04  -3.1948315e-04  -1.8278076e-03
  -5.4547328e-05  -8.0849266e-04  -3.7195388e-04  -1.8465736e-03
  -1.6699447e-04  -9.1710245e-04  -4.5440787e-04  -2.1580889e-03
  -6.9540280e-05  -7.9351200e-04  -2.2953333e-04  -2.0267270e-03
  -2.7194513e-04  -9.7702509e-04  -2.0329797e-04  -1.9816886e-03
  -2.8318985e-04  -7.9351200e-04   2.8370240e-06  -1.9178843e-03
  -2.8693808e-04  -1.0069864e-03   1.2277011e-04  -2.0192206e-03
  -1.9323213e-04  -8.1972816e-04  -9.4608610e-05  -2.0154674e-03
  -2.0719960e-06  -6.9988288e-04  -1.1334816e-04  -2.1693485e-03
  -8.4533232e-05  -1.0107316e-03  -1.9580215e-04  -2.4733575e-03
  -6.5792042e-05  -7.2984420e-04  -7.2121156e-05  -2.1318165e-03
  -9.5777946e-05  -9.7327992e-04  -1.2833979e-04  -2.1280633e-03
  -5.4547328e-05  -1.0144767e-03  -2.9699570e-04  -2.0417398e-03
  -2.0822509e-04  -6.4370540e-04  -1.0960025e-04  -2.0567526e-03
  -2.0822509e-04  -8.0100233e-04  -7.2121156e-05  -2.2856976e-03
  -9.9526184e-05  -9.7702509e-04  -2.7450824e-04  -2.0717654e-03
  -4.1062994e-04  -8.0100233e-04  -1.8830634e-04  -2.2068805e-03
  -2.1572156e-04  -8.8714113e-04  -7.5869065e-05  -2.3082168e-03
  -2.0072861e-04  -9.5455410e-04  -2.5576870e-04  -2.2406592e-03
  -2.7569337e-04  -7.5606035e-04  -1.8830634e-04  -2.3119700e-03
  -9.9526184e-05  -8.9837662e-04  -4.6939951e-04  -2.1693485e-03
  -2.8693808e-04  -7.8602167e-04  -4.9938278e-04  -2.0867782e-03
  -2.7944161e-04  -6.9988288e-04  -3.4642066e-05  -2.2969572e-03
  -2.5695218e-04  -7.2609903e-04  -1.1709606e-04  -2.2143869e-03
  -1.1451914e-04  -8.9837662e-04  -1.8830634e-04  -2.0417398e-03
  -3.5806138e-05  -1.0182219e-03  -1.2833979e-04  -2.0680122e-03
  -2.8309662e-05  -7.3733453e-04  -1.2154612e-05  -1.8991183e-03
   7.2892764e-05  -8.3845398e-04   1.4900547e-04  -2.0717654e-03
  -2.8693808e-04  -7.4107969e-04   1.4150966e-04  -2.1092973e-03
  -3.2442046e-04  -7.0362804e-04   7.4047295e-05  -1.8353140e-03
  -2.1197332e-04  -7.8602167e-04   3.2820296e-05  -2.0417398e-03
  -3.1692399e-04  -6.3996024e-04   2.9072387e-05  -2.1430761e-03
  -1.6324623e-04  -8.9837662e-04   5.1559841e-05  -2.0192206e-03
   9.1727180e-06  -8.1223783e-04  -1.2084397e-04  -1.9816886e-03
   5.7899812e-05  -4.7142781e-04  -1.9955006e-04  -2.1017910e-03
   4.6655098e-05  -6.3996024e-04  -2.8200406e-04  -2.0717654e-03
   1.9658462e-04  -9.0961212e-04  -4.7314742e-04  -1.9741823e-03
   2.4905995e-04  -8.2347332e-04  -1.5902521e-05  -1.9479099e-03
  -1.4450504e-04  -7.7104101e-04   6.2803568e-05  -1.7640032e-03
  -3.6190284e-04  -9.2459278e-04   6.6551477e-05  -1.9816886e-03
  -3.3191694e-04  -8.3470882e-04   3.3265302e-04  -2.0417398e-03
  -4.7809822e-04  -1.0669090e-03  -6.0877429e-05  -1.8765991e-03
  -1.9698037e-04  -1.0332026e-03  -1.2833979e-04  -2.0717654e-03
   1.5160576e-04  -5.1636979e-04  -1.9205424e-04  -2.0492462e-03
   1.6762420e-06  -7.6355068e-04  -3.0074361e-04  -2.0229738e-03
  -1.2951209e-04  -8.8339596e-04  -7.9616974e-05  -2.1092973e-03
  -2.3071451e-04  -8.3470882e-04  -1.4707934e-04  -2.1393229e-03
  -2.8318985e-04  -9.1710245e-04  -1.5082725e-04  -2.2331528e-03
  -2.7194513e-04  -7.7104101e-04  -1.2084397e-04  -2.2106337e-03
  -3.2067223e-04  -9.6953476e-04  -2.3702915e-04  -2.0980378e-03
  -3.8814051e-04  -9.7327992e-04  -2.2578543e-04  -2.0830250e-03
  -3.0193104e-04  -7.3358936e-04  -1.1709606e-04  -2.1280633e-03
  -2.5695218e-04  -8.8339596e-04  -2.6701242e-04  -2.0942846e-03
  -1.1077090e-04  -1.0182219e-03  -1.9205424e-04  -1.9967014e-03
  -1.8948390e-04  -8.1598299e-04  -9.0860701e-05  -1.8315608e-03
  -3.2442046e-04  -9.3582827e-04  -4.2067669e-04  -1.9741823e-03
  -1.7823918e-04  -9.6953476e-04  -2.4452497e-04  -2.4208127e-03
  -3.6190284e-04  -7.4482486e-04  -1.7706261e-04  -2.1956209e-03
  -9.2029708e-05  -1.1343220e-03  -3.1573524e-04  -1.8465736e-03
  -1.4825328e-04  -1.0669090e-03  -2.7076033e-04  -2.1543357e-03
  -4.1062994e-04  -7.7478618e-04  -3.3822270e-04  -2.1881145e-03
  -7.3288518e-05  -1.0332026e-03  -2.1828961e-04  -2.1243101e-03
  -3.8439227e-04  -9.7702509e-04  -1.6207097e-04  -2.0004546e-03
  -5.4181827e-04  -9.0586695e-04  -2.6326452e-04  -1.8540799e-03
  -2.5695218e-04  -1.1118510e-03  -4.3566833e-04  -2.1055441e-03
  -2.4570747e-04  -8.6841530e-04  -2.7076033e-04  -2.1280633e-03
  -3.4316165e-04  -7.8976684e-04   6.5849330e-06  -2.1731017e-03
  -1.8948390e-04  -1.0107316e-03  -2.0704588e-04  -2.0755186e-03
  -7.3288518e-05  -7.2609903e-04  -3.3822270e-04  -1.9291439e-03
  -2.0447685e-04  -6.5119573e-04  -1.9955006e-04  -1.9141311e-03
  -6.9540280e-05  -9.8451542e-04  -9.8356519e-05  -1.8653395e-03
  -3.4316165e-04  -1.0406929e-03  -6.8373247e-05  -1.9516631e-03
  -5.4181827e-04  -7.7104101e-04  -3.8389975e-05  -1.9779355e-03
  -2.1946980e-04  -7.5231519e-04   7.7795204e-05  -1.9141311e-03
  -6.9540280e-05  -7.7478618e-04   1.0332842e-05  -1.7677564e-03
   1.2161986e-04  -7.8602167e-04  -1.7706261e-04  -1.8465736e-03
   9.1727180e-06  -8.5343464e-04  -2.9699570e-04  -1.8991183e-03
  -2.0813186e-05  -8.0474750e-04  -3.7195388e-04  -1.9629227e-03
   4.2906860e-05  -1.0182219e-03  -2.2953333e-04  -2.0379866e-03
  -3.9563699e-04  -1.0406929e-03   4.4064023e-05  -1.9253907e-03
  -4.5560879e-04  -7.9351200e-04   2.5769484e-04  -1.8203012e-03
  -4.7434998e-04  -7.8602167e-04   2.5324478e-05  -1.9779355e-03
  -5.8679712e-04  -7.7104101e-04  -5.1812233e-04  -2.2106337e-03
  -1.5574975e-04  -8.7590563e-04  -5.3311396e-04  -2.1205569e-03
  -2.1197332e-04  -1.0069864e-03  -3.1198733e-04  -2.1731017e-03
  -3.3941342e-04  -7.1111837e-04  -4.1318088e-04  -2.1393229e-03
  -1.3326033e-04  -7.8227651e-04  -1.5832306e-04  -2.0042078e-03
  -3.1692399e-04  -9.5455410e-04  -9.1088500e-07  -1.9816886e-03
  -3.0942751e-04  -8.2347332e-04  -1.3958352e-04  -2.0192206e-03
  -1.9323213e-04  -9.1335728e-04  -1.6581888e-04  -2.1205569e-03
  -2.0813186e-05  -8.6841530e-04  -3.2323106e-04  -2.1956209e-03
  -3.2057900e-05  -8.0474750e-04  -2.5202079e-04  -2.1243101e-03
  -2.6819689e-04  -7.3358936e-04  -6.8373247e-05  -2.0680122e-03
  -2.1572156e-04  -7.3733453e-04  -1.9955006e-04  -2.2556720e-03
  -2.4945570e-04  -8.7216047e-04  -3.6071015e-04  -2.2669316e-03
  -2.0447685e-04  -7.5606035e-04  -9.8356519e-05  -2.2706848e-03
  -1.5200152e-04  -7.1486354e-04  -1.0210443e-04  -2.2106337e-03
  -1.4825328e-04  -8.5343464e-04  -1.4333143e-04  -2.1505825e-03
  -2.1946980e-04  -7.8602167e-04  -1.0960025e-04  -2.2218933e-03
  -2.8693808e-04  -7.5606035e-04  -5.7129520e-05  -2.1092973e-03
  -1.7449094e-04  -8.9463146e-04   3.2820296e-05  -2.1430761e-03
  -3.6939932e-04  -7.5980552e-04  -3.4571851e-04  -2.3007104e-03
  -3.3941342e-04  -8.4219915e-04  -3.3447479e-04  -2.2106337e-03
  -2.2696628e-04  -1.0144767e-03  -1.6956679e-04  -2.1543357e-03
  -1.6699447e-04  -8.0100233e-04   7.0299386e-05  -2.2519188e-03
  -1.3316710e-05  -8.0100233e-04  -1.4707934e-04  -2.0454930e-03
  -1.4075680e-04  -6.2872474e-04  -2.0704588e-04  -2.1130505e-03
  -2.3446275e-04  -4.2648583e-04   1.7149293e-04  -2.2369060e-03
  -1.4825328e-04  -7.2984420e-04  -1.7331470e-04  -1.9516631e-03
   1.0287867e-04  -8.8714113e-04  -6.4625338e-05  -1.9929482e-03
   1.8159167e-04  -7.4857002e-04  -3.4642066e-05  -2.0792718e-03
   1.6669194e-05  -6.0250859e-04  -3.2323106e-04  -1.9554163e-03
   1.1412338e-04  -5.6505694e-04  -2.3702915e-04  -2.0117142e-03
  -7.3288518e-05  -5.4633111e-04   9.2786840e-05  -2.2068805e-03
  -3.9188875e-04  -5.5007628e-04   1.8273666e-04  -2.0680122e-03
  -2.3446275e-04  -6.5119573e-04   9.6534749e-05  -2.0755186e-03
  -2.5695218e-04  -7.2984420e-04   1.1152638e-04  -1.9704291e-03
  -2.3821099e-04  -8.5717981e-04  -9.8356519e-05  -1.7152117e-03
  -1.7074271e-04  -8.4219915e-04  -2.3398339e-05  -2.0942846e-03
  -1.5574975e-04  -5.0513430e-04  -6.0877429e-05  -1.8353140e-03
   8.0389240e-05  -7.9725717e-04  -2.8200406e-04  -1.8803523e-03
   2.7913908e-05  -9.8826058e-04  -3.1198733e-04  -2.2031273e-03
  -1.7823918e-04  -7.4482486e-04  -3.4571851e-04  -2.0492462e-03
  -2.5695218e-04  -1.0444381e-03  -6.0877429e-05  -2.4095531e-03
  -3.0567927e-04  -8.2347332e-04   1.2651802e-04  -2.0867782e-03
  -2.3446275e-04  -7.3733453e-04  -4.5885793e-05  -1.8878587e-03
  -2.8693808e-04  -8.7965080e-04  -3.4642066e-05  -2.0717654e-03
  -2.7569337e-04  -7.1486354e-04  -1.5082725e-04  -2.1430761e-03
  -9.2029708e-05  -8.9088629e-04  -2.9699570e-04  -2.2894508e-03
  -1.9698037e-04  -8.0849266e-04  -2.3328124e-04  -2.0642590e-03
  -2.3821099e-04  -9.6953476e-04  -2.9699570e-04  -2.0304802e-03
  -3.0567927e-04  -1.0069864e-03  -2.7825615e-04  -1.9366503e-03
  -3.1692399e-04  -7.5231519e-04  -9.8356519e-05  -1.9591695e-03
  -2.1572156e-04  -9.6578959e-04  -2.6701242e-04  -2.0304802e-03
  -2.1197332e-04  -9.8077025e-04  -4.3192042e-04  -2.1881145e-03
  -6.2043804e-05  -7.6729585e-04  -1.6207097e-04  -2.1393229e-03
  -2.8318985e-04  -7.4482486e-04  -3.3447479e-04  -1.8578331e-03
  -4.1437818e-04  -9.0586695e-04  -3.3447479e-04  -2.2856976e-03
  -2.8318985e-04  -9.4706377e-04   1.9398038e-04  -2.1806081e-03
  -3.1317575e-04  -1.0107316e-03   6.2803568e-05  -1.9178843e-03
  -9.2029708e-05  -1.0406929e-03  -3.6445806e-04  -2.2293996e-03
  -1.8948390e-04  -1.0406929e-03  -2.8200406e-04  -2.1806081e-03
  -5.3807003e-04  -9.0961212e-04  -2.4077706e-04  -2.1806081e-03
  -3.8814051e-04  -6.1374408e-04  -5.8558469e-04  -2.1693485e-03
  -3.2067223e-04  -8.8339596e-04  -5.4060978e-04  -2.0229738e-03
  -3.2442046e-04  -9.6578959e-04  -6.1182005e-04  -2.0529994e-03
  -1.5574975e-04  -7.4857002e-04  -6.6429078e-04  -2.0192206e-03
  -3.9563699e-04  -9.8451542e-04  -5.1062651e-04  -2.0792718e-03
  -2.3821099e-04  -9.8826058e-04  -4.7314742e-04  -2.0379866e-03
  -1.7064948e-05  -7.4482486e-04  -5.3381611e-05  -1.9178843e-03
  -2.8318985e-04  -8.0474750e-04  -3.4197060e-04  -2.0567526e-03
  -2.9818280e-04  -9.6578959e-04   1.6399711e-04  -2.0867782e-03
  -3.9563699e-04  -7.5606035e-04  -2.2203752e-04  -1.7264713e-03
   1.2920956e-05  -4.8266331e-04  -3.9069342e-04  -1.8315608e-03
  -2.4561424e-05  -8.3845398e-04   2.3520738e-04  -1.7339776e-03
  -9.2029708e-05  -8.4594431e-04  -4.3192042e-04  -1.7790160e-03
   9.1727180e-06  -6.7366672e-04   7.2993137e-04  -2.3607615e-03
  -6.1678303e-04  -8.3096365e-04  -7.7298014e-04  -1.5575774e-03
  -3.3566518e-04  -6.6617639e-04  -1.3651498e-03  -2.3720211e-03
  -7.6296431e-04  -9.7327992e-04   3.7137119e-02  -1.8015409e-04
   2.1981437e-03  -7.5606035e-04   1.2620992e-01   3.9408562e-03
   6.3474432e-03  -1.4934362e-04   1.2375504e-01   3.1639444e-03
   1.6921316e-03   1.0907276e-04   1.7685472e-02   4.2673844e-03
  -4.1062994e-04   3.5999882e-04  -8.0776548e-03   1.7001976e-03
   1.0065695e-02  -3.8528902e-04   8.0870767e-03  -6.5793550e-03
   5.2904401e-03  -1.4559846e-04  -2.8421305e-02  -9.5406274e-03
  -1.6689228e-02   9.3675423e-04  -1.2139943e-01  -5.7686644e-03
  -1.0111070e-02   7.1621115e-05  -1.8481780e-01  -5.8212092e-03
  -3.6116252e-03  -1.5238192e-03  -1.6330480e-01  -8.7637156e-03
  -2.4343130e-02  -1.9957100e-03  -1.5390130e-01  -2.9650263e-03
  -1.6149481e-02  -2.1492617e-03  -1.1064668e-01  -2.9049751e-03
   8.4052258e-03  -2.6174074e-03  -4.5800359e-02  -8.7224305e-03
   6.4261562e-03  -1.9694938e-03  -1.6540433e-02  -4.3537092e-03
   1.3660349e-03  -1.0444381e-03   3.4419885e-02  -1.8203012e-03
   4.1659687e-03  -1.4189546e-03   8.0275552e-02  -4.3537092e-03
   1.7784343e-04  -2.4114233e-03   9.3277048e-02  -6.6056330e-04
  -3.5065813e-04  -2.9095302e-03   9.1991516e-02   4.4587974e-03
   7.5881100e-03  -2.1342811e-03   8.7051771e-02   3.3328383e-03
   5.4328731e-03  -8.8339596e-04   6.3623592e-02  -4.0534591e-04
  -2.9444388e-03   8.6601775e-05   2.6661714e-02  -1.5538242e-03
   1.3210560e-03  -2.3922758e-04  -1.1004772e-02  -2.9312475e-03
   8.3490023e-03  -1.4976030e-03  -3.8214591e-02  -6.6206401e-03
  -2.9443456e-04  -1.3215803e-03  -4.7505657e-02  -6.5080442e-03
  -1.0268496e-02  -3.8528902e-04  -4.8438887e-02  -3.0438434e-03
  -2.9369424e-03  -4.6393748e-04  -3.9278997e-02  -1.3323856e-03
   6.1113042e-03  -4.8266331e-04  -2.4530975e-02  -8.2570966e-05
   1.9620047e-03   1.0753253e-03  -9.5093560e-03   1.1709968e-03
   1.5609433e-03   1.7532002e-03   1.0272108e-02  -3.1151598e-04
   8.1091150e-03   5.8845388e-04   2.8659349e-02  -3.3666183e-03
   5.9576264e-03  -2.8042440e-04   3.4251229e-02  -3.6105761e-03
  -1.8948390e-04  -1.0107316e-03   3.3778993e-02  -2.6384981e-03
   1.8645505e-03  -1.2654028e-03   3.2291073e-02  -3.1038946e-03
   5.1967341e-03  -1.2017350e-03   2.5042617e-02  -1.8615863e-03
  -2.1946980e-04  -1.1904995e-03   7.0676455e-03   1.5800953e-03
  -8.4542555e-04  -8.8339596e-04   3.3946947e-03   1.8503255e-03
  -1.8686945e-03  -1.3552868e-03   8.7879357e-03  -5.5922698e-04
  -1.4676331e-03  -1.4301901e-03   5.9994914e-03  -2.4733575e-03
   2.7978618e-03  -7.5231519e-04   1.2059158e-03  -2.1655953e-03
  -6.5352508e-03  -4.2274067e-04  -1.2324036e-02   3.5655308e-04
  -2.4570747e-04  -3.0289539e-04   5.1487161e-03  -3.3891375e-03
   1.1411313e-02  -8.9837662e-04   2.4952667e-02  -8.1294253e-03
  -1.5949799e-04  -6.2872474e-04   3.5783422e-03  -2.4470851e-03
  -7.2998914e-03  -1.5683395e-04  -6.9570300e-03   3.3103191e-03
  -7.7046079e-04  -7.8602167e-04   6.8877459e-03  -2.1393286e-04
   2.0407177e-03  -9.9200575e-04   1.7310681e-02  -3.6631209e-03
  -5.8755609e-03  -3.6656319e-04   1.6819003e-03   3.4529349e-04
  -4.8897743e-03   5.4351190e-04  -9.3444480e-03   2.3682667e-03
   7.6780677e-03  -6.3204825e-05   8.6455152e-03  -3.2990608e-03
   6.9509095e-03  -3.8528902e-04   1.3802638e-02  -6.2866056e-03
  -4.3162939e-03   3.2254717e-04  -3.3777769e-03  -2.2444124e-03
  -3.4541992e-03  -6.3621507e-04  -7.2118878e-03  -9.2328709e-04
   3.6299706e-03  -1.9058260e-03   5.1255265e-04  -3.6481081e-03
  -1.8836875e-03  -1.7298032e-03  -6.5260205e-03  -2.4696043e-03
  -9.2564716e-03  -8.4219915e-04  -1.5239909e-02   5.0668096e-04
  -4.1888538e-03  -9.8077025e-04  -1.4291688e-02  -7.1311375e-05
   2.9290501e-03  -1.4002287e-03  -8.2800419e-03  -2.7848728e-03
   1.8795435e-03  -9.7327992e-04  -5.5440683e-03  -3.5617846e-03
  -2.5621185e-03  -6.7741189e-04  -1.0401358e-02  -2.4808638e-03
  -3.8814051e-04  -6.1748925e-04  -7.0694673e-03  -3.0138178e-03
   6.0588288e-03  -9.5829926e-04  -3.4946642e-04  -4.4813179e-03
   4.4658277e-03  -9.9575091e-04  -4.5433766e-03  -3.8695467e-03
  -1.3851718e-03  -6.4370540e-04  -1.1870539e-02  -1.5876030e-03
  -4.7286001e-03  -9.5080893e-04  -1.4138024e-02  -6.6431650e-04
  -4.2863080e-03  -1.6960968e-03  -8.6061099e-03  -1.6363945e-03
   1.2911633e-04  -2.0930843e-03  -2.8643134e-03  -3.0138178e-03
   1.1711265e-03  -1.2354415e-03  -5.8588927e-03  -3.0588562e-03
   6.8385556e-04  -9.6911310e-05  -9.5730705e-03  -2.1693485e-03
   3.3263633e-03   1.9521156e-04  -7.6953681e-03  -2.6985493e-03
   4.4133524e-03  -2.3548242e-04  -4.0711401e-03  -3.6518613e-03
   2.0417432e-05  -1.0968704e-03  -4.2997625e-03  -3.3440992e-03
  -5.2383605e-03  -1.5200740e-03  -7.5042247e-03  -2.0642590e-03
  -3.8740018e-03  -1.7223129e-03  -5.4241352e-03  -1.5688370e-03
  -8.8281470e-05  -1.8421582e-03  -2.3545977e-03  -2.0680122e-03
  -2.1197332e-04  -1.1493027e-03  -3.8837446e-03  -1.3511516e-03
  -3.2442046e-04  -4.7517298e-04  -3.1004316e-03  -8.2195078e-04
   1.4559926e-03  -4.3772133e-04   1.8430603e-03  -2.0417398e-03
   8.2254036e-04  -6.4745057e-04   6.0931891e-03  -2.9800391e-03
  -2.2772525e-03  -9.2084761e-04   5.5984652e-03  -2.3157232e-03
  -3.0493895e-03  -1.2391866e-03   5.6022131e-03  -1.3811771e-03
  -5.7555241e-04  -1.1717737e-03   7.9184208e-03  -1.5725902e-03
   2.2282228e-04  -8.3096365e-04   6.6628713e-03  -1.4036963e-03
  -7.7420902e-04  -1.0144767e-03   5.9620123e-03  -7.3562724e-04
  -6.5426541e-04  -8.7965080e-04   6.8765021e-03  -1.0659086e-03
  -5.2682532e-04  -9.1335728e-04   7.4461843e-03  -1.9516631e-03
  -6.2053127e-04  -1.1380672e-03   7.2437972e-03  -2.3119700e-03
  -1.0178445e-03  -5.6505694e-04   4.5790339e-03  -1.9178843e-03
  -1.0928093e-03  -5.5382144e-04   4.8601271e-03  -1.9291439e-03
  -1.7074271e-04  -6.5119573e-04   6.7828044e-03  -2.2444124e-03
   6.6511437e-04  -5.9876342e-04   7.9858832e-03  -2.4133063e-03
   5.8640137e-04  -6.4370540e-04   7.0976288e-03  -1.9291439e-03
  -1.8237157e-03  -4.1899550e-04   2.3527760e-03  -5.7048658e-04
  -2.6220904e-03  -5.6131177e-04   1.6856482e-03  -4.6164386e-04
  -5.7555241e-04  -1.0294574e-03   5.5984652e-03  -1.5012794e-03
  -2.8693808e-04  -1.2803834e-03   5.8008522e-03  -2.2068805e-03
  -3.2057900e-05  -9.5829926e-04   4.6652358e-03  -2.2444124e-03
   1.2798254e-03  -7.0737321e-04   6.1194245e-03  -2.7173153e-03
   2.2431226e-03  -3.9277935e-04   6.1569036e-03  -3.2202437e-03
   1.4709855e-03  -4.1525034e-04   4.4141259e-03  -2.4996298e-03
  -4.8934294e-04  -9.8077025e-04   5.0880474e-04  -1.7302244e-03
  -1.2427388e-03  -1.2354415e-03  -9.7536723e-04  -1.0846746e-03
  -1.5950731e-03  -1.6923516e-03  -4.6190369e-04  -1.3511516e-03
  -1.6587932e-03  -1.4339352e-03  -2.5382453e-03  -1.6476541e-03
  -8.3043259e-04  -1.0107316e-03  -3.0404651e-03  -1.7677564e-03
   6.6886261e-04  -1.0631639e-03  -2.7781115e-03  -2.7360812e-03
   1.3660349e-03  -8.0100233e-04  -2.4183122e-03  -3.2840480e-03
   4.1773066e-04  -1.0669090e-03  -3.3477936e-03  -3.4867206e-03
  -9.5777946e-05  -1.0818897e-03  -5.9750778e-03  -3.3553588e-03
  -1.0103480e-03  -9.4706377e-04  -7.3842916e-03  -2.7248217e-03
  -1.8874357e-03  -1.3028544e-03  -7.8003095e-03  -2.2106337e-03
  -7.8170550e-04  -1.1418123e-03  -5.6827409e-03  -2.2293996e-03
  -5.4931474e-04  -9.7327992e-04  -5.3829082e-03  -1.8203012e-03
  -2.0719960e-06  -8.7590563e-04  -7.3168293e-03  -1.6701733e-03
   6.2388375e-04  -5.0887946e-04  -6.9570300e-03  -2.1693485e-03
  -9.4287973e-04  -3.6281803e-04  -7.6204099e-03  -2.1017910e-03
  -1.7112685e-03  -5.3135045e-04  -6.3835999e-03  -2.2856976e-03
  -1.6063179e-03  -9.0586695e-04  -3.8537613e-03  -2.7811196e-03
  -6.3552422e-04  -1.1155962e-03  -2.7856073e-03  -3.0400902e-03
   4.9269542e-04  -9.0961212e-04  -2.7518761e-03  -2.4658511e-03
  -4.1062994e-04  -1.0065648e-04  -6.1324900e-03  -1.4299687e-03
  -6.9549603e-04   3.7914630e-05  -6.9832654e-03  -1.0734150e-03
   2.5655643e-04  -5.3135045e-04  -4.5621161e-03  -1.6176285e-03
  -6.5051717e-04  -5.6131177e-04  -3.5914077e-03  -2.0567526e-03
  -2.1685536e-03  -7.8602167e-04  -2.5270016e-03  -1.7489904e-03
  -1.6587932e-03  -9.1335728e-04  -2.5951661e-04  -2.1243101e-03
   1.3661281e-04  -6.9239255e-04   2.2665741e-03  -2.8336644e-03
   1.0849170e-03  -6.5119573e-04   3.1473327e-03  -2.5484214e-03
   1.1412338e-04  -6.7741189e-04   2.8624916e-03  -1.9741823e-03
  -1.1826737e-04  -6.2872474e-04   3.9268977e-03  -1.5725902e-03
   1.6285048e-04  -1.0369477e-03   5.2873887e-03  -1.5463178e-03
  -6.6551012e-04  -1.4077191e-03   5.2649013e-03  -1.6176285e-03
  -1.3316710e-05  -1.0481832e-03   5.0625142e-03  -1.5988626e-03
   6.9144526e-05  -8.6841530e-04   4.2829491e-03  -1.9704291e-03
  -7.7795726e-04  -7.1111837e-04   3.3946947e-03  -1.9666759e-03
   2.7529762e-04  -6.6617639e-04   4.0056038e-03  -2.2969572e-03
   3.0528352e-04  -8.7216047e-04   4.9838081e-03  -2.6572641e-03
  -3.3191694e-04  -1.2504221e-03   5.6022131e-03  -2.2293996e-03
   5.1143661e-04  -1.1118510e-03   6.4979633e-03  -2.4320723e-03
   9.6497341e-04  -5.3135045e-04   6.2018785e-03  -2.3607615e-03
   5.9764608e-04  -7.7104101e-04   3.2672658e-03  -1.4487347e-03
  -6.1303479e-04  -7.4857002e-04   1.0522515e-03  -1.0171170e-03
  -1.3701789e-03  -7.4107969e-04   1.5020006e-03  -1.4599943e-03
  -7.5921607e-04  -1.1642833e-03   2.4727091e-03  -2.0004546e-03
  -4.7050852e-05  -1.1230865e-03   2.8287604e-03  -2.3720211e-03
   6.2013551e-04  -8.5343464e-04   1.6706565e-03  -2.4095531e-03
   9.0125336e-04  -5.5756661e-04   3.6638420e-04  -2.2068805e-03
   1.0699241e-03  -8.9463146e-04   6.6621692e-04  -2.4958766e-03
   8.4137478e-05  -1.1792640e-03  -4.5065997e-04  -2.2293996e-03
  -1.6175626e-03  -8.6467014e-04  -2.4782787e-03  -1.8615863e-03
  -1.7937298e-03  -1.1230865e-03  -3.4902142e-03  -1.9629227e-03
  -1.1827670e-03  -1.2766383e-03  -3.7038450e-03  -1.6213817e-03
  -7.4047488e-04  -9.5080893e-04  -3.8725009e-03  -1.7602500e-03
  -7.4047488e-04  -7.5980552e-04  -4.3147541e-03  -2.1655953e-03
   5.4151574e-05  -7.4482486e-04  -2.3021270e-03  -2.5822002e-03
   8.9375689e-04  -9.1710245e-04  -7.7672805e-04  -2.8824559e-03
   4.2147890e-04  -7.8602167e-04  -2.2646479e-03  -2.5559278e-03
  -2.6444866e-04  -7.7104101e-04  -4.2847709e-03  -2.0454930e-03
  -7.1423722e-04  -8.7216047e-04  -5.6265223e-03  -1.4637475e-03
  -8.1918788e-04  -8.6841530e-04  -5.4391268e-03  -1.6251349e-03
  -8.7541145e-04  -1.1567930e-03  -4.4609226e-03  -2.1017910e-03
  -1.1227952e-03  -1.0481832e-03  -4.3822165e-03  -1.7414840e-03
  -9.9910330e-04  -7.1486354e-04  -4.2960146e-03  -1.6514073e-03
   1.5535400e-04  -7.1860870e-04  -2.5907160e-03  -2.2669316e-03
   1.1598818e-03  -5.6880210e-04  -1.0953003e-03  -2.4696043e-03
   9.6497341e-04  -4.6393748e-04  -1.6237555e-03  -2.5033830e-03
   2.4905995e-04  -6.1748925e-04  -2.5307495e-03  -2.1993741e-03
   1.2161986e-04  -7.4107969e-04  -1.8373863e-03  -1.7790160e-03
  -9.5684720e-06  -8.3470882e-04  -1.0128463e-03  -1.9291439e-03
  -8.1918788e-04  -9.3208311e-04  -1.1140399e-03  -1.7677564e-03
  -6.2427950e-04  -9.2833794e-04  -8.1795505e-04  -1.8953651e-03
   3.5026238e-04  -7.0737321e-04  -8.4067030e-06  -2.3007104e-03
   8.9750512e-04  -7.8602167e-04   1.1534451e-03  -2.3607615e-03
   8.8626041e-04  -8.6841530e-04   1.7381189e-03  -2.3795275e-03
   5.0394013e-04  -5.8378276e-04   1.4570257e-03  -2.0229738e-03
   3.0153528e-04  -6.7741189e-04   2.0079683e-03  -2.0192206e-03
   3.4276590e-04  -6.8864738e-04   2.3452801e-03  -2.1543357e-03
  -2.2321804e-04  -6.5119573e-04   1.6069421e-03  -1.8878587e-03
  -3.8439227e-04  -8.6092497e-04   1.4907569e-03  -2.0567526e-03
   4.0273771e-04  -8.1972816e-04   1.6294295e-03  -1.9516631e-03
   2.7913908e-05  -6.6243123e-04   1.0110245e-03  -1.9929482e-03
  -3.5065813e-04  -6.3621507e-04   6.3998155e-04  -2.2369060e-03
   2.6405290e-04  -8.1972816e-04   1.6744044e-03  -2.1768549e-03
   5.9764608e-04  -8.1972816e-04   2.5626589e-03  -2.4808638e-03
   1.1787162e-04  -7.7853134e-04   1.6631607e-03  -2.1430761e-03
  -3.3191694e-04  -7.9725717e-04   8.1613328e-04  -1.8765991e-03
   1.1412338e-04  -6.8115705e-04   1.4008071e-03  -2.1355697e-03
  -1.3316710e-05  -7.8602167e-04   1.6444212e-03  -2.0567526e-03
  -6.6176188e-04  -9.4331860e-04   9.9228500e-04  -1.7001989e-03
  -5.9804184e-04  -6.6243123e-04   8.7235191e-04  -1.5012794e-03
  -2.4945570e-04  -5.3884078e-04   1.3595801e-03  -2.0154674e-03
   1.5910224e-04  -9.1335728e-04   1.9067748e-03  -2.2594252e-03
   1.1037514e-04  -8.0100233e-04   1.6369253e-03  -2.0680122e-03
  -2.0813186e-05  -7.8227651e-04   1.1122181e-03  -2.0192206e-03
   7.3258265e-04  -7.7853134e-04   1.1309576e-03  -2.0680122e-03
   4.5146480e-04  -5.6131177e-04   6.0625037e-04  -1.8315608e-03
  -4.5560879e-04  -7.8976684e-04  -2.1828961e-04  -1.6026158e-03
  -5.1932884e-04  -7.2984420e-04  -8.1045923e-04  -1.8052884e-03
  -5.0433589e-04  -7.9351200e-04  -8.1420714e-04  -1.6664201e-03
  -8.4533232e-05  -6.2872474e-04  -7.4674478e-04  -1.7264713e-03
   9.9130430e-05  -6.4370540e-04  -1.2227292e-03  -2.0079610e-03
   2.7904585e-04  -8.7216047e-04  -1.1889980e-03  -1.9591695e-03
   8.4502979e-04  -4.1525034e-04  -9.1914859e-04  -2.0680122e-03
   6.7635908e-04  -7.0362804e-04  -9.3414023e-04  -2.2744380e-03
   8.7885716e-05  -8.8714113e-04  -1.3164269e-03  -2.1618421e-03
  -1.4450504e-04  -8.3845398e-04  -1.3651498e-03  -1.8165480e-03
  -7.7036756e-05  -8.7590563e-04  -1.2227292e-03  -1.9816886e-03
  -2.1572156e-04  -5.3135045e-04  -1.7849156e-03  -1.9629227e-03
  -3.9554376e-05  -6.2123441e-04  -1.9273361e-03  -1.6964457e-03
   3.0528352e-04  -7.4482486e-04  -1.5862764e-03  -2.0717654e-03
   2.5655643e-04  -8.5343464e-04  -1.1177878e-03  -2.0942846e-03
   3.9898947e-04  -7.8976684e-04  -8.8541741e-04  -1.9891950e-03
   2.1532581e-04  -7.5980552e-04  -7.2425732e-04  -2.1468293e-03
   5.4244800e-06  -8.8339596e-04  -5.8933260e-04  -2.2068805e-03
   1.4410929e-04  -7.8602167e-04  -8.7042577e-04  -2.1843613e-03
  -1.1077090e-04  -9.5829926e-04  -1.0278380e-03  -1.8540799e-03
  -1.8948390e-04  -9.6204443e-04  -1.2527125e-03  -1.6589137e-03
  -1.9323213e-04  -8.8714113e-04  -8.6292996e-04  -1.8090416e-03
  -1.4450504e-04  -1.0781445e-03  -4.2817251e-04  -1.9779355e-03
  -6.2043804e-05  -1.0968704e-03  -3.0074361e-04  -1.9741823e-03
  -4.0688170e-04  -8.6467014e-04  -1.0960025e-04  -2.0942846e-03
  -3.5440637e-04  -8.3845398e-04  -4.9633702e-05  -2.1055441e-03
  -2.3446275e-04  -9.2833794e-04   3.5139256e-04  -2.0830250e-03
  -3.6190284e-04  -8.8714113e-04   2.5324478e-05  -2.0154674e-03
  -3.8064403e-04  -1.1193414e-03  -2.5202079e-04  -1.8428204e-03
  -6.2802774e-04  -8.8714113e-04  -1.8455843e-04  -1.9666759e-03
  -7.1423722e-04  -7.9725717e-04  -6.4625338e-05  -1.9328971e-03
  -5.7555241e-04  -1.0219671e-03   3.3640092e-04  -2.0942846e-03
  -4.5560879e-04  -8.3845398e-04   2.4645111e-04  -2.0905314e-03
  -3.8064403e-04  -9.0961212e-04   4.8631728e-04  -2.1468293e-03
  -1.4825328e-04  -6.2872474e-04   8.3112491e-04  -2.4057999e-03
  -1.7064948e-05  -7.3733453e-04   9.2107473e-04  -2.2256465e-03
  -2.7194513e-04  -1.0219671e-03   8.3487282e-04  -2.1243101e-03
  -2.8318985e-04  -8.0849266e-04   7.4117510e-04  -1.8991183e-03
  -4.3311937e-04  -1.0144767e-03   7.1493973e-04  -1.8540799e-03
  -5.6805593e-04  -9.3957344e-04   7.2993137e-04  -1.9479099e-03
  -3.1317575e-04  -9.5455410e-04   9.6604964e-04  -1.8278076e-03
  -3.8064403e-04  -1.0481832e-03   1.0072766e-03  -1.8203012e-03
  -2.2696628e-04  -9.3957344e-04   1.0784869e-03  -2.0529994e-03
   1.5910224e-04  -1.0219671e-03   1.1871763e-03  -1.9929482e-03
  -9.9526184e-05  -8.0474750e-04   1.2471428e-03  -1.7564968e-03
  -1.0702266e-04  -8.9837662e-04   9.5480591e-04  -1.9178843e-03
  -1.5200152e-04  -9.5829926e-04   5.3129219e-04  -1.9554163e-03
  -4.0313346e-04  -7.4482486e-04   3.7762792e-04  -1.7752628e-03
  -1.4075680e-04  -8.1972816e-04   4.7811932e-05  -1.6551605e-03
  -1.1451914e-04  -7.9351200e-04  -2.2578543e-04  -1.9141311e-03
  -1.4825328e-04  -9.3957344e-04  -2.8575197e-04  -2.0980378e-03
  -2.9068632e-04  -1.0706542e-03  -5.8933260e-04  -2.0229738e-03
