  -4.2937113e-04  -9.1335728e-04  -2.7146248e-05  -2.1017910e-03
  -5.9054536e-04  -8.0474750e-04  -4.9633702e-05  -2.1693485e-03
  -4.7050852e-05  -8.0100233e-04  -8.7112792e-05  -2.0717654e-03
   1.4785752e-04  -7.6355068e-04  -1.6956679e-04  -2.1918677e-03
  -2.8693808e-04  -7.7104101e-04  -3.3072688e-04  -2.1956209e-03
  -1.2201561e-04  -7.4107969e-04  -2.8575197e-04  -2.1918677e-03
  -1.1451914e-04  -8.2721849e-04   7.0299386e-05  -2.1693485e-03
  -2.8318985e-04  -8.5343464e-04   4.0316114e-05  -2.0755186e-03
  -1.4075680e-04  -9.0212179e-04  -3.9444133e-04  -2.2406592e-03
  -1.4825328e-04  -1.1230865e-03  -1.6956679e-04  -2.2106337e-03
  -2.5320394e-04  -8.3845398e-04  -1.3208770e-04  -2.2631784e-03
  -3.3941342e-04  -8.3470882e-04  -3.2323106e-04  -2.4283191e-03
  -4.1437818e-04  -7.8227651e-04  -4.6587940e-06  -2.1055441e-03
  -3.1692399e-04  -8.3096365e-04   5.1559841e-05  -2.0680122e-03
   4.2906860e-05  -1.1155962e-03  -1.6207097e-04  -2.3044636e-03
  -4.7050852e-05  -6.7366672e-04  -3.2697897e-04  -2.0342334e-03
  -1.7449094e-04  -7.9725717e-04  -1.1334816e-04  -2.1806081e-03
  -1.5200152e-04  -1.0481832e-03  -8.4067030e-06  -2.3532552e-03
  -3.1692399e-04  -7.2609903e-04  -2.4452497e-04  -2.2481656e-03
  -2.6819689e-04  -8.1972816e-04  -1.4707934e-04  -2.2781912e-03
  -2.0822509e-04  -8.5717981e-04  -1.9650430e-05  -2.0342334e-03
  -4.3302614e-05  -8.1972816e-04  -8.3364883e-05  -1.8916119e-03
  -1.2576385e-04  -1.0182219e-03  -2.2953333e-04  -2.0004546e-03
  -5.8202340e-06  -9.4331860e-04  -1.3208770e-04  -2.0304802e-03
   6.9144526e-05  -9.5829926e-04   3.0266974e-04  -1.9891950e-03
  -2.9068632e-04  -9.2084761e-04   1.2277011e-04  -2.0192206e-03
  -5.0799090e-05  -7.6355068e-04  -2.1454170e-04  -1.9891950e-03
  -9.2029708e-05  -7.8976684e-04  -5.7129520e-05  -2.1393229e-03
  -2.4561424e-05  -6.8115705e-04  -3.9818924e-04  -1.9028715e-03
   7.2892764e-05  -7.8227651e-04  -3.5696224e-04  -1.8428204e-03
  -3.2442046e-04  -8.5343464e-04   2.0522411e-04  -2.1768549e-03
  -2.4570747e-04  -9.1710245e-04   6.5849330e-06  -1.9779355e-03
  -3.0567927e-04  -9.0212179e-04   1.0028266e-04  -2.0755186e-03
  -3.1692399e-04  -9.3957344e-04   1.7898875e-04  -2.1243101e-03
  -2.0447685e-04  -1.0968704e-03  -3.0449151e-04  -1.9591695e-03
  -1.8948390e-04  -7.0737321e-04  -3.6820597e-04  -1.8052884e-03
   8.7885716e-05  -5.6131177e-04  -3.1948315e-04  -1.8315608e-03
  -9.5777946e-05  -8.1972816e-04  -2.7450824e-04  -2.0567526e-03
  -3.4690989e-04  -9.2833794e-04  -3.0894157e-05  -1.9178843e-03
  -3.3941342e-04  -9.7327992e-04  -1.1709606e-04  -1.9666759e-03
  -4.1812641e-04  -1.0069864e-03  -1.2084397e-04  -1.9779355e-03
  -2.0822509e-04  -7.3358936e-04   2.4645111e-04  -1.8841055e-03
  -1.6699447e-04  -7.1486354e-04  -1.0585234e-04  -2.1806081e-03
  -2.4945570e-04  -9.0961212e-04  -3.0449151e-04  -2.1017910e-03
  -2.0813186e-05  -8.0474750e-04   4.0316114e-05  -1.9591695e-03
   1.6669194e-05  -8.4968948e-04  -1.3583561e-04  -2.2556720e-03
  -8.8281470e-05  -8.3845398e-04  -1.2833979e-04  -2.0304802e-03
  -2.1572156e-04  -1.0257122e-03  -1.6207097e-04  -1.9479099e-03
  -2.5320394e-04  -1.0332026e-03  -3.1573524e-04  -2.2932040e-03
  -1.2951209e-04  -8.8714113e-04  -2.8200406e-04  -2.0342334e-03
  -2.3821099e-04  -1.0594187e-03  -3.5696224e-04  -2.0004546e-03
  -2.6444866e-04  -9.1335728e-04  -1.2084397e-04  -2.2444124e-03
  -3.5440637e-04  -8.5717981e-04  -9.0860701e-05  -2.0792718e-03
  -3.2442046e-04  -8.7590563e-04  -3.1198733e-04  -2.0867782e-03
  -9.9526184e-05  -8.4594431e-04  -3.3822270e-04  -2.0680122e-03
  -3.9938522e-04  -1.0444381e-03  -4.5815578e-04  -2.2068805e-03
  -4.4811232e-04  -9.5080893e-04  -3.4197060e-04  -2.4921234e-03
  -3.6190284e-04  -1.0519284e-03  -3.3822270e-04  -2.3382424e-03
  -3.9938522e-04  -1.3028544e-03  -3.1948315e-04  -2.2556720e-03
  -2.9443456e-04  -8.7965080e-04  -1.8081052e-04  -2.2256465e-03
  -3.2816870e-04  -8.9463146e-04  -1.8455843e-04  -1.9591695e-03
  -3.5815461e-04  -9.9200575e-04  -2.1454170e-04  -1.8353140e-03
  -3.8814051e-04  -6.0999892e-04  -2.8200406e-04  -2.3194764e-03
  -3.2816870e-04  -9.8826058e-04  -1.2084397e-04  -2.1505825e-03
  -3.3941342e-04  -1.1567930e-03  -4.0568506e-04  -1.7715096e-03
  -2.7944161e-04  -9.4331860e-04  -1.1334816e-04  -2.1017910e-03
  -2.9818280e-04  -1.1268317e-03   3.7388001e-04  -1.8953651e-03
  -4.6310527e-04  -9.5080893e-04  -1.6956679e-04  -1.8615863e-03
  -2.4195923e-04  -6.6243123e-04  -2.5202079e-04  -1.8803523e-03
   6.9144526e-05  -7.0737321e-04  -3.0449151e-04  -1.9629227e-03
   5.4151574e-05  -7.7853134e-04  -4.8064324e-04  -2.0717654e-03
  -2.3821099e-04  -9.4706377e-04  -2.9699570e-04  -1.8540799e-03
  -2.7569337e-04  -1.0893800e-03  -1.8455843e-04  -2.0117142e-03
  -2.0822509e-04  -1.0856349e-03  -4.9633702e-05  -2.0492462e-03
  -3.9563699e-04  -8.8339596e-04  -4.5885793e-05  -2.1318165e-03
  -3.6939932e-04  -8.2721849e-04  -2.3702915e-04  -1.9929482e-03
  -2.8309662e-05  -9.2084761e-04  -3.7570179e-04  -1.9066247e-03
   1.9283638e-04  -6.7741189e-04  -4.2442460e-04  -2.0342334e-03
  -6.2043804e-05  -9.1335728e-04  -2.6326452e-04  -1.8165480e-03
  -3.0567927e-04  -1.1642833e-03  -3.3822270e-04  -1.8953651e-03
  -1.3700856e-04  -8.4968948e-04  -3.7570179e-04  -1.8916119e-03
  -2.2696628e-04  -7.6355068e-04   4.0316114e-05  -2.0529994e-03
  -4.6310527e-04  -9.2084761e-04   4.0316114e-05  -2.1768549e-03
  -3.0567927e-04  -1.0182219e-03  -2.2203752e-04  -1.9291439e-03
  -2.3446275e-04  -8.1223783e-04  -3.1198733e-04  -1.9141311e-03
  -2.2321804e-04  -7.6729585e-04  -1.5082725e-04  -2.0192206e-03
  -5.4547328e-05  -9.9949608e-04  -2.1454170e-04  -2.3157232e-03
  -3.2057900e-05  -1.0369477e-03  -4.7314742e-04  -2.1543357e-03
  -8.4533232e-05  -7.3733453e-04  -2.4827288e-04  -2.1318165e-03
  -2.4945570e-04  -9.0586695e-04  -1.1709606e-04  -2.4433319e-03
  -2.7944161e-04  -1.0669090e-03  -2.5951661e-04  -2.1505825e-03
  -1.8573566e-04  -7.7478618e-04  -1.6207097e-04  -1.9629227e-03
  -2.3071451e-04  -9.7327992e-04   4.0316114e-05  -2.2256465e-03
  -1.5200152e-04  -6.7741189e-04  -1.5832306e-04  -2.2744380e-03
  -2.0072861e-04  -7.3733453e-04  -4.4316415e-04  -1.9666759e-03
  -2.7944161e-04  -1.1642833e-03  -2.1454170e-04  -2.2969572e-03
  -2.5695218e-04  -8.3845398e-04   9.6534749e-05  -2.3795275e-03
  -3.8439227e-04  -9.5455410e-04  -9.4608610e-05  -1.9366503e-03
  -2.6444866e-04  -9.9949608e-04  -2.0704588e-04  -2.1956209e-03
  -5.8295566e-05  -9.8077025e-04  -1.5902521e-05  -2.2819444e-03
  -1.7823918e-04  -1.1642833e-03  -1.2459188e-04  -2.2293996e-03
  -2.0072861e-04  -1.0669090e-03  -3.0074361e-04  -2.1768549e-03
  -3.5806138e-05  -9.9200575e-04  -2.1079379e-04  -2.0192206e-03
   2.0417432e-05  -8.0849266e-04  -8.3364883e-05  -2.0192206e-03
  -6.2043804e-05  -6.4370540e-04  -1.5902521e-05  -1.9854418e-03
   1.6762420e-06  -7.0737321e-04  -1.2154612e-05  -2.0117142e-03
   1.7409519e-04  -8.2721849e-04  -1.0210443e-04  -2.0980378e-03
  -1.7074271e-04  -1.0856349e-03  -1.6956679e-04  -2.1468293e-03
  -4.0688170e-04  -9.1710245e-04   7.4047295e-05  -1.8353140e-03
  -2.4561424e-05  -7.2235387e-04   1.7898875e-04  -1.7940288e-03
  -6.9540280e-05  -8.4594431e-04  -8.3364883e-05  -1.8015352e-03
  -1.7449094e-04  -7.4857002e-04  -1.0210443e-04  -1.8953651e-03
   1.7784343e-04  -8.3096365e-04  -2.4827288e-04  -1.9929482e-03
   1.0287867e-04  -9.3582827e-04  -3.3447479e-04  -1.6626669e-03
  -1.7074271e-04  -1.0519284e-03  -1.1709606e-04  -1.9516631e-03
  -1.8198742e-04  -8.1598299e-04  -4.6587940e-06  -2.0379866e-03
  -3.8439227e-04  -6.8115705e-04   2.0147620e-04  -2.0454930e-03
  -4.7060175e-04  -1.0519284e-03   2.3145947e-04  -2.0454930e-03
  -9.5777946e-05  -8.3845398e-04   1.7828660e-05  -1.8728459e-03
   9.5382192e-05  -6.8490222e-04  -2.5951661e-04  -2.0642590e-03
  -3.5806138e-05  -9.6204443e-04  -4.7689533e-04  -2.0004546e-03
  -9.5684720e-06  -1.0069864e-03  -3.5321433e-04  -2.1055441e-03
   1.1037514e-04  -9.6204443e-04  -2.5576870e-04  -2.0867782e-03
  -4.3302614e-05  -9.5080893e-04  -1.0585234e-04  -2.0042078e-03
  -3.0193104e-04  -8.7965080e-04   2.7268647e-04  -2.1693485e-03
  -6.5792042e-05  -8.9088629e-04   2.5324478e-05  -2.0567526e-03
  -1.0702266e-04  -8.6467014e-04  -2.1828961e-04  -2.0342334e-03
  -3.1692399e-04  -8.9088629e-04  -2.0329797e-04  -2.0567526e-03
  -9.9526184e-05  -7.7478618e-04  -2.4827288e-04  -2.1130505e-03
  -3.9938522e-04  -7.5980552e-04  -3.0894157e-05  -2.1956209e-03
  -5.0808413e-04  -1.0257122e-03  -2.8949988e-04  -2.1280633e-03
  -3.0193104e-04  -9.2084761e-04  -4.3192042e-04  -2.2331528e-03
  -3.7314756e-04  -9.7327992e-04  -3.0449151e-04  -2.2106337e-03
  -3.2816870e-04  -9.2833794e-04  -2.0329797e-04  -2.0605058e-03
  -3.0567927e-04  -8.8339596e-04  -2.1454170e-04  -2.2256465e-03
  -3.2442046e-04  -1.1418123e-03  -3.6071015e-04  -2.1731017e-03
  -2.8318985e-04  -1.0332026e-03  -2.2578543e-04  -1.9629227e-03
  -2.7944161e-04  -8.5343464e-04  -3.3072688e-04  -2.1881145e-03
  -5.0058765e-04  -7.2235387e-04  -1.6956679e-04  -2.1731017e-03
  -4.8184646e-04  -9.4331860e-04  -1.3583561e-04  -2.2031273e-03
  -9.9526184e-05  -1.2204608e-03  -2.5576870e-04  -2.2181401e-03
  -5.8295566e-05  -1.1455575e-03  -2.2578543e-04  -1.9253907e-03
  -3.9563699e-04  -1.1043607e-03  -3.9069342e-04  -2.2031273e-03
  -4.9683941e-04  -1.0219671e-03  -3.3072688e-04  -2.1092973e-03
  -2.1572156e-04  -9.6204443e-04  -3.7944969e-04  -1.9629227e-03
  -1.1826737e-04  -8.5717981e-04  -2.4077706e-04  -2.1806081e-03
  -8.0784994e-05  -9.5455410e-04   4.0316114e-05  -1.8916119e-03
  -1.5200152e-04  -1.0556735e-03   2.5324478e-05  -2.1318165e-03
  -3.0567927e-04  -8.0474750e-04   1.7828660e-05  -2.2106337e-03
  -7.3288518e-05  -8.4594431e-04  -1.5832306e-04  -1.8390672e-03
  -2.4570747e-04  -1.0332026e-03  -1.8455843e-04  -2.0830250e-03
  -2.7944161e-04  -9.1335728e-04   2.6519065e-04  -2.0905314e-03
   1.6669194e-05  -8.1223783e-04   5.9055659e-05  -1.9929482e-03
  -5.0799090e-05  -7.9351200e-04  -3.1948315e-04  -1.9929482e-03
  -2.0813186e-05  -8.6841530e-04  -3.1948315e-04  -1.9554163e-03
  -3.0942751e-04  -9.9200575e-04  -3.8694551e-04  -2.0454930e-03
  -3.2442046e-04  -8.7590563e-04   8.1543113e-05  -2.0267270e-03
  -3.1317575e-04  -8.0100233e-04   1.0028266e-04  -2.0905314e-03
  -3.8064403e-04  -6.9613771e-04  -1.9205424e-04  -1.9253907e-03
   5.7899812e-05  -7.1111837e-04  -1.3958352e-04  -2.0605058e-03
  -9.5684720e-06  -8.7590563e-04  -4.8813906e-04  -2.2218933e-03
  -7.7036756e-05  -6.5119573e-04  -5.6309724e-04  -1.9516631e-03
  -5.8202340e-06  -7.3358936e-04  -1.6956679e-04  -2.1693485e-03
  -2.0719960e-06  -9.5829926e-04   1.0403057e-04  -2.0605058e-03
  -2.6819689e-04  -8.5717981e-04   5.9055659e-05  -1.9516631e-03
  -5.2682532e-04  -9.3582827e-04  -3.8389975e-05  -2.1768549e-03
  -8.0784994e-05  -9.8451542e-04  -2.4827288e-04  -2.0642590e-03
   5.4151574e-05  -9.2084761e-04  -3.7944969e-04  -2.0117142e-03
  -2.4945570e-04  -1.0144767e-03  -1.9955006e-04  -1.9779355e-03
  -1.8198742e-04  -9.6953476e-04  -1.8455843e-04  -2.0830250e-03
  -8.4533232e-05  -8.1972816e-04  -1.3958352e-04  -2.1655953e-03
  -2.7944161e-04  -9.6204443e-04  -3.0894157e-05  -2.1468293e-03
  -1.6324623e-04  -9.0212179e-04   1.0028266e-04  -2.1318165e-03
  -8.0784994e-05  -9.3957344e-04  -1.2459188e-04  -2.1243101e-03
  -7.3288518e-05  -1.1081059e-03  -2.7076033e-04  -2.1543357e-03
  -1.9323213e-04  -8.7590563e-04   2.1576569e-05  -2.1243101e-03
  -3.9563699e-04  -9.9200575e-04  -2.3328124e-04  -2.0680122e-03
  -1.2201561e-04  -8.4219915e-04  -4.9188696e-04  -1.9366503e-03
  -2.5320394e-04  -5.5756661e-04  -4.3941624e-04  -1.9141311e-03
  -2.8693808e-04  -9.0586695e-04  -5.7059305e-04  -2.1768549e-03
  -1.3326033e-04  -8.4968948e-04  -2.7450824e-04  -2.1393229e-03
  -3.4316165e-04  -8.8714113e-04  -1.9955006e-04  -2.0229738e-03
  -1.4825328e-04  -1.1605382e-03   1.0332842e-05  -2.3757743e-03
  -9.2029708e-05  -8.7216047e-04  -4.2137884e-05  -2.1318165e-03
  -1.4825328e-04  -6.6992156e-04  -1.1709606e-04  -1.9929482e-03
  -2.0719960e-06  -7.1111837e-04   3.8137583e-04  -2.1918677e-03
  -2.8309662e-05  -7.0737321e-04  -1.9205424e-04  -2.0192206e-03
   9.9130430e-05  -6.8864738e-04   3.7762792e-04  -2.0792718e-03
   2.2282228e-04  -7.4857002e-04  -4.0568506e-04  -1.7377308e-03
  -1.0702266e-04  -8.7590563e-04  -7.9616974e-05  -1.8540799e-03
  -2.4561424e-05  -9.4706377e-04   8.7984773e-04  -2.2293996e-03
  -9.5777946e-05  -1.0069864e-03  -3.0104818e-03  -2.1168037e-03
  -3.9563699e-04  -9.0586695e-04   1.6557351e-02  -1.9854418e-03
   3.5026238e-04  -8.0100233e-04   9.4187790e-02   2.7773595e-04
   2.7416382e-03  -8.8714113e-04   1.3875792e-01   3.2127360e-03
   6.9546577e-03  -4.2274067e-04   5.5565588e-02   4.5826529e-03
   8.9375689e-04   1.2030826e-04  -1.3485887e-02   5.0480493e-03
  -5.6019396e-03   1.3528892e-04   7.9446562e-03   1.2235416e-03
   4.0872557e-03  -2.8416956e-04  -1.5854566e-02  -5.6335493e-03
  -2.0186240e-03  -7.8602167e-04  -1.1196969e-01  -5.9375583e-03
  -1.6445592e-02   5.2895290e-05  -1.7931962e-01  -3.7194189e-03
  -7.0075288e-03  -4.9764397e-04  -1.5958688e-01  -8.8688051e-03
   3.2026715e-03  -1.9058260e-03  -1.1137377e-01  -1.2280461e-02
  -3.2442046e-04  -1.9732390e-03  -9.1105083e-02  -8.7862348e-03
   2.7678759e-03  -2.4114233e-03  -5.7928592e-02  -7.3187348e-03
   1.1928570e-02  -1.4002287e-03  -5.1842690e-03  -7.5664458e-03
  -2.5808597e-03  -8.0474750e-04   3.2857007e-02  -4.7965864e-03
  -1.4414047e-02  -3.2821850e-06   4.7650004e-02  -1.7640089e-04
  -1.2352423e-03  -9.0586695e-04   6.4755461e-02   4.3874867e-03
   4.5070583e-03  -2.7934301e-03   7.9484743e-02   6.7257284e-03
   7.9255446e-04   4.8733443e-04   6.1262410e-02   7.4050570e-03
   1.7521034e-03   1.1352480e-03   4.3658481e-02   4.9016746e-03
   7.8055078e-03   1.1698475e-05   2.4559137e-02  -1.3323856e-03
   2.9103089e-03  -8.9837662e-04  -8.3849833e-03  -5.3970979e-03
  -6.7938793e-03  -3.3664404e-03  -2.8406313e-02  -8.7074177e-03
  -4.3725175e-03  -2.8908044e-03  -3.4170597e-02  -1.0884272e-02
   2.0819483e-03  -2.7260171e-03  -3.7611178e-02  -8.8312732e-03
   8.9487203e-03  -2.0631229e-03  -3.7382555e-02  -4.5676414e-03
   7.3669639e-03  -5.1262463e-04  -2.1285286e-02  -1.0546490e-03
  -5.9167916e-03  -5.0513430e-04  -7.4555019e-03   7.6565156e-04
  -1.2536180e-02  -4.0401484e-04   6.6966025e-03   2.1993728e-03
  -7.5060445e-03  -1.6998419e-03   2.2632712e-02   1.8615851e-03
  -5.4181827e-04  -2.4601104e-03   2.6601747e-02   1.1822564e-03
   2.8915677e-03  -1.1230865e-03   3.1462785e-02  -1.7640089e-04
   3.1951750e-03  -5.0513430e-04   3.5761637e-02  -3.2164905e-03
   5.4216284e-03   5.0231509e-04   3.1234163e-02  -4.9992590e-03
   6.5910786e-03   4.0868596e-04   1.9259593e-02  -4.7890800e-03
   3.1839303e-03  -1.5725063e-03   1.1231572e-02  -3.7231721e-03
  -2.8207470e-03  -1.7710001e-03   4.1705118e-03  -2.5521746e-03
  -7.3786044e-03  -1.5874870e-03  -1.6349992e-03  -1.2047769e-03
  -6.2129024e-03  -1.1043607e-03  -1.6200076e-03  -3.6781394e-04
   4.8894718e-04  -3.2911154e-04  -6.8221053e-03   8.2569702e-05
   2.3968003e-03  -3.4034704e-04  -1.0363879e-02   9.7958378e-04
  -4.6161530e-03  -7.0273500e-06  -6.1624733e-03   8.3320910e-04
  -4.1813574e-03  -5.1969330e-05   4.8751187e-03  -2.9425071e-03
   4.6645775e-04  -4.1525034e-04   1.6932142e-02  -5.6110301e-03
   1.3847761e-03  -8.3470882e-04   7.8884376e-03  -3.0626094e-03
   5.6765086e-03  -8.5343464e-04   2.0679349e-03  -1.6664201e-03
   9.3647748e-03  -7.4857002e-04   1.9641880e-02  -3.7194189e-03
   4.4845689e-03  -5.1636979e-04   1.6920898e-02  -3.5692910e-03
  -4.4287411e-03  -4.4895682e-04   1.3895634e-03  -5.1043542e-04
  -4.4512305e-03  -1.4226997e-03   1.3445884e-03   8.8575386e-04
  -3.9938522e-04  -1.7185678e-03   3.1848118e-03   1.5012156e-05
  -2.4159373e-03  -1.2242060e-03  -2.1109837e-03  -3.0400959e-04
  -3.6453593e-03  -1.3061780e-04  -5.8439010e-03  -1.3886892e-04
   2.8765748e-03   2.5513420e-04  -2.4295559e-03  -2.0492462e-03
   8.3714917e-03  -7.2609903e-04  -1.5000745e-03  -3.9371043e-03
   4.1472275e-03  -5.9501826e-04  -3.3965164e-03  -3.7081593e-03
  -1.2090046e-03  -8.9837662e-04  -7.5679392e-03  -3.3290864e-03
  -1.2877176e-03  -1.2654028e-03  -9.3969187e-03  -2.8862091e-03
  -3.5806138e-05  -6.3621507e-04  -9.3856750e-03  -2.4620979e-03
  -5.6055946e-04  -5.9127309e-04  -1.5764616e-02  -1.3023600e-03
  -1.5988214e-03  -2.1675659e-04  -1.8099563e-02  -1.5763491e-04
  -1.8049745e-03  -3.6656319e-04  -1.2200355e-02  -8.5572955e-04
  -7.7795726e-04  -1.0856349e-03  -7.5454517e-03  -2.1655953e-03
   9.0125336e-04  -1.1268317e-03  -5.9450946e-03  -2.8073920e-03
  -1.2277458e-03  -9.0212179e-04  -9.4868686e-03  -1.9854418e-03
  -2.2397701e-03  -1.0444381e-03  -1.1173428e-02  -2.3044636e-03
   2.7341417e-03  -1.2504221e-03   1.6774502e-04  -4.7402884e-03
   3.2551468e-03  -1.3215803e-03   1.4982527e-03  -4.9767399e-03
  -1.9099251e-03  -1.3103448e-03  -1.0172736e-02  -2.5446682e-03
  -3.2742838e-03  -1.2129705e-03  -9.8429199e-03  -1.6626669e-03
  -1.1377881e-03  -1.6586451e-03  -2.8380780e-03  -2.6497577e-03
  -1.5013672e-03  -1.3702674e-03  -4.2210564e-03  -2.3907871e-03
  -3.9639596e-03  -6.6617639e-04  -9.7829534e-03  -9.6081906e-04
  -1.9661487e-03  -1.4559846e-04  -6.4210790e-03  -8.6698914e-04
   1.6696422e-03  -1.8262845e-05   1.0934785e-03  -2.5334086e-03
  -3.4316165e-04  -6.6617639e-04   3.0948619e-03  -2.6760301e-03
  -2.2060359e-03  -7.2984420e-04   2.2740699e-03  -1.8803523e-03
   1.0811688e-03  -1.4077191e-03   6.5429382e-03  -2.7886260e-03
   1.9695012e-03  -1.8871002e-03   1.0530713e-02  -3.0138178e-03
  -1.2989623e-03  -1.0182219e-03   7.6485714e-03  -2.3082168e-03
  -4.1437818e-04  -5.0887946e-04   6.5879131e-03  -2.0605058e-03
   2.3143391e-03  -7.4440320e-05   6.2843325e-03  -1.6739265e-03
   1.0999100e-03  -3.5158253e-04   4.8226480e-03  -1.3098664e-03
  -2.5546221e-03  -9.8451542e-04   3.0461391e-03  -8.5948274e-04
  -3.9039878e-03  -7.0737321e-04   2.6526087e-03  -7.9192520e-04
  -1.6063179e-03  -1.2878738e-03   5.1974389e-03  -1.1334661e-03
  -3.8814051e-04  -1.6773709e-03   5.0212872e-03  -1.5313050e-03
   1.4409996e-03  -7.6355068e-04   7.9071771e-03  -2.5371618e-03
   2.1981437e-03  -6.4370540e-04   1.0260864e-02  -2.8561835e-03
   5.0394013e-04  -5.6505694e-04   4.5453027e-03  -2.1655953e-03
   6.4637318e-04  -5.6131177e-04   3.6832837e-03  -1.6401477e-03
   7.1758970e-04  -1.0706542e-03   7.7160337e-03  -2.1430761e-03
  -4.3686760e-04  -8.9088629e-04   6.1044329e-03  -2.3157232e-03
  -1.8874357e-03  -8.9088629e-04   1.9180185e-03  -1.0171170e-03
  -1.0215927e-03  -8.0849266e-04   1.3895634e-03  -4.5789067e-04
   8.2254036e-04  -5.2011496e-04   1.6106900e-03  -9.6457226e-04
   2.8654233e-04  -7.2609903e-04   1.0335120e-03  -1.4036963e-03
  -4.8559470e-04  -4.3397616e-04   1.5994463e-03  -1.7227181e-03
   1.2911633e-04  -4.7142781e-04   1.7306231e-03  -2.3269828e-03
   1.0361899e-03  -9.1335728e-04   1.6819003e-03  -2.8224048e-03
   4.4396833e-04  -5.3884078e-04   4.8256938e-04  -2.7285749e-03
  -1.4075680e-04  -4.5644715e-04  -2.2983791e-03  -2.2406592e-03
   1.8159167e-04  -5.5756661e-04  -3.6551222e-03  -2.0192206e-03
  -4.3686760e-04  -4.6768265e-04  -3.9774423e-03  -1.9891950e-03
  -1.6175626e-03  -7.7104101e-04  -5.7314637e-03  -1.6326413e-03
  -2.1498124e-03  -1.0556735e-03  -6.1362379e-03  -1.7377308e-03
  -1.8537016e-03  -1.3178351e-03  -5.0343527e-03  -1.9816886e-03
  -1.3401930e-03  -1.2766383e-03  -4.4834100e-03  -2.4395787e-03
  -4.3686760e-04  -1.0669090e-03  -3.0404651e-03  -3.0776222e-03
   5.8640137e-04  -1.1230865e-03  -1.9160924e-03  -3.1526861e-03
   3.8774476e-04  -9.4331860e-04  -1.5825285e-03  -2.9199879e-03
  -9.9526184e-05  -9.1710245e-04  -2.3995726e-03  -2.6985493e-03
  -5.3432179e-04  -1.0706542e-03  -2.4670350e-03  -2.6610173e-03
  -1.4376472e-03  -1.2279511e-03  -2.3096228e-03  -2.2894508e-03
  -2.0411135e-03  -1.2504221e-03  -3.2765834e-03  -2.0304802e-03
  -1.9249181e-03  -1.0519284e-03  -3.0217255e-03  -1.9253907e-03
  -6.9924426e-04  -9.6204443e-04  -3.0067339e-03  -1.6889393e-03
   3.8399652e-04  -6.0625375e-04  -2.4407996e-03  -1.8728459e-03
   3.6900357e-04  -7.1486354e-04  -2.0735046e-03  -1.9479099e-03
  -1.3316710e-05  -1.0182219e-03  -2.0510171e-03  -2.1130505e-03
  -6.8799955e-04  -1.1006155e-03  -1.0578212e-03  -2.3457488e-03
  -7.4422312e-04  -1.3215803e-03  -6.2306378e-04  -2.1243101e-03
  -4.8559470e-04  -1.2204608e-03  -2.9699570e-04  -2.3570083e-03
  -4.1812641e-04  -1.0369477e-03  -7.2050941e-04  -2.4057999e-03
   4.4022009e-04  -6.3246991e-04  -1.5975201e-03  -1.9854418e-03
   5.9764608e-04  -7.2609903e-04  -1.9535715e-03  -1.8878587e-03
  -7.3288518e-05  -9.8451542e-04  -1.5375536e-03  -1.7039521e-03
  -6.9549603e-04  -8.8339596e-04  -8.1045923e-04  -1.9366503e-03
  -1.2839694e-03  -1.0743994e-03  -4.3566833e-04  -2.0830250e-03
  -9.8411035e-04  -1.0856349e-03   3.3265302e-04  -1.9066247e-03
  -2.6444866e-04  -1.0369477e-03   9.0608309e-04  -2.1393229e-03
   6.0889080e-04  -7.8602167e-04   8.1988119e-04  -2.1468293e-03
   8.5627451e-04  -6.6243123e-04   1.1047223e-03  -2.2068805e-03
   5.6016370e-04  -7.8227651e-04   1.4945048e-03  -2.3307360e-03
   3.5410384e-05  -8.0100233e-04   1.2396470e-03  -2.4095531e-03
  -7.5546783e-04  -9.6204443e-04   1.1571930e-03  -2.2406592e-03
  -5.1183236e-04  -8.8714113e-04   1.0784869e-03  -1.8728459e-03
   2.7529762e-04  -8.3845398e-04   8.4236864e-04  -2.0980378e-03
   4.2522714e-04  -6.8864738e-04   7.7865419e-04  -1.7790160e-03
  -3.2816870e-04  -4.9389880e-04   3.1391347e-04  -1.4862666e-03
  -2.6070042e-04  -5.3884078e-04   5.2754428e-04  -1.7602500e-03
  -1.6324623e-04  -5.8752793e-04   1.6369253e-03  -1.9253907e-03
  -6.6925836e-04  -7.2984420e-04   1.8917832e-03  -2.4846170e-03
   3.9158622e-05  -8.4968948e-04   1.6256816e-03  -2.4545915e-03
   7.3633089e-04  -8.1972816e-04   1.3146052e-03  -2.1655953e-03
   7.2883441e-04  -5.1262463e-04   1.2134116e-03  -2.2856976e-03
  -1.3326033e-04  -6.9988288e-04   1.0709911e-03  -2.2744380e-03
  -7.8920198e-04  -9.9949608e-04   3.9636747e-04  -2.1543357e-03
  -6.7675484e-04  -9.6578959e-04   3.2140929e-04  -2.1430761e-03
  -6.5051717e-04  -1.0444381e-03   2.7268647e-04  -2.1655953e-03
  -4.8559470e-04  -9.2833794e-04  -3.5696224e-04  -1.9103779e-03
  -6.2043804e-05  -9.9200575e-04  -3.6445806e-04  -2.0117142e-03
   3.3526942e-04  -9.4331860e-04   3.2820296e-05  -2.3570083e-03
   1.2911633e-04  -9.8826058e-04  -8.4067030e-06  -2.1318165e-03
  -1.5200152e-04  -1.1755188e-03   1.3026593e-04  -2.1993741e-03
  -2.3071451e-04  -1.1230865e-03   2.2771156e-04  -2.6047194e-03
   1.1037514e-04  -9.5080893e-04   1.3026593e-04  -2.2556720e-03
   3.0528352e-04  -8.2347332e-04  -1.7331470e-04  -1.9216375e-03
   1.8159167e-04  -8.2347332e-04  -9.6787141e-04  -2.0567526e-03
   3.1652823e-04  -4.7891814e-04  -1.3276707e-03  -2.0117142e-03
   2.4165670e-05  -6.3996024e-04  -1.3913851e-03  -1.6926925e-03
  -3.5815461e-04  -7.6355068e-04  -1.5600410e-03  -1.5500710e-03
  -7.3672664e-04  -8.1598299e-04  -1.7099574e-03  -1.5951094e-03
  -2.2696628e-04  -1.1717737e-03  -1.2789479e-03  -1.8653395e-03
   8.1129565e-04  -9.9949608e-04  -7.3924896e-04  -2.1655953e-03
   5.9014961e-04  -9.0961212e-04  -1.0915524e-03  -1.9666759e-03
   3.7275180e-04  -8.9088629e-04  -1.6087638e-03  -2.1205569e-03
   5.0019190e-04  -9.8077025e-04  -1.8036551e-03  -2.2744380e-03
  -2.4561424e-05  -8.7965080e-04  -2.1259753e-03  -2.1168037e-03
  -3.5440637e-04  -7.6729585e-04  -2.5494890e-03  -2.1055441e-03
  -1.2951209e-04  -1.0444381e-03  -2.4070685e-03  -1.9854418e-03
   6.1648050e-05  -1.1904995e-03  -1.9573194e-03  -2.0154674e-03
   6.9144526e-05  -9.2459278e-04  -1.9198403e-03  -2.0605058e-03
  -2.1197332e-04  -7.1860870e-04  -1.9835547e-03  -2.0492462e-03
  -5.4547328e-05  -9.7702509e-04  -1.4663433e-03  -2.0830250e-03
  -1.7449094e-04  -9.2084761e-04  -9.3788814e-04  -2.2143869e-03
  -4.5560879e-04  -9.7702509e-04  -7.5798850e-04  -2.1618421e-03
   2.1157757e-04  -8.6467014e-04  -8.7042577e-04  -1.7602500e-03
   2.3031876e-04  -6.6992156e-04  -9.6787141e-04  -1.8841055e-03
   5.4151574e-05  -1.0968704e-03  -3.6071015e-04  -2.1205569e-03
   2.5280819e-04  -9.1335728e-04  -1.6956679e-04  -2.0529994e-03
  -3.6565108e-04  -7.1486354e-04  -2.3328124e-04  -2.0229738e-03
  -5.9429360e-04  -9.4706377e-04   9.2786840e-05  -1.9479099e-03
  -1.7074271e-04  -8.1598299e-04   4.9381310e-04  -1.8428204e-03
  -1.9698037e-04  -8.8714113e-04   9.3231846e-04  -1.7790160e-03
  -6.5792042e-05  -9.9200575e-04   1.2209074e-03  -1.9967014e-03
   1.2911633e-04  -8.6092497e-04   1.6069421e-03  -1.9441567e-03
  -1.9323213e-04  -9.2833794e-04   1.6106900e-03  -2.0417398e-03
  -5.5681122e-04  -8.4219915e-04   1.4270424e-03  -1.9854418e-03
  -6.3177598e-04  -7.2984420e-04   2.0604391e-03  -1.5951094e-03
   1.6762420e-06  -1.0706542e-03   3.3309802e-03  -2.2068805e-03
   3.8774476e-04  -1.0818897e-03   3.1960555e-03  -2.2819444e-03
  -1.8573566e-04  -8.1598299e-04   1.9217664e-03  -1.8090416e-03
  -9.5684720e-06  -9.4331860e-04   2.3340364e-03  -2.0154674e-03
   9.9130430e-05  -7.9351200e-04   2.6825920e-03  -2.1092973e-03
  -7.6671255e-04  -8.1598299e-04   1.3445884e-03  -1.8878587e-03
  -6.8799955e-04  -1.1230865e-03   8.4986446e-04  -1.7414840e-03
  -2.4570747e-04  -9.6578959e-04   1.7830938e-03  -2.0942846e-03
  -2.1572156e-04  -1.1530478e-03   1.8093292e-03  -2.2819444e-03
  -1.7449094e-04  -1.1755188e-03   1.0072766e-03  -1.6326413e-03
   1.8908814e-04  -8.8714113e-04   8.0863746e-04  -1.6138753e-03
   3.8774476e-04  -1.0669090e-03   9.0233518e-04  -2.1055441e-03
  -9.9526184e-05  -8.8714113e-04   8.7609982e-04  -1.7977820e-03
  -3.6565108e-04  -7.3733453e-04  -1.2154612e-05  -1.7564968e-03
  -1.5574975e-04  -8.8339596e-04  -6.3430751e-04  -2.0154674e-03
   2.3781524e-04  -9.6204443e-04  -2.7825615e-04  -1.9591695e-03
  -2.4195923e-04  -1.0631639e-03  -3.9444133e-04  -1.8540799e-03
  -5.7930065e-04  -9.2833794e-04  -7.3924896e-04  -1.7902756e-03
  -1.8198742e-04  -8.6092497e-04  -9.9785468e-04  -1.8916119e-03
   8.7885716e-05  -7.7853134e-04  -1.5338057e-03  -2.0905314e-03
   2.3406700e-04  -8.4219915e-04  -2.2046814e-03  -2.0905314e-03
  -3.2442046e-04  -9.9200575e-04  -2.2084293e-03  -2.0492462e-03
  -2.2321804e-04  -9.5455410e-04  -2.1634544e-03  -2.1918677e-03
  -1.6699447e-04  -1.1792640e-03  -2.5569848e-03  -2.0229738e-03
  -5.1558060e-04  -1.1380672e-03  -1.6687304e-03  -2.0117142e-03
  -7.3288518e-05  -8.9463146e-04  -8.1045923e-04  -2.1468293e-03
  -1.5949799e-04  -7.3733453e-04  -1.6050159e-03  -1.9967014e-03
  -3.4690989e-04  -7.3733453e-04  -2.4070685e-03  -1.8953651e-03
  -6.5792042e-05  -8.9463146e-04  -2.1222274e-03  -1.9028715e-03
