  -2.3071451e-04  -8.0849266e-04   6.5849330e-06  -1.9741823e-03
  -1.3326033e-04  -7.7478618e-04  -4.2442460e-04  -1.7865224e-03
  -5.1932884e-04  -7.5606035e-04  -1.6956679e-04  -2.2331528e-03
  -1.9323213e-04  -8.4594431e-04  -3.0449151e-04  -2.1355697e-03
   8.4137478e-05  -9.0212179e-04  -4.7314742e-04  -2.0830250e-03
  -2.4945570e-04  -7.9725717e-04   6.5849330e-06  -2.1993741e-03
  -3.1317575e-04  -1.0144767e-03  -3.6445806e-04  -2.1731017e-03
  -1.7449094e-04  -1.0069864e-03  -3.1198733e-04  -2.0342334e-03
  -3.5806138e-05  -8.9837662e-04  -1.2459188e-04  -2.2706848e-03
  -2.6819689e-04  -9.2084761e-04  -3.4571851e-04  -2.4208127e-03
  -2.6819689e-04  -8.7590563e-04  -3.6820597e-04  -2.0267270e-03
  -1.8198742e-04  -1.0369477e-03  -4.6190369e-04  -2.1580889e-03
  -2.0072861e-04  -9.4706377e-04  -4.3941624e-04  -2.2669316e-03
  -2.4561424e-05  -8.1223783e-04  -2.5576870e-04  -2.2519188e-03
  -3.3191694e-04  -8.6841530e-04  -1.0210443e-04  -2.0905314e-03
  -1.7823918e-04  -1.0332026e-03  -2.5202079e-04  -1.8690927e-03
  -6.9540280e-05  -1.0856349e-03  -2.6701242e-04  -2.1731017e-03
  -3.5440637e-04  -9.3208311e-04  -2.5951661e-04  -1.9366503e-03
  -3.2816870e-04  -1.0931252e-03  -4.5440787e-04  -2.0642590e-03
  -4.9309117e-04  -9.7702509e-04  -1.6581888e-04  -2.3495020e-03
  -2.6819689e-04  -7.2609903e-04  -8.3364883e-05  -1.9253907e-03
  -2.5695218e-04  -9.5080893e-04  -8.3364883e-05  -2.1205569e-03
  -2.7194513e-04  -6.4745057e-04   2.1576569e-05  -1.9891950e-03
   6.1648050e-05  -6.0999892e-04  -3.4571851e-04  -1.7077053e-03
  -2.3821099e-04  -9.4706377e-04  -8.3364883e-05  -1.9479099e-03
  -1.7823918e-04  -6.0999892e-04   1.9398038e-04  -1.8765991e-03
   9.1727180e-06  -7.5231519e-04  -2.0704588e-04  -1.6926925e-03
  -5.4547328e-05  -9.4706377e-04  -2.2578543e-04  -1.7977820e-03
  -1.8198742e-04  -9.4331860e-04  -5.3381611e-05  -2.1618421e-03
  -3.0193104e-04  -1.0631639e-03  -1.3958352e-04  -2.0117142e-03
   1.3661281e-04  -8.7590563e-04  -2.0704588e-04  -1.9629227e-03
  -9.5777946e-05  -9.0212179e-04  -1.0960025e-04  -2.0267270e-03
  -3.0942751e-04  -8.0100233e-04  -4.2137884e-05  -1.9291439e-03
   9.1727180e-06  -7.1860870e-04  -2.4452497e-04  -1.9816886e-03
  -5.4547328e-05  -1.0069864e-03  -3.8319760e-04  -1.8503268e-03
  -1.1826737e-04  -1.1230865e-03  -6.0877429e-05  -2.1355697e-03
  -2.6819689e-04  -8.8714113e-04  -1.0210443e-04  -2.1092973e-03
  -2.1946980e-04  -6.5868606e-04  -2.5576870e-04  -1.8390672e-03
  -1.7074271e-04  -9.4706377e-04  -1.0960025e-04  -1.8503268e-03
  -1.4825328e-04  -1.1530478e-03  -2.7825615e-04  -1.7977820e-03
   1.6669194e-05  -7.2609903e-04  -2.5951661e-04  -2.1693485e-03
  -8.4533232e-05  -8.4219915e-04  -2.5951661e-04  -2.3344892e-03
  -3.4690989e-04  -1.0332026e-03  -2.1079379e-04  -1.9929482e-03
  -4.3686760e-04  -6.2872474e-04  -2.4452497e-04  -1.9629227e-03
   5.4244800e-06  -6.6617639e-04  -4.0568506e-04  -2.1355697e-03
  -5.4547328e-05  -6.6992156e-04  -1.0960025e-04  -2.1505825e-03
  -3.0942751e-04  -6.6992156e-04  -2.9324779e-04  -2.0905314e-03
  -1.7064948e-05  -8.7216047e-04  -3.0074361e-04  -2.1580889e-03
  -2.1946980e-04  -8.3096365e-04  -1.0585234e-04  -2.2218933e-03
  -3.0567927e-04  -9.0586695e-04  -2.8575197e-04  -2.0492462e-03
  -2.9068632e-04  -9.5080893e-04  -1.7331470e-04  -2.0342334e-03
  -3.6939932e-04  -6.2123441e-04  -1.8081052e-04  -2.0905314e-03
  -1.1826737e-04  -6.7741189e-04  -2.4077706e-04  -2.1655953e-03
  -1.2201561e-04  -1.0706542e-03  -1.5832306e-04  -2.1318165e-03
  -1.3326033e-04  -1.0406929e-03  -2.8575197e-04  -2.1393229e-03
  -1.9698037e-04  -9.0212179e-04  -2.4452497e-04  -2.3645147e-03
  -2.6819689e-04  -7.1860870e-04  -6.0877429e-05  -2.1956209e-03
  -1.3700856e-04  -7.2984420e-04  -2.6701242e-04  -2.0867782e-03
  -1.1826737e-04  -8.7965080e-04  -1.2459188e-04  -2.0342334e-03
  -8.0784994e-05  -8.7590563e-04   1.1527429e-04  -1.8878587e-03
  -5.0799090e-05  -8.3096365e-04   6.5849330e-06  -2.0792718e-03
   7.6641002e-05  -7.7853134e-04  -6.0877429e-05  -2.1280633e-03
   8.7885716e-05  -6.4370540e-04  -1.7331470e-04  -1.9141311e-03
  -6.2043804e-05  -6.8490222e-04   2.9072387e-05  -1.8690927e-03
  -8.8281470e-05  -1.0219671e-03  -6.4625338e-05  -1.7114585e-03
  -7.7036756e-05  -1.0743994e-03  -2.2578543e-04  -1.7827692e-03
   1.1412338e-04  -8.4968948e-04  -1.9650430e-05  -2.1505825e-03
   2.4165670e-05  -6.5494090e-04  -7.2121156e-05  -2.0154674e-03
  -8.8281470e-05  -8.9837662e-04  -4.6587940e-06  -1.9704291e-03
   9.1727180e-06  -8.3845398e-04   8.9038931e-05  -1.8878587e-03
  -9.2029708e-05  -4.8266331e-04  -4.6587940e-06  -1.8203012e-03
  -1.1451914e-04  -8.1972816e-04  -1.5832306e-04  -2.1806081e-03
  -8.0784994e-05  -7.9725717e-04  -2.4077706e-04  -1.9779355e-03
  -1.2951209e-04  -6.7741189e-04  -6.0877429e-05  -1.9216375e-03
  -9.9526184e-05  -8.3096365e-04  -8.3364883e-05  -2.1693485e-03
   1.0662691e-04  -7.8602167e-04  -1.7331470e-04  -1.9028715e-03
  -1.6324623e-04  -6.6992156e-04  -1.2833979e-04  -1.9253907e-03
  -4.2937113e-04  -6.7741189e-04  -6.8373247e-05  -1.9253907e-03
  -2.2321804e-04  -8.9463146e-04  -3.4642066e-05  -1.9291439e-03
  -1.7823918e-04  -7.9351200e-04  -2.5202079e-04  -2.1393229e-03
  -9.5684720e-06  -7.3358936e-04  -3.6820597e-04  -2.0567526e-03
  -2.0719960e-06  -7.1111837e-04  -8.7112792e-05  -2.1580889e-03
  -1.2576385e-04  -8.6092497e-04   6.2803568e-05  -1.9291439e-03
  -1.7449094e-04  -9.7327992e-04  -2.1828961e-04  -1.7227181e-03
  -3.0193104e-04  -8.3845398e-04  -2.8200406e-04  -1.9704291e-03
  -1.4450504e-04  -9.0212179e-04  -2.9699570e-04  -2.0342334e-03
  -1.1826737e-04  -6.0250859e-04  -2.6701242e-04  -2.0792718e-03
  -1.7449094e-04  -8.8714113e-04  -1.9955006e-04  -2.1430761e-03
  -2.2321804e-04  -1.2316963e-03  -3.3822270e-04  -2.2331528e-03
  -3.0193104e-04  -9.9949608e-04  -2.1454170e-04  -2.2406592e-03
  -1.1826737e-04  -1.0818897e-03  -3.2323106e-04  -2.2218933e-03
  -1.3326033e-04  -8.9463146e-04  -4.5065997e-04  -2.2444124e-03
  -2.0072861e-04  -8.4594431e-04  -1.7706261e-04  -2.1843613e-03
  -2.7194513e-04  -9.5080893e-04  -6.4625338e-05  -2.0830250e-03
  -2.1946980e-04  -8.8714113e-04  -2.5576870e-04  -1.9629227e-03
  -1.0702266e-04  -9.8451542e-04  -3.0449151e-04  -2.0079610e-03
  -4.1812641e-04  -9.1335728e-04  -3.9069342e-04  -2.1993741e-03
  -2.9443456e-04  -9.2833794e-04  -4.4691206e-04  -2.1918677e-03
  -1.6699447e-04  -9.2833794e-04  -2.8575197e-04  -2.0192206e-03
  -4.0688170e-04  -1.0818897e-03  -3.5696224e-04  -2.1655953e-03
  -2.3821099e-04  -1.2504221e-03  -4.3941624e-04  -2.0867782e-03
  -3.9554376e-05  -7.4482486e-04  -2.2578543e-04  -1.7377308e-03
  -2.9443456e-04  -7.0737321e-04  -8.3364883e-05  -1.9891950e-03
  -4.6685351e-04  -9.3208311e-04  -2.6326452e-04  -2.0079610e-03
  -1.6699447e-04  -8.8339596e-04  -9.0860701e-05  -1.8090416e-03
  -3.3566518e-04  -8.0474750e-04  -1.5832306e-04  -2.1017910e-03
  -2.6070042e-04  -8.3096365e-04  -1.9205424e-04  -1.9328971e-03
   7.2892764e-05  -1.0706542e-03  -9.1088500e-07  -1.7264713e-03
  -1.1077090e-04  -9.1335728e-04  -4.6190369e-04  -2.0942846e-03
  -1.1451914e-04  -8.7965080e-04  -2.0704588e-04  -2.0717654e-03
  -2.8693808e-04  -8.9463146e-04  -1.9650430e-05  -1.8765991e-03
  -3.2442046e-04  -9.3957344e-04  -3.7570179e-04  -1.9328971e-03
  -1.3326033e-04  -1.0107316e-03  -9.1088500e-07  -2.0567526e-03
  -5.8295566e-05  -8.7216047e-04  -1.2459188e-04  -1.9741823e-03
  -1.1826737e-04  -8.4219915e-04  -4.1318088e-04  -1.9891950e-03
  -2.3821099e-04  -6.3996024e-04  -1.8830634e-04  -2.2706848e-03
  -1.5574975e-04  -6.4370540e-04  -3.0449151e-04  -2.0229738e-03
  -2.7569337e-04  -6.1748925e-04  -1.6581888e-04  -1.8540799e-03
  -1.1826737e-04  -6.8864738e-04  -2.7825615e-04  -1.9066247e-03
   3.9158622e-05  -7.8227651e-04  -2.5951661e-04  -1.9741823e-03
  -2.4945570e-04  -6.3246991e-04   2.5324478e-05  -2.1168037e-03
  -1.4075680e-04  -9.0961212e-04  -3.6445806e-04  -1.9178843e-03
  -1.9698037e-04  -8.5717981e-04  -1.1334816e-04  -2.0342334e-03
  -2.2321804e-04  -9.2833794e-04   5.5307750e-05  -2.0605058e-03
   1.6285048e-04  -1.0519284e-03  -3.0074361e-04  -1.8803523e-03
  -1.3700856e-04  -7.7478618e-04  -1.2084397e-04  -2.1430761e-03
  -2.6070042e-04  -9.6578959e-04  -5.7129520e-05  -2.2894508e-03
  -8.0784994e-05  -9.9949608e-04  -1.0585234e-04  -2.1168037e-03
  -2.1197332e-04  -9.7327992e-04  -3.8389975e-05  -2.0792718e-03
   3.9158622e-05  -9.6204443e-04  -2.1828961e-04  -2.2369060e-03
  -1.2201561e-04  -7.5980552e-04  -1.0960025e-04  -2.1243101e-03
  -3.5440637e-04  -7.4482486e-04  -4.9633702e-05  -2.1130505e-03
  -1.2951209e-04  -9.9575091e-04  -2.2953333e-04  -2.3344892e-03
  -1.1077090e-04  -9.9575091e-04  -4.6587940e-06  -2.2181401e-03
  -5.8202340e-06  -8.6841530e-04  -2.1454170e-04  -2.1468293e-03
  -1.7074271e-04  -1.0032412e-03  -3.4197060e-04  -2.2706848e-03
  -3.0942751e-04  -8.0474750e-04  -8.3364883e-05  -2.2781912e-03
  -7.7036756e-05  -7.8602167e-04  -3.0449151e-04  -2.3269828e-03
  -9.2029708e-05  -6.8864738e-04  -2.8200406e-04  -2.3082168e-03
  -2.2696628e-04  -7.2235387e-04  -1.1334816e-04  -2.2631784e-03
  -2.2696628e-04  -9.2459278e-04  -2.0704588e-04  -2.2369060e-03
  -9.9526184e-05  -4.9764397e-04  -1.5082725e-04  -2.1655953e-03
  -3.5806138e-05  -7.2609903e-04  -3.4642066e-05  -2.0830250e-03
  -5.4547328e-05  -9.0586695e-04  -2.0329797e-04  -1.8278076e-03
  -2.0719960e-06  -5.0138913e-04  -1.9955006e-04  -1.7865224e-03
   1.6669194e-05  -6.3996024e-04  -1.2154612e-05  -1.9066247e-03
  -5.8295566e-05  -8.4968948e-04  -3.1573524e-04  -1.8765991e-03
   9.1727180e-06  -8.8339596e-04  -1.5457515e-04  -1.9816886e-03
   2.7913908e-05  -7.4482486e-04   1.6399711e-04  -2.1430761e-03
  -6.9540280e-05  -7.8976684e-04  -1.2459188e-04  -1.9178843e-03
  -6.9540280e-05  -8.9463146e-04  -1.2154612e-05  -1.9704291e-03
   4.6655098e-05  -8.2347332e-04  -7.2121156e-05  -2.1693485e-03
   1.5910224e-04  -8.6841530e-04  -4.0193715e-04  -1.9629227e-03
  -3.5806138e-05  -6.4745057e-04  -1.0960025e-04  -1.9967014e-03
  -1.1077090e-04  -9.4331860e-04  -2.6326452e-04  -1.8428204e-03
  -8.0784994e-05  -9.1335728e-04  -4.3566833e-04  -1.8315608e-03
  -1.7449094e-04  -5.7629243e-04  -5.7129520e-05  -2.1993741e-03
  -1.4450504e-04  -1.0219671e-03  -2.7825615e-04  -2.0642590e-03
  -1.5200152e-04  -9.0212179e-04  -3.0823942e-04  -1.8803523e-03
  -6.9540280e-05  -8.4968948e-04  -7.2121156e-05  -1.9779355e-03
  -9.9526184e-05  -7.3733453e-04  -4.2137884e-05  -1.9103779e-03
  -1.9698037e-04  -6.7741189e-04  -1.0585234e-04  -2.1468293e-03
  -5.0799090e-05  -8.0474750e-04  -1.7706261e-04  -2.2932040e-03
  -2.8309662e-05  -4.9764397e-04  -7.9616974e-05  -2.0567526e-03
  -3.2057900e-05  -9.9575091e-04  -8.7112792e-05  -2.0905314e-03
   1.1037514e-04  -9.6578959e-04   1.0777848e-04  -2.0267270e-03
  -1.5200152e-04  -7.4482486e-04   5.1559841e-05  -2.1055441e-03
  -3.5815461e-04  -1.0032412e-03  -9.4608610e-05  -2.0417398e-03
  -5.8202340e-06  -9.1335728e-04  -3.4642066e-05  -1.7677564e-03
   5.7899812e-05  -9.9575091e-04  -2.8200406e-04  -1.9066247e-03
  -1.3316710e-05  -7.3358936e-04  -1.0585234e-04  -2.0942846e-03
  -2.8318985e-04  -8.6092497e-04  -5.5185351e-04  -2.0867782e-03
  -4.5935703e-04  -9.5455410e-04  -8.4793832e-04  -2.0304802e-03
  -3.4316165e-04  -8.4594431e-04  -3.6820597e-04  -2.1505825e-03
  -3.8814051e-04  -1.1942447e-03  -1.0503254e-03  -2.1881145e-03
  -1.5574975e-04  -1.0182219e-03   4.4064023e-05  -2.0792718e-03
  -2.3821099e-04  -8.3096365e-04  -8.3669459e-04  -2.0492462e-03
  -3.0942751e-04  -8.8339596e-04  -1.9580215e-04  -1.9479099e-03
  -3.0942751e-04  -1.0182219e-03   2.7643438e-04  -2.1318165e-03
  -2.5320394e-04  -9.9949608e-04  -9.5662768e-04  -2.0792718e-03
  -2.7194513e-04  -9.0586695e-04   1.3633280e-03  -2.1055441e-03
  -3.6939932e-04  -1.1268317e-03  -2.2983791e-03  -2.3307360e-03
   1.2920956e-05  -9.7702509e-04   2.2665741e-03  -1.8240544e-03
  -4.1062994e-04  -8.2721849e-04  -2.4183122e-03  -1.9929482e-03
  -1.0327442e-04  -8.9837662e-04   2.0566912e-03  -1.8841055e-03
  -3.0193104e-04  -8.4594431e-04  -2.8793050e-03  -2.2293996e-03
  -1.2201561e-04  -8.9463146e-04   1.6568595e-02  -1.5087858e-03
   6.2763199e-04  -8.9088629e-04   1.3425294e-01   1.6101209e-03
   2.5954569e-03  -8.1223783e-04   1.1403672e-01   4.6239381e-03
   3.2588951e-03  -4.0401484e-04   3.8369479e-03   7.9717898e-03
   1.3210560e-03  -6.3204825e-05  -5.7164721e-03   5.1643984e-03
   7.6630747e-03   2.2933970e-05   5.9695082e-03  -1.8278076e-03
   1.6771386e-03   3.4876332e-04  -1.0877343e-02  -6.0839330e-03
  -1.3675644e-02   7.5324114e-04  -1.3045438e-01  -8.0093230e-03
  -1.7348917e-02   4.0119563e-04  -2.1850775e-01  -8.5910686e-03
  -1.8012356e-02  -2.1942037e-03  -1.9086318e-01  -1.0238722e-02
  -9.1215351e-03  -4.1941218e-03  -1.5078304e-01  -9.0301926e-03
  -2.0561064e-03  -3.4226178e-03  -9.9556618e-02  -7.6752885e-03
  -8.3381533e-03  -2.3589910e-03  -4.5376845e-02  -9.1840737e-03
  -1.1085612e-02  -7.7853134e-04  -2.8830529e-03  -6.6318997e-03
   2.9702807e-03  -1.1567930e-03   3.1267894e-02  -1.4900198e-03
   1.4083806e-02  -3.7821537e-03   6.7892461e-02   1.6476529e-03
   6.1300454e-03  -2.3440103e-03   1.0060796e-01   3.3891363e-03
   7.5132384e-04  -9.4331860e-04   1.1777338e-01   4.0534521e-03
   6.9621542e-03  -1.4713869e-03   1.0764653e-01   4.9767386e-03
   1.5080838e-02  -2.5753175e-05   6.5516286e-02   5.1869176e-03
   1.0942783e-02  -1.8679527e-04   1.5249331e-02   8.5948148e-04
  -4.9122638e-03   5.0606025e-04  -3.4313018e-02  -4.9204419e-03
  -1.2015175e-02   8.2439928e-04  -6.2920807e-02  -8.1519445e-03
  -2.8057540e-03  -1.8571389e-03  -5.8888057e-02  -8.5347706e-03
   5.6240332e-03  -2.4451298e-03  -4.2494703e-02  -6.7595084e-03
   1.6509010e-03  -1.7035871e-03  -2.1768766e-02  -4.5563818e-03
  -2.0186240e-03  -1.2687263e-04  -2.5307495e-03  -3.0701158e-03
   2.9215536e-03   7.6447664e-04   8.5930445e-03  -9.5331267e-04
   8.4239670e-03   7.2327982e-04   1.2427155e-02   1.9591682e-03
   7.6405853e-03   1.2288771e-03   2.3206142e-02   1.3248779e-03
   1.3810278e-03   5.9219905e-04   3.6391286e-02  -1.7564968e-03
  -3.0381448e-03   4.5404960e-05   3.7339506e-02  -3.4679547e-03
   9.4998046e-04  -4.7891814e-04   2.8850493e-02  -2.9800391e-03
   5.6615156e-03  -1.2017350e-03   1.9600653e-02  -2.2444124e-03
   6.8721965e-03  -1.1567930e-03   1.7760430e-02  -3.7569508e-03
   7.3633089e-04   3.0382134e-04   6.5279466e-03  -2.9387539e-03
  -1.2453719e-02   1.2288771e-03  -1.0461325e-02   1.6213805e-03
  -1.0811990e-02  -1.4185329e-04  -6.3835999e-03   2.8111439e-03
   4.5070583e-03  -1.9245518e-03   1.5511684e-02  -2.4808638e-03
   6.4299044e-03  -2.7522333e-03   2.4439204e-02  -4.6539649e-03
  -6.2428883e-03  -1.6286838e-03   1.2775711e-02  -3.7907353e-04
  -2.4684126e-03  -2.3548242e-04   1.8948517e-02  -1.1222065e-03
   1.1568739e-02   1.3903408e-04   2.9472645e-02  -4.7553012e-03
   6.9096789e-03   1.1951706e-03   1.3405360e-02  -2.1806081e-03
   1.1261476e-03   1.6483356e-03  -6.4625338e-05   1.0959329e-03
   6.5011209e-03  -4.9764397e-04   4.0430829e-03  -1.0921810e-03
   2.6254428e-03  -1.8683744e-03   5.8120960e-03  -3.0626094e-03
  -9.8224556e-03  -2.0219261e-03  -6.7696345e-03  -9.8709144e-04
  -6.9700464e-03  -2.9881787e-03  -1.5213674e-02  -3.1151598e-04
   1.8270681e-03  -3.0705723e-03  -1.4861370e-02  -2.2181401e-03
  -7.0299250e-04  -1.7822356e-03  -1.9684929e-02  -2.4470851e-03
  -3.0156553e-03   4.3490212e-04  -2.5868979e-02  -1.6063689e-03
   2.0557107e-03   1.3112707e-03  -2.4047495e-02  -2.8186516e-03
   6.8609518e-03   7.6822180e-04  -2.0801806e-02  -3.8245084e-03
   2.0107318e-03   1.4277925e-04  -2.0723100e-02  -2.9237411e-03
  -6.4940202e-03  -1.5200740e-03  -1.6116920e-02  -2.6422513e-03
  -6.3665801e-03  -2.4039329e-03  -8.1751004e-03  -3.6255889e-03
   1.7108728e-03  -2.6061719e-03  -6.0163048e-03  -4.1135045e-03
   3.2176644e-03  -2.2503812e-03  -1.9467550e-02  -1.4524879e-03
  -2.5096432e-03  -2.4297275e-04  -3.0010418e-02   1.3511503e-03
  -1.1377881e-03   5.2853124e-04  -2.0554444e-02  -1.2047769e-03
   2.6479323e-03   2.1019222e-04  -1.0697443e-02  -5.0855826e-03
  -1.5575908e-03  -2.9498340e-05  -1.6607896e-02  -4.1397769e-03
  -6.1042035e-03  -1.3740126e-03  -2.0775570e-02  -2.0529994e-03
  -2.3334760e-03  -2.3515006e-03  -8.0364278e-03  -3.8770531e-03
  -1.9624005e-03  -2.5312686e-03  -1.8223947e-03  -4.5939138e-03
  -6.2428883e-03  -1.8533937e-03  -8.3887312e-03  -1.5725902e-03
  -4.0313346e-04  -8.7965080e-04  -7.2681064e-03  -1.7264769e-04
   5.4253766e-03  -9.8826058e-04   2.2103554e-03  -1.5876030e-03
  -1.1527811e-03  -1.9803077e-04   8.6080361e-03  -2.3194764e-03
  -5.6769043e-03   3.7872464e-04   1.1640094e-02  -1.8390672e-03
   1.1711265e-03  -4.2274067e-04   1.7351908e-02  -2.5784470e-03
   7.4719146e-03  -9.1710245e-04   2.0867446e-02  -2.9425071e-03
   3.8586131e-03  -1.0069864e-03   2.0035411e-02  -1.9704291e-03
  -2.7045516e-03  -4.1150517e-04   1.8768617e-02  -1.4374751e-03
  -2.5133915e-03   2.6679135e-05   1.7831640e-02  -1.3436452e-03
   2.6704217e-03   2.2933970e-05   1.4971986e-02  -1.2873472e-03
   4.0872557e-03   8.2856610e-05   7.5661174e-03  -2.6273011e-05
  -1.7375062e-03  -5.0513430e-04   4.5602944e-03   9.7207739e-04
  -6.4415449e-03  -1.2541673e-03   1.0485738e-02  -6.0426535e-04
  -2.8169987e-03  -2.2578715e-03   2.0174083e-02  -3.3403460e-03
   3.5287682e-03  -3.0218852e-03   2.4394229e-02  -4.2486196e-03
   3.3413563e-03  -2.4301491e-03   1.8603709e-02  -2.3232296e-03
   3.4651414e-04  -1.1155962e-03   1.5234339e-02  -9.4955947e-04
   1.7296140e-03   4.0494080e-04   1.6291250e-02  -1.1935173e-03
   3.3376081e-03   8.5061543e-04   1.1445203e-02  -5.7048658e-04
   3.7236766e-03   5.9219905e-04   2.8250125e-03   8.7824747e-04
   2.8615818e-03  -1.7181461e-04   1.0972265e-03   4.3537022e-04
  -8.3418083e-04  -1.3103448e-03   5.0775058e-03  -2.3832807e-03
  -5.1896334e-03  -1.2242060e-03   2.4164904e-03  -3.6856401e-03
  -3.6341146e-03  -8.0849266e-04  -5.2217481e-03  -2.9837922e-03
   3.7349213e-03  -7.4482486e-04  -1.0555023e-02  -2.6872897e-03
   3.9073402e-03  -4.0401484e-04  -1.4134276e-02  -2.3982935e-03
  -1.4751295e-03   2.2142771e-04  -1.6491710e-02  -2.1843613e-03
  -3.5291640e-03  -1.9054044e-04  -1.8740456e-02  -1.9178843e-03
  -2.2172807e-03  -1.4638965e-03  -1.8654254e-02  -1.7752628e-03
  -6.2053127e-04  -1.9807293e-03  -1.6008230e-02  -2.5484214e-03
  -5.8418268e-03  -1.8646292e-03  -1.4737689e-02  -2.3795275e-03
  -8.0795249e-03  -1.7635097e-03  -1.2024203e-02  -2.4996298e-03
  -1.8198742e-04  -1.8533937e-03  -6.9495342e-03  -3.4116567e-03
   6.1487866e-03  -1.4863675e-03  -4.9556466e-03  -3.2577756e-03
   5.8226899e-03  -5.2386012e-04  -8.2762940e-03  -2.7173153e-03
  -2.9818280e-04   4.5404960e-05  -1.3084861e-02  -1.2986068e-03
  -2.7195445e-03   6.0385620e-05  -1.1263377e-02  -1.6363945e-03
  -7.1423722e-04  -6.8490222e-04  -7.5229642e-03  -2.9687795e-03
  -3.0418930e-03  -1.4526610e-03  -9.7267347e-03  -1.8015352e-03
  -5.4707512e-03  -1.4751320e-03  -1.1203411e-02  -1.0246234e-03
  -3.4616957e-03  -1.6661354e-03  -6.1324900e-03  -2.2331528e-03
   8.3378508e-04  -1.1717737e-03  -3.3447479e-04  -3.5355122e-03
   2.3030944e-03  -6.9988288e-04  -1.2939395e-03  -2.8148984e-03
   1.7670963e-03  -9.0586695e-04  -1.2714520e-03  -1.9779355e-03
   1.5347056e-03  -8.3096365e-04   3.9568810e-03  -2.9312475e-03
  -6.1303479e-04  -1.2654028e-03   7.6260839e-03  -3.1752053e-03
  -2.8207470e-03  -1.2279511e-03   6.1269203e-03  -1.8991183e-03
  -1.0178445e-03  -8.8714113e-04   5.0587663e-03  -1.2423088e-03
   2.7903653e-03  -7.5980552e-04   8.3606741e-03  -1.5838498e-03
   2.3668144e-03  -1.6057912e-04   8.5480695e-03  -1.6926925e-03
   5.5266723e-04   9.0346940e-05   6.7303337e-03  -1.5200454e-03
   1.1861194e-03   1.1281793e-04   6.3667865e-03  -1.5162922e-03
   3.3151186e-03  -2.6544374e-04   8.5143384e-03  -2.4433319e-03
   2.6067017e-03  -6.9988288e-04   9.4588114e-03  -2.6797833e-03
  -3.6641005e-03  -7.1111837e-04   4.9613206e-03  -1.5575774e-03
  -4.4399858e-03  -1.0481832e-03   5.0325309e-03  -1.3023600e-03
   1.3810278e-03  -1.4152094e-03   9.9685271e-03  -2.2106337e-03
   2.9327984e-03  -1.5200740e-03   9.3651137e-03  -2.1918677e-03
   6.1648050e-05  -8.9837662e-04   4.4928320e-03  -4.2786509e-04
  -5.7930065e-04  -4.2648583e-04   5.7633732e-03  -5.2169502e-04
   2.1119342e-03  -7.2609903e-04   1.0823050e-02  -2.3757743e-03
   2.0219765e-03  -4.9389880e-04   9.2189453e-03  -2.4996298e-03
  -5.0433589e-04  -7.0695155e-05   4.4553529e-03  -1.4599943e-03
  -1.2951209e-04  -2.0177593e-04   3.6720399e-03  -1.4599943e-03
   1.6696422e-03  -5.0513430e-04   4.8413875e-03  -2.3457488e-03
   1.0662691e-04  -5.0887946e-04   1.6519170e-03  -1.9366503e-03
  -1.5238566e-03  -5.3509562e-04  -2.4108164e-03  -1.1409725e-03
   6.2763199e-04  -6.6617639e-04  -2.5419932e-03  -1.7827692e-03
   7.1009322e-04  -8.3845398e-04  -2.4707829e-03  -2.6347449e-03
  -2.5021467e-03  -8.6467014e-04  -5.1205546e-03  -2.2181401e-03
  -2.5733633e-03  -7.9351200e-04  -7.6204099e-03  -1.6851861e-03
   3.3526942e-04  -1.1530478e-03  -7.1556692e-03  -2.4508383e-03
   2.1532581e-04  -9.4706377e-04  -8.1975879e-03  -2.4433319e-03
  -2.2735042e-03  -5.3135045e-04  -1.0165240e-02  -1.4262155e-03
  -1.6850309e-03  -7.9725717e-04  -8.4824290e-03  -2.1168037e-03
   3.7650004e-04  -1.0069864e-03  -5.9076155e-03  -2.8711963e-03
  -2.5695218e-04  -1.2054801e-03  -6.0200527e-03  -2.4020467e-03
  -1.4901225e-03  -1.1792640e-03  -6.4810455e-03  -2.1055441e-03
  -6.6925836e-04  -8.5717981e-04  -4.1648378e-03  -2.1318165e-03
   1.0249452e-03  -8.6841530e-04  -2.0660087e-03  -2.5859534e-03
   7.5507208e-04  -9.0212179e-04  -3.5314412e-03  -2.3720211e-03
  -2.7944161e-04  -9.0961212e-04  -4.7195283e-03  -2.0605058e-03
   2.7913908e-05  -1.0519284e-03  -3.5201974e-03  -2.4320723e-03
  -5.1183236e-04  -9.5455410e-04  -2.7818594e-03  -2.5071362e-03
  -1.0178445e-03  -1.0069864e-03  -2.7931031e-03  -2.4358255e-03
  -3.2442046e-04  -1.1081059e-03  -2.8905487e-03  -2.1768549e-03
   2.7154938e-04  -8.6092497e-04  -2.1522107e-03  -2.3194764e-03
   2.0782933e-04  -9.3957344e-04  -1.7137053e-03  -2.5709406e-03
  -2.3446275e-04  -8.8339596e-04  -2.0360255e-03  -2.2293996e-03
  -2.3446275e-04  -8.6092497e-04  -1.1440231e-03  -2.2369060e-03
  -2.3821099e-04  -1.2279511e-03  -4.3566833e-04  -2.3007104e-03
  -3.2067223e-04  -1.0556735e-03  -4.9938278e-04  -2.1243101e-03
  -5.5306298e-04  -1.0069864e-03  -8.4067030e-06  -2.2669316e-03
  -2.9068632e-04  -9.4706377e-04   6.6996483e-04  -2.2143869e-03
   3.6525533e-04  -7.1860870e-04   1.0672432e-03  -1.9516631e-03
  -2.0719960e-06  -8.8714113e-04   1.2921177e-03  -1.6776797e-03
  -1.8198742e-04  -7.7853134e-04   1.9480018e-03  -1.6851861e-03
  -1.7823918e-04  -8.3096365e-04   2.1841201e-03  -1.9891950e-03
  -6.8799955e-04  -1.0406929e-03   2.1766242e-03  -1.8465736e-03
  -9.9526184e-05  -8.4968948e-04   2.6526087e-03  -2.0792718e-03
   1.2536810e-04  -7.2984420e-04   1.6481691e-03  -2.1092973e-03
  -6.1678303e-04  -6.4745057e-04   6.5122528e-04  -1.6664201e-03
  -3.6565108e-04  -6.3246991e-04   9.7354545e-04  -1.7227181e-03
  -2.0447685e-04  -6.9988288e-04   1.4832611e-03  -2.0042078e-03
  -2.3446275e-04  -8.0474750e-04   1.4420341e-03  -2.2369060e-03
  -3.9938522e-04  -7.4482486e-04   9.1732682e-04  -1.8052884e-03
  -8.9040440e-04  -6.0250859e-04   1.3820675e-03  -1.6814329e-03
  -4.6310527e-04  -8.5343464e-04   2.2290950e-03  -2.1130505e-03
   1.4410929e-04  -8.3845398e-04   2.4127425e-03  -2.1843613e-03
   1.7409519e-04  -5.6880210e-04   1.6931440e-03  -1.9704291e-03
  -3.5440637e-04  -6.8490222e-04   6.8495646e-04  -1.8278076e-03
  -3.1317575e-04  -9.2459278e-04   8.4236864e-04  -1.8991183e-03
   5.7899812e-05  -1.0144767e-03   1.6669086e-03  -1.8653395e-03
  -5.8304889e-04  -1.0294574e-03   1.1384535e-03  -2.0567526e-03
  -4.5560879e-04  -9.7702509e-04   3.6638420e-04  -1.8127948e-03
  -6.2043804e-05  -9.2084761e-04   6.3998155e-04  -1.7414840e-03
   1.7409519e-04  -8.6841530e-04   7.0369601e-04  -2.1543357e-03
   3.6900357e-04  -9.6204443e-04   4.2635074e-04  -1.8615863e-03
  -2.1197332e-04  -1.1680285e-03  -1.4333143e-04  -1.8953651e-03
  -2.0072861e-04  -1.0294574e-03  -3.9069342e-04  -2.0830250e-03
  -2.7944161e-04  -1.1717737e-03  -3.4197060e-04  -2.0004546e-03
  -1.2951209e-04  -1.1455575e-03  -1.0690650e-03  -2.0192206e-03
   1.7409519e-04  -8.6092497e-04  -1.6012680e-03  -2.0117142e-03
  -2.0813186e-05  -9.9575091e-04  -1.5188140e-03  -1.9779355e-03
  -1.7064948e-05  -8.9088629e-04  -1.5000745e-03  -2.1017910e-03
  -4.5935703e-04  -8.1223783e-04  -1.7099574e-03  -2.3344892e-03
  -5.3432179e-04  -7.7478618e-04  -1.9798068e-03  -2.1468293e-03
  -1.1826737e-04  -8.1598299e-04  -1.2377209e-03  -2.3570083e-03
   1.4036105e-04  -9.4706377e-04  -7.0551778e-04  -2.5221490e-03
  -2.0719960e-06  -7.8602167e-04  -1.5637889e-03  -2.1505825e-03
  -3.8814051e-04  -6.2123441e-04  -2.0135380e-03  -2.0492462e-03
  -1.3326033e-04  -6.5868606e-04  -1.2564604e-03  -2.1168037e-03
  -2.4561424e-05  -7.6729585e-04  -7.6923223e-04  -2.4133063e-03
  -2.7569337e-04  -9.2084761e-04  -1.2077376e-03  -2.2143869e-03
  -1.9323213e-04  -8.2347332e-04  -1.1927459e-03  -2.1092973e-03
  -2.9068632e-04  -4.8266331e-04  -1.5675368e-03  -2.3194764e-03
  -4.3686760e-04  -7.5606035e-04  -1.6125118e-03  -2.0192206e-03
  -3.4316165e-04  -8.6841530e-04  -5.3686187e-04  -2.1130505e-03
  -2.2321804e-04  -6.0999892e-04  -4.4316415e-04  -2.2218933e-03
  -5.4547328e-05  -7.7853134e-04  -5.6684514e-04  -1.9891950e-03
  -1.1451914e-04  -8.9088629e-04  -5.7808887e-04  -1.9141311e-03
  -3.5440637e-04  -8.7590563e-04  -3.7195388e-04  -1.9666759e-03
  -4.5560879e-04  -7.6729585e-04   6.6551477e-05  -1.9816886e-03
  -3.4316165e-04  -8.5717981e-04   1.7898875e-04  -1.9516631e-03
  -2.3446275e-04  -8.7590563e-04   4.4134238e-04  -2.0154674e-03
  -1.7823918e-04  -7.5606035e-04   5.9875455e-04  -1.9666759e-03
  -1.0327442e-04  -8.5717981e-04   8.3862073e-04  -2.2256465e-03
  -3.7689580e-04  -7.2235387e-04   9.3981427e-04  -2.2106337e-03
  -6.0928655e-04  -6.6243123e-04   9.8104127e-04  -1.8165480e-03
  -8.0784994e-05  -6.9988288e-04   1.8917832e-03  -2.0229738e-03
   2.1532581e-04  -7.5980552e-04   2.3227927e-03  -2.0229738e-03
  -5.8295566e-05  -9.5080893e-04   1.4382862e-03  -1.8540799e-03
   3.5410384e-05  -9.7327992e-04   1.0147725e-03  -1.8052884e-03
   1.1787162e-04  -9.6578959e-04   1.1234618e-03  -1.7564968e-03
   3.1662146e-05  -8.4968948e-04   1.2958656e-03  -1.8728459e-03
  -6.9540280e-05  -6.6243123e-04   1.4083029e-03  -2.0229738e-03
  -1.0702266e-04  -8.7216047e-04   1.0335120e-03  -2.0154674e-03
   1.6659871e-04  -8.1223783e-04   1.0522515e-03  -1.6589137e-03
