  -3.3566518e-04  -6.5868606e-04  -1.5457515e-04  -1.8578331e-03
  -1.2576385e-04  -7.5980552e-04  -1.3208770e-04  -2.0192206e-03
  -2.6070042e-04  -7.0362804e-04  -2.5202079e-04  -1.9929482e-03
  -3.9563699e-04  -8.1223783e-04  -1.0960025e-04  -2.1318165e-03
  -7.2548193e-04  -8.9463146e-04   1.1527429e-04  -2.1355697e-03
  -6.2427950e-04  -1.0669090e-03   2.2021575e-04  -2.0755186e-03
  -4.0313346e-04  -9.5080893e-04   1.0777848e-04  -2.1731017e-03
  -7.1423722e-04  -7.5980552e-04   2.1576569e-05  -2.0492462e-03
  -3.9188875e-04  -8.1972816e-04  -3.0894157e-05  -1.9929482e-03
  -5.0799090e-05  -6.6992156e-04  -4.2442460e-04  -2.1693485e-03
  -5.3432179e-04  -8.8339596e-04  -4.4316415e-04  -2.0417398e-03
  -5.7180417e-04  -1.0519284e-03  -3.4642066e-05  -2.1168037e-03
  -4.0688170e-04  -8.9088629e-04  -7.5869065e-05  -2.0117142e-03
  -4.3311937e-04  -8.8714113e-04  -1.6956679e-04  -2.0079610e-03
  -4.7434998e-04  -8.2347332e-04  -1.4707934e-04  -2.3832807e-03
  -3.8814051e-04  -7.4482486e-04  -3.3822270e-04  -2.0942846e-03
  -1.5949799e-04  -5.3884078e-04  -2.7076033e-04  -2.1881145e-03
  -4.0688170e-04  -6.6617639e-04  -1.0210443e-04  -2.2744380e-03
  -4.5186056e-04  -1.0332026e-03  -1.6207097e-04  -2.1843613e-03
  -1.2951209e-04  -9.2833794e-04  -1.2459188e-04  -2.3269828e-03
  -2.5695218e-04  -9.0586695e-04  -2.1454170e-04  -2.1618421e-03
  -3.1317575e-04  -7.2235387e-04  -3.8694551e-04  -2.2406592e-03
  -3.6939932e-04  -5.8003760e-04  -2.7825615e-04  -2.3007104e-03
  -3.2816870e-04  -8.4968948e-04  -9.4608610e-05  -2.3082168e-03
  -1.2576385e-04  -9.8826058e-04   8.9038931e-05  -2.0980378e-03
  -4.8184646e-04  -8.4594431e-04  -1.2154612e-05  -1.9929482e-03
  -4.6310527e-04  -7.3733453e-04  -3.3447479e-04  -2.3495020e-03
  -2.6819689e-04  -9.2459278e-04  -3.0074361e-04  -2.3419956e-03
  -4.1062994e-04  -9.6204443e-04  -3.1948315e-04  -2.3795275e-03
  -4.5186056e-04  -8.6841530e-04  -3.3822270e-04  -2.3307360e-03
  -4.6310527e-04  -7.1486354e-04  -6.8373247e-05  -2.2143869e-03
  -4.1437818e-04  -7.3733453e-04  -1.9650430e-05  -2.1956209e-03
  -4.2562289e-04  -9.1710245e-04   1.0332842e-05  -2.0304802e-03
  -3.5065813e-04  -8.1598299e-04  -4.5885793e-05  -2.2519188e-03
  -3.0942751e-04  -6.3246991e-04  -7.2121156e-05  -2.2331528e-03
  -2.3446275e-04  -6.2872474e-04  -9.1088500e-07  -2.0042078e-03
  -3.7314756e-04  -8.6092497e-04  -4.6587940e-06  -1.9216375e-03
  -4.8559470e-04  -9.9200575e-04  -8.3364883e-05  -1.9929482e-03
  -2.3821099e-04  -8.2347332e-04  -2.1828961e-04  -2.0079610e-03
  -4.6310527e-04  -6.8115705e-04   8.5291022e-05  -1.8841055e-03
  -4.5560879e-04  -7.4482486e-04   6.2803568e-05  -2.1618421e-03
  -3.0193104e-04  -7.0362804e-04  -1.1334816e-04  -2.1243101e-03
  -4.7809822e-04  -8.0849266e-04  -1.3958352e-04  -1.8353140e-03
  -2.3071451e-04  -8.6092497e-04  -4.1692878e-04  -1.8353140e-03
  -2.0072861e-04  -6.5868606e-04  -3.9444133e-04  -1.9404035e-03
  -2.4945570e-04  -8.7965080e-04  -2.6701242e-04  -2.0379866e-03
  -2.0822509e-04  -7.3733453e-04  -2.0704588e-04  -2.0755186e-03
  -4.9683941e-04  -6.4370540e-04  -8.7112792e-05  -2.1655953e-03
  -5.4181827e-04  -8.7590563e-04   1.9023247e-04  -2.2406592e-03
  -6.2427950e-04  -8.4219915e-04   1.7524084e-04  -2.0980378e-03
  -7.2173369e-04  -1.1118510e-03   5.1559841e-05  -1.8240544e-03
  -6.2427950e-04  -8.8714113e-04  -9.1088500e-07  -1.9404035e-03
  -3.8439227e-04  -5.9876342e-04  -1.7331470e-04  -2.1881145e-03
  -3.3941342e-04  -7.8602167e-04  -2.0704588e-04  -2.0192206e-03
  -4.5935703e-04  -8.1598299e-04  -4.0568506e-04  -2.1731017e-03
  -3.4316165e-04  -9.9575091e-04  -2.7450824e-04  -2.2106337e-03
  -5.6430770e-04  -1.0144767e-03  -3.0823942e-04  -2.0042078e-03
  -5.4556651e-04  -8.1598299e-04  -5.3311396e-04  -2.2744380e-03
  -5.0433589e-04  -9.7327992e-04  -1.7331470e-04  -2.1243101e-03
  -6.7675484e-04  -1.0182219e-03  -2.2203752e-04  -2.0342334e-03
  -3.2442046e-04  -7.4482486e-04  -3.1948315e-04  -2.1580889e-03
  -5.5306298e-04  -9.8826058e-04  -3.3822270e-04  -2.1731017e-03
  -6.3552422e-04  -1.1006155e-03  -4.1318088e-04  -2.2556720e-03
  -2.6070042e-04  -8.3470882e-04  -2.4077706e-04  -2.1655953e-03
  -4.3311937e-04  -9.0212179e-04  -4.0943297e-04  -2.1806081e-03
  -1.8948390e-04  -1.0481832e-03  -1.7331470e-04  -2.1543357e-03
  -1.4450504e-04  -9.7327992e-04  -6.0877429e-05  -2.0755186e-03
  -5.3057355e-04  -8.0849266e-04  -5.4060978e-04  -2.2218933e-03
  -5.2682532e-04  -9.7702509e-04  -2.4452497e-04  -2.1543357e-03
  -6.9924426e-04  -9.0212179e-04   1.7828660e-05  -2.1168037e-03
  -4.8934294e-04  -7.7104101e-04  -4.1692878e-04  -2.3269828e-03
  -1.6699447e-04  -1.0519284e-03  -4.6190369e-04  -2.0942846e-03
  -5.9429360e-04  -1.0369477e-03  -2.9699570e-04  -2.0492462e-03
  -4.8184646e-04  -7.2235387e-04  -3.4197060e-04  -2.1430761e-03
  -2.6070042e-04  -9.0212179e-04  -3.3822270e-04  -2.0417398e-03
  -3.4690989e-04  -9.1710245e-04  -1.1709606e-04  -1.9967014e-03
  -3.8814051e-04  -5.9127309e-04  -4.5885793e-05  -1.9291439e-03
  -4.7434998e-04  -1.0931252e-03  -2.4077706e-04  -2.0642590e-03
  -3.7689580e-04  -9.4706377e-04   1.0332842e-05  -1.8353140e-03
  -6.2053127e-04  -6.8115705e-04  -1.2154612e-05  -1.6814329e-03
  -4.8934294e-04  -8.8339596e-04  -5.7129520e-05  -2.0304802e-03
  -4.1437818e-04  -7.5606035e-04   2.8370240e-06  -2.1618421e-03
  -4.9683941e-04  -8.1972816e-04  -3.2697897e-04  -1.9066247e-03
  -2.4195923e-04  -6.8490222e-04  -2.9324779e-04  -1.8991183e-03
  -2.7944161e-04  -9.1710245e-04  -5.1812233e-04  -2.1243101e-03
  -2.4195923e-04  -7.9725717e-04  -6.4929914e-04  -1.9929482e-03
  -2.1197332e-04  -6.9988288e-04  -2.4827288e-04  -2.2068805e-03
  -2.1572156e-04  -1.0406929e-03  -1.3958352e-04  -2.2481656e-03
  -4.2187465e-04  -9.2833794e-04   6.5849330e-06  -2.0079610e-03
  -6.6551012e-04  -8.9837662e-04   2.1271993e-04  -2.0492462e-03
  -6.1303479e-04  -5.4633111e-04  -2.7146248e-05  -1.9779355e-03
  -3.4690989e-04  -7.0737321e-04  -5.3381611e-05  -2.0980378e-03
  -2.3821099e-04  -8.2347332e-04  -5.7129520e-05  -1.9891950e-03
  -3.7314756e-04  -4.6768265e-04  -3.8694551e-04  -2.1843613e-03
  -3.9938522e-04  -8.9463146e-04  -3.3072688e-04  -2.2819444e-03
  -4.1062994e-04  -9.2833794e-04  -2.7450824e-04  -1.7715096e-03
  -3.0193104e-04  -9.6578959e-04  -1.8081052e-04  -1.9554163e-03
  -3.2816870e-04  -1.0107316e-03  -1.6581888e-04  -2.1205569e-03
  -2.0822509e-04  -6.8864738e-04  -3.7570179e-04  -2.0417398e-03
  -1.9698037e-04  -8.1972816e-04  -2.2578543e-04  -2.1956209e-03
  -3.4690989e-04  -8.4968948e-04  -7.5869065e-05  -2.2293996e-03
  -2.3071451e-04  -9.3957344e-04  -2.0704588e-04  -2.1092973e-03
  -4.0313346e-04  -8.3470882e-04  -1.4707934e-04  -2.2706848e-03
  -4.7434998e-04  -7.7853134e-04  -1.0960025e-04  -2.3757743e-03
  -3.5815461e-04  -8.8339596e-04  -1.7706261e-04  -2.1580889e-03
  -4.1062994e-04  -6.6243123e-04  -8.3364883e-05  -2.2819444e-03
  -4.0688170e-04  -7.5606035e-04  -2.2203752e-04  -2.3007104e-03
  -3.7689580e-04  -8.8339596e-04  -2.7076033e-04  -2.1956209e-03
  -3.9563699e-04  -8.3096365e-04  -1.0585234e-04  -2.3157232e-03
  -3.2067223e-04  -6.9239255e-04  -1.1709606e-04  -2.1806081e-03
  -3.0193104e-04  -7.7104101e-04  -2.7076033e-04  -2.2519188e-03
  -5.1932884e-04  -8.1223783e-04  -3.5321433e-04  -2.4095531e-03
  -6.0928655e-04  -7.3733453e-04  -1.6581888e-04  -2.2218933e-03
  -3.7314756e-04  -8.5343464e-04  -6.0877429e-05  -2.0905314e-03
  -2.3446275e-04  -7.7478618e-04   2.1576569e-05  -1.9816886e-03
  -2.6819689e-04  -6.8115705e-04   2.5769484e-04  -2.0830250e-03
  -2.2321804e-04  -6.3996024e-04   1.6774502e-04  -2.0792718e-03
  -2.6819689e-04  -6.8115705e-04  -2.6701242e-04  -2.0942846e-03
  -1.7449094e-04  -4.4521166e-04  -3.1573524e-04  -2.2106337e-03
  -3.2816870e-04  -5.5756661e-04  -1.2459188e-04  -2.0304802e-03
  -3.4690989e-04  -8.6467014e-04  -9.0860701e-05  -2.1092973e-03
  -2.1946980e-04  -7.8602167e-04  -1.9650430e-05  -1.9328971e-03
  -6.0928655e-04  -8.7965080e-04  -5.3381611e-05  -1.8803523e-03
  -4.2562289e-04  -7.2235387e-04   6.6551477e-05  -2.2293996e-03
  -3.1692399e-04  -8.0100233e-04   8.9038931e-05  -2.0567526e-03
  -3.5440637e-04  -9.2459278e-04  -1.0585234e-04  -1.9404035e-03
  -1.9323213e-04  -7.8976684e-04  -2.2203752e-04  -1.8240544e-03
  -4.1437818e-04  -6.0999892e-04  -3.1948315e-04  -1.9479099e-03
  -2.4195923e-04  -6.2497958e-04  -1.7706261e-04  -2.0792718e-03
  -2.0447685e-04  -9.0586695e-04  -1.3958352e-04  -1.9291439e-03
  -4.1062994e-04  -9.5080893e-04  -1.6956679e-04  -2.2631784e-03
  -4.7434998e-04  -9.4331860e-04   7.4047295e-05  -1.8127948e-03
  -5.5306298e-04  -8.2347332e-04   3.2820296e-05  -1.8428204e-03
  -2.0822509e-04  -8.9837662e-04  -1.5832306e-04  -2.4170595e-03
  -2.4570747e-04  -7.1111837e-04  -2.3328124e-04  -1.9441567e-03
  -2.3446275e-04  -7.1860870e-04  -4.2817251e-04  -2.0004546e-03
  -1.5200152e-04  -1.0968704e-03  -2.8949988e-04  -1.9404035e-03
  -5.3057355e-04  -8.6841530e-04  -1.8455843e-04  -2.0192206e-03
  -3.3191694e-04  -8.7216047e-04  -9.0860701e-05  -2.0867782e-03
  -3.2067223e-04  -1.0519284e-03  -1.9580215e-04  -2.0342334e-03
  -6.2802774e-04  -9.3957344e-04  -4.0943297e-04  -2.4846170e-03
  -6.5051717e-04  -1.0631639e-03  -8.7112792e-05  -2.0980378e-03
  -3.8814051e-04  -1.0856349e-03  -2.1828961e-04  -2.1768549e-03
  -2.1572156e-04  -9.2084761e-04  -2.4827288e-04  -2.1881145e-03
  -4.6685351e-04  -1.1155962e-03  -2.9699570e-04  -1.9253907e-03
  -5.6805593e-04  -9.5829926e-04  -3.6820597e-04  -2.2706848e-03
  -5.7180417e-04  -7.6355068e-04  -1.2833979e-04  -2.2068805e-03
  -3.7314756e-04  -9.8451542e-04  -2.4827288e-04  -2.2031273e-03
  -4.4061584e-04  -9.5829926e-04  -1.5082725e-04  -2.1430761e-03
  -4.6685351e-04  -1.0556735e-03  -9.8356519e-05  -2.0379866e-03
  -4.2562289e-04  -1.1230865e-03  -1.5082725e-04  -2.0492462e-03
  -5.4556651e-04  -1.0069864e-03  -2.1828961e-04  -2.2669316e-03
  -3.3191694e-04  -1.0781445e-03  -4.3192042e-04  -2.3344892e-03
  -5.3807003e-04  -7.9725717e-04  -4.2442460e-04  -1.9516631e-03
  -4.2562289e-04  -7.5980552e-04  -1.8081052e-04  -2.1017910e-03
  -3.1692399e-04  -1.1755188e-03  -1.9205424e-04  -2.2631784e-03
  -4.5560879e-04  -9.1710245e-04  -1.0210443e-04  -1.9741823e-03
  -3.7314756e-04  -9.0586695e-04   6.5849330e-06  -1.9666759e-03
  -3.9188875e-04  -8.3096365e-04  -4.1318088e-04  -2.0830250e-03
  -9.9526184e-05  -6.5494090e-04  -3.4197060e-04  -1.9253907e-03
  -2.8318985e-04  -1.0069864e-03   1.0332842e-05  -1.9554163e-03
  -4.9683941e-04  -7.7478618e-04   6.5849330e-06  -1.9366503e-03
  -4.8559470e-04  -7.7104101e-04   2.5324478e-05  -1.8765991e-03
  -5.0433589e-04  -8.9837662e-04   1.9398038e-04  -2.1843613e-03
  -3.0942751e-04  -6.8864738e-04  -2.8575197e-04  -1.9141311e-03
  -2.9068632e-04  -7.1486354e-04  -6.5679496e-04  -1.6926925e-03
  -8.4533232e-05  -8.5343464e-04  -3.6071015e-04  -1.9666759e-03
  -3.6190284e-04  -1.1043607e-03  -3.8389975e-05  -1.9816886e-03
  -9.3538326e-04  -8.3845398e-04   2.9892183e-04  -2.0042078e-03
  -5.8679712e-04  -6.6992156e-04  -1.0960025e-04  -2.0117142e-03
  -2.0447685e-04  -8.5717981e-04  -3.8319760e-04  -2.1881145e-03
  -1.5949799e-04  -4.0776001e-04  -6.2681169e-04  -2.4583447e-03
  -2.6444866e-04  -4.2648583e-04  -6.5679496e-04  -2.3982935e-03
  -6.5801365e-04  -9.6953476e-04  -1.7706261e-04  -2.1993741e-03
  -5.3807003e-04  -8.6841530e-04  -8.3364883e-05  -2.2406592e-03
  -4.7434998e-04  -7.8976684e-04  -2.9699570e-04  -2.1956209e-03
  -6.0179008e-04  -8.3096365e-04   1.0028266e-04  -2.4545915e-03
  -2.6444866e-04  -9.1335728e-04   6.8120855e-04  -1.9441567e-03
  -6.9174779e-04  -1.0519284e-03  -6.4555123e-04  -1.9591695e-03
  -9.5684720e-06  -1.0556735e-03   6.3623364e-04  -2.5521746e-03
  -6.0553831e-04  -8.6467014e-04  -5.5185351e-04  -1.5237986e-03
  -7.2173369e-04  -9.0212179e-04  -8.5168623e-04  -2.9875454e-03
   7.6641002e-05  -1.0818897e-03   1.3595801e-03  -1.3323856e-03
  -8.9040440e-04  -8.3845398e-04  -2.1859418e-03  -2.9837922e-03
   7.6631679e-04  -1.2391866e-03   2.0379516e-03  -2.3194764e-03
  -1.9961346e-03  -7.2984420e-04  -2.2346646e-03  -1.5613306e-03
   1.0024558e-03  -9.3582827e-04   6.5872110e-04  -3.8620403e-03
  -1.4189060e-03  -5.5382144e-04   5.9125874e-04   7.0184721e-04
  -3.2816870e-04  -1.0706542e-03  -3.8162822e-03  -6.1402309e-03
   7.2508618e-04  -9.6204443e-04   5.8908021e-03   2.1355685e-03
  -3.5778910e-03  -5.6505694e-04  -9.6217933e-03  -6.1702565e-03
   5.1067764e-03  -1.8908453e-03   1.2520853e-02  -7.2436765e-04
  -8.2144615e-03   7.4575081e-04  -2.6026391e-02   4.6164317e-03
   9.7545915e-03  -1.8871002e-03  -3.8102154e-02  -5.9341798e-02
  -1.2832291e-02   1.3562127e-03  -9.2240699e-02  -8.9044599e-02
  -5.7657469e-02  -5.3701036e-03  -1.0772331e-01  -7.5345430e-02
  -9.3576740e-03  -1.5485794e-02   1.0222705e-01  -1.4164566e-02
   2.4230287e-02  -3.4375985e-03  -1.0455633e-01  -3.0689893e-02
  -1.7030317e-02   1.4685677e-03   3.9343936e-03  -8.2397688e-02
  -1.1526789e-01  -1.7234786e-02   2.9494454e-01  -7.6752885e-03
  -6.5967313e-02  -5.2098527e-02   9.2849787e-02   3.5054854e-03
   4.1614615e-02  -5.4214546e-02   2.6060994e-01  -1.3432693e-02
  -5.3376981e-02  -2.2871260e-02   7.0197425e-02   1.7001976e-03
  -1.2592788e-01  -1.6332202e-02  -1.5845501e-01  -5.0630634e-03
  -1.5021262e-02  -4.6772903e-02   1.1028506e-01  -2.5897123e-04
   6.6041882e-02  -4.2600789e-02   5.0262297e-02  -3.5280058e-03
  -7.0292779e-02  -1.5683395e-04  -7.3081388e-02  -2.2519188e-03
  -1.3924162e-01   2.2445237e-02   1.2621344e-03  -1.5913562e-03
  -3.9204893e-02  -8.7965080e-04   4.3062564e-02  -3.1489329e-03
  -6.7414039e-03  -3.8791956e-02  -1.0222138e-01  -1.4412283e-03
  -4.7050852e-05  -3.7784085e-03  -5.5327544e-02  -2.6535109e-03
  -2.5385140e-02   8.2473163e-03  -3.1138539e-02  -1.8465736e-03
  -1.7105282e-02  -3.4099264e-02  -6.9565850e-02  -2.5596810e-03
   1.4874685e-02  -3.9526008e-02  -1.8440623e-02  -2.0642590e-03
  -7.0749971e-03  -2.1444352e-02  -1.5594391e-01  -2.0830250e-03
  -1.6324623e-04   8.8952299e-03   3.5633506e-03  -2.7473408e-03
  -1.4488919e-03   1.1749046e-02   1.2911455e-01  -2.4395787e-03
  -2.7569337e-04  -8.3887066e-03  -5.0893767e-02  -2.4658511e-03
   1.1636300e-03  -8.6246520e-03  -9.7131721e-02  -2.0905314e-03
  -2.4234337e-03   2.6969818e-03  -4.7160850e-02  -2.2256465e-03
   1.5684397e-03   6.2661240e-03   2.6488608e-03  -2.6985493e-03
  -2.4983985e-03  -1.4826224e-03  -4.9128502e-02  -2.3157232e-03
   1.5535400e-04  -3.8046247e-03  -1.2232891e-01  -2.2369060e-03
  -6.4676893e-04  -4.1117282e-03  -7.5416336e-02  -2.3532552e-03
   4.2906860e-05  -3.8420763e-03   3.5731654e-02  -2.3795275e-03
  -1.3289482e-03  -7.3733453e-04   3.1826332e-02  -2.2481656e-03
  -2.0598547e-03  -2.8416956e-04  -7.0708962e-02  -2.0004546e-03
   9.7621812e-04   5.3976674e-04  -4.7591859e-02  -2.4545915e-03
  -4.7060175e-04  -8.1598299e-04   4.5944706e-02  -2.3682679e-03
  -8.7166321e-04  -9.3957344e-04   3.0574531e-02  -2.2669316e-03
  -1.8237157e-03   2.8018464e-03  -5.8078509e-02  -2.5146426e-03
  -4.2562289e-04   1.7943970e-03  -4.7426951e-02  -2.3795275e-03
   1.0999100e-03  -3.3589500e-03   2.1317196e-02  -2.5221490e-03
  -7.4047488e-04  -3.4188727e-03  -2.1251555e-02  -2.5146426e-03
  -1.0253410e-03  -1.8571389e-03  -5.9652631e-02  -2.1543357e-03
  -4.7060175e-04  -1.5313095e-03  -2.0400780e-02  -2.1430761e-03
   1.0287867e-04  -2.7335075e-03   1.5331785e-02  -2.3382424e-03
  -4.0688170e-04  -3.8795280e-03  -1.4775870e-03  -2.1430761e-03
  -8.5667026e-04  -1.0968704e-03  -1.0738670e-02  -2.1430761e-03
  -4.5560879e-04   1.1090318e-03   1.4743363e-02  -2.4583447e-03
  -5.5306298e-04   2.0603037e-03   3.5810360e-02  -2.3382424e-03
  -4.6310527e-04   1.1951706e-03   3.1005540e-02  -2.2894508e-03
  -2.0822509e-04  -1.2991093e-03  -1.2114153e-02  -2.1881145e-03
  -6.5792042e-05  -2.3664813e-03   8.7654483e-03  -2.0379866e-03
  -2.9068632e-04  -3.8903418e-04   4.0918760e-02  -2.3419956e-03
  -2.7194513e-04  -1.9803077e-04   7.1763349e-03  -2.1843613e-03
  -3.0942751e-04  -2.7634688e-03  -2.1041672e-02  -2.0642590e-03
  -6.7300660e-04  -3.4862856e-03   4.2117388e-03  -2.2181401e-03
  -5.6055946e-04   9.4092105e-05   2.5451139e-02  -2.1693485e-03
  -2.8693808e-04   3.1501467e-03   9.2864076e-03  -2.2631784e-03
  -6.5792042e-05  -1.2312747e-04   1.1227824e-02  -2.2669316e-03
  -2.6444866e-04  -2.8121559e-03   1.4301110e-02  -2.3495020e-03
  -5.4931474e-04  -2.9540506e-04   1.1366497e-02  -2.2969572e-03
  -4.1062994e-04   2.5097235e-03   1.5834005e-02  -2.2406592e-03
  -5.2307708e-04   5.0231509e-04   2.5251798e-03  -2.3007104e-03
  -4.5560879e-04  -2.7372526e-03  -1.3272257e-02  -2.2781912e-03
  -4.6685351e-04  -3.2316144e-03  -7.6466452e-03  -2.3570083e-03
  -7.5171960e-04  -2.3173725e-04  -5.3004542e-03  -2.3044636e-03
  -1.0702266e-04   1.0903060e-03  -1.2406490e-02  -2.0680122e-03
  -1.5574975e-04  -1.7073323e-03  -1.1818068e-02  -2.0267270e-03
  -5.9429360e-04  -2.7634688e-03  -5.3754124e-03  -2.2969572e-03
  -3.2442046e-04  -9.0586695e-04   7.5241882e-04  -2.2293996e-03
  -5.7555241e-04   1.2588384e-03   9.2714160e-03  -2.2106337e-03
  -2.5695218e-04   8.6601775e-05   2.5851463e-03  -2.3720211e-03
  -2.0447685e-04  -1.5575257e-03  -1.0435090e-02  -2.2631784e-03
  -7.3672664e-04  -1.0069864e-03  -1.3662039e-02  -2.1731017e-03
  -6.4302069e-04  -7.8185485e-05  -4.6932930e-03  -2.2744380e-03
  -3.8439227e-04  -6.4745057e-04  -3.0479609e-03  -2.3645147e-03
  -9.5777946e-05  -2.3215393e-03  -1.7537377e-02  -2.1731017e-03
  -3.2816870e-04  -2.0144358e-03  -2.0393284e-02  -2.3382424e-03
  -4.6685351e-04  -9.6953476e-04  -1.1611933e-02  -2.3757743e-03
  -3.0567927e-04  -1.9428560e-04   3.1248452e-03  -2.0229738e-03
  -3.8814051e-04  -6.0250859e-04   2.1503889e-03  -2.2293996e-03
  -3.0193104e-04  -1.5912321e-03  -3.4227518e-03  -2.5071362e-03
  -2.2696628e-04  -9.3957344e-04   4.8114043e-03  -2.2519188e-03
  -3.6190284e-04  -1.5308879e-04   1.4915767e-02  -2.2369060e-03
  -3.6565108e-04   2.0644705e-04   9.2639202e-03  -2.3832807e-03
  -1.7823918e-04  -6.0250859e-04  -2.5307495e-03  -2.2819444e-03
   2.0417432e-05  -1.5799966e-03  -8.5168623e-04  -2.3007104e-03
  -6.2043804e-05  -9.3957344e-04   3.3272323e-03  -2.0717654e-03
  -3.2816870e-04  -1.0814681e-04   4.5602944e-03  -2.1505825e-03
  -3.2816870e-04  -4.6019232e-04   4.7882147e-04  -2.3870339e-03
  -4.7434998e-04  -1.5200740e-03   2.9449456e-03  -2.1806081e-03
  -4.6310527e-04  -1.6249386e-03   1.1126631e-02  -2.2068805e-03
  -3.3941342e-04  -5.0138913e-04   1.3326654e-02  -2.1543357e-03
  -5.2682532e-04  -8.9420980e-05   1.1239068e-02  -2.1468293e-03
  -3.2442046e-04  -1.0219671e-03   1.1542649e-02  -2.1580889e-03
  -2.3071451e-04  -9.2084761e-04   1.1032933e-02  -2.2669316e-03
  -5.5306298e-04   8.2856610e-05   3.6233171e-03  -2.6159789e-03
  -6.3177598e-04   7.8694763e-04  -2.7331365e-03  -2.2894508e-03
  -3.5815461e-04  -1.1189197e-04  -3.1529024e-03  -2.1430761e-03
  -3.0567927e-04  -2.2840877e-03   1.2621344e-03  -2.3457488e-03
  -4.0688170e-04  -2.2953232e-03   6.7371273e-04  -2.3044636e-03
  -3.2067223e-04  -1.4676417e-03  -2.6656742e-03  -2.5296554e-03
  -2.0822509e-04  -1.0294574e-03   2.0716828e-03  -2.3082168e-03
  -6.2043804e-05  -3.6281803e-04   5.1337244e-03  -2.1580889e-03
  -2.3446275e-04  -4.3397616e-04   1.2433949e-03  -2.4057999e-03
  -5.2682532e-04   5.6640455e-05  -7.9921550e-04  -2.2556720e-03
  -5.4181827e-04  -8.5675815e-05   1.0110245e-03  -2.3457488e-03
  -3.3941342e-04  -9.2459278e-04  -9.3414023e-04  -2.3157232e-03
  -3.6939932e-04  -9.6578959e-04  -6.7096680e-03  -2.0605058e-03
  -4.1812641e-04  -1.4039739e-03  -9.7192389e-03  -2.2369060e-03
  -1.5200152e-04  -1.1043607e-03  -8.0064445e-03  -2.4771107e-03
  -2.6070042e-04  -9.4706377e-04  -3.6438784e-03  -2.4395787e-03
  -3.5065813e-04  -1.2728931e-03  -4.6932930e-03  -2.2819444e-03
  -3.3191694e-04  -1.2728931e-03  -6.3798520e-03  -2.5259022e-03
  -3.9563699e-04  -1.2803834e-03  -1.0353338e-03  -2.5446682e-03
  -3.5440637e-04  -7.0737321e-04   2.6526087e-03  -2.2218933e-03
  -6.0553831e-04  -4.6393748e-04   4.5258610e-04  -2.3832807e-03
  -4.6685351e-04  -6.3246991e-04  -1.5900243e-03  -2.4433319e-03
  -2.7569337e-04  -8.1223783e-04  -1.5450494e-03  -2.3757743e-03
  -4.0688170e-04  -7.6355068e-04  -1.2114855e-03  -2.4771107e-03
  -9.5777946e-05  -5.3884078e-04  -1.8373863e-03  -2.1806081e-03
  -3.8064403e-04  -7.1486354e-04  -3.8687530e-03  -2.1468293e-03
  -3.9938522e-04  -1.4564062e-03  -3.5914077e-03  -2.6234853e-03
  -2.4945570e-04  -1.7035871e-03   7.4047295e-05  -2.4470851e-03
  -6.6176188e-04  -1.0968704e-03   3.1698201e-03  -2.3157232e-03
  -1.5949799e-04  -9.3208311e-04   4.3354198e-03  -2.5559278e-03
  -3.9938522e-04  -6.2497958e-04   4.7926647e-03  -2.3344892e-03
  -6.7300660e-04  -4.7517298e-04   4.2529658e-03  -2.2856976e-03
  -1.8573566e-04  -6.9988288e-04   5.2836408e-03  -2.2669316e-03
  -3.3191694e-04  -3.9277935e-04   7.5698653e-03  -2.3119700e-03
  -2.6819689e-04  -6.6992156e-04   5.6247005e-03  -2.4620979e-03
  -5.1183236e-04  -1.1904995e-03   6.7746064e-04  -2.1956209e-03
  -5.0433589e-04  -1.0444381e-03  -9.7911513e-04  -2.0229738e-03
  -3.6565108e-04  -1.1642833e-03   1.2171595e-03  -2.0267270e-03
  -6.5051717e-04  -1.3815029e-03   2.7238190e-03  -2.2068805e-03
  -6.0553831e-04  -1.2054801e-03   1.1984200e-03  -2.2031273e-03
  -6.3552422e-04  -1.2054801e-03   1.9772829e-04  -2.1393229e-03
  -2.6444866e-04  -8.0474750e-04   3.5708464e-03  -2.3457488e-03
  -1.1826737e-04  -2.8042440e-04   5.1262286e-03  -2.2594252e-03
  -2.1572156e-04  -3.3285671e-04   2.0716828e-03  -2.1993741e-03
  -3.2057900e-05  -4.1150517e-04  -1.9205424e-04  -2.3720211e-03
  -1.4450504e-04  -7.5980552e-04  -7.1676150e-04  -2.3682679e-03
  -2.8318985e-04  -7.1486354e-04  -1.2152334e-03  -2.3682679e-03
  -6.1678303e-04  -7.1111837e-04  -3.3215583e-03  -2.4696043e-03
  -6.4302069e-04  -1.4976030e-03  -5.4990934e-03  -2.4996298e-03
  -2.5320394e-04  -1.4751320e-03  -5.2142523e-03  -2.4395787e-03
  -2.2696628e-04  -1.0144767e-03  -2.7931031e-03  -2.2594252e-03
  -2.1572156e-04  -7.5980552e-04  -2.6701242e-04  -2.4395787e-03
  -1.6699447e-04  -5.0887946e-04  -1.1027961e-03  -2.4620979e-03
  -4.5186056e-04  -5.8378276e-04  -1.8186467e-03  -2.1205569e-03
  -6.1303479e-04  -6.0625375e-04   4.8631728e-04  -2.2706848e-03
  -3.9188875e-04  -5.3884078e-04   8.2362909e-04  -2.2256465e-03
  -2.6819689e-04  -6.3996024e-04  -1.1964939e-03  -2.1731017e-03
  -3.5065813e-04  -8.9837662e-04  -3.6363826e-03  -2.3157232e-03
  -4.1062994e-04  -8.2721849e-04  -4.3972081e-03  -2.2744380e-03
  -3.5440637e-04  -9.3582827e-04  -3.0404651e-03  -2.3907871e-03
  -1.9323213e-04  -1.0332026e-03  -2.6769179e-03  -2.2744380e-03
  -2.5320394e-04  -9.0961212e-04  -2.4970183e-03  -2.2819444e-03
  -4.0688170e-04  -1.3290706e-03  -8.6667786e-04  -2.2481656e-03
  -4.0688170e-04  -1.1118510e-03   1.4795132e-03  -2.2481656e-03
  -6.1303479e-04  -7.1486354e-04   2.8400041e-03  -2.1693485e-03
  -5.1183236e-04  -5.5382144e-04   2.8549958e-03  -2.0867782e-03
  -4.2187465e-04  -6.5494090e-04   3.0124080e-03  -2.6122257e-03
  -4.1062994e-04  -8.7965080e-04   2.8250125e-03  -2.0792718e-03
  -1.4450504e-04  -7.1486354e-04   1.8468083e-03  -2.1430761e-03
  -2.7194513e-04  -8.0474750e-04   1.1684367e-03  -2.3682679e-03
  -2.6444866e-04  -7.6729585e-04   6.0250246e-04  -1.9929482e-03
  -2.9818280e-04  -9.1335728e-04   2.6519065e-04  -2.5371618e-03
  -4.5560879e-04  -8.9088629e-04   1.0035287e-03  -2.0417398e-03
  -3.6190284e-04  -9.0212179e-04   2.0716828e-03  -2.1168037e-03
  -1.7823918e-04  -8.3470882e-04   2.7125752e-03  -2.3982935e-03
  -2.1197332e-04  -4.7517298e-04   3.0236517e-03  -2.0642590e-03
  -4.4061584e-04  -5.2011496e-04   2.8849790e-03  -2.4996298e-03
  -2.7569337e-04  -2.9540506e-04   2.3190448e-03  -2.3119700e-03
  -1.7449094e-04  -4.6393748e-04   1.3858154e-03  -2.1993741e-03
  -4.1812641e-04  -5.9501826e-04   3.8137583e-04  -2.2218933e-03
  -4.7809822e-04  -6.7366672e-04  -1.3389144e-03  -2.1205569e-03
  -3.8439227e-04  -1.0444381e-03  -2.6206993e-03  -2.2181401e-03
  -2.6070042e-04  -1.0069864e-03  -2.4970183e-03  -2.1243101e-03
  -1.2951209e-04  -8.4219915e-04  -2.8005989e-03  -2.1956209e-03
  -2.3821099e-04  -6.7741189e-04  -2.3958247e-03  -2.2969572e-03
  -3.6565108e-04  -6.9613771e-04  -1.7324448e-03  -2.2106337e-03
  -3.0567927e-04  -5.8752793e-04  -1.5300578e-03  -2.2031273e-03
  -2.2696628e-04  -6.3246991e-04  -7.1676150e-04  -2.3382424e-03
  -4.5186056e-04  -1.0182219e-03  -6.3430751e-04  -2.3194764e-03
  -4.7809822e-04  -7.9351200e-04  -1.2976874e-03  -2.3344892e-03
  -2.7194513e-04  -5.5007628e-04  -2.0922441e-03  -2.2481656e-03
  -4.4436408e-04  -7.7478618e-04  -2.5007662e-03  -2.2481656e-03
  -3.7314756e-04  -7.7478618e-04  -2.7069012e-03  -2.2706848e-03
  -3.0567927e-04  -8.9837662e-04  -2.4333038e-03  -2.2406592e-03
  -3.5815461e-04  -9.3582827e-04  -1.5300578e-03  -2.3795275e-03
  -4.1062994e-04  -8.7216047e-04  -1.2677041e-03  -2.2068805e-03
  -4.5560879e-04  -1.0182219e-03  -2.8949988e-04  -2.2218933e-03
  -4.4061584e-04  -8.9837662e-04   9.5855382e-04  -2.3269828e-03
  -5.0808413e-04  -8.7965080e-04   1.1084702e-03  -2.5033830e-03
  -3.7314756e-04  -8.6467014e-04   1.3295968e-03  -2.4996298e-03
  -4.4436408e-04  -7.4107969e-04   1.1459493e-03  -2.1881145e-03
  -4.6310527e-04  -7.9725717e-04   8.9858727e-04  -2.3607615e-03
  -3.1692399e-04  -8.1972816e-04   7.5241882e-04  -2.3645147e-03
  -2.5695218e-04  -8.7216047e-04   5.5307750e-05  -2.2369060e-03
  -2.2696628e-04  -9.8077025e-04  -2.3398339e-05  -2.3495020e-03
  -4.9309117e-04  -1.0182219e-03   3.3265302e-04  -2.3007104e-03
  -5.7555241e-04  -1.1043607e-03   7.1493973e-04  -2.2556720e-03
  -4.4061584e-04  -1.0631639e-03   1.0147725e-03  -2.4170595e-03
  -6.4302069e-04  -9.2459278e-04   1.4645215e-03  -2.4846170e-03
  -4.7060175e-04  -9.1710245e-04   1.8018333e-03  -2.3945403e-03
  -2.3071451e-04  -6.6617639e-04   1.6181858e-03  -2.2444124e-03
  -6.6176188e-04  -7.5231519e-04   1.5956983e-03  -2.4057999e-03
  -5.8679712e-04  -9.3208311e-04   8.6860400e-04  -2.4283191e-03
  -4.2187465e-04  -6.8864738e-04   1.8648456e-04  -2.0905314e-03
  -5.2682532e-04  -8.9837662e-04  -1.8081052e-04  -2.2631784e-03
  -4.9309117e-04  -9.3582827e-04  -5.9308051e-04  -2.2969572e-03
  -4.3686760e-04  -8.3096365e-04  -7.9921550e-04  -2.2256465e-03
  -3.6190284e-04  -9.9949608e-04  -1.4138726e-03  -2.3607615e-03
  -4.7809822e-04  -7.8602167e-04  -9.6412350e-04  -2.4358255e-03
  -1.9698037e-04  -7.5606035e-04  -3.7570179e-04  -2.3532552e-03
  -3.1692399e-04  -8.5343464e-04  -5.1437442e-04  -2.3419956e-03
  -7.2923017e-04  -7.2609903e-04  -1.5457515e-04  -2.4658511e-03
  -5.4181827e-04  -8.7590563e-04  -1.0585234e-04  -2.1580889e-03
