  -5.8202340e-06  -8.7216047e-04  -1.1334816e-04  -2.1393229e-03
  -1.6699447e-04  -6.1748925e-04  -1.1334816e-04  -2.2106337e-03
   1.2536810e-04  -7.7478618e-04  -1.8081052e-04  -2.0642590e-03
  -5.0799090e-05  -8.4219915e-04  -3.3447479e-04  -2.0567526e-03
  -3.7689580e-04  -6.3621507e-04  -3.1948315e-04  -2.2143869e-03
  -4.3302614e-05  -6.8864738e-04  -3.8389975e-05  -1.9929482e-03
  -2.0072861e-04  -9.0961212e-04  -1.2084397e-04  -2.0792718e-03
  -6.2043804e-05  -9.3957344e-04  -2.2203752e-04  -2.2218933e-03
  -2.0813186e-05  -6.5868606e-04  -1.7706261e-04  -2.0042078e-03
  -1.7449094e-04  -8.6841530e-04  -4.6190369e-04  -2.0004546e-03
   1.6669194e-05  -1.0519284e-03  -6.0877429e-05  -2.0229738e-03
  -1.8198742e-04  -9.9575091e-04  -9.4608610e-05  -2.1806081e-03
   5.4151574e-05  -7.1111837e-04  -2.2953333e-04  -2.2519188e-03
  -1.2201561e-04  -6.3246991e-04   1.3026593e-04  -2.1055441e-03
  -3.3566518e-04  -8.6467014e-04  -1.2459188e-04  -2.0567526e-03
  -6.9540280e-05  -7.2609903e-04   3.6568205e-05  -2.0529994e-03
  -9.5684720e-06  -7.1111837e-04  -4.9633702e-05  -2.1168037e-03
   6.9144526e-05  -4.4895682e-04  -1.9955006e-04  -2.0379866e-03
   2.1532581e-04  -4.9015364e-04   2.5324478e-05  -1.8015352e-03
   3.3901766e-04  -6.8115705e-04  -1.5082725e-04  -1.7489904e-03
   9.1633954e-05  -4.3397616e-04  -4.6587940e-06  -1.8090416e-03
   2.3781524e-04  -5.9127309e-04   1.4080751e-05  -1.7489904e-03
   2.7529762e-04  -8.5343464e-04  -2.1079379e-04  -1.6851861e-03
  -5.8202340e-06  -9.6204443e-04  -1.5902521e-05  -1.7452372e-03
  -1.3326033e-04  -7.2984420e-04   2.2021575e-04  -1.7377308e-03
  -6.9540280e-05  -7.4107969e-04  -1.5902521e-05  -1.8015352e-03
   1.6659871e-04  -6.2497958e-04  -1.6956679e-04  -1.8578331e-03
   1.5910224e-04  -4.0401484e-04  -1.9955006e-04  -1.7902756e-03
   1.4036105e-04  -6.9239255e-04  -7.5869065e-05  -1.7227181e-03
  -9.2029708e-05  -6.5868606e-04   8.9038931e-05  -1.6288881e-03
  -1.3700856e-04  -7.8976684e-04   1.1527429e-04  -1.8240544e-03
  -2.1946980e-04  -9.3582827e-04   4.2260283e-04  -1.8803523e-03
  -2.0822509e-04  -8.9837662e-04   4.0316114e-05  -1.8465736e-03
   9.9130430e-05  -8.2347332e-04  -3.5696224e-04  -1.9967014e-03
   2.0417432e-05  -6.3621507e-04  -2.8200406e-04  -1.9291439e-03
   1.4036105e-04  -7.7853134e-04  -2.4077706e-04  -2.0417398e-03
   1.6659871e-04  -7.6729585e-04  -3.5321433e-04  -1.9967014e-03
   1.8908814e-04  -6.3621507e-04  -4.2817251e-04  -1.9854418e-03
   1.5160576e-04  -7.8976684e-04  -7.2121156e-05  -2.2181401e-03
  -2.6819689e-04  -9.2833794e-04  -2.4077706e-04  -1.9666759e-03
  -1.1451914e-04  -9.1710245e-04  -2.6701242e-04  -1.9929482e-03
   3.9158622e-05  -8.6092497e-04  -1.0960025e-04  -2.2519188e-03
  -2.0072861e-04  -1.0406929e-03  -2.3328124e-04  -2.2068805e-03
  -1.1077090e-04  -1.0856349e-03  -4.9633702e-05  -2.0117142e-03
  -1.4075680e-04  -8.3470882e-04  -1.8081052e-04  -2.0755186e-03
  -3.2442046e-04  -1.0107316e-03  -2.6326452e-04  -2.1655953e-03
  -1.1826737e-04  -8.7216047e-04  -1.2084397e-04  -1.8878587e-03
  -1.0327442e-04  -8.4219915e-04  -1.8455843e-04  -2.3419956e-03
  -3.0942751e-04  -1.1268317e-03  -2.3328124e-04  -2.3645147e-03
  -1.2201561e-04  -7.8227651e-04  -2.5576870e-04  -1.9929482e-03
  -4.3302614e-05  -9.6204443e-04  -1.7706261e-04  -2.2293996e-03
  -2.4570747e-04  -9.3957344e-04  -2.9324779e-04  -2.1130505e-03
  -3.2067223e-04  -7.9725717e-04  -3.3822270e-04  -2.2706848e-03
  -2.0822509e-04  -9.3582827e-04  -3.6071015e-04  -2.1355697e-03
  -4.3302614e-05  -8.1223783e-04  -6.0432423e-04  -1.9516631e-03
  -1.1451914e-04  -9.8077025e-04  -4.5065997e-04  -2.3382424e-03
  -2.0447685e-04  -7.3733453e-04  -3.2697897e-04  -2.2856976e-03
  -1.5574975e-04  -8.7965080e-04  -3.2323106e-04  -2.1430761e-03
  -2.2321804e-04  -9.6953476e-04  -1.6956679e-04  -2.1092973e-03
  -4.7050852e-05  -7.6729585e-04  -1.9955006e-04  -2.0154674e-03
   1.0662691e-04  -9.4331860e-04  -1.6581888e-04  -1.9103779e-03
  -2.5320394e-04  -5.0513430e-04  -1.2084397e-04  -2.0304802e-03
  -1.5200152e-04  -6.3996024e-04  -1.9580215e-04  -2.1168037e-03
   1.5160576e-04  -6.9239255e-04  -2.0704588e-04  -2.0042078e-03
  -1.0327442e-04  -6.5494090e-04  -2.5951661e-04  -2.0529994e-03
  -2.7569337e-04  -1.0669090e-03  -2.5202079e-04  -1.9816886e-03
  -2.5695218e-04  -8.2347332e-04  -1.6207097e-04  -1.8315608e-03
  -9.9526184e-05  -7.5231519e-04  -7.9616974e-05  -1.9629227e-03
  -8.8281470e-05  -7.2609903e-04  -3.1198733e-04  -2.1318165e-03
  -2.4561424e-05  -7.6729585e-04  -3.9069342e-04  -2.1205569e-03
   1.0287867e-04  -9.3957344e-04  -3.0823942e-04  -2.0567526e-03
  -1.7823918e-04  -6.1748925e-04  -3.3072688e-04  -1.9666759e-03
  -2.0072861e-04  -5.9501826e-04  -1.3583561e-04  -2.0229738e-03
  -1.8198742e-04  -8.0474750e-04  -2.5202079e-04  -2.2519188e-03
  -1.5200152e-04  -6.6243123e-04  -1.5457515e-04  -2.0755186e-03
  -4.3302614e-05  -9.8077025e-04   1.3401384e-04  -1.8841055e-03
  -1.8573566e-04  -1.0594187e-03  -4.6587940e-06  -2.1168037e-03
  -1.8948390e-04  -7.1860870e-04  -1.4707934e-04  -2.2106337e-03
  -9.5777946e-05  -8.7216047e-04  -3.3447479e-04  -2.1168037e-03
   5.0403336e-05  -7.4857002e-04  -3.8694551e-04  -1.8953651e-03
  -5.8295566e-05  -8.2347332e-04  -1.4333143e-04  -1.9554163e-03
   1.6762420e-06  -7.8976684e-04  -3.0074361e-04  -2.2218933e-03
   7.2892764e-05  -6.5119573e-04  -4.3192042e-04  -2.2106337e-03
  -1.2576385e-04  -9.6204443e-04  -1.2084397e-04  -2.2106337e-03
   9.5382192e-05  -8.1223783e-04  -1.0585234e-04  -2.1205569e-03
  -6.9540280e-05  -7.9351200e-04  -1.3208770e-04  -2.1017910e-03
  -6.5792042e-05  -7.2984420e-04  -1.9955006e-04  -2.2519188e-03
   1.4036105e-04  -7.1486354e-04  -1.9205424e-04  -2.1993741e-03
  -7.3288518e-05  -9.9575091e-04  -1.5902521e-05  -2.0867782e-03
  -2.4561424e-05  -8.4968948e-04   2.1576569e-05  -2.1092973e-03
   2.7913908e-05  -7.6729585e-04   6.6551477e-05  -2.1881145e-03
   1.8533990e-04  -8.2347332e-04  -3.0894157e-05  -2.2481656e-03
   9.1727180e-06  -9.6953476e-04  -9.1088500e-07  -2.0680122e-03
  -1.7074271e-04  -7.9725717e-04   6.5849330e-06  -2.1468293e-03
  -1.1077090e-04  -6.7366672e-04  -1.8081052e-04  -2.2369060e-03
  -1.7823918e-04  -8.3845398e-04  -7.2121156e-05  -2.1017910e-03
  -1.1077090e-04  -7.0737321e-04  -1.6956679e-04  -2.2031273e-03
  -1.1826737e-04  -8.1598299e-04  -2.5576870e-04  -1.9704291e-03
   1.4036105e-04  -7.7853134e-04  -1.2154612e-05  -2.0154674e-03
   1.3286457e-04  -8.9463146e-04  -6.4625338e-05  -2.0342334e-03
  -5.8295566e-05  -9.1710245e-04   1.9023247e-04  -1.7264713e-03
  -5.8202340e-06  -5.0513430e-04   2.2021575e-04  -1.6101221e-03
   1.2911633e-04  -7.4482486e-04  -1.3958352e-04  -1.5313050e-03
   2.6405290e-04  -8.1223783e-04   5.5307750e-05  -1.6814329e-03
   3.1662146e-05  -7.7104101e-04  -1.7331470e-04  -1.8203012e-03
   1.1037514e-04  -8.5343464e-04  -4.9563487e-04  -1.9141311e-03
   2.0033286e-04  -6.2123441e-04  -2.6701242e-04  -1.9103779e-03
  -5.0799090e-05  -5.6505694e-04  -2.4452497e-04  -1.8052884e-03
  -1.7064948e-05  -7.4857002e-04  -4.3941624e-04  -1.6889393e-03
  -6.2043804e-05  -8.0849266e-04  -3.0449151e-04  -1.7227181e-03
  -1.5200152e-04  -7.2235387e-04   7.0299386e-05  -1.8165480e-03
   1.6762420e-06  -1.0743994e-03   1.0777848e-04  -1.9103779e-03
  -1.1077090e-04  -8.7216047e-04  -1.2084397e-04  -1.9816886e-03
   1.2911633e-04  -4.9764397e-04  -3.7195388e-04  -2.0454930e-03
   4.2897537e-04  -9.7327992e-04  -4.4316415e-04  -2.0267270e-03
   5.0403336e-05  -8.5343464e-04  -4.3566833e-04  -1.8390672e-03
  -3.9554376e-05  -8.2347332e-04  -1.8455843e-04  -1.9141311e-03
  -1.9323213e-04  -9.9575091e-04   1.8273666e-04  -1.8615863e-03
  -2.6070042e-04  -7.8976684e-04   1.3401384e-04  -1.9103779e-03
  -1.2951209e-04  -8.6092497e-04   2.9072387e-05  -1.9404035e-03
  -1.8948390e-04  -6.9239255e-04  -3.4642066e-05  -2.0867782e-03
  -5.0799090e-05  -6.9988288e-04  -1.6207097e-04  -2.2594252e-03
  -2.6070042e-04  -8.9088629e-04  -1.7706261e-04  -1.9816886e-03
  -2.7944161e-04  -8.8339596e-04  -1.5082725e-04  -2.0792718e-03
   1.3286457e-04  -8.3845398e-04  -2.0704588e-04  -2.0267270e-03
  -1.4825328e-04  -1.0032412e-03  -2.5951661e-04  -2.0755186e-03
  -2.1572156e-04  -9.0212179e-04  -1.5457515e-04  -2.2706848e-03
  -4.7050852e-05  -5.1262463e-04  -9.4608610e-05  -2.1468293e-03
  -3.9938522e-04  -9.5829926e-04  -3.2323106e-04  -2.1318165e-03
  -2.7194513e-04  -1.0294574e-03  -3.8319760e-04  -2.2256465e-03
  -3.5806138e-05  -7.4857002e-04  -3.2697897e-04  -2.2744380e-03
  -1.7074271e-04  -7.2984420e-04  -5.6684514e-04  -2.1693485e-03
  -2.0822509e-04  -7.2609903e-04  -5.2187024e-04  -2.0830250e-03
  -1.3326033e-04  -1.1118510e-03  -1.8455843e-04  -2.1768549e-03
  -2.8693808e-04  -9.3208311e-04  -2.8200406e-04  -2.3044636e-03
  -3.5440637e-04  -8.1972816e-04  -3.7570179e-04  -2.0830250e-03
  -1.2951209e-04  -1.0631639e-03  -9.0860701e-05  -2.1318165e-03
  -1.8948390e-04  -7.0362804e-04  -3.2323106e-04  -2.1806081e-03
  -1.0702266e-04  -8.4219915e-04  -5.7059305e-04  -1.9554163e-03
   2.4165670e-05  -1.0481832e-03  -2.6326452e-04  -2.0980378e-03
  -2.4570747e-04  -8.1972816e-04  -1.5457515e-04  -2.1956209e-03
  -2.7569337e-04  -8.7590563e-04  -2.2203752e-04  -2.1468293e-03
  -2.0719960e-06  -7.2984420e-04  -2.0704588e-04  -1.9366503e-03
  -5.8295566e-05  -8.2721849e-04  -9.4608610e-05  -1.8878587e-03
  -2.1197332e-04  -9.3208311e-04   1.1527429e-04  -1.9253907e-03
  -7.3288518e-05  -7.2609903e-04   1.0777848e-04  -1.9629227e-03
   5.7899812e-05  -8.6467014e-04  -1.8455843e-04  -1.9666759e-03
  -8.8281470e-05  -8.3096365e-04  -2.4077706e-04  -1.8728459e-03
  -1.5949799e-04  -7.1111837e-04  -2.2578543e-04  -1.9891950e-03
  -2.0719960e-06  -8.6092497e-04  -3.2323106e-04  -2.0492462e-03
  -1.7064948e-05  -5.8003760e-04  -2.9699570e-04  -1.9178843e-03
   8.7885716e-05  -4.1525034e-04  -2.8949988e-04  -1.7001989e-03
   1.5910224e-04  -8.4968948e-04  -2.8949988e-04  -1.8953651e-03
  -2.0447685e-04  -8.3845398e-04   2.8370240e-06  -1.9404035e-03
  -1.8198742e-04  -8.0849266e-04   2.7268647e-04  -1.8503268e-03
   6.9144526e-05  -9.0586695e-04  -9.1088500e-07  -2.0079610e-03
  -1.6699447e-04  -6.3621507e-04  -1.2833979e-04  -1.8165480e-03
  -1.5200152e-04  -8.2347332e-04  -2.8949988e-04  -2.0304802e-03
   4.2906860e-05  -8.7965080e-04   1.4525757e-04  -2.3607615e-03
   8.4137478e-05  -5.2011496e-04   6.6246901e-04  -2.0830250e-03
   2.3406700e-04  -6.7741189e-04  -3.6071015e-04  -2.1017910e-03
   5.4151574e-05  -8.9463146e-04   5.7626710e-04  -2.1580889e-03
  -4.7050852e-05  -8.7965080e-04  -4.6587940e-06  -2.1280633e-03
  -3.3941342e-04  -6.7366672e-04  -7.0176987e-04  -2.2594252e-03
  -1.7074271e-04  -7.5980552e-04   1.4532778e-03  -2.0117142e-03
  -1.1077090e-04  -9.2833794e-04  -1.7399407e-03  -2.1881145e-03
  -2.9068632e-04  -7.4107969e-04   2.2365908e-03  -1.9441567e-03
   6.9144526e-05  -8.2347332e-04  -1.2564604e-03  -2.1843613e-03
  -2.2321804e-04  -9.1335728e-04  -6.1931587e-04  -1.8278076e-03
   6.2763199e-04  -6.8864738e-04   3.2747616e-03  -1.9591695e-03
  -8.9415264e-04  -5.2011496e-04  -6.3611125e-03  -2.5859534e-03
   1.8533990e-04  -9.0212179e-04   9.0615331e-03  -1.3774239e-03
  -1.8573566e-04  -8.0474750e-04  -1.0787393e-02  -3.2052309e-03
  -6.5801365e-04  -8.2721849e-04   1.0227133e-02  -1.2986068e-03
   1.6209151e-03  -7.8976684e-04  -7.2193836e-03  -3.1827117e-03
  -2.5808597e-03  -6.3996024e-04  -3.9444133e-04  -1.8165480e-03
   3.1277067e-03  -1.1530478e-03   9.6274673e-03  -1.6626669e-03
  -3.6903382e-03  -5.5382144e-04  -2.1142866e-02  -4.6727309e-03
   2.9552878e-03  -1.3103448e-03   6.4912873e-02   5.9788422e-03
   1.9241382e-02  -2.9498340e-05  -1.4882663e-01  -3.0303313e-02
   4.7282044e-03   3.8542378e-03   1.3177557e-01  -6.5365680e-02
  -9.5300930e-03   1.4947838e-03   3.3940223e-01  -6.2235513e-02
  -3.1191160e-02  -3.6548181e-03   6.2652884e-02  -6.2573301e-02
   2.5692193e-03  -4.1341992e-03   2.7215350e-01  -4.3690967e-02
   1.0166898e-02  -1.9657486e-03   9.2471248e-02  -5.7074867e-02
  -3.7840535e-02   7.4949598e-04   6.6280860e-02  -6.6570456e-02
  -2.2622688e-02   1.9292230e-03   1.2473700e-01  -4.4828186e-02
  -1.5894601e-02  -9.1335728e-04   2.5215021e-02  -2.8036382e-02
  -1.0969416e-02  -4.0031184e-03   2.3298036e-01  -1.1766273e-02
  -1.4166663e-02  -4.1416895e-03   1.9865701e-01  -1.1146996e-02
  -5.6506667e-03  -1.1792640e-03   2.8048440e-02  -3.1676989e-03
   4.8069174e-03   5.2104091e-04   6.1056275e-02  -3.8481529e-02
   3.7275180e-04  -8.6841530e-04   8.3723628e-02  -4.8528838e-02
   9.0424263e-03  -1.4226997e-03  -2.8140212e-02   3.8920647e-03
  -2.3769649e-02  -1.9170615e-03   7.3694224e-02  -8.7261837e-03
  -1.3165884e-02  -3.5312276e-03   6.0557101e-03  -1.2430589e-02
   2.5617228e-03  -2.7672140e-03  -1.0804563e-01   8.5685481e-03
   9.5709279e-03  -3.1038572e-04  -2.0711856e-02  -5.7011069e-03
   9.7770809e-03   1.5659420e-03  -4.4720961e-02   2.2856963e-03
  -1.9863985e-02   2.3486814e-03  -7.8260999e-02   2.2031260e-03
  -1.4743892e-02  -1.7110774e-03   4.1874476e-02  -8.0656210e-03
   9.3460336e-03  -5.6809523e-03  -6.4135130e-02  -1.1785039e-02
   1.4331190e-02  -3.5125018e-03  -1.1039182e-01  -5.8076971e-02
  -3.0835078e-02   1.0678350e-03   1.1444524e-01  -5.1921728e-02
   6.7634976e-03   1.5771774e-03  -2.2889391e-02  -2.6035928e-02
   4.4193402e-02  -1.2242060e-03  -9.3882283e-02  -3.6270896e-02
  -3.3305167e-02  -4.9389880e-04  -5.5409998e-02  -3.9070787e-03
  -2.7735285e-02   2.2517288e-04  -6.8587646e-02   2.8111439e-03
   6.0738218e-03  -2.4825814e-03  -2.0359553e-02  -1.9325212e-02
  -5.2121228e-03  -1.9957100e-03  -3.6022064e-02  -1.5966101e-02
   2.9552878e-03   1.3337417e-03  -6.4206340e-02   3.2652751e-04
  -5.6055946e-04   6.9706367e-04  -8.3470592e-02  -2.8299112e-03
   1.6677587e-02  -6.2497958e-04  -7.1481031e-02  -1.0535225e-02
  -1.6100661e-03  -4.7142781e-04  -5.2186796e-02  -7.7015609e-03
  -2.3653454e-02  -1.0519284e-03  -8.7810671e-02  -4.3049176e-03
   4.8781339e-03  -2.1530069e-03  -6.5731739e-02   3.1789572e-03
   1.2048606e-03  -1.4713869e-03   4.8563792e-03  -6.6881977e-03
  -4.7173554e-03   1.7831615e-03  -2.5655348e-02  -3.8770531e-03
  -3.0231518e-03   1.6820421e-03  -2.2132314e-02   3.6856388e-03
   6.7147705e-03  -1.2466770e-03  -1.3077365e-02  -1.4262155e-03
   4.3271429e-03  -2.3627361e-03  -4.1423503e-03  -3.3666183e-03
  -1.0995654e-02  -9.4706377e-04  -7.8977551e-03  -3.8320148e-03
  -1.0579600e-02  -9.3208311e-04  -1.5862062e-02  -1.5688370e-03
   8.5214212e-03  -1.1904995e-03   3.1810639e-03  -4.9317015e-03
   1.6246540e-02  -5.5382144e-04  -5.0605880e-03  -4.4137603e-03
  -1.0665716e-03   1.8397606e-04  -8.2500586e-03  -2.1130505e-03
  -7.3297841e-04   1.3711934e-03  -1.0918570e-02  -2.0229738e-03
   6.3138023e-04  -8.8714113e-04  -1.9160924e-03  -2.8036388e-03
  -2.7008034e-03  -2.2391457e-03  -5.6115307e-03  -2.9462603e-03
  -7.4085903e-03  -1.5837418e-03  -8.7110514e-03   6.3804286e-04
  -5.8943021e-03  -1.0968704e-03  -6.2449273e-03  -7.9192520e-04
   6.0026053e-03  -4.4521166e-04   4.0243434e-03  -1.8465736e-03
   5.3429154e-03  -1.0032412e-03   1.6781523e-03  -1.5463178e-03
  -9.7661388e-04  -1.1605382e-03   1.1871763e-03  -1.3098664e-03
   9.0125336e-04  -1.4077191e-03   1.2415912e-02  -1.6514073e-03
  -2.5433774e-03  -1.8908453e-03   1.1362749e-02  -4.0046618e-03
  -3.0193104e-04  -1.2242060e-03   9.6199715e-03  -2.6234853e-03
   5.5790544e-03  -9.8077025e-04   6.1718952e-03  -1.0921810e-03
   1.8383129e-03  -1.0631639e-03   8.4581197e-03  -9.0827431e-04
  -6.3177598e-04  -5.9127309e-04   7.2662847e-03  -1.5575774e-03
  -7.1162277e-03  -8.2721849e-04   6.0294747e-03  -8.5948274e-04
  -5.2683464e-03  -1.6024676e-03   1.8655478e-03  -7.7315921e-04
  -5.1558060e-04  -1.7822356e-03   6.4155093e-03  -3.3779405e-05
  -3.7877924e-03  -1.1680285e-03   9.1102559e-03   1.2085288e-03
  -2.2172807e-03  -5.5714495e-05   8.0308581e-03  -3.6893933e-03
   4.5557854e-03  -6.3204825e-05   9.0352977e-03  -2.5108894e-03
   3.6899424e-03  -1.2092253e-03   8.3869095e-03  -3.1151598e-04
   6.1263904e-04  -1.0519284e-03   1.1640094e-02  -3.0663626e-03
  -2.7120481e-03  -5.9127309e-04   1.2322214e-02  -2.4358255e-03
  -2.3334760e-03  -6.5494090e-04   1.3030569e-02  -2.1205569e-03
   2.9815255e-03  -4.5644715e-04   5.0512704e-03  -2.1580889e-03
   1.1636300e-03  -5.1636979e-04   3.3497198e-03  -7.0184847e-04
  -2.3821099e-04  -5.1262463e-04   4.6652358e-03  -1.2385613e-04
  -5.4407653e-03  -6.7741189e-04   1.9892288e-03  -1.9666759e-03
  -3.9901972e-03  -8.5717981e-04   1.0672432e-03  -2.0229738e-03
   2.9028125e-03  -7.6355068e-04  -1.6799741e-03  -1.8315608e-03
   3.0789796e-03  -4.1525034e-04  -4.5771078e-03  -2.6835365e-03
   2.9852737e-03   5.3976674e-04  -5.0605880e-03  -2.8749495e-03
   1.1898677e-03   1.5775991e-04  -6.1287421e-03  -3.3666183e-03
   4.9269542e-04  -8.9837662e-04  -9.3032210e-03  -3.1376733e-03
  -1.4075680e-04  -1.2092253e-03  -9.3931708e-03  -2.6009662e-03
  -2.5021467e-03  -1.2766383e-03  -1.1735614e-02  -2.3419956e-03
  -1.5313531e-03  -3.7030836e-04  -1.1094722e-02  -2.6610173e-03
   1.4484961e-03  -2.0177593e-04  -1.0727426e-02  -1.9666759e-03
   1.6059221e-03  -4.3397616e-04  -1.0899830e-02  -1.6176285e-03
   1.4747338e-03  -6.3204825e-05  -8.0814027e-03  -1.5838498e-03
   1.2161986e-04  -5.5714495e-05  -3.4939621e-03  -2.5296554e-03
   2.6666735e-03   1.1698475e-05  -2.1447148e-03  -3.3478524e-03
   2.1231789e-03  -4.8266331e-04  -9.3332043e-03  -1.2685812e-03
  -2.0036311e-03  -9.7327992e-04  -1.0120265e-02  -9.7583185e-04
  -2.6819689e-04  -1.2878738e-03  -3.0517088e-03  -2.5296554e-03
  -1.1865152e-03  -1.4751320e-03  -5.2936605e-04  -3.4717079e-03
  -2.4159373e-03  -9.0586695e-04  -5.8663885e-03  -1.8165480e-03
   5.4244800e-06  -9.3208311e-04  -8.6585807e-03  -3.1526918e-04
   3.2626433e-03  -1.0968704e-03  -2.5607327e-03  -2.3570083e-03
   8.2628860e-04  -7.8227651e-04   1.1871763e-03  -2.9049751e-03
  -3.2330532e-03  -8.2721849e-04  -2.2046814e-03  -1.5388114e-03
  -9.1289383e-04  -1.0818897e-03  -1.3164269e-03  -1.2760876e-03
   2.9515395e-03  -1.3178351e-03   3.3909468e-03  -2.1956209e-03
   4.8145071e-04  -9.8826058e-04   3.9981080e-03  -2.3795275e-03
  -2.5508738e-03  -3.2911154e-04   3.4771487e-03  -1.2911004e-03
   6.2763199e-04  -5.5382144e-04   5.4635404e-03  -1.3098664e-03
   2.0557107e-03  -1.1343220e-03   6.8989896e-03  -1.7940288e-03
  -3.3191694e-04  -1.1942447e-03   7.5661174e-03  -1.7827692e-03
  -2.6333351e-03  -7.7478618e-04   6.4829717e-03  -1.4487347e-03
  -1.1940117e-03  -7.1111837e-04   4.6464963e-03  -1.3999431e-03
   1.3248043e-03  -1.1717737e-03   5.5272549e-03  -1.5388114e-03
   1.0399382e-03  -1.0556735e-03   5.8570709e-03  -1.4862666e-03
  -5.0808413e-04  -7.7478618e-04   6.5766694e-03  -2.0042078e-03
  -2.1573088e-03  -8.2347332e-04   6.0444663e-03  -1.8653395e-03
   1.6669194e-05  -9.2084761e-04   6.7303337e-03  -2.0042078e-03
   2.7303935e-03  -1.3328158e-03   8.2220015e-03  -2.3832807e-03
   2.7154938e-04  -1.0931252e-03   6.5541820e-03  -1.9028715e-03
  -1.9624005e-03  -4.3772133e-04   5.4110697e-03  -1.8916119e-03
  -7.7046079e-04  -7.9351200e-04   6.3143158e-03  -1.9479099e-03
   8.3003684e-04  -1.1755188e-03   7.0414101e-03  -1.8390672e-03
  -5.1183236e-04  -1.0369477e-03   4.6315046e-03  -1.4524879e-03
  -1.5163601e-03  -7.4482486e-04   3.5183757e-03  -1.3136196e-03
   9.1727180e-06  -7.0362804e-04   5.1299765e-03  -2.0792718e-03
   9.4623222e-04  -8.6092497e-04   4.0243434e-03  -2.3907871e-03
   8.2254036e-04  -7.0737321e-04   1.2771261e-03  -2.2181401e-03
   7.2892764e-05  -5.5382144e-04   5.7626710e-04  -2.3757743e-03
   2.4905995e-04  -4.1525034e-04  -4.2442460e-04  -2.7210685e-03
  -1.8573566e-04  -3.8154385e-04  -2.5457411e-03  -2.5221490e-03
  -6.3552422e-04  -7.0362804e-04  -4.9518987e-03  -1.7527436e-03
  -4.1437818e-04  -1.0743994e-03  -6.3835999e-03  -1.8390672e-03
  -7.4797136e-04  -9.6204443e-04  -5.9263550e-03  -2.2256465e-03
  -9.1664207e-04  -6.2123441e-04  -6.8933155e-03  -1.8953651e-03
  -6.6551012e-04  -5.9501826e-04  -9.0933381e-03  -1.6664201e-03
   5.3392604e-04  -6.5119573e-04  -8.0364278e-03  -1.9178843e-03
   4.2897537e-04  -6.1374408e-04  -5.1955128e-03  -2.3870339e-03
  -1.8573566e-04  -4.2648583e-04  -4.9556466e-03  -2.5371618e-03
   5.3767428e-04  -4.8640847e-04  -5.2667230e-03  -2.2331528e-03
   1.4972232e-03  -9.0212179e-04  -4.2622834e-03  -2.1017910e-03
   1.3323007e-03  -7.7104101e-04  -3.3290541e-03  -2.2331528e-03
  -4.5560879e-04  -7.3733453e-04  -2.2908833e-03  -2.4320723e-03
  -1.0890610e-03  -1.0144767e-03  -2.1746981e-03  -2.2143869e-03
  -5.5681122e-04  -1.0369477e-03  -4.6670576e-03  -1.5237986e-03
  -4.3311937e-04  -1.2654028e-03  -4.6033431e-03  -1.8015352e-03
   3.0903176e-04  -1.0519284e-03  -1.9235882e-03  -2.4095531e-03
   6.0139432e-04  -7.5980552e-04  -1.0315859e-03  -2.6722769e-03
   2.5280819e-04  -8.9837662e-04  -1.5562931e-03  -2.3870339e-03
   6.4262494e-04  -7.6729585e-04  -2.0697567e-03  -2.0079610e-03
   9.6497341e-04  -9.9200575e-04  -1.3208770e-04  -2.4208127e-03
   4.2897537e-04  -1.1155962e-03   1.5544714e-03  -2.3607615e-03
  -4.5935703e-04  -8.3845398e-04   7.6366255e-04  -2.1318165e-03
  -1.2576385e-04  -1.0332026e-03   1.0403057e-04  -1.7452372e-03
   4.2147890e-04  -9.6953476e-04   1.4420341e-03  -1.7489904e-03
  -5.3057355e-04  -8.7216047e-04   2.3527760e-03  -2.1430761e-03
  -1.4189060e-03  -9.0961212e-04   2.1653805e-03  -2.0154674e-03
  -6.3552422e-04  -6.4745057e-04   2.7500543e-03  -1.9854418e-03
   8.4877803e-04  -8.4219915e-04   3.1585764e-03  -1.9629227e-03
   4.0648595e-04  -9.2084761e-04   3.1023578e-03  -2.0867782e-03
  -1.8049745e-03  -6.9613771e-04   2.3265406e-03  -1.7302244e-03
  -1.4788778e-03  -7.6355068e-04   2.4951965e-03  -1.7527436e-03
   7.3258265e-04  -9.7702509e-04   4.7439419e-03  -2.4508383e-03
  -1.3316710e-05  -1.0219671e-03   4.6764795e-03  -2.2932040e-03
  -1.5088637e-03  -6.9239255e-04   2.5963901e-03  -1.8203012e-03
  -3.6939932e-04  -7.2235387e-04   3.8931666e-03  -1.8127948e-03
   9.7996636e-04  -8.7216047e-04   5.2948845e-03  -2.2519188e-03
  -2.3071451e-04  -5.9876342e-04   2.8137688e-03  -2.1205569e-03
  -1.7787368e-03  -5.6880210e-04   1.5169923e-03  -1.6363945e-03
  -1.2989623e-03  -6.6617639e-04   3.0273996e-03  -1.7602500e-03
  -8.0784994e-05  -6.2497958e-04   3.4621570e-03  -2.0417398e-03
   3.5775885e-04  -6.2872474e-04   2.7425585e-03  -1.8728459e-03
  -1.6699447e-04  -4.6768265e-04   1.5544714e-03  -1.4599943e-03
   2.6780114e-04  -3.7779869e-04   2.0979182e-03  -1.6213817e-03
   5.5641547e-04  -6.9988288e-04   3.4284259e-03  -2.0154674e-03
  -4.8184646e-04  -7.2609903e-04   1.8955311e-03  -1.7227181e-03
  -3.9938522e-04  -4.3397616e-04   3.5514047e-04  -1.4187091e-03
   3.9149299e-04  -6.3621507e-04   8.6860400e-04  -1.7602500e-03
   6.0889080e-04  -6.9239255e-04   8.6110818e-04  -1.7564968e-03
   8.4137478e-05  -3.0289539e-04  -1.0240900e-03  -1.6213817e-03
  -1.7449094e-04  -3.5907286e-04  -1.4401079e-03  -1.8127948e-03
   2.5655643e-04  -5.0138913e-04  -1.4251163e-03  -1.9554163e-03
  -1.4075680e-04  -5.8378276e-04  -2.4670350e-03  -2.0642590e-03
  -3.7689580e-04  -5.9127309e-04  -2.6394388e-03  -1.8428204e-03
   3.2402471e-04  -6.8490222e-04  -3.1191712e-03  -1.9666759e-03
   5.9764608e-04  -8.3845398e-04  -3.3028187e-03  -2.3795275e-03
   6.9144526e-05  -7.4107969e-04  -2.6694221e-03  -2.2106337e-03
   2.4165670e-05  -1.1642833e-03  -1.8036551e-03  -2.0605058e-03
   5.8640137e-04  -1.1942447e-03  -1.1252836e-03  -2.4245659e-03
   2.0417432e-05  -8.9088629e-04  -1.6837220e-03  -2.3307360e-03
  -5.1558060e-04  -8.4219915e-04  -2.6206993e-03  -2.0267270e-03
   1.7034695e-04  -7.6729585e-04  -2.0810004e-03  -2.1918677e-03
   2.9778704e-04  -1.0968704e-03  -1.5338057e-03  -2.2031273e-03
  -2.7194513e-04  -1.0294574e-03  -1.9385798e-03  -2.1092973e-03
  -4.7434998e-04  -8.2721849e-04  -1.9385798e-03  -1.8690927e-03
  -5.0799090e-05  -9.3582827e-04  -1.5375536e-03  -2.0942846e-03
   2.5280819e-04  -1.0406929e-03  -1.2452167e-03  -2.3682679e-03
  -3.5440637e-04  -1.0743994e-03  -1.8561258e-03  -2.0755186e-03
  -4.9683941e-04  -9.9949608e-04  -2.2196730e-03  -2.1768549e-03
   4.2897537e-04  -1.1642833e-03  -8.9666114e-04  -2.4245659e-03
   4.9269542e-04  -1.0294574e-03   8.9038931e-05  -2.4658511e-03
  -4.1437818e-04  -8.7965080e-04  -8.7417368e-04  -2.3907871e-03
  -5.7180417e-04  -1.0743994e-03  -1.1515189e-03  -2.1543357e-03
  -3.5065813e-04  -8.8339596e-04   3.1391347e-04  -1.9253907e-03
  -4.7809822e-04  -8.9088629e-04   5.6877128e-04  -2.2218933e-03
  -8.7166321e-04  -1.0669090e-03  -8.3364883e-05  -2.2218933e-03
  -8.1918788e-04  -8.1598299e-04   4.2635074e-04  -1.7339776e-03
  -2.0719960e-06  -8.8714113e-04   1.4420341e-03  -2.0267270e-03
   4.2906860e-05  -7.7104101e-04   2.1091619e-03  -2.4320723e-03
  -2.8318985e-04  -5.8752793e-04   2.1841201e-03  -2.4358255e-03
  -4.3302614e-05  -8.2347332e-04   2.0604391e-03  -2.1806081e-03
  -2.0822509e-04  -7.2984420e-04   2.2553303e-03  -2.1618421e-03
  -4.0313346e-04  -6.6243123e-04   2.9636851e-03  -2.2068805e-03
   1.6762420e-06  -6.9239255e-04   3.6945274e-03  -1.9479099e-03
  -1.2951209e-04  -7.4482486e-04   3.2972490e-03  -1.9216375e-03
  -3.2442046e-04  -5.9127309e-04   2.4727091e-03  -1.4787603e-03
  -2.1946980e-04  -3.7405352e-04   2.0117162e-03  -1.5425646e-03
  -3.5065813e-04  -5.1636979e-04   2.0829265e-03  -1.9816886e-03
  -3.2816870e-04  -6.1374408e-04   2.0679349e-03  -1.7339776e-03
  -3.8814051e-04  -5.9876342e-04   1.5132444e-03  -1.7865224e-03
   4.6655098e-05  -7.1111837e-04   1.5956983e-03  -1.7264713e-03
   4.4396833e-04  -6.3621507e-04   1.7231273e-03  -1.7902756e-03
   2.3781524e-04  -5.8003760e-04   1.6519170e-03  -1.8540799e-03
   1.9658462e-04  -8.3845398e-04   1.6856482e-03  -1.7865224e-03
  -7.3288518e-05  -8.4219915e-04   1.2921177e-03  -2.0717654e-03
  -9.2029708e-05  -9.8451542e-04   1.0335120e-03  -2.0267270e-03
   1.4410929e-04  -8.4968948e-04   3.8887165e-04  -2.0042078e-03
  -9.5777946e-05  -4.0776001e-04  -3.0449151e-04  -1.8841055e-03
  -4.3302614e-05  -5.3135045e-04  -4.0943297e-04  -1.8578331e-03
   2.5655643e-04  -7.0362804e-04  -3.7570179e-04  -1.8465736e-03
  -9.5684720e-06  -6.5868606e-04  -2.1454170e-04  -1.8090416e-03
  -1.8198742e-04  -7.5980552e-04  -4.1318088e-04  -2.2631784e-03
  -4.3302614e-05  -9.9200575e-04  -4.0943297e-04  -2.2218933e-03
  -9.5777946e-05  -9.0586695e-04  -5.7059305e-04  -2.1092973e-03
   6.1648050e-05  -8.8714113e-04  -9.0415695e-04  -2.1693485e-03
   2.5655643e-04  -1.0294574e-03  -9.5287977e-04  -2.1918677e-03
   1.7409519e-04  -8.8714113e-04  -1.3051832e-03  -2.2218933e-03
   6.5396288e-05  -6.7366672e-04  -1.3389144e-03  -2.0454930e-03
