  -2.0813186e-05  -8.0849266e-04   1.4080751e-05  -2.0755186e-03
  -2.4570747e-04  -5.6505694e-04   1.0332842e-05  -2.2218933e-03
  -2.4945570e-04  -6.7366672e-04   1.1527429e-04  -2.0192206e-03
  -3.3941342e-04  -8.6092497e-04   1.4150966e-04  -1.8653395e-03
  -3.9563699e-04  -8.7590563e-04   2.3895529e-04  -1.9141311e-03
  -1.8948390e-04  -6.6992156e-04  -1.1334816e-04  -2.1731017e-03
  -5.4547328e-05  -5.4633111e-04  -1.3583561e-04  -2.0755186e-03
   1.6762420e-06  -8.0474750e-04   1.0332842e-05  -1.8165480e-03
  -2.9068632e-04  -8.4968948e-04   1.7828660e-05  -2.1017910e-03
  -3.3566518e-04  -7.7853134e-04   2.8767811e-04  -1.9291439e-03
  -3.6939932e-04  -8.9088629e-04   1.5275338e-04  -2.0229738e-03
  -2.9443456e-04  -9.8826058e-04   1.3026593e-04  -2.2932040e-03
   2.6405290e-04  -7.0737321e-04  -3.0894157e-05  -2.0342334e-03
   2.1157757e-04  -7.9725717e-04  -2.5202079e-04  -1.8315608e-03
  -1.1077090e-04  -9.0586695e-04   2.9072387e-05  -1.8465736e-03
  -5.1558060e-04  -8.3470882e-04   2.2771156e-04  -2.1881145e-03
  -6.2802774e-04  -1.0294574e-03   5.1559841e-05  -1.9816886e-03
  -2.2696628e-04  -7.1860870e-04  -2.7146248e-05  -2.0830250e-03
  -1.3326033e-04  -6.4745057e-04  -1.2459188e-04  -2.1393229e-03
  -1.7074271e-04  -8.1972816e-04  -2.8949988e-04  -1.8240544e-03
  -9.5777946e-05  -7.3358936e-04  -8.3364883e-05  -1.9967014e-03
  -1.2201561e-04  -7.0737321e-04  -2.4452497e-04  -1.9216375e-03
  -3.1317575e-04  -8.7965080e-04  -2.5202079e-04  -1.9741823e-03
  -4.2562289e-04  -1.1343220e-03  -6.8373247e-05  -2.0079610e-03
  -2.5320394e-04  -1.1268317e-03  -3.0074361e-04  -2.0755186e-03
  -1.7074271e-04  -1.0519284e-03  -2.9699570e-04  -2.2106337e-03
  -2.4570747e-04  -8.6467014e-04  -1.9205424e-04  -2.3570083e-03
  -2.2321804e-04  -7.7853134e-04  -2.4452497e-04  -2.3645147e-03
  -3.8064403e-04  -1.0556735e-03  -1.6956679e-04  -2.0379866e-03
  -3.2067223e-04  -1.0706542e-03   4.7811932e-05  -2.0342334e-03
  -2.9818280e-04  -8.1972816e-04  -1.1709606e-04  -2.0379866e-03
  -4.1062994e-04  -8.4219915e-04  -3.0823942e-04  -2.3532552e-03
  -2.0072861e-04  -8.6092497e-04  -2.4452497e-04  -2.2556720e-03
  -3.1317575e-04  -8.8339596e-04  -1.5902521e-05  -1.8803523e-03
  -3.0193104e-04  -8.9463146e-04  -4.2137884e-05  -2.3157232e-03
  -1.4825328e-04  -9.0961212e-04  -3.6820597e-04  -2.2143869e-03
  -1.6324623e-04  -9.5080893e-04  -1.3208770e-04  -1.8991183e-03
  -2.7194513e-04  -8.6467014e-04  -1.3583561e-04  -2.0942846e-03
  -4.1812641e-04  -9.8826058e-04  -4.0568506e-04  -2.2631784e-03
  -3.3566518e-04  -1.0257122e-03  -2.2953333e-04  -2.2594252e-03
  -2.4570747e-04  -1.0968704e-03  -2.8575197e-04  -1.9441567e-03
  -1.2576385e-04  -1.0968704e-03  -3.9818924e-04  -1.9816886e-03
  -1.9323213e-04  -8.4594431e-04  -4.5885793e-05  -2.1205569e-03
  -3.5440637e-04  -7.6355068e-04   3.6568205e-05  -1.8127948e-03
  -3.3566518e-04  -7.1111837e-04  -2.5576870e-04  -1.9441567e-03
  -1.4450504e-04  -8.2721849e-04  -2.4827288e-04  -2.0117142e-03
  -1.2951209e-04  -1.0781445e-03  -1.9955006e-04  -2.0154674e-03
  -2.6070042e-04  -1.0481832e-03  -3.0449151e-04  -2.0980378e-03
  -2.1946980e-04  -9.5455410e-04  -1.7706261e-04  -2.0267270e-03
  -8.8281470e-05  -8.6841530e-04   3.6568205e-05  -1.9253907e-03
   5.0403336e-05  -7.5980552e-04  -3.4197060e-04  -1.6739265e-03
  -2.4561424e-05  -8.3096365e-04  -5.7059305e-04  -2.0942846e-03
  -4.7050852e-05  -8.2721849e-04  -2.0329797e-04  -2.0942846e-03
  -1.3326033e-04  -1.0294574e-03   7.4047295e-05  -2.1168037e-03
  -3.3566518e-04  -1.0856349e-03   2.8393020e-04  -2.2031273e-03
  -3.6565108e-04  -8.4219915e-04   6.2803568e-05  -1.7152117e-03
  -1.1826737e-04  -6.9988288e-04  -1.6581888e-04  -2.2631784e-03
   5.4244800e-06  -7.6729585e-04  -1.2833979e-04  -2.3870339e-03
  -8.8281470e-05  -1.0743994e-03  -2.8575197e-04  -2.0942846e-03
  -2.3446275e-04  -1.0182219e-03  -1.9205424e-04  -2.1655953e-03
  -3.2442046e-04  -9.8451542e-04   1.0332842e-05  -2.1243101e-03
  -2.9068632e-04  -8.4219915e-04  -8.3364883e-05  -2.2293996e-03
  -4.6310527e-04  -8.6092497e-04  -1.5082725e-04  -2.1205569e-03
  -2.5320394e-04  -1.0032412e-03  -2.4452497e-04  -2.1731017e-03
  -2.7569337e-04  -7.7853134e-04  -3.0074361e-04  -2.3119700e-03
  -5.1183236e-04  -9.3208311e-04  -1.0960025e-04  -2.2519188e-03
  -2.9068632e-04  -9.0586695e-04  -2.0704588e-04  -2.0830250e-03
  -1.4825328e-04  -7.7853134e-04  -1.1709606e-04  -2.0642590e-03
  -2.2696628e-04  -8.4594431e-04   4.7811932e-05  -2.1918677e-03
  -1.7823918e-04  -8.0474750e-04  -1.1709606e-04  -2.2669316e-03
  -1.1826737e-04  -8.7965080e-04  -9.4608610e-05  -2.3682679e-03
  -3.5065813e-04  -7.4857002e-04  -1.4707934e-04  -2.1543357e-03
  -1.2201561e-04  -7.8227651e-04  -1.3958352e-04  -1.9891950e-03
  -9.9526184e-05  -8.8714113e-04  -1.7331470e-04  -2.0304802e-03
  -2.4195923e-04  -8.2347332e-04  -1.9205424e-04  -2.0905314e-03
  -7.7036756e-05  -9.3208311e-04  -2.2203752e-04  -2.2932040e-03
  -1.5200152e-04  -7.7104101e-04  -2.5576870e-04  -2.2331528e-03
  -3.1692399e-04  -8.0100233e-04  -9.0860701e-05  -2.0492462e-03
  -3.5815461e-04  -7.4107969e-04  -6.8373247e-05  -2.0755186e-03
  -1.7823918e-04  -5.3135045e-04   1.5650129e-04  -2.1655953e-03
  -1.6324623e-04  -7.3358936e-04   6.6551477e-05  -2.0154674e-03
  -1.2201561e-04  -7.4482486e-04  -6.0877429e-05  -1.9441567e-03
  -2.0447685e-04  -8.0849266e-04   3.6568205e-05  -2.0980378e-03
  -1.2201561e-04  -7.9351200e-04  -1.8081052e-04  -1.8841055e-03
   1.8159167e-04  -6.2123441e-04  -9.4608610e-05  -1.8841055e-03
  -1.6324623e-04  -5.9876342e-04  -1.8830634e-04  -1.9929482e-03
  -1.9698037e-04  -6.9988288e-04  -1.0960025e-04  -1.9629227e-03
  -1.9323213e-04  -7.3358936e-04   2.7643438e-04  -1.9779355e-03
  -6.2053127e-04  -6.1748925e-04   2.7268647e-04  -1.8390672e-03
  -4.4061584e-04  -8.5343464e-04   1.6024920e-04  -1.9704291e-03
  -1.7449094e-04  -9.0212179e-04  -1.6956679e-04  -2.0867782e-03
  -1.7064948e-05  -7.2984420e-04  -3.3072688e-04  -2.1355697e-03
   4.6655098e-05  -9.0586695e-04  -5.0687860e-04  -2.2631784e-03
   4.6655098e-05  -9.3208311e-04  -3.5696224e-04  -2.1843613e-03
  -2.0813186e-05  -8.6841530e-04  -1.9650430e-05  -1.9554163e-03
  -5.6805593e-04  -9.9200575e-04   1.0403057e-04  -1.8916119e-03
  -6.7300660e-04  -9.9575091e-04   4.3009865e-04  -2.2068805e-03
  -3.6190284e-04  -8.1598299e-04   2.6144274e-04  -2.0117142e-03
  -2.4570747e-04  -8.2721849e-04  -9.4608610e-05  -1.7377308e-03
  -2.8318985e-04  -7.7478618e-04  -2.5576870e-04  -2.1618421e-03
  -2.9068632e-04  -6.5494090e-04  -2.7450824e-04  -2.0567526e-03
  -1.5574975e-04  -1.0406929e-03  -2.8575197e-04  -1.9779355e-03
  -1.8198742e-04  -9.9200575e-04  -2.1079379e-04  -2.2444124e-03
  -2.7569337e-04  -6.5494090e-04  -1.3958352e-04  -1.9516631e-03
  -2.4945570e-04  -8.4594431e-04  -9.8356519e-05  -1.9704291e-03
  -1.7823918e-04  -7.9725717e-04  -4.5885793e-05  -2.1993741e-03
  -2.5695218e-04  -7.8976684e-04  -2.7450824e-04  -1.9779355e-03
  -3.4316165e-04  -8.0100233e-04  -1.9205424e-04  -2.0454930e-03
  -2.0822509e-04  -8.7965080e-04  -6.8373247e-05  -2.2706848e-03
  -1.4450504e-04  -1.0931252e-03  -1.9955006e-04  -2.3419956e-03
  -1.8573566e-04  -9.0212179e-04  -2.5202079e-04  -2.2894508e-03
  -3.3191694e-04  -8.0100233e-04  -2.4452497e-04  -1.9704291e-03
  -4.8559470e-04  -8.4219915e-04  -2.2203752e-04  -2.2744380e-03
  -3.5806138e-05  -9.1335728e-04  -1.2459188e-04  -2.3082168e-03
  -2.0447685e-04  -9.2459278e-04  -2.6326452e-04  -2.1168037e-03
  -5.0808413e-04  -9.6204443e-04  -4.4316415e-04  -2.3870339e-03
  -8.0784994e-05  -8.7965080e-04  -2.8200406e-04  -2.0304802e-03
  -4.3686760e-04  -9.0961212e-04  -1.8830634e-04  -2.0942846e-03
  -5.0058765e-04  -1.0107316e-03  -1.2084397e-04  -2.1806081e-03
  -2.9443456e-04  -7.9351200e-04  -3.1948315e-04  -2.0642590e-03
  -3.7314756e-04  -9.5829926e-04  -5.4810560e-04  -2.2894508e-03
  -2.6819689e-04  -9.6953476e-04  -1.8081052e-04  -2.0117142e-03
  -3.2442046e-04  -9.0212179e-04  -3.4642066e-05  -2.0980378e-03
  -1.8948390e-04  -9.0586695e-04  -1.0960025e-04  -2.0567526e-03
  -5.0799090e-05  -7.3358936e-04  -3.8389975e-05  -1.6476541e-03
  -8.4533232e-05  -1.0294574e-03  -1.7706261e-04  -2.0642590e-03
  -1.1077090e-04  -8.9837662e-04  -2.0704588e-04  -2.0830250e-03
   2.4165670e-05  -6.7366672e-04  -4.8813906e-04  -1.9141311e-03
  -1.8948390e-04  -9.5829926e-04  -4.1318088e-04  -2.0717654e-03
  -5.7555241e-04  -8.1972816e-04   2.7268647e-04  -1.9441567e-03
  -3.9938522e-04  -7.8976684e-04   2.8018229e-04  -2.1543357e-03
  -5.7555241e-04  -1.1380672e-03   1.6399711e-04  -2.0942846e-03
  -4.1062994e-04  -8.6841530e-04  -9.0860701e-05  -2.1693485e-03
   1.8533990e-04  -5.3884078e-04  -4.9938278e-04  -2.2143869e-03
   9.1727180e-06  -7.2984420e-04  -4.5440787e-04  -1.7977820e-03
  -2.3446275e-04  -8.6092497e-04  -3.3822270e-04  -2.1693485e-03
  -5.6055946e-04  -1.1343220e-03   7.4047295e-05  -2.2106337e-03
  -4.7434998e-04  -1.0406929e-03   2.8018229e-04  -1.9216375e-03
  -1.8573566e-04  -8.6467014e-04  -1.0960025e-04  -2.0079610e-03
   1.2920956e-05  -7.7104101e-04  -1.9205424e-04  -2.1318165e-03
   1.6762420e-06  -5.2011496e-04  -1.9580215e-04  -2.3419956e-03
  -5.0058765e-04  -8.4219915e-04  -3.6820597e-04  -2.1055441e-03
  -2.1946980e-04  -9.9200575e-04  -8.3364883e-05  -1.8953651e-03
  -1.6699447e-04  -9.6204443e-04   1.0332842e-05  -2.1881145e-03
  -2.6070042e-04  -8.8339596e-04  -2.3328124e-04  -2.3457488e-03
  -8.8281470e-05  -8.7216047e-04  -1.6581888e-04  -2.2744380e-03
  -1.6699447e-04  -1.0594187e-03  -1.1709606e-04  -2.1355697e-03
  -6.9540280e-05  -8.3096365e-04  -7.9616974e-05  -2.2594252e-03
  -2.0447685e-04  -8.3470882e-04  -1.0585234e-04  -2.3795275e-03
  -3.0942751e-04  -9.5080893e-04  -1.1709606e-04  -2.2256465e-03
  -2.7194513e-04  -7.7478618e-04   1.0028266e-04  -2.3757743e-03
  -4.4436408e-04  -8.7590563e-04   4.4064023e-05  -2.2406592e-03
  -3.3566518e-04  -9.3957344e-04  -1.9580215e-04  -2.0304802e-03
  -1.6324623e-04  -7.0737321e-04  -3.4642066e-05  -2.2106337e-03
  -2.3071451e-04  -7.1486354e-04  -3.0894157e-05  -2.1280633e-03
  -3.5806138e-05  -8.5717981e-04  -2.1828961e-04  -1.9253907e-03
  -1.1451914e-04  -7.8227651e-04  -1.3958352e-04  -1.9366503e-03
  -3.2442046e-04  -8.5717981e-04  -2.5951661e-04  -2.0905314e-03
  -3.0567927e-04  -1.0257122e-03  -2.6701242e-04  -2.1055441e-03
  -1.7064948e-05  -9.2833794e-04  -8.3364883e-05  -2.1393229e-03
  -1.7064948e-05  -9.0212179e-04  -1.1709606e-04  -2.2181401e-03
  -3.5440637e-04  -7.7104101e-04   6.5849330e-06  -2.2256465e-03
  -3.2057900e-05  -7.5606035e-04   1.0777848e-04  -2.1017910e-03
   9.1727180e-06  -8.1223783e-04  -7.9616974e-05  -1.9704291e-03
  -2.4561424e-05  -6.8864738e-04  -6.4625338e-05  -2.0042078e-03
   9.5382192e-05  -7.9351200e-04  -1.9650430e-05  -2.0417398e-03
   6.1648050e-05  -6.9239255e-04  -6.8373247e-05  -2.0379866e-03
   4.2906860e-05  -6.3621507e-04  -1.3958352e-04  -1.9554163e-03
  -5.0799090e-05  -7.7104101e-04  -2.1079379e-04  -2.1468293e-03
   3.5410384e-05  -8.4968948e-04   6.5849330e-06  -2.0567526e-03
  -2.4570747e-04  -9.9575091e-04   2.8018229e-04  -2.0304802e-03
  -2.0072861e-04  -9.2459278e-04   2.5394693e-04  -2.2706848e-03
   1.3286457e-04  -7.6729585e-04  -1.1334816e-04  -1.8765991e-03
   1.0662691e-04  -8.0849266e-04  -2.8200406e-04  -1.9328971e-03
   1.6285048e-04  -6.8115705e-04  -2.8949988e-04  -2.1130505e-03
  -4.3302614e-05  -6.7741189e-04  -2.2203752e-04  -2.1130505e-03
  -2.4570747e-04  -9.2459278e-04   1.0332842e-05  -2.1168037e-03
  -4.1437818e-04  -1.0294574e-03   2.5324478e-05  -1.8878587e-03
  -5.4931474e-04  -9.9575091e-04   2.0897202e-04  -2.1017910e-03
  -3.9563699e-04  -8.0474750e-04   2.9142602e-04  -2.1843613e-03
  -2.1197332e-04  -8.1598299e-04  -1.0960025e-04  -2.0529994e-03
   3.1278000e-04  -8.7216047e-04  -2.9699570e-04  -1.9404035e-03
   9.4248398e-04  -1.0369477e-03  -5.4435769e-04  -1.9441567e-03
   7.3258265e-04  -8.6841530e-04  -4.3941624e-04  -2.0905314e-03
  -2.7194513e-04  -1.0444381e-03   1.1902220e-04  -2.0342334e-03
   2.4905995e-04  -1.0893800e-03  -4.0568506e-04  -1.8578331e-03
  -7.8920198e-04  -7.6355068e-04  -2.2953333e-04  -1.9516631e-03
  -4.3686760e-04  -1.2391866e-03   2.3145947e-04  -2.1017910e-03
   3.5401061e-04  -5.4633111e-04  -9.1540068e-04  -2.0042078e-03
  -1.8237157e-03  -1.6998419e-03   9.2482264e-04  -2.3344892e-03
   2.1344237e-03  -4.9389880e-04  -1.2227292e-03  -2.2594252e-03
  -3.2705355e-03  -1.5350547e-03  -1.3583561e-04  -2.1956209e-03
   2.0519624e-03  -1.1979898e-03   4.3009865e-04  -1.7227181e-03
  -1.8274639e-03  -2.8791473e-04  -2.1709502e-03  -2.5859534e-03
  -1.7075203e-03  -2.5162879e-03   2.9711810e-03  -2.2181401e-03
   4.3796182e-03   1.8281035e-03  -4.4871580e-03  -1.8240544e-03
  -9.3951564e-03  -4.5948545e-03   4.9575727e-03  -3.2352564e-03
   1.2187198e-02   2.8617690e-03  -4.6895450e-03  -9.4955947e-04
  -1.4489012e-02  -4.2652800e-03   1.7381189e-03  -3.4679547e-03
   1.3607780e-02   4.5404960e-05   2.0641870e-03  -7.2436765e-04
  -9.1140386e-03   1.6857872e-03  -8.6023620e-03  -3.4304227e-03
  -2.0073793e-03  -1.0118973e-02   1.5560407e-02  -1.8690927e-03
   1.8847817e-02   1.9411653e-02  -2.4088722e-02  -9.8333825e-04
  -3.1026238e-02  -5.0772739e-02   3.1785105e-02  -6.2941120e-03
   3.4656001e-01  -9.3029436e-02  -3.2592728e-02   1.5316796e-02
   3.8521184e-01  -9.3302833e-02   5.6471880e-03  -6.0651670e-03
   2.0252647e-01  -8.2865058e-02   1.2595881e-01  -2.5840762e-02
   1.7219948e-01  -2.6062140e-02  -1.1479187e-01  -3.3628651e-03
  -5.7758671e-02  -4.9581776e-02  -1.0186908e-01   8.6098333e-03
  -3.3679990e-02  -2.6515305e-02  -1.2612625e-02  -1.2085295e-02
  -1.1449200e-01  -3.0721126e-02   4.5918470e-02  -3.1909682e-02
  -1.0482155e-01  -6.2221708e-02   1.0365876e-01  -2.3753984e-02
  -1.7922398e-02  -7.0981649e-02  -5.5665558e-03  -3.7685852e-02
  -5.7380099e-02  -8.0797727e-02  -5.8464543e-02  -2.2192654e-02
  -3.0235360e-02  -4.3001522e-02  -4.0808144e-02  -2.2586740e-02
  -6.6844400e-02  -2.6844880e-02   2.4464737e-03  -2.6084720e-02
  -4.8523013e-02  -2.4036006e-02  -6.5686764e-02  -1.7940282e-02
  -9.8809374e-02  -3.3103050e-02   6.6149683e-02  -2.5555519e-02
  -7.2016969e-02  -4.5237385e-02   5.9144841e-02  -9.9272067e-03
  -6.9359468e-02  -5.7491565e-02  -9.2004581e-02   3.8282546e-04
  -9.9049168e-03  -2.6122063e-02  -4.6108390e-03   8.9588806e-03
   1.1054096e-01  -1.2429740e-02  -1.2939395e-03  -3.3065672e-03
   2.4207797e-02  -3.2567492e-02  -3.5954602e-02  -2.0267270e-03
  -2.9125881e-02  -1.1437271e-02  -1.7290015e-02  -2.9012219e-03
  -6.6960596e-02  -1.7571851e-02   4.1687081e-02  -5.2544764e-03
  -9.3985392e-02  -2.9968347e-02   2.9300242e-02  -7.8254164e-03
  -3.8282827e-02  -2.1867555e-02   7.3367928e-04  -5.7048601e-03
   3.5223869e-02  -8.5197874e-03  -2.8365086e-02   1.0036048e-02
   5.1794829e-02   5.2324585e-03  -3.0771244e-02   1.0921797e-03
   3.4609158e-02   1.5688959e-02  -8.8166950e-04  -2.4020467e-03
  -1.3300820e-02   3.2250500e-03   1.4968238e-02  -8.4634599e-03
  -4.5355752e-02  -1.3834177e-02   2.4484179e-02  -2.9575199e-03
  -2.1835558e-02  -1.4365990e-02  -1.7042653e-02  -3.7569508e-03
  -1.4050468e-02  -1.4238654e-02   1.0624411e-02  -1.4787603e-03
  -1.7375062e-03  -1.5762515e-03  -3.2690875e-03   1.6589124e-03
   2.0152204e-02   7.0039215e-03  -3.0673798e-02  -1.4187091e-03
   2.9995077e-02   6.3897145e-03   8.1845224e-03   5.1418736e-04
   1.0005723e-02   1.1689545e-03   1.6111350e-02  -7.3112284e-03
  -2.5411377e-02  -3.4862856e-03  -1.5457515e-04  -2.1168037e-03
  -3.2210681e-02  -5.5348909e-03   6.4529884e-03  -2.2594252e-03
  -1.9286663e-03  -4.9319193e-03   4.7926647e-03  -7.7691241e-04
   1.8375539e-02  -1.0931252e-03  -1.7230049e-02  -2.0004546e-03
   1.2846888e-02   9.7420588e-04   3.3609635e-03  -2.9537667e-03
   1.1748747e-03   3.6557440e-03   4.6989670e-03  -1.4599943e-03
  -8.6080264e-03   2.0640489e-03   4.5865297e-03  -3.8657935e-03
  -4.3725175e-03  -1.7897259e-03   9.2939034e-03  -1.0959342e-03
   6.9696507e-03  -2.4189136e-03  -1.1863043e-02   1.3886766e-04
  -1.2539835e-03  -3.2653209e-03  -6.3761041e-03   2.5521676e-04
  -1.0313475e-02  -2.3589910e-03   6.8540147e-03  -4.2223473e-03
  -7.6784634e-03  -1.1189197e-04   5.4110697e-03  -2.4208127e-03
   1.7633481e-03  -4.2648583e-04  -1.5937722e-03  -1.1447257e-03
   1.5122068e-02   1.1614641e-03  -1.8261426e-03  -1.6401477e-03
   1.0897804e-02   1.6595711e-03   1.1534451e-03  -2.3945403e-03
  -1.0215927e-03   1.1539738e-03  -2.6694221e-03  -2.9762859e-03
  -1.0126063e-02  -9.9575091e-04  -9.2664441e-04  -1.1372193e-03
  -8.3981251e-03  -4.3401833e-03  -3.7450720e-03  -2.3945403e-03
  -5.4182759e-03  -4.7296804e-03   1.6144379e-03  -2.4733575e-03
  -1.5313531e-03  -1.5387998e-03   4.2492179e-03  -2.0267270e-03
   5.2154753e-03   1.9779101e-03  -7.5004768e-03  -3.6781394e-04
   1.3465347e-02   2.7606496e-03  -7.7103597e-03  -7.0935486e-04
   1.0747875e-02   2.1913845e-03  -2.2578543e-04  -1.8765991e-03
  -6.6289568e-03  -1.3328158e-03   1.5469755e-03  -3.3065672e-03
  -1.4264118e-02  -3.7933892e-03  -5.7434096e-04  -3.9971554e-03
  -1.1569134e-02  -4.2315735e-03   6.2243660e-03  -2.6722769e-03
   1.2310983e-03  -2.3065587e-03  -5.7129520e-05  -1.8203012e-03
   1.2502050e-02   1.8430842e-03  -8.8122449e-03  -5.8925256e-04
   1.6205309e-02   3.2512662e-03  -4.6745534e-03  -1.3098664e-03
   4.6644843e-03   9.4798972e-04  -9.8661095e-04  -2.1280633e-03
  -1.1846504e-02  -2.0406519e-03  -4.0943297e-04  -2.4283191e-03
  -1.7851181e-02  -4.4450479e-03   3.4621570e-03  -2.1243101e-03
  -9.1590174e-03  -4.5124608e-03   2.0829265e-03  -1.8953651e-03
   8.0154091e-03  -1.2204608e-03  -2.1184795e-03  -2.2594252e-03
   1.3877653e-02   2.0303424e-03   2.4645111e-04  -1.5725902e-03
   1.0601693e-02   3.4197986e-03  -4.2922667e-03  -1.6213817e-03
  -2.0813186e-05   1.2064061e-03  -4.0943297e-04  -2.0905314e-03
  -8.2219579e-03  -2.4189136e-03   5.5534903e-03  -2.7998856e-03
  -1.0530873e-02  -4.6098351e-03   3.5146278e-03  -2.8261580e-03
  -7.1312207e-03  -3.8645473e-03   1.6031942e-03  -2.2594252e-03
   1.9470118e-03  -5.0138913e-04   2.3190448e-03  -1.7564968e-03
   1.1561242e-02   2.0340876e-03  -2.7968510e-03  -1.2873472e-03
   1.1445047e-02   1.5397258e-03  -4.1386024e-03  -1.1709981e-03
  -6.2802774e-04  -3.1787605e-04   1.0859827e-03  -1.4187091e-03
  -1.0287237e-02  -2.0556326e-03   2.5926421e-03  -2.5972130e-03
  -1.2142615e-02  -3.3851662e-03   6.3330553e-03  -3.2127373e-03
  -3.3567450e-03  -2.0818488e-03   2.3527760e-03  -2.6272385e-03
   8.2890305e-03   1.2779859e-04  -3.3852727e-03  -1.1860109e-03
   1.2415840e-02   1.2775642e-03  -3.3253062e-03  -1.2873472e-03
   4.3871147e-03   8.9930258e-04   4.6008192e-04  -1.9967014e-03
  -6.4977685e-03  -5.5756661e-04   1.7905896e-03  -1.8127948e-03
  -8.4843346e-03  -2.5799557e-03   1.8505562e-03  -2.2932040e-03
  -4.3800140e-03  -3.4038920e-03   1.4345383e-03  -2.2669316e-03
   4.2147890e-04  -1.8384130e-03  -7.8797178e-04  -1.9328971e-03
   3.6262224e-03   3.4127299e-04  -1.3726456e-03  -1.7077053e-03
   6.5236104e-03   1.7681809e-03  -2.7143970e-03  -1.6251349e-03
   4.7881762e-03   5.6598289e-04  -2.0060422e-03  -1.6814329e-03
  -1.6550450e-03  -1.1830092e-03  -7.2121156e-05  -2.1768549e-03
  -7.2848984e-03  -2.3702265e-03   1.4195466e-03  -2.4996298e-03
  -6.9363123e-03  -2.7597236e-03   1.4757653e-03  -2.3720211e-03
  -2.5695218e-04  -1.3178351e-03  -1.3208770e-04  -1.9441567e-03
   6.3774291e-03  -2.2424692e-04  -3.7638115e-03  -1.2235429e-03
   7.3782086e-03   2.8509552e-04  -3.3665332e-03  -1.8315608e-03
   1.4672373e-03   3.3752783e-04   6.8870437e-04  -2.6159789e-03
  -4.6911177e-03  -7.4482486e-04   1.4420341e-03  -2.6797833e-03
  -5.0846827e-03  -1.9320422e-03   3.7388001e-04  -2.3044636e-03
  -1.0703198e-03  -2.1080649e-03  -8.8166950e-04  -1.9816886e-03
   1.9844941e-03  -1.0781445e-03  -1.4625954e-03  -2.0267270e-03
   2.5617228e-03   2.0270189e-04  -1.4026289e-03  -1.9666759e-03
   2.1494166e-03   3.7872464e-04  -9.4913186e-04  -2.0267270e-03
   4.4396833e-04  -2.2050176e-04  -8.5168623e-04  -1.9779355e-03
  -1.2839694e-03  -9.0961212e-04  -8.8916532e-04  -1.9366503e-03
  -2.5696150e-03  -1.7784904e-03  -2.1828961e-04  -2.1580889e-03
  -2.4384267e-03  -1.7260581e-03   9.0608309e-04  -2.4320723e-03
  -1.7064948e-05  -7.3733453e-04   4.2635074e-04  -2.2594252e-03
   2.6854147e-03  -4.0026968e-04  -1.1402752e-03  -2.1806081e-03
   3.3263633e-03   1.9188805e-05  -7.4674478e-04  -2.2932040e-03
   9.3498750e-04  -3.6988670e-05   4.8256938e-04  -2.1168037e-03
  -1.9886381e-03  -1.0182219e-03   2.3520738e-04  -2.0680122e-03
  -2.9219494e-03  -1.2991093e-03   4.3759447e-04  -2.0004546e-03
  -1.7262615e-03  -1.5725063e-03   9.5855382e-04  -1.9967014e-03
   1.7784343e-04  -1.1717737e-03   2.9892183e-04  -2.1918677e-03
   1.5159644e-03  -1.6806945e-04   1.5650129e-04  -2.4771107e-03
   1.8120752e-03  -1.7930494e-04   2.2021575e-04  -2.2031273e-03
   8.7126746e-04  -5.9876342e-04  -1.8081052e-04  -2.0417398e-03
  -9.4662797e-04  -9.4331860e-04   7.7490628e-04  -2.3157232e-03
  -2.0148758e-03  -1.2129705e-03   2.0192121e-03  -2.3645147e-03
  -1.0778163e-03  -1.2242060e-03   1.4307904e-03  -2.4133063e-03
   7.3633089e-04  -6.8115705e-04   5.9500665e-04  -1.8841055e-03
   1.8608023e-03  -1.7930494e-04  -1.5082725e-04  -1.6476541e-03
   1.3847761e-03  -1.9054044e-04  -4.3192042e-04  -1.8090416e-03
   7.2892764e-05  -4.3023100e-04   4.0011538e-04  -1.9253907e-03
  -1.6213108e-03  -9.8826058e-04   9.1357891e-04  -2.0792718e-03
  -2.2884972e-03  -1.3852481e-03   5.5752756e-04  -1.9028715e-03
  -8.1543964e-04  -9.3582827e-04   5.4628383e-04  -2.0830250e-03
   1.0886653e-03  -4.4521166e-04  -1.6207097e-04  -1.9516631e-03
   2.3855556e-03  -1.0065648e-04  -1.1177878e-03  -1.8278076e-03
   1.6733904e-03   3.0424300e-05  -2.5202079e-04  -2.1505825e-03
  -8.6041850e-04  -7.7478618e-04   3.1766138e-04  -2.0755186e-03
  -2.1385677e-03  -1.2129705e-03   1.5275338e-04  -2.0942846e-03
  -1.2090046e-03  -1.1380672e-03  -1.1334816e-04  -2.1430761e-03
   2.2282228e-04  -1.1867543e-03  -1.1027961e-03  -2.0680122e-03
   1.1149029e-03  -7.0362804e-04  -1.6799741e-03  -2.1881145e-03
   1.0586794e-03  -2.1301143e-04  -5.9682842e-04  -2.1655953e-03
   1.1412338e-04  -3.8528902e-04  -5.3311396e-04  -2.2068805e-03
  -7.1798545e-04  -8.1223783e-04  -9.6037559e-04  -2.1956209e-03
  -9.9910330e-04  -9.9575091e-04  -2.7825615e-04  -1.9741823e-03
  -1.0440822e-03  -1.0144767e-03  -9.1165277e-04  -2.0642590e-03
  -2.0447685e-04  -9.9200575e-04  -1.1215357e-03  -2.0905314e-03
   9.1249808e-04  -5.9501826e-04  -8.6667786e-04  -2.1092973e-03
   1.2835736e-03  -2.5420824e-04  -1.2976874e-03  -2.0342334e-03
   6.6136613e-04  -4.9764397e-04  -8.8541741e-04  -2.0867782e-03
  -9.1289383e-04  -8.3845398e-04  -2.3328124e-04  -2.2481656e-03
  -1.4938707e-03  -1.0182219e-03  -3.7570179e-04  -2.1092973e-03
  -1.2165011e-03  -1.0818897e-03  -4.8813906e-04  -2.2406592e-03
  -1.4075680e-04  -9.2084761e-04  -4.4691206e-04  -2.0905314e-03
   7.1009322e-04  -7.2984420e-04  -7.9921550e-04  -1.9854418e-03
   4.1398242e-04  -4.8640847e-04  -4.6190369e-04  -2.0605058e-03
   2.4165670e-05  -5.9127309e-04  -1.9955006e-04  -2.0117142e-03
  -1.0253410e-03  -1.1418123e-03  -2.6326452e-04  -2.0605058e-03
  -1.2427388e-03  -1.1717737e-03   6.2124201e-04  -2.1731017e-03
  -1.0290892e-03  -1.1904995e-03   5.3129219e-04  -2.5446682e-03
  -5.6430770e-04  -1.1305768e-03   8.5291022e-05  -2.2519188e-03
   7.7381327e-04  -7.2235387e-04   3.7762792e-04  -2.0417398e-03
   8.4502979e-04  -5.3509562e-04  -1.2833979e-04  -2.3457488e-03
   6.9144526e-05  -6.3246991e-04   1.5275338e-04  -2.2106337e-03
  -7.2548193e-04  -1.1418123e-03   9.0233518e-04  -2.1956209e-03
  -1.3214518e-03  -1.2204608e-03   7.1493973e-04  -2.1618421e-03
  -9.5037621e-04  -1.0931252e-03   2.4645111e-04  -2.0492462e-03
   6.1648050e-05  -1.0818897e-03   6.5849330e-06  -1.9103779e-03
   3.3901766e-04  -7.9351200e-04  -3.0894157e-05  -2.0079610e-03
   1.6669194e-05  -8.4594431e-04  -1.9580215e-04  -2.1580889e-03
  -1.6324623e-04  -8.9837662e-04   1.9023247e-04  -1.9516631e-03
  -6.5426541e-04  -8.6467014e-04   4.1885492e-04  -2.1243101e-03
  -7.9295021e-04  -1.0669090e-03   4.7882147e-04  -2.1055441e-03
  -4.9309117e-04  -9.1335728e-04   5.9875455e-04  -2.0042078e-03
   9.1727180e-06  -8.0100233e-04  -3.4197060e-04  -2.0529994e-03
   6.1263904e-04  -7.1486354e-04  -8.2919877e-04  -1.8240544e-03
   6.3887670e-04  -3.7405352e-04  -5.1812233e-04  -1.9891950e-03
   1.0287867e-04  -7.8976684e-04  -4.4316415e-04  -2.1806081e-03
  -7.1798545e-04  -1.0332026e-03   3.9261956e-04  -2.1543357e-03
  -6.6551012e-04  -7.5980552e-04  -1.5902521e-05  -2.1843613e-03
   3.5410384e-05  -9.3582827e-04  -1.0690650e-03  -2.0154674e-03
   9.9130430e-05  -8.7216047e-04  -6.6054287e-04  -1.9967014e-03
   1.5910224e-04  -6.9613771e-04  -8.0671132e-04  -2.0304802e-03
   2.6405290e-04  -7.8602167e-04  -6.9052614e-04  -1.9253907e-03
  -1.5200152e-04  -1.0032412e-03  -4.0943297e-04  -2.2293996e-03
  -3.9563699e-04  -1.1305768e-03  -2.9324779e-04  -2.3457488e-03
  -5.6055946e-04  -1.0818897e-03  -2.0704588e-04  -2.1393229e-03
  -3.0942751e-04  -1.0556735e-03  -4.3192042e-04  -2.1881145e-03
   3.2027647e-04  -8.4594431e-04  -6.3055960e-04  -2.1055441e-03
   1.7784343e-04  -5.7254727e-04  -1.3351665e-03  -2.1543357e-03
   1.2911633e-04  -6.7366672e-04  -7.0551778e-04  -2.0905314e-03
  -8.4533232e-05  -8.8714113e-04  -1.6581888e-04  -1.9291439e-03
  -2.3821099e-04  -9.5829926e-04  -5.5185351e-04  -2.1505825e-03
  -8.8281470e-05  -1.1006155e-03  -4.5885793e-05  -2.1092973e-03
  -1.2576385e-04  -8.7590563e-04  -5.3381611e-05  -2.1017910e-03
   2.0408109e-04  -5.1636979e-04  -1.6956679e-04  -2.2781912e-03
   1.0662691e-04  -6.1748925e-04   1.2651802e-04  -2.1881145e-03
   2.0408109e-04  -7.2984420e-04  -1.3958352e-04  -2.0567526e-03
   5.4151574e-05  -7.6355068e-04   6.5849330e-06  -2.0004546e-03
  -4.4811232e-04  -8.7590563e-04   3.6638420e-04  -2.1017910e-03
  -5.4547328e-05  -8.2721849e-04   5.9055659e-05  -2.2406592e-03
  -5.4547328e-05  -6.3621507e-04   3.7388001e-04  -2.2406592e-03
   3.9158622e-05  -6.7741189e-04   2.3520738e-04  -2.3532552e-03
   3.4651414e-04  -6.9988288e-04  -1.4707934e-04  -2.2369060e-03
  -5.8202340e-06  -7.0362804e-04   4.8256938e-04  -2.2369060e-03
  -2.7569337e-04  -8.5717981e-04   3.0266974e-04  -2.3945403e-03
  -2.4195923e-04  -8.6467014e-04   1.7898875e-04  -2.0717654e-03
  -5.8295566e-05  -7.8602167e-04   5.3878801e-04  -2.1130505e-03
  -5.4547328e-05  -5.4633111e-04   4.4883819e-04  -1.9629227e-03
  -8.8281470e-05  -7.7853134e-04   2.6893856e-04  -1.8165480e-03
   2.0417432e-05  -9.3957344e-04   1.9772829e-04  -2.0529994e-03
