  -4.4061584e-04  -7.5606035e-04  -6.0877429e-05  -2.1993741e-03
  -4.4061584e-04  -9.3208311e-04   3.2820296e-05  -2.1918677e-03
  -2.7569337e-04  -8.9463146e-04  -1.5082725e-04  -1.9554163e-03
  -3.6939932e-04  -6.7366672e-04  -2.1828961e-04  -2.1318165e-03
  -1.9323213e-04  -6.8864738e-04  -1.0960025e-04  -2.0605058e-03
  -1.1451914e-04  -6.6617639e-04  -4.9633702e-05  -2.0042078e-03
  -3.3566518e-04  -8.5343464e-04  -1.0585234e-04  -2.5259022e-03
  -3.9938522e-04  -7.6729585e-04  -2.6701242e-04  -2.4808638e-03
  -4.7060175e-04  -8.1223783e-04  -1.5457515e-04  -2.1205569e-03
  -4.2562289e-04  -9.5829926e-04  -6.8373247e-05  -2.1168037e-03
  -3.7314756e-04  -8.3845398e-04  -2.1079379e-04  -2.2706848e-03
  -3.2442046e-04  -1.0294574e-03  -9.1088500e-07  -2.4583447e-03
  -3.3191694e-04  -8.7216047e-04  -1.2833979e-04  -2.4470851e-03
  -5.1558060e-04  -8.8339596e-04  -1.6956679e-04  -2.2181401e-03
  -3.7314756e-04  -9.5829926e-04  -1.2154612e-05  -2.1243101e-03
  -1.1077090e-04  -8.0100233e-04   1.0332842e-05  -2.2781912e-03
  -2.4570747e-04  -7.0362804e-04  -6.8373247e-05  -2.2556720e-03
  -3.4316165e-04  -6.3996024e-04  -2.9699570e-04  -2.3044636e-03
  -5.1558060e-04  -8.6092497e-04  -6.8373247e-05  -2.3232296e-03
  -5.3432179e-04  -7.4107969e-04  -2.6326452e-04  -2.1843613e-03
  -2.2696628e-04  -8.1223783e-04  -2.8200406e-04  -2.2481656e-03
  -2.1572156e-04  -8.5717981e-04   2.8370240e-06  -2.2331528e-03
  -2.3446275e-04  -6.5494090e-04  -8.7112792e-05  -2.0229738e-03
  -3.5440637e-04  -7.4857002e-04   7.7795204e-05  -1.9141311e-03
  -4.2562289e-04  -6.2123441e-04  -4.9633702e-05  -2.1318165e-03
  -2.5320394e-04  -8.2721849e-04  -1.2833979e-04  -2.2444124e-03
  -2.7194513e-04  -9.0961212e-04   4.7811932e-05  -2.1243101e-03
  -3.3941342e-04  -6.2497958e-04  -4.6587940e-06  -1.9891950e-03
  -3.4690989e-04  -5.9127309e-04   2.9072387e-05  -1.9366503e-03
  -3.0193104e-04  -6.0999892e-04  -7.5869065e-05  -2.1017910e-03
  -2.9818280e-04  -8.1223783e-04  -3.4571851e-04  -2.0379866e-03
  -3.8439227e-04  -7.4857002e-04  -1.7706261e-04  -1.8090416e-03
  -3.6190284e-04  -7.1486354e-04  -1.1709606e-04  -2.0942846e-03
  -3.3566518e-04  -9.3582827e-04  -1.9955006e-04  -2.3344892e-03
  -3.9188875e-04  -7.2984420e-04  -6.0877429e-05  -1.9291439e-03
  -3.6190284e-04  -6.3996024e-04  -4.9633702e-05  -1.9328971e-03
  -4.1062994e-04  -8.6467014e-04  -1.1709606e-04  -2.1543357e-03
  -3.4316165e-04  -6.8490222e-04  -2.2203752e-04  -2.0117142e-03
  -2.1572156e-04  -8.4968948e-04  -1.4707934e-04  -2.0042078e-03
  -4.6685351e-04  -1.0669090e-03  -1.2833979e-04  -1.9216375e-03
  -3.9938522e-04  -5.5756661e-04  -1.7706261e-04  -1.9629227e-03
  -2.4195923e-04  -6.9988288e-04  -3.8389975e-05  -1.8878587e-03
  -5.0808413e-04  -7.1486354e-04  -1.3583561e-04  -1.8991183e-03
  -5.2307708e-04  -6.0999892e-04  -2.8575197e-04  -2.2406592e-03
  -3.2067223e-04  -1.0556735e-03  -1.6207097e-04  -2.0417398e-03
  -3.0567927e-04  -8.0849266e-04  -2.0329797e-04  -1.9816886e-03
  -5.3807003e-04  -6.0250859e-04  -4.2817251e-04  -2.2256465e-03
  -4.5560879e-04  -1.0669090e-03  -3.3447479e-04  -2.1693485e-03
  -3.5065813e-04  -1.0669090e-03  -1.4333143e-04  -1.9253907e-03
  -5.7180417e-04  -7.1860870e-04  -1.5082725e-04  -2.0680122e-03
  -3.9188875e-04  -9.5829926e-04  -2.6326452e-04  -2.3344892e-03
  -4.4061584e-04  -8.5717981e-04  -4.1318088e-04  -2.1468293e-03
  -5.6805593e-04  -8.1598299e-04  -3.3072688e-04  -2.1243101e-03
  -4.1062994e-04  -1.0519284e-03  -3.0074361e-04  -2.2181401e-03
  -3.4316165e-04  -6.8864738e-04  -3.0074361e-04  -2.2331528e-03
  -3.8814051e-04  -8.1972816e-04  -1.8455843e-04  -2.2143869e-03
  -6.0553831e-04  -8.2347332e-04  -2.9324779e-04  -2.2631784e-03
  -3.5815461e-04  -6.7741189e-04  -1.3958352e-04  -1.9891950e-03
  -3.7689580e-04  -1.0556735e-03  -2.2578543e-04  -1.7564968e-03
  -5.4556651e-04  -9.4331860e-04  -3.3447479e-04  -2.0042078e-03
  -3.6939932e-04  -9.5829926e-04  -1.5832306e-04  -1.7827692e-03
  -5.7180417e-04  -1.0781445e-03  -2.8575197e-04  -1.8803523e-03
  -5.4556651e-04  -8.2721849e-04  -6.8373247e-05  -2.1731017e-03
  -3.7314756e-04  -8.9463146e-04  -1.8455843e-04  -2.0267270e-03
  -4.1062994e-04  -7.9351200e-04  -2.4077706e-04  -1.9028715e-03
  -5.2682532e-04  -6.8864738e-04  -2.0704588e-04  -1.8052884e-03
  -2.9443456e-04  -8.3096365e-04  -4.6565160e-04  -1.8465736e-03
  -1.4075680e-04  -8.3845398e-04  -2.0704588e-04  -1.8878587e-03
  -4.7060175e-04  -8.6092497e-04  -2.8200406e-04  -1.9704291e-03
  -4.0313346e-04  -6.9613771e-04  -1.3208770e-04  -1.6701733e-03
  -2.5320394e-04  -6.5868606e-04  -1.5832306e-04  -1.7677564e-03
  -2.1197332e-04  -6.8864738e-04  -3.1948315e-04  -2.1092973e-03
  -3.4690989e-04  -7.4857002e-04  -2.4827288e-04  -1.7790160e-03
  -4.4061584e-04  -8.4968948e-04  -5.2936605e-04  -2.1130505e-03
  -3.3191694e-04  -6.5868606e-04  -1.4707934e-04  -2.0830250e-03
  -4.1812641e-04  -7.5980552e-04  -1.9580215e-04  -1.8165480e-03
  -3.1317575e-04  -9.1335728e-04  -3.2323106e-04  -2.1468293e-03
  -2.3071451e-04  -9.9949608e-04  -1.0585234e-04  -1.8953651e-03
  -2.3821099e-04  -7.3358936e-04  -1.7331470e-04  -1.8165480e-03
  -2.4945570e-04  -6.4370540e-04  -1.0585234e-04  -1.9891950e-03
  -3.2442046e-04  -1.0931252e-03  -1.5832306e-04  -2.0379866e-03
  -2.4945570e-04  -6.8864738e-04   2.5324478e-05  -2.0154674e-03
  -3.0942751e-04  -6.9613771e-04  -8.3364883e-05  -2.0492462e-03
  -3.4316165e-04  -9.7702509e-04  -2.4452497e-04  -2.1956209e-03
  -1.0327442e-04  -8.7216047e-04  -2.3702915e-04  -1.9816886e-03
  -3.3941342e-04  -1.0144767e-03  -2.3702915e-04  -2.0192206e-03
  -4.2562289e-04  -8.3096365e-04  -5.7129520e-05  -2.0905314e-03
  -1.3326033e-04  -8.5343464e-04  -1.0210443e-04  -2.1430761e-03
  -3.5065813e-04  -9.2833794e-04  -2.4827288e-04  -2.3419956e-03
  -4.1437818e-04  -9.1710245e-04  -1.8455843e-04  -2.2031273e-03
  -3.3566518e-04  -9.2459278e-04  -1.4333143e-04  -2.2631784e-03
  -2.1572156e-04  -8.4594431e-04  -2.9699570e-04  -2.3044636e-03
  -2.6444866e-04  -9.5829926e-04   7.0299386e-05  -2.3382424e-03
  -4.2187465e-04  -7.7104101e-04  -2.3398339e-05  -2.4208127e-03
  -3.9563699e-04  -7.8602167e-04  -3.5321433e-04  -2.1956209e-03
  -4.5935703e-04  -9.2084761e-04  -1.7331470e-04  -2.3457488e-03
  -2.7569337e-04  -7.4107969e-04  -2.2953333e-04  -2.5071362e-03
  -2.6070042e-04  -8.0474750e-04  -1.7706261e-04  -2.3119700e-03
  -2.9068632e-04  -8.1972816e-04  -3.0823942e-04  -2.2894508e-03
  -3.8439227e-04  -9.5829926e-04  -2.4452497e-04  -2.4208127e-03
  -3.8064403e-04  -9.2459278e-04  -9.4608610e-05  -2.4395787e-03
  -3.5065813e-04  -7.1486354e-04  -2.7076033e-04  -2.4620979e-03
  -5.6430770e-04  -8.6841530e-04  -3.0074361e-04  -2.3307360e-03
  -2.4195923e-04  -8.1598299e-04  -1.3208770e-04  -1.9328971e-03
  -3.5815461e-04  -8.3845398e-04  -9.8356519e-05  -2.1881145e-03
  -3.3566518e-04  -8.0849266e-04   1.7828660e-05  -2.1092973e-03
  -4.3302614e-05  -5.5382144e-04   2.0897202e-04  -1.7715096e-03
  -3.8814051e-04  -6.5494090e-04  -7.2121156e-05  -2.0605058e-03
  -2.3821099e-04  -6.9613771e-04   7.4047295e-05  -1.9216375e-03
  -3.9563699e-04  -6.6992156e-04  -2.7146248e-05  -1.9479099e-03
  -4.6685351e-04  -8.2721849e-04  -2.8949988e-04  -1.9253907e-03
  -8.4533232e-05  -8.8339596e-04   2.1576569e-05  -1.9741823e-03
  -3.7314756e-04  -7.5231519e-04  -2.9324779e-04  -2.0117142e-03
  -3.9938522e-04  -8.0849266e-04  -2.0329797e-04  -1.7790160e-03
  -2.2696628e-04  -9.2084761e-04   1.0777848e-04  -2.2706848e-03
  -2.6819689e-04  -7.5231519e-04  -2.0704588e-04  -1.8841055e-03
  -2.8693808e-04  -7.1860870e-04  -7.9616974e-05  -1.5913562e-03
  -1.6324623e-04  -7.3733453e-04   1.4900547e-04  -2.2594252e-03
  -1.4075680e-04  -9.0586695e-04   1.2651802e-04  -1.9103779e-03
  -4.5560879e-04  -9.2084761e-04  -1.1334816e-04  -1.8203012e-03
  -2.8318985e-04  -8.9837662e-04  -1.9205424e-04  -2.0942846e-03
  -1.8573566e-04  -1.0107316e-03  -1.6207097e-04  -1.8165480e-03
  -4.7060175e-04  -7.4857002e-04  -3.0074361e-04  -2.0492462e-03
  -3.0193104e-04  -7.7853134e-04  -2.0329797e-04  -2.3082168e-03
  -4.2187465e-04  -8.6841530e-04  -2.8575197e-04  -1.8653395e-03
  -4.5935703e-04  -7.3733453e-04   2.1576569e-05  -1.7715096e-03
  -2.6070042e-04  -8.4968948e-04   7.7795204e-05  -2.1843613e-03
  -3.7689580e-04  -9.2833794e-04  -2.7450824e-04  -2.2819444e-03
  -2.4945570e-04  -9.0586695e-04  -1.9650430e-05  -1.9366503e-03
  -4.1437818e-04  -1.0669090e-03  -2.3328124e-04  -1.7489904e-03
  -3.8439227e-04  -9.2833794e-04  -2.7076033e-04  -2.1280633e-03
  -2.7194513e-04  -6.6243123e-04  -3.1948315e-04  -2.0192206e-03
  -6.0553831e-04  -1.0069864e-03  -3.8319760e-04  -1.7640032e-03
  -4.4061584e-04  -1.1792640e-03  -2.3398339e-05  -1.9591695e-03
  -3.3566518e-04  -9.6204443e-04  -1.9205424e-04  -1.9328971e-03
  -2.6819689e-04  -9.7327992e-04  -1.1709606e-04  -2.0717654e-03
  -2.7944161e-04  -1.1605382e-03  -2.4077706e-04  -2.1693485e-03
  -6.0928655e-04  -1.1567930e-03  -3.6071015e-04  -2.2369060e-03
  -2.7569337e-04  -8.9088629e-04  -1.0585234e-04  -2.2669316e-03
  -2.7569337e-04  -9.7702509e-04  -3.3447479e-04  -2.1655953e-03
  -6.7300660e-04  -9.7702509e-04  -3.2323106e-04  -2.1430761e-03
  -3.4316165e-04  -9.0586695e-04  -2.2578543e-04  -1.8240544e-03
  -2.4570747e-04  -9.1335728e-04  -4.3566833e-04  -1.8428204e-03
  -3.5065813e-04  -8.1598299e-04  -3.3822270e-04  -2.1243101e-03
  -4.3311937e-04  -1.1155962e-03  -2.1079379e-04  -1.8765991e-03
  -4.5560879e-04  -9.6953476e-04  -2.7825615e-04  -1.8052884e-03
  -3.0942751e-04  -8.7965080e-04  -1.0960025e-04  -1.9366503e-03
  -3.8064403e-04  -9.3957344e-04  -1.4707934e-04  -1.7114585e-03
  -2.7194513e-04  -8.3470882e-04  -2.5951661e-04  -1.7827692e-03
  -5.4181827e-04  -1.1118510e-03   1.1152638e-04  -1.9629227e-03
  -4.9683941e-04  -7.7853134e-04   1.1527429e-04  -1.8015352e-03
  -2.1197332e-04  -7.1860870e-04  -3.7195388e-04  -1.7564968e-03
  -2.9818280e-04  -1.0706542e-03  -1.1334816e-04  -1.8878587e-03
  -1.8948390e-04  -8.0474750e-04   1.5650129e-04  -1.9741823e-03
  -4.7434998e-04  -7.9351200e-04  -3.0449151e-04  -1.6964457e-03
  -3.2442046e-04  -1.0556735e-03  -3.3072688e-04  -1.8615863e-03
  -3.4316165e-04  -9.5829926e-04  -2.5202079e-04  -2.3157232e-03
  -5.1183236e-04  -8.0474750e-04  -3.5696224e-04  -1.9816886e-03
  -2.5320394e-04  -9.7327992e-04  -2.7450824e-04  -1.8315608e-03
  -3.8814051e-04  -9.4706377e-04  -7.5869065e-05  -2.0454930e-03
  -4.9683941e-04  -7.5980552e-04  -9.0860701e-05  -2.1168037e-03
  -4.8184646e-04  -8.5717981e-04  -3.3447479e-04  -2.1243101e-03
  -2.0447685e-04  -8.8714113e-04  -2.3702915e-04  -2.0304802e-03
  -2.9443456e-04  -8.8339596e-04  -7.9616974e-05  -2.1355697e-03
  -4.9309117e-04  -8.7590563e-04  -1.9955006e-04  -2.0229738e-03
  -3.4690989e-04  -8.6092497e-04  -2.9699570e-04  -2.0529994e-03
  -3.8064403e-04  -8.7965080e-04  -1.0585234e-04  -2.3194764e-03
  -4.0313346e-04  -7.6355068e-04  -7.5869065e-05  -1.9216375e-03
  -3.9188875e-04  -8.7216047e-04  -2.9699570e-04  -1.9103779e-03
  -1.8573566e-04  -8.4594431e-04  -1.8830634e-04  -2.1280633e-03
  -3.3191694e-04  -7.8227651e-04  -4.2442460e-04  -2.4470851e-03
  -5.9054536e-04  -9.6953476e-04  -5.4060978e-04  -2.7285749e-03
  -2.8318985e-04  -7.7478618e-04  -1.2833979e-04  -2.5671874e-03
  -1.7823918e-04  -8.3470882e-04  -4.8064324e-04  -2.6722769e-03
  -3.9188875e-04  -8.9463146e-04   4.0316114e-05  -2.3344892e-03
  -4.1437818e-04  -7.4857002e-04  -2.7450824e-04  -2.9500135e-03
  -3.2816870e-04  -1.0369477e-03   1.8648456e-04  -2.0980378e-03
  -3.9563699e-04  -8.7590563e-04  -3.7944969e-04  -2.3832807e-03
  -3.0567927e-04  -7.5606035e-04  -3.9818924e-04  -2.6460045e-03
  -3.9563699e-04  -1.0968704e-03   9.8478918e-04  -1.4036963e-03
  -2.0822509e-04  -8.7590563e-04  -1.6649825e-03  -3.7344316e-03
  -3.0567927e-04  -8.2721849e-04   2.1353972e-03  -6.6806970e-04
  -3.6939932e-04  -6.3996024e-04  -2.1821939e-03  -4.0834790e-03
   3.9158622e-05  -6.9988288e-04   2.2665741e-03  -1.3811771e-03
  -6.5051717e-04  -1.0219671e-03  -2.1597065e-03  -2.3419956e-03
   1.2161986e-04  -5.2760529e-04   2.5324478e-05  -3.6068229e-03
  -5.9804184e-04  -9.3957344e-04   2.6938357e-03   1.2948523e-03
  -2.6819689e-04  -7.6355068e-04  -6.9757695e-03  -7.8329228e-03
  -1.6699447e-04  -9.3208311e-04   1.1868717e-02   5.9187910e-03
  -9.6162092e-04  -7.3733453e-04  -1.7233796e-02  -1.1931414e-02
   8.5252627e-04  -2.7293407e-04   2.3753336e-02   1.0182423e-02
  -1.4638848e-03  -1.2391866e-03  -7.0957026e-03  -2.8115199e-02
   3.7461660e-03   1.8206132e-03  -1.2895896e-01  -1.4541387e-01
  -7.0487594e-03   5.9964721e-03  -1.0423401e-01  -9.6021793e-02
  -2.5951124e-02   3.3935825e-03  -3.9222779e-02  -1.0696987e-01
  -1.8878199e-02  -6.6884017e-03  -5.8801855e-02  -1.2929388e-01
  -1.4417795e-02  -1.0324957e-02  -1.1514487e-02  -1.1220558e-01
  -1.8953163e-02  -2.4451298e-03   1.2394994e-01  -1.8362141e-01
  -3.3230202e-02   3.8246981e-04   6.0227987e-02  -1.3092277e-01
  -2.0399983e-02  -2.6473687e-03   1.2516051e-01  -4.9358294e-02
  -1.2764729e-03  -2.6623493e-03   1.0459199e-01  -2.1873633e-02
  -1.9609105e-02  -3.5349728e-03   5.1750217e-02   3.5392641e-03
  -1.5186184e-02  -5.5948135e-03   1.1402172e-01  -1.4284668e-02
  -1.7521336e-02  -6.8419535e-03   1.7636749e-02  -1.4918959e-02
  -2.0201327e-02  -6.4150047e-03   9.7440975e-02  -2.7510940e-03
   5.0430564e-03  -2.3402651e-03  -2.8874802e-02  -9.8408832e-03
  -6.6476980e-03  -7.0273500e-06  -1.2210029e-01  -9.3567208e-03
  -1.6535550e-02   1.1015415e-03  -5.0309093e-02  -5.5997706e-03
  -1.3315813e-02  -5.7254727e-04  -8.3894106e-02  -3.0701158e-03
  -1.4459026e-02  -3.8682925e-03  -1.4460344e-02  -1.4637475e-03
  -1.2761074e-02  -3.8154385e-04  -6.7209117e-03  -4.4850710e-03
  -3.1307356e-02   2.9666337e-03  -2.6000156e-02  -9.3830557e-05
  -2.0643619e-02   1.0453640e-03  -2.4092470e-02   2.4095518e-03
  -4.9422497e-03  -3.8196053e-03  -3.6820597e-04  -7.6715353e-03
  -6.8913334e-03  -4.0892572e-03   3.5633506e-03  -1.0696612e-02
  -5.9055468e-03   2.2550523e-03  -6.2674147e-03   2.0004534e-03
  -1.4114188e-02   2.5059784e-03   4.0918057e-03   2.3119687e-03
   1.7371104e-03  -1.3552868e-03  -3.2203647e-03  -9.3642271e-03
  -1.1565293e-03  -1.0294574e-03   1.0372599e-03  -1.8090416e-03
  -1.3983000e-02  -1.7934711e-03  -7.3550105e-04   1.7677552e-03
  -9.0539735e-04  -4.1566702e-03  -4.5815578e-04  -7.3562668e-03
  -5.1783887e-03  -1.9882196e-03   2.5394693e-04  -4.3987475e-03
  -6.7226627e-03   1.8318487e-03  -8.5543414e-04  -5.3295461e-04
  -4.7360966e-03   1.6782969e-03   3.9261956e-04  -5.6785877e-03
  -7.0300182e-03  -1.1189197e-04  -7.2425732e-04  -8.1181657e-03
  -9.0203326e-03  -1.2466770e-03  -8.4419041e-04  -4.1585429e-03
  -1.2116377e-02  -2.6061719e-03  -6.8303032e-04  -4.5563818e-03
  -3.2105637e-03  -2.9956690e-03  -5.1437442e-04  -7.0747770e-03
  -3.2330532e-03  -1.0332026e-03  -1.1327794e-03  -4.9241951e-03
  -5.5682054e-03   1.0453640e-03  -2.3808331e-03  -1.6401477e-03
  -2.0072861e-04  -4.2274067e-04  -5.1692774e-03  -2.1355697e-03
  -1.1190469e-03  -1.8009614e-03  -3.0404651e-03  -7.4951350e-03
   3.9898947e-04   1.3824289e-03  -7.8640240e-03  -7.8104036e-03
  -4.1738609e-03   3.0003401e-03  -2.4984472e-02   6.0801728e-04
  -6.7001733e-03  -9.4706377e-04  -3.2637702e-02   2.7398275e-04
   3.5550059e-03  -3.9806474e-03  -2.1408967e-02  -9.7357936e-03
  -5.9767634e-03  -2.1155552e-03  -1.9118995e-02  -8.7562092e-03
  -1.0549614e-02  -2.6918890e-04  -4.7351993e-02  -1.6213817e-03
   6.9396648e-03  -1.6024676e-03  -1.9917299e-02  -4.4437859e-03
   1.7858375e-03  -1.5949773e-03   4.8039085e-03  -7.3037220e-03
  -9.0878009e-03   1.2026609e-03  -1.9759887e-02  -1.9328971e-03
   7.6256856e-04   1.1656309e-04  -2.4820266e-03  -1.4187091e-03
   4.3871147e-03  -3.9918829e-03   1.6406733e-03  -4.9617271e-03
  -5.6394219e-03  -3.3589500e-03  -1.4066813e-02  -2.4545915e-03
  -3.9901972e-03  -5.9459660e-05  -2.3417846e-02  -9.2328709e-04
   3.1127138e-03  -4.4479000e-05  -2.0772525e-03  -4.4437859e-03
   9.3498750e-04  -1.6399193e-03   3.1173494e-03  -4.6164329e-03
  -6.3177598e-04  -6.4745057e-04  -8.9246822e-03  -1.7039521e-03
  -1.5388496e-03   2.2891804e-04   4.6802275e-03  -2.6122257e-03
  -3.9554376e-05  -1.3665222e-03  -2.9917423e-03  -5.5359662e-03
   2.7154938e-04  -1.3927384e-03   5.8376292e-04  -4.4888242e-03
  -3.9264772e-03   7.9533100e-06   9.6534749e-05  -3.0400959e-04
  -1.0665716e-03  -1.5683395e-04  -1.6949658e-03  -1.2385613e-04
   1.7146210e-03  -1.6174483e-03   1.7381189e-03  -4.6427053e-03
  -1.1490328e-03  -2.7634688e-03  -1.9947985e-03  -5.6448089e-03
  -1.2464870e-03  -2.3215393e-03   8.3862073e-04  -2.2293996e-03
   4.7020599e-04  -1.7148226e-03  -8.5168623e-04  -2.4733575e-03
   7.5507208e-04  -9.0961212e-04  -1.6207097e-04  -5.0818294e-03
  -8.8290793e-04   2.8509552e-04  -2.4452497e-04  -3.1864649e-03
  -1.0890610e-03  -2.3173725e-04  -6.3055960e-04  -9.9084464e-04
   4.2906860e-05  -1.3365609e-03  -7.9616974e-05  -2.9274943e-03
  -1.0253410e-03  -1.1230865e-03  -5.4060978e-04  -4.1510365e-03
  -1.0665716e-03   5.1729575e-04  -5.8183678e-04  -3.1939713e-03
   6.0514256e-04   1.3112707e-03  -4.5815578e-04  -3.5617846e-03
   6.0889080e-04   3.7497948e-04  -7.1301360e-04  -5.2845020e-03
  -9.2039031e-04  -3.6988670e-05  -1.3958352e-04  -5.8700007e-03
  -7.1798545e-04  -1.9054044e-04  -8.2545087e-04  -5.1606465e-03
   1.6762420e-06  -7.7853134e-04  -5.3381611e-05  -4.6502117e-03
  -6.3177598e-04  -1.1343220e-03  -2.2953333e-04  -4.3386964e-03
  -2.5320394e-04  -7.1111837e-04  -9.2289650e-04  -3.7644572e-03
  -1.4488919e-03  -4.3023100e-04   5.0505683e-04  -3.2840480e-03
  -4.9683941e-04  -1.4002287e-03  -2.2946312e-03  -3.7832232e-03
   1.3098113e-03  -1.5425450e-03   1.6556649e-03  -5.2094381e-03
  -8.0419493e-04  -3.4409220e-04  -2.5307495e-03  -4.6276925e-03
   1.1787162e-04   4.8733443e-04   8.0488955e-04  -3.4642015e-03
   5.7890489e-04   4.2366662e-04  -4.9938278e-04  -4.3199304e-03
  -1.0515786e-03  -5.0887946e-04  -6.3835999e-03  -3.6368485e-03
  -1.4151577e-03  -1.4226997e-03  -1.6349992e-03  -2.7098089e-03
  -5.5306298e-04  -2.1305359e-03  -1.2095413e-02  -4.2861516e-03
   4.2147890e-04  -2.0706133e-03  -6.2261877e-03  -5.4571491e-03
  -7.6296431e-04  -8.8339596e-04  -1.5052513e-02  -4.5563818e-03
  -2.4945570e-04  -7.8185485e-05  -1.4925085e-02  -3.4642015e-03
   8.0379917e-04  -1.8679527e-04  -4.2323001e-03  -3.8732999e-03
  -3.7689580e-04  -7.6355068e-04  -6.3386250e-03  -3.8094956e-03
  -9.1289383e-04  -1.0818897e-03   4.9756101e-04  -2.6872897e-03
  -2.1946980e-04  -1.4376804e-03  -7.4674478e-04  -2.9612731e-03
  -3.0567927e-04  -1.6736258e-03   4.5040757e-03  -3.8057424e-03
  -7.2923017e-04  -7.9725717e-04   3.0266974e-04  -3.3215800e-03
  -9.9526184e-05  -4.6019232e-04   1.1796804e-03  -2.8787027e-03
   2.5280819e-04  -1.0856349e-03   1.5094964e-03  -3.3628651e-03
   8.4137478e-05  -1.4713869e-03  -1.5113182e-03  -3.5505250e-03
  -2.8318985e-04  -1.6399193e-03   1.1009744e-03  -2.7961324e-03
  -3.9938522e-04  -1.3253254e-03  -1.4663433e-03  -2.8336644e-03
  -8.1169140e-04  -8.5343464e-04   5.2004847e-04  -3.4904738e-03
  -1.2090046e-03  -1.0107316e-03  -7.1676150e-04  -2.6535109e-03
   2.6780114e-04  -1.8159420e-03  -2.2953333e-04  -2.8862091e-03
   3.4276590e-04  -1.8871002e-03  -1.1709606e-04  -4.2936580e-03
  -1.1040540e-03  -9.5080893e-04  -5.8933260e-04  -3.6518613e-03
  -3.2067223e-04  -6.9613771e-04   7.4047295e-05  -2.4395787e-03
   5.4891899e-04  -1.2541673e-03  -5.2187024e-04  -2.7923792e-03
  -3.0193104e-04  -1.1268317e-03  -3.5696224e-04  -3.4979802e-03
  -1.0590751e-03  -3.3660187e-04  -4.2817251e-04  -2.5596810e-03
  -3.7689580e-04  -4.4146649e-04  -4.8813906e-04  -2.4620979e-03
   1.1787162e-04  -7.8602167e-04  -6.1556796e-04  -3.7231721e-03
  -7.7420902e-04  -5.5007628e-04  -3.5321433e-04  -3.2615288e-03
  -3.5440637e-04   1.2405342e-04  -5.1812233e-04  -2.8824559e-03
   2.6030466e-04   5.4351190e-04  -4.8813906e-04  -3.9521171e-03
  -4.1062994e-04  -1.3810813e-04  -1.6581888e-04  -4.6802373e-03
  -7.9295021e-04  -5.0513430e-04  -4.9188696e-04  -4.1360237e-03
  -9.5037621e-04  -1.0332026e-03  -2.1454170e-04  -3.9558703e-03
  -6.1678303e-04  -1.7260581e-03  -5.9308051e-04  -4.5301094e-03
  -3.5815461e-04  -1.3215803e-03  -6.3055960e-04  -3.8657935e-03
  -4.0313346e-04  -7.9725717e-04  -1.8081052e-04  -2.9912986e-03
  -5.0808413e-04  -3.1413088e-04  -7.3550105e-04  -2.6760301e-03
   4.4771656e-04  -5.0513430e-04   1.4900547e-04  -3.9220915e-03
   1.9658462e-04  -6.9988288e-04  -8.1045923e-04  -5.3032680e-03
  -1.5613390e-03  -6.6949990e-05  -1.2833979e-04  -3.1864649e-03
   2.7913908e-05  -5.8378276e-04  -6.4180332e-04  -2.6122257e-03
   9.5372869e-04  -1.6586451e-03  -6.6429078e-04  -5.1981785e-03
  -6.1303479e-04  -1.2129705e-03   3.7388001e-04  -4.7928332e-03
  -1.5201084e-03  -4.1899550e-04  -3.7188366e-03  -2.2143869e-03
  -1.1451914e-04  -8.6092497e-04  -1.5188140e-03  -2.7060557e-03
   1.0249452e-03  -1.5799966e-03  -1.0465775e-03  -5.3445532e-03
  -1.6363038e-03  -9.4706377e-04  -2.3733373e-03  -4.8453780e-03
  -9.4287973e-04   2.2891804e-04  -4.4384351e-03  -2.5596810e-03
   1.4784820e-03  -7.0737321e-04  -2.7481282e-03  -3.6030698e-03
  -1.3326033e-04  -1.6848613e-03   2.1653805e-03  -5.0555570e-03
  -1.3889201e-03  -6.0999892e-04  -1.5787806e-03  -2.9875454e-03
  -5.4556651e-04  -8.1598299e-04   1.3895634e-03  -2.2106337e-03
   6.2763199e-04  -2.2054392e-03   3.1098536e-03  -4.1397769e-03
  -7.9295021e-04  -2.1604972e-03   6.9620019e-04  -3.9521171e-03
  -1.6812826e-03  -1.1755188e-03   7.1868764e-04  -2.3832807e-03
   3.7650004e-04  -6.5119573e-04  -3.4642066e-05  -2.7661068e-03
   9.1249808e-04  -1.1830092e-03   7.7795204e-05  -3.9521171e-03
  -1.2201561e-04  -1.2878738e-03  -4.5440787e-04  -3.4642015e-03
  -7.4422312e-04  -5.5382144e-04  -3.8389975e-05  -2.7098089e-03
  -2.5695218e-04  -6.7366672e-04  -1.7706261e-04  -3.4566951e-03
   3.5410384e-05  -6.4370540e-04  -3.4197060e-04  -4.3311900e-03
  -6.5801365e-04  -2.8042440e-04  -2.2578543e-04  -3.3065672e-03
  -7.0674074e-04  -4.4895682e-04  -4.2442460e-04  -2.2444124e-03
   9.9130430e-05  -7.2984420e-04  -2.7825615e-04  -3.7607040e-03
   2.9778704e-04  -1.0669090e-03  -3.7944969e-04  -4.8378716e-03
  -9.4287973e-04  -4.3772133e-04  -3.5696224e-04  -3.4041503e-03
  -7.4797136e-04   1.2030826e-04  -2.5576870e-04  -1.9629227e-03
   4.7020599e-04  -7.5231519e-04  -3.6445806e-04  -3.3140736e-03
  -2.7944161e-04  -1.0332026e-03  -2.8949988e-04  -4.9392079e-03
  -1.1078022e-03  -5.0887946e-04  -3.5321433e-04  -3.3178268e-03
  -2.0822509e-04  -5.2011496e-04  -3.7944969e-04  -2.2519188e-03
   5.7140842e-04  -8.7216047e-04  -8.3364883e-05  -3.5580314e-03
  -5.7180417e-04  -7.2609903e-04  -3.1198733e-04  -4.0497002e-03
  -8.9790088e-04  -1.0772515e-05  -3.6820597e-04  -2.9575199e-03
   9.5382192e-05  -6.0999892e-04  -1.7706261e-04  -2.8674431e-03
  -1.8198742e-04  -1.4564062e-03  -2.4827288e-04  -4.0947386e-03
  -9.3163502e-04  -6.3246991e-04  -3.6071015e-04  -3.8395212e-03
  -7.3297841e-04  -2.5046308e-04  -3.7570179e-04  -3.1489329e-03
   4.9644366e-04  -9.3208311e-04  -2.8575197e-04  -3.5467718e-03
   8.0389240e-05  -1.1680285e-03  -4.3566833e-04  -3.7044061e-03
  -1.0628233e-03  -5.6505694e-04  -3.0449151e-04  -3.4566951e-03
  -5.7555241e-04  -5.6880210e-04  -3.7570179e-04  -3.5918102e-03
   1.7034695e-04  -1.1717737e-03  -4.2442460e-04  -4.0497002e-03
   4.4771656e-04  -1.1155962e-03  -3.2697897e-04  -4.2673856e-03
  -9.6911740e-04  -6.4370540e-04  -4.0568506e-04  -3.4529419e-03
  -1.2165011e-03  -2.4671791e-04  -3.1573524e-04  -2.5709406e-03
   6.6136613e-04  -8.5717981e-04  -4.3192042e-04  -3.3328396e-03
   8.0379917e-04  -1.6174483e-03   9.2786840e-05  -4.7628076e-03
  -6.1303479e-04  -6.9613771e-04  -2.6326452e-04  -4.5226030e-03
  -1.0928093e-03   2.5138903e-04  -8.1420714e-04  -2.7323280e-03
  -6.2043804e-05  -6.8115705e-04  -5.8933260e-04  -2.9575199e-03
   5.0403336e-05  -1.6998419e-03  -3.6820597e-04  -4.6802373e-03
  -1.2052564e-03  -1.3028544e-03  -8.8166950e-04  -4.0947386e-03
  -8.4167731e-04  -6.6617639e-04  -1.4138726e-03  -2.8899623e-03
   9.3498750e-04  -9.3957344e-04  -2.4452497e-04  -3.6105761e-03
   2.9778704e-04  -1.3852481e-03  -6.4929914e-04  -4.0572066e-03
  -1.2165011e-03  -7.1111837e-04  -6.9427405e-04  -3.0213242e-03
  -3.5065813e-04  -6.2872474e-04   1.6024920e-04  -3.0138178e-03
   3.9524123e-04  -1.6286838e-03   1.6774502e-04  -3.8883127e-03
  -5.6805593e-04  -1.5575257e-03   2.9142602e-04  -3.5092398e-03
  -1.0965575e-03  -8.3096365e-04   1.9772829e-04  -2.6722769e-03
  -1.8573566e-04  -6.3246991e-04   3.2820296e-05  -2.9988050e-03
   2.7904585e-04  -9.3208311e-04  -4.0568506e-04  -3.6105761e-03
  -3.6565108e-04  -1.1567930e-03  -3.3447479e-04  -2.8561835e-03
  -8.1543964e-04  -8.2721849e-04  -3.3822270e-04  -2.3795275e-03
  -4.9683941e-04  -6.3996024e-04  -3.0449151e-04  -2.9350007e-03
  -8.0784994e-05  -1.0519284e-03  -3.7570179e-04  -3.3065672e-03
  -1.4075680e-04  -1.0781445e-03  -5.3686187e-04  -3.3516056e-03
  -4.5935703e-04  -6.8864738e-04  -4.5440787e-04  -2.7811196e-03
  -6.2427950e-04  -8.7216047e-04  -4.5815578e-04  -2.5296554e-03
  -4.3302614e-05  -1.1792640e-03  -2.1079379e-04  -3.2127373e-03
   4.2906860e-05  -1.0818897e-03  -1.8830634e-04  -3.5843038e-03
  -4.4061584e-04  -7.4107969e-04  -3.7944969e-04  -3.0551030e-03
  -3.4690989e-04  -4.0776001e-04  -4.8064324e-04  -2.6610173e-03
  -2.5695218e-04  -7.7104101e-04  -5.1812233e-04  -2.7510940e-03
  -1.1077090e-04  -9.6204443e-04  -3.5696224e-04  -2.9350007e-03
  -3.4690989e-04  -6.6617639e-04  -3.0074361e-04  -3.1151541e-03
  -2.4195923e-04  -7.6355068e-04  -3.9069342e-04  -2.9162347e-03
   2.2657052e-04  -8.0474750e-04  -2.5951661e-04  -2.9950518e-03
  -3.5065813e-04  -6.4370540e-04  -3.7944969e-04  -3.2765416e-03
  -4.9683941e-04  -3.5907286e-04  -2.5951661e-04  -2.7998856e-03
  -1.5949799e-04  -6.0625375e-04  -3.0823942e-04  -2.8711963e-03
  -3.7314756e-04  -1.0556735e-03  -5.7434096e-04  -3.4003971e-03
  -4.4061584e-04  -9.4331860e-04  -2.9699570e-04  -3.0438434e-03
  -3.9563699e-04  -8.2721849e-04  -3.8694551e-04  -3.0400902e-03
  -3.2816870e-04  -6.8115705e-04  -4.7314742e-04  -3.4942270e-03
  -2.8693808e-04  -6.9613771e-04  -3.5321433e-04  -3.5017334e-03
  -3.9563699e-04  -7.0362804e-04  -3.6071015e-04  -3.1451797e-03
  -8.4533232e-05  -9.2084761e-04  -2.5951661e-04  -3.3365928e-03
  -4.3302614e-05  -1.0743994e-03  -3.8319760e-04  -3.8395212e-03
  -3.4316165e-04  -7.2235387e-04  -6.9802196e-04  -3.7119125e-03
  -2.0072861e-04  -7.7104101e-04  -5.5934933e-04  -3.6818869e-03
  -2.6070042e-04  -6.3996024e-04  -4.6939951e-04  -3.1864649e-03
  -5.1558060e-04  -6.2872474e-04  -6.5679496e-04  -2.8862091e-03
