   9.1727180e-06  -8.9837662e-04  -1.8455843e-04  -1.9891950e-03
   4.2906860e-05  -9.1710245e-04  -2.1079379e-04  -2.1468293e-03
   1.6762420e-06  -1.0893800e-03   1.4080751e-05  -2.0042078e-03
   1.4785752e-04  -7.5606035e-04  -2.7146248e-05  -1.8690927e-03
  -1.2951209e-04  -8.3096365e-04  -2.4827288e-04  -2.0867782e-03
  -2.8693808e-04  -9.6578959e-04  -9.8356519e-05  -1.8615863e-03
   1.3661281e-04  -8.3470882e-04  -1.2833979e-04  -2.0004546e-03
   1.1787162e-04  -8.3845398e-04  -2.9324779e-04  -1.8353140e-03
  -4.3302614e-05  -9.9575091e-04  -3.0449151e-04  -1.7564968e-03
  -7.7036756e-05  -9.1335728e-04  -1.9580215e-04  -1.9066247e-03
   1.6669194e-05  -7.1486354e-04  -5.7129520e-05  -1.8428204e-03
  -2.4561424e-05  -7.9351200e-04  -1.2084397e-04  -1.9891950e-03
   7.6641002e-05  -8.6092497e-04  -2.2578543e-04  -2.0042078e-03
   8.0389240e-05  -8.0100233e-04  -2.5202079e-04  -1.9666759e-03
  -2.0822509e-04  -6.7366672e-04  -3.1198733e-04  -1.9366503e-03
   1.4410929e-04  -8.8714113e-04  -2.1828961e-04  -2.1918677e-03
  -1.3700856e-04  -1.1418123e-03  -3.0074361e-04  -2.1280633e-03
  -2.8318985e-04  -7.6729585e-04  -2.0329797e-04  -1.9366503e-03
   2.4165670e-05  -8.1598299e-04   1.0028266e-04  -2.1280633e-03
  -2.6819689e-04  -1.1305768e-03  -1.4707934e-04  -1.9929482e-03
  -1.4450504e-04  -9.0586695e-04  -2.2203752e-04  -2.0117142e-03
  -1.7064948e-05  -7.1860870e-04  -1.5457515e-04  -2.0492462e-03
   9.1633954e-05  -8.0100233e-04  -1.6581888e-04  -1.9178843e-03
   3.5410384e-05  -8.1598299e-04  -1.4707934e-04  -2.0454930e-03
  -4.7050852e-05  -6.6992156e-04  -3.0449151e-04  -2.0642590e-03
   1.0287867e-04  -8.6092497e-04  -2.9699570e-04  -2.0304802e-03
  -1.4450504e-04  -1.0369477e-03  -9.4608610e-05  -2.1280633e-03
  -2.4570747e-04  -8.6467014e-04  -8.4067030e-06  -2.1655953e-03
  -1.3316710e-05  -8.9088629e-04  -2.5951661e-04  -2.1768549e-03
   4.6655098e-05  -9.2084761e-04  -4.3941624e-04  -2.1843613e-03
  -9.5684720e-06  -8.5717981e-04  -2.7450824e-04  -2.2181401e-03
  -1.5574975e-04  -9.9200575e-04  -1.6207097e-04  -2.3307360e-03
  -1.4075680e-04  -9.5080893e-04  -1.1334816e-04  -2.1468293e-03
   1.7784343e-04  -8.3470882e-04   1.4525757e-04  -2.0867782e-03
  -1.4075680e-04  -7.6729585e-04  -7.5869065e-05  -2.2894508e-03
  -1.5200152e-04  -7.0737321e-04  -2.0329797e-04  -2.2143869e-03
   1.5910224e-04  -7.3733453e-04  -5.7129520e-05  -2.0567526e-03
  -7.7036756e-05  -6.9988288e-04  -3.7944969e-04  -2.0792718e-03
  -3.2057900e-05  -8.3096365e-04  -7.9616974e-05  -2.2706848e-03
   1.6669194e-05  -7.1486354e-04   9.6534749e-05  -2.1017910e-03
   1.1787162e-04  -7.4482486e-04  -1.2833979e-04  -2.2781912e-03
   2.7913908e-05  -6.4370540e-04  -6.4625338e-05  -2.3194764e-03
   3.9158622e-05  -5.1636979e-04  -1.4707934e-04  -1.7527436e-03
   3.2402471e-04  -7.5231519e-04   7.7795204e-05  -1.8653395e-03
   1.3286457e-04  -3.2162121e-04   1.5275338e-04  -2.0792718e-03
   1.8159167e-04  -5.8003760e-04  -1.3583561e-04  -2.0229738e-03
   1.7034695e-04  -9.2084761e-04  -2.2953333e-04  -1.8315608e-03
   5.7899812e-05  -6.9613771e-04  -1.3208770e-04  -1.7152117e-03
   2.4165670e-05  -8.1598299e-04   2.9072387e-05  -1.8052884e-03
  -7.3288518e-05  -7.4107969e-04   4.0316114e-05  -1.9366503e-03
  -1.5949799e-04  -8.0849266e-04   4.4064023e-05  -2.0192206e-03
  -2.4195923e-04  -8.7590563e-04   2.2396365e-04  -1.8916119e-03
   3.9158622e-05  -7.6355068e-04   1.0403057e-04  -1.8165480e-03
   6.9144526e-05  -5.8752793e-04  -4.0568506e-04  -1.9441567e-03
   1.5535400e-04  -7.4857002e-04  -2.8200406e-04  -2.0079610e-03
   1.8159167e-04  -8.7216047e-04  -6.8373247e-05  -1.9516631e-03
  -3.5806138e-05  -7.0737321e-04  -1.9205424e-04  -2.0680122e-03
   7.2892764e-05  -9.0961212e-04  -1.0585234e-04  -2.1092973e-03
  -5.8202340e-06  -8.8339596e-04  -8.3364883e-05  -2.0529994e-03
  -2.0822509e-04  -8.2347332e-04   5.5307750e-05  -2.1130505e-03
  -7.3288518e-05  -8.3845398e-04  -5.3381611e-05  -2.0117142e-03
   1.4410929e-04  -7.1486354e-04  -1.8830634e-04  -1.8428204e-03
  -2.0719960e-06  -7.5980552e-04   1.7828660e-05  -2.0004546e-03
   1.2536810e-04  -6.8864738e-04  -2.1454170e-04  -2.2519188e-03
   2.1157757e-04  -5.6131177e-04  -3.6445806e-04  -2.0004546e-03
  -1.6324623e-04  -6.6617639e-04  -1.4707934e-04  -1.9516631e-03
  -2.8309662e-05  -8.5343464e-04  -1.7331470e-04  -2.1130505e-03
   1.1412338e-04  -8.0849266e-04  -3.3072688e-04  -1.8090416e-03
  -1.0702266e-04  -8.2347332e-04  -3.7570179e-04  -2.1130505e-03
  -6.5792042e-05  -7.2235387e-04  -1.7331470e-04  -2.3344892e-03
  -1.4825328e-04  -8.2721849e-04  -1.1334816e-04  -2.0192206e-03
  -4.1062994e-04  -1.0669090e-03  -3.0074361e-04  -2.3532552e-03
  -2.0822509e-04  -8.5343464e-04  -1.5832306e-04  -2.3007104e-03
  -5.0799090e-05  -9.8077025e-04  -2.4827288e-04  -2.1918677e-03
  -2.0072861e-04  -9.1335728e-04  -4.0568506e-04  -2.2406592e-03
  -9.5777946e-05  -6.5494090e-04  -4.5885793e-05  -2.0004546e-03
  -6.2043804e-05  -8.9088629e-04  -1.8830634e-04  -2.1618421e-03
  -2.1946980e-04  -8.9837662e-04  -3.3072688e-04  -1.9967014e-03
  -1.7823918e-04  -9.4331860e-04  -2.7825615e-04  -2.1355697e-03
  -1.7823918e-04  -1.0631639e-03  -3.9444133e-04  -2.2519188e-03
  -5.4547328e-05  -7.6729585e-04  -9.8356519e-05  -1.9366503e-03
  -2.4561424e-05  -7.9725717e-04  -3.6820597e-04  -2.1017910e-03
  -1.9323213e-04  -1.0032412e-03  -5.1812233e-04  -2.0792718e-03
  -1.5949799e-04  -9.3957344e-04  -1.3208770e-04  -2.1693485e-03
  -2.6819689e-04  -7.8976684e-04  -3.0449151e-04  -2.0379866e-03
  -3.5806138e-05  -7.7104101e-04  -3.0449151e-04  -1.8540799e-03
   2.2657052e-04  -8.2721849e-04  -1.0960025e-04  -1.9441567e-03
  -2.0072861e-04  -7.1111837e-04  -1.8081052e-04  -1.7827692e-03
  -2.1946980e-04  -7.8976684e-04  -2.0704588e-04  -2.2068805e-03
   1.0287867e-04  -7.2984420e-04  -2.2203752e-04  -2.1618421e-03
   1.4036105e-04  -8.1598299e-04  -4.3192042e-04  -1.7640032e-03
   1.9658462e-04  -1.0743994e-03  -2.2203752e-04  -2.0792718e-03
  -6.5792042e-05  -9.0961212e-04  -1.4707934e-04  -1.9141311e-03
  -1.4450504e-04  -7.5606035e-04  -4.1318088e-04  -1.9816886e-03
   8.4137478e-05  -8.6467014e-04   2.8370240e-06  -2.0830250e-03
  -1.1451914e-04  -1.0968704e-03   2.5324478e-05  -1.8803523e-03
   4.2906860e-05  -9.8451542e-04  -1.5457515e-04  -1.9441567e-03
  -7.7036756e-05  -9.0586695e-04  -9.0860701e-05  -1.9178843e-03
  -2.1946980e-04  -9.3582827e-04  -4.8439115e-04  -2.1055441e-03
   2.6405290e-04  -7.4857002e-04  -2.9699570e-04  -1.8240544e-03
  -2.4561424e-05  -6.7741189e-04  -1.6956679e-04  -1.9103779e-03
   8.4137478e-05  -8.6092497e-04  -2.7076033e-04  -2.2669316e-03
   7.6641002e-05  -9.9575091e-04   3.2820296e-05  -1.9103779e-03
  -5.1183236e-04  -9.3208311e-04  -1.6581888e-04  -1.8240544e-03
  -5.0799090e-05  -9.2084761e-04  -1.5082725e-04  -1.9591695e-03
   1.4036105e-04  -6.1748925e-04   1.4080751e-05  -2.1243101e-03
  -7.3288518e-05  -6.2497958e-04  -1.2833979e-04  -2.1393229e-03
  -5.4547328e-05  -7.1111837e-04  -2.4077706e-04  -2.1318165e-03
  -2.8309662e-05  -6.1748925e-04  -1.5082725e-04  -2.2669316e-03
  -1.2201561e-04  -9.0586695e-04  -2.2203752e-04  -2.4771107e-03
  -2.0822509e-04  -8.5717981e-04  -3.2697897e-04  -2.2969572e-03
  -3.9554376e-05  -8.9837662e-04  -1.9650430e-05  -2.1280633e-03
  -6.9540280e-05  -8.0849266e-04  -9.0860701e-05  -2.3757743e-03
  -5.8295566e-05  -7.7853134e-04  -4.9633702e-05  -2.1355697e-03
  -1.7064948e-05  -8.4219915e-04  -1.5902521e-05  -2.1505825e-03
   1.5160576e-04  -6.8115705e-04  -2.3702915e-04  -2.4208127e-03
   1.1037514e-04  -1.0144767e-03  -2.9324779e-04  -2.2744380e-03
  -8.0784994e-05  -7.4857002e-04  -2.4452497e-04  -2.0942846e-03
  -3.9554376e-05  -6.8490222e-04  -1.2459188e-04  -2.1055441e-03
  -1.5574975e-04  -1.0294574e-03  -1.3958352e-04  -2.0417398e-03
   1.3286457e-04  -7.8602167e-04  -1.6581888e-04  -2.1168037e-03
  -3.5806138e-05  -8.5717981e-04  -3.9818924e-04  -2.3344892e-03
  -2.1572156e-04  -8.9088629e-04  -1.8081052e-04  -2.0567526e-03
   5.0403336e-05  -8.0849266e-04  -6.4625338e-05  -2.2068805e-03
  -1.5574975e-04  -8.2347332e-04  -4.4316415e-04  -2.1205569e-03
   1.3661281e-04  -6.1748925e-04  -5.3381611e-05  -1.8991183e-03
   2.6780114e-04  -6.7741189e-04   1.3776175e-04  -2.0605058e-03
   5.0403336e-05  -8.5717981e-04   5.1559841e-05  -1.7377308e-03
   7.6641002e-05  -7.1486354e-04  -1.2154612e-05  -1.9704291e-03
   1.8159167e-04  -5.4258595e-04  -2.1079379e-04  -1.9066247e-03
   4.6655098e-05  -4.3023100e-04  -2.3398339e-05  -1.7564968e-03
  -9.9526184e-05  -7.2609903e-04  -1.3208770e-04  -2.1731017e-03
   1.0287867e-04  -9.5080893e-04  -7.2121156e-05  -1.8916119e-03
  -6.5792042e-05  -6.7741189e-04   2.4645111e-04  -1.8841055e-03
   1.0662691e-04  -8.4594431e-04  -1.3958352e-04  -2.0867782e-03
   9.5382192e-05  -9.3582827e-04  -3.1198733e-04  -1.9178843e-03
  -1.0702266e-04  -6.3621507e-04   1.0332842e-05  -1.9216375e-03
   2.2282228e-04  -8.1223783e-04  -1.2459188e-04  -1.8953651e-03
   7.6641002e-05  -8.5343464e-04  -2.4827288e-04  -1.8465736e-03
  -2.0813186e-05  -6.5119573e-04  -2.0704588e-04  -1.9328971e-03
   5.7899812e-05  -8.7590563e-04  -4.8813906e-04  -1.8991183e-03
   9.9130430e-05  -8.2721849e-04  -2.8200406e-04  -1.8165480e-03
   1.1787162e-04  -8.7216047e-04  -6.4625338e-05  -1.9441567e-03
   1.6669194e-05  -9.3957344e-04  -1.0210443e-04  -1.9967014e-03
   4.2906860e-05  -6.2497958e-04   2.1576569e-05  -2.0042078e-03
  -2.0072861e-04  -7.9351200e-04  -1.3208770e-04  -2.1243101e-03
  -1.2576385e-04  -9.1335728e-04  -1.4333143e-04  -2.1918677e-03
  -3.9554376e-05  -8.6092497e-04  -1.3208770e-04  -2.1243101e-03
  -3.1317575e-04  -8.4968948e-04  -2.2578543e-04  -2.0417398e-03
   1.7784343e-04  -8.1972816e-04  -1.1709606e-04  -2.0417398e-03
   1.3286457e-04  -1.0631639e-03  -1.0585234e-04  -2.2031273e-03
  -3.3566518e-04  -9.8451542e-04  -1.0210443e-04  -2.4057999e-03
  -1.2576385e-04  -8.2347332e-04  -2.3328124e-04  -2.1092973e-03
  -1.2576385e-04  -9.2833794e-04  -3.3822270e-04  -2.0342334e-03
  -6.5792042e-05  -9.3208311e-04  -1.0210443e-04  -2.3194764e-03
  -2.1572156e-04  -9.7327992e-04  -3.2323106e-04  -2.2406592e-03
  -3.0193104e-04  -8.1598299e-04  -5.1062651e-04  -2.2181401e-03
  -5.8295566e-05  -6.2123441e-04  -2.0329797e-04  -2.1693485e-03
  -1.7074271e-04  -8.6467014e-04  -3.3072688e-04  -2.0605058e-03
  -1.1451914e-04  -1.0818897e-03  -3.9069342e-04  -2.2293996e-03
  -1.0702266e-04  -8.2347332e-04  -2.4452497e-04  -2.2856976e-03
  -2.4570747e-04  -8.5343464e-04  -3.6820597e-04  -2.0680122e-03
  -3.3191694e-04  -1.2429318e-03  -3.9818924e-04  -1.8916119e-03
  -2.9068632e-04  -1.1792640e-03  -3.2697897e-04  -1.9816886e-03
   2.0417432e-05  -9.6953476e-04  -4.4316415e-04  -2.1543357e-03
  -9.5684720e-06  -8.3845398e-04  -3.1198733e-04  -2.0004546e-03
  -3.0942751e-04  -8.8714113e-04  -1.5082725e-04  -2.0079610e-03
  -2.2696628e-04  -8.4219915e-04  -3.0449151e-04  -2.0192206e-03
   1.2911633e-04  -8.3845398e-04  -7.5869065e-05  -2.0154674e-03
  -3.9554376e-05  -1.0856349e-03  -1.4707934e-04  -2.2369060e-03
  -1.1077090e-04  -8.6092497e-04  -3.1573524e-04  -2.0004546e-03
   1.6669194e-05  -9.6204443e-04  -1.1334816e-04  -1.9704291e-03
  -2.2321804e-04  -9.6204443e-04  -1.3583561e-04  -1.8916119e-03
   8.0389240e-05  -7.5231519e-04  -1.1709606e-04  -1.8315608e-03
   2.7913908e-05  -9.5829926e-04  -1.6956679e-04  -2.0004546e-03
  -4.7050852e-05  -8.6092497e-04  -2.1454170e-04  -1.7677564e-03
   2.1907405e-04  -8.9088629e-04  -1.9205424e-04  -1.9291439e-03
   6.5396288e-05  -8.3096365e-04  -1.5082725e-04  -1.9929482e-03
   3.9158622e-05  -8.7590563e-04  -1.4707934e-04  -1.8278076e-03
  -1.7074271e-04  -7.9725717e-04  -1.9955006e-04  -1.9328971e-03
   4.6655098e-05  -8.0474750e-04  -2.7825615e-04  -1.9291439e-03
   1.3661281e-04  -1.2841286e-03  -2.7076033e-04  -1.9666759e-03
   1.6285048e-04  -1.2279511e-03  -1.2084397e-04  -2.1806081e-03
   1.1711265e-03  -1.0781445e-03   7.0299386e-05  -2.1806081e-03
   1.2911633e-04  -1.0219671e-03  -4.2442460e-04  -1.9591695e-03
  -7.2548193e-04  -7.9351200e-04  -9.0415695e-04  -1.9103779e-03
   7.9630270e-04  -1.0818897e-03   1.0403057e-04  -2.0942846e-03
  -7.8170550e-04  -1.1942447e-03  -2.4077706e-04  -2.2969572e-03
   1.1111547e-03  -4.6768265e-04   1.1152638e-04  -2.4658511e-03
  -1.4713813e-03  -1.7410387e-03  -5.6309724e-04  -1.9253907e-03
   1.4410929e-04  -2.7293407e-04  -2.9324779e-04  -1.9516631e-03
   1.4447479e-03  -1.4863675e-03   1.0260162e-03  -2.3982935e-03
  -3.2892767e-03  -6.5868606e-04  -1.8636217e-03  -1.5350582e-03
   4.7357008e-03  -4.6019232e-04   1.7718501e-03  -2.4620979e-03
  -6.1529306e-03  -2.1567521e-03  -2.2346646e-03  -1.7527436e-03
   5.7702145e-03   1.4236257e-03   2.0304558e-03  -2.5446682e-03
  -4.8260543e-03  -4.3626542e-03  -1.2489646e-03  -1.8953651e-03
   7.7006503e-04   3.5096826e-03  -1.8074030e-03  -1.8015352e-03
   4.7057149e-03  -5.0442743e-03   3.8481917e-03  -3.1451797e-03
  -1.2678613e-02   2.1052457e-03  -6.8183574e-03  -7.4313364e-04
   2.1351640e-02  -6.7741189e-04   1.0676882e-02  -4.6539649e-03
  -3.1168671e-02  -7.2988636e-03  -1.4272948e-02   8.5948148e-04
   4.5269147e-02   1.8157023e-02   1.5174373e-02  -6.1364777e-03
  -3.6712315e-02  -7.0483542e-02  -2.0618158e-02   5.8925187e-03
   7.2203985e-02  -1.2532399e-01   2.1302204e-02   5.6710800e-03
   5.6794594e-01  -1.4166789e-01   1.7567108e-01  -5.3558122e-02
   2.3615566e-01  -1.3575428e-01  -9.2799138e-02  -8.5572898e-03
  -1.3556834e-01  -4.8360853e-02  -2.7702386e-01   5.5607366e-02
  -1.2120125e-02  -2.4492916e-02  -3.6722923e-02  -1.6739259e-02
   7.6795576e-02  -3.0114409e-02   2.1517029e-01  -6.8721038e-02
   8.8227702e-02  -7.5277354e-02   4.6240790e-02  -2.9162341e-02
  -1.4230018e-01  -1.0194293e-01  -2.2887072e-01   2.6009649e-03
   2.1310409e-02  -8.0295875e-02  -3.1078572e-02  -1.1180774e-02
   2.0827627e-01  -4.8978805e-02   2.2455880e-01  -5.6053998e-02
   3.8222459e-02  -3.5799569e-02   2.0672555e-02  -3.1098991e-02
  -5.2289992e-02  -4.2975305e-02  -2.4380239e-01   3.4172858e-02
  -9.3561841e-02  -1.4055141e-02   6.1858327e-02  -3.9678799e-02
  -1.1068379e-01  -2.3271992e-02   2.6167060e-01  -8.7040392e-02
  -1.5253287e-01  -5.8113262e-02   9.7399046e-03  -3.3440992e-03
  -2.5827432e-02  -4.7593094e-02  -2.3833419e-01   2.6445025e-02
   1.0268100e-02  -3.2915371e-03  -1.3049186e-01  -6.1552437e-03
  -1.4361572e-02   1.0853951e-02   1.9469172e-01  -5.4083569e-02
  -2.9789319e-02  -1.5100042e-02   1.1926880e-01  -4.8100973e-02
  -3.9294851e-02  -3.2383979e-02  -1.5351526e-01   2.4324469e-02
   3.9099547e-02  -3.4769649e-02  -9.3024012e-02   3.3065659e-03
  -7.9251068e-02  -1.1534645e-02   1.2969548e-01  -5.2559771e-02
  -1.4983789e-01   9.4869659e-03   9.0417394e-02  -2.6831606e-02
  -2.7292993e-02  -5.7146588e-03  -9.0962662e-02   1.6941931e-02
   1.4520842e-01  -2.0523041e-02  -1.1414348e-01   2.3239795e-02
   6.4242727e-02  -5.3251617e-03   8.5039144e-02  -2.9241158e-02
  -1.0002755e-01   1.8085865e-02   1.1375937e-01  -4.1896939e-02
  -5.1637799e-02   5.8129591e-03  -7.7458946e-02   1.7137097e-02
   8.8838665e-02  -1.9283392e-02  -1.1025315e-01   2.9837916e-02
   5.1210104e-02  -1.5380930e-02   4.8338917e-03  -4.3161772e-03
  -1.5650600e-01   2.7643947e-03   9.1834103e-02  -2.8948409e-02
  -9.6736598e-02   3.4347793e-03   2.5233760e-02  -1.8079151e-02
   1.2262903e-01  -1.3905335e-02  -6.5364444e-02   8.6586248e-03
   1.1636947e-01  -3.3626952e-03  -3.5755963e-02   2.4470838e-03
  -9.6283062e-02   2.0276786e-02   1.8843576e-02  -7.3862923e-03
  -1.3502485e-01   9.2922173e-03   1.0463251e-02  -4.7027565e-03
   2.9327890e-02  -2.2275778e-02  -1.7751008e-02   5.8925130e-04
   7.5899748e-02  -3.0290432e-02  -3.9702511e-02   7.3862911e-03
  -5.9134275e-02  -3.4488340e-03   4.2567137e-03  -4.2974112e-03
  -7.2305583e-02   1.6909883e-02   2.7385060e-02  -1.2017737e-02
   7.5082632e-02   5.0901422e-03  -1.3965620e-02  -2.1393229e-03
   8.9220985e-02  -8.2988227e-03  -4.3547866e-02   8.6848972e-03
  -4.1079012e-02  -6.4745057e-04  -1.4366646e-02   2.0492449e-03
  -1.1289525e-01   5.1425745e-03   5.0490919e-02  -1.5808466e-02
  -1.1977692e-02  -6.5535758e-03   2.1909365e-02  -1.0884272e-02
   7.5030156e-02  -1.3635683e-02  -4.6887252e-02   7.6940532e-03
   1.4833454e-02   6.2216037e-04  -3.9177804e-02   9.2291108e-03
  -4.4426189e-02   1.4026106e-02   2.5608551e-02  -8.1181657e-03
  -1.0065998e-03   4.7118806e-03   2.9648797e-02  -1.2393057e-02
   4.4639443e-02  -1.1613294e-02  -2.4718371e-02   3.9783882e-03
   3.0939726e-03  -9.0927976e-03  -3.5362432e-02   8.5985737e-03
  -5.1011843e-02   4.1426155e-03   1.7329420e-02  -4.8266120e-03
  -1.8259739e-02   5.5470523e-03   3.7077153e-02  -1.2130333e-02
   3.2914954e-02  -3.9769022e-03  -1.3800712e-02   3.6781267e-04
   2.9114241e-02  -5.2577487e-03  -3.5561071e-02   6.9471670e-03
  -1.7641280e-02   2.8692594e-03   2.0455176e-02  -6.7745212e-03
  -2.5407629e-02   4.5096416e-03   4.0937499e-02  -1.2805909e-02
   1.3015559e-02  -3.4001468e-03  -1.1045999e-02   4.2786383e-04
   1.7760828e-02  -7.1041150e-03  -3.7940994e-02   1.1162007e-02
  -9.3764152e-03  -5.3884078e-04   2.1728763e-03   2.7022955e-04
  -2.5358902e-02   3.4535051e-03   4.1919451e-02  -1.2152853e-02
   9.7358503e-03  -5.3135045e-04   5.9732561e-03  -4.5301094e-03
   3.0932136e-02  -4.2091025e-03  -2.6783469e-02   4.8491299e-03
   7.1570626e-03  -3.2911154e-04  -3.3965164e-03   8.6322899e-05
  -2.7712796e-02   3.7006860e-03   3.0806901e-02  -8.6323537e-03
  -2.0969715e-02   9.7837270e-05   1.4376068e-02  -5.5847578e-03
   1.3274187e-02  -5.5573619e-03  -2.4429782e-02   4.2823971e-03
   1.4226239e-02  -3.7933892e-03  -1.0480064e-02   1.7977807e-03
  -5.4332689e-03   2.9628885e-03   2.2602728e-02  -7.8742079e-03
  -6.7451522e-03   3.5583697e-03   1.0793067e-02  -5.6410557e-03
   1.4676028e-02  -1.6399193e-03  -1.9921047e-02   3.3103191e-03
   1.2876874e-02  -3.5387179e-03  -1.6274332e-02   3.1827104e-03
  -1.5883356e-02  -2.1301143e-04   1.5537920e-02  -5.5885110e-03
  -2.3466042e-02   1.0565995e-03   1.7696715e-02  -7.5514330e-03
   6.5386033e-03  -2.3440103e-03  -1.3249769e-02  -2.2143926e-04
   2.1400367e-02  -3.1642014e-03  -1.6712837e-02   1.6889380e-03
   1.0287867e-04   1.4723128e-03   4.1255369e-03  -3.6818869e-03
  -1.6224446e-02   2.9703788e-03   1.0493234e-02  -5.9750903e-03
  -1.5688355e-03  -1.8945905e-03  -7.8415365e-03  -1.1522321e-03
   1.2636987e-02  -5.0367839e-03  -1.6802787e-02   2.1243089e-03
  -1.6775344e-03  -1.4376804e-03  -1.6125118e-03  -1.9253907e-03
  -1.4590214e-02   2.2737781e-03   9.8823251e-03  -5.1343741e-03
   1.7258657e-03   1.6150507e-04  -2.3021270e-03  -2.3269828e-03
   1.6400217e-02  -2.8121559e-03  -1.3811956e-02   7.7691115e-04
   8.9375689e-04  -1.2728931e-03  -1.5338057e-03  -1.6363945e-03
  -1.5842126e-02   1.2887997e-03   1.0328326e-02  -5.1193613e-03
  -5.0209627e-03  -3.7779869e-04   1.7418668e-03  -3.2277501e-03
   1.0980265e-02  -2.8795689e-03  -1.1102217e-02   6.6431524e-04
   4.6082607e-03  -1.4976030e-03  -7.9202426e-03   1.8765353e-05
  -8.4093698e-03   1.3374869e-03   5.5947173e-03  -3.7607040e-03
  -3.6940864e-03   6.9706367e-04   5.1337244e-03  -3.7231721e-03
   9.1548734e-03  -2.0443971e-03  -8.3212689e-03  -4.6915026e-04
   5.8901581e-03  -1.6811161e-03  -7.8902593e-03   1.9891881e-04
  -7.5585198e-03   3.1880200e-04   4.6277567e-03  -2.7736132e-03
  -8.8853961e-03   5.9594421e-04   8.1320516e-03  -4.2598792e-03
   4.5707784e-03  -1.2991093e-03  -2.6806658e-03  -1.6814329e-03
   8.6938402e-03  -2.3477555e-03  -4.9256633e-03  -3.1526918e-04
  -1.4338989e-03  -3.0664055e-04   3.9868643e-03  -2.5071362e-03
  -6.6776839e-03   5.8845388e-04   7.6748067e-03  -3.7344316e-03
   1.8308164e-03  -6.2497958e-04   5.4253592e-04  -1.3999431e-03
   8.6413648e-03  -1.8271775e-03  -6.7059201e-03   1.8765922e-04
   7.2508618e-04  -1.4301901e-03   1.6369253e-03  -1.8127948e-03
  -7.2586608e-03  -1.4517680e-05   9.4063407e-03  -3.8357680e-03
  -2.0935888e-03  -7.5606035e-04   3.4096863e-03  -2.7586004e-03
   7.0633566e-03  -1.8196872e-03  -3.2128689e-03  -7.0935486e-04
   3.6861942e-03  -8.7590563e-04  -6.3805542e-04  -1.2460620e-03
  -5.4969889e-03   1.4652441e-04   5.8233397e-03  -3.1414265e-03
  -3.5666463e-03  -3.4409220e-04   4.4516050e-03  -2.9575199e-03
   5.1367623e-03  -1.7110774e-03  -3.6888533e-03  -1.1297129e-03
   4.6494914e-03  -1.8271775e-03  -4.1798294e-03  -9.0827431e-04
  -3.6491076e-03  -2.3173725e-04   2.3940030e-03  -2.3682679e-03
  -5.1671440e-03   4.2081450e-06   2.1353972e-03  -2.7060557e-03
   2.3630662e-03  -1.2541673e-03  -4.0036777e-03  -1.3398920e-03
   5.1929859e-03  -1.2878738e-03  -5.0680839e-03  -1.0584022e-03
  -9.2039031e-04  -5.0887946e-04  -8.1420714e-04  -2.5484214e-03
  -4.8223061e-03   1.1698475e-05   1.7006398e-03  -3.2502692e-03
  -2.8318985e-04  -7.7478618e-04  -1.8486300e-03  -2.3570083e-03
   3.3788387e-03  -1.8196872e-03  -5.0793276e-03  -1.5162922e-03
  -1.0515786e-03  -9.9200575e-04  -2.5307495e-03  -2.0567526e-03
  -4.6648801e-03  -4.1899550e-04   3.3640092e-04  -2.7698600e-03
  -3.8439227e-04  -7.4857002e-04  -2.0922441e-03  -2.3194764e-03
   4.2896605e-03  -9.7702509e-04  -5.9151113e-03  -1.3699175e-03
   1.0511829e-03  -1.0107316e-03  -3.3852727e-03  -1.6363945e-03
  -4.0913997e-03  -3.1038572e-04   2.9142602e-04  -2.8336644e-03
  -3.1655849e-03  -5.7254727e-04  -2.3398339e-05  -3.0438434e-03
   1.6246633e-03  -1.5725063e-03  -2.0435213e-03  -2.1130505e-03
   2.1494166e-03  -1.2579125e-03  -2.8418259e-03  -1.7152117e-03
  -1.1602775e-03  -2.4671791e-04   3.4389674e-04  -2.1318165e-03
  -1.5688355e-03   4.2081450e-06   1.5694630e-03  -1.9666759e-03
   1.4072655e-03  -7.1486354e-04  -1.1027961e-03  -1.8315608e-03
   2.0632071e-03  -1.4788772e-03  -1.1889980e-03  -1.5876030e-03
  -1.3289482e-03  -1.2092253e-03   1.1496972e-03  -1.6701733e-03
  -2.4609161e-03  -6.9613771e-04   2.7013315e-03  -2.2969572e-03
   4.3272361e-04  -1.0594187e-03   1.4307904e-03  -1.8390672e-03
   2.6366876e-03  -8.6092497e-04  -4.6939951e-04  -1.5688370e-03
   1.1598818e-03  -3.2162121e-04   8.5361237e-04  -1.9929482e-03
  -1.3664306e-03  -4.3023100e-04   3.4621570e-03  -2.2444124e-03
  -7.6296431e-04  -7.7853134e-04   2.7163231e-03  -2.3607615e-03
   1.2123571e-03  -1.3515416e-03  -4.2137884e-05  -1.8953651e-03
   4.2897537e-04  -1.3290706e-03   4.9006519e-04  -1.7377308e-03
  -1.2277458e-03  -8.7216047e-04   1.7643543e-03  -2.3795275e-03
  -1.5200152e-04  -6.5119573e-04   9.2482264e-04  -2.1618421e-03
   2.2018919e-03  -5.6505694e-04  -4.1692878e-04  -1.7264713e-03
   1.7820893e-03  -6.3246991e-04  -9.7536723e-04  -1.7715096e-03
  -8.3792907e-04  -6.5494090e-04   8.9109146e-04  -2.1806081e-03
  -1.6887791e-03  -8.5343464e-04   1.6369253e-03  -2.5559278e-03
  -3.2067223e-04  -9.2084761e-04  -6.0432423e-04  -1.8278076e-03
   4.4022009e-04  -9.6204443e-04  -1.1290315e-03  -1.7414840e-03
  -5.2682532e-04  -8.7216047e-04  -2.5202079e-04  -2.1731017e-03
  -7.5921607e-04  -4.4146649e-04  -6.1182005e-04  -2.2519188e-03
   7.3633089e-04  -6.0999892e-04  -1.7549323e-03  -2.1318165e-03
   1.2423430e-03  -7.7478618e-04  -2.2121772e-03  -1.7977820e-03
  -5.9804184e-04  -8.1223783e-04  -1.4176205e-03  -2.2218933e-03
  -1.8387086e-03  -9.0212179e-04  -5.4810560e-04  -2.5596810e-03
  -7.2548193e-04  -1.0219671e-03  -1.0128463e-03  -2.3645147e-03
   3.2027647e-04  -1.0631639e-03  -2.3471019e-03  -2.0942846e-03
  -2.2696628e-04  -6.3996024e-04  -1.7586802e-03  -2.1393229e-03
  -1.0553269e-03  -5.6505694e-04  -6.9052614e-04  -2.2969572e-03
  -8.0044669e-04  -6.8490222e-04  -1.1889980e-03  -2.3307360e-03
   3.6150709e-04  -9.0586695e-04  -1.3651498e-03  -2.2932040e-03
  -1.4075680e-04  -1.2728931e-03  -1.0803087e-03  -2.1655953e-03
  -1.4264024e-03  -9.0212179e-04  -7.4299687e-04  -2.2932040e-03
  -7.0674074e-04  -5.3509562e-04  -2.5951661e-04  -2.3157232e-03
   2.1157757e-04  -9.0586695e-04  -9.0040905e-04  -2.0454930e-03
   6.1263904e-04  -8.7590563e-04  -1.2114855e-03  -1.6701733e-03
   1.1412338e-04  -5.7254727e-04   2.8018229e-04  -1.9066247e-03
  -5.1183236e-04  -6.5868606e-04   8.2362909e-04  -1.9779355e-03
  -9.2029708e-05  -8.4968948e-04   6.2873783e-04  -1.8878587e-03
  -1.3326033e-04  -1.0332026e-03   9.2857055e-04  -2.0117142e-03
  -1.6699447e-04  -7.0737321e-04   9.0608309e-04  -1.7039521e-03
  -9.2029708e-05  -4.4895682e-04   1.1347055e-03  -1.8578331e-03
   5.5266723e-04  -5.8003760e-04   1.3483364e-03  -1.5275518e-03
   1.2573360e-03  -6.2872474e-04   8.4236864e-04  -1.4787603e-03
   3.4651414e-04  -6.8864738e-04   1.3858154e-03  -2.0042078e-03
  -3.9938522e-04  -5.3509562e-04   2.5214319e-03  -1.8127948e-03
  -3.7689580e-04  -7.4857002e-04   2.0641870e-03  -2.0042078e-03
   1.2911633e-04  -9.0212179e-04   1.5319839e-03  -1.8540799e-03
   4.5896128e-04  -5.6880210e-04   1.5169923e-03  -1.7489904e-03
   2.4531171e-04  -5.2386012e-04   1.2433949e-03  -1.9291439e-03
   6.7261084e-04  -5.5007628e-04   1.2059158e-03  -1.9929482e-03
   5.0019190e-04  -6.4745057e-04   1.0185204e-03  -2.0680122e-03
  -3.2816870e-04  -7.4107969e-04   3.2140929e-04  -1.8127948e-03
  -6.6551012e-04  -7.5980552e-04   5.4253592e-04  -2.0980378e-03
  -6.7300660e-04  -8.5343464e-04   6.2124201e-04  -2.1806081e-03
  -8.4533232e-05  -8.3470882e-04  -3.7944969e-04  -2.0042078e-03
   2.9403881e-04  -6.5494090e-04  -3.2323106e-04  -1.9141311e-03
  -1.0327442e-04  -6.5868606e-04  -3.4946642e-04  -1.9366503e-03
  -4.6310527e-04  -8.3096365e-04  -4.7689533e-04  -2.3495020e-03
  -5.2682532e-04  -8.2721849e-04  -6.1556796e-04  -2.2894508e-03
  -6.6925836e-04  -8.9463146e-04  -1.7399407e-03  -2.0529994e-03
  -8.3418083e-04  -1.0556735e-03  -1.7661760e-03  -2.0454930e-03
  -6.6925836e-04  -1.1605382e-03  -1.3763935e-03  -2.1918677e-03
  -2.6070042e-04  -9.0586695e-04  -1.7399407e-03  -2.2256465e-03
   7.2892764e-05  -8.7965080e-04  -1.9910506e-03  -2.1618421e-03
  -1.7074271e-04  -1.1380672e-03  -1.7849156e-03  -2.4170595e-03
  -9.6162092e-04  -9.4331860e-04  -1.6125118e-03  -2.2894508e-03
  -1.3626824e-03  -1.0332026e-03  -1.7924114e-03  -2.1280633e-03
  -9.8036211e-04  -1.0406929e-03  -1.6949658e-03  -2.3382424e-03
  -5.5306298e-04  -9.6953476e-04  -1.5413015e-03  -2.1731017e-03
  -4.8184646e-04  -9.3582827e-04  -1.4588475e-03  -2.1693485e-03
  -1.9323213e-04  -6.6617639e-04  -1.1627627e-03  -2.2706848e-03
   1.3286457e-04  -9.9949608e-04  -1.0428296e-03  -2.1843613e-03
  -3.0193104e-04  -1.0519284e-03  -7.8797178e-04  -2.0304802e-03
  -9.8036211e-04  -1.0481832e-03  -1.3208770e-04  -2.0605058e-03
  -9.9535507e-04  -1.1904995e-03  -9.8356519e-05  -2.1993741e-03
  -3.4316165e-04  -9.2084761e-04  -6.4625338e-05  -1.9779355e-03
   3.3152119e-04  -9.2084761e-04   4.6382983e-04  -2.0755186e-03
