  -1.9698037e-04  -6.5868606e-04  -1.9955006e-04  -2.0680122e-03
  -5.8295566e-05  -7.8976684e-04  -2.0704588e-04  -2.1580889e-03
  -2.6444866e-04  -1.2204608e-03  -3.0449151e-04  -2.2669316e-03
  -5.0799090e-05  -8.8714113e-04  -3.4197060e-04  -2.2369060e-03
  -5.8295566e-05  -8.4219915e-04  -4.9563487e-04  -1.7827692e-03
  -2.4195923e-04  -9.8077025e-04  -2.1079379e-04  -1.9929482e-03
   4.6655098e-05  -1.0519284e-03   8.9038931e-05  -2.2031273e-03
  -1.5200152e-04  -1.2316963e-03  -3.0074361e-04  -2.2369060e-03
  -3.0193104e-04  -1.0369477e-03  -1.6207097e-04  -2.4395787e-03
  -2.6819689e-04  -8.6841530e-04  -3.4197060e-04  -1.9591695e-03
  -1.5574975e-04  -9.9949608e-04  -4.1692878e-04  -1.9741823e-03
  -4.3302614e-05  -9.8077025e-04  -5.3381611e-05  -2.2031273e-03
  -2.9068632e-04  -8.2721849e-04  -4.8439115e-04  -1.9516631e-03
  -3.0567927e-04  -9.7702509e-04  -3.7570179e-04  -2.2369060e-03
  -1.3700856e-04  -1.2242060e-03  -1.1334816e-04  -2.1768549e-03
  -2.0822509e-04  -9.7702509e-04  -3.2323106e-04  -2.0980378e-03
  -3.5815461e-04  -8.9463146e-04  -1.3958352e-04  -2.3194764e-03
  -1.1826737e-04  -9.4706377e-04  -7.9616974e-05  -2.0079610e-03
  -2.0072861e-04  -7.7104101e-04  -2.4077706e-04  -2.0154674e-03
  -2.2321804e-04  -8.6841530e-04  -8.7112792e-05  -2.0717654e-03
   8.0389240e-05  -7.8976684e-04   6.5849330e-06  -1.9441567e-03
   3.9158622e-05  -8.9837662e-04  -1.5832306e-04  -2.0117142e-03
   1.0662691e-04  -9.8451542e-04  -1.3583561e-04  -1.9328971e-03
  -1.5949799e-04  -7.2235387e-04  -1.3958352e-04  -2.1092973e-03
  -6.5792042e-05  -9.3957344e-04  -2.8949988e-04  -2.1618421e-03
   2.7913908e-05  -1.0257122e-03  -2.9699570e-04  -1.9629227e-03
  -2.9818280e-04  -9.5455410e-04  -1.8081052e-04  -2.0154674e-03
  -1.6699447e-04  -9.2833794e-04  -2.5951661e-04  -1.8390672e-03
  -2.2321804e-04  -1.0182219e-03  -3.0823942e-04  -2.0755186e-03
  -1.8573566e-04  -1.0107316e-03  -1.1709606e-04  -2.2256465e-03
  -8.8281470e-05  -9.5080893e-04  -7.5869065e-05  -1.8841055e-03
  -1.0702266e-04  -1.0818897e-03   9.6534749e-05  -2.0905314e-03
  -1.7074271e-04  -8.3470882e-04  -1.3208770e-04  -1.8878587e-03
  -9.2029708e-05  -7.7853134e-04  -4.0943297e-04  -1.9516631e-03
  -2.0719960e-06  -6.6992156e-04  -1.9955006e-04  -2.2143869e-03
  -8.0784994e-05  -7.9351200e-04  -2.1079379e-04  -1.8991183e-03
   8.0389240e-05  -1.0893800e-03  -9.4608610e-05  -2.0642590e-03
  -9.2029708e-05  -7.2609903e-04  -2.4452497e-04  -1.9704291e-03
  -1.0702266e-04  -8.1598299e-04  -1.2833979e-04  -1.9066247e-03
  -4.3302614e-05  -9.0586695e-04  -1.5902521e-05  -2.1055441e-03
  -9.5777946e-05  -7.2984420e-04  -2.2953333e-04  -2.1355697e-03
  -6.5792042e-05  -7.5606035e-04  -1.1709606e-04  -2.2481656e-03
  -2.3071451e-04  -6.7741189e-04  -2.2953333e-04  -2.2031273e-03
   5.4151574e-05  -9.0586695e-04  -1.5902521e-05  -2.3344892e-03
  -2.0719960e-06  -1.0219671e-03  -2.1454170e-04  -2.2519188e-03
  -2.2696628e-04  -7.7478618e-04  -2.4827288e-04  -2.3082168e-03
  -1.8198742e-04  -8.2721849e-04  -3.4642066e-05  -2.3982935e-03
  -1.2201561e-04  -9.3582827e-04  -1.2084397e-04  -2.0905314e-03
  -1.0327442e-04  -7.9351200e-04   2.3145947e-04  -2.2369060e-03
  -2.3821099e-04  -7.4482486e-04  -6.8373247e-05  -2.1468293e-03
   1.0662691e-04  -7.7853134e-04  -2.2578543e-04  -2.3307360e-03
   7.6641002e-05  -6.8490222e-04  -2.4452497e-04  -2.3682679e-03
  -1.6699447e-04  -6.8490222e-04  -1.9580215e-04  -2.0717654e-03
  -1.1451914e-04  -7.4107969e-04  -3.8389975e-05  -2.4996298e-03
  -2.4195923e-04  -9.0961212e-04  -3.2323106e-04  -2.3082168e-03
  -2.8318985e-04  -9.2833794e-04  -5.3381611e-05  -2.1993741e-03
  -1.2576385e-04  -6.9239255e-04  -5.7129520e-05  -2.3232296e-03
   2.4165670e-05  -9.5829926e-04  -3.2323106e-04  -2.1731017e-03
  -5.8295566e-05  -9.0212179e-04  -1.9205424e-04  -2.1017910e-03
  -5.8202340e-06  -5.5756661e-04  -1.4707934e-04  -1.9854418e-03
   1.2920956e-05  -7.4857002e-04  -2.7825615e-04  -2.1243101e-03
  -9.5684720e-06  -7.5231519e-04  -6.8373247e-05  -1.9666759e-03
   7.2892764e-05  -7.3358936e-04   1.3401384e-04  -2.0117142e-03
   1.4410929e-04  -6.9239255e-04  -1.2459188e-04  -2.1543357e-03
   1.6659871e-04  -6.2497958e-04  -7.9616974e-05  -1.9141311e-03
   1.6669194e-05  -7.3358936e-04  -4.9633702e-05  -2.0079610e-03
   6.1648050e-05  -6.5868606e-04   1.9772829e-04  -2.0042078e-03
   1.2920956e-05  -5.6880210e-04   2.6893856e-04  -1.9479099e-03
   9.9130430e-05  -6.9613771e-04  -7.5869065e-05  -1.9891950e-03
   1.2536810e-04  -8.4968948e-04   1.4080751e-05  -2.0680122e-03
  -1.4450504e-04  -9.0586695e-04  -1.5457515e-04  -2.1655953e-03
  -3.5806138e-05  -8.8339596e-04  -1.4707934e-04  -2.0642590e-03
  -1.0702266e-04  -9.4706377e-04  -7.2121156e-05  -2.1168037e-03
  -2.6444866e-04  -9.2084761e-04  -1.4707934e-04  -2.0680122e-03
  -1.1826737e-04  -8.1972816e-04  -4.6587940e-06  -2.0004546e-03
   3.5410384e-05  -1.0219671e-03  -1.8081052e-04  -2.0529994e-03
  -1.7064948e-05  -8.7965080e-04  -9.4608610e-05  -2.0192206e-03
  -1.5200152e-04  -7.1860870e-04  -1.0585234e-04  -1.8765991e-03
  -2.7194513e-04  -8.0474750e-04  -2.4077706e-04  -1.8465736e-03
  -3.9563699e-04  -6.1748925e-04  -8.7112792e-05  -2.0154674e-03
  -1.1451914e-04  -7.2609903e-04  -1.6581888e-04  -2.0117142e-03
   2.4165670e-05  -8.5717981e-04  -1.3208770e-04  -2.0229738e-03
  -1.8573566e-04  -7.7104101e-04  -1.5832306e-04  -2.0004546e-03
  -9.5777946e-05  -9.3208311e-04  -1.9205424e-04  -2.0154674e-03
  -1.9698037e-04  -1.1006155e-03  -1.7331470e-04  -2.0567526e-03
  -2.7194513e-04  -1.0369477e-03  -2.0329797e-04  -2.0755186e-03
  -1.3700856e-04  -9.9949608e-04  -1.9205424e-04  -2.1618421e-03
  -1.7823918e-04  -9.0586695e-04  -3.6445806e-04  -2.0042078e-03
  -2.0447685e-04  -8.6467014e-04  -2.6701242e-04  -1.8578331e-03
  -2.1946980e-04  -9.7327992e-04  -3.0074361e-04  -1.9554163e-03
  -2.8309662e-05  -8.3845398e-04  -3.4197060e-04  -2.1956209e-03
  -1.3326033e-04  -9.4331860e-04  -2.0704588e-04  -2.2744380e-03
  -2.1197332e-04  -1.0444381e-03  -3.7195388e-04  -2.1918677e-03
  -9.5777946e-05  -8.3096365e-04  -2.2953333e-04  -2.2594252e-03
  -1.1077090e-04  -1.0182219e-03  -2.5951661e-04  -2.1806081e-03
  -4.3302614e-05  -9.8826058e-04  -2.7825615e-04  -2.3194764e-03
  -1.8948390e-04  -1.0219671e-03  -7.9616974e-05  -2.5296554e-03
  -8.8281470e-05  -1.0706542e-03  -2.7450824e-04  -2.0267270e-03
  -1.9323213e-04  -7.6729585e-04  -3.5696224e-04  -1.8465736e-03
  -2.5695218e-04  -9.6953476e-04  -1.4707934e-04  -2.0154674e-03
  -1.2201561e-04  -9.6578959e-04  -1.6956679e-04  -2.0117142e-03
  -1.3326033e-04  -1.0069864e-03  -4.3192042e-04  -2.0605058e-03
  -8.8281470e-05  -8.0474750e-04  -9.4608610e-05  -2.0192206e-03
  -3.6939932e-04  -5.9127309e-04   4.7811932e-05  -1.8916119e-03
  -1.2951209e-04  -9.4706377e-04  -2.0704588e-04  -1.7189649e-03
  -1.6324623e-04  -8.0474750e-04  -1.4707934e-04  -2.0042078e-03
  -3.7689580e-04  -9.1710245e-04  -1.6956679e-04  -2.0642590e-03
  -9.2029708e-05  -7.8976684e-04  -5.3381611e-05  -1.8803523e-03
  -3.1317575e-04  -6.8490222e-04  -1.2459188e-04  -1.9441567e-03
  -2.1197332e-04  -1.0706542e-03  -1.8081052e-04  -1.9666759e-03
  -5.0799090e-05  -9.9200575e-04  -1.0210443e-04  -1.9516631e-03
  -3.0567927e-04  -1.0107316e-03  -1.8830634e-04  -1.8315608e-03
  -3.3566518e-04  -8.1223783e-04   3.2820296e-05  -2.0680122e-03
  -3.1317575e-04  -7.2609903e-04  -1.4333143e-04  -2.1243101e-03
  -1.9698037e-04  -9.0586695e-04  -3.3822270e-04  -2.2068805e-03
  -2.4195923e-04  -8.0849266e-04  -1.2084397e-04  -2.1430761e-03
  -3.5815461e-04  -7.7104101e-04  -1.2459188e-04  -2.0042078e-03
  -8.4533232e-05  -7.0737321e-04  -1.6581888e-04  -2.1243101e-03
   4.2906860e-05  -8.6092497e-04  -2.1079379e-04  -1.9516631e-03
  -1.5949799e-04  -7.8976684e-04  -9.8356519e-05  -2.2856976e-03
  -2.7944161e-04  -8.1223783e-04  -1.8081052e-04  -1.9779355e-03
  -1.7074271e-04  -9.0586695e-04  -2.9699570e-04  -1.9328971e-03
  -7.3288518e-05  -6.9239255e-04  -2.2578543e-04  -2.2256465e-03
  -1.1451914e-04  -9.2459278e-04  -2.7450824e-04  -1.8841055e-03
  -1.6699447e-04  -8.1972816e-04  -1.7706261e-04  -2.2631784e-03
  -1.1826737e-04  -1.0032412e-03  -2.5202079e-04  -2.2369060e-03
  -1.5200152e-04  -1.0594187e-03  -1.7706261e-04  -2.1806081e-03
  -1.5574975e-04  -5.9501826e-04  -5.7129520e-05  -2.0717654e-03
  -1.7074271e-04  -8.9837662e-04  -1.7706261e-04  -2.0304802e-03
  -4.4436408e-04  -9.5455410e-04   7.7795204e-05  -2.4395787e-03
  -1.0702266e-04  -8.1223783e-04  -1.2154612e-05  -2.2143869e-03
   1.7784343e-04  -9.2084761e-04  -1.8830634e-04  -2.0605058e-03
  -2.0822509e-04  -9.4706377e-04  -2.3398339e-05  -2.0867782e-03
  -1.2576385e-04  -7.5231519e-04  -1.5832306e-04  -2.0905314e-03
  -4.3302614e-05  -8.0100233e-04   3.6568205e-05  -2.0792718e-03
  -1.5574975e-04  -8.2347332e-04  -2.3398339e-05  -2.3607615e-03
  -5.8295566e-05  -6.8115705e-04  -2.9324779e-04  -2.2594252e-03
  -1.8198742e-04  -7.8976684e-04  -1.3958352e-04  -2.1505825e-03
  -2.6070042e-04  -7.8602167e-04  -1.1709606e-04  -2.4733575e-03
   3.1662146e-05  -1.0856349e-03   4.0316114e-05  -2.0529994e-03
   1.9658462e-04  -8.5717981e-04  -7.2121156e-05  -2.1355697e-03
   7.6641002e-05  -6.6992156e-04  -1.4707934e-04  -2.3157232e-03
   4.2906860e-05  -9.5080893e-04  -1.5902521e-05  -2.0605058e-03
   5.7899812e-05  -5.3135045e-04   1.0332842e-05  -1.9291439e-03
   5.0403336e-05  -4.4146649e-04   9.6534749e-05  -1.8803523e-03
  -2.4561424e-05  -6.2123441e-04  -1.5902521e-05  -2.1693485e-03
  -6.2043804e-05  -7.1860870e-04   1.1527429e-04  -2.0417398e-03
   1.4785752e-04  -8.8714113e-04   2.8370240e-06  -2.0379866e-03
   2.0782933e-04  -7.2984420e-04  -2.0329797e-04  -2.0792718e-03
   8.0389240e-05  -6.5494090e-04   9.2786840e-05  -1.9216375e-03
  -9.2029708e-05  -7.9351200e-04  -6.8373247e-05  -2.0642590e-03
  -9.2029708e-05  -8.4219915e-04  -2.8949988e-04  -1.9779355e-03
   1.2911633e-04  -8.8339596e-04  -3.8389975e-05  -2.0042078e-03
   1.0287867e-04  -8.0849266e-04  -9.8356519e-05  -2.0379866e-03
   4.2906860e-05  -4.7142781e-04  -2.7146248e-05  -1.9479099e-03
   1.2536810e-04  -6.3996024e-04   1.2277011e-04  -1.8540799e-03
   1.6669194e-05  -9.5829926e-04  -6.4625338e-05  -2.0079610e-03
  -9.5777946e-05  -7.7104101e-04  -4.2137884e-05  -2.1243101e-03
  -1.1451914e-04  -6.9988288e-04  -3.1198733e-04  -1.7827692e-03
  -1.8948390e-04  -8.1598299e-04  -3.5321433e-04  -1.9554163e-03
  -5.0799090e-05  -8.5343464e-04  -9.8356519e-05  -2.0192206e-03
   1.2920956e-05  -9.3582827e-04  -3.0449151e-04  -1.8916119e-03
   1.6669194e-05  -9.3957344e-04  -3.5321433e-04  -2.2106337e-03
  -4.3302614e-05  -7.5606035e-04  -1.4707934e-04  -2.1205569e-03
  -2.4195923e-04  -8.6841530e-04  -1.0210443e-04  -1.9366503e-03
  -2.0813186e-05  -8.9088629e-04  -2.9699570e-04  -2.1806081e-03
  -2.7194513e-04  -1.0332026e-03  -1.4707934e-04  -2.2331528e-03
  -5.0058765e-04  -1.0481832e-03  -7.5869065e-05  -2.1918677e-03
  -2.4570747e-04  -7.2609903e-04  -2.1079379e-04  -2.1918677e-03
  -4.4811232e-04  -9.7702509e-04  -1.5082725e-04  -2.0605058e-03
  -2.9068632e-04  -9.0961212e-04  -3.2323106e-04  -2.1505825e-03
  -2.3446275e-04  -9.0586695e-04  -1.1709606e-04  -2.2444124e-03
  -4.0313346e-04  -1.0968704e-03  -1.5832306e-04  -2.1430761e-03
  -1.8948390e-04  -9.5080893e-04  -4.2067669e-04  -1.9441567e-03
  -3.3566518e-04  -9.0212179e-04  -1.3958352e-04  -2.2143869e-03
  -1.3700856e-04  -1.0594187e-03  -2.2578543e-04  -2.4395787e-03
   1.5160576e-04  -1.0481832e-03  -3.1198733e-04  -2.1618421e-03
  -7.6296431e-04  -8.8339596e-04  -2.8575197e-04  -2.3570083e-03
  -5.0433589e-04  -1.0743994e-03   1.1902220e-04  -2.2744380e-03
   4.2147890e-04  -8.7590563e-04   3.2820296e-05  -2.1655953e-03
  -9.2788678e-04  -1.0144767e-03  -3.9444133e-04  -2.4245659e-03
  -3.5806138e-05  -1.0257122e-03   4.2635074e-04  -2.1956209e-03
  -7.7795726e-04  -8.7216047e-04   7.0299386e-05  -2.0042078e-03
   8.2628860e-04  -1.1305768e-03   2.4270320e-04  -2.3757743e-03
  -1.1826737e-04  -6.9988288e-04  -1.1252836e-03  -2.0229738e-03
  -2.0186240e-03  -8.3470882e-04   6.4372946e-04  -1.8315608e-03
   2.9515395e-03  -7.6729585e-04  -5.7434096e-04  -2.2143869e-03
  -3.4991781e-03  -1.2991093e-03  -5.7129520e-05  -1.8953651e-03
   3.8136343e-03  -8.9837662e-04  -5.2936605e-04  -2.2369060e-03
  -4.5074541e-03  -9.3208311e-04  -1.2152334e-03  -1.7602500e-03
   2.3068426e-03  -1.0594187e-03   2.0941702e-03  -2.1543357e-03
   9.9870755e-04  -9.5455410e-04  -4.5021496e-03  -2.0492462e-03
  -5.8418268e-03  -1.4189546e-03   5.0475225e-03  -1.6251349e-03
   1.0320575e-02   1.8023090e-04  -6.5634995e-03  -2.6610173e-03
  -1.6775437e-02  -1.7073323e-03   5.4785321e-03  -8.7449553e-04
   2.2487356e-02   1.0907276e-04  -1.4588475e-03  -5.1981785e-03
  -2.8439954e-02  -1.9020808e-03  -1.0618737e-02   6.0163742e-03
   4.6674736e-02  -1.8721195e-03  -2.4527227e-02  -3.0723671e-02
   9.1522403e-02   6.3260467e-03  -5.9461487e-02  -1.5604292e-01
  -1.9270274e-01   7.0938055e-03  -8.2574842e-02  -1.1079062e-01
  -5.4242824e-02  -6.1790593e-03   4.5701091e-02   2.2421598e-02
   1.8170126e-01  -2.4421758e-02   2.8596829e-01  -6.6923256e-02
  -4.8114455e-02  -1.9642927e-02   7.6280281e-02  -1.2448604e-01
  -2.8279538e-01   3.8167861e-03   1.4180123e-01  -1.6690468e-02
  -2.6670785e-02  -1.6268534e-02   3.6943798e-01   1.2978555e-02
   3.1432517e-01  -7.7119975e-02   1.2210596e-01  -7.5319158e-02
  -1.2391507e-01  -3.2855870e-02  -1.0278732e-01  -8.9119663e-02
  -3.8649039e-01   3.7410916e-02  -7.1387334e-02  -6.6243933e-03
   1.4609675e-01  -1.8995014e-02   1.7687416e-01  -4.2084599e-02
   2.5122358e-01  -6.5869499e-02  -1.3969368e-02  -8.4754695e-02
  -1.4154678e-01  -2.2257053e-02  -1.4353833e-01   2.3003344e-02
  -2.9348911e-01   1.8805358e-03   1.2442147e-02   2.7165639e-02
   3.2352718e-02  -3.5192853e-02   5.0764517e-02  -9.1626799e-02
   1.9449025e-01  -5.1312043e-02  -6.9670791e-02  -5.8264631e-02
  -1.2501331e-01  -1.4972707e-02  -2.2209450e-01   3.0881304e-02
  -1.5214680e-01   1.2131052e-02   7.6598151e-03  -2.7173153e-03
   4.3458841e-03  -3.0031593e-03   1.0790139e-01  -8.1414350e-02
   1.7955736e-02  -1.0069864e-03  -7.1031282e-02  -7.6141108e-02
  -1.3214518e-03   3.7269022e-03  -1.9715217e-01   7.3187278e-04
   2.2135022e-02  -1.1875455e-02  -2.5857735e-02  -1.4614950e-02
   3.1887937e-02  -2.3028135e-03   1.6946454e-01  -6.3736792e-02
  -5.6641696e-02   1.0906383e-02  -1.2844995e-02  -3.6398505e-02
  -5.6949052e-02  -2.5795341e-04  -1.2622299e-01   1.0114865e-02
   8.8699980e-02  -1.0388625e-02  -1.0258938e-02  -4.9955058e-03
   1.2121220e-01  -4.0518055e-03   4.3920835e-02  -6.0482770e-02
  -1.3144528e-01   5.0002583e-03  -3.5324953e-02  -1.6649183e-02
  -1.7523220e-01   8.8502879e-03  -6.5491873e-02   2.5056343e-02
   1.0582568e-01  -7.5460445e-03  -1.1308352e-02  -1.8379406e-02
   1.0598311e-01  -2.0897558e-02  -1.0251442e-02  -3.6259637e-02
  -1.2185354e-01   7.2136508e-03  -6.6953557e-02  -1.5313044e-02
  -1.3074436e-01   2.5651098e-02  -4.2464720e-02  -5.1005954e-03
   6.6311755e-02  -7.1752732e-03   5.1251745e-02  -3.1980992e-02
   1.0681147e-01  -1.9343314e-02  -2.2098582e-02  -2.2372808e-02
  -4.3927673e-02   1.9254778e-03  -8.9133683e-02   3.9858946e-03
  -6.1143330e-02   4.4834255e-03   3.2039963e-02  -2.1817335e-02
   2.9852644e-02  -3.2536638e-04   4.8613217e-02  -3.8830577e-02
   3.8964610e-02  -4.3551639e-03  -6.2628470e-02  -3.9971554e-03
  -8.6005300e-03  -7.6396736e-03  -9.4508184e-02   2.1017903e-02
  -2.1115897e-02  -3.8528902e-04  -1.3703266e-02  -1.6157514e-02
  -2.5059043e-02   6.8204084e-03   6.2323068e-02  -3.3414714e-02
  -2.3548503e-02   1.4685677e-03  -1.8669246e-02  -1.8653395e-03
   2.9061765e-02  -2.6773300e-03  -1.0084965e-01   1.7178382e-02
   3.7206687e-02  -4.4521166e-04  -3.0224049e-02  -6.3429092e-04
  -1.5261149e-02  -3.3660187e-04   6.0445365e-02  -2.4808633e-02
  -3.7555669e-02   2.3861331e-03   1.9814284e-02  -1.2197891e-02
   1.8120752e-03  -2.1230456e-03  -6.2935799e-02   8.9926594e-03
   4.8301471e-02  -1.1422290e-02  -2.7870362e-02   1.5463165e-03
   1.7907009e-02  -2.5537396e-03   3.8497610e-02  -1.7024502e-02
  -4.7046207e-02   7.2548476e-03   1.6051383e-02  -1.1589873e-02
  -2.5006568e-02   1.7532002e-03  -4.8746215e-02   6.3241363e-03
   5.2930545e-02  -3.5799148e-03  -3.1779431e-02   4.8829087e-03
   3.0088783e-02  -3.7222310e-03  -4.8207219e-03  -3.9070787e-03
  -6.0693542e-02   1.6970227e-03  -5.9788257e-03  -8.9701471e-04
  -4.9996070e-02   4.5208771e-03  -5.4353789e-03   2.1205557e-03
   3.5977265e-02  -4.8832322e-03  -7.3730479e-03  -1.4412283e-03
   4.2559170e-02  -8.5385132e-03   8.1238537e-04  -9.0452111e-04
  -2.2431528e-02   2.4123492e-03   4.0918057e-03  -2.8524360e-04
  -3.0921287e-02   4.4085222e-03   3.2163644e-02  -7.0635174e-03
   2.0901851e-02  -3.6960149e-03   3.1181692e-02  -9.3379548e-03
   3.4489214e-02  -3.9506861e-03  -6.1556796e-04  -5.6673338e-04
  -5.5757019e-03  -1.1830092e-03   1.1534451e-03   2.7773651e-03
  -3.0257849e-02   1.7419647e-03   2.4461691e-02  -4.2523728e-03
  -7.9895672e-03   3.5845859e-03   2.6298167e-02  -5.3032680e-03
   1.6568888e-02  -1.9882196e-03  -9.5243477e-03   4.9542194e-03
   8.2065692e-03  -4.0143539e-03  -2.6719754e-02   9.2028384e-03
  -1.4346579e-02   1.0303834e-03   1.3626486e-02  -8.1069118e-04
  -2.5748719e-02   5.7347322e-04   3.3557866e-02  -7.0222322e-03
  -1.8162192e-03  -2.4676008e-03   8.6192798e-03  -2.0642590e-03
   2.6539201e-02  -2.6061719e-03  -2.2421605e-03   2.0642520e-04
   1.2415840e-02  -1.9882196e-03   1.4304858e-02  -3.9483639e-03
  -9.1177868e-03   2.0003811e-03   3.1147961e-02  -7.7015609e-03
  -4.5936635e-03   2.8467884e-03   1.7224479e-02  -5.6147833e-03
   1.2775671e-02  -2.8945496e-03   3.1016556e-04   3.6781267e-04
   1.2217184e-02  -3.6248567e-03  -3.8799967e-03   2.3232283e-03
  -1.2689858e-02   4.9150125e-05   3.7245107e-03  -3.4529476e-04
  -2.4942848e-02   6.2590553e-04   1.1074160e-02  -1.1484789e-03
  -6.1679235e-03  -4.5270199e-04  -8.6360932e-03   2.1168025e-03
   1.5579353e-02  -2.0593778e-03  -1.3500879e-02   2.4470838e-03
   1.0391792e-02  -2.6660945e-03   2.8370240e-06  -1.8728459e-03
  -8.0045601e-03   5.8845388e-04   6.5167029e-03  -4.9016759e-03
  -7.9745742e-03   1.9554391e-03   7.1351079e-03  -5.3182808e-03
   1.2029772e-02  -1.7185678e-03  -4.8282177e-03  -4.1172577e-03
   2.0032260e-02  -2.2428909e-03  -6.7846262e-03  -3.5467718e-03
  -3.8439227e-04  -3.0289539e-04  -5.1467899e-03  -4.0647130e-03
  -1.6797926e-02   4.6860860e-04  -7.4704935e-03  -3.0738690e-03
  -6.3478389e-03   5.4351190e-04  -1.2500187e-02  -9.7207866e-04
   7.1795520e-03  -2.3777168e-03  -2.3200468e-02   1.7302232e-03
   1.7558516e-03  -2.9956690e-03  -2.0468242e-02   2.3832795e-03
  -1.0028609e-02   7.9533100e-06  -4.1048712e-03  -1.5913562e-03
  -7.2286749e-03   2.5513420e-04   2.6638524e-03  -4.5601350e-03
   4.6157572e-03  -1.2691480e-03  -1.1270873e-02  -1.8052884e-03
   1.0271848e-02  -1.1867543e-03  -1.7143847e-02  -2.1017966e-04
   5.7139910e-03  -6.7741189e-04   2.5251798e-03  -5.0630634e-03
  -2.8132505e-03  -6.9988288e-04   1.3113023e-02  -8.2495276e-03
  -2.8957117e-03  -3.8528902e-04  -2.6244472e-03  -4.3049176e-03
   4.2034510e-03  -1.4713869e-03  -1.7211309e-02   5.1794055e-04
   6.4224079e-03  -2.2391457e-03  -1.1915514e-02  -1.4637532e-04
  -3.5329122e-03  -6.6992156e-04  -1.0053505e-03  -2.9350007e-03
  -1.4102943e-02  -1.8262845e-05  -6.3311292e-03  -1.0283766e-03
  -5.9167916e-03  -5.4258595e-04  -1.4936328e-02   1.5688357e-03
   9.0311816e-03  -1.1493027e-03  -5.8738843e-03  -7.9192520e-04
   4.8443997e-03  -1.2616576e-03   4.7889168e-03  -3.4942270e-03
  -7.2361713e-03   2.2142771e-04   4.4141259e-03  -3.3253332e-03
  -1.4076612e-03   4.0494080e-04   5.7558773e-03  -3.1564393e-03
   1.1493774e-02  -1.9058260e-03   9.6874339e-03  -4.0797258e-03
   7.6330888e-03  -1.9994551e-03   9.6274673e-03  -3.4792143e-03
  -5.4220241e-03  -1.9054044e-04   7.2250577e-03  -1.9066247e-03
  -5.6131843e-03  -3.1038572e-04   8.4993467e-03  -1.8803523e-03
   2.3368285e-03  -1.1418123e-03   5.9507686e-03  -1.2498152e-03
   2.1943955e-03  -1.0182219e-03  -8.0671132e-04   8.2570271e-04
  -3.4392062e-03  -5.5756661e-04   1.7149293e-04   8.8950706e-04
  -5.0322074e-03   2.8509552e-04   5.4185655e-03  -1.0921810e-03
  -8.1918788e-04   1.3154375e-04   6.7528211e-03  -2.1017910e-03
   2.7191488e-03  -9.2833794e-04   2.9411977e-03  -1.5538242e-03
   9.4623222e-04  -6.6243123e-04   3.0723745e-03  -1.5275518e-03
   2.5280819e-04  -8.9837662e-04   1.3150502e-02  -3.7719636e-03
   3.8136343e-03  -1.2616576e-03   1.6943386e-02  -5.4308767e-03
   3.2026715e-03  -6.5119573e-04   4.0355871e-03  -2.4808638e-03
  -5.2307708e-04  -5.9876342e-04  -4.2922667e-03   6.2303007e-04
  -1.0103480e-03  -8.4219915e-04   4.3054366e-03  -1.2760876e-03
  -2.5021467e-03  -8.6467014e-04   1.0422024e-02  -2.9950518e-03
  -5.2720946e-03  -5.5756661e-04   1.2508907e-03  -7.2812085e-04
  -2.3971961e-03  -4.5644715e-04  -5.9825736e-03   1.3736695e-03
   2.9327984e-03  -3.1413088e-04   6.2803568e-05  -5.4421420e-04
   1.5534468e-03  -6.6243123e-04   6.4979633e-03  -3.1752053e-03
  -3.2630391e-03  -9.9575091e-04   3.2072992e-03  -2.1355697e-03
  -1.9211699e-03  -7.8227651e-04  -6.0432423e-04  -1.2423088e-03
   4.3009052e-03  -1.5500353e-03   3.6345608e-03  -3.2840480e-03
   3.9523191e-03  -1.4489159e-03   5.7146503e-03  -4.2223473e-03
  -2.2097842e-03  -4.6019232e-04  -6.4555123e-04  -2.6835365e-03
  -1.8387086e-03  -4.0776001e-04  -4.6070910e-03  -1.6439009e-03
   2.8091065e-03  -7.1486354e-04  -4.2922667e-03  -1.9591695e-03
   6.3887670e-04  -9.2084761e-04  -6.2186919e-03  -1.5725902e-03
  -5.9767634e-03  -8.9463146e-04  -9.1907838e-03  -3.4904795e-04
  -5.8830574e-03  -6.2497958e-04  -7.7253513e-03  -7.1686126e-04
   6.6511437e-04  -9.3208311e-04  -2.3658415e-03  -2.2894508e-03
   3.9223332e-03  -1.5949773e-03  -1.5225619e-03  -2.8787027e-03
   1.4447479e-03  -7.2609903e-04  -3.0667004e-03  -2.5334086e-03
  -4.8934294e-04  -4.3397616e-04  -1.2452167e-03  -2.8599367e-03
   1.3697831e-03  -1.4226997e-03   7.5241882e-04  -3.9333511e-03
   2.7716241e-03  -1.0669090e-03  -4.9188696e-04  -3.6255889e-03
   4.4396833e-04  -1.0519284e-03  -5.0306048e-03  -2.0529994e-03
  -1.9886381e-03  -9.1710245e-04  -6.9907612e-03  -1.6439009e-03
  -1.7112685e-03  -3.1038572e-04  -4.9706382e-03  -1.9591695e-03
  -7.1048898e-04  -1.1418123e-03  -4.3597291e-03  -1.3736707e-03
  -4.8184646e-04  -1.3777577e-03  -4.5133933e-03  -1.2235429e-03
  -1.3514377e-03  -8.4219915e-04  -3.7675594e-03  -1.3999431e-03
  -1.5875767e-03  -6.0625375e-04  -2.1184795e-03  -1.6701733e-03
   9.9130430e-05  -8.6467014e-04  -1.1964939e-03  -2.4433319e-03
   1.5384538e-03  -1.3065996e-03  -9.0790486e-04  -2.3720211e-03
   9.9495931e-04  -1.0332026e-03  -6.3055960e-04  -2.4358255e-03
   2.3781524e-04  -7.5606035e-04   2.6144274e-04  -2.7210685e-03
   3.2027647e-04  -5.7254727e-04   1.3933113e-03  -2.6722769e-03
  -8.8281470e-05  -7.2609903e-04  -4.2137884e-05  -2.0942846e-03
  -4.8559470e-04  -7.7853134e-04  -1.2339729e-03  -1.3473984e-03
  -1.2539835e-03  -5.2386012e-04  -4.5815578e-04  -1.2723344e-03
  -2.1498124e-03  -7.1111837e-04   3.8887165e-04  -1.2460620e-03
  -1.6850309e-03  -1.0069864e-03   6.9994810e-04  -1.4299687e-03
  -5.1183236e-04  -1.0931252e-03   1.1272097e-03  -1.2535684e-03
   3.9524123e-04  -8.9463146e-04   3.2597699e-03  -1.5838498e-03
   4.2147890e-04  -7.5980552e-04   5.7896085e-03  -2.5709406e-03
   5.9389785e-04  -6.5868606e-04   5.7109024e-03  -2.7360812e-03
   1.1261476e-03  -5.9127309e-04   4.3279240e-03  -2.6422513e-03
   7.5132384e-04  -8.4968948e-04   2.5439193e-03  -2.0342334e-03
  -3.4316165e-04  -1.1193414e-03   2.1803722e-03  -1.5538242e-03
  -1.3814236e-03  -8.9088629e-04   3.9831164e-03  -2.0004546e-03
  -1.8349604e-03  -7.9725717e-04   3.1660722e-03  -1.7752628e-03
  -1.2352423e-03  -1.0931252e-03   2.2403387e-03  -1.3136196e-03
   2.9029057e-04  -1.0444381e-03   3.9381415e-03  -1.7377308e-03
   6.2013551e-04  -8.7965080e-04   4.5228153e-03  -1.8878587e-03
  -3.7314756e-04  -5.8752793e-04   3.7619898e-03  -1.7752628e-03
  -9.2029708e-05  -5.6505694e-04   2.3640197e-03  -1.7602500e-03
   6.9510027e-04  -8.9088629e-04   2.1541368e-03  -1.9666759e-03
  -2.3446275e-04  -1.0182219e-03   3.1360889e-03  -2.3720211e-03
  -1.1265434e-03  -1.0631639e-03   2.4352300e-03  -2.2481656e-03
  -1.9698037e-04  -9.6204443e-04   1.9217664e-03  -2.3082168e-03
   9.8371460e-04  -9.7702509e-04   1.6744044e-03  -2.2218933e-03
   9.4998046e-04  -1.0594187e-03   3.4389674e-04  -2.0605058e-03
  -4.0313346e-04  -6.3996024e-04  -3.1198733e-04  -2.0605058e-03
  -1.0290892e-03  -4.4521166e-04  -6.4555123e-04  -1.6251349e-03
  -5.1558060e-04  -8.6467014e-04  -9.2664441e-04  -1.9366503e-03
  -6.5801365e-04  -9.0961212e-04  -1.7024616e-03  -1.9028715e-03
  -7.9295021e-04  -9.3208311e-04  -2.5157578e-03  -1.8203012e-03
  -3.6190284e-04  -7.8227651e-04  -1.8711175e-03  -2.2744380e-03
   7.6641002e-05  -7.1111837e-04  -1.6687304e-03  -1.9591695e-03
   2.2282228e-04  -1.1493027e-03  -2.3620936e-03  -2.0192206e-03
   4.8894718e-04  -6.8115705e-04  -1.2677041e-03  -2.3495020e-03
   6.5386965e-04  -7.6355068e-04   2.5019902e-04  -2.4245659e-03
   1.6762420e-06  -1.0107316e-03  -1.2864437e-03  -2.1693485e-03
  -4.3302614e-05  -5.6880210e-04  -2.8718092e-03  -1.7715096e-03
   6.1263904e-04  -9.1710245e-04  -2.9730027e-03  -1.8540799e-03
  -3.4690989e-04  -7.6729585e-04  -3.5239453e-03  -1.7564968e-03
  -1.5650872e-03  -7.1486354e-04  -3.8237781e-03  -1.6251349e-03
  -8.6416674e-04  -9.9949608e-04  -3.2203647e-03  -1.7715096e-03
   3.5410384e-05  -8.8339596e-04  -2.0810004e-03  -2.0117142e-03
   4.8145071e-04  -1.0182219e-03  -1.2677041e-03  -2.4696043e-03
   7.1009322e-04  -6.5494090e-04  -8.2919877e-04  -2.1956209e-03
   5.4891899e-04  -4.1150517e-04  -6.9802196e-04  -1.8841055e-03
   8.5627451e-04  -7.5231519e-04  -4.6939951e-04  -2.2293996e-03
   8.0379917e-04  -9.4706377e-04  -3.8389975e-05  -2.0942846e-03
  -3.0193104e-04  -1.1155962e-03   8.1543113e-05  -1.9854418e-03
  -8.0044669e-04  -9.2084761e-04   8.9038931e-05  -1.8765991e-03
  -6.2053127e-04  -5.9127309e-04  -1.8830634e-04  -1.7865224e-03
  -1.3700856e-04  -8.6467014e-04  -2.3328124e-04  -1.8428204e-03
   2.1157757e-04  -9.0586695e-04   2.2396365e-04  -1.7527436e-03
  -2.3821099e-04  -8.1223783e-04   1.1197139e-03  -1.7752628e-03
  -3.2067223e-04  -9.3582827e-04   1.7231273e-03  -1.8953651e-03
  -1.4450504e-04  -8.7216047e-04   2.0342037e-03  -2.0417398e-03
   3.4276590e-04  -1.0481832e-03   2.7013315e-03  -2.0529994e-03
   6.2388375e-04  -9.5829926e-04   2.2103554e-03  -2.1505825e-03
  -2.5695218e-04  -7.2235387e-04   1.2658824e-03  -2.0004546e-03
