  -2.8309662e-05  -8.3470882e-04   1.1152638e-04  -1.7677564e-03
  -2.0822509e-04  -5.6131177e-04  -6.0877429e-05  -1.9854418e-03
   2.7913908e-05  -5.9876342e-04  -2.1828961e-04  -2.0117142e-03
   4.2906860e-05  -5.8752793e-04   4.4064023e-05  -1.8015352e-03
  -5.4547328e-05  -6.0999892e-04   7.0299386e-05  -1.9479099e-03
   1.8533990e-04  -9.5455410e-04   5.1559841e-05  -1.9291439e-03
  -2.4195923e-04  -8.7965080e-04   2.0147620e-04  -1.6776797e-03
  -3.3191694e-04  -8.4219915e-04  -3.0074361e-04  -1.8803523e-03
  -8.8281470e-05  -7.3358936e-04  -1.9205424e-04  -1.7902756e-03
  -2.1572156e-04  -7.1860870e-04   1.0777848e-04  -1.8052884e-03
  -1.4825328e-04  -8.4968948e-04  -1.5082725e-04  -1.8165480e-03
  -1.4075680e-04  -7.8976684e-04  -1.3208770e-04  -1.8653395e-03
  -2.6444866e-04  -9.6953476e-04  -3.3822270e-04  -2.1130505e-03
  -1.1451914e-04  -7.5231519e-04  -6.8373247e-05  -1.9741823e-03
  -3.7689580e-04  -6.7366672e-04  -1.1709606e-04  -2.0980378e-03
  -3.8814051e-04  -9.3582827e-04  -4.1692878e-04  -2.0117142e-03
  -2.0822509e-04  -7.9725717e-04  -2.7146248e-05  -1.8803523e-03
  -2.6070042e-04  -1.0706542e-03  -1.3208770e-04  -2.0792718e-03
  -1.2951209e-04  -1.1418123e-03  -2.1828961e-04  -2.1168037e-03
  -2.7569337e-04  -6.2872474e-04  -1.5832306e-04  -2.2143869e-03
  -3.0567927e-04  -7.5231519e-04  -8.7112792e-05  -2.1205569e-03
  -3.1317575e-04  -1.0219671e-03  -1.6581888e-04  -1.9216375e-03
  -4.6685351e-04  -9.3208311e-04  -2.4827288e-04  -1.9554163e-03
  -3.1317575e-04  -1.0594187e-03  -1.0960025e-04  -2.0567526e-03
  -3.6565108e-04  -9.7702509e-04  -1.2459188e-04  -2.0605058e-03
  -5.8304889e-04  -8.5343464e-04  -1.1334816e-04  -1.9816886e-03
  -1.7449094e-04  -9.8077025e-04  -3.7195388e-04  -2.0454930e-03
  -6.9540280e-05  -7.6729585e-04  -1.6956679e-04  -1.9666759e-03
  -2.3821099e-04  -8.7590563e-04  -6.0877429e-05  -1.8690927e-03
  -2.5695218e-04  -1.1043607e-03  -3.6071015e-04  -2.0717654e-03
  -4.0313346e-04  -8.1223783e-04  -1.5457515e-04  -1.9816886e-03
  -5.4547328e-05  -7.6355068e-04  -1.0585234e-04  -1.7377308e-03
  -2.0719960e-06  -7.2235387e-04   1.1152638e-04  -1.6964457e-03
  -8.0784994e-05  -6.1748925e-04  -7.9616974e-05  -1.9291439e-03
  -5.4547328e-05  -8.4594431e-04  -3.6445806e-04  -1.8878587e-03
  -1.5200152e-04  -7.0737321e-04  -6.8373247e-05  -1.6739265e-03
  -2.6070042e-04  -5.3509562e-04  -1.0585234e-04  -1.9779355e-03
  -5.0058765e-04  -7.8227651e-04   7.7795204e-05  -1.9103779e-03
  -4.5560879e-04  -6.8864738e-04   1.7828660e-05  -1.8465736e-03
  -3.0942751e-04  -6.4370540e-04  -6.4625338e-05  -1.9103779e-03
  -9.9526184e-05  -7.5980552e-04  -1.5902521e-05  -1.8653395e-03
  -2.4945570e-04  -8.0474750e-04  -1.9580215e-04  -1.9141311e-03
  -4.0313346e-04  -9.0961212e-04   3.2820296e-05  -1.6326413e-03
  -2.9443456e-04  -9.1335728e-04  -3.4642066e-05  -1.8991183e-03
  -3.2816870e-04  -8.0849266e-04  -9.1088500e-07  -2.0192206e-03
  -3.2442046e-04  -6.2123441e-04   1.5650129e-04  -1.8240544e-03
  -3.2816870e-04  -6.7366672e-04  -2.3398339e-05  -1.9967014e-03
  -1.7449094e-04  -8.1223783e-04  -9.4608610e-05  -1.8278076e-03
  -2.1572156e-04  -5.8378276e-04  -2.4452497e-04  -1.8578331e-03
  -1.6324623e-04  -6.0250859e-04  -7.5869065e-05  -1.9741823e-03
  -9.2029708e-05  -1.0144767e-03   5.1559841e-05  -1.9441567e-03
  -3.6190284e-04  -6.6617639e-04  -1.4707934e-04  -2.0792718e-03
   1.2920956e-05  -4.0776001e-04  -9.0860701e-05  -2.0755186e-03
   1.8908814e-04  -7.5980552e-04  -1.4707934e-04  -1.9704291e-03
  -1.4825328e-04  -8.9088629e-04  -1.9955006e-04  -1.9216375e-03
  -2.8309662e-05  -7.3358936e-04  -1.7331470e-04  -2.0529994e-03
  -2.0447685e-04  -5.8003760e-04  -1.0210443e-04  -2.1993741e-03
  -7.3288518e-05  -8.4968948e-04  -1.5902521e-05  -2.0492462e-03
  -8.0784994e-05  -6.9613771e-04  -2.7076033e-04  -2.0004546e-03
  -5.0808413e-04  -7.2984420e-04  -2.1454170e-04  -2.0680122e-03
   1.2920956e-05  -7.3733453e-04   9.6534749e-05  -1.9554163e-03
  -1.7823918e-04  -4.7891814e-04  -2.0704588e-04  -1.9404035e-03
  -3.5815461e-04  -1.0369477e-03  -3.8319760e-04  -2.1092973e-03
  -2.4561424e-05  -9.9200575e-04   8.1543113e-05  -2.1655953e-03
  -3.6565108e-04  -6.5494090e-04  -8.3364883e-05  -1.9891950e-03
  -8.0784994e-05  -6.2872474e-04  -1.5082725e-04  -2.1430761e-03
   8.7885716e-05  -6.1748925e-04   5.9055659e-05  -2.1130505e-03
  -2.5320394e-04  -8.5343464e-04  -3.4946642e-04  -2.0755186e-03
  -3.3566518e-04  -7.1486354e-04   7.7795204e-05  -2.2106337e-03
  -1.2951209e-04  -5.5756661e-04   2.2396365e-04  -1.9291439e-03
   1.7409519e-04  -8.0474750e-04  -2.1828961e-04  -1.8953651e-03
   3.5410384e-05  -7.9351200e-04  -1.2833979e-04  -1.6889393e-03
  -9.5684720e-06  -6.7366672e-04  -1.5902521e-05  -1.6926925e-03
  -5.8295566e-05  -6.9613771e-04   1.7149293e-04  -1.9441567e-03
  -1.3700856e-04  -3.5532770e-04  -7.5869065e-05  -1.7602500e-03
  -3.9554376e-05  -4.6768265e-04  -1.5832306e-04  -1.8127948e-03
  -5.8295566e-05  -7.7853134e-04  -1.2154612e-05  -1.9253907e-03
   5.4244800e-06  -7.1486354e-04   4.7811932e-05  -2.0267270e-03
   6.5396288e-05  -7.5231519e-04   8.1543113e-05  -1.8540799e-03
   4.2906860e-05  -6.7366672e-04   7.0299386e-05  -1.7227181e-03
  -3.3191694e-04  -8.8714113e-04   7.0299386e-05  -1.8953651e-03
  -1.5200152e-04  -7.6729585e-04  -1.5832306e-04  -1.7377308e-03
   3.0153528e-04  -6.0250859e-04  -8.7112792e-05  -1.7865224e-03
   5.0403336e-05  -8.2721849e-04  -3.0823942e-04  -1.8615863e-03
  -2.0813186e-05  -7.9725717e-04  -1.6581888e-04  -1.9816886e-03
  -2.6444866e-04  -8.0100233e-04   9.2786840e-05  -2.1205569e-03
  -2.8318985e-04  -5.4258595e-04  -1.3208770e-04  -1.8015352e-03
  -1.6699447e-04  -2.9165989e-04  -2.7146248e-05  -1.8841055e-03
  -3.1317575e-04  -5.5756661e-04  -2.1079379e-04  -1.8953651e-03
   1.8533990e-04  -7.1486354e-04  -5.3381611e-05  -1.7640032e-03
   8.4137478e-05  -5.4633111e-04  -5.7129520e-05  -2.0454930e-03
  -3.6565108e-04  -5.4258595e-04  -2.7450824e-04  -2.0942846e-03
  -1.2951209e-04  -7.5231519e-04  -6.8373247e-05  -2.0192206e-03
  -3.4690989e-04  -9.0212179e-04  -1.8455843e-04  -1.9141311e-03
  -3.9563699e-04  -8.4594431e-04  -1.5457515e-04  -1.9404035e-03
  -1.6699447e-04  -9.0586695e-04  -1.5902521e-05  -2.0605058e-03
  -3.6190284e-04  -9.1710245e-04  -1.7706261e-04  -1.9103779e-03
  -1.7074271e-04  -8.5343464e-04  -2.4827288e-04  -1.9328971e-03
  -1.3700856e-04  -9.2459278e-04  -7.9616974e-05  -1.9441567e-03
  -8.8281470e-05  -7.2984420e-04  -2.8949988e-04  -2.0342334e-03
  -6.2043804e-05  -9.6204443e-04  -2.7450824e-04  -2.1430761e-03
  -4.3311937e-04  -9.9575091e-04  -2.3398339e-05  -1.8578331e-03
  -3.9563699e-04  -7.5606035e-04  -2.0329797e-04  -1.9141311e-03
  -4.0688170e-04  -8.6092497e-04  -1.9955006e-04  -2.1468293e-03
  -2.6444866e-04  -8.4968948e-04  -3.5321433e-04  -2.1205569e-03
  -2.1946980e-04  -1.0781445e-03  -2.7076033e-04  -1.9629227e-03
  -3.6939932e-04  -9.5455410e-04   5.1559841e-05  -1.9216375e-03
  -1.8948390e-04  -7.5231519e-04  -8.7112792e-05  -2.1993741e-03
  -3.9188875e-04  -8.6841530e-04  -2.8575197e-04  -2.0567526e-03
  -2.8693808e-04  -1.0144767e-03  -2.2953333e-04  -1.8803523e-03
  -1.4450504e-04  -1.0444381e-03  -1.4707934e-04  -1.9366503e-03
  -5.3057355e-04  -6.1374408e-04  -1.3583561e-04  -1.8165480e-03
  -3.3191694e-04  -5.7629243e-04  -1.3208770e-04  -1.8765991e-03
   9.1727180e-06  -8.7965080e-04  -1.3958352e-04  -1.8765991e-03
  -8.8281470e-05  -6.8490222e-04  -1.8830634e-04  -1.8878587e-03
  -2.3446275e-04  -7.7104101e-04  -2.1079379e-04  -1.8203012e-03
  -1.8198742e-04  -9.5455410e-04   1.6024920e-04  -1.6101221e-03
  -3.9554376e-05  -7.3733453e-04   5.1559841e-05  -1.8127948e-03
  -3.2067223e-04  -8.2721849e-04  -1.3583561e-04  -2.0079610e-03
  -3.5815461e-04  -6.5868606e-04   1.0028266e-04  -1.8278076e-03
   1.6762420e-06  -5.9127309e-04  -1.5082725e-04  -1.8578331e-03
  -1.4075680e-04  -7.4857002e-04  -3.0074361e-04  -2.0492462e-03
  -3.9554376e-05  -7.0737321e-04  -4.7689533e-04  -1.8165480e-03
   4.6655098e-05  -8.9837662e-04  -3.7195388e-04  -1.8015352e-03
  -2.7194513e-04  -6.8490222e-04  -6.0877429e-05  -1.9516631e-03
  -3.2067223e-04  -5.6880210e-04  -1.6956679e-04  -1.8916119e-03
  -3.3191694e-04  -6.8864738e-04   1.5650129e-04  -2.0492462e-03
  -1.5200152e-04  -7.3358936e-04   1.2651802e-04  -1.9591695e-03
  -2.2321804e-04  -1.0332026e-03  -1.9205424e-04  -1.8841055e-03
  -3.2442046e-04  -8.9463146e-04   1.0332842e-05  -1.8690927e-03
  -1.2951209e-04  -6.7741189e-04  -4.9633702e-05  -1.8240544e-03
  -3.3941342e-04  -9.2084761e-04  -1.4333143e-04  -2.1092973e-03
  -1.8948390e-04  -7.7853134e-04   4.0316114e-05  -2.0117142e-03
  -4.3302614e-05  -6.7366672e-04   1.1902220e-04  -1.7114585e-03
  -2.0447685e-04  -7.3733453e-04  -1.0210443e-04  -1.7790160e-03
  -9.5777946e-05  -7.3733453e-04  -1.3208770e-04  -1.9216375e-03
  -1.1451914e-04  -8.0100233e-04   6.5849330e-06  -2.0942846e-03
  -3.2442046e-04  -6.3621507e-04  -3.8389975e-05  -2.2706848e-03
  -3.3191694e-04  -7.9351200e-04  -9.8356519e-05  -2.2143869e-03
  -2.4561424e-05  -8.0849266e-04  -1.6207097e-04  -2.1055441e-03
  -1.5949799e-04  -7.0737321e-04  -1.3958352e-04  -1.9967014e-03
  -2.4945570e-04  -8.7590563e-04  -1.8081052e-04  -2.0605058e-03
  -2.1946980e-04  -7.6355068e-04  -1.4707934e-04  -2.2331528e-03
  -2.7944161e-04  -6.9613771e-04  -7.2121156e-05  -2.1505825e-03
  -1.8198742e-04  -7.8976684e-04  -2.2578543e-04  -2.0755186e-03
  -4.2187465e-04  -8.1598299e-04  -2.7450824e-04  -2.0792718e-03
  -1.1077090e-04  -7.4482486e-04  -9.1088500e-07  -2.0942846e-03
   1.6762420e-06  -8.5717981e-04  -1.0585234e-04  -2.0379866e-03
  -1.9698037e-04  -9.2459278e-04  -2.2578543e-04  -1.9666759e-03
  -9.9526184e-05  -8.8714113e-04  -7.5869065e-05  -2.0830250e-03
  -2.9818280e-04  -8.1598299e-04  -1.3208770e-04  -2.1355697e-03
  -1.9698037e-04  -6.2123441e-04   1.4150966e-04  -1.8615863e-03
  -1.5949799e-04  -6.7366672e-04  -3.0894157e-05  -1.8578331e-03
   1.2920956e-05  -6.8490222e-04  -1.6956679e-04  -1.9404035e-03
   2.7913908e-05  -7.1860870e-04   2.2396365e-04  -1.7827692e-03
   2.4165670e-05  -8.0849266e-04   1.0403057e-04  -1.8803523e-03
   2.1907405e-04  -6.6617639e-04   3.2820296e-05  -1.7752628e-03
  -2.3446275e-04  -5.2386012e-04   8.9038931e-05  -1.8165480e-03
  -1.8198742e-04  -5.8378276e-04  -9.1088500e-07  -1.9141311e-03
  -5.4547328e-05  -8.0474750e-04  -1.0960025e-04  -1.7489904e-03
  -5.4547328e-05  -7.8976684e-04  -9.4608610e-05  -1.8690927e-03
   3.5410384e-05  -7.4107969e-04  -1.1709606e-04  -1.9591695e-03
  -2.0072861e-04  -8.0474750e-04  -4.6587940e-06  -2.0792718e-03
  -1.6699447e-04  -8.1223783e-04   3.2820296e-05  -1.9591695e-03
  -3.2442046e-04  -7.4107969e-04  -2.1828961e-04  -1.6701733e-03
  -2.0447685e-04  -6.6617639e-04   1.4080751e-05  -1.8765991e-03
   3.5410384e-05  -7.0737321e-04  -6.4625338e-05  -1.9591695e-03
  -2.0072861e-04  -6.2872474e-04  -2.0329797e-04  -1.7564968e-03
  -2.4195923e-04  -8.0100233e-04   2.9072387e-05  -1.8728459e-03
  -2.1572156e-04  -7.5980552e-04   1.7828660e-05  -2.1956209e-03
  -2.1572156e-04  -7.2609903e-04   8.9038931e-05  -2.2031273e-03
  -3.4316165e-04  -9.4706377e-04   2.6893856e-04  -1.9854418e-03
  -3.2067223e-04  -5.4633111e-04   3.5514047e-04  -2.1505825e-03
  -7.7036756e-05  -5.6880210e-04   6.4372946e-04  -2.1205569e-03
  -6.9540280e-05  -1.0257122e-03  -3.5696224e-04  -1.7827692e-03
  -8.0784994e-05  -1.0107316e-03   2.5394693e-04  -2.2256465e-03
  -3.2442046e-04  -6.0250859e-04   2.3145947e-04  -1.6439009e-03
  -3.0567927e-04  -6.0625375e-04  -1.2189813e-03  -2.1881145e-03
  -1.7074271e-04  -1.0706542e-03   2.6975836e-03  -2.0492462e-03
  -4.6685351e-04  -9.9200575e-04  -3.6438784e-03  -1.6251349e-03
  -1.3326033e-04  -7.1111837e-04   4.2979407e-03  -2.9237411e-03
  -5.9054536e-04  -9.2084761e-04  -3.9886861e-03  -9.3454669e-04
  -1.1826737e-04  -1.0818897e-03   1.5394797e-03  -3.0963882e-03
  -1.7449094e-04  -7.1111837e-04   2.1953638e-03  -7.9567840e-04
  -2.3446275e-04  -8.2347332e-04  -8.1713525e-03  -2.9087283e-03
   1.6285048e-04  -6.3621507e-04   1.4814573e-02  -2.2331528e-03
  -1.0965575e-03  -9.4331860e-04  -2.1202832e-02  -6.3053773e-04
   7.5132384e-04  -1.0556735e-03   2.5035121e-02  -5.2619828e-03
  -1.4226542e-03  -8.0474750e-04  -2.4294857e-02   3.1789572e-03
   9.6872165e-04  -1.0481832e-03   1.4709632e-02  -8.8913243e-03
  -9.9535507e-04  -6.8490222e-04   7.5848569e-03   7.2399164e-03
  -5.6430770e-04  -1.2953641e-03  -1.6918972e-02  -1.5444406e-02
   1.1013999e-02  -4.1525034e-04   9.4866162e-02  -8.1365558e-02
   9.0574193e-03   6.5586685e-04  -9.6592724e-03  -7.7289586e-02
  -7.7346870e-03   1.5996484e-03   2.8414306e-01  -8.3114548e-02
  -3.6989685e-02  -2.6918890e-04   2.9492580e-01  -5.8013167e-02
  -9.2639681e-03  -4.3102219e-03   1.8797921e-01  -3.7393102e-02
   3.1974146e-02  -4.9319193e-03   2.0018615e-01  -6.1218397e-02
  -1.5388496e-03   7.3451532e-04   1.7025840e-02  -4.4449113e-02
  -3.8372784e-02   5.8279397e-03   8.9570366e-02  -3.2915538e-02
  -7.6709669e-03  -2.2915780e-03   6.7049181e-02  -3.4957277e-02
   3.6978044e-02  -8.0591321e-03   7.1051948e-02  -2.8501779e-02
  -4.1513715e-03  -4.7746224e-03   3.6668631e-02  -2.5112642e-02
  -4.7271101e-02   7.5366280e-05   1.9574418e-02  -2.5349093e-02
  -3.2442979e-03  -7.0273500e-06   2.5604803e-02  -1.7910257e-02
   3.9688020e-02  -4.4001059e-03   2.1249733e-02  -8.3170852e-03
   1.0500491e-02  -1.1680285e-03  -7.3655521e-03  -3.2052309e-03
  -1.6880388e-02   2.1089909e-03  -2.1667573e-02  -4.3799815e-03
  -2.4646644e-03  -9.2833794e-04   4.3909591e-02  -5.7123665e-03
   1.0136912e-02  -2.7335075e-03   3.5146278e-03  -1.5200454e-03
   8.7200778e-03  -2.5649750e-03   1.8049019e-02   2.0867769e-03
  -2.7008034e-03   4.8358926e-04   4.5997176e-02   7.6189836e-04
  -1.2063902e-02   2.5396849e-03  -4.0186693e-03  -6.5530826e-03
  -6.4940202e-03  -1.0032412e-03   1.7445606e-02  -5.3633191e-03
   1.1741158e-02  -1.9620035e-03   1.6369956e-02  -1.5699624e-02
   1.0478001e-02  -1.3328158e-03  -6.5934828e-03  -1.8773492e-02
  -2.6408315e-03   2.5138903e-04   1.0426592e-01  -1.4524879e-03
  -5.3732970e-03   1.7232389e-03   7.0478518e-02  -2.6767802e-02
   1.3911387e-02  -4.5644715e-04  -1.0616418e-01  -4.3916159e-02
   1.1276376e-02  -5.4633111e-04  -6.7519492e-02  -3.8485283e-02
  -2.1708118e-02   5.3976674e-04   9.8148628e-03  -4.4449113e-02
  -2.0317522e-02  -1.3665222e-03  -3.1813162e-02  -1.5481938e-02
   1.8682988e-03  -4.0405701e-03  -2.2716987e-02  -1.4344720e-02
   1.4934656e-02  -2.7335075e-03  -4.5733599e-03  -2.5608064e-02
  -2.5996009e-03   1.4573322e-03  -6.8820718e-03  -4.9467143e-03
  -1.2824794e-02   1.3187611e-03  -3.5459878e-02  -6.3616695e-03
   3.5212717e-03  -1.1755188e-03  -3.2825098e-02  -4.3311900e-03
   9.5634314e-03  -3.5125018e-03  -1.7601092e-02  -1.7001989e-03
  -4.8522920e-03  -3.4188727e-03  -2.6566090e-02  -2.4320723e-03
  -2.1745601e-02   7.8694763e-04  -2.5456709e-02  -9.7583754e-05
  -2.6783139e-03  -1.5762515e-03  -1.2496439e-02  -3.2990608e-03
   1.3176733e-02  -2.3664813e-03  -2.0681873e-02  -2.1393229e-03
   8.3152681e-03   5.9594421e-04  -2.6030139e-02  -2.2594252e-03
  -1.1190469e-03  -6.0999892e-04  -1.0836116e-02  -5.2920141e-04
  -7.4010938e-03   1.4236257e-03  -2.1251555e-02  -3.1189073e-03
   2.0107318e-03  -1.8196872e-03  -6.1774649e-03  -3.4604483e-03
   9.4248398e-04  -3.1417305e-03  -1.1859295e-02  -6.1552494e-04
  -4.3687693e-03   9.4049939e-04  -1.6933964e-02  -2.5334086e-03
  -5.5869466e-03  -5.4633111e-04  -5.5515641e-03  -7.0184847e-04
   3.7011871e-03   6.3714103e-04  -1.1090974e-02  -2.0192206e-03
   1.3015559e-02  -5.8003760e-04  -7.8527802e-03  -3.2990608e-03
  -3.6565108e-04  -8.6092497e-04  -1.0813628e-02   7.1310680e-04
  -6.8913334e-03   9.4798972e-04  -6.0987588e-03  -1.1372193e-03
  -1.0740681e-03  -2.1342811e-03   2.4614653e-03  -4.4287731e-03
   8.4137478e-05  -1.9432777e-03   2.0267079e-03  -2.1280633e-03
  -1.3289482e-03  -9.7327992e-04  -7.0919547e-03  -5.8925256e-04
   1.2385948e-03  -4.2274067e-04  -1.2114855e-03  -1.3398920e-03
   5.3616566e-03   3.7497948e-04   4.1929993e-03  -2.0229738e-03
   1.8795435e-03  -1.0294574e-03  -6.1812128e-03  -1.1559853e-03
  -1.1602775e-03  -1.0743994e-03  -1.8336384e-03  -3.3028197e-04
  -2.5958527e-03  -9.3957344e-04   1.1946721e-03  -1.4900198e-03
  -3.5741428e-03  -1.2429318e-03  -9.0860701e-05  -2.9312475e-03
  -8.4917378e-04  -9.3208311e-04   4.4134238e-04  -1.7339776e-03
   8.9375689e-04  -4.4895682e-04  -6.0650276e-03  -5.5172059e-04
   2.9065607e-03   3.6374398e-04  -4.8769405e-03  -1.7039521e-03
   1.4147620e-03  -2.1675659e-04   8.0863746e-04  -1.5951094e-03
  -6.7300660e-04  -6.2497958e-04  -2.2121772e-03  -1.9328971e-03
  -1.8649463e-03  -1.2579125e-03  -1.5150661e-03  -1.9178843e-03
  -3.0119071e-03  -1.4526610e-03  -7.2800523e-04  -1.2610748e-03
  -1.0215927e-03  -3.4783737e-04  -1.5675368e-03  -1.7189649e-03
   2.0417432e-05  -8.1223783e-04  -4.2442460e-04  -1.7152117e-03
   1.3585384e-03  -7.7478618e-04  -1.1365273e-03  -1.5425646e-03
   7.2133794e-04  -7.6729585e-04  -2.5832202e-03  -1.7264713e-03
  -5.9804184e-04  -1.0219671e-03  -4.2067669e-04  -2.0267270e-03
  -7.2548193e-04  -7.7478618e-04  -7.3175314e-04  -2.0192206e-03
  -1.5838284e-03  -1.4638965e-03  -4.0261652e-03  -1.8803523e-03
  -9.2039031e-04  -1.3590319e-03  -3.0142297e-03  -1.6851861e-03
  -7.5921607e-04  -8.9088629e-04  -3.8987362e-03  -1.9328971e-03
  -3.9554376e-05  -8.4968948e-04  -6.2074482e-03  -1.9066247e-03
   1.5496985e-03  -7.9725717e-04  -6.0987588e-03  -1.4825134e-03
   9.4623222e-04  -8.3096365e-04  -7.9389821e-03  -1.6063689e-03
  -4.9309117e-04  -7.7478618e-04  -7.2568627e-03  -1.8728459e-03
  -1.5276049e-03  -8.1598299e-04  -6.4060874e-03  -1.8653395e-03
  -1.4114095e-03  -7.3733453e-04  -8.5049164e-03  -1.8653395e-03
  -8.4533232e-05  -9.4331860e-04  -8.4486978e-03  -1.6739265e-03
   6.4637318e-04  -8.7590563e-04  -6.9307946e-03  -1.7339776e-03
   5.0768837e-04  -5.9501826e-04  -6.3273813e-03  -2.1243101e-03
   3.1652823e-04  -8.2347332e-04  -5.7089763e-03  -1.7527436e-03
   3.5775885e-04  -9.1710245e-04  -6.4210790e-03  -1.4900198e-03
  -1.1451914e-04  -1.1567930e-03  -5.5478162e-03  -1.5575774e-03
  -1.1452846e-03  -1.1305768e-03  -4.4196956e-03  -1.9066247e-03
  -1.3476894e-03  -1.0556735e-03  -4.1498461e-03  -2.2293996e-03
   5.4151574e-05  -1.1567930e-03  -4.4196956e-03  -1.7564968e-03
   7.0634499e-04  -8.6467014e-04  -5.0381006e-03  -1.4975262e-03
   4.3647185e-04  -6.8864738e-04  -3.8837446e-03  -1.9066247e-03
   1.5535400e-04  -6.0625375e-04  -3.1491544e-03  -2.1543357e-03
  -1.0253410e-03  -9.0961212e-04  -4.7982344e-03  -1.8203012e-03
  -1.8537016e-03  -1.0332026e-03  -5.4503706e-03  -1.5275518e-03
  -1.0928093e-03  -8.9463146e-04  -3.9849382e-03  -2.0567526e-03
  -7.7036756e-05  -8.2347332e-04  -2.5045141e-03  -2.4283191e-03
  -8.3792907e-04  -4.4521166e-04  -3.2016252e-03  -2.0417398e-03
  -6.5801365e-04  -6.0625375e-04  -4.0336610e-03  -1.7452372e-03
   3.0528352e-04  -6.4745057e-04  -2.7406324e-03  -1.6851861e-03
  -1.4450504e-04  -4.8640847e-04  -1.7399407e-03  -1.8991183e-03
  -1.1340399e-03  -6.5494090e-04  -2.0397734e-03  -1.7377308e-03
  -1.5425978e-03  -9.1335728e-04  -2.1709502e-03  -1.6063689e-03
  -6.2427950e-04  -1.0294574e-03  -7.2425732e-04  -1.7302244e-03
  -1.5574975e-04  -6.6617639e-04  -3.0823942e-04  -1.7527436e-03
  -1.4825328e-04  -8.2347332e-04  -4.9938278e-04  -2.0980378e-03
  -1.7074271e-04  -7.0737321e-04  -4.2817251e-04  -1.8540799e-03
  -1.2576385e-04  -5.5007628e-04  -7.3175314e-04  -1.7189649e-03
  -5.3432179e-04  -9.2459278e-04   9.6534749e-05  -1.8052884e-03
  -6.5801365e-04  -6.4370540e-04   6.3623364e-04  -1.8428204e-03
  -1.4825328e-04  -7.7478618e-04  -6.0877429e-05  -2.1055441e-03
  -2.6444866e-04  -7.3733453e-04  -1.6207097e-04  -1.6026158e-03
   6.2763199e-04  -5.5382144e-04   5.1255265e-04  -1.7302244e-03
   1.3098113e-03  -6.6243123e-04   6.4372946e-04  -2.0905314e-03
   7.6631679e-04  -4.1525034e-04   1.5650129e-04  -1.6176285e-03
   1.5535400e-04  -6.1374408e-04  -1.7706261e-04  -1.6026158e-03
   3.9158622e-05  -6.5119573e-04   3.3265302e-04  -1.7039521e-03
   8.7885716e-05  -8.8339596e-04   1.2096637e-03  -1.8052884e-03
   1.2911633e-04  -8.0474750e-04   6.2803568e-05  -1.8653395e-03
   6.7261084e-04  -3.6656319e-04  -7.0926569e-04  -1.4975262e-03
   9.4998046e-04  -8.3845398e-04  -4.5815578e-04  -1.5951094e-03
   7.5882032e-04  -6.6617639e-04  -6.5679496e-04  -1.8390672e-03
   1.6762420e-06  -6.3996024e-04  -8.6292996e-04  -1.7827692e-03
  -3.2442046e-04  -9.0212179e-04  -1.2976874e-03  -1.7865224e-03
  -6.5792042e-05  -7.2609903e-04  -2.2758916e-03  -1.5725902e-03
  -1.1826737e-04  -8.2721849e-04  -2.3770852e-03  -1.6889393e-03
  -2.1572156e-04  -6.2497958e-04  -2.9130362e-03  -1.5125390e-03
   6.5396288e-05  -7.1860870e-04  -3.8462655e-03  -1.6551605e-03
   1.6285048e-04  -6.6992156e-04  -4.0861317e-03  -2.0642590e-03
  -5.3432179e-04  -5.9127309e-04  -4.3147541e-03  -1.6514073e-03
  -1.0665716e-03  -8.6841530e-04  -4.7832428e-03  -2.1205569e-03
  -1.2015082e-03  -5.4258595e-04  -4.4084519e-03  -1.9441567e-03
  -7.2173369e-04  -5.5382144e-04  -3.8537613e-03  -1.5988626e-03
   4.6655098e-05  -6.6992156e-04  -3.5276933e-03  -2.0942846e-03
   8.4137478e-05  -5.4633111e-04  -3.1678940e-03  -1.8991183e-03
  -3.4316165e-04  -4.8640847e-04  -3.6551222e-03  -1.9328971e-03
  -4.1812641e-04  -5.5382144e-04  -3.5914077e-03  -1.9516631e-03
  -5.1183236e-04  -9.8826058e-04  -2.1784460e-03  -2.0792718e-03
  -1.0028515e-03  -8.3096365e-04  -2.5944639e-03  -2.0792718e-03
  -1.1565293e-03  -6.0250859e-04  -2.9280278e-03  -1.8240544e-03
  -5.6805593e-04  -8.6841530e-04  -2.5344974e-03  -1.9066247e-03
   2.2282228e-04  -7.4107969e-04  -2.5569848e-03  -1.8653395e-03
   3.7650004e-04  -7.2984420e-04  -2.2646479e-03  -1.9178843e-03
   1.6762420e-06  -9.4331860e-04  -2.2721437e-03  -1.8353140e-03
  -1.3700856e-04  -8.9463146e-04  -2.1147316e-03  -1.9141311e-03
  -1.6324623e-04  -9.2084761e-04  -1.7324448e-03  -1.9779355e-03
  -2.8318985e-04  -7.9351200e-04  -1.9348319e-03  -1.8690927e-03
  -2.2321804e-04  -8.0474750e-04  -2.1896897e-03  -1.8916119e-03
   2.1157757e-04  -8.9088629e-04  -1.7249490e-03  -1.7114585e-03
   6.0889080e-04  -6.6992156e-04  -1.3314186e-03  -2.0680122e-03
   2.6405290e-04  -9.9200575e-04  -1.5075703e-03  -2.0680122e-03
   1.8533990e-04  -9.9200575e-04  -1.2039897e-03  -1.8615863e-03
   8.4137478e-05  -7.4857002e-04  -9.9410677e-04  -2.0529994e-03
  -8.4533232e-05  -9.5829926e-04  -1.2414688e-03  -1.9103779e-03
  -1.1077090e-04  -8.4594431e-04  -1.2452167e-03  -2.0079610e-03
  -2.1572156e-04  -8.4594431e-04  -1.0315859e-03  -1.9554163e-03
   6.4637318e-04  -8.0100233e-04  -6.1182005e-04  -2.0342334e-03
   6.3512846e-04  -8.2347332e-04  -4.9188696e-04  -1.9141311e-03
  -3.0193104e-04  -7.6355068e-04  -1.0428296e-03  -1.5800966e-03
  -4.1812641e-04  -6.9239255e-04  -1.2152334e-03  -1.9066247e-03
  -2.7194513e-04  -1.0406929e-03  -3.9444133e-04  -2.0004546e-03
  -1.1451914e-04  -1.0406929e-03  -2.6326452e-04  -1.9328971e-03
  -3.1692399e-04  -9.7327992e-04  -1.0540733e-03  -1.9779355e-03
  -3.7689580e-04  -8.4594431e-04  -1.0578212e-03  -1.8503268e-03
   1.1787162e-04  -7.5980552e-04  -7.3550105e-04  -1.7790160e-03
  -9.5684720e-06  -8.4968948e-04  -8.7417368e-04  -1.8052884e-03
  -5.4181827e-04  -7.5606035e-04  -1.0016026e-03  -1.6176285e-03
  -8.0044669e-04  -7.5980552e-04  -1.1440231e-03  -1.6251349e-03
  -5.3057355e-04  -9.0961212e-04  -9.6037559e-04  -1.7977820e-03
  -1.3700856e-04  -9.2833794e-04  -8.9291323e-04  -1.6363945e-03
  -4.3686760e-04  -9.4706377e-04  -1.4176205e-03  -1.5988626e-03
  -4.0313346e-04  -7.0362804e-04  -1.5188140e-03  -1.7527436e-03
  -2.5320394e-04  -5.2011496e-04  -7.9546759e-04  -1.7940288e-03
  -4.5560879e-04  -7.8976684e-04  -1.3014353e-03  -1.8127948e-03
  -3.8814051e-04  -7.0362804e-04  -1.5263098e-03  -1.7902756e-03
  -4.7060175e-04  -7.0737321e-04  -1.2489646e-03  -1.8390672e-03
  -7.7036756e-05  -8.6841530e-04  -1.5450494e-03  -1.9216375e-03
   2.2282228e-04  -8.5717981e-04  -1.4663433e-03  -1.8203012e-03
  -2.7194513e-04  -7.4857002e-04  -1.5750327e-03  -1.7977820e-03
  -1.0327442e-04  -8.1972816e-04  -1.5712848e-03  -1.8428204e-03
   9.1727180e-06  -9.8077025e-04  -1.6574867e-03  -1.9479099e-03
  -3.3941342e-04  -6.0250859e-04  -1.6275034e-03  -2.0492462e-03
  -2.3821099e-04  -7.7853134e-04  -1.5862764e-03  -1.9441567e-03
   2.4165670e-05  -1.0107316e-03  -1.8636217e-03  -1.9366503e-03
   1.1787162e-04  -8.2347332e-04  -1.7436886e-03  -1.9216375e-03
   1.3661281e-04  -8.9463146e-04  -2.0397734e-03  -1.7677564e-03
   2.9029057e-04  -8.2721849e-04  -1.9011007e-03  -1.8991183e-03
   8.4137478e-05  -9.0961212e-04  -2.1597065e-03  -1.9404035e-03
   9.1727180e-06  -6.8864738e-04  -2.4407996e-03  -1.8991183e-03
   2.7913908e-05  -5.3884078e-04  -2.1034878e-03  -1.9704291e-03
  -6.5792042e-05  -9.6578959e-04  -2.0247817e-03  -1.9516631e-03
   3.8024828e-04  -7.5980552e-04  -1.8823612e-03  -2.2068805e-03
   3.5026238e-04  -7.0362804e-04  -2.0472692e-03  -2.2293996e-03
   3.9158622e-05  -9.3957344e-04  -2.5007662e-03  -2.0229738e-03
  -2.0719960e-06  -5.9501826e-04  -2.2946312e-03  -1.8465736e-03
   7.2892764e-05  -7.6355068e-04  -1.7736718e-03  -1.8428204e-03
  -9.5777946e-05  -8.5343464e-04  -1.9535715e-03  -2.0605058e-03
  -3.9938522e-04  -6.0625375e-04  -2.2234209e-03  -2.1055441e-03
  -7.3288518e-05  -9.3208311e-04  -2.0210338e-03  -2.1243101e-03
   8.0389240e-05  -9.2833794e-04  -1.6949658e-03  -2.1017910e-03
  -2.3446275e-04  -7.4482486e-04  -1.7024616e-03  -2.1017910e-03
  -3.9563699e-04  -7.5231519e-04  -1.9011007e-03  -2.0792718e-03
  -3.3941342e-04  -7.0737321e-04  -1.6949658e-03  -2.1393229e-03
  -3.9188875e-04  -7.1860870e-04  -1.8298905e-03  -2.0980378e-03
  -6.5051717e-04  -6.4745057e-04  -1.6874699e-03  -1.8390672e-03
  -5.7180417e-04  -7.0737321e-04  -1.2339729e-03  -1.9328971e-03
  -2.0822509e-04  -7.7478618e-04  -1.1327794e-03  -2.0079610e-03
   1.2920956e-05  -5.9876342e-04  -1.1365273e-03  -1.5650838e-03
  -1.4450504e-04  -5.4633111e-04  -1.0953003e-03  -1.5913562e-03
  -3.0567927e-04  -7.1486354e-04  -3.9069342e-04  -1.8991183e-03
  -2.6070042e-04  -6.5494090e-04   7.4047295e-05  -1.7902756e-03
  -4.7434998e-04  -5.4258595e-04  -1.3583561e-04  -1.8203012e-03
  -5.8202340e-06  -6.4745057e-04   2.2021575e-04  -1.8390672e-03
   2.1157757e-04  -5.2760529e-04   5.9055659e-05  -1.7302244e-03
  -1.7449094e-04  -4.7891814e-04  -4.7314742e-04  -1.3661643e-03
   3.0528352e-04  -6.9239255e-04   1.4150966e-04  -1.5162922e-03
   2.4905995e-04  -1.0182219e-03   3.2140929e-04  -1.8916119e-03
  -2.1197332e-04  -8.7216047e-04   2.4645111e-04  -1.8015352e-03
