  -1.8948390e-04  -8.3096365e-04  -2.6701242e-04  -2.3044636e-03
  -1.6699447e-04  -8.4594431e-04  -1.5902521e-05  -1.8015352e-03
   1.8908814e-04  -9.9575091e-04   2.4645111e-04  -2.0905314e-03
  -1.2576385e-04  -4.5270199e-04   8.1543113e-05  -1.8690927e-03
  -1.7074271e-04  -6.7366672e-04  -2.1079379e-04  -1.8390672e-03
  -1.4450504e-04  -9.8451542e-04   1.6774502e-04  -2.1393229e-03
  -1.7823918e-04  -5.6505694e-04   1.4080751e-05  -1.9366503e-03
  -2.2321804e-04  -7.9351200e-04  -2.9324779e-04  -2.0304802e-03
  -6.2043804e-05  -8.7965080e-04   1.0028266e-04  -1.8615863e-03
   1.7409519e-04  -7.0362804e-04  -2.5951661e-04  -1.8916119e-03
   5.4244800e-06  -7.7104101e-04  -3.1948315e-04  -2.1205569e-03
  -1.6324623e-04  -7.0737321e-04   4.4064023e-05  -2.0117142e-03
  -2.5695218e-04  -8.9837662e-04  -1.6581888e-04  -2.0605058e-03
  -3.1692399e-04  -8.7965080e-04   7.4047295e-05  -1.9629227e-03
  -4.1812641e-04  -7.9351200e-04   2.9517393e-04  -1.9854418e-03
  -3.3941342e-04  -8.6467014e-04   1.0403057e-04  -2.0717654e-03
  -1.4450504e-04  -7.4107969e-04  -9.1088500e-07  -2.1017910e-03
   5.4151574e-05  -6.1748925e-04  -3.0823942e-04  -2.2406592e-03
   2.0408109e-04  -5.2386012e-04  -4.3566833e-04  -1.8240544e-03
  -3.5806138e-05  -7.6729585e-04  -1.5457515e-04  -1.9441567e-03
   5.7899812e-05  -8.9837662e-04  -1.5082725e-04  -1.9967014e-03
   2.3406700e-04  -9.2084761e-04  -3.5321433e-04  -1.5313050e-03
  -1.1451914e-04  -9.3208311e-04  -2.2578543e-04  -2.0492462e-03
  -4.1812641e-04  -8.5717981e-04  -1.3208770e-04  -2.1130505e-03
  -5.2682532e-04  -1.0369477e-03   8.1543113e-05  -2.2556720e-03
  -3.4690989e-04  -7.0362804e-04   2.4645111e-04  -2.3344892e-03
  -1.7449094e-04  -6.3246991e-04  -1.3583561e-04  -1.7452372e-03
  -3.1692399e-04  -9.6953476e-04  -3.4197060e-04  -1.9666759e-03
  -4.2187465e-04  -9.6204443e-04  -2.1828961e-04  -2.1956209e-03
  -2.3821099e-04  -1.0444381e-03  -1.1709606e-04  -2.1468293e-03
  -1.0327442e-04  -9.2084761e-04  -4.0193715e-04  -2.0605058e-03
  -2.6070042e-04  -9.5829926e-04  -2.6701242e-04  -2.1618421e-03
  -1.5949799e-04  -1.0631639e-03  -3.0894157e-05  -2.0830250e-03
  -2.7194513e-04  -1.1118510e-03  -3.4571851e-04  -1.9216375e-03
  -4.6310527e-04  -1.1455575e-03  -2.6701242e-04  -2.1318165e-03
  -2.0822509e-04  -8.0849266e-04  -4.8439115e-04  -2.0079610e-03
  -2.4945570e-04  -8.3470882e-04  -4.3566833e-04  -2.1768549e-03
  -2.4570747e-04  -9.5829926e-04  -8.3364883e-05  -2.1205569e-03
  -2.3821099e-04  -8.7216047e-04  -2.3328124e-04  -1.8916119e-03
  -1.4825328e-04  -1.0219671e-03  -1.4707934e-04  -2.1468293e-03
  -2.0072861e-04  -9.9200575e-04  -1.0585234e-04  -2.0717654e-03
  -3.8814051e-04  -9.1710245e-04  -3.5321433e-04  -2.1543357e-03
  -2.3821099e-04  -1.0556735e-03  -4.8813906e-04  -2.0642590e-03
  -5.0058765e-04  -9.1335728e-04  -1.9205424e-04  -2.0154674e-03
  -3.2442046e-04  -7.2984420e-04  -1.4707934e-04  -2.1280633e-03
  -1.4075680e-04  -9.5080893e-04  -3.9444133e-04  -1.8653395e-03
  -3.2816870e-04  -9.0961212e-04  -4.4691206e-04  -1.9929482e-03
  -1.4825328e-04  -7.3733453e-04  -3.0449151e-04  -1.9028715e-03
  -3.0567927e-04  -1.1867543e-03   8.5291022e-05  -1.6964457e-03
  -3.9563699e-04  -1.1867543e-03  -4.9633702e-05  -1.8052884e-03
  -2.9443456e-04  -1.0182219e-03  -6.8373247e-05  -1.8052884e-03
  -2.0822509e-04  -9.6953476e-04   1.0028266e-04  -1.9028715e-03
  -1.1826737e-04  -4.8640847e-04  -2.5576870e-04  -1.9291439e-03
  -6.5792042e-05  -6.9239255e-04  -2.0704588e-04  -1.8916119e-03
   1.2536810e-04  -8.1598299e-04  -3.0449151e-04  -1.9666759e-03
   1.2536810e-04  -5.6131177e-04  -4.1692878e-04  -2.1468293e-03
  -5.8295566e-05  -8.1223783e-04  -2.7076033e-04  -1.9441567e-03
   2.4165670e-05  -8.2347332e-04  -4.5440787e-04  -1.7640032e-03
  -2.2321804e-04  -7.6729585e-04  -7.5869065e-05  -2.0642590e-03
  -4.7809822e-04  -1.1193414e-03   7.7795204e-05  -2.0867782e-03
  -2.7944161e-04  -1.0257122e-03  -2.3398339e-05  -2.0830250e-03
  -3.1317575e-04  -1.0519284e-03   8.1543113e-05  -1.8765991e-03
  -3.9554376e-05  -1.2279511e-03  -1.9205424e-04  -1.9103779e-03
  -1.3326033e-04  -8.3096365e-04   2.8370240e-06  -2.1881145e-03
  -3.5440637e-04  -9.3582827e-04  -9.4608610e-05  -1.9178843e-03
  -2.0719960e-06  -7.8976684e-04  -3.4946642e-04  -2.0755186e-03
  -8.4533232e-05  -5.6505694e-04  -2.5951661e-04  -2.0792718e-03
  -1.8573566e-04  -9.7702509e-04  -2.5951661e-04  -2.0492462e-03
  -1.4825328e-04  -7.9725717e-04  -4.2137884e-05  -2.2481656e-03
  -1.6699447e-04  -6.8864738e-04  -1.3208770e-04  -1.9441567e-03
  -1.9323213e-04  -1.0257122e-03  -3.4571851e-04  -2.0379866e-03
  -8.4533232e-05  -9.3208311e-04  -3.5321433e-04  -2.2594252e-03
  -8.8281470e-05  -8.8714113e-04  -2.7146248e-05  -2.1505825e-03
  -1.6699447e-04  -1.0594187e-03  -4.6587940e-06  -2.2706848e-03
  -9.9526184e-05  -8.2721849e-04  -3.1948315e-04  -2.4208127e-03
  -1.7449094e-04  -7.5606035e-04  -1.8081052e-04  -2.1505825e-03
  -8.0784994e-05  -7.8602167e-04  -2.0329797e-04  -1.9591695e-03
  -1.9323213e-04  -8.3470882e-04  -2.7450824e-04  -2.1355697e-03
  -2.0072861e-04  -9.3957344e-04  -1.9205424e-04  -2.1956209e-03
  -1.0327442e-04  -7.1486354e-04  -2.2953333e-04  -2.3007104e-03
  -1.5949799e-04  -8.8714113e-04  -2.3328124e-04  -2.2481656e-03
  -6.5792042e-05  -9.4706377e-04  -3.1573524e-04  -2.1806081e-03
  -2.3446275e-04  -7.7104101e-04  -2.6326452e-04  -2.1843613e-03
  -3.5806138e-05  -8.6092497e-04   7.7795204e-05  -1.9779355e-03
  -8.4533232e-05  -9.8826058e-04  -3.0894157e-05  -2.0529994e-03
  -2.2696628e-04  -8.4594431e-04  -7.9616974e-05  -2.0792718e-03
   2.7913908e-05  -6.5868606e-04   1.1152638e-04  -2.1881145e-03
  -4.7050852e-05  -8.4219915e-04  -7.5869065e-05  -2.1768549e-03
   4.6655098e-05  -7.1111837e-04  -6.8373247e-05  -1.8127948e-03
   5.0403336e-05  -6.5119573e-04  -9.8356519e-05  -1.8503268e-03
  -2.8309662e-05  -6.4370540e-04  -2.3328124e-04  -1.8353140e-03
   1.1412338e-04  -7.6729585e-04  -2.3702915e-04  -1.8127948e-03
   3.9158622e-05  -6.7366672e-04  -3.3072688e-04  -1.9779355e-03
  -1.7449094e-04  -5.0513430e-04  -1.2833979e-04  -2.0642590e-03
  -1.1077090e-04  -1.0406929e-03   6.5849330e-06  -2.0417398e-03
  -2.9443456e-04  -8.3470882e-04   5.5307750e-05  -1.9741823e-03
  -3.7314756e-04  -8.1598299e-04  -4.6587940e-06  -1.9704291e-03
  -2.7944161e-04  -8.8339596e-04  -5.3381611e-05  -2.0267270e-03
  -4.4436408e-04  -6.0999892e-04   2.3520738e-04  -1.9103779e-03
   1.6762420e-06  -8.7590563e-04  -4.9633702e-05  -1.6626669e-03
   8.0389240e-05  -9.3208311e-04  -3.3822270e-04  -2.0117142e-03
  -3.9554376e-05  -7.1860870e-04  -3.8694551e-04  -2.0605058e-03
   2.6030466e-04  -7.2609903e-04  -5.4435769e-04  -1.7715096e-03
   2.4165670e-05  -7.7104101e-04  -2.9699570e-04  -2.0492462e-03
  -4.3686760e-04  -7.0362804e-04  -4.6587940e-06  -2.0567526e-03
  -5.6055946e-04  -1.1043607e-03   3.2820296e-05  -2.0079610e-03
  -2.9068632e-04  -9.5080893e-04  -7.2121156e-05  -1.9891950e-03
  -1.8573566e-04  -8.7965080e-04  -5.7129520e-05  -2.0454930e-03
  -3.2442046e-04  -1.0669090e-03  -4.5885793e-05  -2.1205569e-03
  -4.0688170e-04  -7.2984420e-04  -3.0449151e-04  -1.8953651e-03
  -3.0942751e-04  -9.4331860e-04  -3.0074361e-04  -2.0830250e-03
  -2.4570747e-04  -9.8451542e-04  -1.2833979e-04  -1.9253907e-03
  -2.7944161e-04  -9.0212179e-04  -1.8081052e-04  -1.7827692e-03
  -1.0327442e-04  -1.2204608e-03  -3.2323106e-04  -2.1505825e-03
  -3.5806138e-05  -1.1942447e-03  -4.0193715e-04  -2.1843613e-03
  -3.4690989e-04  -7.4107969e-04  -4.6565160e-04  -2.2256465e-03
  -6.0553831e-04  -9.0586695e-04  -3.9818924e-04  -2.1543357e-03
  -4.5560879e-04  -1.0818897e-03  -1.7706261e-04  -2.2856976e-03
  -3.2067223e-04  -8.2347332e-04  -2.3702915e-04  -2.2406592e-03
  -2.2696628e-04  -9.8826058e-04  -2.7825615e-04  -1.9967014e-03
  -1.8198742e-04  -1.0631639e-03  -3.1198733e-04  -2.3495020e-03
  -4.6310527e-04  -1.0406929e-03  -1.8455843e-04  -2.1618421e-03
  -3.9938522e-04  -9.8077025e-04  -1.9580215e-04  -1.9741823e-03
  -1.5574975e-04  -8.1598299e-04  -3.7570179e-04  -2.3419956e-03
  -2.5320394e-04  -7.4857002e-04  -1.6581888e-04  -1.9591695e-03
  -2.8309662e-05  -8.5343464e-04  -4.0943297e-04  -1.8052884e-03
   1.6669194e-05  -8.3845398e-04  -4.9563487e-04  -1.9779355e-03
  -5.0799090e-05  -8.4219915e-04  -4.2067669e-04  -1.8428204e-03
  -3.9554376e-05  -1.0219671e-03  -2.2203752e-04  -2.0154674e-03
  -4.0313346e-04  -9.4331860e-04  -4.9633702e-05  -1.9629227e-03
  -3.5815461e-04  -9.4331860e-04  -2.9324779e-04  -2.0004546e-03
  -3.9188875e-04  -8.7216047e-04   1.8273666e-04  -2.0942846e-03
  -1.7074271e-04  -9.2459278e-04   4.7811932e-05  -1.8991183e-03
  -2.0813186e-05  -8.9088629e-04  -2.7825615e-04  -1.9741823e-03
  -1.7449094e-04  -5.5382144e-04  -1.0210443e-04  -2.0567526e-03
   3.4276590e-04  -7.1111837e-04  -4.9563487e-04  -2.0529994e-03
   1.5160576e-04  -7.7478618e-04  -4.1318088e-04  -1.9967014e-03
  -2.5320394e-04  -8.8339596e-04  -2.5202079e-04  -1.8728459e-03
  -4.3686760e-04  -1.1193414e-03  -1.3583561e-04  -2.1618421e-03
  -6.3927246e-04  -8.6467014e-04   3.7013211e-04  -2.2594252e-03
  -1.7449094e-04  -9.0961212e-04   8.1543113e-05  -1.9516631e-03
   3.9158622e-05  -7.5231519e-04  -1.0585234e-04  -2.1393229e-03
  -1.1077090e-04  -3.7030836e-04   1.2277011e-04  -2.1843613e-03
   8.4137478e-05  -7.8976684e-04  -4.4316415e-04  -2.0867782e-03
   2.2657052e-04  -8.1972816e-04  -5.0313069e-04  -2.2706848e-03
  -9.5777946e-05  -7.5980552e-04  -1.1709606e-04  -2.2369060e-03
  -2.4561424e-05  -8.9088629e-04  -2.0329797e-04  -2.1205569e-03
  -7.7036756e-05  -7.8976684e-04  -9.8356519e-05  -2.0942846e-03
  -5.0808413e-04  -9.8077025e-04  -2.3398339e-05  -2.0229738e-03
  -2.3446275e-04  -8.6467014e-04  -2.0329797e-04  -2.2143869e-03
  -2.1946980e-04  -9.1710245e-04  -1.8081052e-04  -2.3645147e-03
  -2.9068632e-04  -9.2833794e-04  -1.5832306e-04  -2.2181401e-03
  -4.3302614e-05  -7.8602167e-04  -3.9818924e-04  -2.2293996e-03
  -2.4570747e-04  -9.1335728e-04  -1.2084397e-04  -2.1843613e-03
  -2.8693808e-04  -8.0849266e-04   4.0316114e-05  -2.0980378e-03
  -5.8202340e-06  -6.8864738e-04  -1.2833979e-04  -2.1205569e-03
  -1.0327442e-04  -6.9988288e-04   4.7811932e-05  -2.3007104e-03
  -2.6819689e-04  -9.2833794e-04  -3.8389975e-05  -2.3082168e-03
  -2.1572156e-04  -7.4857002e-04  -2.0704588e-04  -2.1430761e-03
  -2.0072861e-04  -7.5231519e-04  -1.7331470e-04  -2.1655953e-03
  -2.0447685e-04  -9.8077025e-04  -1.2084397e-04  -2.1843613e-03
  -3.3941342e-04  -9.9200575e-04  -9.4608610e-05  -2.2631784e-03
  -2.8318985e-04  -1.1605382e-03  -3.0449151e-04  -2.2369060e-03
  -2.5695218e-04  -8.4594431e-04  -1.9955006e-04  -2.1543357e-03
  -1.7449094e-04  -7.9725717e-04   2.5324478e-05  -2.1993741e-03
   1.4410929e-04  -8.6467014e-04  -1.2833979e-04  -2.1092973e-03
  -1.5200152e-04  -7.3733453e-04   1.3026593e-04  -2.0680122e-03
  -1.0702266e-04  -6.9988288e-04   5.1559841e-05  -2.1618421e-03
   2.3031876e-04  -6.8490222e-04  -1.1709606e-04  -1.9103779e-03
  -7.7036756e-05  -8.2347332e-04  -3.4642066e-05  -1.9554163e-03
  -1.4075680e-04  -7.5231519e-04   4.7811932e-05  -2.0304802e-03
  -1.7064948e-05  -8.9088629e-04   1.7898875e-04  -1.8127948e-03
  -9.2029708e-05  -7.8976684e-04  -2.1079379e-04  -2.1693485e-03
   2.0417432e-05  -7.4857002e-04   8.1543113e-05  -1.9516631e-03
   1.0287867e-04  -8.9088629e-04  -4.5885793e-05  -1.8728459e-03
   4.6655098e-05  -5.1262463e-04  -2.8200406e-04  -2.1618421e-03
   1.1037514e-04  -5.9501826e-04   1.4080751e-05  -1.8728459e-03
  -2.3821099e-04  -7.4482486e-04  -3.4946642e-04  -2.0717654e-03
  -1.5949799e-04  -8.6841530e-04  -2.0329797e-04  -1.9366503e-03
   4.6655098e-05  -8.7590563e-04  -1.2459188e-04  -1.7152117e-03
  -5.4556651e-04  -7.4857002e-04  -5.7129520e-05  -1.9591695e-03
  -3.3941342e-04  -1.2167156e-03   1.7524084e-04  -1.8503268e-03
   2.6030466e-04  -9.7327992e-04  -5.3381611e-05  -1.8203012e-03
   2.5280819e-04  -8.7965080e-04   2.8370240e-06  -2.0379866e-03
  -2.5695218e-04  -1.1230865e-03  -1.3583561e-04  -2.1618421e-03
  -1.5200152e-04  -2.6169857e-04  -3.7195388e-04  -1.9854418e-03
  -3.2816870e-04  -1.4451707e-03  -3.2323106e-04  -1.9291439e-03
  -1.6699447e-04  -7.0737321e-04  -1.8081052e-04  -2.0717654e-03
  -2.0447685e-04  -4.2274067e-04   1.1902220e-04  -2.1055441e-03
  -7.9295021e-04  -2.1380262e-03  -7.4674478e-04  -1.9516631e-03
   5.1518485e-04   3.8621497e-04   3.6263629e-04  -1.9178843e-03
  -1.2802212e-03  -2.6174074e-03  -7.5798850e-04  -2.2068805e-03
   9.6872165e-04   6.7459268e-04  -1.6581888e-04  -2.1843613e-03
  -1.0028515e-03  -2.3103038e-03   2.8767811e-04  -1.8991183e-03
  -4.2937113e-04  -8.1598299e-04  -1.7099574e-03  -2.2181401e-03
   1.1223994e-03   7.9443796e-04   2.0604391e-03  -1.9441567e-03
  -3.5554016e-03  -4.9543903e-03  -3.0854400e-03  -2.2819444e-03
   4.4958136e-03   5.1800262e-03   3.1435848e-03  -2.1280633e-03
  -6.4115590e-03  -9.1152686e-03  -3.5689203e-03  -1.8278076e-03
   6.7072740e-03   8.1724130e-03   1.4982527e-03  -2.6910429e-03
  -5.7668620e-03  -9.3437237e-03   7.2618346e-04  -1.0996874e-03
   1.8907882e-03   3.0153208e-03  -5.5215808e-03  -2.9575199e-03
   3.7686554e-03   8.4682810e-03   1.1385237e-02  -1.7865224e-03
  -2.3113708e-02  -9.3306578e-02  -2.2057355e-02  -8.4446996e-04
   1.7674609e-01  -5.9959629e-02   3.2995680e-02  -2.9650320e-04
   2.7511110e-01  -9.0707433e-02   6.7821250e-02  -1.9809374e-02
   1.4401273e-01  -1.0649330e-01   8.6080361e-03  -1.4727546e-02
  -5.8313411e-02  -3.2522550e-02  -1.2210779e-01   3.2802941e-02
  -8.1919813e-02  -5.0802700e-02  -1.4245893e-01  -7.3787859e-03
   1.7146210e-03  -3.0369080e-02   5.9231043e-02  -4.3188039e-02
  -1.2413247e-01  -4.2323647e-02   1.0486184e-01  -2.2192654e-02
  -6.5562503e-02  -5.3338177e-02   1.5031952e-02  -7.3450072e-03
   3.2360215e-02  -6.5652279e-02  -4.3544118e-02   1.0415121e-02
   1.0684520e-01  -6.1397772e-02  -2.9655069e-03  -5.3970979e-03
   1.0800715e-01  -1.9395747e-02  -2.1697556e-02  -1.6172527e-02
  -1.1509163e-02  -1.0826809e-02   2.1578847e-03  -7.5289138e-03
  -2.8454947e-02  -1.7759109e-02  -1.3838191e-02   1.4768830e-02
  -3.8755105e-02  -3.6739606e-02  -4.9889328e-02   3.3966427e-03
  -3.8192869e-02  -4.5967692e-02   8.2179490e-02  -1.6619157e-02
  -8.9678666e-02  -3.8514814e-02   3.5255669e-02  -7.8667015e-03
   2.1756543e-03  -5.5236554e-03  -4.4372406e-02   2.7022955e-04
   1.2744177e-01  -1.7167373e-02  -4.1175439e-02   7.3112271e-03
   8.2605345e-02  -2.8129471e-02   7.9858832e-03  -1.0096106e-03
  -4.5869260e-02  -1.8732852e-02  -3.6251389e-03   5.5547252e-04
  -1.5275027e-01  -2.8099510e-02   3.5221938e-02  -7.7165737e-03
  -6.1499413e-02  -2.6245653e-02   5.3223145e-02  -1.0591523e-02
   6.2897110e-02  -1.8309649e-02  -2.1948666e-02  -2.9274943e-03
   5.4422344e-02   2.5284494e-03  -1.8942843e-02   2.3495007e-03
   2.2056402e-03   5.6781331e-03  -1.2511431e-02   2.7210672e-03
  -1.6201957e-02  -2.1567521e-03   2.9341469e-02  -5.5960174e-03
  -9.6050578e-03  -1.4965216e-02   1.0403057e-04  -9.6832546e-04
  -9.0578150e-03  -2.1642846e-02  -4.3185021e-03   2.2556708e-03
  -2.4916610e-02  -9.1939171e-03  -1.9310840e-03   1.1897628e-03
  -1.4305348e-02   2.8135035e-04   8.0570935e-03  -7.4538499e-03
   2.7187646e-02   5.7942332e-03   1.3469074e-02  -6.8833639e-03
   4.1288518e-02   3.2250500e-03  -2.5940189e-02   2.0642577e-03
   3.0714832e-03  -3.2316144e-03  -2.0344561e-02   2.4320710e-03
  -4.0059492e-02  -1.9657486e-03   1.6152577e-02  -4.9692335e-03
  -4.2225973e-02  -2.1679876e-03   3.4569802e-02  -1.0099854e-02
   7.7380395e-03  -4.2802606e-03  -2.4084974e-02  -2.3119700e-03
   3.8949617e-02   3.4876332e-04  -2.6626056e-02   3.2089828e-03
   1.6092862e-02   1.6183743e-03  -5.5590599e-03   4.5788940e-04
  -1.7427630e-02   2.6932366e-03  -1.6087638e-03  -3.4979802e-03
  -3.1442292e-02  -5.1969330e-05   5.9545165e-03  -2.9875454e-03
   2.7266453e-03  -5.8270138e-03  -4.1535941e-03  -1.8765991e-03
   2.1677737e-02  -3.8383311e-03  -1.5269892e-02  -1.5087858e-03
   6.5835822e-03   1.5921581e-03  -2.2046814e-03  -1.3398920e-03
  -1.2292544e-02   2.8355529e-03   1.6069421e-03  -1.6439009e-03
  -8.7129771e-03  -6.0250859e-04  -8.4374540e-03  -1.3436452e-03
   5.1704964e-03  -5.4862037e-03   3.6570483e-03  -3.2352564e-03
  -3.8290230e-03  -5.2465132e-03   5.6134568e-03  -4.4325263e-03
  -1.1404212e-02   2.1239715e-03   5.1337244e-03  -3.5580314e-03
   9.5372869e-04   4.2811866e-03  -3.6251389e-03  -1.9441567e-03
   2.6348041e-02   2.0752844e-03  -9.8916427e-03  -1.5012851e-04
   1.4582322e-02  -1.7972162e-03  -6.0275486e-03  -1.5763491e-04
  -2.4174459e-02  -4.4487930e-03   7.6335797e-03  -1.4637475e-03
  -3.1655942e-02  -3.6360922e-03   1.3738924e-02  -3.8732999e-03
   2.1943955e-03  -3.7222310e-03   6.4454926e-03  -3.6931465e-03
   2.8574495e-02  -1.2092253e-03  -9.2020275e-03  -4.5038427e-04
   1.6516413e-02   4.4197577e-03  -1.0948553e-02   1.0096094e-03
  -4.1401267e-03   5.8916075e-03   2.3790113e-03  -6.5681011e-04
  -9.4926106e-03   3.1505684e-04   8.8479023e-03  -3.1827117e-03
  -4.6798730e-03  -6.2427271e-03   7.3487387e-03  -2.4508383e-03
  -9.1215351e-03  -7.2801378e-03  -1.2939395e-03  -2.1355697e-03
  -1.0901948e-02  -1.2916189e-03   8.1845224e-03  -4.0684662e-03
   5.7402286e-03   4.2474801e-03   9.2264411e-03  -4.6614713e-03
   2.3049592e-02   3.5321536e-03  -7.1144422e-03  -1.2948536e-03
   1.5080838e-02  -1.4517680e-05  -1.3482140e-02   1.9216362e-03
  -1.0609586e-02  -2.4638556e-03   4.6464963e-03  -1.3511516e-03
  -2.5565055e-02  -3.6922697e-03   1.6913402e-02  -4.7102629e-03
  -1.2011427e-02  -3.6098761e-03   4.3279240e-03  -2.3982935e-03
   1.5995408e-02  -2.0032003e-03  -1.2586389e-02   1.1146989e-03
   2.2093791e-02   1.4760580e-03  -1.1004772e-02   3.1526792e-04
   4.7919244e-03   4.4384835e-03   4.2717054e-03  -3.2502692e-03
  -1.0470901e-02   1.8730455e-03   4.9125978e-03  -3.7982360e-03
  -9.4888624e-03  -3.6211116e-03   1.4150966e-04  -2.1355697e-03
  -4.4099999e-03  -6.4487111e-03   5.1559841e-05  -2.5521746e-03
  -6.4003143e-03  -3.2316144e-03   4.5190674e-03  -3.9896490e-03
  -3.3792344e-03   1.9442036e-03   2.2771156e-04  -3.2652820e-03
   1.0830336e-02   2.8205722e-03  -9.1608005e-03  -8.8200193e-04
   1.7854534e-02   5.8470872e-04  -1.1360823e-02  -5.1794182e-04
   1.0361899e-03  -1.8533937e-03  -1.1590148e-03  -2.0117142e-03
  -2.1209603e-02  -2.6024267e-03   5.4335572e-03  -2.6610173e-03
  -1.7127771e-02  -2.5762105e-03  -9.0415695e-04  -2.3007104e-03
   7.3782086e-03  -2.1455166e-03  -5.5253288e-03  -1.2573216e-03
   1.8769104e-02  -2.8042440e-04  -7.9727133e-03  -8.7074234e-04
   5.6952498e-03   1.5696871e-03  -2.8905487e-03  -2.0042078e-03
  -9.4213941e-03   1.2401126e-03   4.4553529e-03  -3.2127373e-03
  -8.3606427e-03  -1.8159420e-03   3.9568810e-03  -3.3741247e-03
  -1.9099251e-03  -4.2278283e-03  -1.0428296e-03  -2.4996298e-03
  -1.7262615e-03  -2.6773300e-03  -1.5113182e-03  -1.4675007e-03
  -2.1910430e-03   4.4613761e-04  -1.0960025e-04  -2.0079610e-03
   4.5332960e-03   1.7120034e-03   4.1510701e-04  -2.5221490e-03
   1.0073192e-02   3.3378266e-04  -2.1072357e-03  -1.3624111e-03
   3.5512576e-03  -1.5500353e-03  -4.3672249e-03  -6.4555052e-04
  -8.3006709e-03  -1.9844745e-03   1.4570257e-03  -1.3549047e-03
  -1.0425922e-02  -1.9058260e-03   6.1006850e-03  -2.4245659e-03
   4.6655098e-05  -1.5725063e-03   1.6481691e-03  -2.3870339e-03
   9.0874052e-03  -9.3957344e-04  -3.9924340e-03  -1.2685812e-03
   6.3961703e-03   1.4652441e-04  -1.7924114e-03  -1.2460620e-03
  -2.4946503e-03   1.0790705e-03   3.0536350e-03  -2.5446682e-03
  -5.4370171e-03   8.2856610e-05   4.3166803e-03  -2.9537667e-03
  -1.5388496e-03  -1.8796099e-03   6.8495646e-04  -2.1430761e-03
   6.6136613e-04  -2.0668681e-03  -1.8036551e-03  -1.5313050e-03
  -5.3057355e-04  -6.8864738e-04   8.9858727e-04  -2.0792718e-03
  -2.5695218e-04   3.6374398e-04   2.0641870e-03  -2.4883702e-03
   2.8091065e-03  -2.2050176e-04  -1.3539060e-03  -1.7677564e-03
   3.4800411e-03  -1.3702674e-03  -2.7818594e-03  -1.3098664e-03
  -1.1827670e-03  -1.2054801e-03  -4.5440787e-04  -1.7114585e-03
  -5.0696898e-03  -9.6953476e-04   1.5357318e-03  -2.2331528e-03
  -1.9249181e-03  -9.7702509e-04   1.7149293e-04  -2.0755186e-03
   3.4725446e-03  -1.1305768e-03  -2.5644806e-03  -1.7264713e-03
   3.1914268e-03  -8.1972816e-04  -1.4738391e-03  -1.9704291e-03
  -1.5538425e-03   2.2142771e-04   8.8359564e-04  -2.6197321e-03
  -3.5928840e-03  -1.9054044e-04   1.2096637e-03  -2.9650263e-03
  -5.3807003e-04  -1.0818897e-03  -1.8081052e-04  -2.6122257e-03
   1.6021739e-03  -1.4451707e-03  -8.8916532e-04  -2.3457488e-03
  -8.9040440e-04  -1.2728931e-03  -8.9291323e-04  -2.4133063e-03
  -2.5658668e-03  -3.9652451e-04  -4.5440787e-04  -2.2293996e-03
   6.1263904e-04  -5.2760529e-04  -1.3201749e-03  -1.8991183e-03
   3.4200693e-03  -9.7702509e-04  -3.6513743e-03  -1.5538242e-03
   1.0399382e-03  -9.1710245e-04  -2.4370517e-03  -1.5800966e-03
  -2.2810007e-03  -7.7478618e-04  -1.5902521e-05  -2.0529994e-03
  -1.8162192e-03  -6.1748925e-04   2.0147620e-04  -2.2143869e-03
   8.0005094e-04  -1.2841286e-03  -4.6190369e-04  -2.1243101e-03
   1.1186512e-03  -1.4114642e-03  -8.3294668e-04  -2.2218933e-03
  -1.4189060e-03  -7.2984420e-04   3.3640092e-04  -2.7435876e-03
  -2.1947912e-03  -4.4895682e-04   2.0192121e-03  -2.9725327e-03
   3.5410384e-05  -4.7517298e-04   9.8104127e-04  -2.5897066e-03
   1.5534468e-03  -7.8227651e-04  -1.1702585e-03  -1.9967014e-03
   3.2402471e-04  -8.4219915e-04  -3.0449151e-04  -1.6176285e-03
  -1.2802212e-03  -8.2347332e-04   1.1084702e-03  -1.9629227e-03
  -5.8679712e-04  -6.0999892e-04   2.0897202e-04  -1.8540799e-03
   1.2573360e-03  -7.4482486e-04  -6.9802196e-04  -1.4675007e-03
   1.6509010e-03  -9.3208311e-04  -1.0840566e-03  -1.5313050e-03
  -2.8309662e-05  -4.5644715e-04   8.1543113e-05  -1.8991183e-03
  -1.3401930e-03  -5.9876342e-04   1.5207402e-03  -2.2594252e-03
  -3.5440637e-04  -8.8714113e-04   4.9756101e-04  -1.8953651e-03
   7.6631679e-04  -1.0069864e-03  -4.8064324e-04  -1.9479099e-03
  -2.1946980e-04  -7.5980552e-04   3.7013211e-04  -2.2406592e-03
  -1.3701789e-03  -4.8640847e-04   7.9739373e-04  -2.2594252e-03
  -4.4061584e-04  -7.1111837e-04  -8.7112792e-05  -2.2781912e-03
   9.6872165e-04  -5.4258595e-04  -2.5202079e-04  -2.0154674e-03
   7.7006503e-04  -6.4370540e-04  -8.2919877e-04  -1.7977820e-03
  -8.0794317e-04  -1.0406929e-03  -5.1812233e-04  -1.7752628e-03
  -1.5500943e-03  -9.6204443e-04   5.2379637e-04  -1.9328971e-03
  -8.0784994e-05  -8.9463146e-04  -7.5049269e-04  -1.8540799e-03
   1.0961617e-03  -9.5455410e-04  -1.4775870e-03  -1.6814329e-03
   4.2522714e-04  -7.2609903e-04  -7.6173641e-04  -1.7039521e-03
  -1.0702266e-04  -4.6019232e-04  -4.5065997e-04  -1.9891950e-03
  -5.0799090e-05  -4.9389880e-04   1.1152638e-04  -2.2331528e-03
  -4.0313346e-04  -9.0961212e-04   4.8631728e-04  -2.0605058e-03
  -8.5667026e-04  -1.1081059e-03   2.9892183e-04  -2.0867782e-03
  -1.1602775e-03  -8.0100233e-04   9.5855382e-04  -2.3044636e-03
  -6.2427950e-04  -7.4482486e-04   6.1749410e-04  -2.1806081e-03
   6.8760380e-04  -8.5717981e-04  -4.3566833e-04  -1.8916119e-03
   8.7126746e-04  -7.8976684e-04  -3.7944969e-04  -1.9366503e-03
   5.7899812e-05  -6.9988288e-04  -4.6565160e-04  -2.0717654e-03
  -8.7541145e-04  -9.1335728e-04  -1.4333143e-04  -1.9441567e-03
  -1.0628233e-03  -1.2766383e-03   1.4150966e-04  -1.8653395e-03
   7.6641002e-05  -1.1755188e-03  -4.5440787e-04  -1.9554163e-03
   5.9014961e-04  -7.1486354e-04  -2.6326452e-04  -2.0042078e-03
   2.6405290e-04  -6.3621507e-04   4.6008192e-04  -2.2106337e-03
  -2.4561424e-05  -9.1335728e-04   3.7762792e-04  -2.4057999e-03
  -6.2427950e-04  -1.1155962e-03   4.6757774e-04  -2.2706848e-03
  -1.1115504e-03  -1.0519284e-03   8.3487282e-04  -2.2181401e-03
  -1.6063179e-03  -1.1193414e-03   3.6638420e-04  -2.3607615e-03
  -1.1565293e-03  -1.2541673e-03  -6.4625338e-05  -2.2856976e-03
   3.7275180e-04  -8.6467014e-04  -2.7076033e-04  -1.9291439e-03
   8.3003684e-04  -7.6729585e-04  -9.8286304e-04  -1.7790160e-03
   2.4156347e-04  -7.3733453e-04  -8.5918205e-04  -1.8052884e-03
  -6.6551012e-04  -9.1335728e-04  -2.4827288e-04  -1.9066247e-03
  -8.7541145e-04  -1.2654028e-03  -3.7570179e-04  -1.8690927e-03
  -3.4316165e-04  -8.6092497e-04  -2.1079379e-04  -1.8165480e-03
  -1.2951209e-04  -8.5343464e-04  -1.0960025e-04  -2.0792718e-03
  -1.7064948e-05  -9.0212179e-04  -3.9444133e-04  -2.0755186e-03
  -1.3700856e-04  -5.2760529e-04   6.2803568e-05  -2.1130505e-03
  -4.7434998e-04  -8.1972816e-04   2.6519065e-04  -2.1168037e-03
  -1.0028515e-03  -9.7327992e-04  -1.5902521e-05  -2.1168037e-03
  -1.2165011e-03  -7.7853134e-04   4.3759447e-04  -2.2031273e-03
  -6.7675484e-04  -9.3582827e-04  -4.6587940e-06  -1.9328971e-03
   2.6405290e-04  -6.0999892e-04  -1.0803087e-03  -2.0905314e-03
   6.5386965e-04  -5.3135045e-04  -9.7536723e-04  -2.0342334e-03
   2.4165670e-05  -8.6092497e-04  -8.1420714e-04  -1.8428204e-03
  -3.3191694e-04  -8.0100233e-04  -4.0568506e-04  -1.9741823e-03
  -5.8304889e-04  -1.0332026e-03   3.8137583e-04  -1.7302244e-03
  -7.5921607e-04  -1.3103448e-03   3.5888838e-04  -1.8690927e-03
  -4.4811232e-04  -9.8077025e-04   4.3009865e-04  -1.9328971e-03
  -5.8295566e-05  -6.8490222e-04   6.6246901e-04  -1.9103779e-03
  -8.8281470e-05  -9.5829926e-04   3.7388001e-04  -2.4320723e-03
  -3.6939932e-04  -6.8490222e-04   1.2651802e-04  -2.2444124e-03
  -6.5792042e-05  -6.8864738e-04  -3.0894157e-05  -1.9366503e-03
  -3.2816870e-04  -1.0144767e-03  -4.5885793e-05  -2.0905314e-03
  -6.8050307e-04  -7.6355068e-04   2.0522411e-04  -2.1017910e-03
  -5.4547328e-05  -9.1710245e-04   1.6024920e-04  -2.0529994e-03
   1.6285048e-04  -6.6992156e-04  -4.0193715e-04  -1.8278076e-03
   6.1648050e-05  -6.6243123e-04  -4.3566833e-04  -2.1055441e-03
  -1.0702266e-04  -1.0968704e-03  -3.4642066e-05  -2.1956209e-03
  -4.8184646e-04  -1.0069864e-03  -1.9650430e-05  -1.8428204e-03
  -2.5695218e-04  -8.3096365e-04  -7.5869065e-05  -2.1243101e-03
  -6.2043804e-05  -7.8602167e-04  -8.7112792e-05  -2.0942846e-03
  -2.3446275e-04  -9.2084761e-04   7.0299386e-05  -1.9929482e-03
  -3.2816870e-04  -5.6505694e-04   1.3401384e-04  -2.1806081e-03
  -4.6310527e-04  -7.5980552e-04   2.0522411e-04  -2.1355697e-03
  -3.7689580e-04  -1.0781445e-03   1.2651802e-04  -2.2706848e-03
  -1.8948390e-04  -6.6243123e-04  -1.7706261e-04  -2.3269828e-03
  -8.4533232e-05  -8.1598299e-04  -1.5832306e-04  -2.1205569e-03
  -3.0567927e-04  -8.0474750e-04  -1.6581888e-04  -2.1768549e-03
  -3.2816870e-04  -8.4968948e-04  -7.5869065e-05  -2.2594252e-03
   2.6405290e-04  -1.1268317e-03  -3.7944969e-04  -2.0192206e-03
   3.0153528e-04  -6.6617639e-04  -5.9308051e-04  -2.0229738e-03
