  -2.4945570e-04  -8.8714113e-04  -4.2442460e-04  -2.4170595e-03
  -2.3446275e-04  -9.6578959e-04  -1.1334816e-04  -2.4658511e-03
  -1.8198742e-04  -1.1418123e-03  -3.5321433e-04  -2.3269828e-03
  -5.8202340e-06  -9.0586695e-04  -4.7689533e-04  -2.0980378e-03
   1.2920956e-05  -8.7216047e-04  -3.4571851e-04  -1.9741823e-03
  -6.9540280e-05  -9.8077025e-04  -4.5440787e-04  -2.1618421e-03
  -9.5777946e-05  -8.3470882e-04  -2.5951661e-04  -2.2669316e-03
  -2.8309662e-05  -8.8339596e-04  -4.5440787e-04  -2.0342334e-03
  -1.8198742e-04  -9.3582827e-04  -3.7195388e-04  -2.1468293e-03
  -3.2816870e-04  -1.0631639e-03  -1.7706261e-04  -2.3157232e-03
   1.4036105e-04  -1.1268317e-03  -2.8200406e-04  -2.1168037e-03
   1.6285048e-04  -8.2721849e-04  -3.1948315e-04  -2.3194764e-03
   1.6762420e-06  -8.0474750e-04  -2.6701242e-04  -1.9554163e-03
  -9.9526184e-05  -7.9351200e-04  -1.3958352e-04  -1.9779355e-03
  -2.0822509e-04  -6.7366672e-04  -2.4452497e-04  -2.2669316e-03
  -5.0799090e-05  -9.5455410e-04  -2.0704588e-04  -1.9591695e-03
  -6.2043804e-05  -1.0069864e-03   2.9072387e-05  -2.0004546e-03
  -6.2043804e-05  -7.7478618e-04   6.6551477e-05  -1.9178843e-03
   8.7885716e-05  -6.8864738e-04  -2.2578543e-04  -1.9103779e-03
  -2.0813186e-05  -8.1598299e-04  -2.0329797e-04  -1.9178843e-03
  -2.1572156e-04  -8.1972816e-04  -2.1079379e-04  -1.8878587e-03
  -2.1572156e-04  -7.3733453e-04  -2.2578543e-04  -1.8653395e-03
  -3.0567927e-04  -9.6578959e-04   2.8370240e-06  -1.8203012e-03
  -2.0822509e-04  -9.8077025e-04  -2.5951661e-04  -2.1430761e-03
  -9.5684720e-06  -8.1598299e-04  -3.1573524e-04  -2.1806081e-03
   1.4785752e-04  -6.9988288e-04  -2.7076033e-04  -2.0042078e-03
   8.4137478e-05  -5.7629243e-04  -3.9818924e-04  -2.2519188e-03
  -5.8295566e-05  -8.0849266e-04  -1.7706261e-04  -2.2856976e-03
  -3.5806138e-05  -9.1710245e-04  -6.4625338e-05  -2.0680122e-03
  -1.5574975e-04  -6.9239255e-04  -1.8081052e-04  -2.1430761e-03
  -5.8295566e-05  -8.0100233e-04  -2.4452497e-04  -2.1430761e-03
   8.7885716e-05  -8.6467014e-04  -5.3381611e-05  -2.1055441e-03
   1.1412338e-04  -7.1486354e-04  -1.3208770e-04  -2.2369060e-03
  -3.9554376e-05  -8.7590563e-04  -3.1948315e-04  -2.0792718e-03
  -2.6444866e-04  -8.6467014e-04   1.0403057e-04  -2.1355697e-03
  -2.2696628e-04  -8.1223783e-04  -1.1334816e-04  -2.2256465e-03
  -6.2043804e-05  -9.9575091e-04  -3.0449151e-04  -1.8953651e-03
   6.5396288e-05  -8.6841530e-04  -1.9650430e-05  -2.2068805e-03
   6.9144526e-05  -8.9463146e-04  -4.2442460e-04  -2.2631784e-03
  -6.5792042e-05  -9.6578959e-04  -3.7944969e-04  -2.0980378e-03
  -7.3288518e-05  -8.7590563e-04  -1.4707934e-04  -2.4358255e-03
  -4.3302614e-05  -1.0706542e-03  -1.2459188e-04  -2.3982935e-03
  -2.2321804e-04  -1.0332026e-03  -2.7146248e-05  -2.3344892e-03
  -1.5200152e-04  -8.4594431e-04  -3.0074361e-04  -2.4170595e-03
  -2.0813186e-05  -8.9837662e-04  -3.0074361e-04  -2.2631784e-03
   7.2892764e-05  -8.5717981e-04  -2.8200406e-04  -2.1655953e-03
  -9.5777946e-05  -6.2872474e-04  -3.1198733e-04  -2.3907871e-03
  -2.1946980e-04  -8.7965080e-04   5.1559841e-05  -2.3720211e-03
   5.4151574e-05  -9.6953476e-04   2.5324478e-05  -2.3007104e-03
  -1.1077090e-04  -7.4857002e-04  -1.5082725e-04  -2.2781912e-03
  -9.5684720e-06  -8.4219915e-04  -1.0960025e-04  -1.9704291e-03
   2.5280819e-04  -7.6355068e-04  -1.9955006e-04  -1.9441567e-03
   6.9144526e-05  -8.4594431e-04  -1.6581888e-04  -2.0154674e-03
   1.2161986e-04  -6.8490222e-04  -1.8830634e-04  -1.8465736e-03
   6.5396288e-05  -8.0100233e-04  -1.9580215e-04  -1.9741823e-03
  -2.0822509e-04  -8.8339596e-04  -7.2121156e-05  -2.1655953e-03
   9.5382192e-05  -6.0999892e-04  -1.2154612e-05  -1.7189649e-03
   1.7784343e-04  -8.9837662e-04  -6.4625338e-05  -1.8127948e-03
  -9.2029708e-05  -7.3733453e-04  -1.6207097e-04  -2.1168037e-03
   3.9158622e-05  -6.5494090e-04  -2.1454170e-04  -1.8991183e-03
  -3.2442046e-04  -7.2235387e-04  -3.1198733e-04  -2.1205569e-03
  -2.1572156e-04  -7.5606035e-04  -6.0877429e-05  -2.1055441e-03
   2.4531171e-04  -7.5980552e-04  -7.9616974e-05  -2.0605058e-03
   9.1727180e-06  -7.1486354e-04  -1.9580215e-04  -1.9554163e-03
   1.5160576e-04  -9.9575091e-04  -1.2154612e-05  -1.9741823e-03
   6.1648050e-05  -7.7104101e-04  -1.2459188e-04  -2.2369060e-03
  -7.3288518e-05  -5.0887946e-04  -8.4067030e-06  -1.8653395e-03
   1.5160576e-04  -6.6992156e-04  -1.2084397e-04  -2.1280633e-03
   4.6655098e-05  -9.2084761e-04  -1.6581888e-04  -2.2256465e-03
  -2.0719960e-06  -8.9088629e-04  -4.2137884e-05  -1.8428204e-03
   3.1662146e-05  -9.8451542e-04  -3.6445806e-04  -2.0905314e-03
   9.1727180e-06  -1.0818897e-03  -1.8081052e-04  -2.1543357e-03
  -1.8573566e-04  -8.0849266e-04  -1.6207097e-04  -2.2556720e-03
  -3.6565108e-04  -9.2084761e-04  -2.0329797e-04  -2.2556720e-03
  -1.7823918e-04  -9.9200575e-04  -1.9955006e-04  -2.2856976e-03
  -9.2029708e-05  -8.1598299e-04  -5.1062651e-04  -2.3682679e-03
  -2.0447685e-04  -9.6204443e-04  -6.4625338e-05  -2.1693485e-03
  -2.6819689e-04  -1.2429318e-03  -1.3208770e-04  -2.3157232e-03
  -9.9526184e-05  -9.8826058e-04  -4.5065997e-04  -2.3044636e-03
  -6.9540280e-05  -9.8451542e-04  -2.9324779e-04  -2.1806081e-03
  -2.3446275e-04  -1.3028544e-03  -3.2697897e-04  -2.2556720e-03
  -1.0327442e-04  -1.0556735e-03  -7.5869065e-05  -2.2218933e-03
  -3.3941342e-04  -8.6092497e-04  -2.6326452e-04  -2.1655953e-03
  -1.7823918e-04  -7.8602167e-04  -4.1692878e-04  -2.3007104e-03
  -5.8202340e-06  -8.4219915e-04  -2.8949988e-04  -2.3382424e-03
  -5.0433589e-04  -9.9575091e-04  -3.5321433e-04  -2.1393229e-03
  -2.0447685e-04  -8.8339596e-04  -2.2578543e-04  -2.1168037e-03
  -1.2951209e-04  -8.5717981e-04  -3.6445806e-04  -2.2444124e-03
  -7.3288518e-05  -1.0856349e-03  -2.6326452e-04  -2.3157232e-03
   5.4244800e-06  -1.0481832e-03  -2.7825615e-04  -2.0905314e-03
  -3.9563699e-04  -9.6953476e-04  -4.0568506e-04  -2.0342334e-03
  -1.4825328e-04  -1.0107316e-03  -6.0877429e-05  -2.2556720e-03
   1.2911633e-04  -9.6953476e-04  -2.6326452e-04  -2.1355697e-03
   3.1662146e-05  -1.0294574e-03  -2.1828961e-04  -1.8465736e-03
  -1.8198742e-04  -8.1223783e-04  -7.2121156e-05  -1.9554163e-03
  -1.1451914e-04  -7.6355068e-04  -3.1948315e-04  -2.1693485e-03
   6.9144526e-05  -9.6578959e-04  -1.3583561e-04  -1.9404035e-03
  -2.8309662e-05  -7.7104101e-04  -1.7331470e-04  -1.9291439e-03
  -1.3700856e-04  -6.5119573e-04  -1.3208770e-04  -2.0342334e-03
  -7.7036756e-05  -1.0594187e-03  -1.0210443e-04  -1.9816886e-03
  -5.4547328e-05  -1.0968704e-03  -3.0074361e-04  -2.1956209e-03
  -1.4075680e-04  -9.2833794e-04  -1.5457515e-04  -2.0605058e-03
  -2.0822509e-04  -1.0556735e-03  -2.8200406e-04  -1.9103779e-03
  -6.5792042e-05  -7.7853134e-04  -4.7689533e-04  -2.0830250e-03
   1.3286457e-04  -8.3096365e-04  -3.0823942e-04  -2.0342334e-03
  -1.3326033e-04  -8.9088629e-04  -2.1454170e-04  -2.0192206e-03
  -2.3821099e-04  -8.9088629e-04  -3.0074361e-04  -2.0830250e-03
  -1.2576385e-04  -1.0294574e-03  -4.6190369e-04  -2.0454930e-03
   2.4165670e-05  -7.2609903e-04  -2.8200406e-04  -2.1618421e-03
  -6.2043804e-05  -6.1748925e-04   2.8370240e-06  -2.2969572e-03
  -2.4570747e-04  -7.1486354e-04  -2.6326452e-04  -2.0642590e-03
   1.2920956e-05  -8.5717981e-04  -3.1948315e-04  -2.2106337e-03
   7.6641002e-05  -8.5717981e-04  -1.5457515e-04  -2.3720211e-03
   3.1662146e-05  -9.1710245e-04  -6.4625338e-05  -2.0342334e-03
  -2.4561424e-05  -8.8714113e-04  -1.1709606e-04  -2.1843613e-03
   9.1727180e-06  -7.5980552e-04  -3.7570179e-04  -2.2181401e-03
   4.2906860e-05  -9.2833794e-04  -1.6956679e-04  -2.1280633e-03
  -2.0813186e-05  -9.2084761e-04  -1.9955006e-04  -2.3119700e-03
  -3.2057900e-05  -8.9463146e-04  -1.5082725e-04  -2.1881145e-03
  -7.7036756e-05  -8.8339596e-04  -1.5902521e-05  -2.0942846e-03
  -1.1826737e-04  -7.4482486e-04  -4.3566833e-04  -2.2181401e-03
  -2.5320394e-04  -7.1486354e-04  -3.3447479e-04  -2.4395787e-03
   1.2920956e-05  -1.0107316e-03  -1.9205424e-04  -2.3607615e-03
   8.4137478e-05  -9.7327992e-04  -2.2953333e-04  -2.1017910e-03
  -1.7074271e-04  -5.7629243e-04  -2.9324779e-04  -2.1543357e-03
  -1.1451914e-04  -7.8227651e-04  -4.3566833e-04  -2.1393229e-03
  -9.2029708e-05  -9.6204443e-04  -2.7450824e-04  -2.1092973e-03
  -1.5574975e-04  -9.6578959e-04  -2.7076033e-04  -2.3157232e-03
  -1.6324623e-04  -9.4706377e-04  -1.4707934e-04  -2.3607615e-03
  -3.9554376e-05  -8.0100233e-04  -3.8389975e-05  -2.3232296e-03
  -1.0327442e-04  -8.1598299e-04  -1.6581888e-04  -2.4245659e-03
   2.4165670e-05  -5.7254727e-04   1.4900547e-04  -2.1993741e-03
   1.5910224e-04  -6.3996024e-04   8.1543113e-05  -1.9704291e-03
  -9.5684720e-06  -8.7590563e-04  -2.6701242e-04  -2.0154674e-03
   2.7913908e-05  -7.6355068e-04  -1.2154612e-05  -1.9103779e-03
   1.0662691e-04  -9.1710245e-04  -2.3398339e-05  -1.9178843e-03
   1.1037514e-04  -6.6992156e-04  -8.4067030e-06  -1.9666759e-03
  -8.4533232e-05  -5.3884078e-04  -1.5902521e-05  -1.9404035e-03
   1.3286457e-04  -8.0474750e-04  -6.8373247e-05  -1.9366503e-03
   3.7650004e-04  -5.8378276e-04   1.0403057e-04  -1.9629227e-03
   2.7913908e-05  -7.8602167e-04  -8.7112792e-05  -2.0304802e-03
   6.9144526e-05  -9.4706377e-04   2.5324478e-05  -2.0229738e-03
   9.9130430e-05  -6.3246991e-04   4.7811932e-05  -2.0154674e-03
  -7.3288518e-05  -6.8115705e-04  -1.6956679e-04  -1.9854418e-03
  -2.0719960e-06  -7.4482486e-04  -1.7331470e-04  -2.0792718e-03
   2.1532581e-04  -7.7478618e-04  -2.7450824e-04  -2.1168037e-03
   2.9403881e-04  -7.3733453e-04  -1.0960025e-04  -2.2293996e-03
  -1.3316710e-05  -4.5644715e-04   6.2803568e-05  -2.0942846e-03
   3.1662146e-05  -7.4107969e-04  -1.0960025e-04  -1.7715096e-03
   2.0417432e-05  -1.0519284e-03  -1.6956679e-04  -2.0755186e-03
  -1.4075680e-04  -8.7590563e-04  -3.4642066e-05  -2.1318165e-03
   5.4151574e-05  -8.3845398e-04  -1.8081052e-04  -2.2181401e-03
   2.0417432e-05  -6.8864738e-04  -2.6326452e-04  -2.1843613e-03
   1.3286457e-04  -7.5980552e-04  -1.3208770e-04  -1.8878587e-03
   5.4151574e-05  -9.6204443e-04  -2.0704588e-04  -2.0117142e-03
  -1.4825328e-04  -7.6729585e-04  -1.2084397e-04  -1.9704291e-03
  -4.3302614e-05  -6.7366672e-04  -9.8356519e-05  -2.0980378e-03
  -1.2576385e-04  -8.2347332e-04  -3.2697897e-04  -2.3795275e-03
  -7.3288518e-05  -1.0257122e-03  -1.6581888e-04  -2.2556720e-03
  -5.0799090e-05  -8.6092497e-04  -8.7112792e-05  -1.9253907e-03
  -2.3821099e-04  -8.7216047e-04  -1.6956679e-04  -2.1430761e-03
  -2.1572156e-04  -1.1830092e-03  -1.2084397e-04  -2.2519188e-03
   4.6655098e-05  -7.8227651e-04  -3.3822270e-04  -2.1318165e-03
  -1.3700856e-04  -8.0849266e-04  -3.0449151e-04  -2.3795275e-03
  -3.3566518e-04  -1.0107316e-03  -1.8455843e-04  -2.2143869e-03
  -1.2201561e-04  -7.7104101e-04  -4.5440787e-04  -2.3269828e-03
  -1.6699447e-04  -1.0107316e-03  -3.9444133e-04  -2.3232296e-03
  -1.8198742e-04  -9.5455410e-04  -3.1198733e-04  -2.1580889e-03
  -9.2029708e-05  -9.2084761e-04  -4.3192042e-04  -2.3307360e-03
  -2.5320394e-04  -1.1006155e-03  -4.0193715e-04  -2.0042078e-03
  -3.5065813e-04  -1.0444381e-03  -1.7331470e-04  -2.2256465e-03
  -1.6699447e-04  -9.6953476e-04   2.5324478e-05  -2.3607615e-03
  -1.5200152e-04  -8.4968948e-04  -3.0074361e-04  -2.0417398e-03
  -2.8309662e-05  -8.9837662e-04  -5.8183678e-04  -2.2819444e-03
   1.3286457e-04  -7.5231519e-04  -2.9699570e-04  -2.1130505e-03
  -9.9526184e-05  -7.5606035e-04  -4.9633702e-05  -1.9366503e-03
  -1.7074271e-04  -9.3582827e-04  -3.1573524e-04  -2.0867782e-03
  -7.7036756e-05  -6.3246991e-04  -3.8319760e-04  -1.9441567e-03
  -3.2067223e-04  -6.6617639e-04  -2.7076033e-04  -2.0717654e-03
  -2.6070042e-04  -8.7590563e-04  -3.7944969e-04  -2.1693485e-03
   5.4151574e-05  -8.6092497e-04  -1.2084397e-04  -1.9066247e-03
  -1.1077090e-04  -9.1710245e-04  -3.0894157e-05  -1.9216375e-03
  -6.9540280e-05  -8.7216047e-04  -2.2578543e-04  -2.2031273e-03
  -9.2029708e-05  -8.0849266e-04  -1.0210443e-04  -2.2631784e-03
  -9.9526184e-05  -6.1748925e-04   3.2515720e-04  -1.9741823e-03
   4.2906860e-05  -9.1335728e-04   1.6399711e-04  -2.2969572e-03
  -3.3191694e-04  -1.1605382e-03  -4.6587940e-06  -2.0905314e-03
  -3.0567927e-04  -6.3996024e-04   3.8887165e-04  -2.0267270e-03
  -2.9068632e-04  -8.6467014e-04  -4.9188696e-04  -2.4733575e-03
  -1.2576385e-04  -1.1081059e-03   1.2651802e-04  -1.6551605e-03
   2.2282228e-04  -6.7366672e-04  -6.0057633e-04  -2.6384981e-03
  -3.5815461e-04  -6.7366672e-04  -4.5815578e-04  -1.8203012e-03
  -3.5806138e-05  -6.9613771e-04   3.6638420e-04  -2.7398344e-03
  -8.0784994e-05  -8.2721849e-04  -1.7886635e-03  -1.9891950e-03
  -3.3191694e-04  -9.2459278e-04   1.8468083e-03  -1.7790160e-03
   2.3406700e-04  -6.1374408e-04  -3.0104818e-03  -3.3365928e-03
  -5.4547328e-05  -9.0212179e-04   2.2590782e-03  -1.3511572e-04
   1.3661281e-04  -6.5868606e-04  -2.0697567e-03  -4.5638882e-03
  -9.5684720e-06  -7.5231519e-04  -9.7536723e-04   4.0534464e-04
   3.9158622e-05  -1.0781445e-03   3.3384760e-03  -4.9016759e-03
   1.6285048e-04  -5.5382144e-04  -7.7028639e-03  -6.0051215e-04
  -1.5949799e-04  -1.1642833e-03   1.0781823e-02  -1.3736707e-03
   3.0153528e-04  -7.0362804e-04  -1.4898849e-02  -7.5551862e-03
  -2.4983985e-03  -9.9575091e-04   2.4319271e-02   1.3196240e-02
   1.5395690e-02  -9.0212179e-04  -2.2964349e-02  -8.2292598e-02
   2.7442527e-02   2.2587975e-03  -1.6825274e-02  -1.6281744e-01
  -1.7427630e-02   3.6370182e-03   1.7420565e-01  -1.3500625e-01
  -3.7881765e-02   2.7760519e-04   1.5867431e-01  -1.3043486e-01
  -1.1576631e-02  -5.6435007e-03   1.6017348e-01  -9.3582215e-02
   8.4239670e-03  -5.9543494e-03   1.1233891e-01  -5.3760794e-02
  -1.3881797e-02  -1.4788772e-03   7.9747097e-02  -4.3856108e-02
  -2.6063571e-02   3.5625365e-04   3.3422239e-03  -5.0626875e-02
   1.8450504e-02  -2.9207657e-03  -9.7401570e-02  -6.5725986e-02
  -4.0329365e-02  -5.0742356e-03  -2.2534042e-03  -5.6481862e-02
  -8.6140329e-02  -4.2615348e-03  -1.0545208e-01  -5.1636485e-02
  -1.6261928e-02  -3.9619216e-03  -1.1812751e-01  -5.6812144e-02
  -2.7120481e-03  -3.3289887e-03  -6.9014907e-02  -5.6436824e-02
  -4.9197603e-03  -2.8121559e-03  -6.9963128e-02  -4.6062987e-02
   6.7222670e-03  -1.6806945e-04  -5.4817828e-02  -3.0171951e-02
  -3.4317098e-03   3.3378266e-04  -8.8020554e-02  -2.6482559e-02
  -1.1021892e-02  -2.6169857e-04  -5.2621553e-02  -2.9342495e-02
  -9.7699802e-03  -1.0144767e-03  -5.8978007e-02  -2.4467092e-02
  -4.0614138e-03  -2.9207657e-03  -2.7135772e-02  -2.2327770e-02
   6.2462407e-03  -8.0849266e-04  -9.1682963e-03  -2.2080059e-02
  -3.0493895e-03   1.7269840e-03  -7.5079726e-03  -2.5990890e-02
  -9.4476318e-03   2.0752844e-03   7.1463516e-03  -2.2894502e-02
   1.1486371e-03  -1.0556735e-03  -7.1219380e-03  -1.8976165e-02
   6.8609518e-03  -3.7372117e-03   2.5326756e-03  -3.0329586e-02
   1.6284115e-03  -1.6886064e-03  -2.2609000e-03  -2.4497117e-02
  -1.7798706e-02   4.1617629e-04   1.9398038e-04  -1.4551145e-02
   1.0586700e-02  -4.9764397e-04   7.4867091e-04  -1.5264253e-02
   2.0077239e-02  -1.7410387e-03  -1.0840566e-03  -1.4021945e-02
  -1.8102313e-02  -1.1563714e-04   1.1909242e-03  -7.5739522e-03
  -1.1265527e-02   5.3602157e-04  -1.4176205e-03  -1.0640314e-02
   4.0797592e-03  -1.6586451e-03   6.5849330e-06  -1.8544547e-02
   9.0874984e-04  -1.9582583e-03  -9.4163604e-04  -7.7691184e-03
  -1.0354705e-02  -1.3810813e-04  -5.3686187e-04  -7.8066504e-03
  -5.7631138e-03   4.1992146e-04  -7.8422387e-04  -1.5665845e-02
   1.5425676e-02  -1.1938230e-04  -7.5798850e-04  -1.5354330e-02
   3.7948931e-03  -4.2648583e-04  -8.5918205e-04  -1.3072386e-02
  -4.5449365e-03  -8.3470882e-04  -6.3805542e-04  -1.0505199e-02
   6.1337936e-03  -1.1305768e-03  -9.2664441e-04  -1.4175826e-02
   6.9135203e-04  -1.0893800e-03  -6.0057633e-04  -1.3102411e-02
  -1.0553269e-03  -1.0406929e-03  -5.1437442e-04  -8.0055698e-03
   6.1648050e-05  -1.2279511e-03  -1.0165942e-03  -6.3391504e-03
   5.1929859e-03  -1.6174483e-03   3.7388001e-04  -8.3133320e-03
   8.6263719e-03  -3.7779869e-04  -2.0060422e-03  -8.3808895e-03
  -6.8088722e-03   9.7795104e-04   6.3623364e-04  -3.4979802e-03
  -5.6094360e-03  -1.3810813e-04  -2.2683958e-03  -8.3846427e-03
   1.8045787e-03  -1.9769841e-03  -2.4183122e-03  -1.6123735e-02
  -8.1582379e-03  -2.1342811e-03  -4.7532595e-03  -1.0681599e-02
  -1.1542897e-02  -9.1335728e-04  -1.8448119e-02  -4.1360237e-03
   8.3902329e-03  -1.0032412e-03  -1.4643991e-02  -5.0367910e-03
   2.0909348e-02  -6.4745057e-04  -1.0896082e-02  -7.2098921e-03
  -6.5051717e-04   9.8918654e-04  -7.1856524e-03  -4.8528844e-03
  -7.9220989e-03   1.4277925e-04  -2.4895225e-03  -2.6610173e-03
   8.2815340e-03  -2.5275234e-03  -2.4407996e-03  -3.8995723e-03
   4.4733242e-03  -3.7409569e-03  -3.1791377e-03  -2.6910429e-03
  -1.0673306e-02  -2.0144358e-03  -3.8162822e-03  -3.3779405e-05
  -6.2016576e-03  -4.5270199e-04  -1.3389144e-03  -6.1177174e-04
   6.8047282e-03  -1.3889932e-03  -1.4775870e-03  -2.0342334e-03
   1.5459503e-03  -1.5799966e-03   3.2890511e-04   2.1017840e-04
  -7.7346870e-03  -1.1830092e-03  -6.5304705e-04  -5.6673338e-04
  -4.2675668e-03  -1.7372936e-03  -5.7808887e-04  -3.4491887e-03
  -1.9886381e-03  -1.6474096e-03  -2.3398339e-05  -2.8336644e-03
   4.7395423e-04  -7.7853134e-04  -6.8303032e-04  -2.3945403e-03
   1.1561335e-03   1.1281793e-04  -4.9633702e-05  -2.0905314e-03
  -3.9714560e-03   5.3227641e-04  -5.7808887e-04  -1.5913562e-03
  -9.8411035e-04  -4.2274067e-04  -2.2578543e-04  -3.1714521e-03
   2.8166030e-03  -1.9395325e-03  -5.2187024e-04  -4.7252757e-03
  -1.7787368e-03  -1.8459034e-03  -2.1079379e-04  -2.6159789e-03
  -1.5875767e-03  -5.3135045e-04   2.9072387e-05  -1.4937730e-03
   5.0055740e-03  -5.1969330e-05  -1.1334816e-04  -2.7360812e-03
   6.2237513e-03   4.2081450e-06  -3.1198733e-04  -2.4996298e-03
  -2.5658668e-03   6.4130785e-05  -4.6565160e-04  -1.7227181e-03
  -6.8950817e-03  -7.8602167e-04  -3.7570179e-04  -1.6363945e-03
  -2.6520763e-03  -1.7073323e-03  -6.0807214e-04  -2.5409150e-03
  -3.6228699e-03  -1.3290706e-03  -3.8319760e-04  -2.5296554e-03
  -1.8012262e-03  -3.4409220e-04  -2.6326452e-04  -1.6101221e-03
   3.5137752e-03  -1.9054044e-04  -3.7195388e-04  -2.7435876e-03
   4.6157572e-03  -3.7779869e-04  -4.2817251e-04  -3.8094956e-03
  -1.3700856e-04  -3.4783737e-04  -3.4946642e-04  -3.2652820e-03
  -1.0853128e-03  -7.2235387e-04  -4.8813906e-04  -3.2164905e-03
   3.8436202e-03  -1.1268317e-03  -4.9188696e-04  -3.7044061e-03
   1.7146210e-03  -1.0856349e-03  -4.1318088e-04  -3.7456912e-03
   1.1412338e-04  -6.3621507e-04  -7.5049269e-04  -3.4079035e-03
  -5.1558060e-04  -4.8266331e-04  -5.6309724e-04  -2.1580889e-03
   1.5721880e-03  -1.2354415e-03  -6.0057633e-04  -2.3495020e-03
   6.4411491e-03  -1.0257122e-03  -5.2561815e-04  -4.2035813e-03
   3.3901766e-04  -1.2687263e-04  -1.8830634e-04  -2.7623536e-03
  -3.8027853e-03   1.4277925e-04  -5.1437442e-04  -6.6806970e-04
  -6.0553831e-04  -8.9420980e-05  -4.0193715e-04  -1.3098664e-03
  -1.6699447e-04  -1.0594187e-03  -5.4060978e-04  -2.8824559e-03
  -3.1468437e-03  -9.1335728e-04  -5.6309724e-04  -3.1489329e-03
  -3.6041287e-03  -2.3548242e-04  -5.5185351e-04  -2.1881145e-03
   5.4591108e-03  -6.3621507e-04  -6.1182005e-04  -2.7435876e-03
   7.7455360e-03  -8.3096365e-04  -6.4625338e-05  -3.4942270e-03
   1.4785752e-04  -4.8266331e-04  -4.2067669e-04  -2.6835365e-03
  -9.4662797e-04  -5.8378276e-04  -3.7570179e-04  -2.4996298e-03
   3.4987823e-03  -1.5874870e-03  -3.0449151e-04  -2.9800391e-03
   2.3443250e-03  -1.8571389e-03  -2.7076033e-04  -1.9291439e-03
  -3.1693331e-03  -1.0968704e-03  -1.9205424e-04  -6.0801855e-04
  -2.2360218e-03  -1.1043607e-03  -6.3805542e-04  -6.3053773e-04
   3.3526942e-04  -1.3440513e-03  -1.0210443e-04  -5.9300576e-04
  -2.1010853e-03  -1.3178351e-03  -2.6326452e-04   2.8899554e-04
  -3.4729404e-03  -1.7148226e-03  -3.7195388e-04   4.6164260e-04
  -2.1423159e-03  -1.6586451e-03  -1.2154612e-05  -7.0560167e-04
  -2.2060359e-03  -9.6578959e-04  -3.6445806e-04  -1.3173728e-03
   2.4905995e-04  -5.6505694e-04  -3.4946642e-04  -1.1297129e-03
   3.3076222e-03  -2.0552110e-04  -3.2697897e-04  -1.3361388e-03
  -7.4797136e-04  -1.3061780e-04  -3.9069342e-04  -1.0996874e-03
  -3.2555426e-03  -5.0887946e-04  -2.5951661e-04  -1.4074495e-03
   9.1999455e-04  -8.7590563e-04  -3.4642066e-05  -2.9612731e-03
   1.8270681e-03  -9.1335728e-04  -3.2323106e-04  -2.7398344e-03
   4.6645775e-04  -4.7891814e-04  -3.3822270e-04  -1.2310492e-03
   1.2798254e-03  -3.5907286e-04  -1.0960025e-04  -1.2685812e-03
   1.4934750e-03  -4.7517298e-04  -5.5560142e-04  -1.5838498e-03
  -2.0973370e-03  -6.6992156e-04  -3.6445806e-04  -9.2328709e-04
  -5.3807935e-03  -9.8451542e-04  -5.6684514e-04  -4.6915026e-04
  -2.3859514e-03  -1.2616576e-03  -7.6923223e-04  -1.2160365e-03
   1.7034695e-04  -1.2429318e-03  -3.2697897e-04  -1.9704291e-03
  -2.2696628e-04  -5.0513430e-04  -4.5815578e-04  -1.5688370e-03
   1.5910224e-04  -2.9540506e-04  -6.1931587e-04  -1.9591695e-03
   1.4784820e-03  -6.7366672e-04  -5.6684514e-04  -2.8599367e-03
   9.9870755e-04  -7.9725717e-04  -2.2578543e-04  -3.0363370e-03
  -5.6430770e-04  -8.7590563e-04  -5.0313069e-04  -2.7998856e-03
   7.2133794e-04  -8.9088629e-04  -8.6292996e-04  -2.7023025e-03
   2.3480732e-03  -9.9949608e-04  -3.6820597e-04  -2.9537667e-03
   8.5627451e-04  -7.5606035e-04  -1.6956679e-04  -2.7023025e-03
  -6.7675484e-04  -5.5007628e-04  -4.2067669e-04  -2.5521746e-03
  -1.4376472e-03  -8.7590563e-04  -6.3430751e-04  -2.0004546e-03
   1.6762420e-06  -1.1193414e-03  -5.6309724e-04  -2.4283191e-03
   3.9110885e-03  -1.0968704e-03  -4.9938278e-04  -3.7156657e-03
   2.0417432e-05  -4.3023100e-04  -5.9682842e-04  -1.9967014e-03
  -2.9444388e-03   2.6679135e-05  -3.4197060e-04  -7.7691241e-04
   2.2018919e-03  -7.9725717e-04  -4.2817251e-04  -2.2218933e-03
   1.5159644e-03  -1.4152094e-03  -6.7928241e-04  -2.9500135e-03
  -4.3050492e-03  -7.9725717e-04  -3.1573524e-04  -2.3607615e-03
  -3.8889948e-03  -5.9501826e-04  -5.1062651e-04  -2.0454930e-03
   4.4133524e-03  -9.6578959e-04  -5.9682842e-04  -3.0588562e-03
   5.7889557e-03  -9.2459278e-04  -4.0943297e-04  -3.0363370e-03
  -8.1918788e-04  -5.9501826e-04  -4.5815578e-04  -1.6401477e-03
  -6.8050307e-04  -5.2760529e-04  -2.3328124e-04  -2.3682679e-03
   1.8570541e-03  -1.5200740e-03  -4.8064324e-04  -3.0813754e-03
  -5.8679712e-04  -1.8758647e-03  -4.1692878e-04  -1.4637475e-03
  -2.7045516e-03  -1.1717737e-03  -1.3208770e-04  -7.6940602e-04
  -7.1423722e-04  -1.1268317e-03  -4.1692878e-04  -1.0959342e-03
   2.3031876e-04  -1.2766383e-03  -5.4060978e-04  -1.1222065e-03
  -1.3401930e-03  -1.3740126e-03  -4.2067669e-04  -4.8416305e-04
  -1.5013672e-03  -1.2953641e-03  -5.5560142e-04  -3.6030754e-04
  -1.2577317e-03  -9.0961212e-04  -6.2681169e-04  -1.4112027e-03
  -1.0553269e-03  -5.8378276e-04  -1.8830634e-04  -1.4825134e-03
   6.1648050e-05  -4.0401484e-04  -1.2459188e-04  -1.0058574e-03
   1.0511829e-03  -6.3621507e-04  -4.4691206e-04  -1.1559853e-03
  -4.3302614e-05  -7.1486354e-04  -2.4077706e-04  -1.6288881e-03
  -3.0306483e-03  -4.6768265e-04  -1.9955006e-04  -1.4524879e-03
  -1.5538425e-03  -8.0849266e-04  -5.9682842e-04  -1.7114585e-03
   2.3855556e-03  -1.1193414e-03  -5.5560142e-04  -2.3495020e-03
   5.0394013e-04  -6.2872474e-04  -4.7689533e-04  -1.7077053e-03
  -1.1527811e-03  -3.4783737e-04  -4.2817251e-04  -1.3811771e-03
   6.5386965e-04  -5.8003760e-04  -2.7450824e-04  -1.5951094e-03
   2.9403881e-04  -8.9463146e-04  -3.9069342e-04  -1.3248792e-03
  -2.4646644e-03  -9.0212179e-04  -3.1198733e-04  -1.0921810e-03
  -2.8582294e-03  -7.9725717e-04  -2.2203752e-04  -1.4937730e-03
  -4.4811232e-04  -8.7216047e-04  -2.4827288e-04  -1.9141311e-03
   6.0889080e-04  -6.6992156e-04  -3.1198733e-04  -1.7715096e-03
   3.6525533e-04  -6.8490222e-04  -6.7928241e-04  -1.8165480e-03
  -3.2442046e-04  -9.1710245e-04  -5.7059305e-04  -2.3757743e-03
  -8.4533232e-05  -8.4219915e-04  -2.4077706e-04  -2.9087283e-03
   1.6659871e-04  -9.8451542e-04  -5.4060978e-04  -2.5709406e-03
   8.8626041e-04  -1.0818897e-03  -7.2800523e-04  -2.3720211e-03
   1.4822303e-03  -7.5606035e-04  -4.9188696e-04  -2.8073920e-03
   5.4244800e-06  -7.1860870e-04  -4.0193715e-04  -2.7736132e-03
  -6.0179008e-04  -7.1860870e-04  -3.4571851e-04  -2.6422513e-03
   4.7020599e-04  -7.5606035e-04  -3.1948315e-04  -2.3307360e-03
   2.4156347e-04  -1.1043607e-03  -4.2817251e-04  -2.1393229e-03
  -2.5320394e-04  -9.3208311e-04  -3.7570179e-04  -2.6309917e-03
   2.3593179e-03  -5.3884078e-04  -4.6190369e-04  -3.0138178e-03
   7.1758970e-04  -3.3285671e-04  -4.8439115e-04  -2.0980378e-03
  -9.2039031e-04  -2.8042440e-04  -4.9563487e-04  -1.0283766e-03
   1.8682988e-03  -8.5343464e-04  -4.5065997e-04  -2.2706848e-03
  -9.5777946e-05  -9.7702509e-04  -2.7076033e-04  -3.0663626e-03
  -2.0411135e-03  -8.1972816e-04  -3.3072688e-04  -1.7189649e-03
   3.5775885e-04  -1.2841286e-03  -2.1454170e-04  -1.5800966e-03
   3.0677349e-03  -1.0257122e-03  -3.2323106e-04  -2.7811196e-03
   8.4502979e-04  -7.0737321e-04  -4.2817251e-04  -2.8787027e-03
  -2.1273229e-03  -8.5717981e-04  -4.3192042e-04  -1.7489904e-03
   1.2610842e-03  -1.1081059e-03  -4.6190369e-04  -1.7715096e-03
   2.4680168e-03  -1.7110774e-03  -1.0585234e-04  -2.3945403e-03
  -1.6213108e-03  -1.2541673e-03  -3.0074361e-04  -1.7377308e-03
  -2.1460641e-03  -7.6729585e-04  -6.3805542e-04  -1.3961899e-03
   1.1036582e-03  -1.2354415e-03  -3.5696224e-04  -1.3924367e-03
   1.1486371e-03  -1.0032412e-03  -2.6326452e-04  -1.1747513e-03
  -1.5425978e-03  -6.7741189e-04  -2.5576870e-04  -1.1034405e-03
  -2.0973370e-03  -5.9876342e-04  -1.8455843e-04  -1.2911004e-03
  -4.3302614e-05  -6.5119573e-04  -4.9563487e-04  -1.6363945e-03
   8.6002274e-04  -7.0737321e-04  -4.7689533e-04  -1.3624111e-03
  -1.0028515e-03  -5.7629243e-04  -2.1079379e-04  -1.0959342e-03
  -9.5787269e-04  -8.2347332e-04  -3.6071015e-04  -1.4187091e-03
  -4.4811232e-04  -5.7629243e-04  -3.7570179e-04  -1.6138753e-03
  -1.2802212e-03  -6.2497958e-04  -4.0193715e-04  -1.3436452e-03
   1.6762420e-06  -1.0219671e-03  -3.0449151e-04  -1.6138753e-03
  -5.7930065e-04  -9.6578959e-04  -2.4077706e-04  -1.9816886e-03
  -1.2914659e-03  -9.2459278e-04  -5.8558469e-04  -1.7977820e-03
  -4.5560879e-04  -8.1972816e-04  -3.6071015e-04  -1.5313050e-03
   3.9158622e-05  -9.3582827e-04  -2.7825615e-04  -1.2685812e-03
   9.9495931e-04  -8.0474750e-04  -5.2561815e-04  -1.8203012e-03
  -7.7046079e-04  -7.6355068e-04  -4.1692878e-04  -1.9066247e-03
  -1.4976190e-03  -8.2347332e-04  -6.0432423e-04  -1.4750071e-03
   1.6285048e-04  -9.0961212e-04  -5.2936605e-04  -1.6626669e-03
   4.7020599e-04  -1.1006155e-03  -3.7944969e-04  -1.9028715e-03
