  -9.5684720e-06  -9.8826058e-04  -1.0210443e-04  -2.0454930e-03
   2.7913908e-05  -9.9200575e-04  -1.4707934e-04  -1.8315608e-03
  -1.2576385e-04  -8.1972816e-04  -1.1709606e-04  -1.9891950e-03
  -2.0719960e-06  -1.1155962e-03  -2.9699570e-04  -2.1055441e-03
  -9.9526184e-05  -8.1223783e-04  -1.2459188e-04  -1.7339776e-03
  -1.2951209e-04  -9.2459278e-04  -2.8200406e-04  -2.0642590e-03
   1.2920956e-05  -1.0481832e-03  -4.2442460e-04  -2.1130505e-03
  -1.9323213e-04  -7.8976684e-04  -9.8356519e-05  -1.8578331e-03
  -1.7074271e-04  -9.1335728e-04  -2.4077706e-04  -2.0304802e-03
  -1.2201561e-04  -8.9088629e-04  -2.5202079e-04  -2.2068805e-03
  -6.2043804e-05  -8.3470882e-04  -7.5869065e-05  -2.1355697e-03
   4.2906860e-05  -1.0107316e-03  -1.7331470e-04  -2.1618421e-03
  -2.1946980e-04  -8.9837662e-04  -4.0943297e-04  -2.1468293e-03
  -1.5949799e-04  -7.3733453e-04  -5.3686187e-04  -1.9404035e-03
  -1.1077090e-04  -1.1717737e-03  -4.0568506e-04  -2.0229738e-03
  -1.4450504e-04  -8.1972816e-04  -1.9955006e-04  -2.0454930e-03
  -5.8202340e-06  -4.8640847e-04  -2.1454170e-04  -2.0717654e-03
  -8.4533232e-05  -1.0519284e-03  -3.9818924e-04  -2.0867782e-03
  -7.7036756e-05  -9.3582827e-04  -1.7331470e-04  -2.0192206e-03
  -2.4561424e-05  -8.9463146e-04  -1.5457515e-04  -1.8578331e-03
   8.7885716e-05  -9.1335728e-04  -3.2323106e-04  -1.7640032e-03
   1.4785752e-04  -9.2084761e-04  -8.7112792e-05  -2.0454930e-03
  -1.0327442e-04  -1.0968704e-03  -1.6956679e-04  -1.7302244e-03
  -3.9554376e-05  -8.0100233e-04  -2.2578543e-04  -1.7339776e-03
   6.9144526e-05  -8.0474750e-04  -1.0210443e-04  -2.0980378e-03
  -1.5949799e-04  -8.0474750e-04  -1.2833979e-04  -1.7902756e-03
  -8.0784994e-05  -7.7104101e-04  -3.1198733e-04  -1.8841055e-03
   1.7784343e-04  -8.6467014e-04  -5.2187024e-04  -1.8991183e-03
   2.4531171e-04  -6.5868606e-04  -3.8694551e-04  -1.8578331e-03
  -1.2951209e-04  -7.4107969e-04  -2.7076033e-04  -2.0867782e-03
  -5.9429360e-04  -9.5829926e-04  -5.3381611e-05  -1.9404035e-03
  -1.4825328e-04  -8.2347332e-04  -1.9650430e-05  -1.9967014e-03
   1.4785752e-04  -8.2721849e-04  -2.0704588e-04  -2.1655953e-03
   5.4151574e-05  -9.2084761e-04  -2.7825615e-04  -2.0942846e-03
   3.3901766e-04  -9.3582827e-04  -2.3328124e-04  -1.9328971e-03
   8.0389240e-05  -1.0107316e-03  -1.4707934e-04  -2.0567526e-03
   5.4244800e-06  -7.7478618e-04  -1.4707934e-04  -2.1055441e-03
   5.7899812e-05  -8.6841530e-04   2.1576569e-05  -1.9779355e-03
  -2.4561424e-05  -9.5080893e-04  -1.8830634e-04  -2.1918677e-03
   3.5410384e-05  -8.1223783e-04  -1.6581888e-04  -2.0417398e-03
  -1.2201561e-04  -1.0818897e-03  -1.2833979e-04  -1.9816886e-03
   5.7899812e-05  -8.7590563e-04  -3.8694551e-04  -2.3720211e-03
  -1.2951209e-04  -6.0999892e-04  -5.7129520e-05  -2.2068805e-03
  -1.3700856e-04  -6.8115705e-04  -5.3381611e-05  -2.0942846e-03
   1.9283638e-04  -8.0100233e-04  -2.7076033e-04  -2.2631784e-03
   6.1648050e-05  -8.3096365e-04  -1.6207097e-04  -2.0267270e-03
  -9.2029708e-05  -7.7478618e-04  -2.1828961e-04  -2.2781912e-03
  -1.6699447e-04  -8.5343464e-04  -1.8455843e-04  -2.4996298e-03
  -7.7036756e-05  -7.9725717e-04  -1.7331470e-04  -2.0492462e-03
  -1.0327442e-04  -7.7853134e-04  -3.2323106e-04  -2.3157232e-03
  -7.3288518e-05  -7.4857002e-04  -1.4707934e-04  -2.2706848e-03
  -1.7074271e-04  -5.9501826e-04  -2.2203752e-04  -1.8165480e-03
  -2.5695218e-04  -9.3208311e-04  -2.2953333e-04  -2.1393229e-03
  -7.3288518e-05  -9.1335728e-04  -9.1088500e-07  -2.1280633e-03
  -1.3326033e-04  -6.1748925e-04  -1.8081052e-04  -2.1543357e-03
   2.7913908e-05  -9.7702509e-04  -5.3381611e-05  -2.2932040e-03
  -4.7050852e-05  -9.3582827e-04   6.2803568e-05  -2.1993741e-03
  -1.5949799e-04  -9.5455410e-04  -4.5885793e-05  -2.2781912e-03
   1.7784343e-04  -8.5717981e-04  -2.7146248e-05  -2.0680122e-03
   6.5396288e-05  -6.5119573e-04   8.1543113e-05  -1.9816886e-03
  -2.0813186e-05  -9.2084761e-04   2.9517393e-04  -1.8165480e-03
   5.0403336e-05  -6.7741189e-04   1.3401384e-04  -1.8203012e-03
   1.3286457e-04  -7.0362804e-04  -5.7129520e-05  -2.0454930e-03
   1.2911633e-04  -9.6578959e-04   5.5307750e-05  -1.8991183e-03
  -5.8295566e-05  -7.8976684e-04   9.2786840e-05  -2.1393229e-03
   1.6659871e-04  -6.5868606e-04  -4.9633702e-05  -2.1130505e-03
   1.8908814e-04  -7.2609903e-04  -1.1709606e-04  -1.9929482e-03
  -4.3302614e-05  -8.3470882e-04   1.9772829e-04  -2.0980378e-03
   2.0417432e-05  -8.1223783e-04   3.6638420e-04  -1.8841055e-03
  -1.2201561e-04  -8.9088629e-04   2.2396365e-04  -2.0642590e-03
  -1.9698037e-04  -9.1710245e-04  -6.4625338e-05  -1.9816886e-03
   1.4036105e-04  -6.9988288e-04  -1.9580215e-04  -1.9253907e-03
   2.2657052e-04  -7.7104101e-04  -1.3958352e-04  -2.1168037e-03
   1.8908814e-04  -9.3208311e-04  -3.9069342e-04  -1.9216375e-03
   1.3661281e-04  -7.3733453e-04  -3.9069342e-04  -2.0117142e-03
  -1.5574975e-04  -7.5231519e-04  -1.3208770e-04  -2.0192206e-03
  -2.4570747e-04  -9.0586695e-04  -6.4625338e-05  -1.9591695e-03
  -1.5574975e-04  -8.2347332e-04  -3.1198733e-04  -2.1092973e-03
  -2.8309662e-05  -8.1598299e-04  -2.5202079e-04  -2.0492462e-03
   2.4165670e-05  -8.9463146e-04  -1.5082725e-04  -2.0642590e-03
   9.1727180e-06  -8.0849266e-04  -3.4571851e-04  -2.1318165e-03
   6.9144526e-05  -7.8602167e-04  -4.2137884e-05  -2.0379866e-03
  -6.5792042e-05  -1.0294574e-03  -2.3398339e-05  -1.9629227e-03
  -1.3316710e-05  -8.4968948e-04  -7.5869065e-05  -1.9028715e-03
  -5.4547328e-05  -7.2984420e-04  -2.2203752e-04  -2.0867782e-03
  -1.4075680e-04  -9.4706377e-04  -3.8319760e-04  -1.9779355e-03
   1.9283638e-04  -8.3096365e-04  -1.8455843e-04  -1.8728459e-03
  -3.2057900e-05  -1.0519284e-03  -2.3328124e-04  -2.1092973e-03
  -5.0799090e-05  -1.1230865e-03  -1.3958352e-04  -2.0117142e-03
  -2.0719960e-06  -8.8339596e-04  -4.1692878e-04  -2.1618421e-03
  -4.5186056e-04  -7.6729585e-04  -4.0943297e-04  -2.2031273e-03
  -4.1812641e-04  -8.0849266e-04  -2.1454170e-04  -2.0830250e-03
  -2.8318985e-04  -1.1567930e-03  -2.8949988e-04  -2.0454930e-03
  -9.9526184e-05  -9.8826058e-04  -8.3364883e-05  -2.0079610e-03
  -5.0799090e-05  -8.7590563e-04  -4.0193715e-04  -1.9629227e-03
  -2.2696628e-04  -1.0931252e-03  -4.8064324e-04  -1.6776797e-03
  -1.2201561e-04  -9.1335728e-04  -2.3702915e-04  -1.9028715e-03
  -1.5200152e-04  -1.0444381e-03  -2.5576870e-04  -2.1693485e-03
  -2.5320394e-04  -1.0743994e-03  -2.5951661e-04  -2.1768549e-03
  -2.6070042e-04  -8.0849266e-04  -5.3381611e-05  -2.1430761e-03
  -1.0327442e-04  -8.5717981e-04  -1.4707934e-04  -1.8690927e-03
   9.5382192e-05  -8.4219915e-04  -2.8949988e-04  -1.8803523e-03
  -2.3821099e-04  -8.9463146e-04  -1.3583561e-04  -1.8165480e-03
  -7.3288518e-05  -8.3845398e-04  -2.4452497e-04  -1.7902756e-03
   2.7904585e-04  -1.0968704e-03  -5.7129520e-05  -2.0529994e-03
   6.1648050e-05  -1.0706542e-03  -4.5885793e-05  -2.0004546e-03
  -2.1572156e-04  -6.8490222e-04  -3.0894157e-05  -1.9328971e-03
  -2.5695218e-04  -1.1380672e-03   2.5324478e-05  -1.9891950e-03
   3.0528352e-04  -8.7590563e-04  -2.3328124e-04  -1.9554163e-03
   3.2777295e-04  -5.6131177e-04  -2.7450824e-04  -1.7001989e-03
   2.1532581e-04  -7.5606035e-04  -1.6956679e-04  -1.7715096e-03
   6.9144526e-05  -5.8752793e-04  -1.1334816e-04  -2.1017910e-03
  -2.0822509e-04  -6.8490222e-04  -2.3328124e-04  -1.8841055e-03
   9.1727180e-06  -7.9725717e-04   6.6551477e-05  -1.8578331e-03
  -2.0447685e-04  -9.2084761e-04   1.2277011e-04  -1.9629227e-03
  -1.6699447e-04  -8.4594431e-04  -1.0210443e-04  -1.9741823e-03
  -5.8202340e-06  -8.9837662e-04  -8.3364883e-05  -2.1393229e-03
   2.0408109e-04  -8.9088629e-04  -2.0329797e-04  -2.0304802e-03
   2.8654233e-04  -6.9613771e-04  -2.5951661e-04  -2.2293996e-03
  -2.9443456e-04  -9.2084761e-04  -2.9324779e-04  -2.1130505e-03
   2.7913908e-05  -9.2084761e-04  -2.0704588e-04  -1.7790160e-03
   2.5280819e-04  -9.1335728e-04  -2.0704588e-04  -2.2631784e-03
  -1.2951209e-04  -8.8339596e-04  -1.6581888e-04  -2.1580889e-03
   1.7409519e-04  -9.5829926e-04  -1.3208770e-04  -1.9178843e-03
   1.6762420e-06  -1.1305768e-03  -1.4707934e-04  -2.2631784e-03
  -1.5949799e-04  -7.2984420e-04   7.7795204e-05  -2.1693485e-03
   1.5910224e-04  -6.2497958e-04  -4.5885793e-05  -2.3157232e-03
   2.7913908e-05  -8.0474750e-04  -2.5951661e-04  -2.3007104e-03
   1.6762420e-06  -8.1598299e-04  -1.2459188e-04  -2.0079610e-03
   1.6762420e-06  -8.6092497e-04  -5.3381611e-05  -2.3870339e-03
  -2.0719960e-06  -8.1223783e-04  -7.5869065e-05  -2.3720211e-03
   1.6669194e-05  -8.8714113e-04  -3.8389975e-05  -2.3495020e-03
  -9.9526184e-05  -8.2721849e-04  -1.4333143e-04  -2.3232296e-03
  -1.3326033e-04  -7.8227651e-04  -2.1454170e-04  -2.1393229e-03
  -2.8309662e-05  -8.3845398e-04  -1.3208770e-04  -2.5521746e-03
   3.1662146e-05  -8.1223783e-04  -1.5457515e-04  -2.3607615e-03
  -1.2576385e-04  -8.1972816e-04  -2.6326452e-04  -2.0755186e-03
  -4.7050852e-05  -8.1972816e-04  -2.4077706e-04  -2.2819444e-03
   7.6641002e-05  -8.9837662e-04  -2.1828961e-04  -2.4170595e-03
   9.1727180e-06  -8.0474750e-04  -1.6581888e-04  -2.2293996e-03
  -2.8309662e-05  -9.0961212e-04   2.1576569e-05  -2.0229738e-03
  -5.0799090e-05  -7.4107969e-04   1.2651802e-04  -2.1205569e-03
  -5.4547328e-05  -6.0625375e-04  -9.0860701e-05  -1.9366503e-03
   3.1662146e-05  -6.9988288e-04  -1.9580215e-04  -2.0192206e-03
   1.3661281e-04  -4.8640847e-04   8.1543113e-05  -2.0004546e-03
   1.3661281e-04  -7.1860870e-04  -1.1709606e-04  -1.9929482e-03
   2.8654233e-04  -7.5980552e-04  -1.5457515e-04  -2.1243101e-03
   2.3406700e-04  -7.8227651e-04   1.4080751e-05  -1.8653395e-03
   2.0408109e-04  -7.9725717e-04  -3.8389975e-05  -2.0680122e-03
   2.7904585e-04  -6.0625375e-04  -2.3398339e-05  -1.8953651e-03
  -1.3326033e-04  -7.5231519e-04  -1.3208770e-04  -1.8765991e-03
   1.6669194e-05  -9.1335728e-04  -2.7146248e-05  -2.1243101e-03
   3.7650004e-04  -9.2084761e-04  -1.5457515e-04  -1.7940288e-03
   2.3406700e-04  -7.4857002e-04  -1.8081052e-04  -2.0117142e-03
   2.8279409e-04  -8.2347332e-04  -9.0860701e-05  -1.9741823e-03
   9.1633954e-05  -7.7104101e-04  -2.7450824e-04  -1.8165480e-03
  -2.8318985e-04  -6.8490222e-04  -9.1088500e-07  -1.9779355e-03
  -2.9068632e-04  -7.7478618e-04   6.2803568e-05  -1.8803523e-03
  -2.0447685e-04  -7.0737321e-04  -2.1828961e-04  -2.0042078e-03
  -1.4450504e-04  -8.3470882e-04  -1.1334816e-04  -1.9891950e-03
   5.4244800e-06  -8.1598299e-04  -9.8356519e-05  -1.8315608e-03
   4.6655098e-05  -7.5606035e-04  -2.7825615e-04  -1.9891950e-03
   1.4785752e-04  -7.7478618e-04  -1.6581888e-04  -1.9591695e-03
   3.8399652e-04  -9.2459278e-04  -1.9580215e-04  -1.6814329e-03
   1.5535400e-04  -9.2459278e-04  -2.6326452e-04  -2.0117142e-03
  -1.5200152e-04  -7.4482486e-04  -1.6956679e-04  -2.3344892e-03
  -1.5949799e-04  -1.0219671e-03  -1.8081052e-04  -2.0079610e-03
  -1.6324623e-04  -8.0849266e-04  -1.8455843e-04  -1.8803523e-03
  -6.9540280e-05  -6.3246991e-04  -2.6701242e-04  -2.0755186e-03
   1.6762420e-06  -1.0144767e-03  -2.6326452e-04  -2.2444124e-03
  -1.4075680e-04  -1.1343220e-03  -1.9580215e-04  -2.2031273e-03
  -1.4825328e-04  -1.0406929e-03  -2.2953333e-04  -2.1017910e-03
  -1.1077090e-04  -7.8602167e-04  -1.3208770e-04  -2.2481656e-03
  -2.5320394e-04  -7.2984420e-04   6.6621692e-04  -2.2406592e-03
  -1.8573566e-04  -7.7853134e-04   6.4372946e-04  -1.9216375e-03
   1.5910224e-04  -8.9088629e-04  -2.8200406e-04  -2.1918677e-03
  -4.6310527e-04  -9.2084761e-04   1.2508907e-03  -2.0492462e-03
  -4.0688170e-04  -9.0586695e-04  -1.1709606e-04  -2.2969572e-03
  -9.5777946e-05  -9.9949608e-04   4.4064023e-05  -2.0492462e-03
  -4.8184646e-04  -1.1155962e-03   7.6741046e-04  -1.8878587e-03
   9.1999455e-04  -1.1006155e-03  -1.4963266e-03  -2.5972130e-03
  -1.7262615e-03  -9.3582827e-04   2.7088273e-03  -1.3849303e-03
   1.0174487e-03  -1.0032412e-03  -4.0186693e-03  -2.9575199e-03
  -3.0942751e-04  -1.0257122e-03   3.8894187e-03  -8.5572955e-04
  -8.6791497e-04  -8.2721849e-04  -2.9617590e-03  -2.6947961e-03
   1.3285525e-03  -8.2347332e-04  -2.0329797e-04  -1.5951094e-03
  -3.6453593e-03  -7.8227651e-04   4.8713708e-03  -1.0996874e-03
   4.9156163e-03  -7.5980552e-04  -1.0540031e-02  -3.5355122e-03
  -5.8455750e-03  -1.0032412e-03   1.5995165e-02   1.4112014e-03
   5.1030282e-03  -6.8490222e-04  -2.1457690e-02  -6.7595084e-03
  -3.4429545e-03  -1.1193414e-03   2.3213637e-02   3.9108306e-03
   5.0403336e-05  -3.8528902e-04  -1.9621215e-02  -7.9079867e-03
   6.8159729e-03  -9.8451542e-04   9.4513156e-03   2.0830237e-03
  -1.6366879e-02  -8.0474750e-04  -1.3290996e-02   3.9708818e-03
   4.8024101e-02  -1.2687263e-04  -7.7582627e-02  -1.0298022e-01
  -5.4272810e-02   8.8057675e-04   4.4591781e-01  -1.2503776e-01
  -7.7894206e-02   1.1502286e-03   4.1299243e-01  -5.9769663e-02
   7.6641899e-02  -1.0987851e-02   2.0943224e-01  -5.1651498e-02
   2.0699446e-02  -1.7260581e-03   3.8216213e-01  -8.2829305e-02
  -8.6260273e-02   1.0247234e-02   3.7703499e-01  -6.7782738e-02
  -1.3953023e-01  -1.2598272e-02   1.7053270e-01  -1.8476989e-02
   4.2150613e-02  -3.6735861e-02   1.2528044e-01  -2.5491715e-02
   9.1110097e-02  -2.6410441e-02   4.1693897e-01  -7.5026409e-02
  -2.1421762e-01   1.2614179e-02   6.0168020e-02  -5.6838416e-02
  -9.6998975e-02   1.4760580e-03  -1.1997968e-02  -2.1306900e-02
   1.4694760e-01  -3.6724625e-02   1.2626614e-01  -5.5975181e-02
   6.6664089e-02  -3.0357845e-02  -4.7119623e-02  -2.0297290e-02
  -1.1370487e-01   1.3974095e-03  -3.0688790e-02   1.2659533e-02
  -1.6886769e-01   1.6932354e-02   2.7171429e-02  -3.3302118e-02
   5.9160117e-02  -7.9580126e-03   1.7953143e-01  -4.5743966e-02
   4.8039094e-02  -2.5912334e-02  -2.6472392e-02  -1.7260954e-02
  -9.3539351e-02  -6.6172436e-03  -1.2331461e-01   6.0201274e-03
  -5.4805060e-02   1.5471740e-02   1.3542229e-01  -2.6557623e-02
   2.5692193e-03   8.5918715e-03   1.6773301e-01  -5.4267476e-02
   7.7743881e-02  -6.5423403e-03  -1.6795291e-02  -6.3541632e-03
   1.8652909e-02  -4.5049705e-03  -1.1551147e-01   2.4114290e-02
  -3.1483523e-02   2.5771365e-03  -2.2758916e-03  -2.6797827e-02
  -3.3402621e-02   3.0265563e-03   1.2372506e-01  -4.5087156e-02
  -6.1135834e-02  -4.3139671e-03   1.7793459e-03  -7.4876286e-03
  -4.0464208e-03  -7.0179762e-03  -1.4789715e-01   4.4775634e-03
   6.4497608e-02  -5.9468590e-03  -2.5767785e-02  -4.2411132e-03
   2.0144707e-02   3.3149340e-03   9.7530925e-02  -2.1700986e-02
  -8.4978376e-02   9.7903243e-03   2.6399360e-02  -1.5733402e-02
  -3.6288764e-02   5.0606025e-04  -3.8859231e-02  -1.2648280e-03
   7.3568343e-02  -6.5573209e-03   6.6966025e-03  -2.3829048e-02
   2.4560132e-02  -5.2727293e-03   4.4947762e-02  -2.6610167e-02
  -8.7894505e-02   6.3073208e-03  -1.8680489e-02   1.4112014e-03
  -6.6840652e-02   5.0377099e-03  -5.5713578e-02   5.6973524e-03
   6.0423273e-02  -7.9542675e-03  -8.0296341e-04  -9.5218614e-03
   4.6787183e-02  -4.3776349e-03  -3.6145745e-02  -5.3483064e-03
  -5.2983416e-02   1.2026609e-03  -5.8494527e-02  -1.7527436e-03
  -4.7016221e-02   5.3976674e-04   1.5552911e-02  -1.7805167e-02
   2.2558573e-02  -1.9395325e-03   3.5353115e-02  -1.9054982e-02
   3.6689430e-02  -2.7409978e-03  -1.0701191e-02  -9.2966696e-03
  -4.3425316e-03   2.5134687e-03  -4.2764553e-02   1.8916107e-03
  -5.8830574e-03   3.4123083e-03  -1.5757120e-02  -3.0026208e-05
  -6.3515872e-03  -1.8646292e-03   2.8603131e-02  -1.3710429e-02
  -5.8568198e-03  -3.2877919e-03  -2.1007941e-02   3.5955621e-03
  -4.2338327e-03  -3.0743175e-03  -6.2755899e-02   1.3631611e-02
  -4.8635367e-03  -3.0630820e-03  -1.7818470e-02  -8.1782169e-03
   3.6899424e-03  -5.5382144e-04   9.2301890e-03  -1.2415576e-02
  -8.9453679e-03   4.4988278e-04   1.4353581e-02  -9.9609855e-03
   3.0602384e-03   1.1240125e-03  -6.4960372e-03  -9.0301926e-03
   2.4398957e-02   1.6970227e-03  -1.4415369e-02  -2.1881145e-03
   1.6737559e-02  -1.4517680e-05   2.2505283e-02  -1.0599029e-02
  -1.9815258e-02  -6.0999892e-04  -1.8036551e-03  -5.7423920e-03
  -2.7143063e-02  -1.5013482e-03  -3.8045935e-02   9.7883371e-03
   1.0151905e-02  -3.5948954e-03  -1.0498804e-02   2.0154662e-03
   1.3502830e-02  -2.0369068e-03  -8.4936727e-03   1.3661631e-03
  -1.3480736e-02   3.7914630e-05  -1.1102217e-02   2.6009649e-03
  -1.6048279e-02  -5.5756661e-04   2.4127425e-03  -3.8995723e-03
   1.7817051e-02  -1.1081059e-03   1.9945461e-02  -8.8913243e-03
   2.0751922e-02  -5.1262463e-04   3.2238602e-02  -1.2760870e-02
  -5.2158711e-03   7.7196697e-04   1.0747390e-03  -2.2781912e-03
  -4.4999576e-03   4.2081450e-06  -2.5270016e-03  -2.0267327e-04
   5.9014961e-04  -1.9020808e-03   1.4619682e-02  -3.3966439e-03
  -5.1183236e-04  -2.2953232e-03  -1.1735614e-02   3.7569496e-03
  -9.1552692e-03  -1.4938579e-03  -1.5033774e-02   5.8662463e-03
  -8.7354665e-03  -8.6841530e-04  -4.6595618e-03   2.8749483e-03
   5.3878942e-03  -1.3477964e-03   3.9119061e-03  -2.3607615e-03
   4.1997028e-03  -1.5350547e-03   1.7089554e-02  -7.2849560e-03
  -1.6812826e-03   2.0270189e-04   7.6185881e-03  -6.0876862e-03
   4.1847099e-03   8.6559609e-04   7.7310254e-03  -4.6652245e-03
   1.0283093e-02  -2.7293407e-04   1.4792086e-02  -6.0276350e-03
  -2.9443456e-04  -7.1486354e-04   2.8362562e-03  -1.8615863e-03
  -1.0961920e-02  -7.9725717e-04  -6.9083072e-03   2.0192194e-03
  -7.2998914e-03  -1.1006155e-03  -1.1038503e-02   4.0009074e-03
  -4.7434998e-04  -2.2840877e-03  -4.5096454e-03   3.3966427e-03
   1.4035173e-03  -2.1642424e-03   1.0260162e-03  -5.1794182e-04
  -2.7720199e-03  -5.0887946e-04  -2.2009335e-03  -4.7665665e-04
   2.0669554e-03  -3.4783737e-04   1.2262247e-02  -5.7048601e-03
   8.7538120e-03  -7.8185485e-05   1.7730447e-02  -8.9964138e-03
   3.7911449e-03   1.2779859e-04   5.9957435e-03  -4.2823984e-03
  -4.2187465e-04  -9.9575091e-04  -2.0704588e-04  -2.8787027e-03
  -2.3634619e-03  -4.6019232e-04  -2.9879944e-03  -8.5572955e-04
  -2.9631800e-03  -8.2347332e-04  -1.0079038e-02   1.7602488e-03
  -3.5441569e-03  -2.1792230e-03  -1.6188130e-02   3.0926337e-03
  -3.1355990e-03  -1.3328158e-03  -1.6727829e-02   3.0513485e-03
   1.2423430e-03  -1.1230865e-03  -3.8725009e-03  -1.7227181e-03
  -5.9054536e-04  -5.3884078e-04   4.4965799e-03  -5.7198729e-03
   5.9389785e-04  -1.9803077e-04  -1.2152334e-03  -4.9392079e-03
   6.1337936e-03  -4.9015364e-04   6.9620019e-04  -5.5622386e-03
   5.5565650e-03   1.1656309e-04   6.7371273e-04  -5.3820851e-03
   3.3901766e-04  -6.8490222e-04  -7.0020049e-03  -1.7865224e-03
  -7.0600042e-03  -1.0182219e-03  -7.8790156e-03  -7.7691241e-04
  -4.1738609e-03  -1.3590319e-03  -1.2683835e-02   9.4580501e-04
   6.6136613e-04  -2.3589910e-03  -1.1885530e-02   1.5988613e-03
  -1.3851718e-03  -1.4938579e-03  -5.0718318e-03  -6.7557609e-04
  -1.4301507e-03  -6.6243123e-04  -7.0657194e-03  -1.0508958e-03
   1.3472937e-03  -3.0664055e-04  -5.7129520e-05  -3.5467718e-03
   4.7731832e-03  -4.3023100e-04   4.8001605e-03  -6.0576606e-03
   3.9410744e-03  -8.5343464e-04   2.2771156e-04  -4.9241951e-03
  -5.7555241e-04  -5.9501826e-04  -9.1088500e-07  -3.8507808e-03
  -3.3380038e-03  -8.1972816e-04  -3.6176431e-03  -2.4921234e-03
  -2.7832646e-03  -1.2204608e-03  -8.0626631e-03  -5.9675895e-04
  -1.3926683e-03  -1.2541673e-03  -8.9809008e-03   2.2143799e-04
  -5.6805593e-04  -1.4114642e-03  -9.5768184e-03   4.3537022e-04
  -1.5688355e-03  -1.0444381e-03  -4.9406549e-03  -4.7290345e-04
  -2.0186240e-03  -5.9501826e-04  -1.9348319e-03  -2.0642590e-03
   8.0754741e-04  -7.6355068e-04   1.3708238e-03  -3.4191631e-03
   2.1981437e-03  -3.2536638e-04   5.4597925e-03  -4.6614713e-03
   1.5047197e-03  -5.0887946e-04   3.2860053e-03  -4.3311900e-03
   4.5521304e-04  -7.1111837e-04   1.1909242e-03  -3.3103204e-03
  -5.1183236e-04  -8.1930650e-05   1.2696303e-03  -2.4545915e-03
  -1.1527811e-03  -8.1223783e-04  -2.2121772e-03  -8.1069118e-04
  -2.1010853e-03  -1.4788772e-03  -3.9924340e-03   4.4662981e-04
  -2.3334760e-03  -1.4826224e-03  -4.1048712e-03   4.6164260e-04
  -1.0215927e-03  -1.3552868e-03  -1.3389144e-03  -4.3161829e-04
   1.1149029e-03  -5.3135045e-04   2.3602718e-03  -1.8991183e-03
   1.9919906e-03  -3.9652451e-04   2.5551631e-03  -2.5934598e-03
   1.2573360e-03  -3.2162121e-04   4.2004951e-03  -2.8674431e-03
   1.3060631e-03  -1.6806945e-04   6.6816109e-03  -3.5167462e-03
   1.1411406e-03  -7.5606035e-04   5.3960781e-03  -3.1564393e-03
  -1.9323213e-04  -5.3884078e-04   8.6110818e-04  -1.6138753e-03
  -6.9549603e-04  -6.8115705e-04  -2.9580111e-03   2.6271747e-05
   2.3406700e-04  -1.2766383e-03  -2.4295559e-03   1.3136126e-04
   4.0648595e-04  -8.9088629e-04   5.8376292e-04  -6.1927814e-04
  -7.8920198e-04  -7.9725717e-04  -6.6429078e-04  -5.5922698e-04
   3.6900357e-04  -9.8826058e-04   5.2754428e-04  -1.2911004e-03
   2.3968003e-03  -8.4219915e-04   4.5977735e-03  -2.7248217e-03
   2.0744519e-03  -6.1748925e-04   5.1224807e-03  -3.3403460e-03
   8.9375689e-04  -3.4034704e-04   3.1136015e-03  -2.9725327e-03
   6.4637318e-04  -6.0250859e-04   5.2754428e-04  -2.0192206e-03
   9.7996636e-04  -8.2347332e-04  -1.4213684e-03  -1.5725902e-03
  -4.7060175e-04  -6.0625375e-04  -2.7368845e-03  -1.1184533e-03
  -2.6070974e-03  -9.0961212e-04  -5.3679166e-03  -3.9783951e-04
  -1.9099251e-03  -8.3470882e-04  -5.3229417e-03  -5.9300576e-04
   4.7020599e-04  -1.0069864e-03  -3.7338282e-03  -1.6326413e-03
   9.7621812e-04  -1.0594187e-03  -3.5426849e-03  -2.2969572e-03
   2.2657052e-04  -3.8903418e-04  -2.7856073e-03  -2.7135621e-03
   4.1773066e-04  -8.3096365e-04  -1.8111509e-03  -3.1489329e-03
   6.1263904e-04  -9.5829926e-04  -2.6206993e-03  -2.8186516e-03
  -6.8050307e-04  -7.6729585e-04  -4.5771078e-03  -2.3382424e-03
  -1.5800802e-03  -1.0294574e-03  -5.1055629e-03  -1.8991183e-03
  -1.1940117e-03  -1.0781445e-03  -4.5358808e-03  -1.7189649e-03
  -1.0403339e-03  -1.2803834e-03  -5.5927911e-03  -1.3699175e-03
  -8.7915969e-04  -1.1680285e-03  -5.9301029e-03  -8.5197635e-04
  -4.7434998e-04  -9.1710245e-04  -4.1948211e-03  -1.4224623e-03
   1.8908814e-04  -1.0369477e-03  -2.7406324e-03  -2.1393229e-03
   2.1907405e-04  -1.2017350e-03  -9.1914859e-04  -2.8111452e-03
  -1.7074271e-04  -8.9463146e-04  -1.4550996e-03  -2.7210685e-03
   1.8908814e-04  -6.4370540e-04  -2.8942966e-03  -2.3757743e-03
   2.4905995e-04  -7.0737321e-04  -2.5120099e-03  -2.2932040e-03
  -2.2696628e-04  -6.8864738e-04  -2.9580111e-03  -1.9516631e-03
  -7.7046079e-04  -1.0182219e-03  -4.2547876e-03  -1.9216375e-03
  -5.5306298e-04  -1.1230865e-03  -3.9362153e-03  -1.1259597e-03
  -7.7036756e-05  -1.0444381e-03  -3.9699465e-03  -1.0508958e-03
  -1.8948390e-04  -9.6578959e-04  -2.2721437e-03  -1.6138753e-03
   6.9144526e-05  -7.2984420e-04  -4.2442460e-04  -1.7152117e-03
   6.8010732e-04  -6.4370540e-04  -5.8558469e-04  -2.3007104e-03
   1.1786230e-03  -5.0138913e-04   2.9142602e-04  -2.3570083e-03
   1.1523853e-03  -6.6617639e-04   6.5497319e-04  -2.0342334e-03
   4.5146480e-04  -7.1486354e-04  -7.5869065e-05  -1.8878587e-03
   1.0287867e-04  -6.7741189e-04  -2.2578543e-04  -1.4825134e-03
   1.8159167e-04  -1.0332026e-03  -9.4913186e-04  -1.2685812e-03
  -1.5200152e-04  -9.4331860e-04  -1.5038224e-03  -1.2047769e-03
  -5.1932884e-04  -7.5231519e-04  -1.6050159e-03  -1.0508958e-03
  -2.8318985e-04  -9.7702509e-04  -1.0840566e-03  -1.3286324e-03
   5.3017780e-04  -9.2459278e-04   4.5258610e-04  -1.8953651e-03
   7.4757560e-04  -7.8976684e-04   8.2737700e-04  -2.0792718e-03
   8.1879213e-04  -5.2011496e-04   1.3108573e-03  -1.9479099e-03
   1.0324417e-03  -4.0401484e-04   2.1279014e-03  -2.3382424e-03
   1.8159167e-04  -6.8115705e-04   7.9364582e-04  -2.1130505e-03
  -3.5815461e-04  -4.7517298e-04  -1.2452167e-03  -1.2648280e-03
  -4.5560879e-04  -8.6841530e-04  -1.3501581e-03  -1.4825134e-03
  -4.3311937e-04  -1.1343220e-03  -5.8933260e-04  -1.4787603e-03
  -7.3297841e-04  -1.0069864e-03  -8.5168623e-04  -1.3398920e-03
  -7.5171960e-04  -1.1904995e-03  -1.4176205e-03  -1.4900198e-03
   4.8894718e-04  -7.6729585e-04  -2.1079379e-04  -1.6176285e-03
   5.9764608e-04  -8.4594431e-04   3.8512374e-04  -2.3119700e-03
   3.9158622e-05  -8.0474750e-04   6.6551477e-05  -2.4545915e-03
  -1.5574975e-04  -6.6992156e-04  -2.8575197e-04  -2.2444124e-03
  -2.4945570e-04  -8.5343464e-04  -9.9785468e-04  -2.1280633e-03
  -3.6190284e-04  -8.3096365e-04  -1.4700912e-03  -1.8127948e-03
  -1.0103480e-03  -1.0931252e-03  -1.9498236e-03  -1.7114585e-03
  -9.2788678e-04  -8.7590563e-04  -2.7631198e-03  -1.7677564e-03
   1.5160576e-04  -8.1598299e-04  -2.3208666e-03  -2.0567526e-03
   5.0019190e-04  -1.0032412e-03  -1.5975201e-03  -2.1468293e-03
  -3.9554376e-05  -8.8339596e-04  -1.7886635e-03  -2.0792718e-03
  -1.6324623e-04  -8.0100233e-04  -1.2602083e-03  -2.3870339e-03
   8.0389240e-05  -7.7478618e-04  -7.7298014e-04  -2.4958766e-03
   2.0033286e-04  -8.4968948e-04  -1.8823612e-03  -2.2218933e-03
   1.8533990e-04  -8.0849266e-04  -2.8080947e-03  -2.1843613e-03
  -7.3288518e-05  -7.6355068e-04  -3.0367172e-03  -2.1393229e-03
  -1.9698037e-04  -8.3470882e-04  -3.5801640e-03  -1.8465736e-03
  -8.4533232e-05  -8.3096365e-04  -3.0554567e-03  -1.8465736e-03
   2.6405290e-04  -7.0362804e-04  -2.4782787e-03  -1.9516631e-03
   4.9269542e-04  -5.6131177e-04  -2.0435213e-03  -1.8690927e-03
   2.2657052e-04  -6.0999892e-04  -1.5150661e-03  -2.0717654e-03
   4.1023418e-04  -6.8115705e-04  -1.5637889e-03  -2.1693485e-03
   8.6751922e-04  -5.2386012e-04  -1.5975201e-03  -2.0004546e-03
   8.0754741e-04  -6.5868606e-04  -1.6612346e-03  -2.0079610e-03
   3.0528352e-04  -7.5231519e-04  -2.0884962e-03  -1.8803523e-03
  -1.9323213e-04  -7.8227651e-04  -2.3808331e-03  -1.5876030e-03
  -6.5792042e-05  -7.3358936e-04  -2.4557913e-03  -1.5650838e-03
   2.7913908e-05  -7.8602167e-04  -2.3058749e-03  -1.8428204e-03
  -8.0784994e-05  -9.3957344e-04  -2.3246145e-03  -1.6964457e-03
   3.1662146e-05  -5.9501826e-04  -2.3096228e-03  -1.6439009e-03
   1.8908814e-04  -8.6841530e-04  -2.3133707e-03  -2.0454930e-03
   4.2897537e-04  -8.2721849e-04  -1.8898570e-03  -2.0342334e-03
   5.0019190e-04  -7.7853134e-04  -1.3351665e-03  -1.9141311e-03
   2.4165670e-05  -1.0332026e-03  -1.5450494e-03  -1.8690927e-03
  -5.8304889e-04  -7.5980552e-04  -1.6387471e-03  -1.7264713e-03
  -4.7434998e-04  -8.2721849e-04  -1.6125118e-03  -1.7827692e-03
  -1.6324623e-04  -8.4594431e-04  -1.7361928e-03  -1.8278076e-03
  -4.0688170e-04  -1.1193414e-03  -1.5188140e-03  -1.4449815e-03
  -4.4436408e-04  -1.1305768e-03  -1.1252836e-03  -1.5800966e-03
   5.4244800e-06  -7.0362804e-04  -8.5543414e-04  -1.9967014e-03
   5.7899812e-05  -7.8227651e-04  -4.5065997e-04  -1.7752628e-03
  -5.4547328e-05  -9.9949608e-04   6.2803568e-05  -1.7752628e-03
   4.2906860e-05  -9.2459278e-04   3.6638420e-04  -1.9929482e-03
