  -1.5949799e-04  -9.7327992e-04  -4.5440787e-04  -2.4208127e-03
  -8.0784994e-05  -7.7853134e-04  -1.4707934e-04  -2.6835365e-03
  -6.2043804e-05  -6.0250859e-04   1.0028266e-04  -2.2969572e-03
   1.4036105e-04  -7.5231519e-04  -9.0860701e-05  -2.0755186e-03
  -1.5574975e-04  -6.9988288e-04   2.9072387e-05  -2.2856976e-03
  -3.2057900e-05  -8.5343464e-04   5.9055659e-05  -2.1731017e-03
   1.3661281e-04  -7.8976684e-04   4.0316114e-05  -1.9216375e-03
  -1.1451914e-04  -7.3358936e-04   5.9055659e-05  -2.1318165e-03
  -1.4825328e-04  -8.0100233e-04  -7.2121156e-05  -2.2293996e-03
   3.1662146e-05  -5.9876342e-04   1.0332842e-05  -1.9366503e-03
  -2.8309662e-05  -8.3470882e-04  -1.2154612e-05  -2.3570083e-03
  -2.0813186e-05  -6.9239255e-04  -2.8200406e-04  -2.1618421e-03
  -2.8309662e-05  -5.4258595e-04   4.0316114e-05  -1.9366503e-03
  -1.7074271e-04  -6.4370540e-04   3.7762792e-04  -2.1618421e-03
   1.2161986e-04  -6.9613771e-04   5.5307750e-05  -2.0267270e-03
   3.5410384e-05  -1.0706542e-03  -9.4608610e-05  -2.3532552e-03
  -5.8295566e-05  -6.5868606e-04  -1.0585234e-04  -2.1168037e-03
  -9.5777946e-05  -6.6243123e-04  -1.4707934e-04  -1.9629227e-03
  -1.9698037e-04  -1.0032412e-03  -9.0860701e-05  -2.1956209e-03
   9.5382192e-05  -7.1111837e-04  -1.9205424e-04  -2.0980378e-03
  -5.4547328e-05  -8.1598299e-04  -3.8694551e-04  -2.0229738e-03
  -1.2576385e-04  -8.6092497e-04  -2.7450824e-04  -1.9591695e-03
  -1.6324623e-04  -9.5829926e-04  -7.5869065e-05  -2.1505825e-03
  -1.1451914e-04  -9.8826058e-04  -2.3702915e-04  -2.1280633e-03
  -1.1826737e-04  -9.1710245e-04  -2.5202079e-04  -2.3157232e-03
  -2.2321804e-04  -9.5455410e-04  -1.3208770e-04  -2.2481656e-03
  -5.8202340e-06  -7.6355068e-04  -1.5082725e-04  -1.8428204e-03
  -3.4316165e-04  -8.3845398e-04  -1.8455843e-04  -2.1806081e-03
  -1.9698037e-04  -7.3733453e-04  -1.4707934e-04  -2.0792718e-03
  -6.9540280e-05  -7.7478618e-04  -2.2953333e-04  -1.9328971e-03
  -4.2187465e-04  -1.1455575e-03  -5.1812233e-04  -2.1993741e-03
  -1.5949799e-04  -8.8339596e-04  -3.0449151e-04  -2.0229738e-03
  -1.8573566e-04  -7.8976684e-04  -1.5082725e-04  -2.0304802e-03
  -3.6565108e-04  -9.6578959e-04  -2.6701242e-04  -2.0905314e-03
  -3.4316165e-04  -7.8602167e-04  -3.1573524e-04  -1.8916119e-03
  -2.6070042e-04  -7.3358936e-04  -3.6071015e-04  -2.0079610e-03
  -2.0822509e-04  -1.1418123e-03  -1.5832306e-04  -2.1843613e-03
  -2.0072861e-04  -1.2541673e-03  -2.6326452e-04  -1.9516631e-03
  -2.0822509e-04  -9.5455410e-04  -1.3958352e-04  -2.0117142e-03
  -2.5695218e-04  -9.5829926e-04  -1.6207097e-04  -2.0342334e-03
  -2.6070042e-04  -9.7327992e-04  -5.0313069e-04  -1.9741823e-03
  -1.5574975e-04  -9.4331860e-04  -4.9563487e-04  -2.0942846e-03
   6.5396288e-05  -8.4594431e-04  -4.7314742e-04  -1.7339776e-03
  -2.1572156e-04  -8.1972816e-04  -2.1079379e-04  -1.8165480e-03
  -3.5815461e-04  -8.8714113e-04  -2.5576870e-04  -1.9366503e-03
  -1.4450504e-04  -1.0219671e-03  -1.3958352e-04  -1.9291439e-03
   1.6669194e-05  -8.6092497e-04  -4.6587940e-06  -1.8578331e-03
  -5.4547328e-05  -6.6617639e-04  -2.2578543e-04  -1.5538242e-03
  -2.8318985e-04  -9.8451542e-04  -1.2833979e-04  -1.9141311e-03
  -1.2576385e-04  -9.6578959e-04  -1.4707934e-04  -1.8578331e-03
  -8.4533232e-05  -1.0556735e-03  -4.6587940e-06  -1.7715096e-03
  -6.9540280e-05  -1.0332026e-03   1.4080751e-05  -2.0342334e-03
  -1.5574975e-04  -8.5343464e-04  -2.2203752e-04  -1.9891950e-03
  -2.3446275e-04  -9.5829926e-04  -3.8389975e-05  -1.9404035e-03
  -1.7449094e-04  -6.7366672e-04  -2.7146248e-05  -1.7940288e-03
  -1.9323213e-04  -6.3246991e-04  -3.4571851e-04  -1.8540799e-03
  -7.7036756e-05  -9.3208311e-04  -2.5202079e-04  -1.8653395e-03
  -1.8948390e-04  -9.5455410e-04  -3.4642066e-05  -1.9066247e-03
  -2.4570747e-04  -8.9088629e-04  -4.9633702e-05  -1.9779355e-03
  -1.9698037e-04  -8.6092497e-04  -4.9633702e-05  -1.9141311e-03
  -2.1946980e-04  -1.0032412e-03  -2.8200406e-04  -2.0680122e-03
  -1.3700856e-04  -8.4968948e-04  -3.1948315e-04  -2.0755186e-03
  -2.4945570e-04  -7.4482486e-04  -3.1573524e-04  -2.1130505e-03
  -2.2321804e-04  -9.5829926e-04  -2.6326452e-04  -1.9967014e-03
   1.2920956e-05  -6.0250859e-04   1.4080751e-05  -2.0605058e-03
   5.0403336e-05  -7.4107969e-04  -3.2697897e-04  -2.2969572e-03
  -6.5792042e-05  -1.1118510e-03  -2.1828961e-04  -2.0717654e-03
  -2.1572156e-04  -9.1710245e-04   1.6774502e-04  -2.1843613e-03
  -1.6324623e-04  -8.4968948e-04  -9.0860701e-05  -2.1843613e-03
  -5.4547328e-05  -7.5231519e-04  -1.8830634e-04  -2.2068805e-03
  -1.6699447e-04  -7.4482486e-04  -1.1334816e-04  -2.5784470e-03
  -2.0072861e-04  -7.5606035e-04  -1.8081052e-04  -2.3382424e-03
  -1.7064948e-05  -8.3096365e-04  -2.7076033e-04  -2.2143869e-03
  -4.7050852e-05  -8.2721849e-04  -7.2121156e-05  -2.3870339e-03
  -8.0784994e-05  -7.6355068e-04  -1.3958352e-04  -2.1618421e-03
   3.9158622e-05  -8.7590563e-04  -1.7331470e-04  -2.1092973e-03
  -8.8281470e-05  -8.6467014e-04   7.0299386e-05  -2.1956209e-03
  -1.5200152e-04  -9.1335728e-04  -2.7146248e-05  -2.2293996e-03
  -3.5806138e-05  -7.8976684e-04   6.2803568e-05  -2.4283191e-03
  -2.0822509e-04  -7.0362804e-04  -6.4625338e-05  -2.5596810e-03
  -2.0072861e-04  -9.3208311e-04  -2.5576870e-04  -2.3795275e-03
   1.0287867e-04  -8.8714113e-04  -1.2459188e-04  -2.3194764e-03
  -4.7050852e-05  -7.8602167e-04  -2.8575197e-04  -2.5296554e-03
  -1.3700856e-04  -8.3845398e-04  -1.7706261e-04  -2.2669316e-03
   1.2536810e-04  -8.0849266e-04  -1.5902521e-05  -2.2106337e-03
   1.6285048e-04  -6.1748925e-04  -2.3328124e-04  -2.2669316e-03
   5.7899812e-05  -7.0737321e-04  -6.0877429e-05  -2.0267270e-03
   1.8908814e-04  -8.0849266e-04   8.5291022e-05  -2.2068805e-03
   1.8159167e-04  -6.4370540e-04  -4.5885793e-05  -2.0980378e-03
  -8.4533232e-05  -6.7366672e-04   1.4080751e-05  -2.2669316e-03
   3.1662146e-05  -7.5231519e-04  -1.0210443e-04  -2.1881145e-03
   2.0417432e-05  -9.6578959e-04  -1.0585234e-04  -1.9103779e-03
  -1.5200152e-04  -7.6729585e-04   4.7811932e-05  -2.2744380e-03
  -3.5806138e-05  -7.1486354e-04   1.4150966e-04  -1.9591695e-03
   3.9158622e-05  -8.9088629e-04  -1.2084397e-04  -2.0417398e-03
   1.7784343e-04  -5.5007628e-04  -2.6326452e-04  -2.1655953e-03
   3.9158622e-05  -8.4968948e-04   1.3026593e-04  -2.0379866e-03
  -1.7064948e-05  -9.2084761e-04  -1.2084397e-04  -2.2031273e-03
   1.0662691e-04  -7.6355068e-04  -1.2459188e-04  -2.0755186e-03
  -1.5200152e-04  -9.2459278e-04   1.4525757e-04  -2.1092973e-03
  -2.0719960e-06  -5.9127309e-04  -1.3958352e-04  -1.8916119e-03
   8.7885716e-05  -6.3621507e-04  -1.5457515e-04  -1.9516631e-03
  -1.5949799e-04  -8.3845398e-04   6.6551477e-05  -2.1168037e-03
  -6.5792042e-05  -8.9463146e-04  -1.1709606e-04  -1.9178843e-03
  -1.0702266e-04  -9.4706377e-04  -3.1198733e-04  -1.9253907e-03
  -2.2321804e-04  -7.6355068e-04  -1.9205424e-04  -1.9178843e-03
  -2.6070042e-04  -8.2347332e-04  -3.6071015e-04  -2.1055441e-03
  -2.7194513e-04  -8.4219915e-04  -3.5696224e-04  -2.2143869e-03
  -1.9323213e-04  -8.3096365e-04  -1.8081052e-04  -2.0567526e-03
  -1.5949799e-04  -9.9575091e-04  -1.7706261e-04  -2.0980378e-03
  -1.1451914e-04  -9.1710245e-04  -1.7331470e-04  -1.8841055e-03
  -3.4316165e-04  -8.9463146e-04  -2.5576870e-04  -1.8991183e-03
  -2.8318985e-04  -1.0669090e-03  -3.6071015e-04  -2.2969572e-03
  -2.0719960e-06  -1.0444381e-03  -1.9580215e-04  -2.1543357e-03
  -2.5320394e-04  -9.4706377e-04  -3.0894157e-05  -2.0642590e-03
  -2.7194513e-04  -7.9351200e-04  -3.0449151e-04  -2.0567526e-03
  -1.2201561e-04  -9.5080893e-04  -1.9580215e-04  -2.1280633e-03
  -1.8198742e-04  -1.1305768e-03  -3.2323106e-04  -2.1543357e-03
  -2.9068632e-04  -7.8976684e-04  -4.9563487e-04  -2.0379866e-03
  -1.7823918e-04  -8.3845398e-04  -1.2084397e-04  -2.1318165e-03
  -2.4570747e-04  -9.6204443e-04  -3.3822270e-04  -1.9479099e-03
  -5.6805593e-04  -8.4968948e-04  -3.7570179e-04  -1.8503268e-03
  -2.3071451e-04  -8.0849266e-04  -1.6956679e-04  -2.0079610e-03
  -9.9526184e-05  -8.8714113e-04  -1.8830634e-04  -1.9066247e-03
  -2.4570747e-04  -9.0212179e-04  -1.0585234e-04  -1.8240544e-03
  -1.1077090e-04  -7.9351200e-04  -1.9205424e-04  -2.0492462e-03
  -3.2057900e-05  -9.5080893e-04  -4.0568506e-04  -1.9891950e-03
   7.2892764e-05  -9.8826058e-04  -3.0823942e-04  -1.9328971e-03
  -5.0799090e-05  -8.6092497e-04   6.6551477e-05  -2.0304802e-03
  -1.9698037e-04  -8.4968948e-04  -1.8455843e-04  -1.7114585e-03
  -9.5777946e-05  -9.5455410e-04  -4.0943297e-04  -1.6626669e-03
  -7.7036756e-05  -9.2833794e-04  -1.3958352e-04  -1.7602500e-03
  -1.1077090e-04  -1.0781445e-03  -1.0585234e-04  -1.6964457e-03
  -8.8281470e-05  -9.5080893e-04  -2.7450824e-04  -1.8991183e-03
  -1.7074271e-04  -7.4482486e-04  -1.5082725e-04  -1.9441567e-03
  -1.6324623e-04  -1.0332026e-03   1.3401384e-04  -1.9441567e-03
  -1.3326033e-04  -7.2609903e-04  -2.7825615e-04  -1.9554163e-03
  -6.9540280e-05  -7.7853134e-04  -2.3702915e-04  -1.9704291e-03
  -7.7036756e-05  -1.0781445e-03  -6.4625338e-05  -2.1881145e-03
  -1.6699447e-04  -9.5080893e-04  -2.8949988e-04  -1.9666759e-03
  -2.4561424e-05  -8.8714113e-04  -6.4625338e-05  -1.9291439e-03
  -2.5695218e-04  -7.8227651e-04  -6.4625338e-05  -2.0605058e-03
  -2.3821099e-04  -7.8227651e-04  -1.0210443e-04  -1.9103779e-03
  -5.0799090e-05  -8.0849266e-04  -2.2953333e-04  -1.9704291e-03
  -1.6324623e-04  -8.7965080e-04  -6.8373247e-05  -2.0792718e-03
  -3.9554376e-05  -8.0849266e-04  -4.5885793e-05  -2.3194764e-03
  -1.0702266e-04  -9.3582827e-04  -3.6820597e-04  -2.2181401e-03
   3.1662146e-05  -8.9837662e-04  -1.5082725e-04  -2.1881145e-03
  -2.0813186e-05  -7.6729585e-04  -2.0329797e-04  -2.3532552e-03
  -3.5815461e-04  -8.5717981e-04  -2.8575197e-04  -2.1355697e-03
  -1.3326033e-04  -8.3845398e-04  -1.9205424e-04  -2.1243101e-03
  -2.8309662e-05  -1.1193414e-03  -1.9955006e-04  -2.0755186e-03
  -4.3302614e-05  -8.6467014e-04  -2.4077706e-04  -2.4020467e-03
  -8.0784994e-05  -8.7216047e-04  -9.0860701e-05  -2.3607615e-03
  -1.5574975e-04  -1.1717737e-03   5.1559841e-05  -2.0529994e-03
   1.2920956e-05  -6.5868606e-04  -2.6326452e-04  -2.3682679e-03
  -4.3302614e-05  -6.5868606e-04  -2.4452497e-04  -2.4020467e-03
  -2.1197332e-04  -8.7965080e-04  -2.0329797e-04  -2.5071362e-03
  -1.1077090e-04  -8.5717981e-04  -3.2323106e-04  -2.1468293e-03
  -1.7449094e-04  -7.5606035e-04  -1.2459188e-04  -2.1731017e-03
  -2.4570747e-04  -6.8864738e-04  -7.5869065e-05  -2.4620979e-03
   6.9144526e-05  -9.4706377e-04  -7.9616974e-05  -2.2106337e-03
   3.9158622e-05  -1.0406929e-03  -1.3958352e-04  -2.5371618e-03
  -1.5574975e-04  -9.8077025e-04  -2.6701242e-04  -2.3457488e-03
  -1.2576385e-04  -1.0332026e-03  -1.5457515e-04  -2.3344892e-03
  -8.0784994e-05  -9.0961212e-04  -1.4707934e-04  -2.6272385e-03
  -5.8295566e-05  -6.5868606e-04  -2.4077706e-04  -2.3795275e-03
  -1.4075680e-04  -7.1486354e-04  -2.4452497e-04  -2.3682679e-03
   8.4137478e-05  -6.3621507e-04  -2.4827288e-04  -2.1618421e-03
   9.5382192e-05  -5.3509562e-04  -3.8389975e-05  -2.0154674e-03
   8.7885716e-05  -8.6092497e-04  -8.4067030e-06  -2.1618421e-03
   2.7529762e-04  -8.5343464e-04  -9.0860701e-05  -2.0529994e-03
  -1.1451914e-04  -6.8115705e-04   5.5307750e-05  -2.0680122e-03
  -4.3302614e-05  -7.2609903e-04  -9.1088500e-07  -2.0905314e-03
   2.4531171e-04  -6.5119573e-04  -3.8389975e-05  -2.0642590e-03
   2.7913908e-05  -6.3246991e-04   6.2803568e-05  -2.2481656e-03
  -2.0813186e-05  -7.7478618e-04  -2.0329797e-04  -2.0642590e-03
  -1.1077090e-04  -8.3845398e-04  -3.1573524e-04  -2.0417398e-03
   3.9158622e-05  -6.6992156e-04  -8.7112792e-05  -2.1430761e-03
  -1.3316710e-05  -6.9988288e-04  -2.2578543e-04  -2.0192206e-03
  -2.3071451e-04  -7.5231519e-04  -5.3381611e-05  -2.0117142e-03
  -6.5792042e-05  -9.9200575e-04   1.1527429e-04  -2.0792718e-03
   9.5382192e-05  -1.2354415e-03   4.7811932e-05  -2.2031273e-03
   5.1893309e-04  -1.0369477e-03   6.2803568e-05  -2.1280633e-03
  -6.6551012e-04  -1.1155962e-03  -4.2817251e-04  -2.1956209e-03
  -9.5684720e-06  -8.7216047e-04  -2.8575197e-04  -2.1355697e-03
   1.3661281e-04  -1.2129705e-03   2.9072387e-05  -2.0417398e-03
  -9.2413854e-04  -6.8864738e-04  -2.7825615e-04  -2.0680122e-03
   1.4409996e-03  -1.0257122e-03   2.8393020e-04  -1.9741823e-03
  -2.3409725e-03  -7.7478618e-04  -7.4299687e-04  -1.9178843e-03
   1.8570541e-03  -7.7853134e-04   7.7795204e-05  -2.2744380e-03
  -1.6887791e-03  -1.4414255e-03   3.8512374e-04  -1.9741823e-03
   3.9158622e-05   1.8397606e-04  -1.2002418e-03  -1.9141311e-03
   1.6771386e-03  -2.8645882e-03   1.1159660e-03  -2.2406592e-03
  -5.0397039e-03   1.1764448e-03  -2.1297232e-03  -1.6626669e-03
   7.5581241e-03  -2.7185268e-03   2.1541368e-03  -2.6947961e-03
  -1.0414677e-02   5.6640455e-05  -2.0210338e-03  -1.5500710e-03
   1.0732882e-02  -1.7555978e-04   3.8887165e-04  -2.4395787e-03
  -9.5863166e-03  -3.9769022e-03   8.0114164e-04  -1.7715096e-03
   4.2634228e-03   5.0901422e-03  -4.0823838e-03  -1.6026158e-03
   4.6344984e-03  -1.0553412e-02   6.7903002e-03  -3.1301669e-03
  -1.9425441e-02   1.2947498e-02  -1.0948553e-02  -2.3269885e-04
   3.8154991e-02  -1.9051191e-02   1.3911327e-02  -4.8641439e-03
  -1.5429829e-01  -7.5097586e-02  -1.9332626e-02   6.3916939e-03
   5.3695186e-02  -8.7198214e-02   2.5900888e-02  -7.4500967e-03
   2.8325602e-01  -1.2088597e-01   1.0526661e-01  -2.8254068e-02
  -2.6487122e-02  -8.1887570e-02  -6.8269073e-02   6.0614125e-03
  -2.0703590e-02  -5.6075893e-02  -1.7178632e-01   2.6497565e-03
   6.3399467e-03  -4.4076384e-02  -3.4923927e-02  -3.1414260e-02
  -3.3500075e-02  -3.3979419e-02   1.4433481e-01  -5.1527642e-02
  -2.7082998e-03  -4.4098855e-02   5.9939398e-02  -3.1297910e-02
  -3.3646256e-02  -5.3783852e-02  -6.6934818e-02   1.7422340e-02
  -3.8747608e-02  -6.2525067e-02  -4.0763169e-02   6.6318985e-03
  -2.9362020e-02  -2.5792488e-02   2.2374106e-02  -8.0393486e-03
   7.8879690e-03  -2.7084570e-02  -2.7975304e-02  -1.4224623e-03
  -3.8290230e-03  -2.1758946e-02  -7.6997953e-02  -2.2293996e-03
   3.6525533e-04  -1.4422167e-02   2.9648797e-02  -1.0677846e-02
  -2.5433774e-03  -3.3878300e-02   5.3567952e-02  -2.3705193e-02
  -9.8112108e-03  -2.9852247e-02   5.2267428e-02  -1.2633262e-02
  -3.3829827e-03  -2.5837430e-02  -4.8405156e-02   6.0276337e-03
  -6.1416858e-03  -1.2253717e-02  -2.7982799e-02   7.3187335e-03
   3.4875376e-03  -8.2389000e-03   4.6202609e-03  -1.9779355e-03
  -3.2592908e-03  -9.0961212e-04  -2.2514600e-02   2.4620966e-03
   2.3968003e-03  -2.0369068e-03   2.2895065e-02  -1.8803523e-03
  -8.8366690e-03  -2.2706472e-02   2.6882840e-02  -1.3530276e-02
  -1.5579749e-02  -2.1830104e-02   5.2799631e-02  -1.1101957e-02
  -2.4570747e-04  -1.9141075e-02  -3.1029849e-02   2.2106324e-03
  -3.2405496e-03  -1.3714331e-02  -3.1033597e-02   1.2539431e-02
   1.6669194e-05  -7.5160832e-03   8.6380194e-03  -4.0196746e-03
   6.8010732e-04  -8.2800968e-03   2.6451129e-03  -4.3874879e-03
  -1.2427388e-03  -4.5274415e-03  -6.0238006e-03   6.9809401e-04
   1.2536810e-04  -8.0553869e-03   1.0384545e-02  -8.0806338e-03
  -1.3514377e-03  -1.5605640e-02   3.9715681e-02  -9.5368742e-03
   6.9144526e-05  -1.0703219e-02   1.0260162e-03  -4.2486196e-03
  -7.1423722e-04  -3.4488340e-03  -3.5868400e-02   9.0714765e-03
  -2.4570747e-04  -3.6997600e-03  -3.0467663e-02   5.6110289e-03
   1.5160576e-04  -2.1567521e-03   6.9739478e-03  -4.3311900e-03
  -2.9443456e-04  -7.8531480e-03   6.2618451e-03  -5.6410557e-03
  -1.4450504e-04  -1.2163833e-02   9.2939034e-03  -6.2603332e-03
  -4.9683941e-04  -1.0107737e-02   6.9214770e-03  -5.5509790e-03
  -3.6190284e-04  -8.7482425e-03   2.6788440e-03  -3.3853843e-03
  -4.0688170e-04  -6.7366672e-04  -1.1671900e-02   7.4688557e-04
  -3.5440637e-04  -2.7971753e-03  -2.2799441e-02   2.9837910e-03
  -2.9818280e-04  -7.2314506e-03  -9.6667682e-03   8.7449427e-04
  -3.3566518e-04  -5.5498716e-03   6.6104006e-03  -4.6351989e-03
  -3.5440637e-04  -8.6546133e-03   1.8281389e-02  -8.1106593e-03
  -4.6310527e-04  -7.2539216e-03   4.3166803e-03  -6.1026990e-03
  -3.3566518e-04  -5.2390229e-03  -7.2268794e-03  -1.1897641e-03
  -2.1572156e-04  -3.4975211e-03  -1.1825564e-02   6.4930245e-04
  -2.8318985e-04  -1.1268317e-03  -9.0183799e-03   7.6189836e-04
  -4.7050852e-05  -4.1791412e-03  -4.6595618e-03  -1.6889450e-04
  -3.4690989e-04  -5.1304131e-03   2.6338691e-03  -3.5542782e-03
  -4.7434998e-04  -3.5911503e-03   6.6403839e-03  -4.9317015e-03
  -1.1826737e-04  -1.4976030e-03  -9.7161932e-04  -3.0551030e-03
  -2.6819689e-04  -2.9498340e-05  -8.3287647e-03  -2.8149041e-04
  -1.1826737e-04  -2.2990683e-03  -7.0994505e-03   2.5896996e-04
  -2.6819689e-04  -3.2765564e-03   1.3408405e-03  -2.0905314e-03
  -4.4436408e-04  -5.0967066e-03   3.8819228e-03  -3.0813754e-03
  -1.2951209e-04  -4.7558966e-03   2.9337019e-03  -2.5371618e-03
  -1.9323213e-04  -2.1567521e-03   4.3354198e-03  -3.3103204e-03
  -1.5200152e-04  -2.8496076e-03   1.2358991e-03  -2.2819444e-03
  -2.3446275e-04  -2.1080649e-03  -3.5839119e-03  -3.9033312e-04
  -4.5560879e-04  -2.2840877e-03  -1.4925787e-03  -4.6539706e-04
  -4.9309117e-04  -4.4862447e-03   6.7265858e-03  -2.4245659e-03
  -6.5051717e-04  -4.4001059e-03   8.1133121e-03  -3.7531976e-03
  -3.9563699e-04  -1.8533937e-03   2.7725418e-03  -3.0363370e-03
  -1.5949799e-04   6.7459268e-04   8.8359564e-04  -2.9537667e-03
  -2.3071451e-04   5.5474740e-04   1.1496972e-03  -2.3044636e-03
  -3.2067223e-04  -1.1605382e-03  -1.9610673e-03  -1.3699175e-03
  -4.8559470e-04  -2.9469819e-03  -1.4775870e-03  -9.2328709e-04
  -3.7314756e-04  -3.3065177e-03   9.6979755e-04  -1.0959342e-03
  -3.1692399e-04  -2.0781036e-03   1.5357318e-03  -1.9404035e-03
  -3.5815461e-04  -1.0369477e-03  -1.0090984e-03  -1.6589137e-03
  -2.6819689e-04  -1.2687263e-04  -3.0929358e-03  -1.8090416e-03
  -1.7074271e-04   1.7648573e-04   9.1732682e-04  -2.7360812e-03
  -3.7689580e-04  -1.9803077e-04   1.2321512e-03  -2.7023025e-03
  -5.3057355e-04  -1.5350547e-03   4.2635074e-04  -2.1017910e-03
  -3.7314756e-04  -3.0368658e-03  -1.0090984e-03  -1.8278076e-03
  -4.6310527e-04  -3.1716918e-03   1.6968919e-03  -2.2556720e-03
  -2.7569337e-04  -1.6511548e-03   2.4239862e-03  -2.8374176e-03
  -1.5949799e-04   3.5999882e-04  -3.2278605e-03  -1.5650838e-03
  -2.0822509e-04   1.5775991e-04  -6.6009786e-03  -3.9033312e-04
  -3.0193104e-04  -6.1374408e-04  -3.8087864e-03  -1.4224623e-03
  -4.4061584e-04  -1.3065996e-03   8.4986446e-04  -2.6197321e-03
  -2.2696628e-04  -2.8121559e-03   2.0679349e-03  -3.1939713e-03
  -4.0688170e-04  -2.6361332e-03   1.6931440e-03  -3.0138178e-03
  -4.7434998e-04  -1.0781445e-03  -2.1784460e-03  -2.2819444e-03
  -4.4811232e-04   4.1992146e-04  -4.5920994e-03  -1.3811771e-03
  -5.1183236e-04   9.0304774e-04  -4.5583682e-03  -1.4149559e-03
  -2.9818280e-04  -1.8262845e-05  -1.8486300e-03  -2.0680122e-03
  -3.3566518e-04  -1.4938579e-03  -1.2077376e-03  -1.8240544e-03
  -3.4690989e-04  -2.5537396e-03  -2.8755571e-03  -1.2723344e-03
  -1.9698037e-04  -2.3065587e-03  -4.1318088e-04  -1.6664201e-03
  -1.8573566e-04  -7.1111837e-04   1.1871763e-03  -2.3382424e-03
  -3.6190284e-04   6.1092487e-04  -2.2309167e-03  -1.6589137e-03
  -3.2816870e-04   3.1505684e-04  -5.0718318e-03  -8.5197635e-04
  -2.9818280e-04  -3.1787605e-04  -1.2377209e-03  -1.5951094e-03
  -4.2937113e-04  -1.4451707e-03   4.5115716e-03  -3.1301669e-03
  -3.0942751e-04  -2.7260171e-03   5.2461617e-03  -3.2352564e-03
  -2.9818280e-04  -2.4825814e-03   1.5807067e-03  -2.1205569e-03
  -3.8439227e-04  -1.0294574e-03  -1.7174532e-03  -1.2498152e-03
  -3.2816870e-04   2.7760519e-04  -2.3883289e-03  -9.5706587e-04
  -4.4061584e-04   3.4876332e-04  -1.8786133e-03  -1.3774239e-03
  -3.0942751e-04  -4.8640847e-04   6.9620019e-04  -1.7489904e-03
  -1.4075680e-04  -1.6923516e-03   3.4171821e-03  -2.5521746e-03
  -4.6310527e-04  -1.8833550e-03   2.8887270e-03  -2.9687795e-03
  -2.7944161e-04  -1.1081059e-03   1.9105227e-03  -2.5371618e-03
  -1.2576385e-04  -4.4521166e-04   1.5844546e-03  -2.5859534e-03
  -3.0942751e-04   9.7837270e-05  -2.0329797e-04  -1.9891950e-03
  -2.5695218e-04  -4.8224165e-05  -2.5794723e-03  -1.3023600e-03
  -2.6819689e-04  -5.0138913e-04  -1.7624281e-03  -1.2835940e-03
  -3.7314756e-04  -1.2204608e-03   6.3248574e-04  -1.9028715e-03
  -5.6055946e-04  -1.6511548e-03   1.5244881e-03  -2.4921234e-03
  -2.1572156e-04  -1.4189546e-03   6.7371273e-04  -1.8991183e-03
  -1.5949799e-04  -6.3996024e-04  -6.0057633e-04  -2.1092973e-03
  -4.7434998e-04   1.4652441e-04  -7.2425732e-04  -2.2181401e-03
  -3.8814051e-04  -3.9652451e-04  -4.9633702e-05  -2.1768549e-03
  -4.6310527e-04  -1.0032412e-03   5.9500665e-04  -2.7961324e-03
  -3.7314756e-04  -1.3889932e-03   9.3981427e-04  -2.5784470e-03
  -2.8693808e-04  -1.4339352e-03   1.4080751e-05  -2.6910429e-03
  -1.7823918e-04  -7.1486354e-04  -2.2721437e-03  -2.1355697e-03
  -2.5320394e-04  -6.2497958e-04  -2.8718092e-03  -1.7452372e-03
  -4.0688170e-04  -5.3135045e-04  -1.5862764e-03  -2.1243101e-03
  -1.3700856e-04  -5.8378276e-04  -8.3669459e-04  -2.0755186e-03
  -1.8198742e-04  -1.0706542e-03  -1.0278380e-03  -2.5709406e-03
  -2.2321804e-04  -1.2092253e-03  -7.3924896e-04  -2.3682679e-03
  -3.2816870e-04  -1.2616576e-03  -1.6207097e-04  -2.6009662e-03
  -4.6310527e-04  -6.7741189e-04  -2.0704588e-04  -2.8224048e-03
  -3.4690989e-04  -2.8791473e-04  -1.5075703e-03  -2.0079610e-03
  -3.3941342e-04  -4.2274067e-04  -2.3471019e-03  -1.9591695e-03
  -2.6070042e-04  -6.5494090e-04  -1.1852501e-03  -2.0154674e-03
  -2.5695218e-04  -1.1979898e-03  -1.3583561e-04  -2.1393229e-03
  -2.9818280e-04  -1.1680285e-03   4.4883819e-04  -2.0642590e-03
  -3.6565108e-04  -1.1979898e-03   7.6741046e-04  -2.2781912e-03
  -4.2937113e-04  -9.2084761e-04   1.8273666e-04  -2.3607615e-03
  -2.7569337e-04  -2.2799209e-04  -3.5321433e-04  -1.8953651e-03
  -6.9540280e-05  -1.7930494e-04   7.8615000e-04  -2.2894508e-03
  -1.3700856e-04  -5.2011496e-04   1.9629934e-03  -2.4245659e-03
  -2.2321804e-04  -1.1942447e-03   1.6331774e-03  -2.2744380e-03
  -2.6444866e-04  -1.3253254e-03   1.1646888e-03  -2.1168037e-03
  -2.7194513e-04  -1.1193414e-03   5.0130892e-04  -1.9328971e-03
  -1.7449094e-04  -6.6243123e-04   4.6382983e-04  -2.0042078e-03
  -3.3191694e-04  -3.5532770e-04   6.3998155e-04  -2.1693485e-03
  -1.4825328e-04  -4.9764397e-04  -2.3328124e-04  -2.3007104e-03
  -4.3302614e-05  -5.0513430e-04   1.0332842e-05  -1.9629227e-03
  -3.7689580e-04  -8.3845398e-04   8.8359564e-04  -1.7715096e-03
  -2.4945570e-04  -9.2833794e-04   8.9858727e-04  -2.0642590e-03
  -2.7194513e-04  -1.1081059e-03   7.8989791e-04  -2.2556720e-03
  -4.4811232e-04  -8.7965080e-04   1.8648456e-04  -2.1092973e-03
  -1.9698037e-04  -3.6281803e-04  -7.3550105e-04  -1.9103779e-03
  -2.3821099e-04  -5.9876342e-04  -4.7689533e-04  -2.0267270e-03
  -3.6190284e-04  -6.9988288e-04   1.0028266e-04  -2.1693485e-03
  -1.4075680e-04  -1.0069864e-03   2.8370240e-06  -2.0154674e-03
  -2.5695218e-04  -1.1455575e-03   1.7149293e-04  -2.1580889e-03
  -2.4570747e-04  -8.4594431e-04  -4.0193715e-04  -1.9854418e-03
  -1.9698037e-04  -9.4331860e-04  -6.1556796e-04  -1.8127948e-03
  -3.3941342e-04  -8.4594431e-04  -2.3398339e-05  -2.2669316e-03
  -2.3821099e-04  -6.5119573e-04  -3.9444133e-04  -2.1355697e-03
  -6.0928655e-04  -8.8714113e-04  -8.4044250e-04  -1.9967014e-03
  -5.3057355e-04  -8.2347332e-04  -7.9546759e-04  -2.1092973e-03
  -3.1692399e-04  -7.8976684e-04  -5.5185351e-04  -1.9704291e-03
  -5.4931474e-04  -1.0069864e-03  -6.3055960e-04  -1.9066247e-03
  -3.8064403e-04  -8.6841530e-04  -7.5049269e-04  -2.0379866e-03
  -5.0058765e-04  -7.5231519e-04  -1.0803087e-03  -1.9253907e-03
  -2.2696628e-04  -6.5119573e-04  -9.2289650e-04  -1.9216375e-03
  -2.5320394e-04  -9.0586695e-04  -5.8933260e-04  -2.1768549e-03
  -5.7930065e-04  -1.1680285e-03  -4.6190369e-04  -2.0642590e-03
  -3.8439227e-04  -9.9949608e-04   2.9517393e-04  -2.0905314e-03
  -3.5815461e-04  -1.0182219e-03  -9.0860701e-05  -1.8916119e-03
  -2.7194513e-04  -9.6953476e-04  -4.4691206e-04  -1.6664201e-03
  -6.3927246e-04  -8.4594431e-04  -4.5885793e-05  -1.7977820e-03
  -3.7314756e-04  -6.9988288e-04   1.6024920e-04  -2.0004546e-03
  -1.9698037e-04  -8.0849266e-04   4.5258610e-04  -2.1731017e-03
  -5.6430770e-04  -6.5494090e-04   7.4867091e-04  -1.8878587e-03
  -3.6939932e-04  -8.6092497e-04   8.5736028e-04  -1.6964457e-03
  -5.1932884e-04  -1.2654028e-03   6.9620019e-04  -1.7077053e-03
  -2.0072861e-04  -8.4968948e-04   1.0522515e-03  -1.8353140e-03
  -6.2043804e-05  -1.1493027e-03   8.9858727e-04  -1.6439009e-03
  -4.6685351e-04  -7.4107969e-04   2.1646784e-04  -1.5800966e-03
  -3.2816870e-04  -2.8042440e-04   1.9398038e-04  -1.7827692e-03
  -1.6324623e-04  -8.3845398e-04   3.4389674e-04  -1.7752628e-03
  -4.7434998e-04  -7.7478618e-04   6.3248574e-04  -2.1993741e-03
  -5.6430770e-04  -1.0669090e-03   9.0233518e-04  -2.1205569e-03
  -2.2321804e-04  -9.8451542e-04   4.0011538e-04  -1.9741823e-03
  -2.0822509e-04  -8.3470882e-04  -3.9818924e-04  -2.0229738e-03
  -3.9188875e-04  -8.8714113e-04  -1.5832306e-04  -1.8428204e-03
  -4.5935703e-04  -5.6880210e-04  -5.7129520e-05  -1.9141311e-03
  -2.0072861e-04  -7.7478618e-04  -5.2561815e-04  -1.8878587e-03
  -2.8693808e-04  -8.7590563e-04  -4.4316415e-04  -1.9291439e-03
  -2.9068632e-04  -9.9949608e-04  -3.9818924e-04  -2.0154674e-03
  -1.3326033e-04  -9.9575091e-04  -1.0210443e-04  -2.3907871e-03
  -4.0313346e-04  -7.9725717e-04  -1.6581888e-04  -2.1956209e-03
  -2.1572156e-04  -7.7853134e-04  -6.5679496e-04  -1.8615863e-03
  -1.5949799e-04  -6.2872474e-04  -5.4810560e-04  -2.2856976e-03
  -2.6444866e-04  -7.0362804e-04  -7.1676150e-04  -2.1393229e-03
  -2.0822509e-04  -9.0961212e-04  -6.7928241e-04  -2.1768549e-03
  -2.3821099e-04  -9.5080893e-04  -3.1948315e-04  -2.2031273e-03
  -2.1197332e-04  -9.2084761e-04  -3.9818924e-04  -2.2293996e-03
  -4.5186056e-04  -9.3582827e-04  -7.8422387e-04  -2.5784470e-03
  -5.2682532e-04  -7.7478618e-04  -8.9291323e-04  -2.3344892e-03
  -1.2951209e-04  -6.1374408e-04  -5.0313069e-04  -2.2819444e-03
  -2.8309662e-05  -7.5606035e-04  -4.4691206e-04  -2.2444124e-03
  -2.0822509e-04  -6.6617639e-04  -3.3822270e-04  -2.2556720e-03
  -1.7823918e-04  -5.6880210e-04  -1.0960025e-04  -2.4395787e-03
  -2.8318985e-04  -9.3208311e-04  -1.3208770e-04  -2.4208127e-03
  -3.2067223e-04  -9.0212179e-04   2.5324478e-05  -2.4733575e-03
  -3.1317575e-04  -6.0625375e-04  -2.0329797e-04  -2.4020467e-03
  -4.2562289e-04  -4.3772133e-04  -3.3447479e-04  -2.3382424e-03
  -2.1572156e-04  -4.5270199e-04  -1.0960025e-04  -2.4470851e-03
  -1.1826737e-04  -8.7216047e-04  -1.2459188e-04  -2.4545915e-03
  -3.2442046e-04  -8.8714113e-04   4.0386329e-04  -2.3832807e-03
