  -1.1826737e-04  -9.0212179e-04  -2.1828961e-04  -2.1918677e-03
  -1.5200152e-04  -9.7702509e-04  -1.3583561e-04  -2.1468293e-03
  -2.0719960e-06  -7.8602167e-04  -2.7450824e-04  -2.3419956e-03
   1.1412338e-04  -8.7216047e-04  -1.6581888e-04  -1.9066247e-03
  -1.1077090e-04  -8.3470882e-04  -3.4642066e-05  -2.1993741e-03
   4.6655098e-05  -7.5231519e-04   2.1576569e-05  -2.3457488e-03
   8.4137478e-05  -9.3957344e-04  -3.8389975e-05  -2.0980378e-03
  -5.8202340e-06  -8.0100233e-04  -1.7331470e-04  -2.0117142e-03
   2.2282228e-04  -7.1111837e-04  -1.1334816e-04  -1.9704291e-03
   3.0153528e-04  -7.0737321e-04  -1.2084397e-04  -2.1243101e-03
   1.7034695e-04  -6.4745057e-04  -7.5869065e-05  -1.9891950e-03
   2.3406700e-04  -6.7741189e-04  -8.7112792e-05  -1.9929482e-03
   1.9283638e-04  -8.3096365e-04  -1.1334816e-04  -1.7902756e-03
   7.6641002e-05  -7.7478618e-04   8.1543113e-05  -1.8353140e-03
  -9.5777946e-05  -7.4107969e-04   6.6551477e-05  -2.0042078e-03
  -9.2029708e-05  -8.6092497e-04  -1.6581888e-04  -1.6964457e-03
   4.6655098e-05  -6.7366672e-04  -2.4452497e-04  -1.8278076e-03
   6.1648050e-05  -7.8227651e-04  -3.8389975e-05  -1.7152117e-03
  -5.4547328e-05  -8.5343464e-04   1.0332842e-05  -1.9178843e-03
  -1.2576385e-04  -5.9876342e-04  -1.6956679e-04  -2.1505825e-03
  -2.4561424e-05  -5.2386012e-04  -1.2084397e-04  -1.9066247e-03
  -3.6190284e-04  -7.0737321e-04   1.4900547e-04  -2.0192206e-03
  -2.1946980e-04  -9.2459278e-04   6.2803568e-05  -1.9066247e-03
   1.0662691e-04  -7.5980552e-04  -2.3328124e-04  -2.0117142e-03
  -1.7064948e-05  -8.7590563e-04  -1.3208770e-04  -2.1393229e-03
   6.9144526e-05  -1.1118510e-03  -1.7706261e-04  -1.8353140e-03
  -1.4075680e-04  -6.9988288e-04  -1.5457515e-04  -1.9854418e-03
  -7.3288518e-05  -7.7104101e-04  -1.0210443e-04  -2.1693485e-03
   1.6659871e-04  -8.7216047e-04  -1.6581888e-04  -2.0792718e-03
  -1.7074271e-04  -7.2609903e-04  -8.4067030e-06  -1.9479099e-03
  -2.1946980e-04  -1.1904995e-03  -4.5885793e-05  -1.7640032e-03
   4.6655098e-05  -9.8826058e-04  -3.1948315e-04  -2.0792718e-03
   4.2906860e-05  -5.9127309e-04  -4.4691206e-04  -2.2106337e-03
  -1.2951209e-04  -8.5717981e-04  -1.6207097e-04  -1.9441567e-03
  -1.2951209e-04  -9.5080893e-04  -1.1709606e-04  -1.8278076e-03
  -1.2201561e-04  -9.1335728e-04  -3.0074361e-04  -1.9704291e-03
  -1.7449094e-04  -8.0849266e-04  -3.1573524e-04  -2.1543357e-03
  -2.4561424e-05  -8.1598299e-04  -4.5815578e-04  -2.0154674e-03
  -5.8295566e-05  -1.0706542e-03  -2.5951661e-04  -2.1243101e-03
  -1.7074271e-04  -9.1710245e-04  -6.4625338e-05  -2.1280633e-03
  -3.0193104e-04  -7.2235387e-04  -3.3822270e-04  -2.0192206e-03
  -2.3446275e-04  -1.0406929e-03  -1.9205424e-04  -2.0229738e-03
   6.9144526e-05  -1.0069864e-03  -2.2953333e-04  -2.2181401e-03
  -2.0822509e-04  -8.0474750e-04  -3.8319760e-04  -2.2556720e-03
  -2.6819689e-04  -9.3957344e-04  -6.4625338e-05  -2.0867782e-03
   2.0417432e-05  -9.3957344e-04  -3.2323106e-04  -2.2444124e-03
  -6.5792042e-05  -7.7853134e-04  -1.6581888e-04  -1.8991183e-03
  -2.4945570e-04  -8.5717981e-04  -1.2154612e-05  -1.9141311e-03
  -2.0813186e-05  -8.5343464e-04  -3.5696224e-04  -2.0792718e-03
   1.0662691e-04  -7.4107969e-04  -2.2203752e-04  -1.8615863e-03
  -2.0072861e-04  -8.8339596e-04  -3.4197060e-04  -1.8353140e-03
  -9.5777946e-05  -6.4370540e-04  -1.9955006e-04  -1.6739265e-03
   6.9144526e-05  -6.6992156e-04  -2.7146248e-05  -1.8127948e-03
  -1.7064948e-05  -6.8490222e-04  -7.9616974e-05  -1.8353140e-03
  -2.4561424e-05  -8.1598299e-04  -8.3364883e-05  -1.8015352e-03
  -9.2029708e-05  -1.0818897e-03  -2.1828961e-04  -1.9141311e-03
  -1.4075680e-04  -5.5007628e-04  -3.4571851e-04  -1.7752628e-03
   3.5410384e-05  -7.8976684e-04  -5.2187024e-04  -2.0117142e-03
   9.5382192e-05  -9.7702509e-04  -2.1079379e-04  -2.0304802e-03
   4.2906860e-05  -7.7478618e-04  -2.2203752e-04  -1.8428204e-03
  -2.3821099e-04  -9.2833794e-04  -2.7825615e-04  -1.9216375e-03
  -2.5695218e-04  -9.4331860e-04   8.9038931e-05  -1.8165480e-03
   2.3406700e-04  -1.0818897e-03  -2.2203752e-04  -2.0042078e-03
   4.2906860e-05  -8.6092497e-04  -5.1062651e-04  -2.1993741e-03
  -1.7064948e-05  -8.2347332e-04  -2.3702915e-04  -1.9404035e-03
   6.1648050e-05  -1.0182219e-03  -2.9324779e-04  -1.9291439e-03
   1.1037514e-04  -7.5980552e-04  -4.6190369e-04  -2.1881145e-03
   3.8399652e-04  -7.4482486e-04  -2.2953333e-04  -2.0680122e-03
  -1.1826737e-04  -9.2833794e-04  -1.6956679e-04  -2.0980378e-03
   3.5410384e-05  -8.4968948e-04  -2.1454170e-04  -2.1580889e-03
   3.0903176e-04  -7.8976684e-04  -1.7331470e-04  -1.9066247e-03
  -3.2816870e-04  -8.3096365e-04  -3.7944969e-04  -2.1130505e-03
  -8.8281470e-05  -8.6841530e-04  -4.6190369e-04  -2.0867782e-03
   2.0417432e-05  -7.5231519e-04  -1.4333143e-04  -2.1318165e-03
  -2.8318985e-04  -7.1486354e-04  -7.2121156e-05  -2.4057999e-03
   6.5396288e-05  -9.2084761e-04  -9.0860701e-05  -2.1993741e-03
   9.1727180e-06  -9.8451542e-04  -1.0585234e-04  -2.1618421e-03
  -1.7823918e-04  -8.6467014e-04  -3.4946642e-04  -2.0304802e-03
  -6.2043804e-05  -7.8227651e-04  -3.6445806e-04  -2.1243101e-03
  -1.3326033e-04  -8.3470882e-04  -3.1948315e-04  -2.3832807e-03
  -1.1451914e-04  -8.3845398e-04  -2.5202079e-04  -2.2331528e-03
   7.6641002e-05  -8.6467014e-04  -2.8200406e-04  -2.2481656e-03
  -2.0719960e-06  -7.0737321e-04  -3.0449151e-04  -2.1393229e-03
  -2.4945570e-04  -7.7104101e-04  -1.1709606e-04  -2.1543357e-03
  -1.6324623e-04  -7.7478618e-04  -5.7129520e-05  -2.3457488e-03
  -3.9554376e-05  -5.3884078e-04  -1.1334816e-04  -2.3157232e-03
   9.1727180e-06  -1.1642833e-03  -2.3398339e-05  -2.5033830e-03
   2.4156347e-04  -9.3208311e-04  -3.0894157e-05  -2.3269828e-03
   2.6405290e-04  -6.0999892e-04  -2.4452497e-04  -2.0229738e-03
   1.7034695e-04  -8.9463146e-04  -4.6587940e-06  -2.0680122e-03
   2.3781524e-04  -6.3246991e-04   4.0316114e-05  -1.9404035e-03
   9.1633954e-05  -7.7104101e-04  -4.9633702e-05  -2.1655953e-03
  -1.1826737e-04  -5.7629243e-04   1.8648456e-04  -2.0079610e-03
   1.1787162e-04  -6.4370540e-04  -1.0585234e-04  -1.7865224e-03
   9.5382192e-05  -6.2872474e-04  -2.5951661e-04  -2.1655953e-03
  -1.7074271e-04  -5.8378276e-04  -8.7112792e-05  -2.1280633e-03
   2.4905995e-04  -7.7853134e-04  -1.5902521e-05  -2.1618421e-03
   3.3526942e-04  -5.3509562e-04  -1.5902521e-05  -2.0229738e-03
   1.5910224e-04  -8.0474750e-04  -1.7706261e-04  -1.8690927e-03
   2.8279409e-04  -5.5382144e-04  -1.0960025e-04  -1.8991183e-03
  -3.2057900e-05  -6.3246991e-04   1.3776175e-04  -1.8578331e-03
  -2.8693808e-04  -7.7478618e-04   1.6774502e-04  -2.0154674e-03
  -1.6324623e-04  -4.6768265e-04   7.0299386e-05  -2.0042078e-03
   7.6641002e-05  -7.5231519e-04   2.8370240e-06  -2.0905314e-03
   3.8774476e-04  -8.5343464e-04  -1.8830634e-04  -2.1618421e-03
   3.7650004e-04  -9.8826058e-04  -1.5082725e-04  -2.1280633e-03
   1.6669194e-05  -7.3358936e-04  -8.4067030e-06  -1.9666759e-03
   1.2161986e-04  -5.4258595e-04  -2.1079379e-04  -2.0042078e-03
   1.2911633e-04  -7.1111837e-04  -2.7450824e-04  -2.2369060e-03
  -2.5320394e-04  -8.7216047e-04  -2.2578543e-04  -2.1430761e-03
  -3.8439227e-04  -8.0474750e-04  -2.8949988e-04  -1.9704291e-03
  -2.5320394e-04  -7.0362804e-04  -1.9205424e-04  -1.7377308e-03
   1.7409519e-04  -9.1710245e-04  -1.3958352e-04  -1.9441567e-03
  -2.1946980e-04  -7.2609903e-04  -3.5696224e-04  -2.1130505e-03
  -2.9443456e-04  -7.7104101e-04  -2.7825615e-04  -2.0454930e-03
   3.1662146e-05  -8.4594431e-04  -2.4077706e-04  -2.1543357e-03
  -4.0313346e-04  -9.2833794e-04  -4.8439115e-04  -2.0154674e-03
  -1.4075680e-04  -9.3957344e-04  -2.9699570e-04  -2.0755186e-03
   1.6669194e-05  -7.5606035e-04  -2.4077706e-04  -2.2218933e-03
  -9.5777946e-05  -8.3845398e-04  -2.1454170e-04  -2.1468293e-03
  -6.5792042e-05  -6.7366672e-04  -9.4608610e-05  -2.2218933e-03
  -2.0822509e-04  -8.6467014e-04  -3.6445806e-04  -2.0004546e-03
  -7.7036756e-05  -1.0856349e-03  -2.1079379e-04  -1.8765991e-03
  -2.1946980e-04  -1.0069864e-03  -1.7706261e-04  -2.1618421e-03
  -3.3191694e-04  -9.4706377e-04  -3.0823942e-04  -2.1205569e-03
  -1.2201561e-04  -8.5717981e-04  -3.8389975e-05  -1.9891950e-03
  -7.7036756e-05  -8.9837662e-04  -2.8949988e-04  -1.9741823e-03
  -1.2201561e-04  -9.1335728e-04  -4.5065997e-04  -2.0905314e-03
  -2.9068632e-04  -8.4594431e-04  -3.2323106e-04  -2.0942846e-03
  -2.5695218e-04  -8.2721849e-04  -3.5321433e-04  -2.0867782e-03
  -1.1826737e-04  -9.8826058e-04  -1.3958352e-04  -2.0680122e-03
  -1.2576385e-04  -8.8339596e-04  -2.7076033e-04  -1.8615863e-03
   1.7784343e-04  -7.6729585e-04  -4.6190369e-04  -1.8615863e-03
   2.2657052e-04  -1.0069864e-03  -9.4608610e-05  -2.0267270e-03
  -6.2043804e-05  -7.8976684e-04  -2.5202079e-04  -1.9591695e-03
  -1.2201561e-04  -6.6243123e-04  -3.1198733e-04  -1.7077053e-03
  -1.9698037e-04  -7.5606035e-04   2.8370240e-06  -1.8540799e-03
  -2.2696628e-04  -7.5231519e-04  -4.9633702e-05  -1.7339776e-03
  -1.7823918e-04  -8.2721849e-04   9.6534749e-05  -1.7752628e-03
  -3.5065813e-04  -5.8752793e-04   4.4064023e-05  -2.0117142e-03
  -3.3191694e-04  -9.1335728e-04   2.9072387e-05  -1.8165480e-03
   5.0403336e-05  -1.0107316e-03  -2.4452497e-04  -2.1881145e-03
   1.8533990e-04  -7.0737321e-04  -5.5560142e-04  -2.1280633e-03
   9.1727180e-06  -8.7590563e-04  -2.7076033e-04  -1.8127948e-03
  -2.4561424e-05  -7.8602167e-04  -7.9616974e-05  -2.0042078e-03
  -6.9540280e-05  -8.4968948e-04   1.6024920e-04  -1.8090416e-03
  -3.5065813e-04  -8.6092497e-04  -9.8356519e-05  -1.8503268e-03
  -3.9563699e-04  -6.9988288e-04  -1.2459188e-04  -2.1806081e-03
  -2.7944161e-04  -6.6992156e-04   1.0332842e-05  -2.0192206e-03
  -2.7194513e-04  -7.3358936e-04  -2.4077706e-04  -1.9066247e-03
  -1.7823918e-04  -9.6204443e-04  -6.4625338e-05  -2.0042078e-03
  -9.5684720e-06  -1.0594187e-03  -2.5576870e-04  -1.9629227e-03
   5.0403336e-05  -8.4219915e-04  -2.2578543e-04  -2.2256465e-03
  -5.4547328e-05  -6.9613771e-04   2.5324478e-05  -2.1430761e-03
  -2.8318985e-04  -7.7853134e-04  -2.4452497e-04  -1.9929482e-03
  -1.5574975e-04  -6.3621507e-04  -8.7112792e-05  -2.2556720e-03
   1.4785752e-04  -5.7629243e-04  -1.4333143e-04  -2.1956209e-03
  -1.5949799e-04  -8.8714113e-04  -3.4946642e-04  -2.3307360e-03
  -2.4561424e-05  -8.6841530e-04   2.8370240e-06  -2.2856976e-03
   1.6659871e-04  -6.9613771e-04  -1.6581888e-04  -2.3082168e-03
  -2.6070042e-04  -9.2084761e-04  -4.0943297e-04  -2.4245659e-03
  -1.8573566e-04  -9.7327992e-04  -1.3208770e-04  -2.0905314e-03
  -1.2576385e-04  -8.4594431e-04  -1.9205424e-04  -2.1768549e-03
   1.2920956e-05  -7.5231519e-04  -1.8455843e-04  -2.2932040e-03
   1.5535400e-04  -9.1710245e-04  -1.2459188e-04  -2.3832807e-03
   7.6641002e-05  -8.4594431e-04  -1.6581888e-04  -2.4433319e-03
  -4.7050852e-05  -7.5231519e-04  -3.4642066e-05  -2.2068805e-03
  -2.5320394e-04  -1.2129705e-03  -2.7825615e-04  -2.2706848e-03
  -2.0719960e-06  -9.1710245e-04  -1.3208770e-04  -2.4057999e-03
  -9.5684720e-06  -5.9501826e-04   1.7898875e-04  -2.2031273e-03
  -9.9526184e-05  -8.7965080e-04   1.0332842e-05  -2.1806081e-03
   8.0389240e-05  -6.4745057e-04  -5.3381611e-05  -2.3570083e-03
   2.4531171e-04  -4.7517298e-04  -6.4625338e-05  -2.4320723e-03
  -1.6699447e-04  -8.2721849e-04   2.5394693e-04  -2.1543357e-03
  -1.5949799e-04  -7.0737321e-04   2.1271993e-04  -2.0042078e-03
   4.7770247e-04  -6.0250859e-04   4.4509029e-04  -2.2744380e-03
  -5.2682532e-04  -7.7853134e-04   6.1749410e-04  -2.0192206e-03
   3.1662146e-05  -6.0250859e-04  -5.0687860e-04  -2.0004546e-03
   3.0528352e-04  -7.9725717e-04   5.5003174e-04  -1.5087858e-03
   1.3661281e-04  -9.1710245e-04  -3.4946642e-04  -2.5296554e-03
   1.4785752e-04  -6.8490222e-04   6.9620019e-04  -1.6401477e-03
  -9.5037621e-04  -7.9725717e-04   1.8648456e-04  -2.1580889e-03
   9.9495931e-04  -8.9088629e-04  -1.4663433e-03  -2.3645147e-03
  -6.3552422e-04  -7.1486354e-04   3.2110471e-03  -8.6323594e-04
   8.5252627e-04  -7.5606035e-04  -4.9369070e-03  -3.7194189e-03
  -1.0853128e-03  -7.8602167e-04   5.5684819e-03   4.4287661e-04
   4.3272361e-04  -9.5829926e-04  -5.2404877e-03  -4.6089265e-03
   8.1129565e-04  -8.0849266e-04   3.1623243e-03   7.5057620e-06
  -2.2772525e-03  -9.0212179e-04   1.0335120e-03  -3.0025582e-03
   3.1726856e-03  -1.0294574e-03  -8.5836225e-03  -3.4304227e-03
  -5.2870876e-03  -6.5868606e-04   1.6407435e-02   3.0851273e-03
   6.8122247e-03  -1.1455575e-03  -2.3593998e-02  -1.2745858e-02
  -7.5810092e-03  -5.3884078e-04   2.3018746e-02   1.9572922e-02
   7.7455360e-03  -1.1118510e-03  -6.4697316e-02  -5.4376319e-02
   1.0271848e-02   1.9188805e-05   1.3319158e-02  -1.5482313e-01
  -9.1815162e-02   6.5961202e-04   5.2072537e-02  -9.6246984e-02
   2.6516805e-03  -6.6284791e-03   3.8819931e-02  -5.9082828e-02
   1.2176694e-01  -5.7408750e-03   3.3678244e-01  -6.8916204e-02
  -8.7354759e-02   1.1352058e-02   1.6599023e-01  -1.0397482e-01
  -2.1691635e-01   1.3625373e-02   7.8911313e-02  -8.3947758e-02
   3.3038739e-03  -1.9242195e-02   1.3540284e-02  -1.7602495e-02
   1.5980780e-01  -2.8095765e-02   1.5504634e-01  -3.5978147e-02
  -4.5603136e-02   3.8167861e-03   3.0131598e-01  -5.3415500e-02
  -2.7954191e-01  -3.5199921e-03  -2.0524461e-02  -4.1101261e-02
  -4.4429937e-02  -3.0949581e-02   7.3090810e-02  -2.6925436e-02
   2.1518802e-01  -3.0874677e-02   1.0791263e-01  -4.7402879e-02
  -3.1063720e-02  -1.4545758e-02   3.6514967e-02  -4.6723550e-02
  -2.4452587e-01   1.0232254e-02  -2.1836229e-02  -5.8174617e-04
  -3.9298599e-02   3.7119215e-03   1.2007390e-02  -3.1508089e-02
   1.4854060e-01  -1.8077448e-02   6.7839990e-02  -3.0427169e-02
  -6.0367352e-03  -1.0733180e-02  -8.6337743e-02   5.2657348e-03
  -1.4372076e-01   1.0221018e-02  -8.0457273e-02  -6.5906146e-03
  -6.4550479e-02   9.0862333e-03   7.2258775e-02  -2.5713153e-02
   6.6233042e-02  -1.2605762e-02   9.2489987e-02  -3.5996913e-02
   5.5220718e-02  -1.5433362e-02  -3.1734456e-02  -3.2990608e-03
  -5.5790846e-02   1.7419647e-03  -6.5491873e-02  -2.4133063e-03
  -4.9220185e-02   1.0393296e-02   3.5525519e-02  -3.2183665e-02
   1.4140030e-02   1.9704198e-03   5.6363893e-02  -2.6388729e-02
   3.7427833e-02  -5.9281332e-03  -6.3078219e-02   2.3532539e-03
   9.3685230e-03  -6.8382083e-03  -7.7275299e-02   2.7998843e-03
   3.0677349e-03   1.5247451e-03   1.3011829e-02  -2.2312757e-02
  -7.5247857e-03   3.6182924e-03   2.9127838e-02  -1.3747961e-02
  -2.0055145e-02  -5.2240422e-03  -4.1025523e-02  -1.2648280e-03
   1.1036489e-02  -4.0443152e-03  -4.7812986e-02  -8.1632041e-03
   1.5830485e-02  -2.7293407e-04   2.1238489e-02  -2.0203460e-02
  -8.7579560e-03   5.8017236e-03   3.8145307e-02  -2.0920321e-02
  -3.8503973e-02   3.3074437e-03  -2.2998081e-02  -4.3462028e-03
   7.4569216e-03  -6.5273596e-03  -3.5947106e-02   3.6443537e-03
   4.7038315e-02  -3.2877919e-03  -3.0629525e-03  -3.6706273e-03
  -1.1243038e-02   1.6558259e-03  -8.8084970e-03  -9.6457226e-04
  -4.7169899e-02   8.9555741e-04  -3.4845221e-02   6.0313869e-03
   3.8436202e-03  -2.6323880e-03  -3.0516386e-02   3.8657866e-04
   4.5434069e-02  -7.0404472e-03   7.7490628e-04  -6.9922066e-03
   4.6645775e-04  -7.4857002e-04   1.1104143e-02  -8.9738947e-03
  -3.8492728e-02   6.1837304e-03  -9.5805663e-03  -4.7365352e-03
  -1.3087171e-02  -6.8864738e-04  -8.6098579e-03  -4.4550455e-03
   2.5620883e-02  -3.1080240e-03   1.0347066e-02  -9.4768231e-03
   5.0617975e-03  -1.8646292e-03  -9.3444480e-03  -4.4512923e-03
  -2.7941438e-02   4.4988278e-04  -2.4684640e-02   3.0138166e-03
  -6.0517281e-03   6.5586685e-04  -2.1341505e-02   9.5331141e-04
   2.4230287e-02  -6.2502174e-03  -8.7710179e-03  -1.4187091e-03
   1.6329001e-02  -2.3702265e-03  -1.2492692e-02   6.7556914e-05
  -1.7281449e-02   2.4123492e-03  -2.3931310e-02   7.1310111e-05
  -1.1839008e-02   1.3374869e-03  -3.9811902e-03  -4.7065097e-03
   1.3952618e-02  -4.3397616e-04   1.3232956e-02  -8.8537924e-03
   2.0557107e-03  -3.4825405e-03   2.6338691e-03  -6.1327245e-03
  -2.1516958e-02  -6.5494090e-04   1.1159660e-03  -3.1376733e-03
  -8.9528643e-03   1.8206132e-03   6.5916610e-03  -4.7252757e-03
   1.4274967e-02  -8.4219915e-04   4.6240088e-03  -2.8824559e-03
   1.4424896e-02  -1.6174483e-03  -1.1589446e-02   2.9162334e-03
   1.3285525e-03  -5.8003760e-04  -1.2395246e-02   3.3328383e-03
  -4.1401267e-03  -3.1787605e-04   8.9490958e-03  -1.4412283e-03
   3.6599565e-03  -8.3096365e-04   1.2633290e-02  -3.2577756e-03
  -1.2576385e-04  -2.7896849e-03  -1.5975201e-03  -8.9326152e-04
  -4.6948660e-03  -1.3552868e-03  -6.9052614e-04  -8.2945717e-04
  -4.4287411e-03   1.3412320e-03   1.6238779e-02  -6.0464010e-03
  -2.5808597e-03   4.5362794e-04   1.9728082e-02  -7.1948793e-03
   3.1089655e-03  -3.3660187e-04   3.2822574e-03  -2.0304802e-03
   6.2424925e-03  -1.3328158e-03  -5.7014805e-03   6.6806843e-04
   5.0355599e-03  -1.2728931e-03   3.7388001e-04   4.7665539e-04
  -2.6745657e-03   2.4015354e-04   1.8767915e-03  -4.9542264e-04
  -2.4271820e-03  -1.3328158e-03  -3.4902142e-03   8.2570271e-04
   4.2371852e-03  -2.2691070e-03  -6.5709954e-03   1.2648268e-03
   4.7394491e-03  -5.1262463e-04   4.2379742e-03  -2.4658511e-03
  -2.4459232e-03   2.1019222e-04   1.1520161e-02  -4.9166887e-03
  -6.9737947e-03   7.1578949e-04   7.3262512e-03  -4.3574623e-03
  -1.8724428e-03  -5.5382144e-04   2.9599372e-03  -3.2690352e-03
   3.4275658e-03  -1.2916189e-03   2.4389779e-03  -2.4545915e-03
   1.2835736e-03  -1.8679527e-04  -3.0779442e-03  -1.1071937e-03
  -2.9481871e-03  -1.1043607e-03  -5.6227744e-03  -1.4637532e-04
   8.4877803e-04  -1.6474096e-03  -6.8258532e-03   2.6271747e-05
   5.4178802e-03  -1.5912321e-03  -7.8902593e-03  -3.5655435e-04
   1.9545082e-03  -1.0968704e-03  -7.3842916e-03  -6.6056330e-04
  -3.2705355e-03  -4.4479000e-05  -5.4691101e-03  -1.7564968e-03
  -4.4512305e-03  -7.7478618e-04   1.5650129e-04  -4.2598792e-03
  -3.0718789e-03  -1.3178351e-03   2.5364235e-03  -4.7553012e-03
  -2.2022877e-03  -8.1223783e-04  -1.2039897e-03  -3.5918102e-03
  -2.0148758e-03  -1.1942447e-03  -4.7944865e-03  -2.2481656e-03
   7.0259675e-04  -9.0961212e-04  -6.6009786e-03  -1.1071937e-03
   2.3593179e-03  -1.0669090e-03  -6.5634995e-03  -8.5197635e-04
   1.9695012e-03  -1.4938579e-03  -7.7066118e-03  -1.9516688e-04
   1.4522443e-03  -8.2721849e-04  -8.4524457e-03  -3.7538290e-06
   3.9158622e-05  -1.3702674e-03  -5.9450946e-03  -1.1860109e-03
  -1.0665716e-03  -1.1717737e-03  -2.8193385e-03  -2.3194764e-03
  -3.8027853e-03  -8.5717981e-04   5.3504010e-04  -3.2727884e-03
  -4.1701127e-03  -8.3845398e-04   2.5394693e-04  -3.7569508e-03
  -1.3289482e-03  -1.9803077e-04   2.1576569e-05  -3.3816311e-03
   1.1673783e-03  -6.2497958e-04  -5.9308051e-04  -2.7435876e-03
   1.1448888e-03  -1.1493027e-03  -2.4820266e-03  -1.6664201e-03
  -2.5320394e-04  -1.2316963e-03  -3.6701138e-03  -8.5948274e-04
   6.8760380e-04  -1.0107316e-03  -3.4564830e-03  -2.2143926e-04
   1.5084679e-03  -1.2167156e-03  -3.7113408e-03  -1.2760933e-04
   5.3392604e-04  -1.5949773e-03  -6.0057633e-04  -1.1597385e-03
  -1.5388496e-03  -1.2579125e-03   3.7057711e-03  -2.4133063e-03
  -1.7862333e-03  -6.6243123e-04   5.8683146e-03  -3.5392654e-03
  -1.8948390e-04  -4.7142781e-04   5.4410530e-03  -3.3103204e-03
   3.7650004e-04  -8.5717981e-04   4.2492179e-03  -2.5033830e-03
  -5.4556651e-04  -8.1598299e-04   3.2935011e-03  -2.1092973e-03
  -1.1865152e-03  -6.2872474e-04   2.7575501e-03  -1.4937730e-03
   4.3272361e-04  -8.0849266e-04  -1.9955006e-04  -6.7182289e-04
   2.4642686e-03  -1.1418123e-03  -2.8005989e-03   2.0267201e-04
   2.3968003e-03  -1.1605382e-03  -1.8523779e-03  -1.0133695e-04
   7.7381327e-04  -6.5494090e-04   1.2209074e-03  -1.3173728e-03
  -5.5306298e-04  -6.8864738e-04   3.6795358e-03  -2.2819444e-03
  -9.3538326e-04  -7.0737321e-04   3.5858380e-03  -2.6985493e-03
  -6.6176188e-04  -6.1748925e-04   2.8587437e-03  -2.6797833e-03
  -1.1640258e-03  -7.1111837e-04   2.9899205e-03  -2.5596810e-03
  -1.7749886e-03  -4.9015364e-04   2.1466410e-03  -2.3832807e-03
  -6.6551012e-04  -8.1972816e-04  -1.2452167e-03  -1.5350582e-03
   1.5122162e-03  -9.9200575e-04  -3.7900469e-03  -4.5789067e-04
   2.4267862e-03  -1.0369477e-03  -3.9849382e-03  -3.9783951e-04
   1.0774205e-03  -1.2466770e-03  -3.0479609e-03  -9.1578070e-04
  -4.4811232e-04  -9.3208311e-04  -1.5338057e-03  -1.8728459e-03
  -6.5426541e-04  -6.3246991e-04   2.5394693e-04  -2.4620979e-03
  -6.5801365e-04  -6.9988288e-04  -3.5321433e-04  -2.5259022e-03
  -1.6250590e-03  -7.2609903e-04   5.5307750e-05  -2.9237411e-03
  -2.3597137e-03  -5.0513430e-04   2.0897202e-04  -2.8974687e-03
  -1.4826260e-03  -9.3582827e-04  -1.7886635e-03  -2.3982935e-03
   7.6631679e-04  -9.2459278e-04  -3.8275260e-03  -1.8315608e-03
   1.8420611e-03  -8.1598299e-04  -5.2329918e-03  -1.1034405e-03
   8.3753332e-04  -9.9949608e-04  -5.4878497e-03  -9.6832546e-04
   4.2906860e-05  -6.8115705e-04  -3.1191712e-03  -1.4036963e-03
  -6.2043804e-05  -9.9949608e-04  -1.9160924e-03  -1.8390672e-03
   3.1662146e-05  -8.4219915e-04  -1.3951330e-03  -2.2706848e-03
  -2.4570747e-04  -7.0362804e-04  -6.0877429e-05  -2.7698600e-03
  -1.0815645e-03  -1.0332026e-03   1.1496972e-03  -3.2540224e-03
  -1.2165011e-03  -8.3470882e-04   1.1534451e-03  -3.0475966e-03
  -6.7300660e-04  -6.6617639e-04  -3.7195388e-04  -2.3757743e-03
   4.6655098e-05  -7.1860870e-04  -1.9011007e-03  -1.9591695e-03
   9.1624631e-04  -9.7702509e-04  -2.7481282e-03  -1.6851861e-03
   7.7006503e-04  -8.6841530e-04  -2.4220601e-03  -1.4750071e-03
   1.7034695e-04  -9.6953476e-04  -1.7474365e-03  -1.3473984e-03
   4.5521304e-04  -1.1230865e-03  -1.0728129e-03  -1.6213817e-03
   4.1773066e-04  -6.7366672e-04   6.5872110e-04  -2.2481656e-03
  -2.7944161e-04  -7.1111837e-04   1.9779851e-03  -2.7923792e-03
  -8.9415264e-04  -8.3845398e-04   2.1091619e-03  -2.8186516e-03
  -9.3163502e-04  -5.5756661e-04   2.1803722e-03  -2.4245659e-03
  -1.1826737e-04  -5.7254727e-04   7.9364582e-04  -2.2406592e-03
   7.2883441e-04  -5.8752793e-04  -5.5185351e-04  -1.7152117e-03
   1.2460913e-03  -6.5494090e-04  -1.6799741e-03  -1.1935173e-03
   1.2385948e-03  -6.5868606e-04  -2.2384126e-03  -1.1259597e-03
   9.7621812e-04  -5.7629243e-04  -1.4588475e-03  -1.1222065e-03
   6.4637318e-04  -9.0961212e-04  -6.6054287e-04  -1.5313050e-03
  -2.0719960e-06  -6.3246991e-04  -6.8373247e-05  -1.9178843e-03
  -3.5815461e-04  -4.4521166e-04   1.1796804e-03  -2.2031273e-03
  -5.1558060e-04  -9.5080893e-04   1.1047223e-03  -2.6009662e-03
  -5.6055946e-04  -7.3733453e-04   6.9994810e-04  -2.5521746e-03
  -6.5792042e-05  -4.4521166e-04  -9.0860701e-05  -2.2669316e-03
   5.4891899e-04  -5.7629243e-04  -1.6499908e-03  -1.6964457e-03
   7.8130975e-04  -8.3845398e-04  -2.5907160e-03  -1.3173728e-03
   5.4517075e-04  -9.8077025e-04  -2.8118426e-03  -1.3549047e-03
  -1.0327442e-04  -6.8490222e-04  -2.5157578e-03  -9.8333825e-04
  -2.3071451e-04  -6.2497958e-04  -1.6387471e-03  -1.2460620e-03
  -2.8309662e-05  -9.4331860e-04  -7.5049269e-04  -2.0042078e-03
  -2.8318985e-04  -9.4706377e-04   1.0028266e-04  -2.2444124e-03
  -4.4061584e-04  -6.8490222e-04   2.8393020e-04  -2.3682679e-03
  -4.0313346e-04  -8.4594431e-04   1.0028266e-04  -2.3344892e-03
  -1.1826737e-04  -1.0481832e-03  -5.1062651e-04  -2.1768549e-03
  -4.3302614e-05  -8.2721849e-04  -1.8861091e-03  -1.7001989e-03
   8.4137478e-05  -6.9988288e-04  -2.2459084e-03  -1.3248792e-03
   8.0389240e-05  -7.7853134e-04  -2.2384126e-03  -1.4112027e-03
  -1.7064948e-05  -7.8227651e-04  -1.8411342e-03  -1.3661643e-03
   7.9630270e-04  -8.1223783e-04  -1.0728129e-03  -1.6851861e-03
   5.1518485e-04  -8.1223783e-04  -6.6429078e-04  -2.0192206e-03
  -3.8439227e-04  -8.0849266e-04   3.5139256e-04  -1.9479099e-03
  -4.2562289e-04  -9.3208311e-04   1.1272097e-03  -2.3119700e-03
  -5.9429360e-04  -8.5343464e-04   3.3640092e-04  -2.4620979e-03
  -3.8064403e-04  -1.0332026e-03  -1.3958352e-04  -1.9479099e-03
   2.4156347e-04  -1.0481832e-03  -6.7178660e-04  -1.6589137e-03
   2.6030466e-04  -7.4857002e-04  -1.3501581e-03  -1.6063689e-03
   2.4531171e-04  -9.8451542e-04  -1.6687304e-03  -1.6251349e-03
   4.2522714e-04  -1.0406929e-03  -1.2489646e-03  -1.6063689e-03
  -1.2951209e-04  -9.1335728e-04  -8.4793832e-04  -1.7752628e-03
  -6.1303479e-04  -1.0144767e-03  -4.2817251e-04  -2.0905314e-03
  -5.7555241e-04  -9.3582827e-04   2.2021575e-04  -2.2218933e-03
  -4.6310527e-04  -7.7104101e-04   2.5324478e-05  -2.3645147e-03
  -2.1946980e-04  -7.6355068e-04  -3.7570179e-04  -2.3495020e-03
   1.2911633e-04  -7.2984420e-04  -7.3924896e-04  -2.1355697e-03
   2.8654233e-04  -5.8752793e-04  -1.5150661e-03  -1.6814329e-03
   8.7885716e-05  -8.1598299e-04  -1.6087638e-03  -1.3999431e-03
   3.5775885e-04  -8.9463146e-04  -1.7624281e-03  -1.4599943e-03
   1.9283638e-04  -7.6729585e-04  -1.9273361e-03  -1.4524879e-03
  -2.9068632e-04  -7.9351200e-04  -1.1177878e-03  -1.4750071e-03
  -1.9698037e-04  -7.5980552e-04  -6.8303032e-04  -1.7827692e-03
  -4.1812641e-04  -7.9725717e-04  -4.5440787e-04  -2.0117142e-03
  -2.1572156e-04  -8.0474750e-04  -1.0960025e-04  -1.9253907e-03
  -3.5806138e-05  -1.0257122e-03  -4.8813906e-04  -2.0079610e-03
  -2.3446275e-04  -8.9837662e-04  -7.8422387e-04  -1.9741823e-03
   1.7784343e-04  -7.2235387e-04  -1.0578212e-03  -1.8203012e-03
   2.7154938e-04  -1.0144767e-03  -1.5787806e-03  -1.6138753e-03
   1.6659871e-04  -8.6841530e-04  -1.5937722e-03  -1.5763434e-03
   2.6030466e-04  -8.0474750e-04  -1.4326121e-03  -1.5463178e-03
  -5.4547328e-05  -8.4968948e-04  -8.6667786e-04  -1.5650838e-03
  -8.0784994e-05  -7.8227651e-04  -6.5304705e-04  -2.0417398e-03
  -1.7449094e-04  -7.7478618e-04  -6.4180332e-04  -2.1280633e-03
  -3.3566518e-04  -5.7629243e-04  -5.7434096e-04  -1.9891950e-03
  -2.4570747e-04  -8.4968948e-04  -6.7928241e-04  -2.1055441e-03
  -2.9068632e-04  -1.0743994e-03  -8.1795505e-04  -2.2256465e-03
   1.3661281e-04  -8.1223783e-04  -8.4044250e-04  -2.0492462e-03
   2.6030466e-04  -8.2347332e-04  -9.0415695e-04  -1.8728459e-03
   1.2536810e-04  -8.2347332e-04  -1.2677041e-03  -1.7677564e-03
   9.1727180e-06  -9.1335728e-04  -1.1665106e-03  -1.8465736e-03
  -1.6699447e-04  -7.3358936e-04  -1.6581888e-04  -2.1168037e-03
  -1.2201561e-04  -7.1486354e-04  -1.0960025e-04  -2.1543357e-03
  -3.0942751e-04  -1.1455575e-03  -9.1088500e-07  -2.1956209e-03
  -3.3941342e-04  -8.6467014e-04   6.9994810e-04  -2.1280633e-03
  -8.8281470e-05  -6.8864738e-04   4.0761120e-04  -2.2031273e-03
   8.4137478e-05  -9.3582827e-04   4.7811932e-05  -2.2218933e-03
   2.3031876e-04  -8.9837662e-04   3.6568205e-05  -1.9516631e-03
   3.5775885e-04  -6.8115705e-04  -1.9955006e-04  -1.9591695e-03
   7.2892764e-05  -6.6617639e-04  -3.6820597e-04  -1.9704291e-03
