   2.7913908e-05  -7.5980552e-04  -3.0074361e-04  -2.1017910e-03
   5.4151574e-05  -8.3470882e-04  -3.4946642e-04  -2.0154674e-03
   1.4410929e-04  -8.9837662e-04  -2.3328124e-04  -2.0980378e-03
   8.0389240e-05  -9.6953476e-04  -2.2578543e-04  -2.1543357e-03
  -3.9554376e-05  -1.0069864e-03  -2.8949988e-04  -1.9178843e-03
  -8.8281470e-05  -8.6092497e-04  -3.8389975e-05  -2.1205569e-03
  -1.3700856e-04  -9.1710245e-04  -2.6326452e-04  -2.1881145e-03
   3.1662146e-05  -1.0893800e-03  -2.5951661e-04  -1.8653395e-03
  -3.5806138e-05  -8.7965080e-04  -1.0585234e-04  -2.0605058e-03
  -1.3700856e-04  -8.9463146e-04  -4.0568506e-04  -2.1092973e-03
   3.5410384e-05  -9.5080893e-04  -3.9818924e-04  -2.1243101e-03
  -1.8948390e-04  -8.5343464e-04  -1.9205424e-04  -2.2481656e-03
  -2.9443456e-04  -9.3582827e-04  -1.5082725e-04  -2.1806081e-03
  -2.1197332e-04  -9.9949608e-04  -2.9324779e-04  -2.1956209e-03
  -1.7074271e-04  -8.7965080e-04  -4.0943297e-04  -2.1243101e-03
  -3.2057900e-05  -7.8227651e-04  -1.2459188e-04  -2.2256465e-03
  -1.7449094e-04  -9.6953476e-04  -1.9580215e-04  -2.2706848e-03
  -2.1946980e-04  -9.3582827e-04  -5.2187024e-04  -2.1881145e-03
  -1.8198742e-04  -9.9575091e-04  -1.9955006e-04  -2.2031273e-03
  -9.2029708e-05  -1.1118510e-03  -2.5202079e-04  -2.2932040e-03
  -1.8573566e-04  -7.4857002e-04  -2.8575197e-04  -2.2631784e-03
  -1.1826737e-04  -8.1223783e-04  -9.4608610e-05  -1.9366503e-03
   1.3661281e-04  -1.1942447e-03  -2.0329797e-04  -2.0192206e-03
  -3.9554376e-05  -7.8227651e-04  -2.7146248e-05  -2.0267270e-03
  -4.7050852e-05  -6.6992156e-04  -6.8373247e-05  -1.8465736e-03
  -1.7823918e-04  -1.0069864e-03  -3.3447479e-04  -1.8841055e-03
  -2.0822509e-04  -7.8227651e-04  -2.5951661e-04  -1.8315608e-03
  -1.6324623e-04  -8.7590563e-04  -8.3364883e-05  -1.9854418e-03
   1.0287867e-04  -7.3358936e-04  -2.4827288e-04  -2.0042078e-03
   1.4036105e-04  -7.2609903e-04  -3.1948315e-04  -1.9666759e-03
  -2.4945570e-04  -1.0369477e-03  -6.0877429e-05  -1.9779355e-03
   4.2906860e-05  -9.3957344e-04  -1.8455843e-04  -2.0980378e-03
   9.1727180e-06  -9.9200575e-04  -3.6071015e-04  -2.3307360e-03
   4.6655098e-05  -9.0212179e-04  -2.2578543e-04  -2.1881145e-03
  -1.0327442e-04  -8.2721849e-04  -2.8949988e-04  -2.0867782e-03
  -1.5949799e-04  -6.6243123e-04  -2.1828961e-04  -1.9479099e-03
   1.7784343e-04  -4.1525034e-04  -2.1828961e-04  -1.9554163e-03
  -3.0193104e-04  -6.7366672e-04  -2.3328124e-04  -2.1280633e-03
  -2.0072861e-04  -8.9463146e-04   2.5324478e-05  -2.1768549e-03
  -3.5806138e-05  -6.5868606e-04  -1.2084397e-04  -2.2894508e-03
   9.1727180e-06  -7.3358936e-04  -1.1334816e-04  -2.1055441e-03
   7.6641002e-05  -7.8602167e-04  -5.3381611e-05  -2.0079610e-03
  -2.4570747e-04  -8.4219915e-04  -1.9580215e-04  -2.0942846e-03
   7.2892764e-05  -9.6578959e-04   3.2820296e-05  -2.0680122e-03
  -2.0719960e-06  -7.8227651e-04  -7.2121156e-05  -2.2706848e-03
  -2.4195923e-04  -8.3470882e-04  -3.6071015e-04  -2.2819444e-03
  -1.7064948e-05  -9.0961212e-04  -2.0704588e-04  -2.0792718e-03
  -9.2029708e-05  -9.4331860e-04  -3.1198733e-04  -2.1993741e-03
  -1.3326033e-04  -6.8115705e-04  -3.4946642e-04  -2.1393229e-03
  -2.2696628e-04  -7.7478618e-04  -2.2953333e-04  -2.0717654e-03
  -1.4825328e-04  -9.5455410e-04  -2.7450824e-04  -2.3157232e-03
   9.1727180e-06  -5.6505694e-04  -9.4608610e-05  -2.2856976e-03
  -2.0072861e-04  -8.1598299e-04  -1.8830634e-04  -2.2406592e-03
  -7.3288518e-05  -8.2347332e-04  -1.9650430e-05  -2.2031273e-03
  -3.2057900e-05  -8.9463146e-04  -1.2154612e-05  -2.1806081e-03
  -8.0784994e-05  -1.0369477e-03  -5.0313069e-04  -2.5296554e-03
   1.7034695e-04  -6.6992156e-04  -1.7331470e-04  -2.3419956e-03
  -1.1826737e-04  -9.8077025e-04  -1.5082725e-04  -2.1318165e-03
  -8.8281470e-05  -9.2084761e-04  -2.9699570e-04  -2.4508383e-03
   1.3661281e-04  -7.1486354e-04  -2.3702915e-04  -2.3570083e-03
  -1.2951209e-04  -9.1710245e-04  -9.0860701e-05  -2.1055441e-03
  -2.4561424e-05  -7.2609903e-04   1.4900547e-04  -1.8690927e-03
   6.1648050e-05  -6.6617639e-04  -1.8455843e-04  -1.9216375e-03
  -2.8309662e-05  -6.6617639e-04   4.7811932e-05  -2.0454930e-03
   5.4244800e-06  -6.4745057e-04   3.6568205e-05  -1.9854418e-03
   2.6030466e-04  -8.2721849e-04  -2.2953333e-04  -2.1017910e-03
   2.4531171e-04  -6.5868606e-04   1.4080751e-05  -2.1430761e-03
  -4.7050852e-05  -6.1748925e-04  -3.1198733e-04  -2.1017910e-03
   1.7409519e-04  -9.4331860e-04  -1.0585234e-04  -2.1055441e-03
   6.9144526e-05  -7.8227651e-04   7.4047295e-05  -2.1280633e-03
  -2.0813186e-05  -5.9127309e-04  -3.0823942e-04  -2.0267270e-03
   1.3286457e-04  -7.1860870e-04   5.5307750e-05  -2.0379866e-03
  -1.1451914e-04  -9.2833794e-04  -3.4642066e-05  -2.0680122e-03
   9.1727180e-06  -9.6953476e-04  -2.3328124e-04  -2.1843613e-03
   4.2906860e-05  -8.6841530e-04  -8.3364883e-05  -2.0867782e-03
  -1.1077090e-04  -9.3582827e-04  -1.6956679e-04  -1.8653395e-03
  -1.4825328e-04  -7.5980552e-04   8.9038931e-05  -2.2331528e-03
  -3.9554376e-05  -8.1972816e-04   6.5849330e-06  -2.0379866e-03
   2.2657052e-04  -7.5231519e-04  -2.1828961e-04  -1.9141311e-03
  -9.5684720e-06  -4.7517298e-04  -1.3583561e-04  -2.2331528e-03
   6.9144526e-05  -8.3470882e-04   1.0332842e-05  -2.0267270e-03
   6.5396288e-05  -9.3582827e-04  -1.2833979e-04  -2.1017910e-03
  -1.7064948e-05  -7.3733453e-04  -3.4197060e-04  -2.1243101e-03
   8.4137478e-05  -6.9613771e-04  -9.8356519e-05  -2.0079610e-03
  -2.8693808e-04  -8.2347332e-04   1.0332842e-05  -2.0717654e-03
  -4.7050852e-05  -8.9463146e-04  -1.5457515e-04  -2.0117142e-03
  -3.2057900e-05  -9.6578959e-04  -3.8319760e-04  -2.1393229e-03
  -3.5806138e-05  -9.8826058e-04  -2.4077706e-04  -2.1355697e-03
   1.1037514e-04  -8.6467014e-04  -3.3447479e-04  -2.1618421e-03
  -8.0784994e-05  -9.0961212e-04  -3.9818924e-04  -2.2519188e-03
  -7.3288518e-05  -7.8602167e-04  -1.4707934e-04  -2.2068805e-03
  -4.2937113e-04  -9.5080893e-04  -1.8455843e-04  -2.1843613e-03
  -1.4075680e-04  -9.0961212e-04  -1.0210443e-04  -2.0079610e-03
  -9.9526184e-05  -6.9613771e-04  -4.8064324e-04  -2.0642590e-03
  -4.1812641e-04  -1.0219671e-03  -2.6701242e-04  -2.1205569e-03
  -5.8295566e-05  -9.8077025e-04  -1.3208770e-04  -2.2106337e-03
  -1.1826737e-04  -1.0818897e-03  -6.4180332e-04  -2.1243101e-03
  -5.4547328e-05  -1.0968704e-03  -2.2953333e-04  -1.9704291e-03
  -1.1826737e-04  -9.4706377e-04  -3.9069342e-04  -2.2218933e-03
  -1.9698037e-04  -1.3065996e-03  -4.2817251e-04  -2.1918677e-03
   5.4244800e-06  -9.4706377e-04  -5.7129520e-05  -2.1468293e-03
  -1.5574975e-04  -8.3470882e-04  -3.5321433e-04  -1.9891950e-03
   1.6762420e-06  -1.0743994e-03  -3.7570179e-04  -2.2519188e-03
   5.0403336e-05  -9.4331860e-04  -2.6326452e-04  -2.2293996e-03
  -2.0447685e-04  -9.9575091e-04  -3.0894157e-05  -1.5125390e-03
  -2.2696628e-04  -7.2235387e-04  -1.7706261e-04  -1.9066247e-03
  -1.4825328e-04  -9.2833794e-04  -2.3702915e-04  -2.0492462e-03
  -6.2043804e-05  -1.0219671e-03  -1.3208770e-04  -1.7414840e-03
  -1.0327442e-04  -8.4219915e-04  -5.6309724e-04  -1.9291439e-03
  -1.2201561e-04  -9.6204443e-04  -2.4077706e-04  -1.9028715e-03
  -1.8573566e-04  -7.9351200e-04   1.0332842e-05  -1.9854418e-03
  -2.2321804e-04  -8.4594431e-04  -1.0210443e-04  -1.9516631e-03
  -1.3316710e-05  -8.9088629e-04   1.9398038e-04  -1.7302244e-03
   4.2906860e-05  -8.5717981e-04   6.5849330e-06  -1.8390672e-03
   3.9158622e-05  -8.7590563e-04  -3.4571851e-04  -2.0154674e-03
   1.1787162e-04  -9.5829926e-04  -1.7331470e-04  -2.1430761e-03
  -4.3302614e-05  -8.7965080e-04   5.1559841e-05  -2.0792718e-03
  -3.5806138e-05  -7.1860870e-04  -7.9616974e-05  -1.8278076e-03
  -1.3316710e-05  -9.0961212e-04  -2.1079379e-04  -1.9328971e-03
  -7.7036756e-05  -1.1343220e-03  -2.2203752e-04  -2.1655953e-03
   9.1727180e-06  -1.1155962e-03  -1.9955006e-04  -1.9103779e-03
  -1.8198742e-04  -8.7216047e-04  -1.7331470e-04  -2.0079610e-03
  -2.1946980e-04  -8.1972816e-04  -3.0449151e-04  -2.1881145e-03
  -1.0327442e-04  -8.8339596e-04  -3.0449151e-04  -1.9141311e-03
  -2.0813186e-05  -8.9837662e-04  -2.1079379e-04  -2.0229738e-03
   3.1662146e-05  -7.4482486e-04  -2.2203752e-04  -2.1693485e-03
  -1.3700856e-04  -7.0362804e-04  -1.2084397e-04  -2.1505825e-03
  -9.5684720e-06  -7.9725717e-04  -2.1079379e-04  -2.1881145e-03
   1.4410929e-04  -7.1860870e-04  -2.6701242e-04  -2.2293996e-03
  -1.1451914e-04  -8.7590563e-04  -2.5951661e-04  -2.1355697e-03
  -1.7064948e-05  -9.9949608e-04  -2.7450824e-04  -2.2819444e-03
   2.4156347e-04  -9.2833794e-04  -6.0877429e-05  -2.2481656e-03
   3.9158622e-05  -8.7590563e-04  -2.7825615e-04  -2.1956209e-03
  -5.8202340e-06  -9.0586695e-04  -2.5951661e-04  -2.4395787e-03
  -8.8281470e-05  -9.5080893e-04  -1.2084397e-04  -2.1430761e-03
  -1.1826737e-04  -6.9239255e-04  -2.7076033e-04  -2.2631784e-03
   2.0417432e-05  -6.6243123e-04  -4.5885793e-05  -2.2519188e-03
  -2.0447685e-04  -8.3845398e-04  -1.5902521e-05  -2.1843613e-03
  -1.7449094e-04  -6.5868606e-04  -1.6581888e-04  -2.4358255e-03
   1.6762420e-06  -7.4107969e-04  -3.1198733e-04  -2.2218933e-03
  -6.9540280e-05  -8.4219915e-04  -2.4077706e-04  -2.3269828e-03
   2.4165670e-05  -7.3733453e-04  -4.2137884e-05  -2.2556720e-03
   1.1412338e-04  -8.1972816e-04  -3.8389975e-05  -2.0792718e-03
   2.4165670e-05  -8.0474750e-04  -1.5902521e-05  -2.0304802e-03
   4.2906860e-05  -7.7853134e-04  -8.7112792e-05  -1.8428204e-03
   2.0782933e-04  -7.0737321e-04   1.1527429e-04  -2.1243101e-03
   1.2536810e-04  -7.0362804e-04   1.0028266e-04  -2.2256465e-03
   5.0403336e-05  -7.3358936e-04  -2.1079379e-04  -1.9441567e-03
   1.6669194e-05  -7.2984420e-04  -3.4642066e-05  -1.8052884e-03
  -2.8309662e-05  -5.8752793e-04  -5.7129520e-05  -1.8916119e-03
   1.8159167e-04  -6.8115705e-04  -1.0585234e-04  -2.1318165e-03
   1.9283638e-04  -9.0212179e-04   3.6568205e-05  -1.9891950e-03
   1.6762420e-06  -5.8378276e-04  -1.9955006e-04  -1.9741823e-03
  -5.4547328e-05  -6.3996024e-04  -2.7825615e-04  -2.0117142e-03
   3.9158622e-05  -9.2084761e-04  -7.5869065e-05  -1.8916119e-03
   3.5410384e-05  -9.4331860e-04  -1.8455843e-04  -2.0717654e-03
  -6.2043804e-05  -7.4482486e-04  -3.4571851e-04  -1.9666759e-03
   9.1727180e-06  -6.8864738e-04  -1.4333143e-04  -1.9779355e-03
   9.5382192e-05  -9.0586695e-04  -4.9633702e-05  -2.0942846e-03
  -8.0784994e-05  -8.5717981e-04  -2.0704588e-04  -2.0755186e-03
  -2.2696628e-04  -7.9351200e-04  -2.1079379e-04  -2.0680122e-03
  -8.4533232e-05  -8.2347332e-04  -8.7112792e-05  -2.0229738e-03
  -9.9526184e-05  -8.8339596e-04  -1.2459188e-04  -2.0117142e-03
  -2.2321804e-04  -7.3733453e-04  -1.7706261e-04  -1.8165480e-03
  -1.5200152e-04  -6.8864738e-04  -1.0960025e-04  -2.0830250e-03
  -1.1451914e-04  -8.0849266e-04  -2.6326452e-04  -2.1918677e-03
  -1.0702266e-04  -1.0856349e-03  -2.9699570e-04  -1.9816886e-03
   2.4165670e-05  -9.6578959e-04  -1.6581888e-04  -2.1393229e-03
  -6.5792042e-05  -7.1486354e-04  -2.8575197e-04  -1.9891950e-03
  -2.5695218e-04  -1.0182219e-03  -3.9818924e-04  -2.1017910e-03
  -2.8693808e-04  -9.2084761e-04  -2.5202079e-04  -2.3082168e-03
  -3.2816870e-04  -9.3582827e-04   6.5849330e-06  -2.1468293e-03
  -9.5684720e-06  -9.6204443e-04  -4.9633702e-05  -2.2594252e-03
   8.0389240e-05  -9.2459278e-04  -2.1079379e-04  -2.1243101e-03
  -3.3566518e-04  -9.3208311e-04  -3.0074361e-04  -2.3119700e-03
  -1.6324623e-04  -8.9463146e-04  -2.9699570e-04  -2.5746938e-03
  -1.7074271e-04  -1.0856349e-03   2.5394693e-04  -2.1993741e-03
  -2.0072861e-04  -9.8826058e-04   9.6534749e-05  -2.4470851e-03
  -1.7064948e-05  -1.0257122e-03  -9.3788814e-04  -2.0079610e-03
  -1.2201561e-04  -1.0369477e-03   3.1766138e-04  -2.2293996e-03
  -1.5200152e-04  -1.0743994e-03  -7.2800523e-04  -2.3307360e-03
  -2.4570747e-04  -1.0781445e-03  -6.2681169e-04  -1.8878587e-03
  -6.9540280e-05  -7.8602167e-04   2.8393020e-04  -2.6009662e-03
  -2.3071451e-04  -1.0781445e-03  -1.6612346e-03  -1.3886835e-03
  -1.9698037e-04  -1.0818897e-03   2.0866744e-03  -3.1526861e-03
  -3.7314756e-04  -9.1710245e-04  -3.6663659e-03  -1.2948536e-03
   1.5535400e-04  -8.8714113e-04   3.6570483e-03  -2.2068805e-03
  -2.0072861e-04  -7.5606035e-04  -3.5989035e-03  -2.2106337e-03
   3.0528352e-04  -1.0219671e-03   8.2362909e-04  -9.7583185e-04
   1.4785752e-04  -7.4857002e-04   2.2553303e-03  -4.2110877e-03
  -4.4061584e-04  -9.3208311e-04  -7.6166620e-03   1.2835927e-03
   8.0379917e-04  -7.5980552e-04   1.2711996e-02  -6.1852693e-03
  -1.2764729e-03  -8.1223783e-04  -1.7957143e-02   2.3532539e-03
   1.6096703e-03  -6.5868606e-04   2.0226554e-02  -5.4008511e-03
  -1.6400520e-03  -6.8864738e-04  -1.9579988e-02  -1.6251349e-03
  -5.2682532e-04  -1.2803834e-03   3.4075078e-02   3.3215787e-03
   1.5541871e-02  -1.7555978e-04  -2.1645085e-02  -6.6972048e-02
   2.1321654e-02   7.5324114e-04  -1.0729605e-01  -7.3221121e-02
  -1.0823235e-02   2.7082173e-03   3.0292758e-01  -7.4069343e-02
  -4.8481782e-02   3.2699920e-03   2.2402660e-01  -7.1389561e-02
  -1.9571623e-02  -4.7671321e-03  -6.7062247e-02  -2.8077667e-02
   4.8353946e-02  -1.1302445e-02   1.3334149e-02  -4.4944535e-02
   3.2184048e-02   4.2366662e-04  -8.5168623e-04  -5.6545667e-02
  -6.7893907e-02   6.3672435e-03  -1.5569655e-01  -5.8444784e-02
  -1.5808392e-02   1.7382195e-03  -3.1284707e-02  -3.5073627e-02
   6.8661900e-02  -5.1940809e-03   5.5333218e-02  -7.2436708e-03
  -9.0128361e-03  -1.0909203e-02  -8.6750013e-02  -2.3787763e-02
  -4.5037152e-02   2.1277167e-03   6.5310151e-02  -3.4289208e-02
  -9.0053397e-03   1.8917713e-03   5.1559841e-05  -3.0825008e-02
   3.4133131e-02  -5.6659717e-03  -4.1311066e-03  -3.8338908e-02
   1.6737559e-02  -1.1605382e-03   5.0996887e-02  -3.2847981e-02
  -2.2345319e-02   1.2030826e-04  -3.4302476e-03  -1.8390666e-02
  -1.0815739e-02  -4.7891814e-04  -7.3280730e-03  -2.6144771e-02
  -3.8065336e-03  -3.3140080e-03  -6.4052676e-02  -2.1877386e-02
   1.8431762e-02  -2.2878328e-03  -2.0434511e-02  -1.8233032e-02
  -9.0914559e-04  -3.3285671e-04  -6.5338208e-02  -9.5406274e-03
  -1.1913972e-02   3.7643538e-03  -2.6929637e-02  -8.5723026e-03
  -2.7795164e-03   3.6519989e-03  -1.3096105e-02  -9.8108576e-03
  -3.7203241e-03  -4.3102219e-03  -5.2592272e-03  -5.4046100e-04
   3.3900741e-02  -2.0631229e-03  -3.3649638e-02  -3.0900072e-02
  -1.1827670e-03   1.5172548e-03  -6.8954941e-02  -4.0433192e-02
  -4.1686227e-02   3.1351661e-03   3.0094798e-02  -3.0363364e-02
  -4.3537763e-03   2.8505335e-03  -4.8787442e-02  -2.9410052e-02
   2.7543729e-02  -5.4974392e-03  -5.5428737e-02  -1.7640027e-02
   8.2328069e-03  -4.4450479e-03  -2.2248499e-02  -1.9201356e-02
  -3.0021710e-02   1.9329681e-03  -5.7580037e-02  -2.5724413e-02
  -1.8222257e-02   1.0715802e-03  -2.2522096e-02  -1.8567066e-02
   1.0867818e-02  -1.4414255e-03  -2.8852314e-02  -8.6210941e-03
   1.9203900e-02  -3.1192595e-03  -4.2183627e-02  -1.1053166e-02
   1.6808869e-03  -1.2803834e-03  -2.5355515e-02  -1.8679662e-02
  -1.4728899e-02   5.0606025e-04  -1.8845397e-02  -1.7047021e-02
  -7.9445883e-03  -5.0138913e-04  -2.7281940e-02  -6.6619253e-03
   1.0714140e-02  -2.6698397e-03  -3.7348824e-02  -2.0605058e-03
   1.3997597e-02  -3.9282151e-03  -4.8124062e-02  -9.1202750e-04
  -9.5263448e-03  -4.0026968e-04  -3.5126314e-02  -3.5542782e-03
  -1.7135268e-02   6.7833784e-04  -3.3293587e-02  -7.1460877e-03
   2.9552878e-03  -8.8714113e-04  -4.5121987e-02  -1.0621554e-03
   1.8986502e-02  -9.4331860e-04  -5.1943182e-02   6.8308122e-04
   3.5100270e-03  -1.4264449e-03  -5.2651537e-02  -3.1939713e-03
  -1.0579600e-02   1.0865608e-03  -3.0295259e-02  -6.7444956e-03
  -6.2278953e-03   2.0644705e-04  -4.1081741e-02  -6.5981210e-03
   6.4448974e-03  -2.6436235e-03  -4.9784386e-02  -6.1552494e-04
   1.3360396e-02  -8.6092497e-04  -4.9053544e-02  -4.5038996e-05
  -1.4788778e-03  -1.3061780e-04  -4.3656555e-02  -4.7703140e-03
  -9.9836298e-03   2.8884068e-04  -3.6524284e-02  -5.1643997e-03
  -3.6116252e-03  -3.2536638e-04  -5.3326160e-02  -1.5388171e-04
   9.6496409e-03  -2.8271366e-03  -3.5561071e-02   1.8916107e-03
   8.3377576e-03  -1.9095712e-03  -2.1881204e-02  -3.0025582e-03
  -9.2039963e-03   7.5324114e-04  -2.3575258e-02  -4.8754035e-03
  -1.0617082e-02   2.7760519e-04  -2.5303045e-02  -2.0567526e-03
   7.0933425e-03  -1.6773709e-03  -2.5524171e-02  -1.3136196e-03
   1.1969800e-02  -2.1904585e-03  -1.8122051e-02  -2.0717654e-03
  -6.6476980e-03  -9.8451542e-04  -2.6086358e-02  -2.0117142e-03
  -1.3293324e-02   1.7648573e-04  -2.6075114e-02  -1.3436452e-03
   1.6021739e-03  -9.2833794e-04  -2.8440044e-02  -7.9567840e-04
   8.9074897e-03  -2.4413846e-03  -3.0010418e-02  -1.4637532e-04
  -2.3372243e-03  -1.4301901e-03  -2.7345655e-02  -2.7023082e-04
  -1.1771539e-02   8.8057675e-04  -2.8462532e-02  -1.9253907e-03
  -4.0314278e-03   6.7875950e-05  -2.4950741e-02  -2.5033830e-03
   1.0455512e-02  -1.5462902e-03  -2.5659096e-02  -1.2535684e-03
   7.8504866e-03  -8.7965080e-04  -2.7637992e-02  -5.2544821e-04
  -6.4677825e-03  -1.1563714e-04  -2.2657021e-02  -1.2460620e-03
  -9.8674344e-03   3.8246981e-04  -1.8324438e-02  -2.5183958e-03
   9.1633954e-05  -1.4339352e-03  -1.7987126e-02  -2.7323280e-03
   8.4314635e-03  -2.9731980e-03  -1.3313484e-02  -2.1092973e-03
  -7.9295021e-04  -1.1755188e-03  -1.4887605e-02  -2.4771163e-04
  -9.4326388e-03   3.3003750e-04  -1.5595960e-02   1.7264643e-04
  -1.4413954e-03   3.4169465e-05  -1.0614989e-02  -2.0192206e-03
   7.5881100e-03  -1.2991093e-03  -9.5693226e-03  -2.0529994e-03
   3.8136343e-03  -1.8271775e-03  -9.1308172e-03  -8.2195078e-04
  -3.9976937e-03  -8.0100233e-04  -9.1270693e-03  -1.3774239e-03
  -1.8349604e-03  -2.7667923e-04  -4.5508724e-03  -3.6593677e-03
   4.5595337e-03  -1.0893800e-03  -3.8987362e-03  -3.6556145e-03
   5.6052921e-03  -1.3477964e-03  -7.6166620e-03  -7.8817200e-04
   1.6209151e-03  -7.1111837e-04  -7.5042247e-03  -1.1334661e-03
  -2.8357399e-03  -4.4146649e-04  -5.0231089e-03  -3.3028140e-03
  -4.5974118e-03  -6.1748925e-04  -6.5110288e-03  -2.1355697e-03
  -8.8290793e-04  -1.0931252e-03  -1.2698827e-02  -1.8766617e-05
   3.6637048e-03  -1.2916189e-03  -1.1499496e-02  -7.4688684e-04
   2.5767157e-03  -5.3135045e-04  -1.1836808e-02  -2.9087283e-03
  -2.0561064e-03   2.7760519e-04  -1.3092357e-02  -3.1038946e-03
  -2.4496714e-03  -1.8679527e-04  -1.5738381e-02  -1.9891950e-03
   2.9627843e-03  -1.2916189e-03  -1.5603456e-02  -2.4470851e-03
   2.6516805e-03  -1.6137031e-03  -1.1465765e-02  -3.5617846e-03
  -1.1227952e-03  -1.1530478e-03  -1.7065141e-02  -3.6481081e-03
  -1.0553269e-03  -5.8752793e-04  -1.5693406e-02  -2.2894508e-03
  -1.5388496e-03  -4.3397616e-04  -2.0861772e-02   4.5788940e-04
  -2.0898406e-03  -8.3845398e-04  -2.3721427e-02   6.5680884e-04
  -7.5171960e-04  -1.0669090e-03  -8.9209343e-03  -2.7586004e-03
  -1.2352423e-03  -1.1642833e-03  -8.0251841e-03  -3.7344316e-03
  -3.0718789e-03  -8.0849266e-04  -1.8350673e-02  -8.1069118e-04
   6.1263904e-04  -3.4034704e-04  -1.8193261e-02  -4.5038996e-05
   5.7402286e-03  -9.8826058e-04  -4.0898796e-03  -3.5017334e-03
   1.8045787e-03  -1.1043607e-03  -3.4571851e-04  -4.8115992e-03
  -4.6873695e-03  -8.1223783e-04  -7.5342080e-03  -2.4620979e-03
  -1.0928093e-03  -1.4414255e-03  -6.7246596e-03  -1.5725902e-03
   4.8369033e-03  -1.8683744e-03  -1.2489646e-03  -2.9387539e-03
   7.3633089e-04  -1.1268317e-03   1.3401384e-04  -2.6347449e-03
  -5.0059697e-03  -6.3204825e-05  -4.8994279e-03  -4.2411189e-04
  -4.8559470e-04  -3.0289539e-04  -2.5195057e-03  -9.6457226e-04
   4.1659687e-03  -9.7327992e-04   3.1435848e-03  -2.1393229e-03
   5.4244800e-06  -9.3957344e-04   1.2059158e-03  -1.5538242e-03
  -2.5846080e-03  -5.8003760e-04   9.2786840e-05  -2.0192206e-03
   6.0889080e-04  -4.6393748e-04   3.4389674e-04  -2.8749495e-03
   4.2184440e-03  -8.9837662e-04  -1.2152334e-03  -3.1189073e-03
   2.4867580e-03  -7.1860870e-04  -6.7658866e-03  -2.4545915e-03
  -1.8387086e-03  -4.6768265e-04  -9.1195735e-03  -1.4599943e-03
  -2.0636029e-03  -7.9351200e-04  -7.2118878e-03  -1.6063689e-03
  -9.9526184e-05  -8.1223783e-04  -7.7890658e-03  -1.9779355e-03
   8.6751922e-04  -9.3208311e-04  -7.2118878e-03  -1.7302244e-03
   8.0389240e-05  -3.5158253e-04  -7.7815700e-03  -1.3361388e-03
   7.9630270e-04   3.3003750e-04  -7.2231315e-03  -1.5087858e-03
   1.5197126e-03  -1.4185329e-04  -6.7284075e-03  -1.4449815e-03
  -4.6685351e-04  -5.0513430e-04  -8.1263776e-03  -1.0208702e-03
  -1.5051154e-03  -8.0100233e-04  -6.2674147e-03  -1.4787603e-03
  -2.4759091e-03  -1.0481832e-03  -5.3229417e-03  -1.9404035e-03
  -1.9361628e-03  -7.8976684e-04  -5.4691101e-03  -1.9253907e-03
   8.7501570e-04  -9.2084761e-04  -4.9181675e-03  -1.8878587e-03
   1.6996281e-03  -7.6729585e-04  -5.0905713e-03  -1.6814329e-03
   5.1893309e-04  -1.2312747e-04  -5.4803538e-03  -1.6288881e-03
  -1.1377881e-03  -6.5119573e-04  -5.4053957e-03  -1.5125390e-03
  -1.6662897e-03  -1.1717737e-03  -5.3116979e-03  -1.6176285e-03
  -7.8920198e-04  -9.9949608e-04  -5.9076155e-03  -1.7564968e-03
   9.1727180e-06  -8.1598299e-04  -5.8101698e-03  -1.5275518e-03
  -2.7569337e-04  -3.5532770e-04  -6.3011459e-03  -1.9816886e-03
  -4.8934294e-04  -2.8791473e-04  -6.2973980e-03  -1.9366503e-03
   1.1037514e-04  -8.0849266e-04  -6.5822391e-03  -1.7001989e-03
   9.1727180e-06  -1.2279511e-03  -6.5672475e-03  -2.1017910e-03
  -4.8559470e-04  -1.1193414e-03  -6.3835999e-03  -2.1017910e-03
   6.5396288e-05  -9.7702509e-04  -6.5709954e-03  -2.4170595e-03
   1.4972232e-03  -7.8227651e-04  -5.7876824e-03  -2.4020467e-03
   1.9695012e-03  -4.9015364e-04  -7.0244924e-03  -1.9629227e-03
   9.4998046e-04  -6.6617639e-04  -6.5035330e-03  -2.2669316e-03
  -6.9540280e-05  -8.2347332e-04  -6.1962045e-03  -2.1693485e-03
  -2.9818280e-04  -1.1118510e-03  -6.4098353e-03  -2.0342334e-03
  -2.8318985e-04  -1.3253254e-03  -6.4548102e-03  -2.1731017e-03
  -3.0942751e-04  -9.3582827e-04  -7.7178555e-03  -1.5650838e-03
  -1.3700856e-04  -9.2459278e-04  -5.9863216e-03  -1.9967014e-03
  -1.1451914e-04  -1.0144767e-03  -4.8544530e-03  -2.4883702e-03
   2.3031876e-04  -9.5455410e-04  -5.3454291e-03  -2.1918677e-03
   3.5775885e-04  -1.0818897e-03  -5.2592272e-03  -2.2293996e-03
   5.7899812e-05  -9.8826058e-04  -3.8687530e-03  -2.1280633e-03
   6.3887670e-04  -1.0444381e-03  -2.2234209e-03  -2.7886260e-03
   6.2388375e-04  -9.0586695e-04  -2.1034878e-03  -2.7698600e-03
  -5.0799090e-05  -7.8602167e-04  -2.9355236e-03  -1.9591695e-03
  -4.3686760e-04  -1.1867543e-03  -3.3215583e-03  -1.9854418e-03
  -1.0365857e-03  -9.5080893e-04  -2.0997399e-03  -2.0079610e-03
  -1.7974780e-03  -8.7590563e-04  -1.8148988e-03  -1.8015352e-03
  -2.1872947e-03  -1.1418123e-03  -2.6057076e-03  -1.3886835e-03
  -1.0553269e-03  -8.2347332e-04  -2.3508498e-03  -1.2835940e-03
   1.2536810e-04  -7.9725717e-04  -8.5168623e-04  -1.5012794e-03
   5.4244800e-06  -4.8266331e-04   4.8256938e-04  -1.6138753e-03
  -4.1812641e-04  -4.6019232e-04   9.0233518e-04  -1.7077053e-03
  -1.6324623e-04  -8.0100233e-04   1.5469755e-03  -1.8390672e-03
   7.0634499e-04  -6.5119573e-04   2.4202383e-03  -2.1505825e-03
   2.0408109e-04  -1.1268317e-03   1.8468083e-03  -2.0379866e-03
  -3.9938522e-04  -9.5080893e-04   5.5377965e-04  -1.6776797e-03
   3.6525533e-04  -7.1860870e-04   8.2362909e-04  -1.8578331e-03
  -1.7449094e-04  -1.1118510e-03   2.8767811e-04  -1.7227181e-03
  -1.6438002e-03  -7.1860870e-04  -4.8064324e-04  -1.1972705e-03
  -1.7824850e-03  -6.8115705e-04   1.6024920e-04  -1.2723344e-03
  -4.2562289e-04  -9.8077025e-04   1.3633280e-03  -1.6664201e-03
   8.4877803e-04  -9.3208311e-04   1.9405060e-03  -2.0642590e-03
   1.1448888e-03  -8.6841530e-04   9.9603291e-04  -2.0867782e-03
   1.1861194e-03  -8.0849266e-04   6.6996483e-04  -1.9216375e-03
   1.0586794e-03  -6.7741189e-04   5.1559841e-05  -2.1956209e-03
   6.7635908e-04  -9.5829926e-04  -7.6173641e-04  -2.3344892e-03
  -5.4181827e-04  -1.2092253e-03  -1.8411342e-03  -1.9066247e-03
  -1.4826260e-03  -9.8451542e-04  -2.3695894e-03  -1.6026158e-03
  -4.5186056e-04  -9.3957344e-04  -1.5038224e-03  -1.8953651e-03
   6.6136613e-04  -8.0474750e-04  -1.6012680e-03  -1.9704291e-03
   2.5655643e-04  -6.6992156e-04  -2.8380780e-03  -1.7640032e-03
   1.7409519e-04  -5.5382144e-04  -3.1866335e-03  -1.6701733e-03
   6.1638727e-04  -7.3733453e-04  -1.9198403e-03  -1.9816886e-03
   2.0033286e-04  -9.0586695e-04  -2.1484627e-03  -2.4545915e-03
  -3.1692399e-04  -7.8227651e-04  -2.8755571e-03  -1.9929482e-03
  -2.3071451e-04  -1.0369477e-03  -2.6769179e-03  -2.0117142e-03
  -1.4450504e-04  -9.3582827e-04  -2.5569848e-03  -2.5409150e-03
  -5.2307708e-04  -6.2123441e-04  -2.3958247e-03  -2.1806081e-03
  -3.0193104e-04  -6.4745057e-04  -2.2496563e-03  -2.2256465e-03
   4.7770247e-04  -8.1223783e-04  -2.7668677e-03  -2.3795275e-03
  -1.8948390e-04  -9.0586695e-04  -4.1760815e-03  -1.9291439e-03
  -1.5500943e-03  -7.3733453e-04  -5.0343527e-03  -1.4374751e-03
  -1.3926683e-03  -7.8976684e-04  -3.6963492e-03  -1.5876030e-03
  -6.1303479e-04  -1.0369477e-03  -2.2159251e-03  -2.3532552e-03
  -3.0193104e-04  -8.7965080e-04  -3.0479609e-03  -2.3232296e-03
  -1.8573566e-04  -9.3957344e-04  -2.9055404e-03  -2.1205569e-03
   3.5026238e-04  -6.6617639e-04  -1.1627627e-03  -2.3832807e-03
   1.1898677e-03  -5.8003760e-04  -4.1692878e-04  -2.5033830e-03
   8.9750512e-04  -1.1230865e-03  -9.6037559e-04  -2.3495020e-03
   9.1727180e-06  -7.7104101e-04  -1.2976874e-03  -1.8728459e-03
  -2.9068632e-04  -7.2984420e-04  -5.2187024e-04  -1.8052884e-03
  -4.4436408e-04  -8.2721849e-04   4.7811932e-05  -1.9328971e-03
  -6.3552422e-04  -7.1860870e-04  -1.4333143e-04  -1.6476541e-03
  -2.2696628e-04  -7.9725717e-04  -6.4929914e-04  -1.3511516e-03
   4.1023418e-04  -6.8864738e-04   2.2021575e-04  -1.5087858e-03
   5.6016370e-04  -8.4594431e-04   1.9892288e-03  -1.9816886e-03
   3.3152119e-04  -7.1111837e-04   1.9554976e-03  -2.0605058e-03
   5.9764608e-04  -6.8490222e-04   1.9742372e-03  -2.0529994e-03
   9.7621812e-04  -8.5343464e-04   2.2253471e-03  -2.2218933e-03
   1.4410929e-04  -9.3957344e-04   1.6369253e-03  -2.1355697e-03
  -3.9188875e-04  -9.7702509e-04   1.7755980e-03  -1.9291439e-03
   1.1037514e-04  -7.1486354e-04   1.7456147e-03  -1.8015352e-03
   3.3526942e-04  -6.4370540e-04   1.2396470e-03  -1.6851861e-03
   9.9130430e-05  -4.6768265e-04   1.1009744e-03  -1.6288881e-03
  -3.8814051e-04  -5.6880210e-04   1.1309576e-03  -1.7339776e-03
  -5.3432179e-04  -9.8826058e-04   1.0260162e-03  -1.7189649e-03
  -3.9188875e-04  -8.1223783e-04   8.3487282e-04  -1.6326413e-03
  -5.2682532e-04  -7.9725717e-04   9.7354545e-04  -1.7189649e-03
  -3.0193104e-04  -9.8077025e-04   1.3370926e-03  -2.0529994e-03
   3.1662146e-05  -8.7590563e-04   1.0897306e-03  -2.2406592e-03
