  -3.0193104e-04  -6.2497958e-04   1.0403057e-04  -2.0192206e-03
  -5.6430770e-04  -9.0961212e-04  -1.5457515e-04  -1.8127948e-03
  -1.4825328e-04  -8.6467014e-04  -7.5869065e-05  -2.0755186e-03
  -4.7050852e-05  -9.6204443e-04  -1.2833979e-04  -2.0229738e-03
  -1.2951209e-04  -7.5606035e-04  -2.6326452e-04  -1.9479099e-03
  -6.5792042e-05  -7.2235387e-04  -3.1573524e-04  -2.0079610e-03
  -3.5806138e-05  -1.0257122e-03  -2.7825615e-04  -2.0342334e-03
  -5.8202340e-06  -7.1860870e-04  -3.2697897e-04  -2.0830250e-03
  -2.3071451e-04  -7.3733453e-04  -2.7450824e-04  -1.7564968e-03
  -3.2442046e-04  -9.9575091e-04   1.4080751e-05  -1.9666759e-03
  -2.5695218e-04  -6.9239255e-04  -1.3958352e-04  -2.1130505e-03
  -3.3191694e-04  -6.0999892e-04  -1.2154612e-05  -1.7902756e-03
  -3.6190284e-04  -7.5606035e-04  -1.2154612e-05  -2.0229738e-03
  -2.2321804e-04  -7.1486354e-04  -2.1828961e-04  -2.0454930e-03
   9.5382192e-05  -9.1335728e-04  -1.8455843e-04  -2.0529994e-03
  -1.7823918e-04  -7.9351200e-04  -6.0877429e-05  -2.1768549e-03
  -1.5949799e-04  -5.0138913e-04   1.3776175e-04  -2.1017910e-03
   9.1633954e-05  -7.5980552e-04  -1.5082725e-04  -2.1580889e-03
  -3.8814051e-04  -8.1598299e-04  -6.4625338e-05  -2.1168037e-03
  -3.1317575e-04  -6.8864738e-04  -1.2154612e-05  -2.1168037e-03
  -2.9443456e-04  -8.3096365e-04  -4.2442460e-04  -2.2031273e-03
  -4.8934294e-04  -8.7216047e-04  -2.1454170e-04  -2.1092973e-03
  -1.7074271e-04  -6.9613771e-04  -3.0894157e-05  -2.1655953e-03
  -3.2057900e-05  -6.6243123e-04  -9.8356519e-05  -2.4358255e-03
  -2.1946980e-04  -7.9725717e-04  -2.3398339e-05  -2.3982935e-03
  -1.6324623e-04  -8.0474750e-04  -6.8373247e-05  -2.2181401e-03
   1.6762420e-06  -6.6617639e-04  -1.7331470e-04  -2.2519188e-03
  -4.3302614e-05  -5.9876342e-04  -1.8455843e-04  -2.3570083e-03
   3.1662146e-05  -7.6729585e-04  -9.0860701e-05  -2.2856976e-03
  -5.8295566e-05  -8.1598299e-04  -8.7112792e-05  -2.3457488e-03
  -2.5320394e-04  -8.4968948e-04  -1.4333143e-04  -2.3495020e-03
  -2.2696628e-04  -7.7478618e-04  -1.2084397e-04  -2.2631784e-03
  -1.1826737e-04  -6.5494090e-04  -3.3447479e-04  -2.2669316e-03
  -5.0799090e-05  -7.3733453e-04  -9.4608610e-05  -2.0379866e-03
  -7.3288518e-05  -5.9501826e-04   2.5324478e-05  -2.1543357e-03
  -8.8281470e-05  -6.0625375e-04  -2.8200406e-04  -2.1318165e-03
   1.1412338e-04  -6.5119573e-04   7.7795204e-05  -1.9178843e-03
   2.7913908e-05  -5.9127309e-04   5.1559841e-05  -2.1205569e-03
  -6.5792042e-05  -5.9876342e-04  -1.2154612e-05  -1.8653395e-03
   1.5910224e-04  -5.6505694e-04   1.1527429e-04  -1.7039521e-03
  -2.4945570e-04  -6.8115705e-04   1.8273666e-04  -2.0867782e-03
  -2.6819689e-04  -7.5231519e-04   2.5019902e-04  -2.0454930e-03
   7.6641002e-05  -7.6729585e-04  -1.3583561e-04  -1.9066247e-03
  -2.9818280e-04  -7.1860870e-04   1.4080751e-05  -1.9816886e-03
  -3.1317575e-04  -5.2760529e-04   7.4047295e-05  -1.9629227e-03
   9.1633954e-05  -6.8864738e-04  -2.7146248e-05  -2.0004546e-03
   5.7899812e-05  -8.8714113e-04  -1.5082725e-04  -2.0342334e-03
   1.2911633e-04  -7.1486354e-04  -2.5202079e-04  -1.8953651e-03
   3.8774476e-04  -8.7216047e-04  -1.1709606e-04  -1.9066247e-03
   1.4036105e-04  -8.3845398e-04  -4.9188696e-04  -2.0117142e-03
  -2.4561424e-05  -6.5494090e-04  -2.1828961e-04  -1.8803523e-03
  -5.8295566e-05  -8.8339596e-04  -1.7706261e-04  -1.9779355e-03
  -3.1692399e-04  -8.5343464e-04  -3.6445806e-04  -1.9441567e-03
  -1.6324623e-04  -8.7216047e-04   2.8370240e-06  -1.8353140e-03
  -1.1077090e-04  -9.0961212e-04  -2.5576870e-04  -2.0379866e-03
  -3.2067223e-04  -9.6204443e-04   4.7811932e-05  -1.8240544e-03
  -1.2576385e-04  -9.1710245e-04   4.4064023e-05  -1.7677564e-03
   5.7899812e-05  -6.6992156e-04  -4.1318088e-04  -2.0454930e-03
   1.1787162e-04  -7.2609903e-04  -1.5457515e-04  -1.9854418e-03
  -1.9323213e-04  -8.2347332e-04  -2.9699570e-04  -2.0454930e-03
  -4.5186056e-04  -9.2084761e-04  -2.4452497e-04  -2.3419956e-03
  -1.9323213e-04  -8.9088629e-04  -1.9955006e-04  -2.2331528e-03
  -2.3446275e-04  -8.8714113e-04  -3.5321433e-04  -2.0755186e-03
  -2.9068632e-04  -8.6092497e-04  -3.1948315e-04  -2.1618421e-03
  -4.4061584e-04  -7.5606035e-04  -2.6701242e-04  -2.1055441e-03
  -3.8064403e-04  -9.2833794e-04  -1.1709606e-04  -2.1693485e-03
  -8.4533232e-05  -8.2347332e-04  -4.2067669e-04  -2.0830250e-03
  -3.1317575e-04  -6.6243123e-04  -3.1948315e-04  -1.9216375e-03
  -2.2696628e-04  -8.1972816e-04  -1.5457515e-04  -2.0755186e-03
  -3.0942751e-04  -9.7327992e-04  -4.7314742e-04  -2.1918677e-03
  -4.2562289e-04  -1.0294574e-03  -3.6445806e-04  -2.0154674e-03
  -5.0799090e-05  -1.0069864e-03  -1.8081052e-04  -1.8615863e-03
  -2.7194513e-04  -9.3957344e-04  -4.2137884e-05  -2.0417398e-03
  -2.9443456e-04  -9.8077025e-04  -2.5951661e-04  -1.8765991e-03
  -1.0327442e-04  -9.3208311e-04  -5.6684514e-04  -1.7940288e-03
  -2.4195923e-04  -8.0849266e-04  -2.8200406e-04  -2.1543357e-03
  -1.8948390e-04  -8.1972816e-04  -4.5885793e-05  -1.9404035e-03
  -9.2029708e-05  -7.8227651e-04  -1.9955006e-04  -1.7902756e-03
   1.4036105e-04  -9.9575091e-04  -3.0074361e-04  -1.8728459e-03
   9.9130430e-05  -9.0961212e-04  -2.5951661e-04  -1.7752628e-03
  -2.8309662e-05  -6.4370540e-04  -2.7076033e-04  -1.8052884e-03
  -1.1826737e-04  -6.9988288e-04  -1.1334816e-04  -1.6138753e-03
  -4.1812641e-04  -7.9725717e-04   3.2820296e-05  -1.7790160e-03
  -3.5440637e-04  -1.1043607e-03  -9.8356519e-05  -1.9028715e-03
  -4.2562289e-04  -9.5829926e-04  -1.7706261e-04  -1.7489904e-03
  -3.3566518e-04  -7.8227651e-04   3.6568205e-05  -1.9779355e-03
  -5.4547328e-05  -9.8451542e-04  -1.0960025e-04  -1.9854418e-03
   1.9283638e-04  -7.7104101e-04  -3.7570179e-04  -2.0042078e-03
   1.8159167e-04  -7.4107969e-04  -1.2833979e-04  -2.0154674e-03
  -1.6699447e-04  -9.1335728e-04  -2.6701242e-04  -2.0830250e-03
  -2.3446275e-04  -6.2872474e-04  -2.8575197e-04  -2.0492462e-03
  -4.1062994e-04  -7.3358936e-04  -6.8373247e-05  -1.9066247e-03
  -3.2816870e-04  -7.5980552e-04  -9.0860701e-05  -2.2218933e-03
  -4.1437818e-04  -6.8490222e-04   7.0299386e-05  -2.0830250e-03
  -4.3686760e-04  -8.3096365e-04  -8.7112792e-05  -1.9216375e-03
  -1.8948390e-04  -7.5606035e-04  -3.0823942e-04  -2.2256465e-03
  -1.7064948e-05  -1.0444381e-03  -4.2067669e-04  -2.1843613e-03
   1.9658462e-04  -7.5980552e-04  -3.8319760e-04  -2.0342334e-03
  -2.0822509e-04  -7.6729585e-04  -2.3398339e-05  -2.2631784e-03
  -4.7060175e-04  -1.1343220e-03  -9.1088500e-07  -2.2932040e-03
  -5.0808413e-04  -6.5119573e-04  -1.3208770e-04  -2.0417398e-03
  -6.5792042e-05  -7.0362804e-04  -2.4077706e-04  -2.1806081e-03
   2.6030466e-04  -9.2084761e-04  -2.6701242e-04  -2.4583447e-03
  -3.2816870e-04  -7.4857002e-04   5.1559841e-05  -2.3645147e-03
  -3.3191694e-04  -6.2872474e-04  -6.8373247e-05  -2.1505825e-03
  -2.0072861e-04  -9.3582827e-04  -2.5576870e-04  -2.2331528e-03
  -2.3446275e-04  -9.5829926e-04  -3.4642066e-05  -2.3194764e-03
  -1.3316710e-05  -7.1486354e-04  -3.0449151e-04  -2.2744380e-03
  -1.1826737e-04  -1.0631639e-03  -3.6071015e-04  -2.2481656e-03
  -1.5949799e-04  -8.7965080e-04  -1.8455843e-04  -2.2406592e-03
  -1.1077090e-04  -8.7965080e-04  -3.1573524e-04  -2.2181401e-03
  -1.8573566e-04  -1.0669090e-03  -2.3398339e-05  -2.1468293e-03
  -1.3326033e-04  -5.3509562e-04  -2.3398339e-05  -2.1393229e-03
  -6.5792042e-05  -9.0586695e-04  -3.7195388e-04  -2.2856976e-03
   3.9158622e-05  -1.0781445e-03  -1.9955006e-04  -2.3269828e-03
  -8.0784994e-05  -5.4633111e-04  -1.2154612e-05  -1.9816886e-03
  -2.7569337e-04  -7.6355068e-04   6.5849330e-06  -2.1956209e-03
  -3.5806138e-05  -7.5980552e-04  -9.8356519e-05  -2.2594252e-03
   3.9158622e-05  -6.8864738e-04  -1.5902521e-05  -1.9141311e-03
  -2.3821099e-04  -7.9351200e-04   1.8648456e-04  -2.1055441e-03
   5.4244800e-06  -6.6243123e-04  -4.2137884e-05  -1.7977820e-03
   1.3286457e-04  -6.1374408e-04  -2.2203752e-04  -1.8578331e-03
  -7.3288518e-05  -6.6243123e-04  -1.5457515e-04  -1.9967014e-03
   1.0662691e-04  -8.1972816e-04  -1.3583561e-04  -1.7452372e-03
   1.6762420e-06  -7.5980552e-04  -2.4452497e-04  -2.1580889e-03
  -2.8309662e-05  -6.4745057e-04   7.0299386e-05  -2.0492462e-03
   7.2892764e-05  -7.1111837e-04   1.5650129e-04  -1.8953651e-03
  -7.7036756e-05  -8.7965080e-04  -2.2578543e-04  -2.0079610e-03
  -1.4825328e-04  -8.5343464e-04  -7.9616974e-05  -1.8728459e-03
  -3.5806138e-05  -6.6243123e-04  -3.9444133e-04  -2.0192206e-03
   2.7904585e-04  -7.4482486e-04  -3.4946642e-04  -2.0117142e-03
   5.7899812e-05  -7.8227651e-04   2.5019902e-04  -1.9066247e-03
  -3.0942751e-04  -6.4370540e-04   8.5291022e-05  -1.9253907e-03
  -2.7194513e-04  -6.1748925e-04  -1.6207097e-04  -1.9253907e-03
  -2.4570747e-04  -8.7216047e-04  -2.2203752e-04  -1.9816886e-03
  -2.7194513e-04  -8.9463146e-04  -6.0877429e-05  -2.0042078e-03
  -1.4450504e-04  -6.7741189e-04  -5.3381611e-05  -2.0529994e-03
   8.7885716e-05  -7.4482486e-04  -1.3958352e-04  -2.0867782e-03
  -7.3288518e-05  -8.2721849e-04  -1.6956679e-04  -1.9441567e-03
  -3.9938522e-04  -8.6467014e-04  -2.0329797e-04  -1.9891950e-03
  -1.8198742e-04  -9.4331860e-04  -2.8575197e-04  -2.2068805e-03
  -2.2696628e-04  -9.9200575e-04  -2.7076033e-04  -2.1580889e-03
  -4.4061584e-04  -8.1972816e-04  -8.7112792e-05  -2.0154674e-03
  -2.4561424e-05  -7.2984420e-04  -3.9069342e-04  -1.9704291e-03
  -2.1572156e-04  -9.0961212e-04  -2.4452497e-04  -2.1881145e-03
  -3.2442046e-04  -8.9463146e-04  -1.1709606e-04  -2.2631784e-03
  -1.1451914e-04  -8.9837662e-04  -4.0193715e-04  -1.9516631e-03
  -2.6444866e-04  -9.2459278e-04  -2.3328124e-04  -2.0680122e-03
  -2.1572156e-04  -7.9725717e-04  -2.2578543e-04  -2.2143869e-03
  -4.0313346e-04  -8.6841530e-04  -1.9580215e-04  -2.1168037e-03
  -2.9443456e-04  -9.1710245e-04  -2.0329797e-04  -2.0905314e-03
  -2.9443456e-04  -6.3246991e-04  -3.3822270e-04  -1.9891950e-03
  -3.1692399e-04  -8.7590563e-04  -3.8319760e-04  -2.0567526e-03
  -1.1451914e-04  -1.0182219e-03  -3.8694551e-04  -1.9629227e-03
  -3.6939932e-04  -7.7104101e-04  -1.9205424e-04  -2.0229738e-03
  -1.3700856e-04  -9.1335728e-04  -2.3702915e-04  -2.1393229e-03
  -1.7074271e-04  -8.9088629e-04  -3.7944969e-04  -1.8653395e-03
  -2.7194513e-04  -8.7965080e-04  -3.4946642e-04  -2.1468293e-03
   1.8908814e-04  -7.5606035e-04  -2.7825615e-04  -1.9967014e-03
   1.6762420e-06  -7.4107969e-04  -9.4608610e-05  -1.5275518e-03
  -1.9323213e-04  -8.6841530e-04  -5.3381611e-05  -1.9629227e-03
  -1.9323213e-04  -7.4107969e-04  -1.2459188e-04  -1.8465736e-03
  -4.1062994e-04  -7.7478618e-04  -1.7331470e-04  -1.7827692e-03
  -3.9938522e-04  -8.3096365e-04  -5.3381611e-05  -1.9479099e-03
  -4.2187465e-04  -9.4331860e-04   5.1559841e-05  -1.6514073e-03
  -2.1572156e-04  -7.7478618e-04  -2.2953333e-04  -1.8653395e-03
   2.0408109e-04  -6.6243123e-04  -3.7570179e-04  -1.9066247e-03
   3.9158622e-05  -8.0100233e-04  -3.4946642e-04  -1.8615863e-03
  -1.1451914e-04  -7.1860870e-04  -2.2203752e-04  -1.9967014e-03
  -2.5320394e-04  -7.7478618e-04  -1.4707934e-04  -2.0079610e-03
  -3.8064403e-04  -5.4258595e-04  -8.4067030e-06  -2.0154674e-03
  -3.5815461e-04  -4.7142781e-04   1.7149293e-04  -1.8953651e-03
  -4.3311937e-04  -7.5606035e-04  -8.4067030e-06  -1.7827692e-03
  -1.4825328e-04  -8.3096365e-04  -2.7076033e-04  -1.7527436e-03
  -6.9540280e-05  -8.6841530e-04  -3.4946642e-04  -2.1355697e-03
   1.6762420e-06  -5.7629243e-04  -3.6820597e-04  -2.1543357e-03
   2.3406700e-04  -7.5606035e-04  -5.5185351e-04  -1.9141311e-03
   2.4905995e-04  -1.0481832e-03  -3.3447479e-04  -2.0642590e-03
  -1.3316710e-05  -8.7965080e-04  -2.5202079e-04  -1.9516631e-03
  -5.0808413e-04  -8.7965080e-04  -2.2203752e-04  -2.0567526e-03
  -1.1077090e-04  -9.0586695e-04  -2.7146248e-05  -2.0942846e-03
   2.9029057e-04  -9.5080893e-04  -1.3208770e-04  -1.9816886e-03
   1.3286457e-04  -9.0961212e-04  -7.5869065e-05  -2.2444124e-03
   1.5160576e-04  -9.5455410e-04  -8.7112792e-05  -2.2819444e-03
   1.6285048e-04  -9.2459278e-04  -3.9818924e-04  -2.2256465e-03
  -4.7809822e-04  -8.0474750e-04  -9.7911513e-04  -2.2218933e-03
  -2.7569337e-04  -9.0961212e-04   7.4047295e-05  -2.3945403e-03
  -1.0702266e-04  -9.1335728e-04   2.6144274e-04  -2.2106337e-03
  -6.9924426e-04  -7.5980552e-04  -3.7570179e-04  -2.0905314e-03
   5.0394013e-04  -1.2654028e-03   1.0028266e-04  -2.2181401e-03
  -1.1977599e-03  -1.7181461e-04  -1.0653170e-03  -1.8690927e-03
   1.4672373e-03  -1.0893800e-03   1.3146052e-03  -2.8561835e-03
  -1.2539835e-03  -7.8602167e-04  -1.3276707e-03  -2.0755186e-03
   9.9130430e-05  -5.8752793e-04   4.4064023e-05  -2.3795275e-03
   9.6122517e-04  -1.6698806e-03  -3.4571851e-04  -2.3082168e-03
  -2.9369424e-03   7.1578949e-04  -1.4213684e-03  -1.9666759e-03
   4.0647662e-03  -2.6810752e-03   3.5221236e-03  -3.2239969e-03
  -5.8605680e-03   1.3637030e-03  -5.4316310e-03  -6.9809527e-04
   5.8526758e-03  -2.7409978e-03   6.0032393e-03  -3.7456912e-03
  -5.1558992e-03   3.0382134e-04  -6.6347098e-03  -1.9141368e-04
   1.6284115e-03   3.0756651e-04   5.2686492e-03  -3.7006529e-03
   4.4320936e-03  -5.3251617e-03  -1.6499908e-03  -1.4337219e-03
  -6.8763405e-03   1.0243489e-02  -4.2697792e-03  -1.0058574e-03
   1.0842321e-01  -2.4661449e-02   1.0744344e-02  -4.2673856e-03
   1.7171596e-01  -7.3262455e-02  -1.9253919e-02   9.5744049e-03
   1.8136017e-01  -1.0344099e-01   1.3573711e-01  -3.1549375e-02
   8.7770417e-02  -7.1798095e-02  -1.0764906e-02  -1.7797661e-02
  -5.2402439e-02  -3.4402623e-02  -2.6221212e-01   1.6472781e-02
  -3.1176167e-02  -3.5455014e-02  -2.6030139e-02  -2.9346248e-02
  -2.7975172e-02   6.3260467e-03   2.0481107e-01  -5.9638301e-02
   1.8795342e-02  -5.4472962e-02   9.9251215e-02  -3.8710474e-02
  -2.9114637e-02  -8.7965973e-02  -2.2032924e-01   3.3448491e-02
  -9.5488435e-02  -4.1192185e-03  -1.3496311e-01   2.9462590e-03
   8.2470409e-02  -9.8043790e-03   2.0660632e-01  -6.7399912e-02
   6.7001430e-02  -3.9477321e-02   1.0995150e-01  -3.6203339e-02
  -1.9759034e-02  -4.0735697e-02  -2.3286599e-01   2.6043433e-02
   1.7784343e-04  -3.4589881e-02  -1.6420055e-01   1.2415575e-02
  -6.4602954e-02  -1.8242236e-02   1.8983443e-01  -6.6776882e-02
  -8.8243091e-02  -3.6215283e-02   1.7856072e-01  -5.5070660e-02
  -9.9199191e-02  -5.9225576e-02  -1.1168485e-01   1.3815518e-02
  -3.8541455e-02  -4.4806691e-02  -2.2405466e-01   2.6264872e-02
  -6.2353918e-03   4.2362446e-03   3.0979305e-02  -3.3594867e-02
  -5.6034482e-02   2.3456431e-02   1.5925149e-01  -5.1531395e-02
  -2.4811659e-02  -1.4043906e-02  -3.0291511e-02  -1.1972705e-03
  -2.5568803e-02  -3.7979255e-02  -1.0937239e-01   2.2076304e-02
   1.9372570e-02  -3.1061936e-02   1.1344010e-02  -3.0138178e-03
  -2.4856638e-02  -3.4525792e-03   1.1600062e-01  -3.1905928e-02
  -9.3614316e-02   1.2689082e-02   2.5750972e-02  -8.9100903e-03
   3.3237303e-02  -3.6360922e-03  -8.9069968e-02   1.9546649e-02
   3.0564809e-02  -1.6912702e-02  -3.5396163e-02   1.1511055e-02
  -1.2157608e-02  -2.0181810e-03   3.4952088e-02  -1.0933063e-02
  -2.9163364e-02   2.0460299e-02   2.0638824e-02  -8.3996555e-03
  -3.4410897e-02   2.5996075e-03   9.1357891e-04  -9.0076791e-04
   1.5313228e-02  -1.9568024e-02  -1.5892045e-02  -7.8817769e-05
  -3.8552607e-03  -1.1897926e-02  -1.9632458e-02   6.4292258e-03
  -3.1093706e-02   6.0002173e-03   1.7123285e-02  -6.2903588e-03
  -3.3642508e-02   1.2756495e-02   4.2219284e-02  -1.5819726e-02
   5.9126476e-03  -4.5236963e-03   2.1166577e-03  -4.7102629e-03
   6.0663253e-03  -9.8755371e-03  -6.0379725e-02   1.1349667e-02
  -7.9370918e-03   4.2549704e-03  -3.5148801e-02   9.0827361e-03
  -4.1476232e-03   8.3896326e-03   4.6701783e-02  -1.3826778e-02
  -7.9520848e-03  -3.9544313e-03   2.8288306e-02  -1.2096555e-02
   5.6540191e-03  -1.4635642e-02  -4.5845334e-02   9.6982604e-03
  -3.1693331e-03  -6.0741946e-03  -3.7146437e-02   7.2962143e-03
  -4.5824188e-03   9.4944563e-03   2.5713493e-02  -8.8125072e-03
  -3.3792344e-03   7.9289773e-03   3.6518714e-02  -1.4228370e-02
  -1.6400520e-03  -4.3551639e-03  -2.2109826e-02  -1.3886892e-04
   3.1651891e-03  -8.5684745e-03  -3.9144072e-02   7.5364189e-03
  -3.1505919e-03  -1.6062128e-03   1.5571651e-02  -5.1831657e-03
  -7.6072469e-03   4.7942742e-03   2.7621178e-02  -8.9889074e-03
   3.4276590e-04  -1.5725063e-03  -1.6514198e-02   7.8441754e-04
   5.5115861e-03  -6.5723016e-03  -3.6779142e-02   7.7390916e-03
  -1.8537016e-03  -1.0440164e-04  -5.9600862e-03   3.7531907e-04
  -2.3259796e-03   7.6293641e-03   2.9783722e-02  -9.9835047e-03
  -7.9295021e-04   4.2025381e-03   8.2557326e-03  -5.9863498e-03
   1.0961617e-03  -7.1378215e-03  -1.9973518e-02   1.6101209e-03
   4.5896128e-04  -7.2951184e-03  -2.0285297e-03  -1.2685812e-03
  -3.3155144e-03   2.2438168e-03   1.3603999e-02  -5.3332936e-03
  -1.3626824e-03   3.8991797e-03   5.4635404e-03  -3.4379291e-03
   2.1269272e-03  -2.3028135e-03  -1.2627616e-02   7.3937918e-04
   8.4502979e-04  -5.1341582e-03  -1.8238236e-02   2.8336631e-03
  -1.3926683e-03  -1.0440164e-04   4.2604616e-03  -1.7039521e-03
  -1.5575908e-03   4.6182514e-03   1.4297362e-02  -5.0705698e-03
  -6.6925836e-04  -5.3135045e-04   3.3497198e-03  -2.6535109e-03
   1.3960208e-03  -7.0217214e-03  -3.5201974e-03  -1.3736707e-03
  -9.8411035e-04  -4.4338124e-03  -3.6071015e-04  -2.2106337e-03
  -2.1385677e-03   2.4647816e-03   1.0841790e-02  -4.6990033e-03
   1.1523853e-03   4.4422287e-03   7.4836634e-03  -4.5864074e-03
   7.4757560e-04  -6.5494090e-04  -1.0157744e-02   4.0909784e-04
  -9.5777946e-05  -3.4488340e-03  -1.2830003e-02   2.2669304e-03
  -2.1085818e-03  -3.2162121e-04   1.4008071e-03  -1.0471426e-03
  -2.3859514e-03   4.7609893e-04   1.3038065e-02  -4.8153524e-03
   1.6733904e-03  -2.3627361e-03   4.8451355e-03  -4.1172577e-03
   7.4007913e-04  -3.4338533e-03  -1.0506300e-02  -3.0026208e-05
  -8.1543964e-04   5.8470872e-04  -2.9205320e-03  -1.1935173e-03
  -5.0808413e-04   4.5321126e-03   1.1096648e-02  -5.5134470e-03
  -4.2562289e-04   1.6445904e-03   6.1081808e-03  -4.2936580e-03
   2.4531171e-04  -3.8682925e-03  -4.9331591e-03  -8.8575512e-04
  -9.5412445e-04  -5.2128067e-03  -5.9188592e-03  -9.3830557e-05
  -1.4338989e-03  -1.5313095e-03   3.0049121e-03  -1.6288881e-03
   1.7409519e-04   1.3374869e-03   6.1081808e-03  -3.3553588e-03
   9.5747693e-04  -7.8185485e-05  -5.9263550e-03  -1.1034405e-03
   2.4531171e-04  -9.8451542e-04  -8.9996404e-03   6.6431524e-04
  -7.7046079e-04   1.5775991e-04   5.2199264e-03  -3.1038946e-03
  -1.0928093e-03   9.7837270e-05   1.2966854e-02  -5.5434726e-03
  -1.8948390e-04  -1.5837418e-03   3.3084928e-03  -3.2465160e-03
   3.9524123e-04  -2.7035462e-03  -8.8384803e-03  -1.0133695e-04
  -1.3326033e-04  -1.2204608e-03  -5.9413467e-03  -9.0077360e-05
  -5.0058765e-04   1.7194937e-03   2.7050794e-03  -2.5559278e-03
  -1.9323213e-04   2.0078714e-03  -1.2639562e-03  -2.2781912e-03
   8.4137478e-05  -6.2123441e-04  -8.2575544e-03  -2.5146483e-04
  -1.7074271e-04  -2.5537396e-03  -3.7937948e-03  -9.9084464e-04
  -8.6041850e-04  -1.7372936e-03   5.1749514e-03  -3.4416823e-03
  -8.6041850e-04  -7.8185485e-05   6.2243660e-03  -4.0121682e-03
   1.8159167e-04  -5.2760529e-04  -1.0240900e-03  -2.6460045e-03
   2.5655643e-04  -8.4968948e-04  -6.1399858e-03  -1.1147001e-03
  -4.4061584e-04   1.9146639e-04  -3.4939621e-03  -1.0396362e-03
  -6.3927246e-04   7.0829916e-04   1.9517497e-03  -2.3720211e-03
  -2.3446275e-04  -2.6918890e-04   1.5544714e-03  -2.8524304e-03
   2.7913908e-05  -2.5949364e-03  -4.0636442e-03  -1.5012794e-03
  -4.5560879e-04  -2.6511138e-03  -5.2592272e-03  -5.7048658e-04
  -6.3927246e-04  -5.9127309e-04   6.5497319e-04  -2.2181401e-03
  -4.3686760e-04   4.6486344e-04   4.4328655e-03  -3.5167462e-03
  -3.4316165e-04   2.4764387e-04   8.3487282e-04  -2.7773664e-03
  -2.1572156e-04  -7.2235387e-04  -4.1048712e-03  -1.6889393e-03
  -4.2562289e-04  -7.4857002e-04  -2.0922441e-03  -1.6138753e-03
  -9.6162092e-04  -4.5270199e-04   2.1803722e-03  -2.7961324e-03
  -4.6310527e-04  -1.0893800e-03   5.2004847e-04  -2.5409150e-03
   2.4165670e-05  -1.7784904e-03  -3.7638115e-03  -1.1709981e-03
  -4.5560879e-04  -1.3740126e-03  -4.8582009e-03  -8.4446996e-04
  -4.8559470e-04  -1.0065648e-04  -1.5188140e-03  -1.8052884e-03
  -5.1932884e-04   3.1131167e-04   1.7793459e-03  -3.0438434e-03
  -3.0942751e-04  -2.2050176e-04   9.1357891e-04  -2.7248217e-03
  -4.3302614e-05  -1.3590319e-03  -7.0551778e-04  -2.2481656e-03
  -3.9938522e-04  -1.6062128e-03   4.7132565e-04  -2.3570083e-03
  -5.0433589e-04  -7.1111837e-04   2.5101881e-03  -2.5596810e-03
  -4.2937113e-04  -7.8602167e-04   1.5844546e-03  -2.3682679e-03
  -2.9443456e-04  -1.0893800e-03  -1.6499908e-03  -1.4149559e-03
  -4.4061584e-04  -1.1755188e-03  -2.9017925e-03  -1.1484789e-03
  -7.1798545e-04  -9.0586695e-04  -4.5065997e-04  -1.5725902e-03
  -4.0313346e-04  -8.5717981e-04   2.3265406e-03  -2.2781912e-03
  -1.2576385e-04  -1.5313095e-03   1.9405060e-03  -2.3982935e-03
  -1.6699447e-04  -1.1717737e-03   7.0369601e-04  -1.9929482e-03
  -1.7449094e-04  -6.2497958e-04   6.0250246e-04  -2.0192206e-03
  -4.2562289e-04  -4.5270199e-04   1.5919504e-03  -2.1205569e-03
  -3.8439227e-04  -3.4783737e-04   1.2958656e-03  -2.0267270e-03
  -2.3071451e-04  -6.9988288e-04  -9.0040905e-04  -1.4299687e-03
  -5.7180417e-04  -8.6467014e-04  -1.7099574e-03  -1.1822577e-03
  -5.1932884e-04  -9.4706377e-04  -6.7553451e-04  -1.4374751e-03
  -3.3566518e-04  -1.0219671e-03   3.6263629e-04  -1.7227181e-03
  -2.0822509e-04  -7.3733453e-04   8.5291022e-05  -2.0680122e-03
  -4.3302614e-05  -5.9501826e-04  -5.5934933e-04  -1.8991183e-03
  -3.9554376e-05  -6.5868606e-04   4.4064023e-05  -2.0267270e-03
  -1.0702266e-04  -5.1636979e-04   5.3504010e-04  -2.2106337e-03
  -3.6190284e-04  -8.4968948e-04   4.4509029e-04  -1.9441567e-03
  -3.8064403e-04  -1.2092253e-03  -1.3583561e-04  -1.9629227e-03
  -3.4690989e-04  -9.2459278e-04  -9.5662768e-04  -1.8728459e-03
  -5.1183236e-04  -8.7590563e-04  -1.0503254e-03  -1.7790160e-03
  -5.7180417e-04  -6.5119573e-04  -9.4538395e-04  -1.9554163e-03
  -4.8559470e-04  -6.9988288e-04  -7.9171968e-04  -2.1430761e-03
  -5.1558060e-04  -9.2459278e-04  -4.4691206e-04  -2.0267270e-03
  -3.0942751e-04  -6.7366672e-04  -6.9052614e-04  -1.9891950e-03
  -2.8693808e-04  -1.2429318e-03  -8.7112792e-05  -2.3344892e-03
  -5.8304889e-04  -1.1230865e-03   7.4867091e-04  -2.5859534e-03
  -2.8318985e-04  -5.2760529e-04  -3.3447479e-04  -2.4771107e-03
  -3.2816870e-04  -6.8115705e-04  -1.3164269e-03  -1.9741823e-03
  -5.1183236e-04  -5.8003760e-04  -1.6987137e-03  -1.8803523e-03
  -3.6565108e-04  -7.0737321e-04  -1.1665106e-03  -2.0605058e-03
  -5.3432179e-04  -9.0586695e-04  -2.9699570e-04  -2.1092973e-03
  -5.3057355e-04  -9.8077025e-04  -4.8813906e-04  -2.2669316e-03
  -2.6444866e-04  -1.0669090e-03  -3.5321433e-04  -2.2594252e-03
  -2.7194513e-04  -1.0069864e-03   3.4014883e-04  -2.3495020e-03
  -3.8814051e-04  -5.5007628e-04   6.3248574e-04  -2.4658511e-03
  -3.5065813e-04  -6.0625375e-04   1.9398038e-04  -2.3532552e-03
  -3.2442046e-04  -1.0257122e-03  -2.5202079e-04  -2.1130505e-03
  -1.9698037e-04  -9.5080893e-04  -4.9633702e-05  -2.0792718e-03
  -2.5320394e-04  -1.0743994e-03   3.0641765e-04  -2.2556720e-03
  -2.8693808e-04  -1.1380672e-03   3.6638420e-04  -2.2031273e-03
  -2.6070042e-04  -1.0332026e-03   6.5849330e-06  -2.0417398e-03
  -4.2562289e-04  -7.4482486e-04  -2.1828961e-04  -1.9741823e-03
  -1.8573566e-04  -4.7891814e-04   2.8767811e-04  -2.2594252e-03
  -3.0942751e-04  -3.3285671e-04   1.1047223e-03  -2.3720211e-03
  -5.6430770e-04  -7.2984420e-04   1.1459493e-03  -2.1017910e-03
  -2.4945570e-04  -1.1118510e-03   7.0369601e-04  -2.0267270e-03
  -2.2321804e-04  -7.4107969e-04   2.2021575e-04  -1.9479099e-03
  -7.7036756e-05  -5.9876342e-04   1.7524084e-04  -1.7302244e-03
   9.1727180e-06  -5.7629243e-04   1.0403057e-04  -1.6814329e-03
  -1.2951209e-04  -5.1636979e-04  -4.1318088e-04  -1.8690927e-03
  -1.8573566e-04  -4.9764397e-04  -2.1079379e-04  -1.8578331e-03
  -3.0193104e-04  -8.1223783e-04   4.3009865e-04  -1.8315608e-03
  -2.3071451e-04  -9.0586695e-04   8.7609982e-04  -2.0905314e-03
  -4.1062994e-04  -8.2721849e-04   6.2124201e-04  -2.0680122e-03
  -4.6310527e-04  -7.2609903e-04   3.2140929e-04  -1.7790160e-03
  -3.1692399e-04  -6.0625375e-04  -8.7112792e-05  -1.9178843e-03
  -1.9323213e-04  -8.1223783e-04  -3.1948315e-04  -2.0717654e-03
  -1.1077090e-04  -4.7891814e-04  -1.3583561e-04  -1.9929482e-03
  -3.2816870e-04  -9.3957344e-04  -2.2953333e-04  -2.0154674e-03
  -3.1692399e-04  -1.2803834e-03   2.1271993e-04  -1.8803523e-03
  -3.8064403e-04  -7.7478618e-04   4.7132565e-04  -1.9441567e-03
  -6.3552422e-04  -9.3582827e-04   1.7149293e-04  -2.0417398e-03
  -5.0433589e-04  -8.1598299e-04  -1.2084397e-04  -1.9328971e-03
  -1.8948390e-04  -5.2760529e-04  -2.8200406e-04  -2.0192206e-03
  -6.2043804e-05  -4.8266331e-04  -1.8830634e-04  -1.8765991e-03
  -2.0447685e-04  -8.7216047e-04  -9.4608610e-05  -1.9366503e-03
  -5.3057355e-04  -1.0631639e-03  -4.6587940e-06  -2.2519188e-03
  -5.3057355e-04  -9.0586695e-04  -3.4197060e-04  -1.8765991e-03
  -3.8814051e-04  -9.7702509e-04  -5.2936605e-04  -1.8540799e-03
  -3.8439227e-04  -7.6729585e-04  -4.4691206e-04  -2.1355697e-03
  -3.2442046e-04  -6.8864738e-04  -3.1573524e-04  -1.9441567e-03
  -5.0433589e-04  -5.8752793e-04  -1.6956679e-04  -2.0867782e-03
  -3.5440637e-04  -6.7741189e-04  -2.8575197e-04  -2.2181401e-03
  -2.9443456e-04  -1.1118510e-03   1.1902220e-04  -2.1543357e-03
  -6.2427950e-04  -1.0706542e-03   5.0880474e-04  -2.0867782e-03
  -4.8559470e-04  -9.7702509e-04  -7.5869065e-05  -2.0567526e-03
  -2.0072861e-04  -8.7590563e-04  -6.0807214e-04  -1.8353140e-03
  -3.5440637e-04  -8.2347332e-04  -5.8558469e-04  -1.8841055e-03
  -5.8304889e-04  -6.6992156e-04  -5.7434096e-04  -2.1993741e-03
  -3.3941342e-04  -4.8640847e-04  -3.8694551e-04  -2.0342334e-03
  -3.8814051e-04  -1.1530478e-03   1.0332842e-05  -2.2669316e-03
  -3.8814051e-04  -1.2728931e-03   2.8370240e-06  -2.0942846e-03
  -3.3566518e-04  -8.4219915e-04  -2.9324779e-04  -2.0605058e-03
  -5.6805593e-04  -7.7853134e-04  -1.9205424e-04  -2.3457488e-03
  -3.4690989e-04  -7.5980552e-04  -3.1948315e-04  -1.9103779e-03
  -2.7569337e-04  -9.3208311e-04  -4.7689533e-04  -1.9404035e-03
  -2.9068632e-04  -6.9613771e-04  -4.9938278e-04  -1.9066247e-03
  -2.3071451e-04  -5.5382144e-04  -4.3192042e-04  -1.8353140e-03
  -4.1437818e-04  -9.6578959e-04   4.4064023e-05  -1.9741823e-03
  -4.0313346e-04  -8.9463146e-04   1.0332842e-05  -1.7827692e-03
  -3.0942751e-04  -5.7254727e-04  -2.7825615e-04  -1.7677564e-03
  -3.2067223e-04  -8.2721849e-04  -3.0449151e-04  -1.9028715e-03
  -9.9526184e-05  -8.9088629e-04   1.3776175e-04  -1.9216375e-03
