   1.0662691e-04  -7.3358936e-04  -1.7706261e-04  -1.8052884e-03
  -6.9540280e-05  -8.2347332e-04  -1.5457515e-04  -1.9328971e-03
  -3.8439227e-04  -7.2609903e-04  -4.6587940e-06  -2.0905314e-03
  -1.4075680e-04  -1.0481832e-03   5.9055659e-05  -2.0605058e-03
  -2.7194513e-04  -1.1081059e-03  -4.5885793e-05  -2.0117142e-03
  -2.9443456e-04  -8.9837662e-04   8.9038931e-05  -2.1505825e-03
  -2.4561424e-05  -7.7478618e-04  -1.4333143e-04  -2.1843613e-03
  -7.7036756e-05  -8.6092497e-04  -2.8575197e-04  -2.0379866e-03
  -1.8198742e-04  -1.0182219e-03  -3.5696224e-04  -2.2143869e-03
   2.4165670e-05  -9.4706377e-04  -2.4827288e-04  -2.1580889e-03
  -1.2201561e-04  -1.0556735e-03  -1.3958352e-04  -2.1993741e-03
  -4.2937113e-04  -9.3957344e-04  -2.8575197e-04  -2.4808638e-03
  -1.1451914e-04  -7.7478618e-04  -1.3208770e-04  -2.2819444e-03
  -5.8295566e-05  -6.3996024e-04  -2.3328124e-04  -2.1618421e-03
  -3.0567927e-04  -7.5606035e-04  -2.9324779e-04  -2.1393229e-03
  -2.3446275e-04  -9.5455410e-04  -3.0894157e-05  -2.2669316e-03
  -1.7449094e-04  -5.9876342e-04  -1.7706261e-04  -2.2894508e-03
  -1.7074271e-04  -8.4968948e-04  -2.3328124e-04  -2.2556720e-03
  -2.6070042e-04  -1.0107316e-03   7.7795204e-05  -2.3232296e-03
  -1.7074271e-04  -6.1748925e-04  -7.9616974e-05  -2.3082168e-03
   6.5396288e-05  -7.2235387e-04  -1.8455843e-04  -2.3757743e-03
  -1.7823918e-04  -7.7104101e-04   2.8370240e-06  -2.2106337e-03
  -2.2321804e-04  -5.6880210e-04  -1.6956679e-04  -2.1731017e-03
   9.1727180e-06  -7.6355068e-04  -1.8830634e-04  -2.2106337e-03
   2.0417432e-05  -9.1335728e-04  -2.3398339e-05  -2.2143869e-03
  -1.1826737e-04  -6.2123441e-04  -6.8373247e-05  -2.0567526e-03
  -1.2951209e-04  -5.7629243e-04   3.2820296e-05  -1.8953651e-03
   7.6641002e-05  -7.4857002e-04   1.1527429e-04  -1.9366503e-03
  -1.7064948e-05  -6.4745057e-04  -3.0894157e-05  -1.8278076e-03
  -6.2043804e-05  -7.3358936e-04  -6.8373247e-05  -1.9066247e-03
  -3.5806138e-05  -8.8714113e-04  -4.5885793e-05  -1.8090416e-03
  -1.7064948e-05  -7.2235387e-04   1.0403057e-04  -1.8690927e-03
  -5.8295566e-05  -6.6992156e-04   2.9072387e-05  -2.1468293e-03
  -1.6699447e-04  -6.0250859e-04  -2.5576870e-04  -1.9028715e-03
  -1.0327442e-04  -7.0362804e-04   2.1576569e-05  -1.9516631e-03
  -1.8948390e-04  -6.7366672e-04  -2.3398339e-05  -2.0529994e-03
  -8.0784994e-05  -5.1262463e-04  -4.2137884e-05  -1.9291439e-03
   2.4165670e-05  -8.4219915e-04   6.6551477e-05  -1.9816886e-03
  -1.5574975e-04  -1.0107316e-03  -3.3447479e-04  -2.0154674e-03
   1.2920956e-05  -8.0100233e-04  -2.2953333e-04  -2.0717654e-03
   1.6285048e-04  -6.2872474e-04  -2.0704588e-04  -1.7677564e-03
  -1.8948390e-04  -7.1486354e-04  -2.1079379e-04  -1.8653395e-03
  -2.9443456e-04  -6.2872474e-04  -6.4625338e-05  -2.0379866e-03
  -2.1572156e-04  -7.6729585e-04  -4.9633702e-05  -1.8765991e-03
  -2.6444866e-04  -9.8451542e-04   3.2820296e-05  -2.2256465e-03
  -2.0447685e-04  -8.1972816e-04  -2.6701242e-04  -2.0755186e-03
  -7.7036756e-05  -9.0212179e-04  -1.2084397e-04  -1.9328971e-03
   3.1662146e-05  -7.2984420e-04   2.5324478e-05  -1.8165480e-03
   5.4244800e-06  -6.0625375e-04  -2.6701242e-04  -1.8653395e-03
  -2.0822509e-04  -8.6092497e-04  -3.0074361e-04  -2.2143869e-03
  -3.9563699e-04  -8.8339596e-04  -4.0568506e-04  -1.8203012e-03
  -3.4316165e-04  -8.0849266e-04  -2.6326452e-04  -1.8203012e-03
  -3.5065813e-04  -7.5980552e-04  -1.8455843e-04  -1.7790160e-03
  -2.0822509e-04  -8.2721849e-04  -1.3583561e-04  -1.7564968e-03
  -2.0719960e-06  -9.3582827e-04   1.7828660e-05  -2.1768549e-03
  -1.3700856e-04  -9.3582827e-04  -3.0074361e-04  -2.0117142e-03
  -2.4945570e-04  -1.1680285e-03  -1.9955006e-04  -1.9028715e-03
  -1.6324623e-04  -9.2833794e-04  -9.8356519e-05  -1.8991183e-03
  -2.7569337e-04  -6.9988288e-04  -3.7570179e-04  -2.0755186e-03
  -3.0193104e-04  -1.1081059e-03  -2.5202079e-04  -2.1693485e-03
  -2.2696628e-04  -1.0369477e-03  -2.4077706e-04  -1.9854418e-03
  -4.0313346e-04  -8.9088629e-04  -3.3822270e-04  -2.2331528e-03
  -2.1572156e-04  -6.9988288e-04  -2.9324779e-04  -1.9854418e-03
  -3.3566518e-04  -6.9988288e-04  -2.2578543e-04  -1.9516631e-03
  -4.5560879e-04  -9.6578959e-04  -1.2154612e-05  -2.1806081e-03
  -2.3071451e-04  -8.8714113e-04  -2.8575197e-04  -1.9178843e-03
  -2.6070042e-04  -9.5455410e-04  -3.5321433e-04  -2.0605058e-03
  -5.0799090e-05  -8.3470882e-04   8.9038931e-05  -1.9479099e-03
  -5.4547328e-05  -6.8490222e-04  -2.1454170e-04  -1.8127948e-03
  -2.4195923e-04  -9.6578959e-04  -1.7706261e-04  -1.7790160e-03
  -2.8693808e-04  -9.1335728e-04  -7.5869065e-05  -1.8315608e-03
  -1.7074271e-04  -7.5606035e-04  -3.4571851e-04  -1.9216375e-03
  -2.0813186e-05  -7.5606035e-04  -1.8455843e-04  -1.8953651e-03
  -1.3326033e-04  -5.7254727e-04  -2.3328124e-04  -2.0792718e-03
  -2.0822509e-04  -9.3582827e-04  -1.6956679e-04  -1.8278076e-03
  -3.2816870e-04  -7.7104101e-04  -8.4067030e-06  -1.9291439e-03
  -3.9188875e-04  -4.3772133e-04   1.7828660e-05  -1.9741823e-03
  -2.0072861e-04  -8.6841530e-04  -8.7112792e-05  -1.9479099e-03
  -3.5806138e-05  -7.4107969e-04  -2.5202079e-04  -2.2481656e-03
   1.1412338e-04  -7.7853134e-04  -2.7825615e-04  -2.0379866e-03
  -6.2043804e-05  -7.5606035e-04  -4.0193715e-04  -2.0867782e-03
  -1.8948390e-04  -5.7629243e-04  -1.6581888e-04  -2.0304802e-03
  -5.8295566e-05  -8.3096365e-04   3.2820296e-05  -1.8465736e-03
  -2.7569337e-04  -8.1223783e-04   8.1543113e-05  -2.0192206e-03
  -2.3821099e-04  -8.4594431e-04  -4.9633702e-05  -2.1280633e-03
  -1.5200152e-04  -8.0849266e-04  -3.4946642e-04  -2.2669316e-03
  -1.7449094e-04  -6.5868606e-04  -2.7146248e-05  -2.2556720e-03
  -1.7074271e-04  -8.1598299e-04  -1.9580215e-04  -2.1355697e-03
  -1.6324623e-04  -9.0212179e-04  -3.8694551e-04  -1.9816886e-03
  -1.2201561e-04  -9.0586695e-04   7.0299386e-05  -2.1468293e-03
  -2.0072861e-04  -8.2347332e-04  -4.5885793e-05  -2.4057999e-03
  -2.5320394e-04  -7.2609903e-04  -2.2203752e-04  -2.0905314e-03
  -2.5695218e-04  -8.9463146e-04  -1.7331470e-04  -2.3232296e-03
  -1.3326033e-04  -7.4482486e-04  -2.3702915e-04  -2.5446682e-03
  -3.1317575e-04  -7.0737321e-04  -2.4077706e-04  -2.0605058e-03
  -2.4570747e-04  -1.0631639e-03   2.5324478e-05  -2.3232296e-03
  -4.7050852e-05  -9.3957344e-04   5.9055659e-05  -2.3532552e-03
  -1.1826737e-04  -7.1111837e-04  -2.6701242e-04  -2.0905314e-03
   8.7885716e-05  -7.6355068e-04  -2.4827288e-04  -2.3157232e-03
   3.1662146e-05  -8.3470882e-04  -1.0585234e-04  -2.1243101e-03
  -2.1572156e-04  -9.0961212e-04   1.4080751e-05  -2.3757743e-03
  -1.2201561e-04  -8.0849266e-04  -5.7129520e-05  -2.4846170e-03
  -1.7064948e-05  -7.4107969e-04  -2.2953333e-04  -2.2293996e-03
  -2.3071451e-04  -7.7478618e-04  -6.0877429e-05  -2.1843613e-03
  -2.5320394e-04  -7.5231519e-04  -1.3958352e-04  -2.0905314e-03
  -1.3326033e-04  -8.6092497e-04  -1.6581888e-04  -2.4658511e-03
  -1.4450504e-04  -6.2872474e-04   1.3401384e-04  -2.0905314e-03
  -5.4547328e-05  -5.5007628e-04  -1.0585234e-04  -1.9291439e-03
  -8.4533232e-05  -7.6729585e-04  -1.5457515e-04  -2.2143869e-03
  -4.3302614e-05  -7.3358936e-04   1.1902220e-04  -1.9216375e-03
  -5.4547328e-05  -7.8227651e-04   1.7898875e-04  -1.8165480e-03
  -1.0327442e-04  -7.1486354e-04   2.0147620e-04  -1.6889393e-03
   1.1412338e-04  -8.5343464e-04  -1.7706261e-04  -2.0342334e-03
   1.6669194e-05  -9.2084761e-04  -3.0449151e-04  -2.0605058e-03
   1.3661281e-04  -6.8864738e-04  -4.9633702e-05  -1.8052884e-03
   3.2027647e-04  -7.9351200e-04   1.7828660e-05  -2.1693485e-03
   2.4165670e-05  -7.6729585e-04   4.0316114e-05  -2.1168037e-03
   4.2906860e-05  -4.7142781e-04   3.6568205e-05  -1.9891950e-03
  -1.1826737e-04  -8.2721849e-04  -1.0960025e-04  -2.0267270e-03
  -2.6070042e-04  -9.9575091e-04  -2.2578543e-04  -1.7527436e-03
  -1.5949799e-04  -5.5007628e-04  -2.7146248e-05  -1.9441567e-03
  -4.2937113e-04  -6.6992156e-04   3.2820296e-05  -2.1918677e-03
  -5.0058765e-04  -6.7741189e-04   8.9038931e-05  -1.9216375e-03
  -2.4570747e-04  -6.0250859e-04  -4.6587940e-06  -1.9591695e-03
  -2.4561424e-05  -6.9239255e-04  -1.4707934e-04  -2.1092973e-03
  -1.7074271e-04  -8.1972816e-04  -1.7331470e-04  -2.0680122e-03
  -1.9698037e-04  -9.6953476e-04  -3.7570179e-04  -2.0867782e-03
  -2.8309662e-05  -8.5717981e-04  -1.6956679e-04  -2.1468293e-03
  -1.6699447e-04  -8.5717981e-04  -9.8356519e-05  -2.0304802e-03
  -8.4533232e-05  -6.3996024e-04  -2.8575197e-04  -1.9591695e-03
  -1.9698037e-04  -6.6243123e-04  -6.0877429e-05  -1.9291439e-03
  -1.8198742e-04  -8.7216047e-04   6.6551477e-05  -1.9066247e-03
  -3.2057900e-05  -8.4594431e-04  -2.8575197e-04  -2.0267270e-03
  -3.3941342e-04  -9.6204443e-04  -3.3072688e-04  -2.0717654e-03
  -3.2067223e-04  -9.4331860e-04  -2.1454170e-04  -2.1693485e-03
  -1.8198742e-04  -8.8714113e-04  -2.1828961e-04  -2.0229738e-03
  -2.6444866e-04  -7.0362804e-04  -1.7706261e-04  -2.0830250e-03
  -4.5186056e-04  -8.1223783e-04  -2.4077706e-04  -2.0980378e-03
  -3.6565108e-04  -1.1268317e-03  -2.2578543e-04  -1.7940288e-03
  -2.4195923e-04  -8.1972816e-04  -5.5185351e-04  -2.1092973e-03
  -2.4195923e-04  -8.6092497e-04  -4.0568506e-04  -2.2781912e-03
  -2.3446275e-04  -1.0781445e-03  -6.0877429e-05  -2.0567526e-03
  -1.8573566e-04  -9.6578959e-04  -2.3328124e-04  -1.8878587e-03
   4.6655098e-05  -1.0032412e-03  -4.2817251e-04  -2.1768549e-03
  -2.9068632e-04  -8.7965080e-04  -5.2187024e-04  -2.4320723e-03
  -4.3311937e-04  -8.4219915e-04  -2.4452497e-04  -2.0267270e-03
  -1.9698037e-04  -8.7590563e-04  -2.8575197e-04  -2.0417398e-03
  -1.7823918e-04  -8.3096365e-04  -2.4827288e-04  -2.0905314e-03
  -1.1826737e-04  -1.0144767e-03  -1.6581888e-04  -1.8090416e-03
  -2.1572156e-04  -1.0219671e-03  -3.3447479e-04  -1.9253907e-03
  -2.4195923e-04  -6.4745057e-04  -6.0877429e-05  -2.0755186e-03
  -2.4561424e-05  -6.9613771e-04   1.4080751e-05  -1.9028715e-03
   3.5410384e-05  -9.5829926e-04   5.9055659e-05  -1.7827692e-03
  -1.2576385e-04  -7.4482486e-04  -6.4625338e-05  -2.0379866e-03
   3.1662146e-05  -6.7741189e-04  -3.7570179e-04  -2.0342334e-03
  -4.7050852e-05  -9.2459278e-04  -1.2084397e-04  -1.9404035e-03
  -1.4825328e-04  -8.9463146e-04  -1.5457515e-04  -1.9666759e-03
  -5.4547328e-05  -7.4107969e-04  -1.9205424e-04  -1.8503268e-03
  -3.0567927e-04  -7.2609903e-04  -1.5902521e-05  -1.7302244e-03
  -2.9818280e-04  -5.8378276e-04  -4.5885793e-05  -1.7077053e-03
  -3.6939932e-04  -6.4745057e-04   9.6534749e-05  -2.1017910e-03
  -3.0193104e-04  -9.9200575e-04  -7.9616974e-05  -2.0492462e-03
  -1.2951209e-04  -8.9837662e-04  -2.4827288e-04  -1.8803523e-03
  -2.1946980e-04  -7.4857002e-04  -1.6207097e-04  -2.0642590e-03
   7.2892764e-05  -8.1223783e-04  -1.1334816e-04  -2.1168037e-03
   9.9130430e-05  -7.1486354e-04  -6.0877429e-05  -2.1655953e-03
  -3.9554376e-05  -8.6841530e-04  -1.0960025e-04  -2.0755186e-03
  -8.8281470e-05  -8.7216047e-04  -2.8949988e-04  -2.2969572e-03
  -1.9698037e-04  -6.8864738e-04  -3.6071015e-04  -2.2181401e-03
  -4.3302614e-05  -9.3957344e-04  -3.1198733e-04  -1.9516631e-03
  -3.7314756e-04  -8.4594431e-04  -3.1948315e-04  -2.1092973e-03
  -3.8814051e-04  -7.1111837e-04  -1.8830634e-04  -2.0642590e-03
  -1.4450504e-04  -8.3845398e-04  -1.7706261e-04  -2.0417398e-03
  -3.6565108e-04  -7.1486354e-04  -2.5576870e-04  -2.1243101e-03
   1.2920956e-05  -8.4594431e-04  -1.8081052e-04  -2.2369060e-03
   9.1633954e-05  -7.7853134e-04  -3.4642066e-05  -2.2444124e-03
  -1.9698037e-04  -6.0625375e-04  -1.2459188e-04  -2.2406592e-03
  -9.9526184e-05  -8.1972816e-04  -2.1079379e-04  -2.0755186e-03
  -7.7036756e-05  -8.9837662e-04  -1.5832306e-04  -1.9741823e-03
  -1.7449094e-04  -8.1223783e-04  -1.8081052e-04  -2.4020467e-03
  -1.7823918e-04  -7.0737321e-04  -2.6701242e-04  -2.2781912e-03
  -2.8693808e-04  -1.1680285e-03  -1.3958352e-04  -1.9178843e-03
  -3.1692399e-04  -1.1792640e-03   5.1559841e-05  -2.1393229e-03
   4.8894718e-04  -6.6617639e-04  -1.2833979e-04  -2.4658511e-03
   1.0287867e-04  -1.1193414e-03  -1.6956679e-04  -2.2406592e-03
  -6.7300660e-04  -7.5606035e-04  -4.3941624e-04  -1.9554163e-03
   7.6631679e-04  -1.1043607e-03  -2.0329797e-04  -2.4170595e-03
  -9.4287973e-04  -7.4107969e-04   5.9055659e-05  -2.5559278e-03
   4.7020599e-04  -5.0138913e-04   2.0522411e-04  -2.3870339e-03
   1.4036105e-04  -1.5650160e-03  -1.6956679e-04  -2.0454930e-03
  -9.5412445e-04   1.5026958e-04  -9.8356519e-05  -1.8540799e-03
   2.7004076e-03  -1.9208067e-03   2.4270320e-04  -2.0905314e-03
  -3.3492485e-03   7.7196697e-04  -6.0432423e-04  -1.9404035e-03
   3.8473684e-03  -1.8047066e-03   9.2482264e-04  -2.1430761e-03
  -4.2338327e-03  -5.9876342e-04  -1.0578212e-03  -2.0229738e-03
   2.1531649e-03   3.2254717e-04   8.4986446e-04  -1.9629227e-03
   1.0661758e-03  -3.8720376e-03  -4.9938278e-04  -2.2181401e-03
  -5.5794501e-03   4.3448544e-03  -5.0313069e-04  -1.9929482e-03
   1.0684155e-02  -7.1602925e-03   1.1197139e-03  -2.5183958e-03
  -1.6055775e-02   6.7792116e-03  -2.7218928e-03  -1.6514073e-03
   2.0422077e-02  -7.2202151e-03   4.0805620e-03  -2.2143869e-03
  -2.2870072e-02   2.4160944e-03  -5.1580337e-03  -1.8353140e-03
   2.0826887e-02   7.2623379e-03   6.2693409e-03  -2.1693485e-03
  -3.4242133e-03  -7.7625572e-02  -7.4704935e-03  -1.3136253e-04
  -9.9596504e-02  -6.9895551e-02  -2.5494890e-03   2.9725314e-03
   2.1715210e-01  -8.7834892e-02   7.4604966e-02  -1.9535391e-02
   1.4235976e-01  -8.1599192e-02   2.1279716e-02  -1.4948984e-02
  -6.4288102e-02  -4.4346036e-02  -1.1325897e-01   2.1329418e-02
   1.9559982e-02  -5.6772493e-02  -1.0596929e-01   1.5399367e-02
  -2.2184144e-02  -2.8425339e-02   5.6577523e-02  -2.0338575e-02
  -6.3177598e-04  -4.7394600e-02   1.1237639e-01  -3.6792591e-02
  -5.6979038e-02  -4.4735533e-02  -1.6514198e-02  -2.9687795e-03
  -2.5467601e-02  -4.5671824e-02  -6.9794472e-02   1.8105422e-02
   3.2802507e-02  -3.2709808e-02  -1.2452167e-03   1.2010167e-04
  -1.6561787e-02  -7.2801378e-03   9.5375175e-03  -5.2394636e-03
   6.7747423e-03  -2.0215938e-02  -2.8994735e-02   1.6438997e-03
  -4.9385014e-03  -1.2654450e-02  -2.1326513e-02   6.6056204e-04
   8.6377098e-04  -2.7878545e-02   3.2943209e-02  -1.1004374e-02
  -6.2878671e-03  -3.5361385e-02   5.4632359e-02  -1.2276708e-02
  -3.0419023e-02  -2.6646386e-02  -1.0532535e-02   2.6271747e-05
  -1.4065461e-02  -6.4636918e-03  -3.3064964e-02   8.0168282e-03
  -2.7270410e-03  -2.6923107e-03  -1.5513506e-02   2.5746925e-03
   1.1561335e-03  -1.6137453e-02   1.8243208e-03  -1.7977820e-03
  -1.1190469e-03  -1.2849198e-02   1.4121210e-02  -3.9070787e-03
  -1.9736452e-03  -1.6601853e-02   9.5112822e-03  -6.2040353e-03
  -1.8349604e-03  -1.4785448e-02   3.2560923e-02  -9.1840737e-03
  -1.1302916e-03  -1.2425994e-02   1.0264612e-02  -3.2427628e-03
   2.5280819e-04  -3.9619216e-03  -3.4406716e-02   1.0824220e-02
  -1.1602775e-03   7.1237668e-03   5.5307750e-05   1.4149546e-03
  -1.4601366e-03  -4.7142781e-04   2.4405473e-02  -9.3342016e-03
  -1.0327442e-04  -6.0779398e-03   3.5633506e-03  -4.5939138e-03
  -4.7434998e-04  -2.0893391e-03  -7.0619714e-03  -9.6457226e-04
  -6.4302069e-04  -2.8416956e-04  -8.0251841e-03   9.8333698e-04
  -3.8064403e-04  -1.9807293e-03   1.9503208e-02  -3.9896490e-03
  -4.2187465e-04  -5.9243880e-03   2.7950292e-03  -3.1864649e-03
  -4.9309117e-04  -4.4600285e-03  -2.6363703e-02   5.7048588e-03
  -1.1227952e-03   2.7718851e-03   1.5432276e-03  -1.0996874e-03
  -2.9443456e-04   2.7606496e-03   6.8914938e-03  -6.0951926e-03
   9.1727180e-06  -2.0181810e-03   2.0267079e-03  -3.1376733e-03
  -3.2442046e-04  -3.7109955e-03  -5.0081173e-03  -2.7098089e-03
  -3.9188875e-04  -4.8307999e-03  -5.7951782e-03  -8.8950832e-04
  -6.5426541e-04  -2.8496076e-03   1.6163821e-02  -4.2748920e-03
  -3.3941342e-04  -1.0706542e-03  -4.0411568e-03  -2.1243101e-03
  -1.6699447e-04  -1.9994551e-03  -2.2623290e-02   3.5280045e-03
  -2.9068632e-04   5.7721839e-04  -5.2742188e-03  -8.4446996e-04
  -5.3432179e-04   1.1052867e-03   6.5879131e-03  -5.1906721e-03
  -6.2427950e-04   1.0907276e-04   6.1981306e-03  -3.9033255e-03
  -2.9818280e-04  -1.7859807e-03  -9.2020275e-03  -9.7207866e-04
  -4.5935703e-04  -4.8382902e-03  -5.7052284e-03  -4.2786509e-04
  -5.1183236e-04  -2.0481423e-03   5.2499096e-03  -3.1977245e-03
  -8.8281470e-05   1.3112707e-03   6.2124201e-04  -3.3065672e-03
  -5.0799090e-05  -1.4517680e-05  -5.8176657e-03  -1.0921810e-03
  -1.5949799e-04   2.3266321e-04  -6.6009786e-03  -1.3961899e-03
  -4.5186056e-04   9.0679291e-04   1.5469755e-03  -2.7661068e-03
  -5.0808413e-04   9.4424456e-04   3.0348954e-03  -2.5671874e-03
  -1.1451914e-04   1.4652441e-04  -3.9736944e-03  -1.6063689e-03
  -6.5792042e-05  -3.4525792e-03  -4.7420158e-03  -7.6565282e-04
  -4.5560879e-04  -3.3327339e-03   1.2846219e-03  -1.8315608e-03
  -5.4931474e-04  -1.5837418e-03   3.3759551e-03  -3.1526861e-03
  -2.0822509e-04   3.4169465e-05   1.8093292e-03  -3.0175710e-03
  -2.3821099e-04   1.4835483e-03   5.1559841e-05  -3.2427628e-03
  -4.5186056e-04   1.1281793e-04  -1.1402752e-03  -1.8240544e-03
  -2.3821099e-04  -5.5382144e-04  -1.6956679e-04  -1.3248792e-03
  -2.9068632e-04  -1.5313095e-03   4.3766468e-03  -2.7548472e-03
  -4.7809822e-04  -3.7896440e-03   6.1943827e-03  -3.0888818e-03
  -2.6070042e-04  -3.4263630e-03   1.0372599e-03  -2.4283191e-03
  -2.1572156e-04  -4.5270199e-04  -3.6588701e-03  -1.3849303e-03
  -2.3821099e-04   2.5134687e-03  -5.2561815e-04  -1.8390672e-03
  -2.3821099e-04   2.9067110e-03   1.2321512e-03  -2.3645147e-03
  -4.9309117e-04  -4.6768265e-04  -4.4691206e-04  -1.5538242e-03
  -5.0433589e-04  -3.4488340e-03   1.2808740e-03  -2.0492462e-03
  -2.1572156e-04  -3.1979079e-03   3.6607962e-03  -2.6384981e-03
  -1.8948390e-04  -1.1530478e-03   3.4321738e-03  -2.6309917e-03
  -1.8573566e-04   9.5173489e-04  -1.4625954e-03  -2.1881145e-03
  -7.7036756e-05   1.7981422e-03  -4.5246370e-03  -1.0771682e-03
  -1.2201561e-04   1.6258646e-03  -1.8186467e-03  -1.2986068e-03
  -2.7944161e-04  -3.2911154e-04   3.8706791e-03  -2.4283191e-03
  -3.8439227e-04  -3.1941628e-03   5.5384986e-03  -3.2540224e-03
  -3.9938522e-04  -3.5349728e-03   8.5291022e-05  -2.0830250e-03
  -4.2562289e-04  -1.6811161e-03  -2.9167841e-03  -1.0846746e-03
  -2.0822509e-04   7.1578949e-04  -2.1372190e-03  -1.8315608e-03
  -3.9554376e-05   1.6146291e-03  -1.7474365e-03  -2.1168037e-03
  -1.3700856e-04   1.1656309e-04  -1.0990482e-03  -2.2669316e-03
  -1.7823918e-04  -1.8159420e-03   3.1766138e-04  -2.4771107e-03
  -5.0799090e-05  -2.8870592e-03   1.1496972e-03  -2.3720211e-03
  -1.7449094e-04  -1.9844745e-03  -8.6667786e-04  -1.8878587e-03
  -3.3191694e-04  -2.9540506e-04  -2.9617590e-03  -1.8090416e-03
  -2.5695218e-04   7.9818312e-04  -4.6295785e-03  -1.2160365e-03
  -4.7809822e-04   1.0865608e-03  -3.1416586e-03  -1.2798408e-03
  -4.4436408e-04  -6.6949990e-05   1.1871763e-03  -2.8787027e-03
  -4.9683941e-04  -1.3927384e-03   9.7354545e-04  -2.6910429e-03
  -5.8679712e-04  -2.2241650e-03  -1.0090984e-03  -1.9967014e-03
  -2.9068632e-04  -2.0930843e-03  -1.2077376e-03  -1.8278076e-03
  -3.5815461e-04  -7.0737321e-04  -8.9291323e-04  -1.8052884e-03
  -2.9068632e-04   3.8996014e-04  -8.2919877e-04  -2.0117142e-03
  -4.2562289e-04   2.6262453e-04  -1.8336384e-03  -1.7414840e-03
  -5.4556651e-04  -4.3772133e-04  -1.0428296e-03  -2.1243101e-03
  -2.7944161e-04  -9.6204443e-04   1.3745717e-03  -2.4921234e-03
  -3.9938522e-04  -1.5125837e-03   1.7268752e-03  -2.4395787e-03
  -2.0072861e-04  -1.5350547e-03   1.5650129e-04  -2.2406592e-03
  -2.6819689e-04  -1.0931252e-03  -8.1420714e-04  -1.7489904e-03
  -5.6055946e-04  -8.4594431e-04  -6.5679496e-04  -1.8653395e-03
  -3.5815461e-04  -3.3285671e-04  -5.7434096e-04  -2.2481656e-03
  -4.0688170e-04  -6.3204825e-05  -8.3669459e-04  -2.1130505e-03
  -5.0058765e-04  -3.9652451e-04  -1.1334816e-04  -2.0154674e-03
  -5.9429360e-04  -8.9088629e-04   4.0011538e-04  -2.3007104e-03
  -4.6310527e-04  -1.3253254e-03   3.3640092e-04  -2.1993741e-03
  -4.9309117e-04  -1.2391866e-03   1.0110245e-03  -2.1468293e-03
  -7.2548193e-04  -6.7741189e-04   1.0777848e-04  -2.0605058e-03
  -4.7434998e-04  -4.5270199e-04  -1.1777543e-03  -1.7039521e-03
  -3.0193104e-04  -5.1636979e-04  -1.0428296e-03  -1.7414840e-03
  -4.1437818e-04  -4.4521166e-04   4.3009865e-04  -2.1355697e-03
  -6.4676893e-04  -7.5231519e-04   1.9817330e-03  -2.4733575e-03
  -4.8934294e-04  -1.0332026e-03   6.4372946e-04  -1.9328971e-03
  -2.7944161e-04  -1.0856349e-03  -8.0671132e-04  -1.5500710e-03
  -4.8559470e-04  -1.1118510e-03  -2.3328124e-04  -1.6589137e-03
  -5.7930065e-04  -7.6729585e-04   3.7762792e-04  -1.7640032e-03
  -3.5815461e-04  -6.3996024e-04   2.7268647e-04  -1.8765991e-03
  -3.0567927e-04  -6.3246991e-04  -5.4435769e-04  -1.7414840e-03
  -4.0688170e-04  -6.7741189e-04  -6.0432423e-04  -1.7902756e-03
  -4.8184646e-04  -1.0369477e-03   1.4525757e-04  -1.8390672e-03
  -4.2937113e-04  -9.0212179e-04  -6.4625338e-05  -1.9779355e-03
  -2.2696628e-04  -7.7478618e-04  -9.3788814e-04  -1.9929482e-03
  -2.4570747e-04  -7.2235387e-04  -1.2189813e-03  -1.9366503e-03
  -1.0327442e-04  -5.9127309e-04  -1.3126790e-03  -1.8653395e-03
  -2.4195923e-04  -5.5756661e-04  -1.2114855e-03  -1.9028715e-03
  -1.2576385e-04  -3.9277935e-04  -5.6684514e-04  -2.1205569e-03
  -9.9526184e-05  -7.9351200e-04  -3.5696224e-04  -1.9741823e-03
  -4.1812641e-04  -6.2872474e-04  -9.0040905e-04  -1.9704291e-03
  -3.2067223e-04  -1.9428560e-04  -7.3550105e-04  -1.8315608e-03
  -6.8050307e-04  -5.1636979e-04  -1.2154612e-05  -1.9854418e-03
  -4.7434998e-04  -7.2609903e-04   3.4389674e-04  -2.2631784e-03
  -4.2187465e-04  -8.6467014e-04   3.2890511e-04  -2.0492462e-03
  -4.8184646e-04  -7.1111837e-04   9.2786840e-05  -2.1956209e-03
  -1.8198742e-04  -8.4594431e-04   3.0641765e-04  -2.2181401e-03
  -4.9683941e-04  -1.0594187e-03   8.3862073e-04  -2.1993741e-03
  -1.7449094e-04  -8.2721849e-04   7.6366255e-04  -2.1956209e-03
  -1.8573566e-04  -7.4482486e-04   1.4525757e-04  -2.0567526e-03
  -4.5560879e-04  -5.7254727e-04  -1.3958352e-04  -2.1693485e-03
  -2.1197332e-04  -4.5270199e-04  -3.4946642e-04  -2.0154674e-03
  -3.4690989e-04  -7.4482486e-04  -2.1454170e-04  -2.0004546e-03
  -3.4316165e-04  -1.0743994e-03   5.1255265e-04  -2.3269828e-03
  -3.1317575e-04  -1.0257122e-03   6.7746064e-04  -2.4883702e-03
  -3.6939932e-04  -6.3621507e-04  -1.0585234e-04  -2.4133063e-03
  -2.8693808e-04  -3.3285671e-04  -9.0040905e-04  -2.0154674e-03
  -2.8693808e-04  -2.6918890e-04  -7.4299687e-04  -1.9629227e-03
  -2.9818280e-04  -2.8416956e-04  -5.7059305e-04  -2.2143869e-03
  -2.6819689e-04  -6.9988288e-04  -2.2203752e-04  -2.3419956e-03
  -3.6565108e-04  -8.9088629e-04   1.9772829e-04  -2.3495020e-03
  -5.7180417e-04  -8.6092497e-04  -2.9699570e-04  -2.2143869e-03
  -2.7194513e-04  -8.8714113e-04  -4.6587940e-06  -2.4020467e-03
  -1.0702266e-04  -3.8903418e-04   1.0777848e-04  -2.3382424e-03
  -4.9309117e-04  -4.1525034e-04  -2.5951661e-04  -2.2031273e-03
  -3.6939932e-04  -6.8864738e-04  -4.2137884e-05  -2.3194764e-03
  -1.2576385e-04  -7.1111837e-04   3.8137583e-04  -2.0154674e-03
  -1.8948390e-04  -8.9837662e-04   5.8751083e-04  -1.8653395e-03
  -3.2816870e-04  -8.3845398e-04  -5.3381611e-05  -2.0004546e-03
  -4.3311937e-04  -6.0999892e-04  -3.4571851e-04  -2.0154674e-03
  -3.9563699e-04  -2.3548242e-04  -3.9818924e-04  -1.8203012e-03
  -6.3927246e-04  -3.8154385e-04  -4.0568506e-04  -1.9216375e-03
  -6.7675484e-04  -7.0737321e-04   5.5307750e-05  -2.1543357e-03
  -1.2576385e-04  -7.2609903e-04   1.5650129e-04  -2.1393229e-03
  -1.6324623e-04  -1.0856349e-03   2.1646784e-04  -2.2106337e-03
  -3.8064403e-04  -8.2347332e-04  -6.4625338e-05  -2.0717654e-03
  -2.8318985e-04  -3.8528902e-04  -4.1692878e-04  -1.8428204e-03
  -5.0808413e-04  -4.9389880e-04  -1.2459188e-04  -1.9704291e-03
  -3.1692399e-04  -2.3548242e-04   1.4900547e-04  -2.0905314e-03
  -3.5065813e-04  -4.5644715e-04   4.2635074e-04  -1.9141311e-03
  -4.8559470e-04  -7.3358936e-04   5.6877128e-04  -1.9816886e-03
  -1.4075680e-04  -6.0625375e-04   3.6638420e-04  -1.8728459e-03
  -3.0942751e-04  -8.6467014e-04   2.3520738e-04  -1.9066247e-03
  -3.4690989e-04  -8.0474750e-04   3.2515720e-04  -2.0605058e-03
  -3.8814051e-04  -5.8003760e-04   4.3009865e-04  -1.7977820e-03
  -3.8439227e-04  -4.4146649e-04   3.5139256e-04  -2.0042078e-03
  -3.4690989e-04  -7.8227651e-04   5.1255265e-04  -2.0192206e-03
  -4.1812641e-04  -1.0481832e-03   6.1749410e-04  -2.0342334e-03
  -2.5320394e-04  -7.8602167e-04   3.2890511e-04  -1.9103779e-03
  -4.5186056e-04  -1.0481832e-03   3.1766138e-04  -1.8127948e-03
  -3.8064403e-04  -9.5455410e-04   4.4064023e-05  -2.2706848e-03
  -3.9938522e-04  -7.4857002e-04  -4.6190369e-04  -1.8540799e-03
  -5.0058765e-04  -8.3845398e-04  -3.9069342e-04  -1.8953651e-03
  -2.1197332e-04  -8.1972816e-04  -2.2578543e-04  -2.2293996e-03
  -4.8184646e-04  -1.0332026e-03  -1.9955006e-04  -1.9967014e-03
  -4.5935703e-04  -9.5080893e-04  -1.9205424e-04  -2.1130505e-03
  -2.9068632e-04  -8.6841530e-04  -1.6207097e-04  -2.2819444e-03
  -4.8184646e-04  -9.5455410e-04  -1.8081052e-04  -2.3307360e-03
  -3.3566518e-04  -7.3358936e-04  -5.1437442e-04  -2.0529994e-03
  -4.2187465e-04  -6.5119573e-04  -7.4299687e-04  -1.9629227e-03
  -5.0433589e-04  -8.1972816e-04  -6.7928241e-04  -2.0154674e-03
  -3.5065813e-04  -8.4219915e-04  -4.0943297e-04  -1.9854418e-03
  -3.2816870e-04  -7.9725717e-04  -1.6581888e-04  -1.8878587e-03
  -3.3191694e-04  -8.7965080e-04  -3.4197060e-04  -1.9479099e-03
  -3.2816870e-04  -1.0481832e-03  -3.9818924e-04  -2.2218933e-03
  -3.3191694e-04  -8.6841530e-04  -3.1573524e-04  -2.2106337e-03
  -3.9188875e-04  -6.2123441e-04  -6.2681169e-04  -2.1243101e-03
  -3.8439227e-04  -7.4857002e-04  -5.2187024e-04  -1.8690927e-03
  -4.1437818e-04  -6.5119573e-04  -3.6071015e-04  -1.9704291e-03
  -2.7944161e-04  -8.7590563e-04  -3.3447479e-04  -2.0680122e-03
  -5.2307708e-04  -1.1006155e-03   1.4150966e-04  -1.7039521e-03
  -6.2802774e-04  -8.0849266e-04  -1.6956679e-04  -1.7339776e-03
  -1.9698037e-04  -7.7478618e-04  -3.8694551e-04  -1.7564968e-03
  -3.8439227e-04  -6.8115705e-04  -8.3364883e-05  -1.7114585e-03
  -4.5560879e-04  -5.1262463e-04  -2.7076033e-04  -2.0492462e-03
  -3.8814051e-04  -4.1525034e-04  -1.9650430e-05  -2.0004546e-03
  -2.8693808e-04  -9.3208311e-04   1.1152638e-04  -1.8615863e-03
  -9.9526184e-05  -9.7702509e-04   5.1559841e-05  -2.1693485e-03
  -1.6699447e-04  -5.0513430e-04   1.8273666e-04  -2.1580889e-03
  -2.4195923e-04  -1.0706542e-03   7.4047295e-05  -2.0079610e-03
  -3.7314756e-04  -8.3470882e-04   4.6382983e-04  -1.9967014e-03
  -3.8064403e-04  -5.4633111e-04   4.6008192e-04  -2.0004546e-03
  -5.0433589e-04  -7.4857002e-04   2.2396365e-04  -2.0304802e-03
