  -2.0072861e-04  -9.7327992e-04  -1.8830634e-04  -2.3044636e-03
  -1.4075680e-04  -8.5343464e-04   1.2651802e-04  -2.0454930e-03
  -4.4061584e-04  -7.7104101e-04   2.2396365e-04  -2.0004546e-03
  -2.8318985e-04  -9.2833794e-04   2.4645111e-04  -1.9366503e-03
   6.9144526e-05  -5.9127309e-04  -9.8356519e-05  -1.9216375e-03
   1.4785752e-04  -4.5644715e-04  -5.0313069e-04  -2.0529994e-03
  -4.7050852e-05  -6.5868606e-04  -2.1828961e-04  -2.1580889e-03
  -1.5574975e-04  -6.0625375e-04  -4.0943297e-04  -2.1881145e-03
   9.5382192e-05  -6.2123441e-04  -6.1931587e-04  -1.9704291e-03
   1.1037514e-04  -7.9725717e-04  -5.0687860e-04  -2.0342334e-03
  -7.7036756e-05  -8.4968948e-04  -4.6565160e-04  -1.9516631e-03
  -5.4547328e-05  -6.8490222e-04  -7.5869065e-05  -1.8465736e-03
  -1.4075680e-04  -8.5717981e-04  -1.0210443e-04  -1.8765991e-03
  -3.6190284e-04  -1.1455575e-03  -2.1828961e-04  -1.9141311e-03
  -2.6444866e-04  -8.9088629e-04  -1.9955006e-04  -2.2106337e-03
  -2.0822509e-04  -7.1860870e-04  -2.2203752e-04  -2.1468293e-03
  -2.3821099e-04  -7.9351200e-04  -8.3364883e-05  -2.1205569e-03
  -6.2043804e-05  -8.6467014e-04  -3.9818924e-04  -2.1055441e-03
  -2.2321804e-04  -8.6092497e-04  -3.1948315e-04  -2.0942846e-03
  -2.3821099e-04  -8.1972816e-04  -2.3398339e-05  -2.2406592e-03
   1.0287867e-04  -8.2347332e-04  -3.9444133e-04  -2.1580889e-03
  -3.0567927e-04  -7.8602167e-04  -2.7450824e-04  -2.0192206e-03
  -4.2937113e-04  -9.5829926e-04  -1.5082725e-04  -1.8765991e-03
  -2.4561424e-05  -1.1979898e-03  -4.0943297e-04  -2.1280633e-03
  -1.8948390e-04  -8.5343464e-04  -1.6581888e-04  -2.1956209e-03
  -1.8198742e-04  -7.5231519e-04  -2.0329797e-04  -1.9891950e-03
  -2.2696628e-04  -1.1380672e-03  -4.8813906e-04  -2.0417398e-03
  -2.9068632e-04  -7.5606035e-04  -1.9955006e-04  -2.0304802e-03
  -2.4195923e-04  -7.7104101e-04   5.1559841e-05  -2.0942846e-03
  -4.7060175e-04  -1.0107316e-03  -2.5576870e-04  -2.1355697e-03
  -2.9068632e-04  -8.6467014e-04  -4.2067669e-04  -2.0304802e-03
  -1.1826737e-04  -1.0519284e-03  -1.2459188e-04  -1.8690927e-03
  -2.9818280e-04  -6.7741189e-04  -3.1948315e-04  -1.8841055e-03
  -2.6070042e-04  -8.0100233e-04  -2.7825615e-04  -1.9066247e-03
  -2.7944161e-04  -9.9575091e-04  -7.9616974e-05  -1.8203012e-03
  -3.2442046e-04  -5.7254727e-04  -3.2323106e-04  -1.8803523e-03
   9.1727180e-06  -7.6355068e-04  -1.4333143e-04  -2.0042078e-03
   6.5396288e-05  -7.5980552e-04  -2.3702915e-04  -2.2556720e-03
  -1.8948390e-04  -6.1748925e-04  -2.5202079e-04  -2.1092973e-03
   5.4244800e-06  -6.5868606e-04  -4.0193715e-04  -1.8878587e-03
   1.8159167e-04  -7.0362804e-04  -2.9699570e-04  -2.0154674e-03
  -3.1692399e-04  -8.1972816e-04   1.5275338e-04  -2.0342334e-03
  -3.2067223e-04  -9.8826058e-04  -2.4077706e-04  -1.9216375e-03
  -2.1946980e-04  -1.0631639e-03   6.2803568e-05  -1.8240544e-03
  -5.3057355e-04  -1.0144767e-03   3.3265302e-04  -1.7564968e-03
  -2.3071451e-04  -9.4331860e-04   1.0028266e-04  -1.8728459e-03
  -3.5440637e-04  -8.4594431e-04  -1.5832306e-04  -2.2519188e-03
  -7.3288518e-05  -7.8227651e-04  -3.0074361e-04  -1.9741823e-03
   2.7154938e-04  -6.3621507e-04  -3.9069342e-04  -1.9816886e-03
  -2.0822509e-04  -6.4370540e-04  -5.7059305e-04  -1.9891950e-03
  -9.5777946e-05  -8.8714113e-04  -2.7076033e-04  -1.6739265e-03
  -1.3700856e-04  -8.7590563e-04  -3.9818924e-04  -2.2744380e-03
  -3.0193104e-04  -7.2609903e-04  -1.6956679e-04  -2.1243101e-03
  -2.7944161e-04  -8.9088629e-04  -7.2121156e-05  -2.0605058e-03
  -8.8281470e-05  -8.3470882e-04  -3.7944969e-04  -2.3870339e-03
  -1.7823918e-04  -8.6467014e-04  -1.8830634e-04  -2.0079610e-03
  -2.7569337e-04  -9.3582827e-04  -6.8373247e-05  -2.1768549e-03
  -4.7050852e-05  -8.2721849e-04  -6.0877429e-05  -2.2631784e-03
  -2.1946980e-04  -9.3582827e-04  -2.2578543e-04  -2.0304802e-03
  -1.7074271e-04  -1.0107316e-03  -4.5885793e-05  -2.1017910e-03
  -8.8281470e-05  -9.8077025e-04  -1.7331470e-04  -2.1768549e-03
  -1.0702266e-04  -5.9127309e-04  -5.0687860e-04  -2.3982935e-03
  -2.4945570e-04  -8.5717981e-04  -1.4333143e-04  -2.3269828e-03
  -3.2816870e-04  -1.1230865e-03  -1.9650430e-05  -2.1055441e-03
  -2.7569337e-04  -7.7478618e-04  -1.5082725e-04  -2.1468293e-03
  -2.6444866e-04  -8.5717981e-04  -1.0585234e-04  -2.1693485e-03
  -9.5684720e-06  -7.7104101e-04  -1.8081052e-04  -2.2181401e-03
  -3.2057900e-05  -8.0849266e-04  -1.9580215e-04  -2.1505825e-03
  -1.2951209e-04  -8.0474750e-04  -2.5202079e-04  -2.3457488e-03
  -1.4450504e-04  -7.2984420e-04  -3.5696224e-04  -2.4320723e-03
  -9.5684720e-06  -6.9988288e-04  -1.9580215e-04  -1.9929482e-03
   3.1662146e-05  -5.5007628e-04   3.2820296e-05  -1.9178843e-03
  -1.4075680e-04  -7.4482486e-04   1.0028266e-04  -1.9516631e-03
  -1.8198742e-04  -8.6841530e-04   1.7149293e-04  -1.8803523e-03
  -2.4195923e-04  -9.4331860e-04   1.8648456e-04  -2.0379866e-03
  -1.7064948e-05  -7.1486354e-04  -1.3583561e-04  -2.0079610e-03
   5.4151574e-05  -5.2011496e-04  -2.4077706e-04  -1.9066247e-03
   1.6762420e-06  -6.8115705e-04  -2.0704588e-04  -1.9216375e-03
   3.1662146e-05  -6.9239255e-04  -2.1079379e-04  -1.8765991e-03
  -1.7064948e-05  -7.7104101e-04  -3.2323106e-04  -1.8841055e-03
  -2.8309662e-05  -8.4968948e-04  -2.7450824e-04  -1.8278076e-03
  -3.1692399e-04  -1.0594187e-03   1.3026593e-04  -1.9516631e-03
  -5.0058765e-04  -8.4594431e-04   2.0897202e-04  -2.0605058e-03
  -3.1317575e-04  -7.5980552e-04   2.9892183e-04  -2.1130505e-03
   5.4151574e-05  -9.6578959e-04   2.1576569e-05  -2.1918677e-03
   9.1633954e-05  -5.1636979e-04  -2.6701242e-04  -1.8916119e-03
  -8.0784994e-05  -7.1860870e-04  -3.1198733e-04  -1.9741823e-03
   2.0408109e-04  -7.4482486e-04  -5.2936605e-04  -2.0342334e-03
   2.4156347e-04  -5.5382144e-04  -4.0193715e-04  -1.9854418e-03
   3.9158622e-05  -1.0257122e-03  -2.5576870e-04  -2.0830250e-03
  -1.5574975e-04  -9.2459278e-04   6.5849330e-06  -1.9141311e-03
  -3.6565108e-04  -8.2721849e-04  -1.2084397e-04  -2.0042078e-03
  -1.5200152e-04  -7.9351200e-04  -3.4946642e-04  -2.0417398e-03
  -1.4075680e-04  -7.2609903e-04  -2.7825615e-04  -1.9704291e-03
  -2.2321804e-04  -8.5343464e-04  -4.7314742e-04  -1.9216375e-03
  -1.5574975e-04  -7.6729585e-04  -2.8949988e-04  -2.1205569e-03
  -3.3191694e-04  -8.4594431e-04  -3.2697897e-04  -2.1468293e-03
  -3.9563699e-04  -8.7216047e-04  -4.5815578e-04  -1.9854418e-03
  -8.8281470e-05  -6.9988288e-04  -1.0585234e-04  -2.1993741e-03
  -9.2029708e-05  -8.2721849e-04  -2.7076033e-04  -2.0980378e-03
  -3.9188875e-04  -8.3845398e-04  -2.3702915e-04  -1.9666759e-03
  -2.6819689e-04  -6.9988288e-04  -4.9633702e-05  -2.0454930e-03
  -3.0193104e-04  -8.6841530e-04  -3.7944969e-04  -2.1731017e-03
  -4.0688170e-04  -9.5080893e-04  -2.7450824e-04  -2.1055441e-03
  -2.3071451e-04  -8.7965080e-04  -3.2697897e-04  -2.1130505e-03
  -2.6070042e-04  -8.4219915e-04  -5.6309724e-04  -2.0267270e-03
  -5.0808413e-04  -9.9575091e-04  -2.5576870e-04  -1.9816886e-03
  -3.1692399e-04  -8.6841530e-04  -3.7570179e-04  -2.2744380e-03
  -1.9698037e-04  -9.3582827e-04  -5.9308051e-04  -2.0905314e-03
  -4.0688170e-04  -1.3140899e-03  -7.5869065e-05  -2.1280633e-03
  -8.8281470e-05  -9.3208311e-04  -2.6326452e-04  -2.1468293e-03
  -3.2816870e-04  -8.2347332e-04  -4.1318088e-04  -1.9178843e-03
  -4.7060175e-04  -8.8339596e-04  -1.2084397e-04  -2.1092973e-03
  -4.3302614e-05  -8.6092497e-04  -3.2323106e-04  -2.1393229e-03
  -3.2067223e-04  -9.8451542e-04  -8.7112792e-05  -1.8390672e-03
  -2.4570747e-04  -7.7853134e-04  -1.9955006e-04  -1.9591695e-03
   5.7899812e-05  -8.2347332e-04  -4.3192042e-04  -2.1318165e-03
   7.6641002e-05  -8.6841530e-04  -5.4435769e-04  -1.8916119e-03
   3.9158622e-05  -7.8976684e-04  -3.4197060e-04  -1.8540799e-03
  -2.6444866e-04  -9.8826058e-04   1.3026593e-04  -1.9704291e-03
  -4.3686760e-04  -1.1792640e-03   1.7524084e-04  -2.1580889e-03
  -3.1317575e-04  -8.6092497e-04   1.1152638e-04  -1.8728459e-03
  -2.0822509e-04  -7.4482486e-04  -3.8389975e-05  -1.8090416e-03
  -4.4436408e-04  -1.0257122e-03   2.2396365e-04  -2.0792718e-03
  -3.1317575e-04  -1.0182219e-03  -2.5576870e-04  -1.8728459e-03
  -6.5792042e-05  -8.7965080e-04  -3.3447479e-04  -2.0229738e-03
  -2.0719960e-06  -5.7629243e-04  -2.4077706e-04  -2.0192206e-03
   1.5160576e-04  -6.9988288e-04  -9.2289650e-04  -1.9666759e-03
  -1.1451914e-04  -9.7702509e-04  -4.6190369e-04  -2.1092973e-03
  -2.4945570e-04  -8.1972816e-04  -1.7331470e-04  -2.0529994e-03
  -4.0313346e-04  -8.0474750e-04   1.0332842e-05  -2.2068805e-03
  -5.3057355e-04  -1.0669090e-03   6.5849330e-06  -2.1768549e-03
  -3.3191694e-04  -1.0107316e-03  -1.6956679e-04  -2.0755186e-03
  -2.9443456e-04  -7.9351200e-04  -1.1334816e-04  -2.1055441e-03
  -3.2442046e-04  -1.0369477e-03  -4.6190369e-04  -2.1655953e-03
  -3.1317575e-04  -8.6467014e-04  -1.2459188e-04  -2.1468293e-03
  -1.2201561e-04  -7.1486354e-04  -1.6207097e-04  -2.0454930e-03
   5.7899812e-05  -9.7327992e-04  -3.9818924e-04  -2.1430761e-03
  -2.0813186e-05  -9.7327992e-04  -2.1454170e-04  -2.1017910e-03
  -1.5200152e-04  -9.0586695e-04  -3.1948315e-04  -2.2369060e-03
  -2.6819689e-04  -7.5606035e-04  -1.7706261e-04  -2.3269828e-03
  -3.3566518e-04  -8.0849266e-04  -1.2459188e-04  -2.0492462e-03
  -2.0447685e-04  -7.7853134e-04  -2.4452497e-04  -2.1918677e-03
  -9.2029708e-05  -8.1972816e-04  -3.3447479e-04  -2.3945403e-03
  -7.7036756e-05  -8.4219915e-04  -2.5951661e-04  -2.2293996e-03
  -1.2951209e-04  -6.9239255e-04  -1.8455843e-04  -2.0942846e-03
   2.0417432e-05  -8.7965080e-04  -1.5082725e-04  -2.1430761e-03
  -8.8281470e-05  -7.2235387e-04  -2.1828961e-04  -2.0117142e-03
  -3.7689580e-04  -7.3733453e-04  -3.1573524e-04  -2.0154674e-03
  -1.1077090e-04  -9.0961212e-04  -1.5457515e-04  -2.2556720e-03
  -1.3700856e-04  -7.9725717e-04  -2.2953333e-04  -2.0192206e-03
   7.2892764e-05  -9.0586695e-04  -1.9205424e-04  -2.0492462e-03
   1.2536810e-04  -8.2721849e-04  -9.0860701e-05  -2.1505825e-03
  -1.7074271e-04  -8.2721849e-04  -1.3958352e-04  -1.8690927e-03
  -2.8309662e-05  -9.1335728e-04  -1.5832306e-04  -2.0980378e-03
  -7.7036756e-05  -9.0586695e-04   1.4080751e-05  -2.0417398e-03
   9.5382192e-05  -9.1335728e-04   7.4047295e-05  -1.8127948e-03
  -5.8202340e-06  -7.0362804e-04  -2.2203752e-04  -2.0417398e-03
  -9.5684720e-06  -6.2123441e-04  -9.4608610e-05  -1.9967014e-03
   5.7899812e-05  -6.9988288e-04  -1.8081052e-04  -1.8878587e-03
  -1.8948390e-04  -7.8602167e-04  -2.5202079e-04  -1.8315608e-03
  -1.7823918e-04  -8.4594431e-04  -9.4608610e-05  -1.9328971e-03
  -3.1692399e-04  -8.1598299e-04  -8.3364883e-05  -2.0154674e-03
  -1.1826737e-04  -7.4857002e-04   6.2803568e-05  -1.8503268e-03
  -2.0719960e-06  -8.5717981e-04  -3.4946642e-04  -2.0605058e-03
   1.1037514e-04  -6.1374408e-04  -5.2187024e-04  -2.0342334e-03
   3.2027647e-04  -4.5644715e-04  -2.8200406e-04  -1.8728459e-03
  -1.3316710e-05  -8.3845398e-04  -9.4608610e-05  -2.0867782e-03
  -1.3700856e-04  -8.1223783e-04   7.0299386e-05  -2.0342334e-03
  -2.3446275e-04  -1.0406929e-03   1.0332842e-05  -2.0154674e-03
  -2.6444866e-04  -9.0961212e-04   3.9261956e-04  -1.9816886e-03
   5.4151574e-05  -6.5868606e-04   3.8137583e-04  -2.3570083e-03
  -4.7050852e-05  -9.7702509e-04  -9.6787141e-04  -2.5033830e-03
  -3.4690989e-04  -7.4482486e-04  -2.3398339e-05  -2.2481656e-03
  -5.8295566e-05  -9.0212179e-04   2.9517393e-04  -2.1055441e-03
   1.3661281e-04  -9.5455410e-04  -8.4419041e-04  -2.0042078e-03
  -2.6819689e-04  -6.6992156e-04   1.0410078e-03  -2.4921234e-03
  -5.3807003e-04  -9.4706377e-04  -1.2939395e-03  -1.7527436e-03
  -2.3071451e-04  -1.0144767e-03   1.0859827e-03  -2.7623536e-03
   1.6659871e-04  -8.8339596e-04  -1.2339729e-03  -1.6514073e-03
  -1.7449094e-04  -9.6578959e-04  -5.1812233e-04  -2.4245659e-03
  -3.2816870e-04  -7.2235387e-04   7.1493973e-04  -2.4771107e-03
  -2.8693808e-04  -8.4594431e-04  -2.9355236e-03  -9.1953390e-04
   1.8533990e-04  -1.2129705e-03   4.1592681e-03  -4.0534534e-03
  -4.1812641e-04  -6.6617639e-04  -6.1924566e-03   3.7531907e-04
  -3.0567927e-04  -1.0818897e-03   5.9470207e-03  -5.1643997e-03
  -1.0702266e-04  -9.3208311e-04  -5.6939847e-03   2.8148914e-04
  -4.0313346e-04  -7.0362804e-04   2.6413650e-03  -3.4792143e-03
   7.1009322e-04  -1.2017350e-03   1.0972265e-03  -3.2390096e-03
  -1.5538425e-03  -6.6243123e-04  -9.8016929e-03   2.1843600e-03
   1.0024558e-03  -1.3365609e-03   2.1823163e-02  -1.2028997e-02
  -1.4863742e-03  -7.4482486e-04  -4.3686538e-02   1.5921061e-02
  -8.1918788e-04  -1.1493027e-03   1.6215612e-01  -5.9574497e-02
   1.4035079e-02  -9.8826058e-04   1.9721406e-01  -1.2840062e-01
  -3.1543402e-03   2.6595301e-03  -2.1589546e-01  -1.1861604e-01
  -4.3223004e-02   3.5471342e-03  -2.4680892e-02  -1.4436297e-01
  -2.9706858e-02  -4.5911093e-03   2.0668128e-01  -7.9312560e-02
   3.8514822e-02  -1.3635683e-02  -5.5020215e-02  -7.6951799e-02
   2.8192174e-02  -2.2466360e-03  -4.3334937e-03  -1.0510453e-01
  -8.2845628e-02  -8.1003289e-03   4.0056038e-03  -7.4178186e-02
  -7.3549998e-02  -3.4627333e-02  -2.8769860e-02  -6.9531728e-02
   5.9939750e-02  -4.4615688e-02   4.5738571e-02  -4.7155168e-02
   3.7274155e-02  -5.2173431e-02  -1.1937931e-01  -6.7114669e-02
  -7.6147527e-02  -2.8668775e-02  -8.9081212e-02  -6.9760673e-02
  -2.6048578e-02  -5.0817259e-03  -8.2950335e-03  -5.9675833e-02
   7.5596140e-02  -1.6395869e-02  -7.0544756e-03  -4.9643537e-02
   4.0632576e-02  -1.8804010e-02  -4.7857961e-02  -3.6781394e-04
  -5.0213468e-02  -1.1650745e-02  -9.2727927e-02  -1.6900647e-02
  -5.6544242e-02  -1.4301901e-03  -5.7202200e-03  -4.9639784e-02
   1.5616836e-02  -4.4075962e-03  -2.1555136e-02  -4.1150053e-02
   4.8346450e-02  -8.1864677e-03  -3.2139231e-02  -3.4897226e-02
   1.2610842e-03  -2.3548242e-04  -2.5546659e-02  -4.6787354e-02
  -1.9470420e-02   3.4572503e-03  -2.0149670e-02  -3.8530321e-02
  -1.0718284e-02   2.2662878e-03  -9.1045818e-03  -1.4659988e-02
   3.7873966e-03  -6.7108727e-03  -1.6491710e-02  -3.1950967e-02
   1.8581692e-02  -6.5348499e-03  -2.6619263e-03  -2.9777866e-02
  -3.4017239e-03   2.0270189e-04  -3.6251389e-03  -1.6457769e-02
  -1.2918500e-02   4.9291001e-03   2.3827592e-03  -1.3278812e-02
  -5.8155891e-03   3.8654733e-03  -1.5787806e-03   2.1092961e-03
   2.5189836e-02  -5.0555098e-03  -8.4793832e-04  -2.5731919e-02
   2.0628230e-02  -3.3214984e-03   6.2498992e-04  -5.0803275e-02
  -3.1479775e-02   8.5436060e-04  -1.6499908e-03  -3.4082783e-02
  -3.0891301e-02   7.4200565e-04   5.5307750e-05  -1.0794195e-02
  -3.1243543e-03  -2.4750911e-03  -8.7417368e-04  -3.4154156e-04
   2.3638065e-02  -5.3026907e-03  -5.1437442e-04  -3.3741247e-03
  -3.7503100e-03   1.5884129e-03  -1.5525452e-03  -4.0271810e-03
  -2.7364209e-02   3.8916894e-03   2.7268647e-04  -5.0105186e-03
   4.8893786e-03  -1.1979898e-03  -2.2046814e-03  -2.5259022e-03
   1.7460969e-02  -3.9918829e-03  -6.2374315e-03  -2.7023082e-04
   6.1450383e-03  -2.2091844e-03  -5.0530922e-03  -2.6047194e-03
  -1.9402952e-02   2.3748976e-03  -1.7137053e-03  -4.5488754e-03
  -1.4020482e-02   1.1764448e-03  -8.8609678e-03  -3.3591119e-03
   2.0032353e-03  -2.9769432e-03  -1.2428977e-02  -1.8390728e-04
   5.8226899e-03  -2.9769432e-03  -1.0566266e-02  -1.9253907e-03
  -3.2480461e-03  -1.2167156e-03  -8.4711852e-03  -5.2319572e-03
  -1.3480736e-02   4.7984410e-04  -8.9921446e-03  -3.4867206e-03
   2.7453865e-03  -8.3096365e-04  -1.6251844e-02  -8.5197635e-04
   8.6188754e-03  -1.9282970e-03  -8.6923119e-03   4.4287661e-04
   2.9178054e-03  -4.7891814e-04  -7.7403430e-03  -1.7715096e-03
  -8.2032167e-03  -2.7667923e-04  -6.2674147e-03  -3.4642015e-03
  -3.0831236e-03  -5.9127309e-04  -4.5065997e-04  -1.7302244e-03
   1.0530477e-02  -2.3365200e-03  -2.0285297e-03  -8.3321037e-04
   9.2448312e-03  -1.2054801e-03   1.0934785e-03  -1.0584022e-03
   2.8091065e-03   1.1951706e-03  -3.1948315e-04  -3.3215800e-03
  -3.7915406e-03   4.3115695e-04   8.9038931e-05  -1.3924367e-03
   5.1142729e-03  -9.4331860e-04   1.2651802e-04  -1.5050326e-03
   3.7274248e-03  -1.7148226e-03  -5.1437442e-04  -1.1034405e-03
  -1.0868214e-02  -9.2833794e-04  -4.2137884e-05   9.4205182e-04
  -6.5426541e-04  -6.2497958e-04  -5.2561815e-04  -3.9521171e-03
   9.6833750e-03  -1.1642833e-03   5.9055659e-05  -3.8770531e-03
   3.1914268e-03  -5.7629243e-04  -1.2459188e-04  -2.1393286e-04
  -1.5388496e-03   7.1621115e-05   3.7762792e-04   4.1285104e-04
   6.9135203e-04  -8.7590563e-04   4.0316114e-05  -3.3966439e-03
   2.0519624e-03  -1.1006155e-03  -4.5885793e-05  -4.4550455e-03
  -5.2720946e-03  -1.1343220e-03  -2.1454170e-04   5.8174490e-04
   1.7034695e-04  -8.1598299e-04  -4.0193715e-04  -1.6138810e-04
   7.3219851e-03  -8.1930650e-05  -2.8200406e-04  -3.3778779e-03
  -3.1317575e-04  -5.2011496e-04  -5.2936605e-04  -3.1339201e-03
  -6.8950817e-03  -3.5158253e-04  -4.0568506e-04  -6.4179732e-04
  -2.5246362e-03  -1.0631639e-03  -4.3192042e-04  -1.6326413e-03
   1.2723289e-03  -1.7485291e-03  -4.5440787e-04  -4.0759726e-03
  -7.3636114e-03  -7.8976684e-04  -4.9188696e-04  -2.1130505e-03
  -6.5127614e-03  -8.2347332e-04  -4.8064324e-04  -1.1147001e-03
   5.5266723e-04  -1.4264449e-03  -5.8183678e-04  -1.6326413e-03
   4.3233947e-03  -1.1530478e-03  -5.3311396e-04  -3.2802948e-03
   2.4792616e-03  -6.4745057e-04  -4.1318088e-04  -2.8899623e-03
  -6.2316436e-03   3.4127299e-04  -6.9427405e-04   2.7773595e-04
  -4.0089384e-03  -1.6806945e-04  -3.7570179e-04  -8.3321037e-04
   3.6187259e-03  -1.6736258e-03  -2.7076033e-04  -4.1435301e-03
   6.7261084e-04  -7.9351200e-04  -4.5065997e-04  -3.6706273e-03
  -8.2069650e-03  -2.2424692e-04  -4.1318088e-04  -4.4663107e-04
  -3.6041287e-03  -7.6355068e-04  -6.5679496e-04  -1.1747513e-03
   6.0288429e-03  -1.1380672e-03  -4.2442460e-04  -3.8657935e-03
  -8.4533232e-05  -1.5387998e-03  -4.6565160e-04  -2.4620979e-03
  -6.8201169e-03  -9.8451542e-04  -5.4435769e-04  -1.9892007e-04
  -1.2352423e-03  -1.0182219e-03  -2.8575197e-04  -1.0659086e-03
   4.5445407e-03  -1.6324290e-03  -3.1573524e-04  -3.4717079e-03
  -7.4047488e-04  -9.6578959e-04  -3.4571851e-04  -2.0717654e-03
  -3.9976937e-03  -5.1636979e-04  -5.0313069e-04  -5.0668223e-04
   3.3863352e-03  -1.1193414e-03  -2.3702915e-04  -2.6872897e-03
   4.8219103e-03  -1.0781445e-03  -2.0329797e-04  -3.1676989e-03
   1.0662691e-04  -5.0887946e-04  -3.3822270e-04  -1.9141311e-03
  -1.9061769e-03  -5.2011496e-04  -2.6701242e-04  -5.7799297e-04
   5.8265313e-04  -7.8227651e-04  -2.4452497e-04  -1.3774239e-03
   1.1261476e-03  -1.0332026e-03  -7.2121156e-05  -2.4883702e-03
  -4.3725175e-03  -1.1942447e-03  -2.1828961e-04  -9.1202750e-04
  -1.1003057e-03  -1.1343220e-03  -2.2578543e-04  -1.8165480e-03
   5.3054330e-03  -8.9463146e-04  -2.4452497e-04  -3.5167462e-03
   2.7116523e-03  -3.6281803e-04  -3.0449151e-04  -2.5746938e-03
  -2.4046926e-03   1.2030826e-04  -6.0432423e-04  -7.4313364e-04
  -1.5875767e-03  -3.8903418e-04  -8.1420714e-04  -9.7583185e-04
   2.8053583e-03  -1.2279511e-03  -5.0687860e-04  -3.1752053e-03
  -2.4561424e-05  -1.2991093e-03  -6.4929914e-04  -2.3382424e-03
  -2.1610571e-03  -7.3358936e-04  -4.9938278e-04  -4.9542264e-04
   1.5122162e-03  -3.7779869e-04  -3.0894157e-05  -1.5463178e-03
   3.3975799e-03  -6.2123441e-04  -1.6581888e-04  -3.1714521e-03
  -1.2576385e-04  -7.7104101e-04  -4.2442460e-04  -2.5334086e-03
  -3.4279615e-03  -6.5868606e-04  -4.1692878e-04  -1.2911004e-03
  -6.0179008e-04  -8.9837662e-04  -3.6071015e-04  -2.1017910e-03
   1.6762420e-06  -1.2391866e-03  -3.6445806e-04  -2.6797833e-03
  -2.3784549e-03  -6.9988288e-04  -4.0193715e-04  -1.5313050e-03
  -2.1348194e-03  -3.8528902e-04  -2.8575197e-04  -8.7449553e-04
   4.2897537e-04  -7.5606035e-04  -2.7825615e-04  -2.0492462e-03
   1.3023148e-03  -1.0294574e-03  -5.2187024e-04  -2.9950518e-03
  -1.5688355e-03  -8.5717981e-04  -3.2697897e-04  -2.1843613e-03
  -2.2172807e-03  -5.2386012e-04  -3.2697897e-04  -1.7790160e-03
   8.7876393e-04  -5.7629243e-04  -4.9188696e-04  -2.4658511e-03
   8.3378508e-04  -5.9501826e-04  -2.4827288e-04  -2.7210685e-03
  -2.3072384e-03  -5.6880210e-04  -4.8813906e-04  -1.9929482e-03
  -2.4084408e-03  -7.4857002e-04  -6.7178660e-04  -1.5876030e-03
   5.7899812e-05  -1.1380672e-03  -3.5321433e-04  -2.3532552e-03
   1.5159644e-03  -1.0781445e-03  -2.2203752e-04  -2.8036388e-03
  -3.5815461e-04  -6.3996024e-04  -4.5815578e-04  -2.3007104e-03
  -1.6925273e-03  -6.6992156e-04  -3.6445806e-04  -1.6401477e-03
   2.7154938e-04  -9.2833794e-04  -1.5902521e-05  -2.0567526e-03
   6.3512846e-04  -7.0737321e-04  -2.8575197e-04  -2.7323280e-03
  -1.5013672e-03  -7.9351200e-04  -4.7689533e-04  -2.2068805e-03
  -1.6887791e-03  -1.0968704e-03  -2.3328124e-04  -1.8390672e-03
   9.6122517e-04  -8.5343464e-04   2.8370240e-06  -2.1055441e-03
   1.8870400e-03  -7.2984420e-04  -9.8356519e-05  -2.2369060e-03
   6.0514256e-04  -2.5420824e-04  -7.5869065e-05  -1.8465736e-03
  -6.9924426e-04  -2.9540506e-04  -1.2833979e-04  -1.5425646e-03
  -3.0567927e-04  -8.7590563e-04  -4.7314742e-04  -1.9816886e-03
   3.0903176e-04  -1.0519284e-03  -3.7570179e-04  -2.0755186e-03
  -1.4601366e-03  -1.0069864e-03  -5.3686187e-04  -1.8803523e-03
  -4.5935703e-04  -5.4633111e-04  -6.9802196e-04  -1.9253907e-03
   2.6704217e-03  -6.0250859e-04  -3.7944969e-04  -2.1280633e-03
   2.1119342e-03  -6.8490222e-04  -9.4608610e-05  -2.2331528e-03
  -6.2043804e-05  -5.7629243e-04  -6.8373247e-05  -1.7189649e-03
  -7.8920198e-04  -7.5606035e-04  -7.9616974e-05  -1.6851861e-03
  -2.8318985e-04  -9.6578959e-04  -3.4946642e-04  -2.2331528e-03
   1.8908814e-04  -9.4331860e-04  -5.7434096e-04  -2.1993741e-03
   2.5655643e-04  -5.2386012e-04  -6.4555123e-04  -1.5876030e-03
   7.8130975e-04  -5.8752793e-04  -8.3294668e-04  -1.5200454e-03
   1.0211970e-03  -6.5868606e-04  -3.3822270e-04  -2.2218933e-03
   5.1518485e-04  -8.0474750e-04  -4.1692878e-04  -2.2932040e-03
  -2.3446275e-04  -1.1455575e-03  -3.5696224e-04  -2.0117142e-03
  -8.2668436e-04  -9.4706377e-04   2.0897202e-04  -1.9253907e-03
  -5.3432179e-04  -1.0144767e-03  -2.0329797e-04  -1.8503268e-03
  -5.3057355e-04  -1.1268317e-03  -3.1948315e-04  -1.8127948e-03
  -1.9698037e-04  -8.9088629e-04  -3.2323106e-04  -1.7790160e-03
   3.6525533e-04  -7.4107969e-04  -4.3192042e-04  -1.9741823e-03
  -1.8198742e-04  -9.2084761e-04  -5.4435769e-04  -2.1731017e-03
  -1.1077090e-04  -9.4331860e-04  -4.9188696e-04  -2.2031273e-03
  -1.4075680e-04  -6.9988288e-04  -1.8455843e-04  -2.2519188e-03
  -3.1317575e-04  -1.0294574e-03  -6.0057633e-04  -2.0529994e-03
  -6.3552422e-04  -1.1230865e-03  -6.6429078e-04  -1.7077053e-03
  -1.0215927e-03  -6.8864738e-04  -4.4316415e-04  -1.9404035e-03
  -4.4811232e-04  -5.7254727e-04  -5.5934933e-04  -2.2218933e-03
  -4.3311937e-04  -8.6092497e-04  -6.3055960e-04  -2.3607615e-03
  -5.2682532e-04  -1.0406929e-03  -4.9563487e-04  -2.3982935e-03
  -5.6805593e-04  -6.5868606e-04  -1.9580215e-04  -2.2519188e-03
  -1.5200152e-04  -6.5494090e-04  -4.8439115e-04  -2.5709406e-03
   1.2161986e-04  -8.9088629e-04  -3.8694551e-04  -2.4996298e-03
  -6.5426541e-04  -6.5119573e-04  -2.1454170e-04  -2.1318165e-03
  -5.1558060e-04  -8.2721849e-04  -4.6190369e-04  -2.0154674e-03
   9.1727180e-06  -8.5717981e-04  -2.4827288e-04  -2.0342334e-03
  -3.2057900e-05  -8.0100233e-04  -1.8455843e-04  -2.2969572e-03
   1.8908814e-04  -1.0631639e-03  -1.7706261e-04  -2.1993741e-03
   4.5896128e-04  -8.6841530e-04  -2.6701242e-04  -2.1505825e-03
   2.2282228e-04  -7.9725717e-04  -2.2953333e-04  -2.1355697e-03
   1.9283638e-04  -6.9988288e-04  -1.5832306e-04  -2.0642590e-03
  -3.2816870e-04  -6.2872474e-04  -4.9938278e-04  -1.8953651e-03
  -3.3566518e-04  -9.6204443e-04  -3.7944969e-04  -1.5575774e-03
   9.4623222e-04  -9.6953476e-04  -3.6071015e-04  -2.0079610e-03
   9.6122517e-04  -8.3096365e-04  -5.0687860e-04  -2.3532552e-03
   1.3286457e-04  -1.0332026e-03  -1.9955006e-04  -1.7001989e-03
   1.6285048e-04  -8.3470882e-04  -1.8830634e-04  -1.4900198e-03
   9.8371460e-04  -8.4219915e-04  -3.1198733e-04  -2.2556720e-03
   5.4142251e-04  -1.1493027e-03  -3.7570179e-04  -2.1543357e-03
  -6.9924426e-04  -7.0362804e-04  -4.3941624e-04  -1.6514073e-03
  -1.1077090e-04  -7.0737321e-04  -4.6565160e-04  -1.8203012e-03
   9.9121107e-04  -8.1972816e-04  -6.4929914e-04  -1.8653395e-03
   4.0648595e-04  -1.0818897e-03  -6.8303032e-04  -2.0267270e-03
  -4.8184646e-04  -1.1867543e-03  -3.1573524e-04  -1.9816886e-03
  -2.4561424e-05  -6.7366672e-04  -1.3208770e-04  -1.9141311e-03
   2.0033286e-04  -1.0144767e-03  -1.8830634e-04  -2.0867782e-03
  -5.7180417e-04  -1.0107316e-03  -7.5869065e-05  -2.0755186e-03
  -1.0853128e-03  -9.7327992e-04  -3.2697897e-04  -2.0304802e-03
  -3.6190284e-04  -1.0406929e-03  -3.9444133e-04  -1.9816886e-03
   1.8533990e-04  -6.9988288e-04  -3.5696224e-04  -2.0529994e-03
  -2.9443456e-04  -9.7327992e-04  -5.1812233e-04  -2.1843613e-03
  -3.3191694e-04  -8.7590563e-04  -4.5815578e-04  -2.0792718e-03
  -2.6819689e-04  -5.4258595e-04  -4.5440787e-04  -2.0342334e-03
  -2.0447685e-04  -6.6992156e-04  -3.1198733e-04  -2.3720211e-03
  -4.6310527e-04  -8.2721849e-04  -2.0704588e-04  -2.1580889e-03
  -6.0179008e-04  -7.1111837e-04  -1.9580215e-04  -1.9704291e-03
  -3.9554376e-05  -5.1262463e-04  -4.0568506e-04  -2.3870339e-03
   6.9144526e-05  -6.0250859e-04  -4.7689533e-04  -2.3419956e-03
  -2.4561424e-05  -7.3733453e-04  -2.2203752e-04  -2.3344892e-03
  -1.9323213e-04  -6.6617639e-04  -2.9699570e-04  -2.2819444e-03
  -8.0784994e-05  -6.5494090e-04  -3.1198733e-04  -2.1956209e-03
  -1.8198742e-04  -8.0100233e-04  -2.8575197e-04  -2.3082168e-03
  -4.8559470e-04  -8.2347332e-04  -3.9069342e-04  -1.9854418e-03
  -3.2057900e-05  -8.9088629e-04  -3.2323106e-04  -2.1318165e-03
   2.7904585e-04  -8.7216047e-04  -3.7195388e-04  -2.3570083e-03
   2.8279409e-04  -8.5343464e-04  -3.5696224e-04  -2.1806081e-03
   2.4905995e-04  -6.5494090e-04  -2.2203752e-04  -2.1393229e-03
   3.0903176e-04  -5.2760529e-04  -4.2067669e-04  -1.8653395e-03
   4.8145071e-04  -9.0212179e-04  -2.4827288e-04  -2.1768549e-03
   3.0528352e-04  -9.0586695e-04  -3.6820597e-04  -2.2031273e-03
  -1.6324623e-04  -7.0362804e-04  -5.9682842e-04  -1.6514073e-03
   5.4244800e-06  -6.6617639e-04  -1.9650430e-05  -1.8878587e-03
   7.4757560e-04  -8.6467014e-04  -2.4452497e-04  -1.9967014e-03
   6.0139432e-04  -9.8451542e-04  -2.1079379e-04  -1.8916119e-03
  -5.8202340e-06  -5.8003760e-04   1.3776175e-04  -1.7489904e-03
   2.4905995e-04  -5.6880210e-04  -3.1198733e-04  -1.6363945e-03
   5.3392604e-04  -9.8451542e-04  -4.2817251e-04  -2.0267270e-03
   9.1727180e-06  -8.4968948e-04  -6.0432423e-04  -2.0792718e-03
  -2.3821099e-04  -6.2497958e-04  -6.4929914e-04  -1.8090416e-03
   1.6659871e-04  -9.0961212e-04  -6.3805542e-04  -1.9404035e-03
