  -2.4945570e-04  -9.7702509e-04  -2.0329797e-04  -2.3532552e-03
  -1.9698037e-04  -8.0849266e-04  -1.5832306e-04  -2.4545915e-03
  -1.1077090e-04  -4.5644715e-04  -2.3398339e-05  -2.0267270e-03
  -2.1946980e-04  -8.1223783e-04  -2.5576870e-04  -2.2031273e-03
  -6.9540280e-05  -9.1710245e-04  -3.7195388e-04  -2.5296554e-03
   1.8908814e-04  -7.4482486e-04  -1.2459188e-04  -2.2556720e-03
   5.0403336e-05  -1.0444381e-03  -8.3364883e-05  -2.3419956e-03
  -1.8948390e-04  -1.0444381e-03  -9.0860701e-05  -2.3607615e-03
  -2.6819689e-04  -8.4968948e-04  -1.5832306e-04  -2.3307360e-03
  -2.2696628e-04  -8.1223783e-04  -1.7706261e-04  -2.4095531e-03
  -1.9698037e-04  -1.0743994e-03  -1.4707934e-04  -2.2406592e-03
  -1.4075680e-04  -8.9837662e-04  -2.2203752e-04  -2.2068805e-03
  -9.9526184e-05  -5.4633111e-04  -3.4642066e-05  -2.3757743e-03
  -3.2057900e-05  -6.1748925e-04  -7.9616974e-05  -2.1806081e-03
   1.0287867e-04  -6.0999892e-04  -4.6587940e-06  -2.0605058e-03
  -9.2029708e-05  -7.2609903e-04   1.4525757e-04  -2.1618421e-03
  -1.4450504e-04  -7.9725717e-04   8.9038931e-05  -1.9891950e-03
   1.3286457e-04  -6.9613771e-04   5.1559841e-05  -2.0342334e-03
  -2.4561424e-05  -7.3733453e-04  -1.8455843e-04  -2.2256465e-03
  -3.2057900e-05  -8.4968948e-04  -7.9616974e-05  -1.8953651e-03
   8.0389240e-05  -6.5868606e-04  -4.9633702e-05  -1.6176285e-03
  -1.8573566e-04  -6.6243123e-04  -4.2137884e-05  -1.9516631e-03
  -1.1077090e-04  -7.3358936e-04   2.3520738e-04  -2.0867782e-03
  -4.3302614e-05  -6.6992156e-04   1.1527429e-04  -2.1393229e-03
   8.0389240e-05  -7.8976684e-04  -1.2459188e-04  -2.1318165e-03
   2.9029057e-04  -7.9351200e-04  -2.7450824e-04  -1.7039521e-03
   6.5396288e-05  -9.0586695e-04  -3.0074361e-04  -1.7865224e-03
   2.0408109e-04  -6.3621507e-04  -1.9955006e-04  -1.9741823e-03
   9.5382192e-05  -7.0737321e-04   1.0028266e-04  -1.8841055e-03
  -2.7944161e-04  -8.9088629e-04   3.2140929e-04  -1.9216375e-03
  -3.0942751e-04  -4.4895682e-04   1.2651802e-04  -1.9891950e-03
  -4.8559470e-04  -6.3621507e-04  -5.3381611e-05  -2.2106337e-03
  -2.9068632e-04  -7.6729585e-04  -1.0960025e-04  -2.0792718e-03
   1.6762420e-06  -9.8077025e-04  -3.0894157e-05  -2.0567526e-03
   3.1662146e-05  -1.1755188e-03  -1.5082725e-04  -2.1243101e-03
  -6.2043804e-05  -7.0737321e-04  -2.2578543e-04  -1.9328971e-03
  -2.4195923e-04  -7.1486354e-04  -7.5869065e-05  -1.9253907e-03
  -2.6070042e-04  -8.7216047e-04  -2.5951661e-04  -1.8841055e-03
  -9.2029708e-05  -9.0586695e-04  -2.7450824e-04  -2.1393229e-03
  -1.7064948e-05  -8.2347332e-04  -1.7331470e-04  -2.0342334e-03
  -2.7194513e-04  -8.3470882e-04  -2.8949988e-04  -1.9929482e-03
  -9.5777946e-05  -9.9200575e-04  -3.6445806e-04  -2.1843613e-03
  -1.7074271e-04  -7.8602167e-04  -2.7825615e-04  -2.0042078e-03
  -3.9938522e-04  -9.6953476e-04  -1.5082725e-04  -2.2932040e-03
  -2.7194513e-04  -9.0961212e-04  -3.1573524e-04  -2.1430761e-03
  -4.7809822e-04  -8.5343464e-04  -4.1692878e-04  -1.8803523e-03
  -1.5949799e-04  -1.1043607e-03  -3.4197060e-04  -2.0792718e-03
  -2.2321804e-04  -9.5455410e-04  -2.9699570e-04  -2.1505825e-03
  -3.9188875e-04  -9.7327992e-04  -2.2578543e-04  -1.9967014e-03
  -1.1451914e-04  -9.2084761e-04  -2.9699570e-04  -1.8315608e-03
  -3.1692399e-04  -1.0481832e-03  -4.2442460e-04  -1.9554163e-03
  -1.4075680e-04  -1.0856349e-03  -2.8949988e-04  -1.8540799e-03
  -1.4450504e-04  -9.5080893e-04  -1.0585234e-04  -2.0192206e-03
  -1.5574975e-04  -8.2721849e-04  -1.3208770e-04  -2.2444124e-03
  -2.1197332e-04  -7.4107969e-04  -3.1948315e-04  -1.9704291e-03
  -4.5560879e-04  -8.6467014e-04  -2.4077706e-04  -1.9779355e-03
  -1.9698037e-04  -7.7478618e-04   1.7828660e-05  -1.9253907e-03
  -3.3191694e-04  -9.0586695e-04  -2.0704588e-04  -1.6288881e-03
  -1.1826737e-04  -8.9837662e-04  -3.3072688e-04  -1.9253907e-03
   2.7913908e-05  -7.6355068e-04  -1.5457515e-04  -2.1355697e-03
  -2.9818280e-04  -7.2984420e-04  -8.7112792e-05  -1.8728459e-03
  -6.5792042e-05  -6.6243123e-04  -1.2459188e-04  -1.9066247e-03
  -1.1451914e-04  -7.3733453e-04  -2.0329797e-04  -1.9328971e-03
  -1.7449094e-04  -7.1860870e-04  -2.3398339e-05  -1.7977820e-03
  -2.0072861e-04  -7.4857002e-04   4.4064023e-05  -1.7602500e-03
  -2.9818280e-04  -6.7741189e-04  -2.0704588e-04  -1.7452372e-03
  -8.0784994e-05  -8.7965080e-04  -2.3702915e-04  -2.0042078e-03
  -7.7036756e-05  -1.1081059e-03  -1.0585234e-04  -2.1693485e-03
   1.8159167e-04  -8.2721849e-04  -3.0074361e-04  -1.8315608e-03
   1.8908814e-04  -9.3957344e-04  -2.7076033e-04  -2.0267270e-03
  -4.8184646e-04  -8.8714113e-04   8.5291022e-05  -2.1956209e-03
  -3.1317575e-04  -5.3135045e-04   5.9055659e-05  -1.8991183e-03
  -4.3302614e-05  -8.9463146e-04  -1.2833979e-04  -1.9854418e-03
  -2.4945570e-04  -1.0257122e-03  -1.9955006e-04  -1.9328971e-03
   1.7034695e-04  -6.8864738e-04  -3.6820597e-04  -2.0154674e-03
   6.9144526e-05  -9.7327992e-04  -2.7076033e-04  -2.2143869e-03
  -2.4570747e-04  -8.5717981e-04   1.0777848e-04  -1.9741823e-03
  -5.8295566e-05  -5.9876342e-04  -1.9580215e-04  -1.9779355e-03
  -1.6699447e-04  -1.0332026e-03  -2.3328124e-04  -2.0529994e-03
  -1.3326033e-04  -8.9837662e-04  -2.7146248e-05  -2.1318165e-03
  -8.0784994e-05  -9.2459278e-04  -3.2697897e-04  -2.2519188e-03
  -1.4075680e-04  -8.5717981e-04   6.5849330e-06  -2.1280633e-03
  -1.1451914e-04  -6.3246991e-04   1.3401384e-04  -2.2106337e-03
  -2.0719960e-06  -8.2721849e-04  -1.5832306e-04  -2.2444124e-03
  -1.9698037e-04  -7.2609903e-04  -3.6071015e-04  -2.2932040e-03
  -3.8064403e-04  -7.2984420e-04  -3.0449151e-04  -2.1956209e-03
  -1.2576385e-04  -6.3621507e-04   1.0403057e-04  -2.1017910e-03
  -1.4075680e-04  -7.2984420e-04  -6.0877429e-05  -2.1918677e-03
  -5.8295566e-05  -7.3733453e-04  -1.3208770e-04  -2.0004546e-03
   2.4165670e-05  -7.3358936e-04   2.9072387e-05  -2.2669316e-03
  -2.4945570e-04  -9.0586695e-04  -1.5457515e-04  -2.4358255e-03
  -2.7944161e-04  -7.6729585e-04  -2.8575197e-04  -2.4170595e-03
  -2.0822509e-04  -8.1598299e-04  -1.6207097e-04  -2.4958766e-03
  -1.2201561e-04  -6.6617639e-04  -1.3583561e-04  -2.2406592e-03
  -2.0719960e-06  -7.1486354e-04  -3.4946642e-04  -2.1881145e-03
  -1.1451914e-04  -8.5343464e-04  -1.1709606e-04  -2.2594252e-03
  -3.2057900e-05  -6.0625375e-04   1.0028266e-04  -1.9516631e-03
   4.2906860e-05  -6.6243123e-04   6.6551477e-05  -1.9103779e-03
   6.1648050e-05  -7.8602167e-04   1.3776175e-04  -2.0192206e-03
   1.6762420e-06  -5.9127309e-04   5.5307750e-05  -1.7977820e-03
  -8.8281470e-05  -5.8003760e-04  -5.3381611e-05  -2.0454930e-03
   1.2536810e-04  -6.5119573e-04  -1.7706261e-04  -2.0980378e-03
   7.2892764e-05  -5.1636979e-04  -1.9650430e-05  -1.8278076e-03
   3.5410384e-05  -5.5756661e-04   7.0299386e-05  -1.7489904e-03
  -1.6699447e-04  -7.2984420e-04   1.4080751e-05  -1.8728459e-03
   8.7885716e-05  -8.3096365e-04   7.0299386e-05  -2.1505825e-03
   2.3031876e-04  -8.1972816e-04  -1.8830634e-04  -1.8841055e-03
  -4.4061584e-04  -6.3996024e-04  -2.7146248e-05  -1.8953651e-03
  -2.6070042e-04  -6.8115705e-04   2.8370240e-06  -1.9516631e-03
  -2.9068632e-04  -8.6467014e-04  -1.7706261e-04  -1.7602500e-03
  -3.7689580e-04  -8.1598299e-04   6.5849330e-06  -2.1881145e-03
   1.4410929e-04  -7.5980552e-04  -3.1573524e-04  -2.1918677e-03
   6.9144526e-05  -7.9725717e-04  -4.6939951e-04  -2.0342334e-03
   2.1907405e-04  -9.5080893e-04  -1.9205424e-04  -2.0117142e-03
   1.9658462e-04  -8.6841530e-04  -1.0960025e-04  -1.7189649e-03
  -1.2951209e-04  -7.3733453e-04  -1.2154612e-05  -1.9216375e-03
   3.1662146e-05  -8.5343464e-04  -3.0894157e-05  -2.1468293e-03
  -3.3941342e-04  -6.0999892e-04  -2.2203752e-04  -2.0529994e-03
  -2.6070042e-04  -4.1150517e-04  -1.5457515e-04  -1.9216375e-03
   8.0389240e-05  -7.2984420e-04  -2.1079379e-04  -1.9103779e-03
  -1.4450504e-04  -8.9837662e-04  -2.8575197e-04  -2.0867782e-03
   9.5382192e-05  -7.7853134e-04  -1.9205424e-04  -2.0792718e-03
  -1.1826737e-04  -9.6578959e-04  -3.4197060e-04  -2.0867782e-03
  -3.8814051e-04  -1.1642833e-03  -3.1573524e-04  -2.2031273e-03
  -9.9526184e-05  -8.5343464e-04  -1.6581888e-04  -2.0267270e-03
  -3.1692399e-04  -6.9613771e-04  -1.2459188e-04  -1.9141311e-03
  -5.2307708e-04  -1.0144767e-03  -8.3364883e-05  -2.1618421e-03
  -2.8318985e-04  -9.9949608e-04  -1.0585234e-04  -2.3194764e-03
  -2.7194513e-04  -8.7216047e-04  -1.6207097e-04  -2.1205569e-03
  -3.5440637e-04  -9.3208311e-04  -1.2459188e-04  -1.8090416e-03
  -2.2696628e-04  -8.5717981e-04  -3.4946642e-04  -2.0304802e-03
  -2.5695218e-04  -1.0257122e-03  -2.9699570e-04  -2.2106337e-03
  -2.1572156e-04  -1.0856349e-03  -2.4077706e-04  -1.9516631e-03
  -3.5065813e-04  -7.6729585e-04  -4.6939951e-04  -2.1092973e-03
  -4.4436408e-04  -8.1598299e-04  -1.8830634e-04  -2.0117142e-03
  -1.8948390e-04  -1.0856349e-03  -2.7450824e-04  -1.9103779e-03
  -3.8814051e-04  -9.2459278e-04  -2.2578543e-04  -2.0680122e-03
  -3.8439227e-04  -1.0818897e-03  -1.3958352e-04  -1.7715096e-03
  -1.2201561e-04  -1.0781445e-03  -2.9699570e-04  -1.9291439e-03
  -1.1077090e-04  -6.5494090e-04  -9.4608610e-05  -2.0642590e-03
  -2.0447685e-04  -8.0849266e-04   1.0332842e-05  -1.8465736e-03
  -3.3941342e-04  -8.1598299e-04  -3.8389975e-05  -1.8540799e-03
  -1.5574975e-04  -8.2347332e-04  -2.7076033e-04  -1.8540799e-03
   2.4165670e-05  -1.0257122e-03  -1.1334816e-04  -1.8841055e-03
   4.2906860e-05  -1.0144767e-03  -3.4197060e-04  -1.8390672e-03
  -2.0719960e-06  -7.4857002e-04  -3.8694551e-04  -1.9141311e-03
  -8.0784994e-05  -6.5494090e-04   2.2771156e-04  -1.9554163e-03
  -3.5815461e-04  -8.8339596e-04  -7.5869065e-05  -1.8540799e-03
  -5.0058765e-04  -1.0032412e-03  -9.4608610e-05  -1.9591695e-03
  -9.5777946e-05  -8.6841530e-04  -1.3583561e-04  -1.9066247e-03
   1.2536810e-04  -9.3582827e-04  -5.6309724e-04  -1.8916119e-03
   2.0408109e-04  -1.1792640e-03  -2.0704588e-04  -1.8353140e-03
   6.5396288e-05  -7.1111837e-04  -2.3702915e-04  -1.8728459e-03
  -2.7569337e-04  -8.9088629e-04  -3.8694551e-04  -2.0454930e-03
  -3.2067223e-04  -8.8339596e-04   6.5849330e-06  -1.8540799e-03
  -3.6565108e-04  -4.4895682e-04   4.4064023e-05  -2.1918677e-03
  -4.9309117e-04  -7.8227651e-04  -5.3381611e-05  -2.1430761e-03
  -1.8948390e-04  -7.0362804e-04  -7.5869065e-05  -1.9554163e-03
   1.6659871e-04  -9.0586695e-04  -9.0860701e-05  -2.1956209e-03
  -4.7050852e-05  -8.6841530e-04  -1.0960025e-04  -1.8728459e-03
  -1.1077090e-04  -6.5494090e-04  -1.3208770e-04  -2.0792718e-03
  -1.0327442e-04  -6.3621507e-04   5.9055659e-05  -2.2781912e-03
  -1.0702266e-04  -7.4857002e-04  -2.7146248e-05  -2.2819444e-03
  -7.7036756e-05  -1.0182219e-03  -2.3398339e-05  -2.3232296e-03
  -1.7823918e-04  -7.3358936e-04   5.9055659e-05  -2.3007104e-03
  -2.4945570e-04  -8.4594431e-04  -1.3958352e-04  -2.3907871e-03
  -4.4436408e-04  -7.6729585e-04  -1.0210443e-04  -1.9891950e-03
  -2.9068632e-04  -6.1748925e-04  -8.3364883e-05  -2.1168037e-03
  -1.0327442e-04  -7.6729585e-04  -1.9650430e-05  -2.4883702e-03
   2.4165670e-05  -8.2721849e-04  -1.9580215e-04  -2.2932040e-03
  -6.5792042e-05  -8.0849266e-04  -2.7825615e-04  -2.2369060e-03
  -2.1197332e-04  -6.5494090e-04  -1.1709606e-04  -2.4996298e-03
   9.9130430e-05  -8.1972816e-04  -2.7076033e-04  -2.3945403e-03
  -1.2576385e-04  -8.6841530e-04   2.8370240e-06  -2.2106337e-03
  -2.3446275e-04  -9.4706377e-04   1.0332842e-05  -2.3907871e-03
  -2.0719960e-06  -9.3582827e-04  -1.3583561e-04  -2.2444124e-03
  -6.2043804e-05  -6.8864738e-04  -3.0894157e-05  -2.3232296e-03
  -1.0702266e-04  -6.3246991e-04  -1.1334816e-04  -2.1055441e-03
  -5.4547328e-05  -8.3470882e-04   1.0028266e-04  -1.8615863e-03
  -5.8202340e-06  -6.7366672e-04   7.0299386e-05  -2.1092973e-03
  -1.7074271e-04  -6.3996024e-04  -2.4077706e-04  -1.9253907e-03
  -1.5949799e-04  -1.0669090e-03  -7.5869065e-05  -2.0867782e-03
   3.4651414e-04  -6.1748925e-04   2.8018229e-04  -2.2781912e-03
   6.3887670e-04  -8.9088629e-04   1.6774502e-04  -2.1881145e-03
  -6.8799955e-04  -8.3845398e-04  -4.0193715e-04  -2.0417398e-03
   5.1518485e-04  -3.9277935e-04  -4.5065997e-04  -1.8540799e-03
  -3.5806138e-05  -1.3515416e-03   1.1152638e-04  -1.9891950e-03
  -6.2427950e-04  -3.8528902e-04  -5.3381611e-05  -1.9629227e-03
   1.0811688e-03  -1.5125837e-03   3.5888838e-04  -2.1243101e-03
  -2.3822031e-03  -4.9015364e-04  -5.3311396e-04  -1.9741823e-03
   3.1127138e-03  -1.1230865e-03  -2.5576870e-04  -2.0529994e-03
  -2.6595727e-03  -1.5313095e-03  -8.3364883e-05  -2.3907871e-03
   2.3368285e-03   1.0116575e-03  -7.8047596e-04  -1.5538242e-03
  -1.8573566e-04  -3.1567111e-03   1.1571930e-03  -2.5296554e-03
  -3.0681307e-03   2.5659010e-03  -1.4251163e-03  -1.4599943e-03
   6.4224079e-03  -3.9019989e-03   2.0754307e-03  -2.2969572e-03
  -1.1434198e-02   1.5659420e-03  -1.4550996e-03  -2.1806081e-03
   1.3997597e-02  -1.6736258e-03   6.1749410e-04  -1.0771682e-03
  -1.5673455e-02  -3.1155143e-03   5.8751083e-04  -3.6556145e-03
   1.3244201e-02   6.1163174e-03  -3.0779442e-03   2.2143799e-04
  -6.6364533e-03  -1.3586996e-02   5.6659275e-03  -4.5563818e-03
  -7.8321412e-03   1.9950957e-02  -8.2950335e-03   7.9192393e-04
   2.6846557e-02  -3.5455014e-02   1.1077908e-02  -4.5901606e-03
  -1.5388223e-01  -7.0921727e-02  -1.6379273e-02   2.9912974e-03
   1.3935367e-01  -6.9921768e-02   2.9184056e-02   2.7961311e-03
   2.2729858e-01  -1.3187054e-01   1.2591759e-01  -4.2306037e-02
  -7.9517193e-02  -6.4202901e-02  -6.7047255e-02   6.3241363e-03
   2.0695698e-02  -5.0210964e-02  -2.0763132e-01   3.3163248e-02
   1.8195717e-03  -4.3611983e-02  -6.6908582e-02  -1.0373837e-02
  -1.3349548e-02  -2.3635273e-02   1.4263326e-01  -4.5567565e-02
   7.5506276e-03  -5.4547865e-02   1.2924198e-01  -4.7260257e-02
  -2.9976731e-02  -5.2742696e-02  -8.6675054e-02   1.7876477e-02
  -7.1949407e-03  -6.5232821e-02  -8.6768752e-02   2.2237692e-02
  -1.2288796e-02  -3.1556297e-02   1.0598176e-02  -1.0077335e-02
   7.8542349e-03  -2.4515387e-02  -1.2590137e-02  -1.3233773e-02
  -3.7578065e-03  -2.2320720e-02  -5.1931938e-02   3.6706260e-03
  -3.5440637e-04  -9.0441105e-03   1.4724624e-02  -8.6848985e-03
   1.2161054e-03  -3.9065353e-02   8.1516110e-02  -2.9030979e-02
  -4.0201831e-03  -4.9001276e-02   4.3414867e-02  -8.5497834e-03
   1.1786230e-03  -3.5660998e-02  -3.0842454e-02  -1.4074495e-03
  -2.1460641e-03  -1.5875291e-02  -5.6583093e-02  -2.1685973e-02
   1.9432635e-03  -9.6658079e-03  -1.0877343e-02  -2.5356600e-02
  -1.1452846e-03  -1.0474764e-02  -3.2728354e-03   3.5655308e-04
  -1.1340399e-03  -1.3021476e-02   1.8611205e-02  -1.0584016e-02
   1.4036105e-04  -1.9841421e-02   5.6453842e-02  -1.9437808e-02
  -4.9683941e-04  -2.3874964e-02   4.0705129e-02  -1.1762520e-02
   1.2920956e-05  -1.0126463e-02  -3.1078572e-02   6.9922054e-03
   1.2911633e-04  -1.7784904e-03  -5.9795051e-02   2.0154667e-02
  -1.8573566e-04  -7.1190957e-03   3.5319384e-02  -1.2269202e-02
  -2.6070042e-04  -9.0253847e-03   4.9325319e-02  -1.6337667e-02
  -2.4570747e-04  -1.7290964e-02  -2.1847472e-02   1.5763421e-03
  -5.4181827e-04  -6.7820308e-03  -2.5325532e-02   2.5033818e-03
  -6.1303479e-04  -1.4517680e-05   9.8598377e-03  -2.0529994e-03
  -6.0553831e-04  -4.8832322e-03   2.0642572e-02  -5.7649112e-03
   1.1412338e-04  -4.5424222e-03  -2.8908533e-02   6.3766811e-03
   1.0662691e-04  -1.0718199e-02  -2.9260836e-02   5.8662463e-03
  -4.4811232e-04  -4.8120740e-03   3.5278157e-02  -1.3421433e-02
  -6.0179008e-04  -1.6399193e-03   2.7501245e-02  -1.1274604e-02
  -2.6444866e-04  -5.4187908e-03  -2.3657712e-02   1.2986055e-03
  -2.7944161e-04  -4.8420354e-03  -3.6295662e-02   5.9788422e-03
  -8.4542555e-04  -8.0254256e-03  -3.4864663e-03  -1.4262212e-04
  -5.9054536e-04  -4.1491798e-03   2.1973080e-02  -6.4630059e-03
  -5.4556651e-04  -2.7260171e-03   4.3766468e-03  -3.6631209e-03
  -2.8318985e-04  -9.9841469e-03  -1.1671900e-02  -6.9058888e-04
  -3.2057900e-05  -6.1004108e-03  -9.1645484e-03  -4.0909911e-04
  -4.2187465e-04   3.9553572e-03  -3.1978773e-03  -2.8111452e-03
  -4.4061584e-04   1.9891456e-03   4.2304784e-03  -3.7719636e-03
  -1.5200152e-04  -3.6473277e-03   3.7619898e-03  -4.5976670e-03
  -9.2029708e-05  -7.7145769e-03  -6.0387923e-03  -1.6063689e-03
  -6.3177598e-04  -7.9055803e-03  -8.0064445e-03   5.1043416e-04
  -4.6685351e-04   5.6972806e-04   5.0850016e-03  -4.0121682e-03
  -9.9526184e-05   1.7681809e-03   4.2417221e-03  -4.7215225e-03
  -8.8281470e-05  -3.7030836e-04  -1.2455212e-02  -5.6298587e-05
  -2.9443456e-04   9.9667687e-04  -2.1997389e-02   3.3591107e-03
  -5.8679712e-04   2.7386002e-04  -3.0142297e-03  -7.7315921e-04
  -2.4570747e-04  -1.8459034e-03   2.1718222e-02  -7.9680379e-03
  -2.5695218e-04  -6.3775530e-03   1.1872465e-02  -6.1627501e-03
  -2.5320394e-04  -6.1303721e-03  -9.2582461e-03   1.6514004e-04
  -1.4075680e-04   1.3154375e-04  -9.0183799e-03   6.7182163e-04
  -2.8693808e-04   3.1688726e-03   4.8189001e-03  -3.0438434e-03
  -2.4570747e-04   7.6073147e-04   7.0713934e-03  -4.1698025e-03
  -1.2201561e-04  -2.7072913e-03  -4.9181675e-03  -9.3454669e-04
  -2.5695218e-04  -3.5611889e-03  -4.7869907e-03   4.6539580e-04
  -4.4436408e-04  -1.3702674e-03   1.0107200e-02  -2.7360812e-03
  -3.6190284e-04  -7.9351200e-04   1.0628159e-02  -3.9295979e-03
  -2.7944161e-04  -2.3889523e-03  -1.4138726e-03  -1.3661643e-03
  -6.5792042e-05  -1.3590319e-03  -3.9512070e-03  -1.1522321e-03
  -5.4547328e-05   1.6146291e-03   4.0618225e-03  -2.9087283e-03
  -4.7050852e-05   2.2438168e-03   7.5623695e-03  -3.9521171e-03
   3.5410384e-05  -8.9837662e-04  -6.8303032e-04  -2.0529994e-03
  -1.8198742e-04  -3.5312276e-03  -8.4037229e-03   1.0959329e-03
  -1.8948390e-04  -3.2728112e-03  -2.6701242e-04  -6.0426535e-04
  -4.4436408e-04  -8.2721849e-04   7.0901329e-03  -3.0475966e-03
  -6.6551012e-04   8.1316378e-04   1.2171595e-03  -2.2669316e-03
  -4.8184646e-04   1.8023090e-04  -5.8588927e-03  -1.4599943e-03
  -4.3686760e-04   2.7386002e-04  -4.9144196e-03  -1.2160365e-03
  -1.1077090e-04  -8.1930650e-05   2.6226254e-03  -2.1806081e-03
   2.4165670e-05  -1.7672549e-03   8.6080361e-03  -3.9183383e-03
   1.2920956e-05  -3.5462083e-03   3.6458046e-03  -3.0100646e-03
  -2.1197332e-04  -3.6772891e-03  -4.9369070e-03  -7.0560167e-04
  -6.3177598e-04  -5.9501826e-04  -4.8057302e-03  -7.1310806e-04
  -2.9068632e-04   1.5884129e-03  -1.5825285e-03  -1.4337219e-03
  -1.4825328e-04   5.9219905e-04  -1.2339729e-03  -1.9216375e-03
  -5.0433589e-04  -1.3552868e-03  -2.6656742e-03  -2.0680122e-03
  -4.3686760e-04  -2.7709591e-03  -1.9460757e-03  -1.4712539e-03
  -3.0942751e-04  -2.6174074e-03   1.9292623e-03  -2.6122257e-03
  -5.6430770e-04  -1.5537805e-03   3.6533004e-03  -3.4529419e-03
  -4.8184646e-04  -4.4895682e-04  -9.9410677e-04  -2.6234853e-03
  -1.0702266e-04   3.4876332e-04  -7.7403430e-03  -1.1034405e-03
  -2.5695218e-04   5.7347322e-04  -7.0882068e-03  -3.6406074e-04
  -4.8934294e-04   4.6298000e-07   8.4236864e-04  -2.4508383e-03
  -2.7569337e-04  -1.6211935e-03   2.5214319e-03  -3.1339201e-03
  -1.8573566e-04  -3.0181400e-03  -2.1672023e-03  -1.7152117e-03
  -3.6939932e-04  -2.3477555e-03  -3.2540959e-03  -1.4862666e-03
  -2.7569337e-04  -1.3810813e-04   1.2651802e-04  -2.0079610e-03
  -2.2321804e-04   4.4988278e-04   1.2921177e-03  -2.3982935e-03
  -4.0313346e-04  -2.6918890e-04  -9.7911513e-04  -2.2218933e-03
  -4.1437818e-04  -8.3096365e-04  -1.2152334e-03  -1.8240544e-03
  -3.9563699e-04  -1.4601514e-03   2.0941702e-03  -2.3044636e-03
  -4.9309117e-04  -1.4564062e-03   2.7425585e-03  -2.9274943e-03
  -5.1558060e-04  -1.6249386e-03  -2.9324779e-04  -1.9704291e-03
  -2.4195923e-04  -1.3290706e-03  -2.5195057e-03  -1.1147001e-03
  -2.9443456e-04  -6.8115705e-04  -1.6349992e-03  -1.4112027e-03
  -2.6070042e-04  -2.8042440e-04   1.1309576e-03  -1.9516631e-03
  -1.6699447e-04   4.6298000e-07   2.2478345e-03  -2.7548472e-03
  -4.5935703e-04  -8.4594431e-04   3.9261956e-04  -2.4808638e-03
  -1.6324623e-04  -1.2391866e-03  -9.8661095e-04  -1.3999431e-03
  -2.8693808e-04  -1.0257122e-03   4.6008192e-04  -1.6626669e-03
  -4.5935703e-04  -8.8339596e-04   1.3370926e-03  -2.1618421e-03
  -1.6699447e-04  -6.5494090e-04  -2.9324779e-04  -1.5538242e-03
  -2.7194513e-04  -8.0849266e-04  -2.6544305e-03  -9.8709144e-04
  -4.5186056e-04  -6.4370540e-04  -1.9835547e-03  -1.0996874e-03
  -5.9054536e-04  -1.0440164e-04   1.1197139e-03  -1.9666759e-03
  -4.7434998e-04  -4.3023100e-04   1.5919504e-03  -2.3119700e-03
  -2.0447685e-04  -1.2129705e-03  -1.2459188e-04  -1.9704291e-03
   1.9658462e-04  -1.1717737e-03  -1.5082725e-04  -2.1355697e-03
  -3.9554376e-05  -9.1710245e-04   8.1238537e-04  -2.1731017e-03
  -3.9563699e-04  -6.3621507e-04   1.1571930e-03  -2.2406592e-03
  -2.7569337e-04  -8.0100233e-04   1.3776175e-04  -2.0642590e-03
  -5.0433589e-04  -1.0781445e-03  -1.3426623e-03  -1.7264713e-03
  -5.5681122e-04  -8.7216047e-04  -1.7361928e-03  -1.9028715e-03
  -4.7809822e-04  -9.5829926e-04  -1.3958352e-04  -2.0942846e-03
  -3.0567927e-04  -6.9613771e-04   6.1374619e-04  -2.3570083e-03
  -1.1451914e-04  -7.7853134e-04  -2.1828961e-04  -2.4170595e-03
  -2.4945570e-04  -9.1710245e-04  -9.3039232e-04  -2.1693485e-03
  -3.3191694e-04  -4.2648583e-04  -1.2901916e-03  -1.9441567e-03
  -4.9309117e-04  -4.1525034e-04  -7.7672805e-04  -2.1430761e-03
  -6.1678303e-04  -6.1748925e-04  -5.7808887e-04  -2.3157232e-03
  -4.1437818e-04  -7.8227651e-04  -1.6387471e-03  -1.9629227e-03
  -3.0193104e-04  -8.4594431e-04  -1.5637889e-03  -1.9629227e-03
  -4.7434998e-04  -6.5119573e-04  -4.6190369e-04  -2.1618421e-03
  -3.5440637e-04  -5.2760529e-04  -7.2121156e-05  -2.2706848e-03
  -4.7050852e-05  -8.6467014e-04  -1.9205424e-04  -2.4358255e-03
  -3.6565108e-04  -8.4968948e-04   2.8370240e-06  -2.2781912e-03
  -3.7314756e-04  -8.4594431e-04   1.0372599e-03  -2.1355697e-03
  -1.4825328e-04  -1.2054801e-03   1.8430603e-03  -2.3607615e-03
  -5.5306298e-04  -8.0849266e-04   1.3595801e-03  -2.4395787e-03
  -5.8679712e-04  -8.9088629e-04   5.0130892e-04  -2.3457488e-03
  -3.9563699e-04  -9.6204443e-04   8.7235191e-04  -2.3344892e-03
  -2.9068632e-04  -7.1860870e-04   6.6996483e-04  -2.2932040e-03
  -1.2576385e-04  -7.2235387e-04  -2.3702915e-04  -2.1543357e-03
  -1.1826737e-04  -5.6880210e-04  -2.1079379e-04  -2.0154674e-03
  -2.1572156e-04  -8.0474750e-04   4.2635074e-04  -2.1843613e-03
  -3.2442046e-04  -6.3246991e-04   4.8631728e-04  -2.2406592e-03
  -1.8573566e-04  -6.0999892e-04   8.9038931e-05  -2.1168037e-03
  -1.0702266e-04  -4.3023100e-04   1.0777848e-04  -2.1092973e-03
  -2.8693808e-04  -1.7930494e-04  -4.9563487e-04  -1.8503268e-03
  -3.0193104e-04  -5.1636979e-04  -1.3688977e-03  -1.7264713e-03
  -2.0822509e-04  -3.5158253e-04  -8.4419041e-04  -1.6589137e-03
  -3.2816870e-04  -7.9725717e-04  -2.5951661e-04  -1.6288881e-03
  -3.1692399e-04  -1.0631639e-03  -2.4827288e-04  -2.0642590e-03
  -1.4825328e-04  -5.5382144e-04  -7.8797178e-04  -2.0980378e-03
  -1.6324623e-04  -6.2497958e-04  -7.1301360e-04  -1.9741823e-03
  -1.9323213e-04  -7.0362804e-04   9.2786840e-05  -2.0792718e-03
  -2.6444866e-04  -6.6992156e-04   1.8273666e-04  -2.0042078e-03
  -2.9818280e-04  -8.2347332e-04   1.6024920e-04  -2.0379866e-03
  -5.5306298e-04  -8.9088629e-04   3.3265302e-04  -1.7715096e-03
  -6.2802774e-04  -9.2084761e-04   2.9142602e-04  -1.8765991e-03
  -2.3446275e-04  -9.7327992e-04  -1.3583561e-04  -2.1468293e-03
  -2.0447685e-04  -8.9463146e-04  -8.4044250e-04  -1.9967014e-03
  -4.7050852e-05  -7.4482486e-04  -6.9052614e-04  -2.0680122e-03
  -1.3326033e-04  -8.3845398e-04   9.6534749e-05  -1.9591695e-03
  -4.1062994e-04  -9.3582827e-04   1.7149293e-04  -2.1843613e-03
  -2.6444866e-04  -7.1860870e-04   2.0147620e-04  -2.1618421e-03
  -4.1437818e-04  -7.4482486e-04   1.4525757e-04  -1.8540799e-03
  -4.1812641e-04  -7.4482486e-04  -5.1437442e-04  -1.9103779e-03
  -3.7689580e-04  -4.0026968e-04  -8.7417368e-04  -1.7640032e-03
  -2.3446275e-04  -5.5382144e-04  -3.6820597e-04  -1.9741823e-03
  -1.7074271e-04  -8.7590563e-04   3.6568205e-05  -2.1580889e-03
  -5.2307708e-04  -1.0107316e-03   3.2820296e-05  -1.9216375e-03
  -3.6565108e-04  -1.1567930e-03   2.0897202e-04  -1.7865224e-03
  -3.3191694e-04  -8.4219915e-04   4.2260283e-04  -2.0079610e-03
  -5.3057355e-04  -5.7629243e-04   4.1885492e-04  -2.1993741e-03
  -3.6939932e-04  -7.1860870e-04   4.7132565e-04  -2.0680122e-03
  -3.8064403e-04  -6.5494090e-04   3.3265302e-04  -1.8653395e-03
  -4.2562289e-04  -7.2235387e-04   7.3742719e-04  -1.9516631e-03
  -2.5320394e-04  -9.8451542e-04   1.0260162e-03  -2.2406592e-03
  -3.3566518e-04  -1.0219671e-03   5.4628383e-04  -2.0229738e-03
  -4.5935703e-04  -9.9575091e-04   2.4645111e-04  -1.8765991e-03
  -3.8814051e-04  -1.0294574e-03   9.2786840e-05  -2.0680122e-03
  -3.9563699e-04  -8.0100233e-04  -3.4642066e-05  -1.9967014e-03
  -1.9323213e-04  -7.2609903e-04  -1.5457515e-04  -1.9629227e-03
  -2.9068632e-04  -8.9088629e-04  -2.3328124e-04  -2.2106337e-03
  -5.6055946e-04  -5.9501826e-04  -2.3702915e-04  -2.3419956e-03
  -2.4570747e-04  -8.3845398e-04  -9.0860701e-05  -1.8540799e-03
  -3.2067223e-04  -8.6841530e-04  -6.8373247e-05  -1.5200454e-03
  -4.7060175e-04  -3.1787605e-04  -5.6309724e-04  -1.7940288e-03
  -3.0567927e-04  -6.1374408e-04  -9.1165277e-04  -1.7677564e-03
  -5.2682532e-04  -6.8490222e-04  -9.7161932e-04  -1.6514073e-03
  -4.1062994e-04  -5.5382144e-04  -8.1420714e-04  -1.9291439e-03
  -9.5684720e-06  -7.6729585e-04  -2.8200406e-04  -2.1355697e-03
  -3.2057900e-05  -8.4968948e-04  -3.5696224e-04  -1.8878587e-03
  -6.5792042e-05  -9.0586695e-04  -6.6054287e-04  -1.8540799e-03
  -3.0942751e-04  -7.8976684e-04  -5.2561815e-04  -2.0267270e-03
  -6.9924426e-04  -7.4482486e-04  -1.6207097e-04  -1.9479099e-03
  -5.8679712e-04  -9.0961212e-04  -2.7076033e-04  -1.9891950e-03
  -4.0688170e-04  -6.8115705e-04  -6.2306378e-04  -1.9291439e-03
  -8.4533232e-05  -6.8115705e-04  -6.8677823e-04  -1.8728459e-03
   4.2906860e-05  -9.7702509e-04  -4.6939951e-04  -1.9704291e-03
  -2.4945570e-04  -7.9725717e-04  -5.7129520e-05  -2.0379866e-03
  -3.2442046e-04  -6.4745057e-04  -3.3072688e-04  -1.9854418e-03
  -6.1678303e-04  -4.7891814e-04  -4.6565160e-04  -1.8841055e-03
  -5.2307708e-04  -5.3135045e-04  -6.0877429e-05  -1.8240544e-03
  -3.3941342e-04  -7.5231519e-04   8.9038931e-05  -1.8690927e-03
  -3.5065813e-04  -7.0737321e-04   1.4150966e-04  -2.0942846e-03
  -3.2442046e-04  -8.2721849e-04   1.9398038e-04  -2.0830250e-03
  -5.3432179e-04  -6.8115705e-04   3.5514047e-04  -2.2031273e-03
  -5.8295566e-05  -5.9876342e-04   3.2890511e-04  -1.9741823e-03
  -2.2696628e-04  -7.8227651e-04   6.8120855e-04  -1.9216375e-03
  -3.9938522e-04  -6.7366672e-04   6.6621692e-04  -2.3607615e-03
  -4.3302614e-05  -9.4706377e-04   3.9636747e-04  -2.2556720e-03
