   1.0662691e-04  -4.0776001e-04   4.4064023e-05  -2.0379866e-03
  -3.9554376e-05  -7.4857002e-04  -1.9205424e-04  -2.1655953e-03
   5.0403336e-05  -7.1486354e-04   2.8370240e-06  -2.0117142e-03
  -3.9554376e-05  -5.4258595e-04   1.4150966e-04  -1.9929482e-03
  -4.3302614e-05  -1.0069864e-03   5.5307750e-05  -2.1092973e-03
   9.9130430e-05  -7.9351200e-04  -8.4067030e-06  -2.1318165e-03
   8.0389240e-05  -5.2386012e-04  -7.9616974e-05  -2.0304802e-03
   1.5160576e-04  -7.4857002e-04   9.2786840e-05  -2.0267270e-03
  -1.2201561e-04  -9.0961212e-04  -9.1088500e-07  -2.2706848e-03
  -1.5574975e-04  -7.4107969e-04  -3.0074361e-04  -2.0680122e-03
   1.0662691e-04  -7.9351200e-04  -1.9205424e-04  -1.9291439e-03
  -1.8198742e-04  -7.7853134e-04  -1.6207097e-04  -2.2519188e-03
  -1.8198742e-04  -6.6992156e-04  -1.3583561e-04  -1.9066247e-03
  -1.2951209e-04  -8.5343464e-04  -1.9650430e-05  -1.8916119e-03
  -1.7449094e-04  -7.7104101e-04  -1.2154612e-05  -2.1993741e-03
   1.6659871e-04  -8.1972816e-04   1.7828660e-05  -1.8578331e-03
   1.6669194e-05  -8.7965080e-04  -8.7112792e-05  -2.0154674e-03
  -1.2951209e-04  -7.8227651e-04  -6.8373247e-05  -1.9666759e-03
   1.2920956e-05  -7.8227651e-04  -1.6207097e-04  -1.9779355e-03
  -2.4195923e-04  -8.6467014e-04  -3.0449151e-04  -2.3007104e-03
  -4.7809822e-04  -9.6953476e-04  -3.4642066e-05  -2.0567526e-03
  -2.5695218e-04  -8.9463146e-04  -4.5885793e-05  -2.0342334e-03
   1.6762420e-06  -7.9351200e-04  -1.3958352e-04  -2.0042078e-03
  -5.8295566e-05  -6.2497958e-04   5.5307750e-05  -2.0680122e-03
  -1.4450504e-04  -9.0586695e-04  -1.6956679e-04  -2.0942846e-03
  -4.1437818e-04  -1.1230865e-03  -4.0193715e-04  -1.9554163e-03
  -4.2187465e-04  -8.2347332e-04  -1.6956679e-04  -2.1655953e-03
  -3.1692399e-04  -9.4706377e-04  -2.7076033e-04  -2.0605058e-03
  -3.9938522e-04  -9.2459278e-04  -3.8694551e-04  -1.8878587e-03
  -1.7823918e-04  -9.2833794e-04  -3.0894157e-05  -2.1655953e-03
  -3.3941342e-04  -9.7702509e-04  -7.9616974e-05  -2.0567526e-03
  -5.9429360e-04  -9.4331860e-04  -4.1318088e-04  -2.0605058e-03
  -3.2067223e-04  -1.4114642e-03  -3.3072688e-04  -2.5334086e-03
  -2.2321804e-04  -1.1717737e-03  -1.6956679e-04  -2.0492462e-03
  -3.6565108e-04  -7.8602167e-04  -2.2953333e-04  -1.8878587e-03
  -3.1317575e-04  -9.0586695e-04  -3.4946642e-04  -2.2293996e-03
  -2.6819689e-04  -1.0406929e-03  -4.1318088e-04  -1.9816886e-03
  -1.5574975e-04  -1.1155962e-03  -3.9818924e-04  -2.1393229e-03
  -2.2321804e-04  -8.9088629e-04  -3.1198733e-04  -2.1168037e-03
  -2.1197332e-04  -1.0369477e-03  -1.9955006e-04  -2.0642590e-03
  -1.7064948e-05  -1.0781445e-03  -2.4077706e-04  -2.1618421e-03
  -1.7074271e-04  -9.2833794e-04  -2.5202079e-04  -1.8653395e-03
  -1.4075680e-04  -9.1335728e-04  -3.0074361e-04  -1.8916119e-03
  -1.0702266e-04  -9.2833794e-04  -2.8200406e-04  -1.8615863e-03
  -1.9323213e-04  -1.0706542e-03  -2.7146248e-05  -1.7114585e-03
  -3.3191694e-04  -8.6841530e-04  -3.7195388e-04  -1.7752628e-03
  -4.3311937e-04  -9.5080893e-04  -4.8439115e-04  -1.7527436e-03
  -2.6444866e-04  -8.6841530e-04  -1.3958352e-04  -1.8503268e-03
  -1.4075680e-04  -5.3135045e-04  -1.9205424e-04  -1.8465736e-03
  -2.0822509e-04  -8.6841530e-04  -1.8081052e-04  -1.7640032e-03
  -2.7194513e-04  -1.0594187e-03  -3.3072688e-04  -1.7001989e-03
  -2.1197332e-04  -9.1335728e-04  -2.9324779e-04  -1.9178843e-03
  -2.2696628e-04  -6.9239255e-04  -6.0877429e-05  -2.1768549e-03
  -1.8198742e-04  -7.5606035e-04  -3.8319760e-04  -2.1318165e-03
  -1.1826737e-04  -8.8714113e-04  -5.6684514e-04  -2.2181401e-03
  -5.8295566e-05  -7.3733453e-04  -2.5202079e-04  -2.0717654e-03
  -1.0327442e-04  -7.8227651e-04  -3.0449151e-04  -2.0717654e-03
  -2.0072861e-04  -7.3733453e-04  -1.0960025e-04  -1.8203012e-03
  -1.4825328e-04  -7.8602167e-04   6.2803568e-05  -1.8916119e-03
  -5.4547328e-05  -7.4857002e-04  -3.1948315e-04  -2.3832807e-03
  -1.3700856e-04  -8.4968948e-04  -8.4067030e-06  -1.9816886e-03
  -1.1826737e-04  -1.1830092e-03  -7.2121156e-05  -1.9704291e-03
   7.2892764e-05  -9.3957344e-04  -3.4197060e-04  -2.1618421e-03
  -2.8693808e-04  -9.8826058e-04  -1.5902521e-05  -2.1055441e-03
  -2.7944161e-04  -9.3582827e-04  -5.7129520e-05  -1.9479099e-03
   1.0662691e-04  -7.4482486e-04  -4.3566833e-04  -1.8878587e-03
  -2.0072861e-04  -8.5343464e-04  -3.4571851e-04  -2.1505825e-03
  -4.5560879e-04  -8.7590563e-04  -5.7129520e-05  -2.1881145e-03
  -1.0327442e-04  -8.9463146e-04  -3.4197060e-04  -2.2444124e-03
   2.1157757e-04  -5.8003760e-04  -1.1709606e-04  -2.2819444e-03
  -8.4533232e-05  -8.4219915e-04  -6.8373247e-05  -2.2594252e-03
  -2.7569337e-04  -1.0931252e-03  -3.4571851e-04  -2.2331528e-03
  -9.5777946e-05  -8.7965080e-04  -1.0585234e-04  -2.2744380e-03
  -1.0702266e-04  -1.0594187e-03  -1.9580215e-04  -2.2744380e-03
  -1.2951209e-04  -7.8602167e-04  -2.1454170e-04  -2.1393229e-03
  -3.5806138e-05  -8.5343464e-04  -1.6207097e-04  -2.2293996e-03
  -1.2576385e-04  -1.0219671e-03  -1.4333143e-04  -2.3344892e-03
  -3.1692399e-04  -7.8976684e-04  -1.1334816e-04  -2.3795275e-03
  -1.2201561e-04  -7.7104101e-04  -1.8830634e-04  -2.5859534e-03
  -9.5684720e-06  -7.6355068e-04  -8.4067030e-06  -2.4095531e-03
  -1.9698037e-04  -9.0586695e-04  -3.0894157e-05  -2.4320723e-03
  -2.2696628e-04  -7.1486354e-04   8.5291022e-05  -2.5371618e-03
  -1.5200152e-04  -9.0961212e-04   8.5291022e-05  -2.0154674e-03
   1.2161986e-04  -8.9463146e-04  -2.1828961e-04  -1.9779355e-03
  -2.4561424e-05  -5.4633111e-04  -2.7146248e-05  -2.0267270e-03
  -5.8295566e-05  -8.0849266e-04  -1.3958352e-04  -2.1243101e-03
   1.7034695e-04  -4.6393748e-04  -1.3583561e-04  -2.0680122e-03
  -2.4945570e-04  -5.2386012e-04   5.1559841e-05  -1.9103779e-03
  -2.5695218e-04  -9.3957344e-04   1.7828660e-05  -2.1956209e-03
   4.6655098e-05  -6.0250859e-04   5.1559841e-05  -2.0492462e-03
  -1.5200152e-04  -9.1335728e-04  -1.6581888e-04  -2.0417398e-03
  -3.5806138e-05  -9.7327992e-04  -8.7112792e-05  -2.1243101e-03
   1.8533990e-04  -5.0887946e-04  -1.2459188e-04  -2.1580889e-03
  -1.4075680e-04  -9.8077025e-04  -3.7944969e-04  -2.1731017e-03
  -2.4945570e-04  -9.6204443e-04  -3.4197060e-04  -2.1168037e-03
  -3.9554376e-05  -7.2235387e-04  -2.4077706e-04  -2.1393229e-03
  -1.3316710e-05  -8.8339596e-04  -2.5951661e-04  -2.0379866e-03
  -1.4075680e-04  -8.1223783e-04  -2.7450824e-04  -2.1205569e-03
  -7.7036756e-05  -9.4331860e-04  -4.9633702e-05  -2.0830250e-03
  -1.5200152e-04  -8.4968948e-04  -2.1454170e-04  -2.0417398e-03
  -2.3446275e-04  -7.6729585e-04  -3.5321433e-04  -2.2218933e-03
  -3.5806138e-05  -7.9725717e-04   2.4270320e-04  -2.1580889e-03
  -1.7823918e-04  -8.2347332e-04   2.9072387e-05  -1.9779355e-03
  -1.0327442e-04  -8.7590563e-04  -4.7689533e-04  -1.9629227e-03
   3.5410384e-05  -9.0586695e-04  -1.1334816e-04  -1.8878587e-03
  -2.7944161e-04  -9.6953476e-04  -3.0449151e-04  -1.9366503e-03
  -3.2067223e-04  -7.1111837e-04  -3.1948315e-04  -2.0192206e-03
  -8.4533232e-05  -7.3358936e-04  -2.4077706e-04  -1.9404035e-03
  -2.4195923e-04  -1.0182219e-03  -3.3447479e-04  -2.1618421e-03
  -2.5320394e-04  -9.8451542e-04  -1.0210443e-04  -2.0605058e-03
  -1.3316710e-05  -7.6729585e-04  -3.6071015e-04  -1.8916119e-03
  -3.6190284e-04  -7.8602167e-04  -2.8949988e-04  -2.0942846e-03
  -2.4945570e-04  -9.8451542e-04  -3.1198733e-04  -2.1806081e-03
  -9.2029708e-05  -9.5080893e-04  -5.1437442e-04  -2.1468293e-03
  -5.3057355e-04  -8.9088629e-04  -3.8319760e-04  -1.9028715e-03
  -2.7569337e-04  -9.9575091e-04  -4.7314742e-04  -1.9741823e-03
  -1.9698037e-04  -1.0219671e-03  -1.7331470e-04  -2.0042078e-03
  -2.7569337e-04  -9.5829926e-04  -6.0877429e-05  -1.8615863e-03
  -1.1826737e-04  -1.0631639e-03  -4.7314742e-04  -2.0267270e-03
  -3.0567927e-04  -9.2833794e-04  -9.8356519e-05  -1.8390672e-03
  -1.7823918e-04  -8.4594431e-04  -3.4642066e-05  -1.8315608e-03
  -2.6070042e-04  -9.7327992e-04  -3.2323106e-04  -2.0642590e-03
  -3.0193104e-04  -8.9088629e-04  -1.1709606e-04  -1.8465736e-03
  -6.9540280e-05  -8.8714113e-04  -2.7076033e-04  -1.8428204e-03
  -1.4450504e-04  -7.4482486e-04  -8.7112792e-05  -2.0379866e-03
  -3.9554376e-05  -7.0737321e-04  -4.2137884e-05  -1.8991183e-03
   4.2906860e-05  -1.0406929e-03  -2.2953333e-04  -1.8578331e-03
  -7.3288518e-05  -9.6204443e-04  -4.5885793e-05  -1.8465736e-03
  -3.2067223e-04  -8.4219915e-04  -1.9205424e-04  -1.6626669e-03
  -3.4316165e-04  -1.0931252e-03  -1.3958352e-04  -1.6851861e-03
  -2.4570747e-04  -9.8826058e-04  -1.2459188e-04  -1.9028715e-03
  -2.2696628e-04  -9.2833794e-04  -4.2817251e-04  -1.8353140e-03
  -9.5777946e-05  -8.9837662e-04  -2.9699570e-04  -1.7414840e-03
  -2.0719960e-06  -7.2609903e-04  -3.4571851e-04  -1.9291439e-03
   6.1648050e-05  -7.5606035e-04  -3.4571851e-04  -1.9666759e-03
  -1.5574975e-04  -8.4219915e-04  -1.2154612e-05  -2.1355697e-03
  -2.9068632e-04  -9.8451542e-04  -1.9955006e-04  -1.9854418e-03
  -2.0447685e-04  -7.9725717e-04  -8.4067030e-06  -1.6814329e-03
  -1.8573566e-04  -6.6992156e-04   1.2651802e-04  -2.1355697e-03
  -1.4075680e-04  -6.5119573e-04  -1.3583561e-04  -2.0942846e-03
  -2.2696628e-04  -9.3957344e-04  -6.4625338e-05  -1.9328971e-03
  -2.7569337e-04  -1.1792640e-03  -2.6326452e-04  -2.3157232e-03
  -8.8281470e-05  -7.1860870e-04  -2.5951661e-04  -2.1318165e-03
  -2.0447685e-04  -7.0737321e-04  -1.0585234e-04  -2.0267270e-03
  -3.3191694e-04  -1.0182219e-03  -6.0877429e-05  -2.0867782e-03
  -1.1826737e-04  -1.1193414e-03  -4.2137884e-05  -2.1168037e-03
  -8.0784994e-05  -1.0519284e-03  -2.3328124e-04  -2.3269828e-03
  -9.9526184e-05  -8.3845398e-04  -1.3583561e-04  -2.1580889e-03
  -6.2043804e-05  -7.8227651e-04  -1.3958352e-04  -2.2031273e-03
  -1.4825328e-04  -9.1710245e-04  -3.1573524e-04  -2.2856976e-03
  -2.1197332e-04  -8.7216047e-04  -4.2817251e-04  -2.1355697e-03
  -1.6699447e-04  -7.9725717e-04  -2.5951661e-04  -2.1130505e-03
  -2.0447685e-04  -6.8864738e-04  -9.4608610e-05  -2.1768549e-03
  -1.5200152e-04  -6.8864738e-04  -2.6326452e-04  -2.4696043e-03
  -1.1826737e-04  -9.5829926e-04   4.7811932e-05  -2.2519188e-03
  -1.5949799e-04  -8.6841530e-04  -5.7129520e-05  -2.2031273e-03
  -1.4825328e-04  -7.8602167e-04  -1.9205424e-04  -2.3982935e-03
  -1.9698037e-04  -8.6841530e-04   2.5324478e-05  -2.0942846e-03
  -1.5949799e-04  -8.6467014e-04  -3.2323106e-04  -2.4170595e-03
  -1.5574975e-04  -8.6841530e-04  -2.7450824e-04  -2.4283191e-03
  -9.5777946e-05  -9.0212179e-04  -8.3364883e-05  -2.2406592e-03
  -4.7050852e-05  -7.7478618e-04  -2.8200406e-04  -2.4846170e-03
  -2.1197332e-04  -7.4107969e-04  -2.3702915e-04  -2.2444124e-03
  -2.5320394e-04  -9.6953476e-04   1.6774502e-04  -2.1168037e-03
   1.0287867e-04  -8.0474750e-04   6.5849330e-06  -2.1505825e-03
   1.6669194e-05  -6.3621507e-04  -2.1079379e-04  -2.1768549e-03
  -1.1077090e-04  -7.9351200e-04   1.4900547e-04  -2.0117142e-03
  -2.0719960e-06  -7.6729585e-04  -6.8373247e-05  -2.0379866e-03
  -3.4316165e-04  -6.8115705e-04  -1.8830634e-04  -2.1580889e-03
  -2.7194513e-04  -7.7104101e-04  -4.9633702e-05  -2.0267270e-03
  -7.3288518e-05  -8.7965080e-04  -1.8455843e-04  -2.2819444e-03
   1.1412338e-04  -6.8490222e-04   1.6024920e-04  -2.1430761e-03
  -6.9540280e-05  -6.1748925e-04   2.3895529e-04  -1.8803523e-03
  -2.7944161e-04  -7.8602167e-04   2.5324478e-05  -2.1993741e-03
   6.1648050e-05  -6.9988288e-04  -1.2459188e-04  -2.2068805e-03
  -2.2696628e-04  -9.0961212e-04  -1.0210443e-04  -2.0792718e-03
  -2.1946980e-04  -9.9949608e-04   9.6534749e-05  -2.0942846e-03
  -9.9526184e-05  -7.5606035e-04  -1.9580215e-04  -1.8803523e-03
  -1.7823918e-04  -7.4482486e-04  -1.2459188e-04  -2.0304802e-03
  -5.0799090e-05  -7.9725717e-04  -2.7146248e-05  -2.0154674e-03
  -1.8948390e-04  -9.6578959e-04  -1.0960025e-04  -1.9704291e-03
  -2.3821099e-04  -9.4706377e-04  -8.4067030e-06  -2.1280633e-03
   1.1412338e-04  -8.6841530e-04   1.1527429e-04  -1.9591695e-03
   5.7890489e-04  -1.1081059e-03   1.3401384e-04  -2.1205569e-03
  -4.5935703e-04  -1.0032412e-03  -4.0568506e-04  -2.0567526e-03
   4.6655098e-05  -1.2766383e-03  -2.8575197e-04  -2.0267270e-03
  -3.7314756e-04  -1.3552868e-03  -1.2154612e-05  -2.1468293e-03
  -3.5440637e-04  -4.1150517e-04  -1.8081052e-04  -2.1393229e-03
   3.8024828e-04  -1.7597646e-03  -1.6581888e-04  -2.0980378e-03
  -1.4488919e-03  -2.7667923e-04  -2.8200406e-04  -1.9741823e-03
   2.4080450e-03  -1.3964836e-03  -3.9444133e-04  -1.9028715e-03
  -2.5283844e-03  -1.1605382e-03  -4.4316415e-04  -1.9591695e-03
   1.9919906e-03   6.0385620e-05  -3.8389975e-05  -2.1055441e-03
  -1.3626824e-03  -2.6586042e-03  -5.4435769e-04  -2.0492462e-03
  -1.7375062e-03   2.0528134e-03  -1.5082725e-04  -2.1355697e-03
   3.7011871e-03  -4.3589091e-03  -9.4608610e-05  -1.9291439e-03
  -7.6184916e-03   2.3374459e-03  -2.3328124e-04  -2.3570083e-03
   9.7171091e-03  -3.0967885e-03  -1.8081052e-04  -1.5162922e-03
  -1.1812770e-02  -7.8976684e-04  -1.1777543e-03  -2.2556720e-03
   1.1253887e-02   2.6632753e-03   7.5991464e-04  -2.0229738e-03
  -8.4093698e-03  -1.0336192e-02  -1.0390817e-03  -1.9253907e-03
  -7.9669845e-04   1.8688836e-02   5.6877128e-04  -2.7923792e-03
   2.1239193e-02  -4.6945180e-02  -5.7434096e-04  -2.0267327e-04
  -1.4075216e-01  -8.2835096e-02  -6.6159703e-03   1.7452360e-03
   6.7548673e-02  -7.6610632e-02   6.1071266e-02  -1.0561497e-02
   2.4276756e-01  -1.0678543e-01   7.3162021e-02  -3.1504336e-02
   5.8665349e-02  -6.1457695e-02  -9.7555234e-02   1.1207046e-02
  -3.0591442e-02  -5.8102027e-02  -1.6364961e-01   2.9777864e-02
  -9.6196852e-02  -3.7024238e-02  -7.8977551e-03  -2.6276133e-02
  -5.7091485e-02  -2.8196884e-02   1.0401856e-01  -3.2596517e-02
  -1.1627991e-01  -6.5854518e-02   3.4168775e-02  -1.5084099e-02
  -1.0006119e-02  -6.0113180e-02  -2.5973920e-02   3.5204982e-03
   2.2809695e-01  -3.3020657e-02  -3.0418940e-02   3.1752040e-03
   8.9966885e-02  -9.9242243e-03   3.8931666e-03  -1.1146996e-02
  -2.0576150e-02  -1.9553043e-02   9.6649464e-03  -5.5922642e-03
  -6.0880954e-02  -1.8369571e-02  -6.0312263e-02   6.3128767e-03
  -8.9963532e-02  -2.3773844e-02   3.1773159e-03   6.5343153e-03
  -1.0059728e-01  -3.7705858e-02   7.1021965e-02  -2.0717648e-02
  -1.1365614e-01  -5.2297021e-02   5.9036152e-02  -1.4254643e-02
  -8.8066831e-03  -3.4889494e-02  -3.5568567e-02   7.0897885e-03
   1.0667278e-01  -2.0181810e-03  -6.7583206e-02   1.0366329e-02
   1.0455878e-01  -7.9392868e-03  -3.8312739e-03   1.5200442e-03
  -7.4498209e-03  -2.5574847e-03   1.3472822e-02  -7.6602757e-03
  -4.7818344e-02  -1.5088807e-02   2.4090648e-02   2.6835352e-03
  -5.8272180e-02  -3.3361467e-02  -6.9427405e-04   1.5050314e-03
  -3.6854748e-02  -2.6957235e-02   3.5806612e-02  -7.4913818e-03
   1.5676808e-02  -8.4636099e-03   1.8176448e-02  -1.0670340e-02
   2.7225129e-02   9.9775825e-03  -7.4704935e-03  -3.8470276e-03
   5.1869794e-02  -4.4479000e-05  -1.6577912e-02   3.0551017e-03
   2.1329150e-02  -7.7370479e-03  -1.6829022e-02   1.5763364e-04
  -3.4197247e-02  -1.2890395e-02   2.3835790e-02  -3.4491887e-03
  -6.2931240e-02  -1.8201039e-02   1.1134127e-02  -4.5338626e-03
  -5.0933130e-02  -1.3699351e-02   8.1770266e-03  -6.1927814e-04
   1.8461748e-02  -7.7183221e-03  -1.3680779e-02  -3.5655435e-04
   5.7409689e-02   9.1648817e-03  -1.8077076e-02  -4.1285230e-04
   4.2709100e-02   1.2374488e-02  -2.2784450e-02   3.3028070e-04
   5.7402286e-03  -3.5574438e-03  -3.7713073e-03  -3.1752053e-03
  -3.2964077e-02  -1.2744334e-02   1.4263631e-02  -4.0121682e-03
  -6.0528619e-02  -1.9167291e-02   8.8066753e-03  -4.5864074e-03
  -3.8968754e-02  -1.5403401e-02   1.3000585e-02  -7.0560110e-03
   1.8379287e-02  -1.1380672e-03   9.2857055e-04  -6.9847002e-03
   3.8563549e-02   7.3522219e-03  -2.0224628e-02  -1.1935173e-03
   4.2746582e-02   7.4308703e-03  -2.8080245e-02   3.6931452e-03
   5.1854894e-03  -1.9957100e-03  -1.7924114e-03   7.2811959e-04
  -4.1686227e-02  -9.7182402e-03   2.2478345e-03  -1.3961899e-03
  -3.4740742e-02  -1.1482213e-02   1.0597474e-03  -5.0292903e-04
  -1.2067650e-02  -1.0718199e-02  -1.7924114e-03  -2.9762859e-03
   1.9391311e-02  -2.7335075e-03   3.4764465e-04  -5.1418805e-03
   3.0013818e-02   5.8391752e-03  -2.5532369e-03  -3.8282616e-03
   1.0972769e-02   7.1499830e-03  -8.5423955e-03  -1.6889393e-03
  -7.1799478e-03   1.6071388e-03  -3.6176431e-03  -3.9783951e-04
  -2.1561937e-02  -6.2127658e-03   4.2754533e-03  -1.9404035e-03
  -2.3694684e-02  -8.0741128e-03   1.2236012e-02  -4.0234278e-03
  -8.4843346e-03  -3.6098761e-03   3.1398369e-03  -3.4041503e-03
   1.6981194e-02   1.6483356e-03  -5.6490097e-03  -1.9366503e-03
   3.1932916e-02   4.7568225e-03  -8.9734050e-03  -1.2423088e-03
   1.4496113e-02   3.6407634e-03  -2.3246145e-03  -8.3696356e-04
  -1.3518218e-02  -1.0144767e-03   2.9824247e-03  -4.8791624e-04
  -2.3436056e-02  -4.4637737e-03   7.3562345e-03  -1.2873472e-03
  -1.0039853e-02  -4.9618806e-03   5.1187328e-03  -2.0004546e-03
   8.5289177e-03  -2.4488749e-03   3.0161559e-03  -2.5484214e-03
   1.4432393e-02   1.3374869e-03   5.1899431e-03  -4.2073345e-03
   9.3272924e-03   2.2999943e-03   6.2018785e-03  -3.8920659e-03
  -1.4151577e-03   6.2965070e-04   3.8706791e-03  -2.1806081e-03
  -8.1544896e-03  -2.2279102e-03   6.8870437e-04  -1.0734150e-03
  -7.9370918e-03  -3.7559375e-03   3.6120734e-03  -7.2061446e-04
  -5.2121228e-03  -2.6660945e-03   1.2209074e-03  -1.3624111e-03
   2.9740290e-03  -6.4370540e-04   2.9517393e-04  -1.9103779e-03
   1.3495333e-02   8.5061543e-04  -1.5375536e-03  -2.4545915e-03
   1.2333379e-02   8.6559609e-04  -2.5494890e-03  -1.8540799e-03
  -2.1197332e-04   4.6860860e-04  -2.1334711e-03  -1.4599943e-03
  -1.2108881e-02  -1.0968704e-03   1.8468083e-03  -2.0417398e-03
  -1.1805273e-02  -2.9657077e-03   2.5439193e-03  -2.2894508e-03
  -2.3034901e-03  -2.1679876e-03   5.2754428e-04  -3.1189073e-03
   5.6540191e-03   3.0424300e-05  -2.3328124e-04  -3.4191631e-03
   7.2545168e-03   1.4348612e-03  -2.8643134e-03  -3.4566951e-03
   1.1261476e-03   7.1204433e-04  -2.6057076e-03  -2.5071362e-03
  -3.6903382e-03  -1.3552868e-03  -3.8462655e-03  -8.7824873e-04
  -5.0059697e-03  -2.0743584e-03  -4.5846036e-03  -8.8950832e-04
  -3.7390653e-03  -1.6848613e-03  -3.8312739e-03  -1.2573216e-03
   1.0399382e-03  -1.2841286e-03  -2.3171186e-03  -2.1243101e-03
   3.6899424e-03  -6.2123441e-04  -3.3402978e-03  -2.3945403e-03
   4.6307502e-03  -3.1413088e-04  -3.1941294e-03  -2.0004546e-03
   1.8233199e-03  -7.2609903e-04  -2.0997399e-03  -2.4433319e-03
  -4.9010191e-03  -1.6623903e-03  -8.9291323e-04  -2.3344892e-03
  -8.6005300e-03  -2.1118101e-03  -4.2442460e-04  -1.8240544e-03
  -6.1266929e-03  -1.5387998e-03  -1.0465775e-03  -1.6589137e-03
   2.3743109e-03  -6.0999892e-04  -1.5600410e-03  -2.1430761e-03
   8.3602470e-03   1.3903408e-04  -1.7062095e-03  -2.5334086e-03
   5.6615156e-03   4.0494080e-04  -1.2414688e-03  -2.2631784e-03
  -1.5875767e-03  -6.9613771e-04  -1.0503254e-03  -1.8015352e-03
  -6.6739356e-03  -2.3103038e-03   7.3742719e-04  -1.3549047e-03
  -4.3200422e-03  -1.8571389e-03   6.6551477e-05  -9.7583185e-04
   2.3480732e-03  -2.8416956e-04  -1.5487973e-03  -9.7207866e-04
   6.9733989e-03   8.4312510e-04  -1.0615691e-03  -1.5725902e-03
   5.5753061e-03   5.6972806e-04   1.5732109e-03  -2.2369060e-03
  -9.4287973e-04  -7.6729585e-04   3.8669312e-03  -2.9875454e-03
  -5.6731561e-03  -1.6548999e-03   5.9919956e-03  -3.1189073e-03
  -5.2720946e-03  -2.4975621e-03   4.4216217e-03  -2.7323280e-03
  -1.3814236e-03  -1.7897259e-03   1.2209074e-03  -1.7865224e-03
   3.1989233e-03  -2.6169857e-04   8.3112491e-04  -1.0058574e-03
   4.7282044e-03   2.8135035e-04  -1.2154612e-05  -1.3999431e-03
   3.7124319e-03   3.0756651e-04  -2.2203752e-04  -1.1897641e-03
   1.9245223e-03  -6.9988288e-04   3.8887165e-04  -1.3811771e-03
  -1.4301507e-03  -1.6286838e-03   1.2696303e-03  -1.8390672e-03
  -4.2413292e-03  -2.0443971e-03   1.8842873e-03  -1.8615863e-03
  -3.3642415e-03  -1.3889932e-03   1.7830938e-03  -2.2444124e-03
   8.9750512e-04  -9.3166145e-05  -5.7129520e-05  -2.2143869e-03
   4.3721218e-03   1.6899540e-04  -4.3941624e-04  -2.5784470e-03
   2.5879605e-03   4.5404960e-05   4.0316114e-05  -2.8299112e-03
  -2.1273229e-03  -5.9876342e-04   1.0403057e-04  -2.6309917e-03
  -4.5074541e-03  -1.3702674e-03   6.2803568e-05  -2.5671874e-03
  -2.6745657e-03  -1.5275643e-03  -1.4813349e-03  -2.1280633e-03
   1.1261476e-03  -7.8602167e-04  -3.5127016e-03  -1.8916119e-03
   2.7154006e-03   1.8772123e-04  -3.8012906e-03  -1.8690927e-03
   1.9020329e-03  -4.0733835e-05  -2.7406324e-03  -1.9929482e-03
   1.5160576e-04  -8.0849266e-04  -2.4333038e-03  -2.2556720e-03
  -1.3252000e-03  -1.0556735e-03  -1.3726456e-03  -2.2331528e-03
  -1.9661487e-03  -1.0931252e-03  -9.9410677e-04  -2.3532552e-03
  -2.0373652e-03  -1.2167156e-03  -1.0953003e-03  -2.8749495e-03
  -1.3102071e-03  -1.0294574e-03  -1.6207097e-04  -2.9387539e-03
  -2.0813186e-05  -5.2386012e-04  -5.2187024e-04  -2.6047194e-03
   1.5009714e-03  -2.4671791e-04  -1.6799741e-03  -2.5371618e-03
   1.1561335e-03  -6.5494090e-04  -1.0653170e-03  -2.2706848e-03
  -9.9535507e-04  -1.0594187e-03  -9.1165277e-04  -2.2218933e-03
  -2.1947912e-03  -1.4339352e-03  -8.8166950e-04  -2.0830250e-03
  -1.2052564e-03  -1.3665222e-03  -8.8166950e-04  -1.5800966e-03
   1.7521034e-03  -3.4034704e-04  -1.5413015e-03  -1.5763434e-03
   3.0602384e-03  -1.4185329e-04  -8.0296341e-04  -1.9741823e-03
   1.1936159e-03  -3.6281803e-04   6.3248574e-04  -2.4283191e-03
  -1.2389905e-03  -4.7517298e-04   1.8655478e-03  -2.6722769e-03
  -2.2959937e-03  -1.0332026e-03   2.4502216e-03  -2.9124815e-03
  -1.1152987e-03  -1.1418123e-03   2.4951965e-03  -2.7135621e-03
   8.0389240e-05  -7.0737321e-04   1.2771261e-03  -2.3194764e-03
   9.4623222e-04  -2.6918890e-04   6.2124201e-04  -2.1843613e-03
   2.2131367e-03  -2.2008010e-05   5.8751083e-04  -1.7790160e-03
   1.8345646e-03  -1.5683395e-04  -6.0877429e-05  -1.5763434e-03
   2.5280819e-04  -6.0250859e-04   2.0147620e-04  -1.5425646e-03
  -8.9040440e-04  -9.5829926e-04   1.1796804e-03  -1.8653395e-03
  -8.6041850e-04  -9.7702509e-04   1.4420341e-03  -2.2031273e-03
  -8.8281470e-05  -7.6355068e-04   1.0672432e-03  -2.1693485e-03
   9.4623222e-04  -8.2721849e-04   2.9142602e-04  -2.1806081e-03
   1.3472937e-03  -6.5868606e-04   1.7149293e-04  -2.0830250e-03
  -2.0813186e-05  -5.2386012e-04   1.0747390e-03  -2.3832807e-03
  -1.4001648e-03  -8.2347332e-04   7.0744392e-04  -2.3269828e-03
  -1.1865152e-03  -9.2084761e-04   2.1646784e-04  -2.1243101e-03
  -3.9188875e-04  -1.1118510e-03   2.9072387e-05  -2.2031273e-03
   4.5521304e-04  -7.6355068e-04  -7.3924896e-04  -1.7865224e-03
   1.0249452e-03  -4.0026968e-04  -1.3239228e-03  -1.7640032e-03
   4.5521304e-04  -5.6131177e-04  -1.2714520e-03  -1.7564968e-03
  -3.0567927e-04  -6.9988288e-04  -1.2452167e-03  -1.6964457e-03
  -6.4302069e-04  -8.4219915e-04  -7.9546759e-04  -1.9328971e-03
  -8.6416674e-04  -9.3208311e-04  -3.9444133e-04  -2.0905314e-03
  -7.1423722e-04  -1.0893800e-03  -8.0671132e-04  -2.4020467e-03
  -3.8064403e-04  -8.6841530e-04  -5.5934933e-04  -2.3307360e-03
  -4.1062994e-04  -6.6617639e-04  -4.6565160e-04  -2.2293996e-03
  -7.1798545e-04  -8.0474750e-04  -1.0803087e-03  -2.2369060e-03
  -5.7180417e-04  -9.4331860e-04  -1.2227292e-03  -1.9854418e-03
  -3.3941342e-04  -1.0219671e-03  -8.7042577e-04  -1.9216375e-03
  -5.3432179e-04  -1.1380672e-03  -1.2077376e-03  -1.9516631e-03
  -3.5815461e-04  -1.1343220e-03  -1.0503254e-03  -1.9253907e-03
   2.4531171e-04  -1.1455575e-03  -7.6173641e-04  -1.7827692e-03
   6.2388375e-04  -1.1642833e-03  -1.1177878e-03  -1.8653395e-03
   3.2402471e-04  -9.0212179e-04  -5.8183678e-04  -1.9404035e-03
  -6.0928655e-04  -8.1598299e-04   1.4525757e-04  -1.8765991e-03
  -1.1190469e-03  -9.7702509e-04   5.0880474e-04  -2.2293996e-03
  -6.3177598e-04  -1.1081059e-03   7.3742719e-04  -2.1243101e-03
   1.3286457e-04  -9.7327992e-04   6.0999828e-04  -1.8127948e-03
   2.5280819e-04  -1.0219671e-03   2.6519065e-04  -1.9891950e-03
   1.2536810e-04  -8.4594431e-04   3.6263629e-04  -1.8615863e-03
   1.1037514e-04  -5.6505694e-04   3.9636747e-04  -1.7077053e-03
   2.1157757e-04  -6.3996024e-04   2.6893856e-04  -1.9141311e-03
   5.1893309e-04  -6.1374408e-04   5.7251919e-04  -1.8878587e-03
   2.8279409e-04  -7.3358936e-04   7.9739373e-04  -1.7152117e-03
  -3.2067223e-04  -7.4857002e-04   9.3981427e-04  -1.9366503e-03
  -4.8934294e-04  -9.8451542e-04   1.1534451e-03  -2.1130505e-03
  -2.9068632e-04  -8.4594431e-04   7.5616673e-04  -1.9666759e-03
   3.1662146e-05  -5.5382144e-04   5.5003174e-04  -2.0304802e-03
  -1.4075680e-04  -7.1111837e-04   5.5752756e-04  -1.7227181e-03
  -2.9818280e-04  -6.6243123e-04   6.2803568e-05  -1.6551605e-03
   2.2657052e-04  -8.5343464e-04   3.0266974e-04  -2.1543357e-03
  -6.9540280e-05  -9.1710245e-04   2.6144274e-04  -1.9554163e-03
  -5.3432179e-04  -1.0332026e-03  -1.5457515e-04  -1.9854418e-03
  -1.6699447e-04  -1.0781445e-03  -1.6956679e-04  -2.0229738e-03
   3.9158622e-05  -7.7104101e-04  -6.0057633e-04  -1.9891950e-03
   2.1907405e-04  -6.1748925e-04  -9.4163604e-04  -1.9779355e-03
   4.0273771e-04  -4.9389880e-04  -8.0296341e-04  -1.8127948e-03
   1.1037514e-04  -6.9239255e-04  -3.2697897e-04  -2.0905314e-03
  -2.6444866e-04  -8.7965080e-04  -8.3364883e-05  -2.0229738e-03
  -3.3566518e-04  -8.9463146e-04  -1.1709606e-04  -2.3269828e-03
  -5.3807003e-04  -9.3208311e-04  -1.8830634e-04  -2.3382424e-03
  -4.8559470e-04  -8.0100233e-04  -6.3805542e-04  -2.1543357e-03
   3.9158622e-05  -6.6992156e-04  -8.2545087e-04  -2.1618421e-03
   2.6780114e-04  -6.8115705e-04  -7.7672805e-04  -1.7264713e-03
   2.9778704e-04  -6.2872474e-04  -7.8422387e-04  -2.0605058e-03
   9.1727180e-06  -6.3621507e-04  -3.3447479e-04  -2.1243101e-03
  -4.1437818e-04  -9.5080893e-04  -1.8455843e-04  -2.1543357e-03
  -4.5186056e-04  -9.2084761e-04  -2.1828961e-04  -2.3795275e-03
  -3.9563699e-04  -7.3733453e-04   3.6568205e-05  -2.3307360e-03
   7.6641002e-05  -7.6729585e-04  -2.1828961e-04  -2.4808638e-03
   4.5896128e-04  -5.9876342e-04  -2.0329797e-04  -2.2631784e-03
  -3.2057900e-05  -7.5231519e-04   2.4270320e-04  -2.3457488e-03
  -2.9818280e-04  -9.2833794e-04   3.1391347e-04  -2.4545915e-03
  -2.9818280e-04  -8.7590563e-04   3.2515720e-04  -2.3982935e-03
  -4.1062994e-04  -8.7216047e-04   3.1016556e-04  -2.6047194e-03
  -1.5200152e-04  -7.4107969e-04   1.2277011e-04  -2.2293996e-03
   1.7034695e-04  -6.0999892e-04  -4.5885793e-05  -2.0042078e-03
   3.0528352e-04  -6.5868606e-04  -9.8356519e-05  -2.2894508e-03
   3.6150709e-04  -1.0032412e-03  -1.0960025e-04  -2.1505825e-03
   2.5655643e-04  -7.8602167e-04   4.0761120e-04  -2.1881145e-03
  -1.5949799e-04  -5.5382144e-04   6.7371273e-04  -2.3982935e-03
