  -2.8693808e-04  -8.7590563e-04  -1.0210443e-04  -2.0905314e-03
  -2.4570747e-04  -6.5119573e-04  -2.2578543e-04  -1.9178843e-03
   5.0403336e-05  -7.7104101e-04  -1.9580215e-04  -2.0454930e-03
  -1.1451914e-04  -8.2347332e-04  -4.2137884e-05  -2.1543357e-03
  -1.8198742e-04  -9.2833794e-04  -1.1709606e-04  -2.1355697e-03
   8.0389240e-05  -8.0474750e-04  -1.6581888e-04  -2.1505825e-03
  -3.3191694e-04  -9.6578959e-04  -2.0329797e-04  -2.0942846e-03
  -2.7194513e-04  -7.7104101e-04  -1.2833979e-04  -1.9967014e-03
  -2.3821099e-04  -7.4107969e-04  -1.1709606e-04  -2.1731017e-03
  -3.6565108e-04  -7.9725717e-04   2.1576569e-05  -2.1993741e-03
  -2.4570747e-04  -5.6880210e-04   1.0332842e-05  -2.1393229e-03
  -2.9068632e-04  -9.8826058e-04  -3.4571851e-04  -2.1655953e-03
  -1.8948390e-04  -9.3957344e-04  -3.0074361e-04  -2.0755186e-03
  -1.2576385e-04  -7.6355068e-04  -1.6207097e-04  -1.9516631e-03
  -2.0719960e-06  -9.1710245e-04  -3.1198733e-04  -1.9479099e-03
  -2.6070042e-04  -9.2084761e-04  -3.9444133e-04  -2.3232296e-03
  -4.0313346e-04  -7.3733453e-04  -6.4625338e-05  -2.2669316e-03
  -1.7074271e-04  -7.5980552e-04  -1.9580215e-04  -2.3194764e-03
  -4.0688170e-04  -1.0631639e-03  -2.3702915e-04  -2.5371618e-03
  -4.2562289e-04  -9.1335728e-04   1.2277011e-04  -2.1768549e-03
  -2.3071451e-04  -8.1223783e-04  -1.4333143e-04  -2.2594252e-03
  -2.4195923e-04  -9.3957344e-04  -1.7331470e-04  -2.3795275e-03
  -2.8693808e-04  -1.0631639e-03  -3.2323106e-04  -2.1806081e-03
  -2.8693808e-04  -9.3957344e-04  -4.2442460e-04  -2.2293996e-03
  -1.7823918e-04  -8.6841530e-04  -3.0894157e-05  -2.3607615e-03
  -1.0327442e-04  -8.8339596e-04  -4.2137884e-05  -2.1731017e-03
  -1.1077090e-04  -7.7478618e-04  -2.7146248e-05  -1.9591695e-03
  -2.7569337e-04  -7.6729585e-04  -4.2137884e-05  -1.9516631e-03
  -9.5684720e-06  -5.0887946e-04  -2.5951661e-04  -1.9591695e-03
  -1.1451914e-04  -6.2123441e-04  -8.7112792e-05  -2.1543357e-03
  -3.1317575e-04  -7.7104101e-04   1.8273666e-04  -1.9366503e-03
   1.6285048e-04  -6.8490222e-04   3.6568205e-05  -1.6626669e-03
  -2.1946980e-04  -8.8339596e-04  -2.6701242e-04  -2.0079610e-03
  -3.8814051e-04  -7.7853134e-04  -3.1948315e-04  -2.0267270e-03
  -1.7074271e-04  -7.1486354e-04  -2.0704588e-04  -1.9253907e-03
  -1.9698037e-04  -7.0737321e-04  -1.8081052e-04  -1.9891950e-03
  -1.4450504e-04  -9.1710245e-04   8.5291022e-05  -1.9741823e-03
  -4.4811232e-04  -1.1230865e-03   2.1576569e-05  -2.0267270e-03
  -2.7944161e-04  -8.1598299e-04  -2.3328124e-04  -2.0229738e-03
  -1.2201561e-04  -8.1972816e-04  -6.8373247e-05  -2.0717654e-03
  -2.4945570e-04  -8.4968948e-04  -2.3328124e-04  -1.8090416e-03
  -2.3446275e-04  -7.4482486e-04  -7.9616974e-05  -1.8052884e-03
  -2.4945570e-04  -7.5606035e-04  -8.3364883e-05  -2.1468293e-03
  -3.2442046e-04  -1.1006155e-03  -3.9818924e-04  -2.0079610e-03
  -5.2682532e-04  -9.9575091e-04  -2.2203752e-04  -2.1355697e-03
  -3.3191694e-04  -5.2386012e-04  -1.3208770e-04  -2.2031273e-03
  -3.3941342e-04  -1.0069864e-03  -2.3702915e-04  -2.0454930e-03
  -4.4811232e-04  -1.0144767e-03  -3.0823942e-04  -2.0117142e-03
  -2.4570747e-04  -7.7478618e-04  -9.0860701e-05  -2.0942846e-03
  -2.7194513e-04  -1.0219671e-03  -2.1079379e-04  -2.2406592e-03
  -2.2321804e-04  -7.1486354e-04  -3.3072688e-04  -2.0792718e-03
  -1.8948390e-04  -7.8602167e-04  -1.9205424e-04  -2.0567526e-03
  -2.3821099e-04  -1.2616576e-03  -1.7331470e-04  -2.1017910e-03
  -2.8693808e-04  -1.1305768e-03  -2.4077706e-04  -2.2331528e-03
  -3.5440637e-04  -1.0481832e-03  -2.6326452e-04  -2.1430761e-03
  -3.9563699e-04  -9.7702509e-04  -1.3583561e-04  -2.1130505e-03
  -1.8198742e-04  -7.3358936e-04  -4.9563487e-04  -2.2369060e-03
  -1.6699447e-04  -8.4594431e-04  -3.3447479e-04  -2.0642590e-03
  -7.0674074e-04  -1.0743994e-03  -6.8373247e-05  -2.1318165e-03
  -4.3686760e-04  -1.1268317e-03  -4.0568506e-04  -2.1993741e-03
  -6.2043804e-05  -8.0100233e-04  -1.6581888e-04  -2.2894508e-03
  -4.8934294e-04  -7.3733453e-04  -1.9580215e-04  -2.0154674e-03
  -4.3311937e-04  -9.8826058e-04  -2.8949988e-04  -1.9516631e-03
  -2.5695218e-04  -7.7104101e-04  -1.0210443e-04  -2.1956209e-03
  -2.7944161e-04  -9.2833794e-04  -2.4077706e-04  -2.0342334e-03
  -2.8318985e-04  -1.1043607e-03  -2.5951661e-04  -2.1430761e-03
  -3.0193104e-04  -7.8602167e-04  -2.4077706e-04  -2.2556720e-03
  -1.8948390e-04  -8.2721849e-04  -5.3381611e-05  -2.2331528e-03
  -3.6939932e-04  -9.0586695e-04   2.8370240e-06  -2.1017910e-03
  -3.4690989e-04  -8.7965080e-04  -2.1079379e-04  -1.9066247e-03
  -2.1572156e-04  -9.2459278e-04  -1.0585234e-04  -2.0154674e-03
  -3.3941342e-04  -9.1710245e-04  -1.7331470e-04  -2.0792718e-03
  -2.2696628e-04  -6.7366672e-04  -1.9580215e-04  -1.8090416e-03
  -2.0447685e-04  -6.2497958e-04  -1.9955006e-04  -1.9291439e-03
  -1.9698037e-04  -8.9837662e-04  -2.5951661e-04  -1.8465736e-03
  -3.0567927e-04  -9.0961212e-04  -1.8455843e-04  -1.6964457e-03
  -3.1692399e-04  -9.0586695e-04  -4.5440787e-04  -2.3007104e-03
  -1.7449094e-04  -8.6841530e-04  -4.3192042e-04  -2.2181401e-03
  -2.9443456e-04  -8.3096365e-04  -3.2323106e-04  -1.8578331e-03
  -1.0327442e-04  -8.9463146e-04  -2.8200406e-04  -1.9891950e-03
  -3.6939932e-04  -7.8602167e-04  -1.5082725e-04  -2.1318165e-03
  -5.5306298e-04  -7.7853134e-04  -2.2953333e-04  -2.1693485e-03
  -6.2043804e-05  -7.9351200e-04  -1.9650430e-05  -1.9816886e-03
  -2.6070042e-04  -7.8602167e-04  -7.5869065e-05  -2.0379866e-03
  -3.8439227e-04  -9.0586695e-04  -3.6820597e-04  -2.2218933e-03
  -2.4945570e-04  -6.6617639e-04  -2.7450824e-04  -1.9328971e-03
  -3.5440637e-04  -8.0100233e-04  -1.6581888e-04  -1.9328971e-03
  -1.7449094e-04  -1.1380672e-03  -2.3702915e-04  -2.3232296e-03
  -1.8198742e-04  -7.5231519e-04  -4.5885793e-05  -2.2256465e-03
  -2.7194513e-04  -8.7965080e-04   7.0299386e-05  -2.0304802e-03
  -2.1197332e-04  -9.5829926e-04  -1.1709606e-04  -2.0792718e-03
  -3.2816870e-04  -8.0474750e-04  -1.0210443e-04  -2.2369060e-03
  -2.7944161e-04  -9.3957344e-04  -3.0823942e-04  -2.3495020e-03
  -1.2951209e-04  -8.1598299e-04  -4.0943297e-04  -2.4133063e-03
  -7.7036756e-05  -9.8451542e-04  -3.0823942e-04  -2.2969572e-03
  -2.4195923e-04  -8.8714113e-04  -2.1454170e-04  -2.1806081e-03
  -2.7944161e-04  -8.1972816e-04  -2.7146248e-05  -2.4508383e-03
  -1.8948390e-04  -9.6953476e-04   3.2820296e-05  -2.2932040e-03
  -2.8693808e-04  -8.0474750e-04  -1.5832306e-04  -2.0717654e-03
  -3.6939932e-04  -1.0219671e-03  -2.1828961e-04  -2.2932040e-03
  -3.2816870e-04  -9.1335728e-04  -1.1709606e-04  -2.1580889e-03
  -5.4547328e-05  -8.1598299e-04  -1.8081052e-04  -2.1806081e-03
  -2.3071451e-04  -9.6578959e-04  -3.2323106e-04  -2.3757743e-03
  -4.5935703e-04  -8.4968948e-04  -2.9699570e-04  -2.4245659e-03
  -4.6685351e-04  -9.7702509e-04  -7.2121156e-05  -2.3307360e-03
  -4.0688170e-04  -9.3208311e-04  -1.5457515e-04  -2.1731017e-03
  -1.7449094e-04  -8.5717981e-04  -7.5869065e-05  -2.3419956e-03
  -3.1317575e-04  -7.5606035e-04  -9.0860701e-05  -2.0229738e-03
  -4.2562289e-04  -7.3733453e-04  -1.0585234e-04  -1.9253907e-03
  -2.8693808e-04  -7.9351200e-04  -1.9650430e-05  -2.2369060e-03
  -1.4450504e-04  -6.4370540e-04  -4.5885793e-05  -2.1168037e-03
  -2.4195923e-04  -6.9988288e-04   8.5291022e-05  -2.0004546e-03
  -2.6819689e-04  -9.0212179e-04  -3.0894157e-05  -1.9554163e-03
  -2.5695218e-04  -9.0586695e-04  -6.0877429e-05  -2.0079610e-03
  -2.7194513e-04  -6.9988288e-04   1.0332842e-05  -1.9066247e-03
  -2.0072861e-04  -9.7702509e-04  -9.1088500e-07  -2.0154674e-03
  -2.4195923e-04  -9.0586695e-04  -3.3072688e-04  -2.0192206e-03
  -1.6324623e-04  -6.6992156e-04  -2.7076033e-04  -2.0004546e-03
  -2.1946980e-04  -8.3470882e-04  -1.0210443e-04  -2.1468293e-03
  -2.1572156e-04  -9.0586695e-04  -2.4827288e-04  -1.9441567e-03
  -1.4450504e-04  -1.0069864e-03  -6.0877429e-05  -2.0980378e-03
  -2.5320394e-04  -7.3358936e-04  -4.6587940e-06  -1.9479099e-03
  -3.2067223e-04  -8.7965080e-04   1.2651802e-04  -1.9967014e-03
  -1.3700856e-04  -9.1710245e-04  -2.3702915e-04  -2.1993741e-03
  -2.8693808e-04  -6.7741189e-04  -5.2187024e-04  -1.8765991e-03
  -4.9683941e-04  -1.1006155e-03  -8.4067030e-06  -1.9854418e-03
  -2.1946980e-04  -1.0257122e-03   4.7811932e-05  -2.1768549e-03
  -2.3071451e-04  -7.4482486e-04  -2.2203752e-04  -2.2594252e-03
  -2.8318985e-04  -9.5080893e-04  -1.6581888e-04  -2.0042078e-03
  -3.6190284e-04  -8.4594431e-04  -1.5457515e-04  -2.1092973e-03
  -3.1317575e-04  -6.1374408e-04  -3.5321433e-04  -2.4170595e-03
  -3.8814051e-04  -8.5343464e-04  -2.1454170e-04  -2.0417398e-03
  -4.6310527e-04  -8.3096365e-04  -1.6956679e-04  -2.1543357e-03
  -2.8693808e-04  -7.4482486e-04  -3.5321433e-04  -2.2744380e-03
  -3.5065813e-04  -9.0961212e-04  -2.5576870e-04  -1.9404035e-03
  -4.5560879e-04  -7.2235387e-04  -1.2084397e-04  -2.0529994e-03
  -4.8559470e-04  -8.0849266e-04  -2.2578543e-04  -2.1543357e-03
  -2.2696628e-04  -9.4706377e-04  -4.4691206e-04  -2.1280633e-03
  -4.3686760e-04  -1.0107316e-03  -2.1454170e-04  -2.1768549e-03
  -4.0688170e-04  -1.0406929e-03  -1.3958352e-04  -1.9967014e-03
  -2.9818280e-04  -8.4219915e-04  -4.6939951e-04  -2.1130505e-03
  -4.6685351e-04  -9.6204443e-04  -2.5576870e-04  -2.2406592e-03
  -2.4945570e-04  -8.5717981e-04  -1.6207097e-04  -2.1393229e-03
  -2.8318985e-04  -9.6204443e-04  -4.8064324e-04  -2.1993741e-03
  -1.2951209e-04  -1.0519284e-03  -2.8949988e-04  -2.0755186e-03
  -2.6444866e-04  -9.1710245e-04  -2.9324779e-04  -2.0792718e-03
  -3.3941342e-04  -9.7327992e-04  -3.7944969e-04  -2.1655953e-03
  -2.3821099e-04  -7.5606035e-04  -1.4333143e-04  -2.1655953e-03
  -5.0433589e-04  -9.0212179e-04  -2.1828961e-04  -2.2481656e-03
  -2.3821099e-04  -9.0212179e-04  -2.1828961e-04  -2.0830250e-03
  -1.2201561e-04  -9.8451542e-04  -1.7706261e-04  -2.0755186e-03
  -3.5440637e-04  -9.9575091e-04  -1.8830634e-04  -2.0905314e-03
  -2.8318985e-04  -4.7891814e-04  -2.7450824e-04  -2.0680122e-03
  -2.7569337e-04  -8.9463146e-04  -2.0704588e-04  -2.0680122e-03
  -3.9938522e-04  -1.1755188e-03  -9.4608610e-05  -1.9103779e-03
  -4.2937113e-04  -9.0961212e-04  -1.6207097e-04  -2.2594252e-03
  -4.2562289e-04  -7.4857002e-04  -9.8356519e-05  -2.0492462e-03
  -3.2442046e-04  -9.2459278e-04  -1.7706261e-04  -1.7489904e-03
  -1.4075680e-04  -1.0519284e-03  -1.5457515e-04  -2.1843613e-03
  -8.0784994e-05  -6.5119573e-04  -9.4608610e-05  -1.9516631e-03
  -2.7194513e-04  -7.4107969e-04  -2.5202079e-04  -1.8653395e-03
  -2.3071451e-04  -7.3358936e-04  -4.0193715e-04  -2.0717654e-03
  -1.7074271e-04  -9.4331860e-04  -1.4333143e-04  -2.2031273e-03
  -3.6565108e-04  -1.0706542e-03  -8.3364883e-05  -2.0004546e-03
  -1.0702266e-04  -6.9988288e-04  -4.1692878e-04  -1.8052884e-03
  -2.4561424e-05  -7.0362804e-04  -1.6956679e-04  -2.0717654e-03
  -3.5815461e-04  -6.4745057e-04  -8.3364883e-05  -2.0304802e-03
  -5.1932884e-04  -7.9725717e-04  -3.4197060e-04  -2.3269828e-03
  -4.7809822e-04  -6.8490222e-04  -3.0074361e-04  -2.2669316e-03
  -3.8064403e-04  -7.1860870e-04  -2.1454170e-04  -2.0342334e-03
  -3.7314756e-04  -8.8714113e-04  -1.8455843e-04  -2.2556720e-03
  -2.9068632e-04  -8.5717981e-04  -2.0704588e-04  -2.0680122e-03
  -3.2442046e-04  -1.1193414e-03  -1.9205424e-04  -2.1430761e-03
  -3.5065813e-04  -8.6467014e-04  -1.0210443e-04  -2.2181401e-03
  -3.9563699e-04  -7.7478618e-04   2.9072387e-05  -2.0867782e-03
  -3.4690989e-04  -8.5717981e-04  -9.4608610e-05  -2.2143869e-03
  -2.0072861e-04  -8.7590563e-04  -9.4608610e-05  -2.1655953e-03
  -4.1812641e-04  -9.1710245e-04   8.1543113e-05  -2.0492462e-03
  -2.0822509e-04  -6.5868606e-04  -1.3583561e-04  -2.0342334e-03
  -1.5949799e-04  -7.5231519e-04  -1.4707934e-04  -2.3194764e-03
  -5.2682532e-04  -7.5980552e-04  -2.1454170e-04  -2.3795275e-03
  -3.4690989e-04  -1.0182219e-03  -3.6445806e-04  -2.2068805e-03
   8.0389240e-05  -1.1717737e-03   2.9072387e-05  -2.5521746e-03
   3.5026238e-04  -8.2721849e-04   5.5307750e-05  -2.3082168e-03
  -4.2187465e-04  -1.2204608e-03  -6.8303032e-04  -2.0079610e-03
  -2.8318985e-04  -9.2459278e-04  -2.8949988e-04  -2.3457488e-03
  -9.9526184e-05  -9.1335728e-04   6.5497319e-04  -2.3344892e-03
  -9.0164912e-04  -1.0182219e-03  -6.4555123e-04  -2.4508383e-03
   3.5401061e-04  -6.1374408e-04   8.3862073e-04  -2.3194764e-03
  -8.2668436e-04  -1.1904995e-03  -1.2677041e-03  -1.5763434e-03
  -1.7823918e-04  -5.1969330e-05   4.4509029e-04  -2.6272385e-03
  -8.4533232e-05  -1.4451707e-03   1.2621344e-03  -1.8090416e-03
  -8.0044669e-04  -2.5795341e-04  -3.3290541e-03  -2.0830250e-03
   8.6002274e-04  -1.1717737e-03   4.1030495e-03  -2.1393229e-03
  -1.7562474e-03  -8.4594431e-04  -5.8026740e-03  -1.4449815e-03
   1.3397972e-03   5.3602157e-04   6.8052919e-03  -3.4717079e-03
  -2.0411135e-03  -3.1492208e-03  -4.9481508e-03  -7.8817769e-05
   1.5721880e-03   2.3374459e-03   8.5291022e-05  -3.9934022e-03
  -5.3057355e-04  -4.4038511e-03   5.4522967e-03   3.7531338e-05
  -9.3163502e-04   3.0977144e-03  -1.4048074e-02  -3.1752053e-03
   2.3180873e-03  -3.4488340e-03   2.3509722e-02  -2.5183958e-03
  -4.0014419e-03  -1.9357873e-03  -3.2551501e-02   1.0096094e-03
   5.6877533e-03   9.6030660e-03   3.8201526e-02  -8.8387796e-03
  -5.7031513e-02  -5.0937526e-02  -4.3978875e-02   2.2098823e-02
   4.9647089e-02  -8.3674013e-02   2.9506377e-02  -1.2104061e-02
   2.1151849e-01  -1.0157590e-01   1.7537499e-01  -4.7402879e-02
   1.3607780e-02  -9.5853290e-02  -2.4053421e-01  -5.0442974e-03
  -3.0895050e-02  -4.9817722e-02  -1.6484519e-01   3.3328383e-03
   6.7829791e-02  -8.8943039e-03   8.4675597e-02  -3.1819605e-02
  -5.4145370e-02  -1.2684411e-02   2.2362558e-01  -7.5184043e-02
  -4.0932831e-02  -8.5033508e-02   9.6836860e-03  -1.7636273e-02
  -6.0247501e-02  -6.4259078e-02  -3.0660235e-01   2.1164277e-02
  -1.2888149e-01   1.6670614e-03   1.1254880e-01  -5.3340436e-02
   8.4689459e-03   1.1015415e-03   2.1429328e-01  -6.5658429e-02
  -4.0884104e-02  -1.8377062e-02  -1.0386671e-01  -1.3901842e-02
  -4.4433685e-02  -2.9410318e-02  -2.7663782e-01   1.1308382e-02
   5.1896031e-02  -3.5372620e-02   3.4749701e-02  -2.4801126e-02
  -1.4316602e-01  -2.7519009e-02   2.6561715e-01  -8.1511933e-02
  -8.5922932e-02  -7.9317965e-03   1.8378835e-02  -2.7056798e-02
   5.3995045e-02  -1.9976247e-02  -2.0299891e-01   2.4617218e-02
   2.0317126e-02  -1.3055182e-02  -1.2457391e-01  -1.2941024e-02
   1.0061947e-02   1.5232049e-02   8.2235708e-02  -3.0134419e-02
  -9.2808445e-02   6.9102924e-03   1.0824245e-01  -4.2872770e-02
  -3.2356862e-02  -1.5377185e-02   3.6982753e-03  -3.0025582e-03
  -5.8202340e-06  -5.0783974e-02  -1.0543709e-01   1.7084552e-02
   1.4758489e-02  -5.6124580e-02   5.1120568e-02  -1.3601587e-02
  -5.1083059e-02   3.3860921e-03   4.6563111e-02  -1.0126126e-02
  -1.0012501e-01   3.6590725e-02  -3.2375349e-02  -5.6335493e-03
   5.6034086e-02   1.2992440e-02  -1.0341392e-02   6.6056261e-03
  -4.3575246e-03  -2.2541685e-02  -6.7796837e-02   1.0460159e-02
   1.0837832e-02  -2.4477935e-02  -3.1996810e-02   5.9375570e-03
  -1.0432303e-01   2.0265972e-03   8.6973065e-02  -1.7155864e-02
  -1.1235176e-01   4.0868596e-04   7.2393699e-02  -2.5352846e-02
   9.2778063e-02  -1.2834217e-02  -6.8227846e-02   8.5873141e-03
  -1.2112629e-02  -5.8457396e-03  -1.0161797e-01   2.6561375e-02
   3.6637048e-03   1.5861237e-02  -5.1118642e-02  -6.0764266e-03
  -2.7694054e-02   1.9520263e-02   1.3678278e-01  -4.3139247e-02
  -4.9081500e-02  -6.3775530e-03   4.6728019e-02  -1.9565417e-02
   3.4444235e-02  -2.6979706e-02  -1.0035492e-01   1.4832634e-02
  -1.0332216e-02  -2.0538022e-02  -1.8654254e-02   1.0636560e-02
  -1.3660651e-02   1.2119817e-02   4.6199563e-02  -1.7452367e-02
  -5.9880081e-03   2.6261560e-02   4.4966501e-02  -1.6836842e-02
   4.3272361e-04   5.5732685e-03  -7.2211874e-02   1.1458510e-02
   8.7538120e-03  -1.4339774e-02  -5.2074359e-02   1.6007385e-02
  -9.5225965e-03  -1.5721740e-02   1.7351908e-02  -4.7440416e-03
  -7.5079279e-02  -1.5687612e-03   8.1504866e-02  -1.8968658e-02
  -2.0887254e-02   5.0751616e-03  -4.2435439e-03  -3.3440992e-03
   4.6697225e-02  -3.3701855e-03  -7.6454507e-02   1.2261694e-02
  -3.2030672e-03  -3.3214984e-03  -8.4561936e-03   4.2260992e-03
  -9.6237989e-03   9.7528726e-03   1.6137585e-02  -1.0021037e-02
  -2.6329696e-02   7.9027611e-03   5.7300870e-02  -1.4021945e-02
  -5.9692669e-03  -1.0257544e-02   4.9163457e-03  -3.6481081e-03
   2.0377098e-02  -1.6972625e-02  -3.2690173e-02   5.9450634e-03
  -8.3156639e-03  -4.5349318e-03  -7.3505604e-03   1.5200442e-03
  -1.1951455e-02   1.3157228e-02   2.3378545e-02  -7.5401734e-03
   5.5415720e-03   1.3823867e-02   2.2628262e-03  -6.2715928e-03
   2.0632071e-03  -5.0779808e-03  -2.5048187e-02   4.4625506e-03
   3.6299706e-03  -1.3849157e-02  -2.8342599e-02   7.1948780e-03
  -1.8574591e-02  -4.9918420e-03   1.4777094e-02  -4.0497002e-03
  -3.1854599e-02   2.3786428e-03   4.7758694e-02  -1.2152853e-02
   2.2161259e-02   2.1202264e-03  -1.8819162e-02  -1.7189649e-03
   1.1051482e-02  -3.0289539e-04  -3.7693632e-02   7.0935417e-03
  -4.4849646e-03   2.0303424e-03  -8.4449499e-03  -7.6565282e-04
  -4.8447955e-03   4.8579420e-03   3.4783433e-02  -1.1668690e-02
  -1.3716875e-02  -1.0669090e-03   3.0079807e-02  -1.0099854e-02
   1.1336348e-02  -1.0530941e-02  -2.0798058e-02   2.9349994e-03
   3.0227561e-03  -8.3138033e-03  -2.6221282e-02   4.9279470e-03
  -5.1109204e-03   2.8130819e-03   9.1739703e-03  -4.2636324e-03
  -6.9924426e-04   9.3521400e-03   1.1842482e-02  -6.9959598e-03
  -1.8948390e-04   3.6370182e-03  -1.3118592e-02   3.8657866e-04
   3.7686554e-03  -7.1078602e-03  -2.3286670e-02   4.6764828e-03
  -3.0044106e-03  -7.4449250e-03  -1.1027961e-03  -1.2010237e-03
  -1.2989717e-02   4.8733443e-04   2.8179617e-02  -7.8892207e-03
   1.0699241e-03   3.3786018e-03   5.5160112e-03  -4.8303652e-03
   9.9195140e-03  -4.9389880e-04  -2.0651889e-02   2.6197309e-03
  -4.6310527e-04  -1.3552868e-03  -1.3774476e-02   1.9066234e-03
  -3.0456413e-03   1.0753253e-03   1.1973658e-02  -5.0555570e-03
  -6.5464955e-03   1.1015415e-03   2.4551641e-02  -8.4446939e-03
   2.2168849e-03  -4.0180991e-03   2.9486935e-03  -2.7548472e-03
   5.0730423e-03  -6.7071275e-03  -1.9287651e-02   2.8036375e-03
  -2.0973370e-03  -1.0369477e-03  -6.9870133e-03   6.6431524e-04
  -1.8574498e-03   5.8728817e-03   9.0540373e-03  -4.4100071e-03
  -6.1678303e-04   4.1800671e-03   4.1405286e-03  -3.7231721e-03
   1.7221175e-03  -3.9169796e-03  -1.2076674e-02   1.4262142e-03
  -9.9526184e-05  -5.7783266e-03  -1.1387058e-02   1.6664188e-03
  -3.8852466e-03  -1.7372936e-03   1.1501422e-02  -3.9220915e-03
  -1.7787368e-03   1.6895324e-03   1.6463653e-02  -6.3916951e-03
   3.2888810e-03   6.0717971e-04  -4.2547876e-03  -1.4337219e-03
   1.3210560e-03  -2.0668681e-03  -1.5239909e-02   1.9066234e-03
  -1.0853128e-03  -9.0586695e-04   2.6038859e-03  -1.9028715e-03
  -2.6745657e-03   1.1652093e-03   1.6621066e-02  -6.7144701e-03
  -1.2839694e-03  -6.0999892e-04   8.7841878e-03  -4.5638882e-03
   2.4155415e-03  -3.8495666e-03  -1.0461325e-02   6.2678327e-04
   1.1037514e-04  -2.9881787e-03  -1.1521983e-02   1.0696605e-03
  -1.8537016e-03   9.7795104e-04   3.2222909e-03  -2.3269828e-03
  -1.2877176e-03   3.2175597e-03   5.4635404e-03  -3.9070787e-03
   6.3512846e-04   7.9533100e-06  -5.0793276e-03  -1.4149559e-03
   1.0174487e-03  -4.4338124e-03  -9.7792055e-03   5.9300449e-04
  -1.6438002e-03  -3.2615757e-03  -6.0877429e-05  -1.1334661e-03
  -2.5733633e-03   3.4127299e-04   9.5487612e-03  -4.5638882e-03
   5.5641547e-04   6.1467004e-04   5.8645667e-03  -4.5413690e-03
   1.4335032e-03  -1.2316963e-03  -6.1362379e-03  -1.2310492e-03
  -4.7060175e-04  -1.8196872e-03  -5.6527577e-03  -5.7423977e-04
  -1.5463461e-03  -8.9420980e-05   5.3023804e-03  -3.1526861e-03
  -1.2577317e-03   8.9930258e-04   9.3688616e-03  -4.7515480e-03
   7.5882032e-04  -1.6324290e-03  -1.8523779e-03  -2.0830250e-03
   5.5641547e-04  -3.4226178e-03  -1.1282117e-02   9.8333698e-04
  -1.0103480e-03  -1.4226997e-03  -3.8687530e-03  -7.6189962e-04
  -1.5351013e-03   8.5810576e-04   5.2124305e-03  -3.2427628e-03
  -2.1946980e-04   5.5849256e-04   1.1347055e-03  -2.7998856e-03
   9.4623222e-04  -1.8047066e-03  -7.5192163e-03  -2.6272442e-04
  -1.9323213e-04  -2.8159011e-03  -4.2435439e-03  -1.8766048e-04
  -1.6063179e-03  -7.3358936e-04   6.4679800e-03  -3.5467718e-03
  -8.1543964e-04   8.1690895e-04   7.5773611e-03  -4.3011644e-03
   9.5747693e-04  -4.9764397e-04  -9.6037559e-04  -2.2781912e-03
   4.1023418e-04  -2.0219261e-03  -5.2404877e-03  -7.4688684e-04
  -9.2413854e-04  -1.3065996e-03  -2.7146248e-05  -1.6551605e-03
  -1.0328374e-03  -1.1563714e-04   5.9507686e-03  -3.3891375e-03
  -3.5806138e-05  -6.0250859e-04   1.7830938e-03  -2.5521746e-03
   4.2522714e-04  -2.0781036e-03  -5.9713299e-03  -6.2303133e-04
  -4.1812641e-04  -1.7897259e-03  -5.7239679e-03  -2.2519245e-04
  -1.0890610e-03   7.9111445e-05   1.3483364e-03  -1.8728459e-03
  -6.4676893e-04   6.6335718e-04   3.1998034e-03  -3.0063114e-03
   3.0153528e-04  -8.9088629e-04  -2.3583456e-03  -1.6063689e-03
   3.7275180e-04  -2.4039329e-03  -4.7757470e-03  -5.5922698e-04
  -8.5667026e-04  -1.4039739e-03   1.3146052e-03  -2.1655953e-03
  -1.0328374e-03   2.8884068e-04   6.9289729e-03  -3.7832232e-03
   3.9149299e-04  -1.1563714e-04   2.1428931e-03  -2.9650263e-03
   5.4891899e-04  -1.8983357e-03  -4.4534268e-03  -1.3098664e-03
  -4.1812641e-04  -1.8758647e-03  -2.4820266e-03  -1.3549047e-03
  -1.3102071e-03  -3.1787605e-04   3.7694856e-03  -2.9425071e-03
  -6.9549603e-04  -5.1969330e-05   3.5258715e-03  -3.0063114e-03
   4.8894718e-04  -1.2204608e-03  -3.5239453e-03  -1.2685812e-03
   8.0389240e-05  -1.6811161e-03  -6.5110288e-03  -4.6164386e-04
  -7.9669845e-04  -5.3884078e-04  -6.6054287e-04  -1.5876030e-03
  -9.6911740e-04   3.8621497e-04   3.8182084e-03  -3.0063114e-03
  -9.2029708e-05  -4.8640847e-04   4.6008192e-04  -2.5371618e-03
   4.2897537e-04  -2.0631229e-03  -3.4752225e-03  -1.2986068e-03
  -3.2067223e-04  -1.5762515e-03  -5.3311396e-04  -1.7114585e-03
  -9.6536916e-04  -2.9915022e-04   4.8376396e-03  -3.4566951e-03
  -3.6190284e-04   4.9150125e-05   3.8706791e-03  -3.7194189e-03
   4.2897537e-04  -7.7853134e-04  -1.8936049e-03  -2.0267270e-03
   1.0662691e-04  -2.0144358e-03  -3.7038450e-03  -1.3098664e-03
  -9.5787269e-04  -1.1268317e-03   1.0335120e-03  -2.4020467e-03
  -9.5412445e-04  -2.0177593e-04   3.2972490e-03  -3.2052309e-03
   1.4410929e-04  -6.9239255e-04  -7.9921550e-04  -2.4020467e-03
   8.7885716e-05  -1.1942447e-03  -5.0493443e-03  -9.2328709e-04
  -4.4061584e-04  -1.1867543e-03  -3.3665332e-03  -1.0433894e-03
  -7.8545374e-04  -3.7030836e-04   1.9030269e-03  -2.7398344e-03
  -6.0928655e-04  -1.1563714e-04   2.5101881e-03  -3.1151541e-03
   2.3781524e-04  -1.1830092e-03  -1.4213684e-03  -2.1280633e-03
   1.2911633e-04  -1.9133163e-03  -2.1372190e-03  -1.6776797e-03
  -6.3552422e-04  -8.9088629e-04   1.5694630e-03  -2.4320723e-03
  -6.0553831e-04   1.2405342e-04   3.3946947e-03  -3.1451797e-03
   6.1648050e-05  -2.3548242e-04   2.7643438e-04  -2.3907871e-03
   5.4244800e-06  -1.0332026e-03  -3.5351891e-03  -1.3699175e-03
  -5.3807003e-04  -1.2916189e-03  -1.9160924e-03  -1.5050326e-03
  -9.5412445e-04  -5.8752793e-04   1.7868417e-03  -2.4846170e-03
  -4.8934294e-04  -4.3397616e-04   7.6741046e-04  -2.4921234e-03
   2.4905995e-04  -9.5080893e-04  -2.8568175e-03  -1.3586579e-03
  -6.2043804e-05  -9.7702509e-04  -3.3815248e-03  -8.8950832e-04
  -4.8559470e-04  -4.3023100e-04   2.7268647e-04  -1.8878587e-03
  -5.5681122e-04  -1.0814681e-04   2.6713482e-03  -2.8674431e-03
  -1.7064948e-05  -8.8339596e-04   5.4253592e-04  -2.3232296e-03
   1.4410929e-04  -1.3552868e-03  -1.6574867e-03  -1.6176285e-03
  -4.9309117e-04  -1.0444381e-03  -2.7450824e-04  -2.0042078e-03
  -7.5546783e-04  -4.6019232e-04   2.3078011e-03  -2.6422513e-03
  -3.7689580e-04  -3.0289539e-04   1.5657151e-03  -2.5071362e-03
   1.7409519e-04  -1.0931252e-03  -1.4176205e-03  -1.9291439e-03
  -5.8295566e-05  -1.3215803e-03  -1.9573194e-03  -1.4675007e-03
  -6.1678303e-04  -8.9463146e-04   6.2803568e-05  -1.9066247e-03
  -5.7930065e-04  -4.8640847e-04   1.3146052e-03  -2.4133063e-03
  -3.9554376e-05  -6.5868606e-04  -4.4316415e-04  -1.9103779e-03
   8.7885716e-05  -1.3253254e-03  -2.3246145e-03  -1.6176285e-03
  -3.9938522e-04  -1.1155962e-03  -1.1440231e-03  -1.7452372e-03
  -6.9924426e-04  -4.9389880e-04   1.5020006e-03  -2.6760301e-03
  -3.5815461e-04  -6.0999892e-04   1.7231273e-03  -2.8862091e-03
   1.7034695e-04  -1.2504221e-03  -5.4435769e-04  -1.8878587e-03
   1.6669194e-05  -1.2541673e-03  -9.2289650e-04  -1.9479099e-03
  -4.1437818e-04  -9.1335728e-04   6.3998155e-04  -2.2819444e-03
  -4.2937113e-04  -8.8714113e-04   1.4345383e-03  -2.5146426e-03
  -2.2321804e-04  -7.1486354e-04  -2.2203752e-04  -2.2781912e-03
  -1.0327442e-04  -1.0144767e-03  -2.3770852e-03  -1.6814329e-03
  -2.6444866e-04  -1.0968704e-03  -1.3651498e-03  -1.6964457e-03
  -7.9295021e-04  -7.5606035e-04   4.1885492e-04  -2.2331528e-03
  -5.5681122e-04  -9.8826058e-04  -1.0210443e-04  -2.5446682e-03
  -5.8202340e-06  -1.1979898e-03  -1.5600410e-03  -1.8916119e-03
  -2.1572156e-04  -1.3403061e-03  -1.8561258e-03  -1.8578331e-03
  -3.8439227e-04  -1.0257122e-03  -3.4946642e-04  -2.2781912e-03
  -5.4181827e-04  -5.6505694e-04   1.0410078e-03  -2.5859534e-03
  -2.8318985e-04  -8.4219915e-04   2.2021575e-04  -2.5784470e-03
   9.1727180e-06  -1.4938579e-03  -1.2339729e-03  -1.8803523e-03
  -5.2682532e-04  -1.4339352e-03  -7.6173641e-04  -2.0980378e-03
  -7.5546783e-04  -6.1374408e-04   6.4372946e-04  -2.5183958e-03
  -2.8318985e-04  -5.3135045e-04   3.4764465e-04  -2.3570083e-03
   1.2920956e-05  -7.3358936e-04  -1.1702585e-03  -2.0042078e-03
  -2.4570747e-04  -1.0144767e-03  -1.7549323e-03  -1.5876030e-03
  -5.0058765e-04  -1.0481832e-03  -4.5065997e-04  -1.7227181e-03
  -5.9804184e-04  -5.1262463e-04   4.8631728e-04  -2.1505825e-03
  -4.5186056e-04  -8.9837662e-04  -4.0568506e-04  -2.0379866e-03
  -3.5806138e-05  -1.2167156e-03  -1.0503254e-03  -1.7564968e-03
  -1.4450504e-04  -7.4482486e-04  -4.1318088e-04  -2.1505825e-03
  -3.3191694e-04  -5.9501826e-04   9.9603291e-04  -2.4921234e-03
  -2.5695218e-04  -7.6355068e-04   9.4356218e-04  -2.3082168e-03
  -1.2576385e-04  -9.4331860e-04  -1.6581888e-04  -1.8690927e-03
  -1.8948390e-04  -1.0332026e-03  -3.7570179e-04  -1.7452372e-03
  -5.7555241e-04  -8.7216047e-04   7.4047295e-05  -2.1017910e-03
  -4.7434998e-04  -6.0999892e-04   5.0505683e-04  -2.1468293e-03
  -1.2951209e-04  -8.7216047e-04  -2.0329797e-04  -1.8353140e-03
   9.1727180e-06  -1.1268317e-03  -1.0765608e-03  -1.6288881e-03
  -1.3700856e-04  -6.9239255e-04  -6.0432423e-04  -1.6926925e-03
