  -2.8318985e-04  -1.0594187e-03  -1.5457515e-04  -2.2106337e-03
  -2.1946980e-04  -8.0474750e-04  -3.3072688e-04  -2.0154674e-03
  -3.2057900e-05  -1.0818897e-03  -2.9324779e-04  -1.9854418e-03
  -2.8693808e-04  -1.1268317e-03  -9.1088500e-07  -2.2181401e-03
   2.0417432e-05  -8.5343464e-04  -1.7706261e-04  -2.1168037e-03
   4.6655098e-05  -1.0219671e-03  -3.3072688e-04  -2.1881145e-03
  -2.7194513e-04  -8.5717981e-04  -2.9699570e-04  -2.0004546e-03
  -5.8295566e-05  -8.7965080e-04  -1.6581888e-04  -2.0379866e-03
  -2.0822509e-04  -8.7590563e-04  -7.2121156e-05  -2.3795275e-03
  -2.6070042e-04  -8.0474750e-04  -4.9633702e-05  -2.1993741e-03
  -1.1826737e-04  -9.5455410e-04  -1.1709606e-04  -2.3495020e-03
  -3.4316165e-04  -8.9463146e-04  -2.1079379e-04  -2.3044636e-03
  -1.5949799e-04  -8.3096365e-04  -4.6587940e-06  -2.0154674e-03
  -3.5806138e-05  -6.8864738e-04   1.1152638e-04  -2.3307360e-03
  -1.5949799e-04  -6.1374408e-04  -4.2137884e-05  -2.5559278e-03
  -1.0327442e-04  -7.7478618e-04  -7.9616974e-05  -2.3232296e-03
  -1.8573566e-04  -7.3733453e-04   1.4080751e-05  -2.2556720e-03
  -1.8948390e-04  -7.3358936e-04   9.2786840e-05  -2.5446682e-03
  -1.0327442e-04  -8.1598299e-04  -9.4608610e-05  -2.5596810e-03
  -6.9540280e-05  -7.1860870e-04  -2.1079379e-04  -2.5521746e-03
  -1.7449094e-04  -8.2347332e-04  -1.0960025e-04  -2.4658511e-03
  -6.2043804e-05  -9.0961212e-04  -1.8830634e-04  -2.1993741e-03
   9.1727180e-06  -7.6355068e-04  -6.0877429e-05  -2.2856976e-03
  -1.7449094e-04  -6.9239255e-04  -8.4067030e-06  -2.3269828e-03
   3.5410384e-05  -8.1223783e-04  -4.2137884e-05  -2.1693485e-03
   1.8908814e-04  -8.0849266e-04   1.1152638e-04  -2.0680122e-03
   1.2161986e-04  -6.6617639e-04   5.9055659e-05  -1.9028715e-03
  -1.4075680e-04  -7.7853134e-04  -2.7146248e-05  -2.0605058e-03
  -1.0327442e-04  -6.8490222e-04  -2.1454170e-04  -2.1393229e-03
   1.3661281e-04  -6.5119573e-04  -1.5457515e-04  -1.9253907e-03
   4.2906860e-05  -6.6617639e-04   1.7524084e-04  -2.2106337e-03
   8.4137478e-05  -5.1262463e-04  -1.9650430e-05  -2.0867782e-03
  -5.8295566e-05  -7.3733453e-04  -2.5202079e-04  -1.8503268e-03
  -1.7064948e-05  -7.5606035e-04   2.8370240e-06  -1.9366503e-03
  -5.8295566e-05  -6.0999892e-04   6.2803568e-05  -2.0417398e-03
  -1.4450504e-04  -7.3733453e-04  -9.1088500e-07  -2.0792718e-03
   2.7913908e-05  -7.7478618e-04   4.7811932e-05  -1.9479099e-03
  -1.9323213e-04  -6.6992156e-04   2.9072387e-05  -2.1693485e-03
  -1.3700856e-04  -6.6617639e-04  -9.1088500e-07  -2.0042078e-03
  -3.3191694e-04  -7.3733453e-04  -2.0329797e-04  -2.1468293e-03
  -1.8948390e-04  -7.9351200e-04  -1.5902521e-05  -2.2143869e-03
   2.0408109e-04  -8.7590563e-04   1.0332842e-05  -1.8540799e-03
  -2.8309662e-05  -8.3845398e-04  -3.3822270e-04  -2.2256465e-03
  -9.5777946e-05  -7.7853134e-04  -1.7331470e-04  -2.1168037e-03
  -2.6819689e-04  -8.8714113e-04  -3.8389975e-05  -1.8240544e-03
  -1.0702266e-04  -8.2721849e-04  -1.1334816e-04  -1.9854418e-03
  -3.9554376e-05  -6.5119573e-04  -1.6956679e-04  -1.9929482e-03
  -3.9554376e-05  -8.6841530e-04  -1.7706261e-04  -2.0004546e-03
  -3.9554376e-05  -9.2459278e-04  -1.5457515e-04  -2.1881145e-03
  -2.0822509e-04  -6.9988288e-04  -1.0585234e-04  -2.0342334e-03
  -1.0327442e-04  -8.4594431e-04  -1.8081052e-04  -1.9516631e-03
  -2.3446275e-04  -1.0332026e-03  -1.7706261e-04  -2.3495020e-03
  -2.9068632e-04  -1.0444381e-03  -2.0704588e-04  -2.1130505e-03
  -1.6699447e-04  -7.7104101e-04  -2.6701242e-04  -2.0867782e-03
  -1.1451914e-04  -9.2084761e-04  -1.9955006e-04  -2.2781912e-03
  -3.7314756e-04  -1.1605382e-03  -4.0193715e-04  -1.8315608e-03
  -2.2696628e-04  -8.4968948e-04  -3.9069342e-04  -1.8540799e-03
   1.6762420e-06  -9.6578959e-04  -3.8694551e-04  -1.9854418e-03
  -2.6070042e-04  -9.4331860e-04  -2.2203752e-04  -2.0079610e-03
  -1.4825328e-04  -9.0586695e-04  -1.6956679e-04  -2.1993741e-03
  -1.8198742e-04  -1.0257122e-03  -4.6939951e-04  -2.1243101e-03
  -2.9818280e-04  -7.4482486e-04  -2.1828961e-04  -2.1130505e-03
  -1.5949799e-04  -8.7216047e-04  -4.6190369e-04  -2.0792718e-03
  -2.3821099e-04  -1.1642833e-03  -4.8439115e-04  -2.0154674e-03
  -3.6190284e-04  -9.8451542e-04  -1.6207097e-04  -2.1017910e-03
  -1.6324623e-04  -6.7366672e-04  -4.5065997e-04  -2.0379866e-03
  -3.2057900e-05  -8.0474750e-04  -2.1454170e-04  -1.9328971e-03
  -3.2057900e-05  -1.0406929e-03  -2.1828961e-04  -1.7902756e-03
  -1.1077090e-04  -9.8077025e-04  -1.9580215e-04  -1.7940288e-03
  -2.1946980e-04  -9.6578959e-04   2.1576569e-05  -1.9479099e-03
  -7.7036756e-05  -7.9351200e-04  -9.8356519e-05  -1.8728459e-03
  -2.7194513e-04  -6.7366672e-04   2.1576569e-05  -1.8991183e-03
  -1.4825328e-04  -7.9725717e-04   1.7828660e-05  -2.0304802e-03
  -3.9554376e-05  -7.1111837e-04   1.0777848e-04  -1.8240544e-03
  -2.5320394e-04  -8.4219915e-04   8.1543113e-05  -1.8578331e-03
   9.1633954e-05  -8.9837662e-04  -1.1334816e-04  -1.9929482e-03
  -2.0813186e-05  -7.2984420e-04  -1.8455843e-04  -1.8315608e-03
  -9.2029708e-05  -1.0032412e-03  -3.4642066e-05  -1.8991183e-03
  -1.5200152e-04  -9.3582827e-04  -2.1454170e-04  -1.8690927e-03
  -4.4811232e-04  -7.3358936e-04  -2.7450824e-04  -1.9028715e-03
  -1.6324623e-04  -9.3208311e-04   8.5291022e-05  -1.9779355e-03
  -2.0447685e-04  -9.4331860e-04  -3.1573524e-04  -2.1017910e-03
  -1.8948390e-04  -9.4331860e-04  -2.3328124e-04  -2.2143869e-03
   8.0389240e-05  -9.5080893e-04  -1.5457515e-04  -2.0342334e-03
   2.7913908e-05  -1.0743994e-03  -2.0704588e-04  -2.1055441e-03
  -1.6324623e-04  -1.0444381e-03  -7.5869065e-05  -1.8991183e-03
  -2.9818280e-04  -7.8227651e-04  -3.6445806e-04  -1.9929482e-03
  -8.4533232e-05  -8.6092497e-04  -2.8200406e-04  -2.2744380e-03
  -6.5792042e-05  -8.8714113e-04  -3.1573524e-04  -2.1768549e-03
  -9.5777946e-05  -9.1335728e-04  -9.1088500e-07  -2.3157232e-03
  -1.0327442e-04  -8.1972816e-04  -9.4608610e-05  -2.4583447e-03
  -2.3446275e-04  -7.5980552e-04  -3.0449151e-04  -2.4658511e-03
  -8.8281470e-05  -1.0219671e-03  -8.4067030e-06  -2.2669316e-03
  -1.7823918e-04  -9.2459278e-04  -2.2953333e-04  -2.3157232e-03
  -1.0702266e-04  -8.0100233e-04   2.9072387e-05  -2.1993741e-03
  -1.3316710e-05  -8.6092497e-04  -8.7112792e-05  -2.2932040e-03
  -3.4316165e-04  -8.2721849e-04  -2.8200406e-04  -2.5033830e-03
  -2.7569337e-04  -9.0212179e-04   5.1559841e-05  -2.0642590e-03
  -2.5320394e-04  -8.6841530e-04  -1.1709606e-04  -2.4095531e-03
  -2.3071451e-04  -7.5980552e-04  -1.3208770e-04  -2.7923792e-03
  -1.2201561e-04  -7.6729585e-04  -2.0329797e-04  -2.2819444e-03
  -2.2321804e-04  -8.0849266e-04  -2.1079379e-04  -2.1393229e-03
  -1.2576385e-04  -8.2347332e-04   4.4064023e-05  -2.4470851e-03
  -8.4533232e-05  -8.5343464e-04  -1.6581888e-04  -2.3532552e-03
  -4.7050852e-05  -7.1486354e-04  -1.4707934e-04  -2.2781912e-03
  -1.1451914e-04  -4.8266331e-04   1.8273666e-04  -2.2744380e-03
  -4.7050852e-05  -7.5231519e-04   2.5394693e-04  -2.0830250e-03
   2.2282228e-04  -7.2984420e-04  -3.4642066e-05  -2.1655953e-03
   5.7899812e-05  -7.1486354e-04  -2.0329797e-04  -2.1806081e-03
  -2.4561424e-05  -8.8714113e-04   8.1543113e-05  -1.9666759e-03
  -6.5792042e-05  -5.5382144e-04  -1.1709606e-04  -2.0605058e-03
  -3.0567927e-04  -7.6355068e-04  -8.3364883e-05  -2.2969572e-03
  -5.4547328e-05  -5.3884078e-04   1.9398038e-04  -2.1130505e-03
   1.5535400e-04  -5.3135045e-04   9.2786840e-05  -1.9404035e-03
  -7.3288518e-05  -1.0332026e-03   2.0897202e-04  -1.8878587e-03
  -2.1572156e-04  -6.9239255e-04   2.5324478e-05  -1.9591695e-03
  -7.3288518e-05  -8.4968948e-04  -2.2578543e-04  -2.0755186e-03
   1.7409519e-04  -7.5606035e-04  -3.0449151e-04  -2.0342334e-03
  -9.9526184e-05  -7.2984420e-04  -2.0704588e-04  -1.9741823e-03
  -7.7036756e-05  -9.1710245e-04  -1.0585234e-04  -1.8653395e-03
   3.1662146e-05  -6.6617639e-04  -2.0704588e-04  -1.9666759e-03
  -4.5935703e-04  -8.0474750e-04  -5.3381611e-05  -2.0605058e-03
  -1.5200152e-04  -7.6729585e-04   5.9055659e-05  -2.1243101e-03
  -5.4547328e-05  -8.2347332e-04  -6.8373247e-05  -2.1355697e-03
  -3.2067223e-04  -8.2721849e-04  -5.3381611e-05  -2.0605058e-03
  -1.1451914e-04  -8.8714113e-04  -3.4642066e-05  -2.0942846e-03
  -2.8318985e-04  -8.6467014e-04  -1.6956679e-04  -2.1205569e-03
  -8.0784994e-05  -7.6355068e-04  -7.9616974e-05  -2.1280633e-03
  -6.2043804e-05  -8.7965080e-04  -9.0860701e-05  -2.0154674e-03
  -3.2057900e-05  -6.8490222e-04  -9.4608610e-05  -1.9404035e-03
  -3.5806138e-05  -8.9837662e-04  -1.3958352e-04  -2.1618421e-03
  -5.2307708e-04  -9.4706377e-04  -3.0074361e-04  -2.2331528e-03
  -1.4825328e-04  -1.0294574e-03  -1.4707934e-04  -2.1655953e-03
  -9.2029708e-05  -1.0706542e-03  -2.0329797e-04  -2.2444124e-03
  -1.5949799e-04  -7.8976684e-04  -3.1948315e-04  -2.0792718e-03
  -1.7449094e-04  -1.0444381e-03  -2.2578543e-04  -2.1768549e-03
  -3.3941342e-04  -9.0961212e-04  -2.8200406e-04  -2.1731017e-03
  -1.2201561e-04  -9.8451542e-04  -3.5321433e-04  -1.8503268e-03
  -2.4570747e-04  -1.1006155e-03   5.1559841e-05  -2.1393229e-03
  -2.4570747e-04  -6.7366672e-04  -4.2137884e-05  -2.2856976e-03
  -2.7944161e-04  -6.3621507e-04  -4.0943297e-04  -2.1280633e-03
  -1.8198742e-04  -9.2833794e-04  -1.2084397e-04  -1.8878587e-03
  -1.7064948e-05  -1.1305768e-03  -1.7706261e-04  -1.9216375e-03
  -3.0567927e-04  -9.6578959e-04  -1.9580215e-04  -2.2218933e-03
  -2.1197332e-04  -1.0893800e-03  -3.5696224e-04  -1.9629227e-03
  -8.8281470e-05  -1.0107316e-03  -5.8183678e-04  -2.0192206e-03
  -1.7074271e-04  -7.6355068e-04  -4.0193715e-04  -2.1655953e-03
  -1.1077090e-04  -9.2459278e-04  -3.7944969e-04  -2.0605058e-03
  -1.5200152e-04  -9.5455410e-04  -3.4642066e-05  -1.9591695e-03
   2.0417432e-05  -1.0369477e-03  -6.0877429e-05  -1.7527436e-03
   1.6669194e-05  -9.6953476e-04  -2.4452497e-04  -1.9028715e-03
  -1.1451914e-04  -9.5455410e-04  -5.7129520e-05  -1.7039521e-03
  -9.5777946e-05  -9.2833794e-04  -1.2459188e-04  -1.7114585e-03
  -2.0072861e-04  -6.5868606e-04  -5.3381611e-05  -1.9929482e-03
  -2.4570747e-04  -6.6243123e-04  -8.7112792e-05  -1.8203012e-03
  -1.7823918e-04  -7.2609903e-04  -8.3364883e-05  -1.8653395e-03
  -3.5806138e-05  -8.3096365e-04  -4.9633702e-05  -1.8916119e-03
  -1.1451914e-04  -8.6467014e-04  -1.3208770e-04  -1.9404035e-03
  -3.9554376e-05  -6.4370540e-04  -1.9580215e-04  -1.9666759e-03
  -2.2321804e-04  -8.6092497e-04  -1.6956679e-04  -1.9404035e-03
  -2.0822509e-04  -1.1193414e-03   6.5849330e-06  -1.9328971e-03
   5.4151574e-05  -8.4594431e-04  -2.9699570e-04  -1.8841055e-03
  -2.1946980e-04  -7.2235387e-04  -2.2953333e-04  -2.0229738e-03
  -2.0813186e-05  -8.0100233e-04  -4.2137884e-05  -2.0154674e-03
  -2.6819689e-04  -9.3957344e-04  -1.1334816e-04  -2.0267270e-03
  -4.4436408e-04  -9.6578959e-04  -1.9650430e-05  -2.0492462e-03
  -1.2201561e-04  -9.1710245e-04  -1.8081052e-04  -1.9666759e-03
  -2.1197332e-04  -9.7327992e-04  -1.2084397e-04  -2.2031273e-03
  -2.8309662e-05  -7.7853134e-04  -8.3364883e-05  -2.2068805e-03
  -1.4075680e-04  -7.9725717e-04  -1.3208770e-04  -2.1017910e-03
  -2.1197332e-04  -9.3208311e-04   2.8370240e-06  -2.5071362e-03
  -1.7823918e-04  -8.2721849e-04   3.8137583e-04  -2.4170595e-03
  -2.7944161e-04  -8.4968948e-04  -1.3958352e-04  -2.2856976e-03
  -5.0799090e-05  -7.8976684e-04  -1.2084397e-04  -2.7060557e-03
  -2.4945570e-04  -7.6729585e-04   3.2140929e-04  -2.2406592e-03
  -8.0784994e-05  -8.6092497e-04  -3.3822270e-04  -2.5259022e-03
  -1.0702266e-04  -7.5606035e-04   6.0999828e-04  -2.5634342e-03
  -5.9054536e-04  -1.0144767e-03  -1.0653170e-03  -2.2706848e-03
   4.6655098e-05  -9.2459278e-04   6.7371273e-04  -2.8374176e-03
  -4.9683941e-04  -5.3884078e-04  -1.1027961e-03  -1.5838498e-03
   2.9029057e-04  -8.9463146e-04   5.2379637e-04  -3.4829674e-03
  -5.0058765e-04  -1.0332026e-03  -2.9324779e-04  -1.6363945e-03
  -2.7194513e-04  -9.7702509e-04  -8.3294668e-04  -3.1226605e-03
   3.6150709e-04  -8.6841530e-04   2.0979182e-03  -2.6872897e-03
  -7.7420902e-04  -9.8077025e-04  -4.3072583e-03  -1.2685812e-03
   1.0361899e-03  -8.1972816e-04   5.5684819e-03  -5.0067654e-03
  -1.4676331e-03  -8.0100233e-04  -7.6166620e-03   1.1672436e-03
   1.6434045e-03  -7.8227651e-04   7.4536801e-03  -7.0822834e-03
  -1.1752705e-03  -7.5231519e-04  -5.5365725e-03   3.0138166e-03
   2.7904585e-04  -5.4633111e-04  -6.4929914e-04  -6.1327245e-03
   1.7483552e-03  -5.3509562e-04   1.2472130e-02  -1.8465736e-03
  -5.8493233e-03  -1.0107316e-03  -2.1442698e-02   6.8383243e-03
   1.8836572e-02  -3.3285671e-04   4.6143345e-02  -8.4454440e-02
   2.9676476e-02   1.0977963e-03   2.0024237e-01  -1.1395832e-01
  -1.8008607e-02   1.9104971e-03   2.0598792e-01  -1.0931937e-01
  -6.4569220e-02  -1.9020808e-03   1.6684780e-02  -1.0674092e-01
  -3.6494917e-02  -4.8233095e-03   1.1633044e-01  -7.5022655e-02
   3.5126415e-02  -8.3737260e-03   1.4891101e-01  -7.1738608e-02
   1.1924821e-02   3.7680990e-03   1.2083542e-01  -6.3860648e-02
  -6.1360728e-02   2.7793754e-03   4.2679575e-03  -7.8227886e-02
  -2.1374525e-02  -3.7308871e-02  -1.4731247e-01  -6.4787687e-02
   5.4216284e-03  -3.7619719e-02   1.6853436e-02  -5.1914222e-02
  -3.0872560e-02  -1.2763059e-02  -6.6027824e-02  -7.0852854e-02
  -3.3829920e-02  -8.9429910e-03  -1.8973528e-03  -5.4729119e-02
  -7.4010938e-03  -9.2014074e-03  -7.4704935e-03  -3.9877719e-02
   6.0865565e-02  -1.1231287e-02  -7.1942024e-02  -5.3490564e-02
   3.9335686e-02  -5.3026907e-03  -3.5313709e-02  -5.4192412e-02
  -4.2087288e-02   2.3786428e-03  -1.3935941e-01  -2.7011759e-02
  -2.1419504e-02  -8.1930650e-05  -6.5623050e-02  -1.9967009e-02
   2.7592456e-02  -6.2464722e-03  -4.0703203e-02  -3.0235756e-02
   1.5583102e-02  -4.6397965e-03  -4.0744430e-02  -3.0303313e-02
  -3.7945485e-02   3.2812275e-03  -2.1079151e-02  -2.8088927e-02
  -1.2914752e-02   3.4872116e-03  -1.9411332e-02  -4.5271063e-02
   3.5954775e-02  -2.8159011e-03  -3.6932806e-02  -4.4813173e-02
   1.1216404e-02  -3.0331207e-03  -4.1497759e-02  -2.6159784e-02
  -1.3923028e-02   5.6223773e-04  -1.3208542e-02  -3.2198678e-02
  -1.6348138e-02   1.2925449e-03  -2.0385788e-02  -2.4388275e-02
   1.5601843e-02  -1.2841286e-03  -1.1982976e-02  -1.2895986e-02
   1.9350081e-02  -2.9132754e-03  -1.4700210e-02  -5.9262987e-03
  -1.1138087e-02  -2.5420824e-04  -9.7867013e-03  -1.6514067e-02
  -1.8983149e-02   1.6333549e-03  -6.4398185e-03  -2.2324016e-02
  -9.3876599e-03  -8.3096365e-04  -3.1670742e-02  -4.4475391e-03
   6.3586879e-03  -2.7672140e-03  -3.9518863e-02  -2.3097175e-02
  -1.0433418e-02  -2.2241650e-03  -4.8112819e-02  -2.8888358e-02
  -2.2472759e-02  -6.8115705e-04  -3.1179766e-02  -1.6446510e-02
  -8.8029348e-03  -3.2821850e-06  -5.1617114e-02  -1.2100308e-02
   3.9860532e-03  -1.9320422e-03  -6.0559625e-02  -9.3079349e-04
   8.4951836e-03  -1.3178351e-03  -2.3822620e-02  -1.7940288e-03
  -4.3987552e-03   5.0980542e-04  -3.6741663e-02  -5.6335493e-03
  -7.9633295e-03   2.1768255e-04  -6.5885403e-02  -4.1435301e-03
  -7.8920198e-04  -1.1418123e-03  -8.1446721e-02   2.0567513e-03
   2.6516805e-03  -2.3365200e-03  -3.5707240e-02   1.8428191e-03
  -4.1401267e-03  -1.1942447e-03  -9.6367849e-03  -6.7444956e-03
  -1.5924587e-02  -5.6131177e-04  -4.8169740e-03  -6.6506657e-03
  -8.8479137e-03  -1.7897259e-03  -1.1293361e-02  -2.0792718e-03
   5.4478661e-03  -2.5762105e-03  -1.3467148e-02  -1.5838498e-03
   5.2716989e-03  -1.0669090e-03   7.5024029e-03  -4.2711388e-03
  -6.5464955e-03   4.8358926e-04   1.3364133e-02  -5.5997706e-03
  -5.3095770e-03  -6.7741189e-04   5.4935237e-03  -6.1552494e-04
   1.0586700e-02  -2.5911912e-03   1.6444212e-03   1.2835927e-03
   1.2730692e-02  -2.0631229e-03   1.8000296e-02  -1.2122833e-03
  -3.1918225e-03  -7.0695155e-05   1.6815957e-02  -1.7977820e-03
  -1.3289482e-03  -3.2911154e-04   1.8168952e-02  -8.2195078e-04
   1.1662445e-02  -1.8908453e-03   5.8570709e-03   3.7531907e-04
   9.6383961e-03  -1.6474096e-03   1.0747390e-03  -1.4524879e-03
  -2.6295868e-03   3.1505684e-04  -7.7365951e-03  -2.6647705e-03
  -7.8846165e-03   7.1953466e-04  -3.4350497e-02  -2.1843613e-03
   6.0813183e-03  -1.0444381e-03  -2.3788889e-02  -1.6288881e-03
   6.7747423e-03  -1.4152094e-03  -1.5217421e-02  -2.2068805e-03
  -5.3133252e-03   8.2856610e-05  -1.4748933e-02  -2.7736132e-03
  -4.2675668e-03   1.4652441e-04  -9.2544982e-03  -2.2894508e-03
   7.3969498e-03  -8.3096365e-04  -1.4958816e-02  -1.2648280e-03
   1.0481750e-02  -1.2616576e-03  -1.6184382e-02  -3.5280115e-04
  -9.8785859e-04  -5.8003760e-04  -1.4767672e-02  -7.8066561e-04
  -3.8852466e-03   1.1281793e-04  -1.0592502e-02  -1.7677564e-03
   2.9065607e-03  -8.0849266e-04  -7.9877050e-03  -2.1168037e-03
   3.6224741e-03  -9.5080893e-04  -9.1233214e-03  -1.5688370e-03
  -3.3604932e-03  -1.4934362e-04  -8.2425628e-03  -2.5108894e-03
  -7.8546306e-03  -2.0552110e-04  -7.6578890e-03  -3.5692910e-03
  -3.7802959e-03  -6.1374408e-04  -1.5817087e-02  -3.6556145e-03
  -5.0433589e-04  -1.2092253e-03  -2.0745587e-02  -2.6572641e-03
  -3.3867309e-03  -7.9351200e-04  -1.9220188e-02  -2.0154674e-03
  -6.6889286e-03  -1.5308879e-04  -1.8751700e-02  -2.9312475e-03
  -3.4317098e-03  -9.0212179e-04  -1.4786412e-02  -2.8974687e-03
   3.0903176e-04  -1.2242060e-03  -1.7848454e-02  -1.6514073e-03
   1.0062040e-03  -9.4331860e-04  -1.4415369e-02  -1.4337219e-03
   2.6780114e-04  -1.4185329e-04  -1.1345831e-02  -2.1393229e-03
  -3.4579474e-03  -3.6656319e-04  -1.1057242e-02  -1.9066247e-03
  -2.0523582e-03  -1.6024676e-03  -1.0131509e-02  -2.1017910e-03
  -3.2816870e-04  -1.5462902e-03  -8.5798746e-03  -2.5859534e-03
  -4.0876514e-03  -1.1530478e-03  -7.5229642e-03  -2.6947961e-03
  -4.3950069e-03  -7.3358936e-04  -8.2613023e-03  -2.6234853e-03
  -1.2839694e-03  -1.1006155e-03  -7.7628304e-03  -2.3344892e-03
   3.1662146e-05  -1.3852481e-03  -7.2081399e-03  -1.9404035e-03
  -1.1190469e-03  -9.6578959e-04  -3.2765834e-03  -1.9103779e-03
  -2.1348194e-03  -1.0182219e-03  -2.5607327e-03  -1.8127948e-03
   9.2749103e-04  -9.3208311e-04  -4.5815578e-04  -1.2122833e-03
   3.2326574e-03  -1.2279511e-03   2.7538022e-03  -1.3811771e-03
   1.6509010e-03  -1.0444381e-03   5.3735906e-03  -1.4074495e-03
   5.4244800e-06  -6.2872474e-04   9.0802726e-03  -1.3136196e-03
   1.6171668e-03  -1.0631639e-03   9.7436525e-03  -1.7114585e-03
   4.3458841e-03  -1.0743994e-03   1.0909252e-02  -2.0642590e-03
   2.0819483e-03  -5.8752793e-04   1.0811807e-02  -2.0004546e-03
  -1.0628233e-03  -3.2162121e-04   8.8591460e-03  -1.8615863e-03
   4.0648595e-04  -4.8640847e-04   8.6192798e-03  -1.9479099e-03
   6.5386965e-04  -6.7741189e-04   6.4642321e-03  -1.7227181e-03
   6.0514256e-04  -6.1374408e-04   6.4342489e-03  -1.5500710e-03
   2.6816664e-03  -4.9389880e-04   8.5180863e-03  -2.0980378e-03
   1.8533058e-03  -4.3772133e-04   5.4073218e-03  -1.9854418e-03
   2.8654233e-04  -6.0250859e-04   7.0369601e-04  -8.0693799e-04
   1.7034695e-04  -9.6953476e-04   1.7980854e-03  -1.0058574e-03
   1.6621457e-03  -7.6355068e-04   3.5895859e-03  -2.0755186e-03
   2.2093884e-03  -5.8752793e-04   1.8055813e-03  -2.4245659e-03
   4.8894718e-04  -5.9127309e-04  -1.5712848e-03  -1.5838498e-03
   1.7784343e-04  -3.6281803e-04  -2.0397734e-03  -1.3736707e-03
   2.0033286e-04  -6.0999892e-04  -2.2683958e-03  -2.4846170e-03
  -9.0914559e-04  -8.3470882e-04  -2.9130362e-03  -2.5484214e-03
  -1.9923864e-03  -8.5717981e-04  -5.1730253e-03  -1.7114585e-03
  -1.1340399e-03  -8.0849266e-04  -7.9652175e-03  -1.2385556e-03
   2.2282228e-04  -1.0594187e-03  -6.3161375e-03  -1.9554163e-03
  -1.6812826e-03  -1.1717737e-03  -8.1788483e-03  -2.0942846e-03
  -2.6520763e-03  -8.4219915e-04  -9.6292891e-03  -1.7227181e-03
  -1.6850309e-03  -1.2841286e-03  -8.9809008e-03  -2.0792718e-03
  -2.4609161e-03  -1.4938579e-03  -8.2425628e-03  -2.0605058e-03
  -3.3267591e-03  -1.3515416e-03  -6.8071136e-03  -2.1956209e-03
  -2.5171397e-03  -1.3852481e-03  -6.4772976e-03  -2.3982935e-03
  -6.5801365e-04  -1.0481832e-03  -6.3648604e-03  -2.2031273e-03
  -1.5574975e-04  -1.1567930e-03  -6.4098353e-03  -2.0755186e-03
  -1.4976190e-03  -1.0481832e-03  -5.4841018e-03  -2.1580889e-03
  -2.9519353e-03  -7.6729585e-04  -6.7771304e-03  -1.7827692e-03
  -2.9406906e-03  -1.1043607e-03  -7.9352342e-03  -1.2498152e-03
  -7.6296431e-04  -1.2878738e-03  -3.5314412e-03  -1.9554163e-03
   4.9644366e-04  -1.1118510e-03  -1.2377209e-03  -2.5859534e-03
  -3.6565108e-04  -7.7478618e-04  -3.3627853e-03  -1.7865224e-03
  -2.9443456e-04  -6.0250859e-04  -3.8575092e-03  -1.1297129e-03
   6.9144526e-05  -7.4857002e-04  -2.0585129e-03  -1.5350582e-03
  -7.5171960e-04  -1.1006155e-03   1.1684367e-03  -2.0980378e-03
  -1.6737861e-03  -8.7590563e-04   2.9599372e-03  -2.1881145e-03
  -9.2413854e-04  -8.1223783e-04   1.5582193e-03  -1.6589137e-03
   1.1823712e-03  -1.1493027e-03   3.0236517e-03  -1.5275518e-03
   1.5047197e-03  -8.3845398e-04   6.0894412e-03  -2.0342334e-03
   1.2760772e-03  -6.3246991e-04   5.6284484e-03  -2.0567526e-03
   1.7033763e-03  -6.8490222e-04   4.2604616e-03  -1.9366503e-03
   1.0811688e-03  -8.7590563e-04   2.7538022e-03  -1.3286324e-03
   6.5396288e-05  -9.2084761e-04   4.2829491e-03  -1.2798408e-03
  -7.7420902e-04  -1.0332026e-03   7.0638976e-03  -2.0304802e-03
   1.0624276e-03  -9.6953476e-04   7.5061508e-03  -1.8803523e-03
   3.4950341e-03  -5.0513430e-04   7.3449908e-03  -1.9479099e-03
   1.5272091e-03  -5.0138913e-04   5.1037412e-03  -1.7640032e-03
  -1.0328374e-03  -5.6505694e-04   3.9568810e-03  -1.5463178e-03
  -3.3566518e-04  -8.5343464e-04   5.4560446e-03  -2.1468293e-03
   8.9375689e-04  -1.1305768e-03   5.6921629e-03  -2.1205569e-03
   4.0273771e-04  -1.0406929e-03   4.5602944e-03  -1.8765991e-03
   3.0153528e-04  -7.7853134e-04   2.7163231e-03  -1.7114585e-03
   1.9357670e-03  -6.3621507e-04   2.6676003e-03  -1.6814329e-03
   2.2356261e-03  -5.7629243e-04   2.3415322e-03  -2.1505825e-03
   2.5280819e-04  -2.3173725e-04   3.0641765e-04  -2.1430761e-03
  -9.6536916e-04  -7.4107969e-04  -3.1573524e-04  -2.1768549e-03
  -7.1798545e-04  -1.0481832e-03  -7.5049269e-04  -2.5521746e-03
  -6.9549603e-04  -6.3621507e-04  -1.9685631e-03  -2.4358255e-03
  -1.0703198e-03  -7.4857002e-04  -3.3402978e-03  -2.2481656e-03
  -6.3927246e-04  -4.8266331e-04  -4.8094781e-03  -2.1731017e-03
  -5.4931474e-04  -6.4370540e-04  -5.1505379e-03  -2.6460045e-03
  -1.7262615e-03  -1.0444381e-03  -4.6445701e-03  -2.8411708e-03
  -2.9032082e-03  -9.0961212e-04  -6.0537839e-03  -2.3495020e-03
  -2.1498124e-03  -1.2728931e-03  -5.9975653e-03  -2.2969572e-03
  -3.5815461e-04  -1.3477964e-03  -4.3072583e-03  -2.3157232e-03
  -1.9698037e-04  -1.0781445e-03  -4.2210564e-03  -2.5521746e-03
  -4.1812641e-04  -8.3470882e-04  -4.0823838e-03  -2.4283191e-03
  -4.5186056e-04  -7.2984420e-04  -4.3672249e-03  -2.2293996e-03
  -5.2307708e-04  -8.8714113e-04  -4.0561484e-03  -2.4170595e-03
  -9.1289383e-04  -9.3957344e-04  -3.2615917e-03  -2.1655953e-03
  -2.1348194e-03  -1.0219671e-03  -4.0898796e-03  -2.2256465e-03
  -1.2502353e-03  -9.0961212e-04  -3.8125343e-03  -2.1092973e-03
   5.2642956e-04  -8.0474750e-04  -1.8336384e-03  -2.0417398e-03
   3.0153528e-04  -8.4968948e-04  -8.6667786e-04  -2.4883702e-03
  -9.2029708e-05  -6.5494090e-04  -7.7672805e-04  -2.2631784e-03
   9.1633954e-05  -6.8490222e-04  -5.7129520e-05  -1.9028715e-03
   4.2522714e-04  -9.5455410e-04   5.6127546e-04  -1.9516631e-03
  -1.1451914e-04  -8.4594431e-04   1.1084702e-03  -1.8916119e-03
  -3.2067223e-04  -8.9837662e-04   2.0754307e-03  -1.9741823e-03
   1.0062040e-03  -8.0849266e-04   2.0866744e-03  -1.8916119e-03
   1.3922725e-03  -7.6355068e-04   2.6526087e-03  -1.7039521e-03
   9.8746284e-04  -1.0818897e-03   4.0543267e-03  -2.1168037e-03
   3.5026238e-04  -7.5606035e-04   3.8332000e-03  -2.0154674e-03
   2.1157757e-04  -6.9613771e-04   3.7245107e-03  -1.8878587e-03
   4.1398242e-04  -1.0144767e-03   4.2379742e-03  -1.8690927e-03
   3.5026238e-04  -8.6092497e-04   4.9763123e-03  -1.9554163e-03
   1.4934750e-03  -7.8602167e-04   6.3592907e-03  -2.4245659e-03
   1.6846351e-03  -7.5980552e-04   5.0437746e-03  -2.0905314e-03
   1.1598818e-03  -5.6131177e-04   2.5176840e-03  -1.5988626e-03
   8.4128155e-04  -6.6617639e-04   2.4764570e-03  -1.3098664e-03
   9.9130430e-05  -7.9725717e-04   3.5521068e-03  -1.8540799e-03
   3.6525533e-04  -7.6355068e-04   3.3572156e-03  -2.0417398e-03
   4.0273771e-04  -7.9725717e-04   2.0716828e-03  -1.6288881e-03
   5.3017780e-04  -7.5980552e-04   1.4157987e-03  -2.0229738e-03
   5.9764608e-04  -6.6243123e-04   1.3633280e-03  -2.2218933e-03
  -2.3446275e-04  -5.0887946e-04   1.4870090e-03  -2.2556720e-03
  -3.2442046e-04  -8.1598299e-04   6.4747737e-04  -2.1017910e-03
  -8.4167731e-04  -1.1343220e-03  -8.0296341e-04  -1.9404035e-03
  -8.3043259e-04  -8.9463146e-04  -9.1540068e-04  -2.1055441e-03
  -8.8281470e-05  -9.0586695e-04  -1.4213684e-03  -2.2594252e-03
  -4.3311937e-04  -9.1335728e-04  -2.8568175e-03  -2.0229738e-03
  -4.1062994e-04  -8.0474750e-04  -3.5314412e-03  -1.9066247e-03
  -1.0140963e-03  -1.1867543e-03  -3.7150887e-03  -2.0642590e-03
  -1.2839694e-03  -1.1904995e-03  -2.6431867e-03  -2.2143869e-03
  -4.5560879e-04  -9.6578959e-04  -1.5937722e-03  -2.4996298e-03
  -6.4302069e-04  -1.1530478e-03  -2.7218928e-03  -2.1393229e-03
  -5.2682532e-04  -9.7327992e-04  -3.4264997e-03  -1.8503268e-03
  -4.9309117e-04  -9.7702509e-04  -2.9879944e-03  -2.2068805e-03
  -1.2239976e-03  -1.1605382e-03  -3.3103145e-03  -2.2819444e-03
  -1.4451436e-03  -1.2504221e-03  -3.4339955e-03  -2.0717654e-03
  -1.0928093e-03  -1.1680285e-03  -2.8455738e-03  -1.9891950e-03
  -6.0928655e-04  -9.9200575e-04  -2.6244472e-03  -1.9066247e-03
  -4.7434998e-04  -1.2504221e-03  -2.3096228e-03  -1.6926925e-03
  -5.8202340e-06  -9.6204443e-04  -1.5413015e-03  -1.8052884e-03
   6.1638727e-04  -8.6841530e-04  -8.4793832e-04  -2.0567526e-03
   2.7913908e-05  -8.0474750e-04  -1.6207097e-04  -1.9028715e-03
  -6.4302069e-04  -6.5868606e-04   4.4064023e-05  -1.6664201e-03
  -3.5815461e-04  -1.1155962e-03   9.6534749e-05  -1.5237986e-03
   2.0408109e-04  -9.2833794e-04   1.0222683e-03  -1.7564968e-03
   2.4156347e-04  -9.2084761e-04   1.8917832e-03  -2.0229738e-03
  -2.5695218e-04  -9.8826058e-04   1.7755980e-03  -1.8991183e-03
   1.3286457e-04  -7.5606035e-04   2.2028596e-03  -1.9516631e-03
   6.8010732e-04  -9.1710245e-04   2.9749289e-03  -1.8615863e-03
   7.4757560e-04  -6.9613771e-04   2.9561893e-03  -1.7152117e-03
   6.3887670e-04  -6.1748925e-04   3.0948619e-03  -1.8165480e-03
   2.4165670e-05  -8.4968948e-04   2.3865071e-03  -1.8353140e-03
   4.0273771e-04  -6.2872474e-04   2.5401714e-03  -1.8052884e-03
   4.2147890e-04  -7.4857002e-04   3.9119061e-03  -2.0717654e-03
   3.1662146e-05  -9.6578959e-04   3.8294521e-03  -2.3419956e-03
