  -5.0799090e-05  -1.2054801e-03  -1.5457515e-04  -1.8953651e-03
   5.7899812e-05  -8.9463146e-04  -3.0074361e-04  -1.7602500e-03
  -8.8281470e-05  -9.2833794e-04  -2.3398339e-05  -1.8465736e-03
   6.9144526e-05  -7.0362804e-04  -2.3398339e-05  -1.9816886e-03
  -6.2043804e-05  -7.8602167e-04   1.0332842e-05  -1.9291439e-03
   2.0417432e-05  -1.0144767e-03  -8.3364883e-05  -2.0942846e-03
  -3.5806138e-05  -6.9613771e-04  -2.9324779e-04  -2.1505825e-03
  -2.5320394e-04  -1.1081059e-03  -4.6587940e-06  -1.8503268e-03
  -5.8295566e-05  -1.0332026e-03  -1.3208770e-04  -1.9366503e-03
  -1.9323213e-04  -9.5455410e-04  -3.1573524e-04  -2.2481656e-03
  -2.0822509e-04  -8.7590563e-04  -1.2459188e-04  -2.2068805e-03
   4.6655098e-05  -6.2497958e-04  -2.6326452e-04  -2.2106337e-03
  -8.0784994e-05  -9.0212179e-04  -2.3328124e-04  -2.2406592e-03
  -1.5949799e-04  -8.0849266e-04  -6.8373247e-05  -2.1731017e-03
  -1.9698037e-04  -9.2833794e-04  -3.3072688e-04  -2.1655953e-03
  -2.0822509e-04  -9.9575091e-04  -1.9580215e-04  -2.0229738e-03
  -9.2029708e-05  -8.0849266e-04  -7.9616974e-05  -2.1843613e-03
  -1.1451914e-04  -8.2721849e-04  -4.3192042e-04  -2.2969572e-03
  -1.1451914e-04  -8.0849266e-04  -4.3566833e-04  -2.2293996e-03
  -2.2696628e-04  -1.0144767e-03  -1.2084397e-04  -2.4208127e-03
  -2.1197332e-04  -7.5980552e-04   2.1576569e-05  -2.1918677e-03
   5.0403336e-05  -6.5868606e-04  -1.0585234e-04  -2.0905314e-03
  -2.4561424e-05  -9.8451542e-04  -6.4625338e-05  -2.4095531e-03
  -4.3302614e-05  -7.2984420e-04  -8.3364883e-05  -2.2969572e-03
   4.6655098e-05  -8.7216047e-04  -7.2121156e-05  -2.2594252e-03
  -6.5792042e-05  -8.8339596e-04  -2.7146248e-05  -2.3495020e-03
  -3.9554376e-05  -7.1486354e-04  -1.3583561e-04  -2.4057999e-03
  -2.0719960e-06  -9.8077025e-04  -3.4642066e-05  -2.5709406e-03
  -5.8295566e-05  -8.7590563e-04  -9.1088500e-07  -2.4958766e-03
  -1.8948390e-04  -9.3208311e-04  -1.1709606e-04  -2.4057999e-03
  -1.8573566e-04  -9.5080893e-04  -1.0210443e-04  -2.3007104e-03
  -1.3316710e-05  -8.1972816e-04  -8.4067030e-06  -2.4583447e-03
  -3.2057900e-05  -8.0100233e-04  -6.0877429e-05  -2.6197321e-03
  -1.0702266e-04  -8.4594431e-04  -5.3381611e-05  -2.4658511e-03
  -1.3326033e-04  -1.0294574e-03  -1.3208770e-04  -2.4958766e-03
   1.1787162e-04  -9.2833794e-04  -1.0585234e-04  -2.2331528e-03
   4.6655098e-05  -7.7478618e-04  -5.7129520e-05  -2.0492462e-03
  -7.3288518e-05  -7.0362804e-04  -1.9955006e-04  -2.1130505e-03
   3.0903176e-04  -7.7104101e-04  -2.7146248e-05  -2.0304802e-03
   5.4244800e-06  -8.6092497e-04  -1.4333143e-04  -2.0567526e-03
  -1.3326033e-04  -9.3957344e-04  -2.0704588e-04  -2.0980378e-03
   1.5910224e-04  -8.7590563e-04   1.2651802e-04  -2.2406592e-03
  -6.9540280e-05  -7.7853134e-04  -3.4642066e-05  -2.0379866e-03
   2.4165670e-05  -7.6729585e-04  -1.7331470e-04  -1.9253907e-03
   4.6655098e-05  -8.3845398e-04  -6.8373247e-05  -2.2331528e-03
  -1.7064948e-05  -9.8077025e-04  -1.5082725e-04  -2.1092973e-03
   8.4137478e-05  -6.9239255e-04  -1.1334816e-04  -2.1393229e-03
  -1.7064948e-05  -7.5980552e-04   4.7811932e-05  -2.1580889e-03
   1.7034695e-04  -8.9837662e-04   1.4900547e-04  -1.8803523e-03
  -6.5792042e-05  -9.0212179e-04   4.4064023e-05  -2.0079610e-03
  -1.3316710e-05  -8.5343464e-04   9.2786840e-05  -1.9741823e-03
   2.5280819e-04  -8.7965080e-04   1.1152638e-04  -1.9253907e-03
  -9.9526184e-05  -1.1118510e-03  -4.9633702e-05  -2.0642590e-03
   1.6669194e-05  -8.1598299e-04  -1.2459188e-04  -2.0942846e-03
   9.1727180e-06  -8.4219915e-04  -4.5440787e-04  -2.2068805e-03
  -3.5806138e-05  -8.1598299e-04  -2.6701242e-04  -2.0492462e-03
   8.7885716e-05  -8.9463146e-04  -1.5902521e-05  -2.0942846e-03
  -2.0813186e-05  -9.7702509e-04  -1.6207097e-04  -2.3119700e-03
  -8.0784994e-05  -8.2721849e-04   1.7524084e-04  -2.0567526e-03
  -1.4450504e-04  -9.0961212e-04   7.7795204e-05  -2.0379866e-03
  -8.0784994e-05  -7.9351200e-04  -1.6581888e-04  -2.1543357e-03
  -2.3821099e-04  -1.1455575e-03  -2.5951661e-04  -1.9854418e-03
  -2.9818280e-04  -1.0781445e-03  -5.0687860e-04  -1.8728459e-03
  -6.2043804e-05  -7.6729585e-04  -1.7331470e-04  -2.0755186e-03
  -4.7050852e-05  -7.9725717e-04  -1.4333143e-04  -2.2556720e-03
  -8.4533232e-05  -1.0556735e-03  -2.7076033e-04  -2.0980378e-03
  -3.2442046e-04  -1.2429318e-03  -9.4608610e-05  -2.1468293e-03
  -3.3191694e-04  -8.2721849e-04  -2.3328124e-04  -2.1505825e-03
   5.0403336e-05  -1.0294574e-03  -4.2067669e-04  -2.0342334e-03
  -9.9526184e-05  -1.0931252e-03  -2.5576870e-04  -2.4283191e-03
  -2.9068632e-04  -8.6092497e-04  -8.7112792e-05  -2.4583447e-03
   2.7913908e-05  -1.0069864e-03  -4.7314742e-04  -1.9591695e-03
  -2.8309662e-05  -1.0743994e-03  -5.4060978e-04  -2.0942846e-03
  -1.4825328e-04  -1.2354415e-03  -2.3702915e-04  -2.2519188e-03
  -1.3700856e-04  -1.0406929e-03  -2.8200406e-04  -1.8878587e-03
  -3.8814051e-04  -8.3096365e-04  -2.1828961e-04  -1.8390672e-03
  -1.0702266e-04  -9.6204443e-04  -1.8455843e-04  -2.0154674e-03
  -2.5695218e-04  -1.0706542e-03  -4.1318088e-04  -1.9741823e-03
  -2.3446275e-04  -9.8826058e-04  -2.2203752e-04  -1.7564968e-03
   1.5160576e-04  -8.9088629e-04  -3.4642066e-05  -1.6401477e-03
  -8.8281470e-05  -7.8976684e-04  -2.0704588e-04  -1.9479099e-03
   1.1412338e-04  -8.4594431e-04  -5.3381611e-05  -2.0605058e-03
  -9.5777946e-05  -1.0669090e-03  -6.0877429e-05  -1.8878587e-03
  -4.7050852e-05  -8.7965080e-04  -2.3328124e-04  -1.9779355e-03
   6.1648050e-05  -7.7853134e-04  -2.1079379e-04  -1.8615863e-03
  -1.1826737e-04  -8.0849266e-04  -2.9324779e-04  -1.8390672e-03
   7.2892764e-05  -8.7590563e-04  -5.7129520e-05  -1.9216375e-03
  -1.6699447e-04  -7.8976684e-04   1.8648456e-04  -1.9629227e-03
   2.0417432e-05  -7.7104101e-04  -1.5082725e-04  -2.2068805e-03
  -4.7050852e-05  -9.6578959e-04  -1.8830634e-04  -1.9028715e-03
  -2.6819689e-04  -8.0474750e-04  -1.1334816e-04  -1.9328971e-03
   1.4410929e-04  -8.3845398e-04  -3.5321433e-04  -2.1918677e-03
   8.7885716e-05  -9.0586695e-04  -4.0943297e-04  -1.9854418e-03
  -2.0813186e-05  -7.9725717e-04  -3.1948315e-04  -2.0755186e-03
  -3.9554376e-05  -8.9463146e-04  -1.8081052e-04  -1.9028715e-03
  -2.1946980e-04  -9.0212179e-04  -3.0449151e-04  -2.1430761e-03
   2.4165670e-05  -7.5606035e-04  -1.5832306e-04  -2.1806081e-03
   1.6762420e-06  -9.3957344e-04  -1.0960025e-04  -1.7001989e-03
  -3.6565108e-04  -9.9575091e-04  -2.9699570e-04  -2.3194764e-03
  -2.3071451e-04  -7.1860870e-04  -5.3381611e-05  -2.3907871e-03
   6.9144526e-05  -7.8976684e-04  -2.4452497e-04  -2.0342334e-03
  -1.4825328e-04  -1.0406929e-03  -1.9205424e-04  -2.3082168e-03
  -2.4570747e-04  -9.0212179e-04  -8.4067030e-06  -2.3757743e-03
   2.0417432e-05  -8.7216047e-04  -2.2578543e-04  -2.4095531e-03
  -1.1826737e-04  -1.0032412e-03  -2.0329797e-04  -2.3307360e-03
  -5.8295566e-05  -8.7590563e-04  -1.1709606e-04  -2.2406592e-03
  -2.8309662e-05  -7.6729585e-04  -1.4707934e-04  -2.4921234e-03
  -2.8309662e-05  -5.8752793e-04  -2.3702915e-04  -2.5484214e-03
   5.0403336e-05  -7.5606035e-04  -2.2578543e-04  -2.2331528e-03
  -1.0327442e-04  -8.6092497e-04  -1.5832306e-04  -2.2669316e-03
  -1.2951209e-04  -7.1860870e-04  -4.5885793e-05  -2.3344892e-03
  -1.5200152e-04  -9.3582827e-04  -7.9616974e-05  -2.1017910e-03
   3.1662146e-05  -1.0968704e-03  -7.5869065e-05  -2.2444124e-03
   3.1662146e-05  -8.7965080e-04  -1.1709606e-04  -2.6384981e-03
   7.6641002e-05  -7.5231519e-04  -2.6701242e-04  -2.5521746e-03
   4.6655098e-05  -9.0212179e-04  -2.2203752e-04  -2.3082168e-03
  -1.3326033e-04  -8.0474750e-04  -8.3364883e-05  -2.5784470e-03
   1.9283638e-04  -7.4107969e-04  -4.2137884e-05  -2.3720211e-03
   1.1412338e-04  -7.7853134e-04  -1.0960025e-04  -1.9591695e-03
   1.6762420e-06  -7.5606035e-04   8.1543113e-05  -2.1505825e-03
   2.1907405e-04  -6.8490222e-04   1.0028266e-04  -2.0942846e-03
   1.1412338e-04  -6.8864738e-04   2.1576569e-05  -2.0567526e-03
  -1.4450504e-04  -9.1335728e-04   2.1576569e-05  -2.1993741e-03
  -5.4547328e-05  -7.4857002e-04   8.1543113e-05  -2.1618421e-03
   1.3661281e-04  -5.8003760e-04   2.5019902e-04  -2.0117142e-03
   5.4244800e-06  -8.5717981e-04  -2.5576870e-04  -1.9704291e-03
   2.3031876e-04  -8.3470882e-04  -3.3072688e-04  -2.1993741e-03
   3.0528352e-04  -5.9876342e-04  -1.5902521e-05  -2.1017910e-03
  -1.2201561e-04  -7.2235387e-04  -3.1948315e-04  -1.9816886e-03
  -1.3326033e-04  -8.9837662e-04  -2.2203752e-04  -2.0980378e-03
  -2.0719960e-06  -8.8714113e-04   1.4080751e-05  -2.2106337e-03
  -1.3700856e-04  -8.5717981e-04  -1.7331470e-04  -2.2331528e-03
  -1.2951209e-04  -7.5606035e-04  -2.1079379e-04  -1.9516631e-03
  -1.2576385e-04  -8.8339596e-04  -1.0585234e-04  -2.1881145e-03
  -1.4825328e-04  -8.7216047e-04  -3.1948315e-04  -2.0867782e-03
  -2.0719960e-06  -7.4482486e-04  -2.9324779e-04  -1.7940288e-03
  -2.4561424e-05  -7.3358936e-04  -8.4067030e-06  -2.1318165e-03
  -1.3700856e-04  -7.6355068e-04  -2.1454170e-04  -2.0605058e-03
  -1.5949799e-04  -1.0406929e-03  -3.1573524e-04  -2.1092973e-03
   5.4244800e-06  -8.5717981e-04  -3.8389975e-05  -2.0192206e-03
   1.0662691e-04  -9.8077025e-04   9.2786840e-05  -1.9967014e-03
   6.5396288e-05  -1.0669090e-03   2.1576569e-05  -2.1843613e-03
   1.3286457e-04  -7.5606035e-04  -2.5951661e-04  -2.0379866e-03
  -3.0193104e-04  -9.4331860e-04  -2.7825615e-04  -2.0680122e-03
  -3.1317575e-04  -9.7327992e-04  -7.5869065e-05  -1.9891950e-03
   6.1648050e-05  -9.9949608e-04  -2.1079379e-04  -2.0492462e-03
  -2.6070042e-04  -9.5080893e-04  -3.0074361e-04  -2.1393229e-03
  -2.8309662e-05  -9.6578959e-04  -3.0449151e-04  -2.1956209e-03
  -8.0784994e-05  -9.7327992e-04  -2.1454170e-04  -2.2218933e-03
  -9.2029708e-05  -9.3208311e-04  -1.9205424e-04  -2.0117142e-03
   2.4156347e-04  -1.1193414e-03  -4.6190369e-04  -2.1580889e-03
  -2.5320394e-04  -9.5080893e-04  -3.8319760e-04  -2.2444124e-03
   5.4244800e-06  -7.8227651e-04  -2.1828961e-04  -2.0830250e-03
   4.2906860e-05  -9.8077025e-04  -4.3192042e-04  -2.2256465e-03
  -2.6444866e-04  -1.0406929e-03  -3.2697897e-04  -2.3157232e-03
  -1.3700856e-04  -9.0586695e-04  -1.8081052e-04  -1.9891950e-03
  -1.4075680e-04  -9.5455410e-04  -4.1318088e-04  -2.0529994e-03
  -1.3700856e-04  -8.4594431e-04  -4.0943297e-04  -2.2444124e-03
  -3.4690989e-04  -7.5980552e-04  -2.7450824e-04  -2.1318165e-03
  -4.3302614e-05  -7.9725717e-04  -3.8389975e-05  -2.0379866e-03
  -2.0813186e-05  -8.4594431e-04  -4.2137884e-05  -1.8428204e-03
  -2.8318985e-04  -1.0631639e-03  -2.1454170e-04  -2.0792718e-03
  -8.4533232e-05  -9.4706377e-04   2.5324478e-05  -2.0905314e-03
  -1.3326033e-04  -9.0586695e-04  -1.7706261e-04  -1.8090416e-03
  -1.6699447e-04  -8.8714113e-04  -2.8575197e-04  -2.0417398e-03
   6.9144526e-05  -6.9239255e-04  -1.0210443e-04  -1.9891950e-03
   7.6641002e-05  -9.0586695e-04  -2.0704588e-04  -1.7489904e-03
  -5.0799090e-05  -8.9088629e-04  -1.4333143e-04  -1.7827692e-03
  -1.4450504e-04  -6.3996024e-04  -3.1198733e-04  -1.8315608e-03
  -3.2067223e-04  -9.1710245e-04  -2.8200406e-04  -2.0004546e-03
  -2.8309662e-05  -1.0444381e-03  -5.3381611e-05  -2.0717654e-03
  -6.9540280e-05  -8.5343464e-04  -2.0329797e-04  -2.0342334e-03
  -8.8281470e-05  -9.7702509e-04  -2.7450824e-04  -1.9328971e-03
   2.8279409e-04  -8.3845398e-04  -3.6071015e-04  -1.9066247e-03
  -9.5777946e-05  -7.3733453e-04  -1.6581888e-04  -2.2856976e-03
  -1.1451914e-04  -8.1598299e-04  -7.5869065e-05  -2.0229738e-03
   6.9144526e-05  -7.2609903e-04  -2.1079379e-04  -1.8878587e-03
  -4.3302614e-05  -1.0556735e-03   1.0777848e-04  -2.2669316e-03
   2.0417432e-05  -8.5343464e-04   2.8370240e-06  -2.1468293e-03
  -1.3700856e-04  -7.7853134e-04  -2.1454170e-04  -2.0792718e-03
  -1.2951209e-04  -1.0406929e-03   3.6568205e-05  -1.9404035e-03
  -1.6699447e-04  -9.1710245e-04  -1.0210443e-04  -1.9741823e-03
   2.3031876e-04  -1.2279511e-03  -1.3958352e-04  -2.1130505e-03
   3.7650004e-04  -1.1979898e-03  -9.8356519e-05  -2.1168037e-03
  -4.0313346e-04  -1.0669090e-03  -6.0807214e-04  -2.1918677e-03
   4.8894718e-04  -7.1860870e-04  -3.2323106e-04  -2.3720211e-03
  -8.9790088e-04  -1.1268317e-03  -9.0860701e-05  -2.4620979e-03
   8.7885716e-05  -8.1598299e-04  -1.5082725e-04  -2.3645147e-03
   1.8159167e-04  -1.0182219e-03  -2.4077706e-04  -2.3607615e-03
  -1.8312121e-03  -1.1155962e-03  -5.4435769e-04  -2.2631784e-03
   2.4080450e-03  -5.6131177e-04   3.2140929e-04  -2.3457488e-03
  -2.8020058e-03  -1.7784904e-03  -6.0057633e-04  -2.0342334e-03
   3.2251609e-03   2.7011486e-04  -1.8830634e-04  -2.3570083e-03
  -2.3184831e-03  -2.2840877e-03  -4.3566833e-04  -2.4020467e-03
   2.6030466e-04   3.5250849e-04  -4.2137884e-05  -2.3607615e-03
   2.3330803e-03  -2.0893391e-03   3.8512374e-04  -2.9124815e-03
  -6.1116999e-03  -1.3665222e-03  -1.5825285e-03  -2.0042078e-03
   1.0264352e-02   1.0191479e-03   1.0972265e-03  -2.7961324e-03
  -1.4455278e-02  -4.6547771e-03  -1.7174532e-03  -2.0192206e-03
   1.6602622e-02   5.3785199e-03   2.2403387e-03  -2.5559278e-03
  -1.6325648e-02  -9.3549592e-03  -2.2796396e-03  -1.6589137e-03
   1.4207498e-02   8.7678942e-03   1.1721846e-03  -2.2444124e-03
  -1.2228824e-02  -1.0047815e-02  -1.3958352e-04  -1.8916119e-03
  -1.4800125e-01  -8.7999679e-02  -8.2050837e-03   6.5005366e-03
   1.6394586e-01  -1.0975534e-01   9.0331192e-02  -2.3408690e-02
   1.7869517e-01  -1.1503603e-01   5.2552269e-02  -3.1466804e-02
  -5.2518635e-02  -6.8461153e-02  -1.7218735e-01   2.7447129e-02
  -5.7151457e-02  -2.9691205e-02  -1.4535232e-01   1.8240537e-02
  -9.7403785e-02  -2.1290800e-02   9.2538710e-02  -4.8468787e-02
   5.5093278e-02  -5.0106100e-02   1.1690012e-01  -3.7404362e-02
  -2.2615192e-02  -7.6288548e-02  -9.4470705e-02   6.8458307e-03
  -1.2981855e-01  -1.5437107e-02  -1.1411724e-01  -4.4813179e-03
  -2.0032656e-02  -1.6886486e-02   9.9266207e-02  -4.0035353e-02
  -1.6531802e-02  -4.4207465e-02   8.7471537e-02  -3.4443090e-02
   7.6705712e-03  -2.6002218e-02  -1.5791906e-01   2.7739878e-02
  -3.7173348e-02  -2.8035842e-02  -1.1736293e-01   2.2646790e-02
  -7.7140810e-02  -2.8391633e-02   1.5384326e-01  -5.6046491e-02
  -7.1079909e-02  -3.9904270e-02   1.5993361e-01  -5.3186555e-02
  -9.5638271e-03  -5.2896247e-02  -7.9565271e-02   1.7538689e-02
  -5.3770453e-03  -7.9917191e-03  -1.6395319e-01   2.5097628e-02
  -7.3662445e-02   2.2860950e-02   5.6615002e-02  -4.1641721e-02
  -2.2922454e-03  -6.3738078e-03   1.4463090e-01  -4.9827444e-02
   1.3997690e-03  -2.7766190e-02  -6.8782537e-02   9.3867451e-03
  -2.9744341e-02  -3.3338996e-02  -1.1515167e-01   3.1879655e-02
  -6.4704156e-02  -2.0785203e-02   7.1966438e-02  -1.2062776e-02
  -3.4579568e-02   1.4011547e-03   1.1460640e-01  -3.9025743e-02
   6.1345339e-02   5.2104091e-04  -3.5103827e-02   5.0968409e-03
   9.1773629e-03   4.5404960e-05  -1.3587760e-01   3.2513945e-02
  -6.1266929e-03   1.0397041e-02   7.5323862e-03  -4.7815736e-03
  -1.4087950e-02   1.0524377e-02   1.3021269e-01  -3.9997821e-02
  -3.7443221e-02  -7.2951184e-03  -7.0994505e-03  -7.3562668e-03
   2.1880141e-02  -2.0399451e-02  -9.5505128e-02   2.4808632e-02
   5.4151574e-05  -8.6283972e-03   5.6396922e-03  -2.3232296e-03
  -4.2642027e-02   9.6068112e-03   7.4061519e-02  -2.3626376e-02
  -1.1265434e-03   8.9776235e-03  -8.2388149e-03  -6.2528268e-03
   1.9245130e-02  -4.3926156e-03  -9.0216828e-02   1.6183785e-02
   1.2775671e-02  -2.9469819e-03  -3.1449615e-02   5.8549867e-03
  -2.9755585e-02   5.5320717e-03   5.4058929e-02  -1.6191292e-02
  -5.1330443e-02   1.8772123e-04   1.4094975e-02  -7.8629483e-03
   2.4848746e-02  -1.2418504e-02  -5.6654303e-02   9.6269497e-03
   3.0032559e-02  -1.0643296e-02  -3.5013877e-02   5.3708243e-03
  -3.0190381e-02   7.0338829e-03   3.1627693e-02  -1.0602782e-02
  -1.8938170e-02   1.1400745e-02   2.2760140e-02  -1.1567354e-02
   1.6835013e-02  -2.8533528e-03  -2.7053318e-02   2.1580876e-03
   1.4312449e-02  -9.1489751e-03  -3.2030541e-02   5.5622373e-03
  -3.1326097e-02  -6.7366672e-04   1.1703809e-02  -4.4362795e-03
  -4.1903625e-02   2.4123492e-03   3.2118669e-02  -1.0580263e-02
   2.2779719e-02  -5.2839648e-03  -1.6353038e-02  -1.7527436e-03
   2.9762686e-02  -6.1828044e-03  -3.1453363e-02   5.4646542e-03
  -2.1558189e-02   4.9066291e-03  -1.3876372e-03  -1.5013420e-05
  -1.1554142e-02   9.1611366e-03   1.7520564e-02  -5.5547322e-03
   1.2205939e-02  -2.0668681e-03   9.2786840e-05  -2.4170595e-03
   7.6480818e-03  -1.0163915e-02  -2.2833173e-02   3.8883115e-03
  -2.1599419e-02  -3.9019989e-03   6.8277793e-03  -1.3699175e-03
  -2.4313144e-02   3.4010728e-03   2.8359517e-02  -8.5873154e-03
   2.3000865e-02   1.2813094e-03   1.1309576e-03  -3.2352564e-03
   1.7865779e-02  -2.1904585e-03  -2.0917991e-02   3.2502680e-03
  -1.6273173e-02   1.4423515e-03  -2.3471019e-03  -1.8766048e-04
  -2.1412007e-02   2.8280626e-03   3.0210984e-02  -7.5626926e-03
  -9.8411035e-04  -4.4600285e-03   1.6399939e-02  -6.0426478e-03
   2.0077239e-02  -7.7670092e-03  -1.0697443e-02   1.1447245e-03
  -5.4482618e-03  -5.0887946e-04  -4.6108390e-03   9.1577944e-04
  -1.1048129e-02   5.7418009e-03   1.4642170e-02  -3.9821426e-03
   1.2659476e-02   2.2026200e-03   9.4138365e-03  -3.2915544e-03
   7.0970908e-03  -3.8121150e-03  -1.2342775e-02   1.7790147e-03
  -7.6222399e-03  -3.3776759e-03  -5.3416812e-03   9.8333698e-04
  -1.4593963e-02   2.0270189e-04   1.6433670e-02  -4.7928332e-03
   2.1681578e-03  -8.8339596e-04   1.3596503e-02  -5.3220340e-03
   1.2910608e-02  -2.9769432e-03  -7.7290992e-03  -5.6298018e-04
  -2.4834056e-03   7.9111445e-05  -9.7941971e-03   4.6914899e-04
  -6.2691259e-03   2.8842400e-03   1.0324578e-02  -4.7553012e-03
  -5.8304889e-04   4.3115695e-04   1.1790011e-02  -6.2603332e-03
   2.3668144e-03  -3.9694119e-03  -6.6759368e-03  -1.6664201e-03
  -3.3192626e-03  -3.5724244e-03  -9.8616595e-03  -9.0077360e-05
  -6.5240061e-03   3.8621497e-04   1.8917832e-03  -3.2089841e-03
   3.7386695e-03   1.1015415e-03   1.6256816e-03  -3.9971554e-03
   6.7185187e-03  -8.9088629e-04  -1.5869558e-02  -2.3269885e-04
  -4.7809822e-04  -1.3065996e-03  -1.6263088e-02   8.3320910e-04
  -7.0000323e-03  -2.1675659e-04   2.3152969e-03  -3.0851286e-03
  -3.4504510e-03  -9.9200575e-04   5.2274222e-03  -4.8115992e-03
   3.7686554e-03  -2.4563653e-03  -7.6916202e-03  -1.7302244e-03
   8.7876393e-04  -1.9844745e-03  -1.0892334e-02  -1.6138810e-04
  -3.2930250e-03   1.5775991e-04   9.6604964e-04  -3.1264137e-03
  -9.6536916e-04   8.8806708e-04   6.4155093e-03  -4.8754035e-03
   2.8578336e-03  -1.0781445e-03  -4.0636442e-03  -2.3082168e-03
  -4.5186056e-04  -1.9395325e-03  -1.0030315e-02  -1.6514130e-04
  -6.6139638e-03  -9.6578959e-04  -1.1964939e-03  -2.1017910e-03
  -3.3342556e-03  -4.2274067e-04   4.9650685e-03  -4.2185941e-03
   4.3233947e-03  -1.2017350e-03  -4.0598963e-03  -2.2068805e-03
   5.2791953e-03  -1.1343220e-03  -9.9366176e-03   1.8765353e-05
   1.6762420e-06   4.7609893e-04  -2.0322776e-03  -1.2573216e-03
  -3.0006624e-03   4.3490212e-04   4.4216217e-03  -2.9162347e-03
   1.5160576e-04  -1.1155962e-03   1.4420341e-03  -2.1693485e-03
   1.2798254e-03  -1.9320422e-03  -4.2173085e-03  -5.8174617e-04
  -1.2127529e-03  -1.2354415e-03   3.8887165e-04  -1.5650838e-03
  -1.4976190e-03  -4.0733835e-05   8.1920182e-03  -3.8132488e-03
   1.2011124e-03  -1.1563714e-04   5.1224807e-03  -3.3591119e-03
   2.6254428e-03  -8.2721849e-04  -7.2425732e-04  -1.5350582e-03
  -1.1565293e-03  -8.4968948e-04   4.3009865e-04  -1.1822577e-03
  -3.4729404e-03  -6.4370540e-04   6.8765021e-03  -2.5259022e-03
  -2.0447685e-04  -1.2279511e-03   7.9484041e-03  -3.3065672e-03
   2.6704217e-03  -1.4526610e-03   1.2396470e-03  -1.6964457e-03
   2.2056402e-03  -6.8490222e-04  -9.1165277e-04  -8.1069118e-04
   6.0889080e-04  -1.9428560e-04   2.7500543e-03  -2.0379866e-03
  -9.9526184e-05  -5.5714495e-05   4.5527985e-03  -2.4095531e-03
   6.5396288e-05  -7.9725717e-04   5.6127546e-04  -1.5500710e-03
  -5.0058765e-04  -1.6886064e-03  -2.0397734e-03  -1.1184533e-03
  -1.3214518e-03  -1.3253254e-03   2.2965573e-03  -2.0755186e-03
  -5.7180417e-04  -7.7478618e-04   3.9681247e-03  -3.1376733e-03
   8.4877803e-04  -4.7142781e-04   1.6399711e-04  -2.5221490e-03
   4.3272361e-04  -5.8003760e-04  -2.0585129e-03  -1.7827692e-03
  -1.1565293e-03  -9.8826058e-04  -6.3430751e-04  -2.2293996e-03
  -1.7862333e-03  -8.3470882e-04   1.2059158e-03  -2.9725327e-03
  -1.0515786e-03  -1.1230865e-03  -1.3726456e-03  -2.6234853e-03
   4.4771656e-04  -1.5687612e-03  -4.9668903e-03  -1.6101221e-03
  -1.2576385e-04  -9.3208311e-04  -4.4459310e-03  -1.7152117e-03
  -9.5412445e-04  -5.4258595e-04  -2.4820266e-03  -2.0905314e-03
   3.3526942e-04  -7.5606035e-04  -2.4970183e-03  -2.1956209e-03
   4.4771656e-04  -1.0144767e-03  -4.4534268e-03  -1.8165480e-03
  -8.6791497e-04  -1.2129705e-03  -4.8881842e-03  -1.2685812e-03
  -1.8986804e-03  -1.2429318e-03  -2.9655069e-03  -2.2519188e-03
  -1.0290892e-03  -1.1867543e-03  -1.6874699e-03  -2.9500135e-03
  -3.9554376e-05  -1.0032412e-03  -3.1941294e-03  -2.3757743e-03
  -6.0928655e-04  -9.8077025e-04  -4.2847709e-03  -2.0379866e-03
  -7.2923017e-04  -7.6355068e-04  -1.8074030e-03  -1.8916119e-03
  -1.1640258e-03  -7.7853134e-04  -4.3941624e-04  -2.1731017e-03
  -7.7046079e-04  -1.2054801e-03  -1.3988809e-03  -2.0905314e-03
   4.5521304e-04  -1.2803834e-03  -1.6724783e-03  -1.4074495e-03
   4.6655098e-05  -1.0519284e-03  -1.3201749e-03  -1.7077053e-03
  -1.4825328e-04  -5.9501826e-04  -2.7076033e-04  -1.9479099e-03
   5.9389785e-04  -5.3509562e-04  -2.8949988e-04  -1.5876030e-03
   6.3512846e-04  -8.9837662e-04  -1.1740064e-03  -1.3774239e-03
  -2.2321804e-04  -1.0069864e-03   1.5650129e-04  -1.4862666e-03
  -7.6671255e-04  -1.0257122e-03   2.4389779e-03  -2.0154674e-03
  -3.4316165e-04  -1.1193414e-03   2.7013315e-03  -2.1505825e-03
   3.0903176e-04  -7.4482486e-04   2.4914486e-03  -2.0867782e-03
   4.7020599e-04  -5.1262463e-04   2.1428931e-03  -1.9666759e-03
  -2.7569337e-04  -5.6880210e-04   1.3745717e-03  -2.0379866e-03
  -6.0179008e-04  -4.5644715e-04   2.0754307e-03  -2.1693485e-03
   9.1633954e-05  -1.0369477e-03   2.8812311e-03  -2.0342334e-03
   3.0153528e-04  -1.2391866e-03   2.9561893e-03  -2.4020467e-03
  -7.3288518e-05  -6.7741189e-04   2.9486935e-03  -2.1806081e-03
   1.9283638e-04  -5.2386012e-04   1.7980854e-03  -1.6101221e-03
   1.0024558e-03  -5.2011496e-04   9.9978082e-04  -1.9554163e-03
   5.7515666e-04  -6.3996024e-04   1.4982527e-03  -2.2444124e-03
  -6.4676893e-04  -7.3358936e-04   1.2621344e-03  -1.8916119e-03
  -8.7166321e-04  -9.3582827e-04   8.7984773e-04  -2.0304802e-03
  -2.5695218e-04  -1.2391866e-03   7.8240210e-04  -2.5033830e-03
   1.6669194e-05  -1.1006155e-03   2.4270320e-04  -2.4283191e-03
  -6.1678303e-04  -7.8976684e-04  -2.6326452e-04  -2.6084725e-03
  -5.8304889e-04  -6.4745057e-04  -6.7178660e-04  -2.6047194e-03
   2.0417432e-05  -7.9351200e-04  -1.4513517e-03  -2.3495020e-03
  -2.4945570e-04  -7.2235387e-04  -1.9910506e-03  -2.2331528e-03
  -9.5787269e-04  -6.7366672e-04  -2.1971856e-03  -2.2331528e-03
  -1.0665716e-03  -9.5455410e-04  -2.5794723e-03  -2.4358255e-03
  -4.3302614e-05  -1.0182219e-03  -2.2234209e-03  -2.3607615e-03
   2.0033286e-04  -9.5455410e-04  -2.5082620e-03  -2.4958766e-03
  -4.3311937e-04  -8.1598299e-04  -3.5876598e-03  -2.3682679e-03
  -5.4181827e-04  -6.6992156e-04  -2.9017925e-03  -2.1430761e-03
  -4.8934294e-04  -8.1223783e-04  -2.0697567e-03  -2.2669316e-03
  -5.7555241e-04  -1.0519284e-03  -2.3433540e-03  -2.3532552e-03
  -1.0478304e-03  -9.9575091e-04  -2.0135380e-03  -2.5146426e-03
  -6.4676893e-04  -9.6953476e-04  -1.0653170e-03  -2.2894508e-03
  -9.9526184e-05  -8.3845398e-04  -7.6548432e-04  -2.1806081e-03
  -1.3700856e-04  -6.9613771e-04  -7.6923223e-04  -2.1731017e-03
  -5.8295566e-05  -6.4745057e-04  -7.5049269e-04  -2.1731017e-03
  -2.4945570e-04  -6.4745057e-04  -5.4060978e-04  -2.2444124e-03
   3.5410384e-05  -1.0519284e-03   1.5650129e-04  -1.8578331e-03
   3.5410384e-05  -1.1193414e-03   3.3265302e-04  -1.9253907e-03
   1.3286457e-04  -9.3208311e-04   5.0130892e-04  -1.9404035e-03
   3.9149299e-04  -6.5868606e-04   1.1459493e-03  -1.6739265e-03
   1.5535400e-04  -6.2872474e-04   1.6594128e-03  -1.9516631e-03
   2.9778704e-04  -9.1710245e-04   1.7568584e-03  -1.9591695e-03
  -1.2951209e-04  -7.5980552e-04   2.0454474e-03  -1.9328971e-03
  -1.0702266e-04  -5.8003760e-04   2.7050794e-03  -2.2068805e-03
  -4.3302614e-05  -6.6243123e-04   3.0573829e-03  -2.3382424e-03
  -3.5440637e-04  -9.4706377e-04   3.0049121e-03  -2.1055441e-03
   3.0153528e-04  -9.1335728e-04   2.0829265e-03  -1.9253907e-03
   2.1157757e-04  -6.5119573e-04   1.7456147e-03  -2.1130505e-03
   8.4137478e-05  -5.6131177e-04   2.1653805e-03  -2.1205569e-03
   2.4531171e-04  -7.4107969e-04   1.5694630e-03  -1.8165480e-03
  -4.7050852e-05  -8.8339596e-04   8.2737700e-04  -1.6514073e-03
   1.6659871e-04  -8.1598299e-04   7.1868764e-04  -1.8690927e-03
  -1.5574975e-04  -1.1230865e-03   5.8751083e-04  -2.0980378e-03
  -5.1932884e-04  -7.2235387e-04   2.5394693e-04  -2.1731017e-03
  -2.8693808e-04  -6.3621507e-04   5.5307750e-05  -1.9891950e-03
  -3.4690989e-04  -1.1605382e-03  -3.2697897e-04  -2.1243101e-03
  -3.3566518e-04  -6.7366672e-04  -1.6956679e-04  -2.2444124e-03
  -6.7300660e-04  -9.1335728e-04  -2.2578543e-04  -2.0004546e-03
  -8.4542555e-04  -1.3253254e-03  -1.0240900e-03  -2.1806081e-03
  -5.0433589e-04  -9.3208311e-04  -1.1702585e-03  -2.0792718e-03
  -6.1303479e-04  -1.0406929e-03  -1.6762262e-03  -1.9741823e-03
  -5.1932884e-04  -1.0706542e-03  -2.1821939e-03  -2.0867782e-03
  -3.3941342e-04  -1.1155962e-03  -2.3845810e-03  -2.0642590e-03
  -9.9526184e-05  -1.3515416e-03  -2.2946312e-03  -2.0905314e-03
  -1.8198742e-04  -9.9200575e-04  -1.7849156e-03  -2.0004546e-03
  -8.6041850e-04  -9.0961212e-04  -2.2384126e-03  -2.1655953e-03
  -5.9804184e-04  -1.0968704e-03  -2.3246145e-03  -2.0379866e-03
  -2.7194513e-04  -9.9575091e-04  -1.8673696e-03  -2.0867782e-03
  -5.8679712e-04  -1.0931252e-03  -1.5300578e-03  -2.4583447e-03
  -6.9924426e-04  -1.0369477e-03  -1.3089311e-03  -2.1318165e-03
  -5.1183236e-04  -1.0406929e-03  -1.3051832e-03  -2.1918677e-03
  -1.5574975e-04  -1.1155962e-03  -5.1437442e-04  -2.1693485e-03
  -4.8559470e-04  -9.1335728e-04  -3.1198733e-04  -1.9441567e-03
  -7.3672664e-04  -9.2084761e-04  -2.7450824e-04  -2.1918677e-03
  -1.4075680e-04  -8.5343464e-04   2.6144274e-04  -1.9328971e-03
   1.9658462e-04  -9.3582827e-04   1.7898875e-04  -1.7527436e-03
  -1.6324623e-04  -1.1942447e-03   6.5497319e-04  -1.9066247e-03
  -2.2696628e-04  -8.8339596e-04   1.2808740e-03  -1.8728459e-03
   4.2147890e-04  -7.8976684e-04   1.3295968e-03  -1.6401477e-03
   1.9283638e-04  -9.1335728e-04   1.5094964e-03  -1.7527436e-03
