  -2.5695218e-04  -8.2721849e-04  -2.1828961e-04  -1.9741823e-03
  -4.1812641e-04  -7.0737321e-04   1.4080751e-05  -2.1693485e-03
  -2.3446275e-04  -8.2721849e-04  -1.9205424e-04  -1.9666759e-03
  -1.5949799e-04  -9.6204443e-04  -3.3822270e-04  -1.9779355e-03
  -1.4075680e-04  -9.7327992e-04  -3.5696224e-04  -1.9141311e-03
  -1.6699447e-04  -1.0069864e-03  -4.2067669e-04  -1.9629227e-03
  -4.1062994e-04  -9.0586695e-04  -1.2084397e-04  -2.0830250e-03
  -8.0784994e-05  -1.1642833e-03  -1.2459188e-04  -2.0079610e-03
  -1.2951209e-04  -1.0931252e-03  -1.2459188e-04  -2.0117142e-03
  -5.0433589e-04  -9.2833794e-04  -2.2953333e-04  -1.9967014e-03
  -3.6939932e-04  -9.9575091e-04  -1.7331470e-04  -2.0792718e-03
  -1.3700856e-04  -8.4219915e-04  -2.0329797e-04  -2.0605058e-03
  -2.1197332e-04  -8.1972816e-04  -3.4946642e-04  -1.9141311e-03
  -4.0688170e-04  -8.7216047e-04  -2.0704588e-04  -2.1092973e-03
  -2.3446275e-04  -9.3582827e-04  -2.8575197e-04  -2.1693485e-03
  -3.5806138e-05  -7.7478618e-04  -1.7706261e-04  -1.9291439e-03
  -1.8948390e-04  -7.7104101e-04  -4.6565160e-04  -1.9629227e-03
  -4.0313346e-04  -1.0144767e-03  -3.9444133e-04  -2.1806081e-03
  -2.9068632e-04  -8.3845398e-04  -4.5885793e-05  -2.2369060e-03
  -2.7569337e-04  -9.7327992e-04  -3.3447479e-04  -1.8390672e-03
  -3.5440637e-04  -1.0294574e-03  -1.9580215e-04  -1.7902756e-03
  -8.4533232e-05  -9.0961212e-04   2.5324478e-05  -1.9178843e-03
  -2.2321804e-04  -9.2459278e-04   1.4080751e-05  -1.8465736e-03
  -2.1572156e-04  -6.9613771e-04  -2.1079379e-04  -1.9967014e-03
   9.1727180e-06  -7.5606035e-04  -4.9563487e-04  -1.7039521e-03
  -2.1197332e-04  -7.9725717e-04  -4.0568506e-04  -1.8916119e-03
   1.4410929e-04  -7.1486354e-04  -2.4077706e-04  -2.0642590e-03
   1.8533990e-04  -8.7965080e-04  -2.9324779e-04  -1.8540799e-03
  -2.2696628e-04  -9.7702509e-04  -2.5202079e-04  -2.0792718e-03
  -2.0447685e-04  -5.6505694e-04  -3.0823942e-04  -2.0417398e-03
  -4.6685351e-04  -5.2386012e-04   1.0028266e-04  -2.0079610e-03
  -3.9188875e-04  -8.3096365e-04   5.5377965e-04  -1.9066247e-03
  -2.8318985e-04  -7.8602167e-04  -1.1709606e-04  -1.9441567e-03
  -4.9309117e-04  -8.1223783e-04  -5.3381611e-05  -2.1092973e-03
  -3.9554376e-05  -7.2984420e-04   5.5307750e-05  -2.2331528e-03
   1.9283638e-04  -8.8339596e-04  -4.5815578e-04  -2.1881145e-03
   3.9158622e-05  -9.4706377e-04  -3.1573524e-04  -2.0229738e-03
  -2.0813186e-05  -7.0737321e-04  -5.2936605e-04  -2.2256465e-03
   3.9158622e-05  -5.9876342e-04  -5.1812233e-04  -1.9253907e-03
  -6.5792042e-05  -8.1972816e-04  -1.0210443e-04  -1.8428204e-03
  -2.7194513e-04  -1.1343220e-03  -1.3958352e-04  -2.2856976e-03
  -5.4547328e-05  -8.9837662e-04  -1.2459188e-04  -2.2444124e-03
  -3.1692399e-04  -1.0257122e-03  -1.0585234e-04  -2.0830250e-03
  -3.0942751e-04  -1.0219671e-03   3.2820296e-05  -1.9741823e-03
   1.3661281e-04  -7.2609903e-04  -3.0894157e-05  -2.0867782e-03
  -1.3316710e-05  -9.3957344e-04  -2.5576870e-04  -2.1205569e-03
  -1.2576385e-04  -6.6617639e-04   4.0316114e-05  -2.1731017e-03
  -1.6324623e-04  -7.6355068e-04  -1.3958352e-04  -2.4020467e-03
  -1.1451914e-04  -9.4706377e-04  -3.1198733e-04  -2.0492462e-03
  -1.6324623e-04  -6.6992156e-04  -4.6587940e-06  -2.0192206e-03
  -3.5065813e-04  -8.8339596e-04  -2.5951661e-04  -2.1318165e-03
  -2.1572156e-04  -8.5343464e-04  -2.7825615e-04  -2.0229738e-03
   5.4244800e-06  -9.5829926e-04  -2.1454170e-04  -2.2481656e-03
   9.1633954e-05  -1.0332026e-03  -4.0193715e-04  -2.1543357e-03
  -1.6324623e-04  -8.3096365e-04  -4.6587940e-06  -2.2068805e-03
  -1.2201561e-04  -8.3096365e-04   1.4525757e-04  -2.1918677e-03
   6.5396288e-05  -8.6841530e-04  -2.0329797e-04  -2.1205569e-03
  -1.7823918e-04  -9.4331860e-04  -2.6701242e-04  -2.3720211e-03
  -3.2057900e-05  -6.3246991e-04  -8.3364883e-05  -2.1017910e-03
  -5.8295566e-05  -8.6092497e-04  -1.9650430e-05  -1.8765991e-03
  -1.1826737e-04  -9.0961212e-04  -1.6956679e-04  -1.9253907e-03
  -1.3316710e-05  -5.6880210e-04  -1.0960025e-04  -1.9253907e-03
  -2.5320394e-04  -7.4107969e-04  -1.1334816e-04  -1.8090416e-03
  -2.4561424e-05  -5.2011496e-04  -8.3364883e-05  -1.7865224e-03
   7.6641002e-05  -6.1748925e-04   1.7149293e-04  -2.1092973e-03
  -2.0822509e-04  -6.4745057e-04   8.1543113e-05  -1.9216375e-03
  -3.5806138e-05  -8.1598299e-04  -1.0960025e-04  -1.9253907e-03
   2.9403881e-04  -8.3096365e-04  -1.7706261e-04  -1.9629227e-03
   1.3661281e-04  -4.4521166e-04  -1.2084397e-04  -1.7077053e-03
  -5.8295566e-05  -7.7104101e-04  -1.3208770e-04  -1.8728459e-03
  -5.0799090e-05  -6.5868606e-04  -1.0210443e-04  -1.8127948e-03
  -2.4195923e-04  -1.0257122e-03   7.4047295e-05  -1.8503268e-03
  -2.0072861e-04  -1.1830092e-03   2.2021575e-04  -1.7752628e-03
  -2.9818280e-04  -7.8602167e-04   2.6144274e-04  -2.0042078e-03
  -2.8693808e-04  -1.0219671e-03   7.7795204e-05  -2.1430761e-03
   3.5410384e-05  -6.8490222e-04  -8.3364883e-05  -1.8728459e-03
  -1.0702266e-04  -5.2386012e-04  -3.7944969e-04  -2.3044636e-03
   1.4410929e-04  -7.2235387e-04  -5.3311396e-04  -2.0154674e-03
   8.0389240e-05  -6.5119573e-04  -3.8319760e-04  -1.8540799e-03
  -2.4195923e-04  -7.4107969e-04  -1.7331470e-04  -2.2143869e-03
  -1.0702266e-04  -8.3470882e-04  -2.7146248e-05  -2.0417398e-03
  -3.8064403e-04  -8.1223783e-04  -5.7129520e-05  -1.9929482e-03
  -1.8573566e-04  -7.9351200e-04  -3.8389975e-05  -1.8278076e-03
  -4.7050852e-05  -7.5231519e-04  -1.1709606e-04  -2.0079610e-03
  -3.2442046e-04  -8.0100233e-04  -1.3583561e-04  -2.0980378e-03
  -2.1572156e-04  -8.7216047e-04  -1.4707934e-04  -2.1355697e-03
  -1.8948390e-04  -7.5231519e-04  -3.7195388e-04  -2.2218933e-03
  -3.0567927e-04  -8.4594431e-04  -3.5696224e-04  -1.9479099e-03
  -2.6444866e-04  -8.7590563e-04  -2.2953333e-04  -2.1993741e-03
  -3.6939932e-04  -8.0100233e-04  -2.4452497e-04  -2.0830250e-03
  -3.8439227e-04  -9.7702509e-04  -1.3583561e-04  -1.9028715e-03
  -1.5574975e-04  -9.6578959e-04  -2.9699570e-04  -2.0605058e-03
  -4.0313346e-04  -9.5080893e-04  -2.9699570e-04  -2.2331528e-03
  -4.6310527e-04  -8.6841530e-04   1.4080751e-05  -2.2781912e-03
  -1.1451914e-04  -8.2721849e-04  -3.5696224e-04  -1.9629227e-03
  -1.1077090e-04  -9.2084761e-04  -6.3055960e-04  -2.1280633e-03
  -2.1197332e-04  -8.4219915e-04  -3.2323106e-04  -2.2669316e-03
  -2.0447685e-04  -8.6841530e-04  -1.0960025e-04  -2.1280633e-03
  -3.1692399e-04  -1.0818897e-03  -1.6207097e-04  -2.0717654e-03
  -4.8184646e-04  -9.7702509e-04  -5.7129520e-05  -2.2181401e-03
  -3.6565108e-04  -7.5980552e-04   1.4080751e-05  -2.3044636e-03
  -1.2201561e-04  -9.2459278e-04  -2.8200406e-04  -2.1731017e-03
  -9.9526184e-05  -7.1111837e-04  -2.2578543e-04  -2.0680122e-03
  -1.3700856e-04  -8.1598299e-04  -1.4707934e-04  -1.9291439e-03
  -2.6444866e-04  -8.8339596e-04  -2.5576870e-04  -2.0417398e-03
  -4.8184646e-04  -6.9613771e-04  -5.3381611e-05  -2.0642590e-03
  -3.9188875e-04  -1.0219671e-03   1.7149293e-04  -1.9216375e-03
  -3.3566518e-04  -8.7216047e-04   1.7898875e-04  -1.9066247e-03
  -2.1946980e-04  -9.4706377e-04   8.9038931e-05  -1.7865224e-03
   3.5410384e-05  -8.6467014e-04  -3.3447479e-04  -1.8390672e-03
  -7.3288518e-05  -5.3884078e-04  -6.1182005e-04  -2.0830250e-03
  -1.6699447e-04  -7.1486354e-04  -2.9324779e-04  -2.0417398e-03
  -2.8693808e-04  -9.1335728e-04  -2.2203752e-04  -2.0079610e-03
  -5.4931474e-04  -1.1418123e-03  -1.5902521e-05  -2.1318165e-03
  -4.4061584e-04  -9.3957344e-04   3.5888838e-04  -2.0117142e-03
  -4.5186056e-04  -9.5829926e-04   2.6144274e-04  -2.0605058e-03
  -5.6430770e-04  -1.0706542e-03   1.4900547e-04  -2.1731017e-03
  -2.6819689e-04  -6.3246991e-04  -4.5885793e-05  -1.8878587e-03
   1.2536810e-04  -7.3733453e-04  -4.1318088e-04  -1.9291439e-03
   2.4905995e-04  -7.8602167e-04  -5.2561815e-04  -1.9253907e-03
   1.7409519e-04  -6.8864738e-04  -5.4435769e-04  -1.9141311e-03
   1.9283638e-04  -7.4107969e-04  -3.6820597e-04  -2.0154674e-03
  -2.8309662e-05  -7.4857002e-04  -3.1573524e-04  -2.0042078e-03
  -2.9068632e-04  -9.9575091e-04  -3.5321433e-04  -2.1280633e-03
  -3.4316165e-04  -8.0100233e-04   1.4080751e-05  -2.0342334e-03
  -1.9698037e-04  -8.3470882e-04  -1.5832306e-04  -2.3044636e-03
  -3.1692399e-04  -8.9463146e-04  -2.1454170e-04  -2.2406592e-03
  -3.5440637e-04  -7.2984420e-04  -2.4452497e-04  -2.0942846e-03
   8.0389240e-05  -8.9837662e-04  -3.4571851e-04  -2.3044636e-03
  -1.0702266e-04  -8.1598299e-04  -2.7146248e-05  -2.1768549e-03
  -2.1946980e-04  -7.0362804e-04  -2.4827288e-04  -2.2556720e-03
  -2.0072861e-04  -8.4219915e-04  -2.3702915e-04  -2.1092973e-03
  -2.2696628e-04  -1.0706542e-03  -2.2203752e-04  -2.2444124e-03
  -1.2576385e-04  -9.2084761e-04  -2.3398339e-05  -2.2369060e-03
  -2.1946980e-04  -8.4968948e-04  -1.8455843e-04  -1.9366503e-03
   9.1633954e-05  -8.4219915e-04  -6.5304705e-04  -2.2706848e-03
   1.0287867e-04  -6.7366672e-04  -1.5082725e-04  -2.4133063e-03
  -1.5200152e-04  -6.4745057e-04  -2.9324779e-04  -2.2706848e-03
   2.7913908e-05  -6.5494090e-04  -7.2121156e-05  -2.2819444e-03
  -8.4533232e-05  -8.0474750e-04   1.9772829e-04  -2.3119700e-03
  -2.7944161e-04  -7.8976684e-04  -1.0210443e-04  -2.1092973e-03
  -1.5200152e-04  -7.7853134e-04   3.2820296e-05  -2.2181401e-03
  -7.3288518e-05  -5.3135045e-04  -1.8830634e-04  -2.1505825e-03
  -2.4561424e-05  -5.8752793e-04   4.7811932e-05  -2.0905314e-03
  -1.8198742e-04  -8.3470882e-04   8.9038931e-05  -2.2744380e-03
  -2.4945570e-04  -6.0250859e-04   9.6534749e-05  -1.9141311e-03
  -1.0327442e-04  -7.4857002e-04   4.6008192e-04  -2.0342334e-03
  -4.3302614e-05  -7.2609903e-04   1.3401384e-04  -2.0192206e-03
  -1.5949799e-04  -6.8490222e-04   6.6551477e-05  -1.7377308e-03
  -2.9068632e-04  -6.0999892e-04  -7.2121156e-05  -1.9741823e-03
   2.8279409e-04  -4.0776001e-04  -2.1079379e-04  -1.8803523e-03
   2.0033286e-04  -8.3470882e-04  -2.0704588e-04  -1.9441567e-03
  -1.8948390e-04  -7.9725717e-04  -3.4946642e-04  -2.0980378e-03
   8.0389240e-05  -6.0999892e-04  -1.5832306e-04  -1.9479099e-03
  -2.1197332e-04  -9.3208311e-04   4.4064023e-05  -1.9967014e-03
  -2.7194513e-04  -8.6467014e-04   2.0522411e-04  -1.9366503e-03
  -1.9698037e-04  -8.7590563e-04   2.2771156e-04  -1.8803523e-03
  -9.5777946e-05  -7.5980552e-04   2.1646784e-04  -2.0980378e-03
  -1.9323213e-04  -6.6617639e-04   1.0777848e-04  -2.2181401e-03
  -4.2937113e-04  -7.6355068e-04  -2.2953333e-04  -2.1168037e-03
   1.2161986e-04  -6.3996024e-04  -2.7450824e-04  -1.9366503e-03
   1.5160576e-04  -8.6467014e-04  -2.6701242e-04  -1.9666759e-03
  -1.0702266e-04  -6.4370540e-04  -4.1318088e-04  -2.0042078e-03
  -1.2951209e-04  -7.7853134e-04  -2.8949988e-04  -1.9929482e-03
  -1.3700856e-04  -9.9575091e-04  -3.3822270e-04  -1.9404035e-03
  -9.9526184e-05  -5.9127309e-04  -2.6326452e-04  -1.8015352e-03
  -3.7689580e-04  -8.7216047e-04   6.5849330e-06  -2.1505825e-03
  -3.9188875e-04  -9.5455410e-04  -1.9205424e-04  -2.2481656e-03
  -3.6939932e-04  -8.3845398e-04  -2.7146248e-05  -1.9891950e-03
  -2.7569337e-04  -7.2609903e-04  -6.8373247e-05  -1.9816886e-03
  -1.0702266e-04  -6.7741189e-04  -3.0449151e-04  -2.0454930e-03
  -2.0072861e-04  -1.0968704e-03  -1.7706261e-04  -2.2894508e-03
  -1.7074271e-04  -9.8826058e-04  -3.1948315e-04  -2.2181401e-03
  -3.7689580e-04  -8.1598299e-04  -4.5885793e-05  -2.2481656e-03
  -3.2067223e-04  -1.0032412e-03  -1.5902521e-05  -2.5596810e-03
  -2.2696628e-04  -8.1223783e-04  -4.2067669e-04  -2.4433319e-03
  -2.3821099e-04  -8.0849266e-04  -4.2067669e-04  -2.2819444e-03
  -1.7064948e-05  -1.0818897e-03  -2.3398339e-05  -2.2556720e-03
  -2.9818280e-04  -1.0182219e-03  -5.1062651e-04  -1.8653395e-03
  -3.9938522e-04  -1.0594187e-03  -6.7178660e-04  -2.3232296e-03
  -3.4690989e-04  -1.0706542e-03  -2.0704588e-04  -2.1881145e-03
  -4.4436408e-04  -1.0444381e-03  -9.2664441e-04  -2.4846170e-03
  -2.4195923e-04  -1.0781445e-03   1.9772829e-04  -2.4470851e-03
  -2.1946980e-04  -9.3208311e-04  -1.3801414e-03  -1.7489904e-03
  -5.0433589e-04  -1.0032412e-03   8.9858727e-04  -3.0888818e-03
  -1.5200152e-04  -7.6355068e-04  -1.1177878e-03  -9.5706587e-04
   9.9130430e-05  -7.8227651e-04   1.7828660e-05  -3.2127373e-03
   9.1633954e-05  -8.5343464e-04   1.1122181e-03  -1.1447257e-03
  -3.4690989e-04  -7.1111837e-04  -2.4595392e-03  -2.2631784e-03
  -3.5815461e-04  -1.0257122e-03   3.9006624e-03  -2.8486772e-03
  -2.0813186e-05  -6.2872474e-04  -5.7876824e-03   1.8390602e-04
  -3.3191694e-04  -8.0100233e-04   6.1419120e-03  -5.7536516e-03
   6.7261084e-04  -9.3957344e-04  -6.2861543e-03   3.2164892e-03
  -7.9295021e-04  -5.1262463e-04   2.1728763e-03  -8.9513755e-03
   1.2161986e-04  -1.2841286e-03   4.9500769e-03   5.0968409e-03
  -7.9295021e-04  -7.5606035e-04  -6.8858197e-03  -1.0231216e-02
   2.5279887e-03  -1.2579125e-03   5.8751311e-02  -9.1818212e-02
   1.6122848e-02   3.0756651e-04   1.7606063e-03  -9.3240674e-02
  -1.0628327e-02   4.5658191e-03  -9.5437666e-02  -1.0672591e-01
  -5.7664965e-02   1.0416189e-03  -5.4101977e-02  -1.2913250e-01
  -5.9917563e-03  -6.2240012e-03   2.6230704e-02  -1.0171539e-01
   7.3725769e-02  -1.3081398e-02  -8.0187424e-02  -9.0891172e-02
  -2.0546164e-02   1.6520807e-03  -1.0313962e-01  -9.2655175e-02
  -1.2623898e-01   1.2288349e-02  -2.2664517e-02  -1.0305528e-01
  -8.3344051e-03  -2.0511806e-02  -9.3916015e-02  -7.6959305e-02
   8.7740431e-02  -4.6885258e-02  -4.6583672e-02  -5.8155788e-02
  -2.3259889e-02  -4.3746809e-02  -4.2187375e-02  -5.6256670e-02
  -7.9003684e-02  -1.8148607e-02  -6.2887076e-02  -6.5801050e-02
   1.8293078e-02  -4.9993323e-03  -3.8713063e-02  -9.2989210e-02
   5.6112799e-02  -1.3395992e-02  -2.8473776e-02  -5.7551523e-02
   1.1411406e-03  -9.7482015e-03  -1.9385798e-03  -3.5602827e-02
  -3.0553960e-02  -7.6022220e-03  -1.5704650e-02  -2.8441727e-02
  -2.5823684e-02  -4.9281742e-03   5.3211199e-03  -3.1500583e-02
   1.4125037e-02  -3.9394506e-03  -5.6684514e-04  -3.7483179e-02
   4.3192623e-02  -5.9356235e-03  -5.2629751e-03  -2.0387367e-02
   7.2545168e-03   6.7875950e-05   9.2857055e-04  -3.8252584e-02
  -3.7034663e-02   4.0452412e-03  -2.2983791e-03  -2.9526401e-02
  -3.8031695e-02  -2.9498340e-05   6.1749410e-04  -1.9910711e-02
   1.4983384e-02  -6.4524563e-03   1.6219337e-03  -2.8520545e-02
   3.9601811e-02  -8.9205201e-03  -1.1102919e-03  -5.0304100e-02
   1.8506727e-02   5.3602157e-04  -2.0010997e-02  -6.2798493e-02
  -1.8990646e-02   1.0400786e-02  -1.7867193e-02  -6.7170967e-02
  -2.6400912e-02   3.6894505e-03  -1.0191475e-02  -6.4652572e-02
   1.8090673e-02  -6.2726884e-03  -9.3894229e-03  -3.7212949e-02
   5.7102427e-03  -9.5010206e-03  -6.1849607e-03  -5.6853429e-02
  -2.5936131e-02  -2.0144358e-03  -4.3484853e-03  -4.3139247e-02
  -2.4935351e-02   5.3935006e-03  -3.4977100e-03  -7.8704547e-03
   1.2419589e-02   2.4872525e-03  -2.8868008e-03  -1.8972411e-02
   3.4481718e-02  -2.5050524e-03  -1.0053505e-03  -3.1515596e-02
   1.0286935e-03  -2.4638556e-03  -4.6587940e-06  -2.5806983e-02
  -2.6921917e-02  -4.9015364e-04  -1.9580215e-04  -1.3184982e-02
  -2.4725450e-02  -4.6768265e-04  -1.6207097e-04  -1.0561497e-02
   8.9262309e-03  -1.5350547e-03  -6.4555123e-04  -3.3403516e-04
   2.0403336e-02  -2.1754779e-03  -1.2789479e-03   2.7135608e-03
   2.2168849e-03   3.1913436e-03  -4.8439115e-04  -2.6197321e-03
  -1.7060303e-02   3.0190660e-03  -5.1437442e-04  -5.9525711e-03
  -8.0420425e-03  -1.9282970e-03  -1.1777543e-03  -4.5188498e-03
   1.0886559e-02  -4.6547771e-03  -1.1065440e-03  -5.7799297e-04
   1.4672373e-03  -4.4188317e-03  -1.6956679e-04  -4.3874879e-03
  -1.1539149e-02   1.3262514e-03   2.3145947e-04  -6.8007936e-03
  -8.4955793e-03   2.1726587e-03  -1.6956679e-04  -4.9617271e-03
   1.2562022e-02  -9.8826058e-04  -4.9633702e-05  -7.5064003e-04
   1.4308701e-02  -2.8870592e-03   1.7828660e-05   8.5948148e-04
  -6.5577403e-03  -1.9694938e-03  -4.9633702e-05  -8.0693799e-04
  -1.6243187e-02  -3.3285671e-04  -5.1812233e-04  -1.7377308e-03
  -3.3305073e-03  -1.1642833e-03  -7.0551778e-04  -6.1927814e-04
   1.2715700e-02  -2.1155552e-03  -4.9563487e-04  -3.4904795e-04
   6.5798339e-03  -1.1867543e-03  -5.7059305e-04  -2.8261580e-03
  -6.0254905e-03   9.3675423e-04  -4.2137884e-05  -4.9204419e-03
  -2.8132505e-03  -1.0065648e-04  -3.9444133e-04  -3.9708831e-03
   8.3040234e-03  -2.7035462e-03  -5.5560142e-04  -4.5038427e-04
   6.8197212e-03  -2.6698397e-03  -1.5902521e-05   2.9650193e-04
  -8.3756357e-03  -8.2347332e-04  -4.2817251e-04  -1.2610748e-03
  -1.2761074e-02   2.4764387e-04  -3.4571851e-04  -2.1130505e-03
  -1.8237157e-03  -9.8077025e-04  -4.5440787e-04  -1.0283766e-03
   5.7664663e-03  -2.2953232e-03  -4.4316415e-04   7.3187278e-04
   4.8406515e-03  -1.1118510e-03  -3.0823942e-04  -1.5388114e-03
  -1.6100661e-03  -1.5683395e-04  -5.2936605e-04  -4.9279483e-03
  -3.1281025e-03  -3.1787605e-04  -4.3192042e-04  -3.7044061e-03
   6.0514256e-04  -9.9200575e-04  -5.7059305e-04  -1.1372193e-03
   1.3397972e-03  -2.2653618e-03  -3.1198733e-04  -1.1860109e-03
  -3.0343965e-03  -1.0144767e-03  -2.8200406e-04  -2.3720211e-03
  -7.3711079e-03   3.5625365e-04  -4.8439115e-04  -2.2781912e-03
  -1.7300097e-03  -7.4440320e-05  -5.4435769e-04  -3.1151598e-04
   7.7455360e-03  -4.6019232e-04  -5.9682842e-04  -6.0801855e-04
   5.3579083e-03  -9.6204443e-04  -3.0074361e-04  -2.7886260e-03
  -6.1042035e-03  -5.6131177e-04  -5.3686187e-04  -3.2990608e-03
  -8.0645319e-03  -3.2911154e-04  -5.0313069e-04  -2.7623536e-03
   1.1037514e-04  -1.3065996e-03  -1.0960025e-04  -2.2256465e-03
   5.4516143e-03  -1.5200740e-03  -4.0193715e-04  -1.9028715e-03
   1.1036582e-03  -4.3397616e-04  -4.5065997e-04  -1.1297129e-03
  -4.6573836e-03   6.7084751e-04  -3.8694551e-04  -8.8200193e-04
  -1.6662897e-03   1.3154375e-04  -4.0943297e-04  -1.7264713e-03
   2.6067017e-03  -1.0968704e-03  -2.4077706e-04  -1.8991183e-03
   1.4934750e-03  -1.1193414e-03  -3.7195388e-04  -1.6926925e-03
  -2.1423159e-03  -7.0737321e-04  -1.2084397e-04  -2.2481656e-03
  -1.4976190e-03  -6.0250859e-04  -1.6207097e-04  -3.0963882e-03
   3.1239585e-03  -9.1335728e-04  -4.5815578e-04  -2.8862091e-03
   4.0572698e-03  -8.4968948e-04  -4.9938278e-04  -1.4862666e-03
  -2.0447685e-04  -7.0362804e-04  -6.5679496e-04  -1.0546490e-03
  -3.3042697e-03  -9.1335728e-04  -4.2067669e-04  -1.7865224e-03
  -2.1535606e-03  -1.0444381e-03  -4.5440787e-04  -2.4133063e-03
  -2.1197332e-04  -1.3552868e-03  -1.1709606e-04  -1.4337219e-03
   8.4877803e-04  -1.3477964e-03   7.4047295e-05  -1.0133638e-03
   7.0259675e-04  -1.0743994e-03  -2.8575197e-04  -2.4020467e-03
  -1.4075680e-04  -7.8227651e-04  -2.3702915e-04  -2.9312475e-03
  -5.1932884e-04  -1.0856349e-03  -2.7076033e-04  -2.6947961e-03
  -9.5777946e-05  -1.5200740e-03  -5.5934933e-04  -1.8653395e-03
  -4.2187465e-04  -1.2167156e-03  -6.6803869e-04  -2.0229738e-03
  -1.5875767e-03  -1.0107316e-03  -2.7825615e-04  -2.2744380e-03
  -1.6213108e-03  -8.6467014e-04  -3.3447479e-04  -1.5200454e-03
  -1.3326033e-04  -8.3845398e-04  -4.5440787e-04  -1.3624111e-03
   8.1504389e-04  -1.1530478e-03  -3.2697897e-04  -1.5350582e-03
  -9.3163502e-04  -1.1343220e-03  -3.2323106e-04  -2.2331528e-03
  -2.2022877e-03  -8.4594431e-04  -4.0943297e-04  -2.3570083e-03
  -7.6671255e-04  -8.4594431e-04  -3.6445806e-04  -2.3532552e-03
   1.0699241e-03  -8.5717981e-04  -2.6701242e-04  -2.4620979e-03
   2.2657052e-04  -7.2235387e-04  -5.4435769e-04  -2.3344892e-03
  -1.7450027e-03  -6.6243123e-04  -2.5576870e-04  -2.3907871e-03
  -1.2877176e-03  -5.6131177e-04  -2.8949988e-04  -1.6889393e-03
   9.1727180e-06  -7.8227651e-04  -5.3686187e-04  -1.6664201e-03
  -1.9698037e-04  -8.6841530e-04  -2.3702915e-04  -1.6551605e-03
  -1.7974780e-03  -8.0849266e-04  -1.2084397e-04  -1.7452372e-03
  -2.0448617e-03  -5.8003760e-04  -1.1334816e-04  -2.5934598e-03
  -4.7050852e-05  -4.5270199e-04  -2.4827288e-04  -2.2856976e-03
   1.7183692e-03  -9.5829926e-04  -1.7706261e-04  -2.3832807e-03
   1.1448888e-03  -6.8115705e-04  -2.6701242e-04  -2.5484214e-03
  -3.4690989e-04  -2.5046308e-04  -4.2067669e-04  -1.9704291e-03
  -3.6939932e-04  -2.5795341e-04  -1.6581888e-04  -1.7339776e-03
   3.1278000e-04  -5.3884078e-04   7.0299386e-05  -1.5763434e-03
   6.0139432e-04  -9.0961212e-04  -1.1709606e-04  -1.3811771e-03
  -3.0567927e-04  -7.0362804e-04  -4.2817251e-04  -1.4187091e-03
  -7.8170550e-04  -5.5382144e-04  -3.4197060e-04  -1.9404035e-03
   1.0024558e-03  -4.6019232e-04  -5.4810560e-04  -1.8428204e-03
   2.3443250e-03  -5.8003760e-04  -8.3294668e-04  -1.8953651e-03
   1.4672373e-03  -5.5007628e-04  -6.0807214e-04  -2.1318165e-03
  -3.3191694e-04  -4.8266331e-04  -4.9188696e-04  -1.8428204e-03
  -1.0290892e-03  -9.5829926e-04  -2.8575197e-04  -1.9328971e-03
   8.0389240e-05  -1.1680285e-03   8.5291022e-05  -1.4712539e-03
   5.2642956e-04  -9.4331860e-04  -2.7146248e-05  -1.4675007e-03
   3.2402471e-04  -6.7366672e-04  -2.7076033e-04  -1.7264713e-03
   2.8654233e-04  -7.1111837e-04  -6.6803869e-04  -1.5763434e-03
   1.4785752e-04  -8.1223783e-04  -8.2919877e-04  -2.1806081e-03
   8.5627451e-04  -9.1710245e-04  -5.8558469e-04  -2.1168037e-03
   3.5775885e-04  -1.1305768e-03  -5.2936605e-04  -2.0192206e-03
  -1.0290892e-03  -1.0931252e-03  -1.5082725e-04  -2.4921234e-03
  -1.0103480e-03  -1.0781445e-03   2.9072387e-05  -2.1205569e-03
  -1.0327442e-04  -1.1493027e-03  -2.2953333e-04  -1.9066247e-03
   4.3647185e-04  -9.8077025e-04  -1.5082725e-04  -2.0342334e-03
  -3.5065813e-04  -7.7853134e-04  -2.2953333e-04  -1.9779355e-03
  -8.3792907e-04  -6.7741189e-04  -4.6565160e-04  -2.0492462e-03
  -7.1798545e-04  -7.7853134e-04  -3.1948315e-04  -1.9516631e-03
  -3.6565108e-04  -1.0893800e-03  -3.6445806e-04  -2.1130505e-03
  -1.1451914e-04  -1.1567930e-03  -5.6684514e-04  -2.4283191e-03
  -1.3289482e-03  -1.0219671e-03  -2.5576870e-04  -2.4771107e-03
  -1.3739271e-03  -9.5829926e-04  -2.4827288e-04  -2.3607615e-03
   3.5410384e-05  -1.0968704e-03  -5.6684514e-04  -2.3344892e-03
   8.4137478e-05  -1.0406929e-03  -3.6445806e-04  -2.5934598e-03
  -9.9535507e-04  -8.7216047e-04  -1.6956679e-04  -2.2256465e-03
  -1.4301507e-03  -1.0257122e-03  -2.5202079e-04  -1.8991183e-03
  -4.7809822e-04  -8.8339596e-04  -2.8575197e-04  -2.0004546e-03
  -2.4570747e-04  -9.6953476e-04  -2.2203752e-04  -2.0379866e-03
  -7.7046079e-04  -1.0968704e-03  -1.2833979e-04  -2.2181401e-03
  -6.8425131e-04  -9.0961212e-04  -3.7195388e-04  -2.0004546e-03
  -3.6565108e-04  -9.8451542e-04  -4.5815578e-04  -2.1505825e-03
   1.3661281e-04  -8.7216047e-04  -3.0074361e-04  -2.4283191e-03
   1.1787162e-04  -9.5080893e-04  -3.5696224e-04  -2.1130505e-03
  -5.6430770e-04  -8.1598299e-04  -2.4827288e-04  -2.1055441e-03
  -3.6939932e-04  -5.8378276e-04  -2.6326452e-04  -2.0379866e-03
   2.5280819e-04  -7.6729585e-04  -3.9444133e-04  -1.7489904e-03
   3.6150709e-04  -6.8490222e-04  -5.5560142e-04  -1.7902756e-03
   7.1758970e-04  -7.1486354e-04  -5.1062651e-04  -1.8315608e-03
   2.9029057e-04  -5.5382144e-04  -3.1198733e-04  -1.8916119e-03
   1.7784343e-04  -7.0737321e-04  -4.6190369e-04  -1.9178843e-03
   8.6377098e-04  -1.0107316e-03  -3.1948315e-04  -1.7752628e-03
   4.5521304e-04  -9.0212179e-04  -1.6956679e-04  -1.8203012e-03
  -1.2201561e-04  -9.4706377e-04   1.7828660e-05  -1.8315608e-03
  -2.8318985e-04  -7.4857002e-04   2.1576569e-05  -1.9629227e-03
   3.4276590e-04  -6.8490222e-04  -3.0823942e-04  -2.0154674e-03
   6.8760380e-04  -7.9725717e-04  -4.7689533e-04  -1.8315608e-03
   4.4771656e-04  -8.0100233e-04  -7.1301360e-04  -1.8127948e-03
   2.6780114e-04  -7.4107969e-04  -5.8933260e-04  -1.8052884e-03
   3.9158622e-05  -8.9088629e-04  -4.8064324e-04  -1.7527436e-03
   3.0903176e-04  -1.0444381e-03  -2.6701242e-04  -1.8615863e-03
   9.1633954e-05  -1.1305768e-03   6.2803568e-05  -2.1843613e-03
  -1.4075680e-04  -1.1193414e-03  -9.8356519e-05  -2.0304802e-03
  -3.5815461e-04  -7.2984420e-04  -1.2459188e-04  -1.9779355e-03
  -4.8934294e-04  -8.4594431e-04  -2.0329797e-04  -2.0492462e-03
   8.0389240e-05  -7.9351200e-04  -4.1692878e-04  -1.8803523e-03
  -6.9540280e-05  -8.7590563e-04  -4.2817251e-04  -2.0755186e-03
  -5.4556651e-04  -1.0519284e-03  -5.1812233e-04  -1.9366503e-03
  -6.1678303e-04  -6.8115705e-04  -4.6565160e-04  -1.9554163e-03
  -2.4195923e-04  -8.1972816e-04  -1.0210443e-04  -2.0830250e-03
  -1.2951209e-04  -7.7853134e-04   1.0403057e-04  -2.0042078e-03
  -7.9295021e-04  -7.7478618e-04  -1.5832306e-04  -2.1881145e-03
  -6.5426541e-04  -9.2459278e-04  -4.7314742e-04  -2.3157232e-03
  -3.2057900e-05  -7.8976684e-04  -3.2697897e-04  -2.1505825e-03
  -6.5792042e-05  -9.9575091e-04  -3.6445806e-04  -2.0867782e-03
  -1.2201561e-04  -8.6467014e-04  -5.2936605e-04  -2.3194764e-03
  -5.3432179e-04  -7.0362804e-04  -4.5815578e-04  -2.0117142e-03
  -6.2427950e-04  -9.3582827e-04  -3.9818924e-04  -2.2406592e-03
  -1.0327442e-04  -9.7327992e-04  -2.6701242e-04  -2.3907871e-03
  -3.2067223e-04  -1.0481832e-03  -2.4827288e-04  -2.0642590e-03
  -3.3941342e-04  -9.8077025e-04  -4.6565160e-04  -2.3607615e-03
   6.5396288e-05  -8.6841530e-04  -5.0687860e-04  -2.3232296e-03
   2.6030466e-04  -9.5455410e-04  -2.7450824e-04  -2.2406592e-03
  -5.8295566e-05  -7.2609903e-04  -4.1692878e-04  -1.7452372e-03
  -3.4316165e-04  -5.4258595e-04  -4.7314742e-04  -1.7114585e-03
  -9.5684720e-06  -9.2833794e-04  -1.6956679e-04  -2.1768549e-03
   6.5396288e-05  -9.2459278e-04  -2.5951661e-04  -1.9028715e-03
   1.6659871e-04  -5.0138913e-04  -3.6445806e-04  -1.9816886e-03
   3.3152119e-04  -6.6243123e-04  -2.9324779e-04  -1.9816886e-03
   5.5266723e-04  -5.5756661e-04  -5.0687860e-04  -1.8653395e-03
   5.4142251e-04  -4.1150517e-04  -5.8558469e-04  -1.8765991e-03
   4.2906860e-05  -8.0849266e-04  -4.1318088e-04  -1.8765991e-03
  -2.0719960e-06  -8.0474750e-04  -1.6956679e-04  -1.7865224e-03
   4.6655098e-05  -8.9088629e-04  -4.5885793e-05  -1.6814329e-03
  -1.8198742e-04  -1.0144767e-03  -2.4827288e-04  -1.9479099e-03
   4.2906860e-05  -6.3246991e-04  -2.7825615e-04  -1.8765991e-03
   4.7395423e-04  -6.2123441e-04  -6.1931587e-04  -1.8841055e-03
   4.6270952e-04  -8.0100233e-04  -7.0926569e-04  -1.9291439e-03
   3.8774476e-04  -7.5980552e-04  -4.2442460e-04  -1.8503268e-03
   2.9029057e-04  -9.1335728e-04  -8.3294668e-04  -1.9554163e-03
   2.0782933e-04  -7.7104101e-04  -5.4060978e-04  -1.8916119e-03
  -9.5684720e-06  -7.4107969e-04  -3.6445806e-04  -1.9929482e-03
  -3.6565108e-04  -9.7327992e-04  -5.8183678e-04  -1.9216375e-03
  -3.6939932e-04  -8.2347332e-04  -1.6581888e-04  -1.8353140e-03
  -3.5815461e-04  -8.5717981e-04  -3.4642066e-05  -1.8165480e-03
  -6.1303479e-04  -8.9463146e-04   4.4064023e-05  -1.8465736e-03
  -6.0179008e-04  -9.3208311e-04  -2.9699570e-04  -1.8916119e-03
  -1.9323213e-04  -9.2459278e-04  -3.7195388e-04  -1.9441567e-03
