  -3.2057900e-05  -9.0212179e-04  -9.4608610e-05  -2.0004546e-03
  -1.9323213e-04  -1.0032412e-03  -2.3328124e-04  -2.1843613e-03
  -5.0433589e-04  -8.8714113e-04  -1.2084397e-04  -2.1355697e-03
  -2.2696628e-04  -8.3845398e-04  -1.1709606e-04  -1.7752628e-03
  -5.0799090e-05  -8.6092497e-04  -2.2578543e-04  -1.9404035e-03
  -3.4316165e-04  -1.0032412e-03   8.9038931e-05  -2.0717654e-03
  -2.0447685e-04  -1.0182219e-03  -7.9616974e-05  -2.1618421e-03
  -7.7036756e-05  -9.5829926e-04  -2.2203752e-04  -2.1017910e-03
  -1.6699447e-04  -9.9200575e-04  -3.2323106e-04  -1.7977820e-03
  -3.3191694e-04  -8.9463146e-04  -3.4571851e-04  -2.0830250e-03
  -3.8814051e-04  -8.8339596e-04  -3.8389975e-05  -2.1806081e-03
  -3.6190284e-04  -8.6092497e-04   2.8370240e-06  -2.0567526e-03
  -3.0942751e-04  -9.6953476e-04  -3.1948315e-04  -2.1243101e-03
  -2.9443456e-04  -1.0481832e-03  -3.4946642e-04  -2.1618421e-03
  -3.7689580e-04  -7.8602167e-04  -1.6956679e-04  -2.1993741e-03
  -3.2816870e-04  -8.6467014e-04  -3.4197060e-04  -2.0792718e-03
  -9.9526184e-05  -8.6841530e-04  -2.3328124e-04  -2.2369060e-03
  -1.4075680e-04  -1.1043607e-03  -1.2833979e-04  -1.9891950e-03
  -3.6190284e-04  -1.1642833e-03  -2.4452497e-04  -1.8203012e-03
  -2.4945570e-04  -9.4706377e-04  -2.4077706e-04  -2.0567526e-03
  -3.3191694e-04  -9.7327992e-04  -2.7450824e-04  -1.8615863e-03
  -4.4436408e-04  -5.5756661e-04  -2.4077706e-04  -1.9629227e-03
  -2.1197332e-04  -8.4968948e-04  -1.2084397e-04  -1.7414840e-03
  -2.6070042e-04  -9.2459278e-04  -1.2459188e-04  -1.7302244e-03
  -8.4533232e-05  -6.0999892e-04  -3.0823942e-04  -2.1318165e-03
   9.9130430e-05  -9.7702509e-04  -2.9324779e-04  -1.9178843e-03
  -1.8198742e-04  -8.1223783e-04   3.6568205e-05  -2.0529994e-03
  -9.5684720e-06  -5.2760529e-04   1.4525757e-04  -1.8503268e-03
   9.1727180e-06  -7.4107969e-04  -4.5885793e-05  -1.5500710e-03
  -3.0942751e-04  -8.3470882e-04  -1.3208770e-04  -1.8916119e-03
  -3.2067223e-04  -9.0586695e-04  -1.1334816e-04  -1.7790160e-03
  -3.2816870e-04  -9.9200575e-04  -1.8081052e-04  -1.7640032e-03
  -1.9698037e-04  -7.4857002e-04  -2.5951661e-04  -1.9929482e-03
  -2.0813186e-05  -7.7104101e-04  -1.5832306e-04  -2.0605058e-03
  -5.8202340e-06  -8.1598299e-04  -1.2459188e-04  -2.0154674e-03
  -3.5806138e-05  -7.7104101e-04  -1.5902521e-05  -2.0529994e-03
  -2.5320394e-04  -8.4594431e-04   8.1543113e-05  -2.1468293e-03
  -4.5186056e-04  -7.8602167e-04  -2.2203752e-04  -1.9891950e-03
  -3.1692399e-04  -8.5343464e-04  -3.2323106e-04  -2.1768549e-03
  -2.3821099e-04  -8.6841530e-04  -2.4077706e-04  -2.1843613e-03
  -1.4075680e-04  -7.1486354e-04  -1.8081052e-04  -2.0680122e-03
  -6.5792042e-05  -6.9988288e-04  -2.1079379e-04  -2.0755186e-03
  -3.1317575e-04  -9.5829926e-04  -1.8455843e-04  -1.8803523e-03
  -1.6699447e-04  -1.0631639e-03  -5.7129520e-05  -2.0792718e-03
  -1.3700856e-04  -7.2984420e-04  -5.7129520e-05  -2.2631784e-03
  -2.7569337e-04  -7.1860870e-04   6.2803568e-05  -2.3194764e-03
  -1.5200152e-04  -7.7478618e-04   6.5849330e-06  -2.1881145e-03
  -1.9698037e-04  -5.7254727e-04  -2.5202079e-04  -2.1355697e-03
  -1.4825328e-04  -9.8826058e-04  -4.0568506e-04  -2.2856976e-03
  -3.5806138e-05  -8.9837662e-04  -2.1454170e-04  -2.1881145e-03
  -1.9323213e-04  -4.5270199e-04   4.0316114e-05  -2.4208127e-03
  -3.6939932e-04  -8.9837662e-04  -4.9633702e-05  -2.5033830e-03
  -3.9554376e-05  -8.4219915e-04  -1.2459188e-04  -2.4170595e-03
   6.5396288e-05  -6.3996024e-04  -1.0210443e-04  -2.5596810e-03
  -6.9540280e-05  -9.2459278e-04  -4.5885793e-05  -2.1993741e-03
  -1.8198742e-04  -8.9088629e-04  -8.3364883e-05  -2.2406592e-03
  -1.2951209e-04  -9.0961212e-04  -1.0210443e-04  -2.4320723e-03
   4.6655098e-05  -7.9725717e-04  -1.6956679e-04  -2.0605058e-03
  -2.6070042e-04  -7.5231519e-04  -2.7076033e-04  -2.3232296e-03
  -1.8573566e-04  -8.6092497e-04  -6.8373247e-05  -2.3870339e-03
  -1.4825328e-04  -6.8490222e-04  -1.2833979e-04  -2.2519188e-03
  -2.2696628e-04  -7.0737321e-04  -2.7076033e-04  -2.2706848e-03
  -2.7194513e-04  -6.4370540e-04   1.0403057e-04  -2.1017910e-03
  -1.8198742e-04  -5.0513430e-04   1.7149293e-04  -2.1468293e-03
   1.7784343e-04  -5.7629243e-04  -3.8389975e-05  -1.9066247e-03
  -1.5574975e-04  -6.5119573e-04   1.0777848e-04  -2.0117142e-03
   2.4165670e-05  -6.9239255e-04   1.0332842e-05  -2.1017910e-03
   2.7904585e-04  -6.0625375e-04  -1.6581888e-04  -2.1055441e-03
  -1.1826737e-04  -6.3246991e-04   8.1543113e-05  -2.2856976e-03
  -1.1451914e-04  -5.9876342e-04  -1.5902521e-05  -2.0342334e-03
   2.0417432e-05  -4.2648583e-04  -1.5457515e-04  -2.0117142e-03
  -2.4561424e-05  -8.6467014e-04   8.1543113e-05  -2.0680122e-03
  -1.3326033e-04  -9.0961212e-04  -4.2137884e-05  -2.1168037e-03
  -3.9554376e-05  -6.7366672e-04  -1.9580215e-04  -2.0004546e-03
  -2.0813186e-05  -9.7327992e-04  -1.2084397e-04  -2.0492462e-03
  -2.4561424e-05  -7.5980552e-04  -1.5082725e-04  -2.1092973e-03
  -3.0942751e-04  -7.0362804e-04  -2.0329797e-04  -1.8315608e-03
  -3.8064403e-04  -6.9988288e-04  -1.8081052e-04  -1.9891950e-03
  -1.1826737e-04  -6.2872474e-04  -4.9633702e-05  -2.0117142e-03
  -3.2067223e-04  -8.7965080e-04  -1.5082725e-04  -1.9103779e-03
   9.1727180e-06  -7.5606035e-04  -2.1828961e-04  -2.0117142e-03
  -6.9540280e-05  -8.4219915e-04  -1.5082725e-04  -2.0905314e-03
  -4.3686760e-04  -7.3358936e-04  -3.1573524e-04  -1.8916119e-03
  -1.2201561e-04  -6.1748925e-04  -2.0329797e-04  -1.9779355e-03
  -8.4533232e-05  -8.8714113e-04  -9.4608610e-05  -2.2669316e-03
  -4.3302614e-05  -7.1860870e-04  -2.6326452e-04  -1.8690927e-03
  -1.7449094e-04  -9.6953476e-04  -1.3958352e-04  -2.0642590e-03
  -3.3941342e-04  -1.1418123e-03  -1.3958352e-04  -2.2781912e-03
  -1.8573566e-04  -9.1335728e-04  -3.8694551e-04  -1.9816886e-03
  -1.3316710e-05  -1.1081059e-03  -2.7450824e-04  -2.1505825e-03
  -9.5777946e-05  -1.1043607e-03  -1.1334816e-04  -1.9891950e-03
  -2.1197332e-04  -9.0586695e-04  -1.2459188e-04  -2.0117142e-03
  -2.3821099e-04  -8.1223783e-04  -1.1709606e-04  -2.2781912e-03
  -3.1692399e-04  -9.4706377e-04  -2.4827288e-04  -2.0117142e-03
  -1.2576385e-04  -9.4706377e-04  -3.0449151e-04  -1.8203012e-03
  -2.7194513e-04  -9.7327992e-04  -1.2833979e-04  -1.9854418e-03
  -3.6565108e-04  -1.2167156e-03  -2.3328124e-04  -2.0867782e-03
  -2.7944161e-04  -9.6204443e-04  -2.7076033e-04  -1.9479099e-03
  -3.9938522e-04  -7.0737321e-04  -1.0585234e-04  -1.8465736e-03
  -3.6565108e-04  -8.6841530e-04  -1.6956679e-04  -2.0304802e-03
  -3.0942751e-04  -9.9200575e-04  -3.0823942e-04  -2.2631784e-03
  -1.6699447e-04  -9.6578959e-04  -3.6820597e-04  -2.0267270e-03
  -2.1197332e-04  -9.7327992e-04  -2.0329797e-04  -2.0079610e-03
  -2.8693808e-04  -8.3470882e-04  -1.2084397e-04  -2.0154674e-03
  -2.3821099e-04  -7.4482486e-04  -2.3328124e-04  -1.8841055e-03
  -1.6324623e-04  -7.8976684e-04  -2.2953333e-04  -1.9066247e-03
  -8.4533232e-05  -7.0737321e-04  -9.0860701e-05  -1.6926925e-03
  -2.9068632e-04  -7.0362804e-04  -9.8356519e-05  -1.7827692e-03
  -3.8064403e-04  -6.8115705e-04  -1.0210443e-04  -1.8015352e-03
  -2.7194513e-04  -6.8864738e-04  -9.4608610e-05  -1.8803523e-03
  -2.8693808e-04  -7.7853134e-04  -1.7331470e-04  -1.9066247e-03
  -2.9068632e-04  -7.3358936e-04  -2.3398339e-05  -1.8390672e-03
  -2.6819689e-04  -8.3470882e-04  -3.8389975e-05  -2.1017910e-03
  -1.2576385e-04  -9.9575091e-04  -1.9955006e-04  -2.0154674e-03
  -2.4561424e-05  -8.6467014e-04  -1.4333143e-04  -2.0042078e-03
  -1.0327442e-04  -7.9351200e-04  -2.6701242e-04  -1.8841055e-03
  -1.1077090e-04  -7.2984420e-04  -4.1692878e-04  -1.9891950e-03
  -3.5815461e-04  -8.6841530e-04  -2.7825615e-04  -1.9891950e-03
  -3.2442046e-04  -8.4968948e-04  -8.7112792e-05  -1.7640032e-03
   2.0417432e-05  -6.3246991e-04   2.8370240e-06  -2.1393229e-03
  -2.1946980e-04  -8.7216047e-04  -1.9205424e-04  -1.9366503e-03
  -2.3446275e-04  -8.4219915e-04  -2.4452497e-04  -2.0379866e-03
  -1.5574975e-04  -8.4219915e-04  -8.7112792e-05  -2.3645147e-03
  -2.4945570e-04  -8.0474750e-04   3.6568205e-05  -2.1243101e-03
  -7.7036756e-05  -6.8115705e-04  -1.2833979e-04  -2.1280633e-03
  -1.0327442e-04  -6.7366672e-04  -4.3566833e-04  -1.8991183e-03
  -2.7194513e-04  -6.9239255e-04  -2.1828961e-04  -2.0454930e-03
  -1.6324623e-04  -9.4331860e-04  -3.3447479e-04  -2.3532552e-03
  -8.8281470e-05  -9.2459278e-04  -2.1828961e-04  -2.2406592e-03
  -3.3566518e-04  -9.6578959e-04   1.4525757e-04  -2.3945403e-03
  -1.5949799e-04  -7.6729585e-04  -2.4077706e-04  -2.2706848e-03
  -1.8573566e-04  -6.6992156e-04  -1.3208770e-04  -2.0905314e-03
  -2.6444866e-04  -9.1335728e-04  -4.5885793e-05  -2.3119700e-03
   1.5910224e-04  -6.7366672e-04  -2.3328124e-04  -2.5484214e-03
  -1.2951209e-04  -6.9613771e-04  -1.5832306e-04  -2.3682679e-03
  -1.9323213e-04  -8.4594431e-04  -1.1334816e-04  -2.2969572e-03
  -4.7050852e-05  -8.4968948e-04   1.7828660e-05  -2.7323280e-03
  -2.9443456e-04  -9.3957344e-04  -2.3398339e-05  -2.4208127e-03
  -1.6324623e-04  -8.3470882e-04  -1.0960025e-04  -2.1881145e-03
  -1.2201561e-04  -8.2721849e-04  -2.2203752e-04  -2.3682679e-03
  -2.9818280e-04  -8.0100233e-04  -1.5832306e-04  -2.2894508e-03
  -1.8198742e-04  -6.0625375e-04  -1.9650430e-05  -2.4846170e-03
  -1.7823918e-04  -7.6729585e-04  -1.4333143e-04  -2.4433319e-03
  -2.3071451e-04  -9.1335728e-04  -6.8373247e-05  -2.0755186e-03
  -3.9554376e-05  -7.8602167e-04  -1.3583561e-04  -2.0192206e-03
  -1.2201561e-04  -6.9988288e-04   4.0316114e-05  -2.1468293e-03
  -4.3302614e-05  -6.2497958e-04   4.3009865e-04  -2.0342334e-03
   1.2920956e-05  -7.3358936e-04   9.6534749e-05  -2.0792718e-03
  -2.3446275e-04  -6.8115705e-04  -2.7146248e-05  -2.0154674e-03
  -5.4547328e-05  -7.5980552e-04  -6.4625338e-05  -2.1806081e-03
   2.4165670e-05  -8.0474750e-04   7.0299386e-05  -2.3007104e-03
  -1.7449094e-04  -5.7629243e-04   1.9023247e-04  -1.7677564e-03
  -1.7449094e-04  -9.5455410e-04  -6.8373247e-05  -2.0454930e-03
  -2.1197332e-04  -9.0586695e-04   1.5650129e-04  -2.0605058e-03
  -7.7036756e-05  -6.5119573e-04   1.0028266e-04  -2.0492462e-03
   2.1532581e-04  -7.8227651e-04  -3.0894157e-05  -2.3645147e-03
   4.2906860e-05  -7.1486354e-04  -2.3702915e-04  -1.9666759e-03
   9.1727180e-06  -9.2459278e-04  -4.3941624e-04  -2.1993741e-03
   2.7913908e-05  -9.1335728e-04  -1.4333143e-04  -2.2293996e-03
  -2.3446275e-04  -7.8227651e-04  -1.8830634e-04  -2.1280633e-03
  -1.8198742e-04  -9.0586695e-04  -5.1437442e-04  -2.0830250e-03
  -2.4945570e-04  -8.7965080e-04  -4.0943297e-04  -1.8916119e-03
  -1.6699447e-04  -8.6092497e-04  -4.1692878e-04  -2.3495020e-03
  -1.7449094e-04  -8.6467014e-04  -6.0807214e-04  -1.9704291e-03
  -1.5574975e-04  -7.3733453e-04  -3.0894157e-05  -1.8240544e-03
  -1.6699447e-04  -7.7478618e-04  -3.5696224e-04  -2.1693485e-03
  -5.4556651e-04  -9.3582827e-04   8.5291022e-05  -1.9704291e-03
   1.6285048e-04  -8.7965080e-04   5.8751083e-04  -2.0079610e-03
   6.1648050e-05  -1.0107316e-03   2.5364235e-03  -1.4412283e-03
  -2.3821099e-04  -9.1335728e-04   7.7385212e-03  -1.3586579e-03
   6.1648050e-05  -7.3733453e-04   1.0054729e-02  -9.6081906e-04
  -2.4561424e-05  -8.0474750e-04   1.8138969e-02   7.3187278e-04
   1.3060631e-03  -6.0625375e-04   3.0923086e-02   9.9459657e-04
   6.2763199e-04  -5.7629243e-04   4.0356573e-02   1.1146989e-03
   1.6659871e-04  -6.1748925e-04   4.4610450e-02   6.7932802e-04
   2.8315959e-03  -6.5119573e-04   3.6867270e-02  -4.3912468e-04
   4.4058559e-03  -6.6617639e-04   3.2302317e-02   2.7773595e-04
   4.9643434e-03  -3.4409220e-04   2.9045384e-02  -3.7156714e-04
   6.6511437e-04   4.1659795e-05   1.4346085e-02  -2.5259022e-03
  -3.2892767e-03   6.0385620e-05  -8.1376213e-03  -3.8620403e-03
  -3.2442979e-03  -5.4633111e-04  -4.6819790e-02  -5.7649112e-03
  -5.1334098e-03  -1.3702674e-03  -8.9523465e-02  -9.3304484e-03
  -5.6506667e-03  -1.1418123e-03  -1.2111084e-01  -1.1694962e-02
  -7.6822117e-03  -8.3845398e-04  -1.3796144e-01  -7.6790417e-03
  -2.6745657e-03  -1.3889932e-03  -1.2240387e-01  -3.6030698e-03
   4.4208488e-03  -1.4114642e-03  -8.4838579e-02  -5.0480506e-03
  -6.7039215e-03  -9.5829926e-04  -5.5230098e-02  -4.7065097e-03
  -1.3045940e-02  -8.3096365e-04  -3.1918104e-02  -3.0626094e-03
  -1.1826737e-04  -2.2016940e-03  -5.9713299e-03  -4.4475391e-03
   7.2320273e-03  -3.1941628e-03   1.5770290e-02  -5.1118549e-03
   2.1681578e-03  -2.0181810e-03   3.1481525e-02  -3.2765416e-03
   4.9118680e-03  -1.4339352e-03   4.5356284e-02  -1.9066247e-03
   1.2535784e-02  -1.7822356e-03   5.3571700e-02  -8.0693799e-04
   3.8698579e-03  -1.4489159e-03   5.2889581e-02   2.2293984e-03
  -6.1116999e-03  -7.6729585e-04   5.4422476e-02   3.4792130e-03
  -2.8694741e-03  -3.4034704e-04   5.8815025e-02   1.2723332e-03
  -5.8680645e-03  -2.1675659e-04   4.9966212e-02   2.5259009e-03
   1.2423430e-03  -3.4034704e-04   3.8613796e-02   3.4003959e-03
   1.4316197e-02   1.1656309e-04   3.4798424e-02  -1.1634974e-04
  -6.0667211e-03   1.3786837e-03   2.0162840e-02   3.2915531e-03
  -1.8330956e-02   1.0341285e-03   2.2329131e-02   4.8303639e-03
   7.1870485e-03  -2.2466360e-03   5.9388455e-02  -7.3149816e-03
   1.7494703e-02  -2.9994142e-03   6.6689382e-02  -1.2850947e-02
  -1.0684550e-02   5.2478608e-04   2.6826622e-02   1.0809201e-03
  -8.9003890e-03   1.5921581e-03   1.1051673e-02   8.2420200e-03
   2.4931207e-02  -2.8791473e-04   2.7838557e-02  -1.8015352e-03
   1.0811688e-03  -8.2721849e-04   9.5637529e-03   1.3023587e-03
  -2.6742002e-02  -1.4934362e-04  -1.5056261e-02   9.0039190e-03
  -7.1423722e-04  -1.1605382e-03   1.5469755e-03  -1.2760876e-03
   3.6187259e-03  -2.2728522e-03  -4.9938278e-04  -7.4951350e-03
  -1.0257251e-02  -4.4521166e-04  -2.0996697e-02  -2.8787027e-03
   1.6096703e-03   1.8772123e-04  -1.9115247e-02  -4.8979227e-03
   1.2936846e-02  -9.2459278e-04  -2.0340813e-02  -9.9910110e-03
   5.8976546e-03  -4.7891814e-04  -3.2157970e-02  -7.2586836e-03
  -5.4107794e-03  -4.7517298e-04  -3.9964865e-02  -3.1038946e-03
  -7.0600042e-03  -1.1006155e-03  -3.9305233e-02  -3.2878012e-03
  -7.8883647e-03  -9.9949608e-04  -3.9323972e-02  -2.7398344e-03
  -1.1475429e-02  -4.7517298e-04  -4.1880046e-02   6.9809401e-04
  -2.9294459e-03  -6.9239255e-04  -3.0152839e-02  -9.0077360e-05
   1.2307142e-02  -8.9837662e-04  -9.6180454e-03  -7.4388371e-03
   1.2835643e-02   6.1841520e-04  -9.5543309e-03  -9.7207809e-03
  -1.1977599e-03   1.2326223e-03  -3.6318149e-02  -2.3570083e-03
  -2.8507329e-03  -3.5907286e-04  -3.9672528e-02  -6.5305691e-04
   4.7619385e-03  -2.2616167e-03  -1.1289613e-02  -9.7357936e-03
  -6.6177121e-03  -1.8159420e-03  -1.1259630e-02  -1.0084841e-02
  -1.5860867e-02  -5.7629243e-04  -3.1693229e-02  -6.0051784e-05
   5.7777110e-03  -1.3140899e-03  -2.5689079e-02   9.3829862e-04
   1.5305732e-02  -1.0032412e-03  -7.4555019e-03  -3.5918102e-03
  -9.7137567e-03   6.4837652e-04  -6.8783239e-03  -5.7423977e-04
  -1.0845725e-02   2.0270189e-04  -1.7249490e-03   1.4750058e-03
   1.2048513e-02  -2.3702265e-03   1.7831640e-02  -2.6572641e-03
   5.6989980e-03  -2.8271366e-03   2.3498479e-02  -3.5767974e-03
  -1.1572883e-02  -1.7859807e-03   2.2985015e-02  -1.3774239e-03
  -3.4317098e-03  -2.3664813e-03   2.9184056e-02  -1.7602500e-03
   1.0515484e-02  -2.3140490e-03   2.9004157e-02  -1.9404035e-03
   5.7139910e-03  -1.1193414e-03   2.2677686e-02   2.3645078e-04
   3.5401061e-04   1.9521156e-04   2.2212946e-02   5.4421293e-04
   2.7528829e-03   3.6374398e-04   2.5102584e-02  -1.3286324e-03
   1.7708446e-03  -2.7667923e-04   2.1680743e-02  -2.3945403e-03
  -4.8822779e-03  -1.6432428e-04   9.3388783e-03   1.9891881e-04
  -1.1123094e-02  -5.7254727e-04   4.1292848e-03   2.5259009e-03
   1.2610842e-03  -1.1605382e-03   1.8622449e-02  -2.0117142e-03
   1.0781609e-02  -1.0332026e-03   2.5987090e-02  -5.2995148e-03
   1.2648324e-03  -4.7517298e-04   1.4529732e-02  -1.3736707e-03
   6.6886261e-04  -2.2799209e-04   1.0924244e-02   8.2945590e-04
   5.3729013e-03  -8.5717981e-04   2.0537630e-02  -2.8711963e-03
  -1.8874357e-03  -9.2084761e-04   1.8716147e-02  -3.5355122e-03
  -1.1692826e-02  -8.4968948e-04   2.5514151e-03   1.8090403e-03
  -5.5232266e-03  -1.4526610e-03  -2.1372190e-03   3.1076465e-03
   6.6473022e-03  -1.2504221e-03   1.3595801e-03  -7.5814643e-04
   3.2888810e-03   7.9111445e-05  -3.1454065e-03  -1.4449815e-03
  -1.9586522e-03   7.7571213e-04  -7.0357361e-03  -8.9326152e-04
   1.3922725e-03  -3.0289539e-04  -4.0449047e-03  -3.9145851e-03
   1.8832917e-03  -1.2728931e-03  -2.2459084e-03  -6.4179675e-03
  -2.7157963e-03  -9.7327992e-04  -9.1608005e-03  -4.9654803e-03
  -2.8844670e-03  -6.5494090e-04  -1.5734633e-02  -2.7998856e-03
   2.9665325e-03  -7.4857002e-04  -1.7263780e-02  -2.7510940e-03
   2.0782001e-03  -6.9239255e-04  -2.0888008e-02  -2.1918677e-03
  -4.2300845e-03  -5.4633111e-04  -2.2353440e-02  -6.4179732e-04
  -6.6476980e-03  -8.1223783e-04  -1.9010305e-02  -5.3670780e-04
  -1.4151577e-03  -1.4788772e-03  -9.8991386e-03  -3.3253332e-03
   3.2101680e-03  -1.2878738e-03  -5.6640014e-03  -5.4796683e-03
  -1.8799392e-03  -3.1413088e-04  -1.5554733e-02  -2.0755186e-03
   1.6434045e-03  -3.5907286e-04  -1.4793908e-02  -1.0508958e-03
   1.0807846e-02  -6.7741189e-04  -4.5471245e-03  -5.3558128e-03
   3.7424178e-03  -6.0999892e-04  -9.4531374e-03  -4.9279483e-03
  -7.5435269e-03  -7.8602167e-04  -1.9373853e-02  -6.0051215e-04
  -5.9430292e-03  -1.6811161e-03  -1.5787104e-02  -6.0801855e-04
   3.3526942e-04  -1.8796099e-03  -6.0837672e-03  -4.1172577e-03
  -8.8665616e-04  -5.0513430e-04  -8.5536392e-03  -3.2089841e-03
  -1.5051154e-03   1.6150507e-04  -1.4130528e-02   4.9917457e-04
   5.4141319e-03  -3.3243505e-05  -6.2936501e-03  -1.0283766e-03
   5.1817412e-03  -6.4745057e-04   3.4509133e-03  -3.5767974e-03
  -4.5561812e-03  -9.6953476e-04   4.4141259e-03  -2.1205569e-03
  -4.3275386e-03  -1.2916189e-03   5.6359443e-03  -1.3023600e-03
   3.7161801e-03  -1.9657486e-03   1.1647590e-02  -2.6797833e-03
   2.2393743e-03  -1.4751320e-03   1.3337897e-02  -2.5108894e-03
  -3.0531377e-03  -8.9837662e-04   1.0811807e-02  -2.2519245e-04
  -8.8665616e-04  -9.4706377e-04   1.2224768e-02   2.6647636e-04
   4.2259405e-03  -1.5537805e-03   1.5103162e-02  -1.2723344e-03
   2.3143391e-03  -1.5200740e-03   1.3529041e-02  -1.2122833e-03
  -3.1018648e-03  -4.2648583e-04   1.0879269e-02  -5.9675895e-04
   1.2911633e-04  -2.9540506e-04   1.2539593e-02  -1.8090416e-03
   2.8953160e-03  -7.0737321e-04   1.1287791e-02  -2.5671874e-03
  -3.0119071e-03  -8.2721849e-04   6.6703671e-03  -9.8709144e-04
  -3.0343965e-03  -1.4114642e-03   1.0470747e-02  -1.6026158e-03
   1.6771386e-03  -2.2391457e-03   1.6043888e-02  -3.9333511e-03
  -1.5950731e-03  -2.1230456e-03   9.5600050e-03  -1.7077053e-03
  -3.3042697e-03  -1.3328158e-03   1.2096637e-03   1.3586567e-03
   3.6037330e-03  -6.3621507e-04   5.8833062e-03  -2.2143926e-04
   5.4703555e-03  -5.2760529e-04   1.1831238e-02  -3.2878012e-03
  -3.4766886e-03  -6.6243123e-04   5.9882477e-03  -2.4958766e-03
  -7.7871623e-03  -8.6467014e-04   3.5888838e-04  -3.8657992e-04
  -3.3941342e-04  -1.1755188e-03   2.4239862e-03  -1.9779355e-03
   4.3646253e-03  -3.9652451e-04   1.1684367e-03  -3.4304227e-03
   2.7453865e-03   4.7984410e-04  -5.7726907e-03  -2.1318165e-03
   3.3301116e-03   3.9370530e-04  -7.8490323e-03  -1.9554163e-03
   2.2731085e-03  -2.1675659e-04  -4.9444029e-03  -3.8958191e-03
  -4.3312869e-03  -8.1223783e-04  -6.0238006e-03  -4.4287731e-03
  -6.5240061e-03  -7.7104101e-04  -1.0352636e-02  -2.7698600e-03
  -9.6911740e-04  -1.0332026e-03  -1.2698827e-02  -1.6626669e-03
   3.1052173e-03  -1.0069864e-03  -1.1169680e-02  -2.3419956e-03
   1.0024558e-03  -4.0026968e-04  -8.1563609e-03  -3.1339201e-03
  -2.9519353e-03  -4.8640847e-04  -7.0394840e-03  -3.0926350e-03
  -7.0299250e-04  -4.9015364e-04  -5.6752451e-03  -3.8320148e-03
   1.4934750e-03  -5.9127309e-04  -8.3924791e-03  -3.4717079e-03
  -2.5508738e-03  -8.4594431e-04  -1.3583333e-02  -1.1409725e-03
  -2.3446275e-04  -9.0212179e-04  -9.0183799e-03  -1.4975262e-03
   4.9456022e-03  -1.0856349e-03  -2.3396061e-03  -4.1923217e-03
   1.0886653e-03  -6.9613771e-04  -5.8813801e-03  -3.8170020e-03
  -4.8110613e-03  -3.3285671e-04  -1.3114844e-02  -9.7958505e-04
  -3.3117662e-03  -6.7741189e-04  -1.0869847e-02  -1.2873472e-03
   1.4035173e-03  -9.6204443e-04  -3.3815248e-03  -3.8057424e-03
   6.8760380e-04  -6.1748925e-04  -5.3529249e-03  -3.1827117e-03
  -5.0433589e-04  -5.9127309e-04  -9.5993058e-03  -8.2570397e-04
   1.8682988e-03  -9.3957344e-04  -4.8319656e-03  -1.7189649e-03
   1.2310983e-03  -8.7590563e-04   1.4757653e-03  -3.8057424e-03
  -3.4317098e-03  -8.4219915e-04   2.3190448e-03  -3.0475966e-03
  -3.4954298e-03  -1.1193414e-03   1.9330102e-03  -1.5012794e-03
   1.1748747e-03  -1.5238192e-03   4.3241761e-03  -1.4337219e-03
   2.0407177e-03  -1.2354415e-03   5.8570709e-03  -1.5688370e-03
   1.1523853e-03  -4.6019232e-04   5.6134568e-03  -7.2061446e-04
   1.7558516e-03  -3.5532770e-04   7.4911592e-03  -6.3804412e-04
   7.1384146e-04  -9.5080893e-04   1.0875521e-02  -1.9216375e-03
  -3.0756272e-03  -1.4226997e-03   1.2517105e-02  -2.4170595e-03
  -4.7660825e-03  -1.4601514e-03   1.0942983e-02  -1.7827692e-03
  -1.9698037e-04  -1.2504221e-03   8.3231950e-03  -1.4975262e-03
   4.1997028e-03  -7.5606035e-04   7.0264185e-03  -1.7940288e-03
   2.3330803e-03  -1.1189197e-04   5.3473553e-03  -1.4337219e-03
  -2.0261205e-03  -7.4440320e-05   4.1142932e-03  -7.9567840e-04
  -1.6025696e-03  -7.1486354e-04   6.8540147e-03  -1.4449815e-03
   3.6150709e-04  -1.1979898e-03   9.7286609e-03  -2.7736132e-03
  -2.5921045e-03  -1.1193414e-03   7.1838307e-03  -2.3044636e-03
  -3.2742838e-03  -6.2497958e-04   3.3909468e-03  -8.9701471e-04
   1.0249452e-03  -4.9015364e-04   2.8962228e-03  -1.1972705e-03
   3.9373261e-03  -6.4745057e-04   4.0318392e-03  -2.0079610e-03
   1.6171668e-03  -5.5382144e-04   3.8969145e-03  -2.0004546e-03
  -3.0381448e-03  -6.6243123e-04   2.2703220e-03  -1.7077053e-03
  -2.6483280e-03  -1.1193414e-03   1.9854809e-03  -1.9929482e-03
   1.6659871e-04  -1.1830092e-03   1.4720174e-03  -2.6610173e-03
   1.6669194e-05  -9.2084761e-04  -1.1402752e-03  -2.3495020e-03
  -2.9818280e-04  -4.7891814e-04  -3.0367172e-03  -1.9216375e-03
   3.7275180e-04  -4.5270199e-04  -3.5314412e-03  -2.1543357e-03
  -6.0928655e-04  -9.7702509e-04  -4.8432093e-03  -1.9328971e-03
  -2.2735042e-03  -1.0219671e-03  -6.2899022e-03  -1.8765991e-03
  -2.3859514e-03  -1.1942447e-03  -6.6084745e-03  -2.1168037e-03
  -1.3851718e-03  -1.2354415e-03  -6.2973980e-03  -2.0567526e-03
   7.4382737e-04  -1.1118510e-03  -4.3110062e-03  -2.6159789e-03
   1.1711265e-03  -1.0219671e-03  -4.0673921e-03  -2.9500135e-03
  -7.3288518e-05  -5.1262463e-04  -5.7164721e-03  -2.5709406e-03
   8.5627451e-04  -6.3996024e-04  -6.4847935e-03  -2.3307360e-03
  -3.9938522e-04  -1.1792640e-03  -8.7710179e-03  -1.7114585e-03
  -3.5703946e-03  -9.9575091e-04  -9.1308172e-03  -1.0358830e-03
  -1.9286663e-03  -9.8826058e-04  -5.3716645e-03  -2.0267270e-03
   2.4155415e-03  -8.9088629e-04  -2.2421605e-03  -3.4304227e-03
   2.6291911e-03  -9.3166145e-05  -4.2285522e-03  -2.7398344e-03
  -5.4556651e-04  -1.9428560e-04  -7.8677719e-03  -1.3361388e-03
  -1.0853128e-03  -6.8864738e-04  -6.0575318e-03  -1.6026158e-03
  -2.4570747e-04  -1.2204608e-03  -2.6431867e-03  -2.7773664e-03
  -1.6775344e-03  -1.4451707e-03  -3.2016252e-03  -2.6009662e-03
  -2.1310712e-03  -9.7327992e-04  -5.3866561e-03  -1.7001989e-03
   1.1036582e-03  -9.5829926e-04  -4.1948211e-03  -1.9404035e-03
   2.4342827e-03  -8.2721849e-04  -1.0878045e-03  -2.6910429e-03
  -5.1183236e-04  -4.7142781e-04  -8.3294668e-04  -2.0867782e-03
  -1.7300097e-03  -5.7629243e-04  -4.5815578e-04  -1.2423088e-03
   9.9130430e-05  -9.3582827e-04   1.9779851e-03  -2.0154674e-03
   1.2536810e-04  -1.0856349e-03   3.7619898e-03  -2.3870339e-03
  -1.4938707e-03  -8.7590563e-04   4.2567137e-03  -1.8315608e-03
  -3.3191694e-04  -6.0999892e-04   5.1224807e-03  -1.9066247e-03
   1.6696422e-03  -8.9463146e-04   6.6216443e-03  -1.9291439e-03
   6.6511437e-04  -8.9837662e-04   6.9327208e-03  -1.6926925e-03
  -6.1303479e-04  -6.3996024e-04   6.6029048e-03  -1.7452372e-03
  -5.6805593e-04  -8.6467014e-04   6.1381641e-03  -1.7152117e-03
  -4.0688170e-04  -8.1223783e-04   5.4785321e-03  -1.8841055e-03
  -3.9554376e-05  -7.7478618e-04   4.8488834e-03  -2.1468293e-03
  -8.1169140e-04  -7.6355068e-04   3.9718727e-03  -1.9328971e-03
  -1.0478304e-03  -9.7327992e-04   3.7507460e-03  -1.7452372e-03
  -6.9540280e-05  -9.4331860e-04   4.0580746e-03  -1.8203012e-03
  -2.5320394e-04  -8.1223783e-04   5.1037412e-03  -2.0342334e-03
   4.0273771e-04  -1.0444381e-03   6.9027375e-03  -2.6384981e-03
   2.8279409e-04  -7.1860870e-04   5.3960781e-03  -2.5709406e-03
  -1.0515786e-03  -6.2872474e-04   1.9779851e-03  -1.6476541e-03
   2.0417432e-05  -5.6505694e-04   2.3527760e-03  -1.6101221e-03
   6.5396288e-05  -6.9988288e-04   3.4284259e-03  -2.4658511e-03
  -8.9415264e-04  -7.4107969e-04   2.4314821e-03  -2.6610173e-03
   2.0782933e-04  -4.9389880e-04   1.0222683e-03  -1.9741823e-03
   1.3023148e-03  -8.4968948e-04   9.6534749e-05  -2.0830250e-03
   7.4382737e-04  -5.8378276e-04   4.0386329e-04  -2.6460045e-03
  -8.2668436e-04  -3.8528902e-04   6.6551477e-05  -2.5146426e-03
  -5.9429360e-04  -6.4370540e-04  -1.1215357e-03  -2.3607615e-03
   7.7006503e-04  -8.7590563e-04  -2.1034878e-03  -2.1693485e-03
   5.4151574e-05  -1.1455575e-03  -3.2990708e-03  -1.9891950e-03
  -7.2548193e-04  -8.2721849e-04  -3.9587028e-03  -2.0755186e-03
  -1.3700856e-04  -5.9127309e-04  -4.7007888e-03  -2.1618421e-03
   3.5775885e-04  -6.3621507e-04  -4.8094781e-03  -2.0905314e-03
   4.2897537e-04  -7.2235387e-04  -3.0966837e-03  -2.2331528e-03
   2.6030466e-04  -6.8864738e-04  -2.2159251e-03  -2.8711963e-03
   3.7650004e-04  -5.3135045e-04  -4.8244698e-03  -2.4470851e-03
   4.3647185e-04  -7.5231519e-04  -8.4299582e-03  -1.4036963e-03
   8.9000865e-04  -8.9088629e-04  -6.9270467e-03  -1.8165480e-03
  -2.0447685e-04  -8.2721849e-04  -3.8537613e-03  -2.5859534e-03
  -2.0973370e-03  -6.5494090e-04  -3.7862990e-03  -2.5259022e-03
   1.6285048e-04  -6.7741189e-04  -3.6438784e-03  -2.1468293e-03
   2.4005486e-03  -9.2459278e-04  -3.2316084e-03  -2.3645147e-03
   8.7501570e-04  -6.2497958e-04  -2.5982118e-03  -2.5897066e-03
  -7.4047488e-04  -5.0513430e-04  -3.1304149e-03  -2.1168037e-03
  -5.8295566e-05  -6.4370540e-04  -3.9961819e-03  -1.8503268e-03
   7.7756151e-04  -9.0212179e-04  -2.8380780e-03  -1.9741823e-03
  -9.2413854e-04  -9.6953476e-04  -1.7699239e-03  -2.2631784e-03
  -1.8611980e-03  -6.3621507e-04  -1.3688977e-03  -2.3344892e-03
   1.5910224e-04  -9.1335728e-04  -1.1740064e-03  -2.1205569e-03
