   4.6655098e-05  -9.8077025e-04  -1.6956679e-04  -2.2706848e-03
  -7.3288518e-05  -9.6204443e-04  -1.6207097e-04  -2.1580889e-03
  -4.8559470e-04  -8.0100233e-04  -2.4077706e-04  -2.0379866e-03
  -3.5440637e-04  -7.9725717e-04  -1.5082725e-04  -2.1993741e-03
  -2.2696628e-04  -9.0961212e-04   4.4064023e-05  -2.1843613e-03
  -2.7944161e-04  -8.0100233e-04   6.5849330e-06  -2.2293996e-03
  -1.1077090e-04  -8.1598299e-04  -2.9699570e-04  -2.1806081e-03
  -3.2057900e-05  -9.1710245e-04  -3.5321433e-04  -2.1355697e-03
  -1.9323213e-04  -8.7965080e-04  -2.1454170e-04  -2.2031273e-03
  -1.2201561e-04  -9.1335728e-04  -1.6581888e-04  -2.0042078e-03
  -1.1826737e-04  -6.1748925e-04  -1.1709606e-04  -1.8090416e-03
  -9.5777946e-05  -5.0513430e-04  -2.0704588e-04  -1.8690927e-03
   1.2920956e-05  -6.0625375e-04  -4.5065997e-04  -1.9366503e-03
  -1.3326033e-04  -7.3733453e-04  -3.2697897e-04  -1.8878587e-03
  -2.3071451e-04  -1.0631639e-03  -2.1454170e-04  -1.9253907e-03
  -2.9818280e-04  -8.8339596e-04  -4.4691206e-04  -1.9929482e-03
  -2.0822509e-04  -9.2833794e-04  -3.2697897e-04  -1.9216375e-03
  -4.7050852e-05  -9.8826058e-04  -1.5902521e-05  -1.8390672e-03
  -2.8318985e-04  -8.1598299e-04   2.1646784e-04  -1.9854418e-03
  -3.0193104e-04  -8.7590563e-04   1.5650129e-04  -2.0117142e-03
  -7.3288518e-05  -8.7590563e-04   6.5849330e-06  -2.0229738e-03
  -2.9818280e-04  -9.9575091e-04   1.7828660e-05  -2.2631784e-03
  -1.8198742e-04  -7.7853134e-04  -2.1079379e-04  -2.0117142e-03
   1.1787162e-04  -8.0474750e-04  -3.5696224e-04  -1.9666759e-03
  -2.0719960e-06  -7.5231519e-04  -2.8949988e-04  -2.1580889e-03
   5.0403336e-05  -4.4895682e-04  -2.3328124e-04  -1.7527436e-03
  -1.5200152e-04  -6.3621507e-04  -1.2459188e-04  -1.8803523e-03
  -1.9323213e-04  -6.9239255e-04   5.5307750e-05  -2.3044636e-03
  -1.5200152e-04  -9.2459278e-04   5.9055659e-05  -2.1130505e-03
  -2.3446275e-04  -9.6204443e-04  -7.2121156e-05  -1.9779355e-03
   2.0417432e-05  -8.2347332e-04  -2.4077706e-04  -1.9441567e-03
  -1.1826737e-04  -8.6092497e-04  -3.6820597e-04  -1.8690927e-03
  -3.4316165e-04  -6.9613771e-04  -1.5457515e-04  -1.9779355e-03
  -2.7194513e-04  -8.8714113e-04  -1.5082725e-04  -2.0267270e-03
  -3.2057900e-05  -1.0182219e-03  -2.1079379e-04  -2.0680122e-03
   1.4410929e-04  -7.4107969e-04  -2.6701242e-04  -2.1768549e-03
   6.9144526e-05  -7.9351200e-04  -3.3822270e-04  -2.1205569e-03
  -2.0822509e-04  -8.1223783e-04  -9.8356519e-05  -2.1881145e-03
  -1.7449094e-04  -8.2721849e-04  -4.1692878e-04  -2.2856976e-03
   2.4165670e-05  -9.6578959e-04  -4.4316415e-04  -2.2106337e-03
  -1.5949799e-04  -7.0737321e-04  -6.8373247e-05  -2.1731017e-03
  -1.7074271e-04  -8.6467014e-04  -3.4197060e-04  -2.1430761e-03
  -1.0702266e-04  -9.3582827e-04  -3.3072688e-04  -2.0529994e-03
  -1.5949799e-04  -6.4745057e-04  -2.0704588e-04  -1.9366503e-03
  -2.0822509e-04  -8.0849266e-04  -2.9699570e-04  -1.9554163e-03
  -1.5949799e-04  -9.8451542e-04  -2.9324779e-04  -2.0642590e-03
   1.2920956e-05  -9.5829926e-04  -8.7112792e-05  -2.1993741e-03
   1.6762420e-06  -8.2347332e-04  -6.8373247e-05  -2.1956209e-03
   1.6762420e-06  -6.8115705e-04  -4.4691206e-04  -1.9929482e-03
   6.1648050e-05  -4.6768265e-04  -1.2459188e-04  -1.9103779e-03
   5.0403336e-05  -6.3621507e-04   8.9038931e-05  -1.8240544e-03
   7.2892764e-05  -5.6505694e-04  -6.0877429e-05  -1.8127948e-03
   6.5396288e-05  -5.8003760e-04   1.3026593e-04  -1.8240544e-03
   3.9158622e-05  -9.6204443e-04  -3.0894157e-05  -1.6626669e-03
  -1.3326033e-04  -6.5868606e-04  -1.1334816e-04  -1.7527436e-03
  -8.0784994e-05  -6.9988288e-04  -1.5902521e-05  -1.7715096e-03
   7.6641002e-05  -6.5494090e-04  -1.3208770e-04  -1.6814329e-03
  -1.4075680e-04  -6.0250859e-04  -2.0329797e-04  -1.6664201e-03
  -4.3302614e-05  -7.9725717e-04   1.3401384e-04  -1.6589137e-03
  -1.6324623e-04  -6.3246991e-04   8.9038931e-05  -1.8615863e-03
  -1.3700856e-04  -7.6355068e-04  -1.4707934e-04  -1.8315608e-03
  -6.9540280e-05  -7.8602167e-04   1.9772829e-04  -1.7264713e-03
  -2.3446275e-04  -8.2721849e-04   1.5650129e-04  -1.7640032e-03
   3.5410384e-05  -8.6092497e-04  -1.3583561e-04  -1.9554163e-03
  -1.4075680e-04  -5.6131177e-04  -2.1828961e-04  -1.9854418e-03
   1.0662691e-04  -6.8115705e-04  -2.7825615e-04  -1.8390672e-03
   1.7784343e-04  -8.7216047e-04  -3.0449151e-04  -2.1806081e-03
  -1.5200152e-04  -7.5606035e-04  -2.3328124e-04  -2.0042078e-03
  -3.9554376e-05  -7.8602167e-04  -2.1079379e-04  -1.8540799e-03
  -2.4945570e-04  -9.9949608e-04  -5.7129520e-05  -2.0867782e-03
  -1.7449094e-04  -1.1006155e-03   4.7811932e-05  -2.0229738e-03
  -2.3821099e-04  -9.7327992e-04  -4.5885793e-05  -2.1468293e-03
  -2.4945570e-04  -8.8714113e-04  -9.4608610e-05  -1.9967014e-03
  -5.8202340e-06  -8.7965080e-04  -3.0823942e-04  -2.1130505e-03
  -2.5695218e-04  -8.6841530e-04  -3.1573524e-04  -2.0117142e-03
  -2.6819689e-04  -8.7590563e-04  -2.1828961e-04  -1.9216375e-03
  -1.2951209e-04  -9.5080893e-04  -1.3958352e-04  -2.4320723e-03
  -2.5695218e-04  -1.0519284e-03  -1.8830634e-04  -2.3269828e-03
  -2.1572156e-04  -8.4219915e-04  -3.0449151e-04  -2.2369060e-03
  -2.0447685e-04  -7.7104101e-04  -2.1079379e-04  -2.2369060e-03
  -2.4945570e-04  -1.0519284e-03  -2.7450824e-04  -2.1430761e-03
  -1.3316710e-05  -8.6092497e-04  -2.4452497e-04  -2.1318165e-03
  -3.0942751e-04  -7.4857002e-04  -2.0329797e-04  -2.2631784e-03
  -2.7194513e-04  -9.2833794e-04  -4.7689533e-04  -2.3157232e-03
   5.0403336e-05  -7.6729585e-04  -5.9682842e-04  -2.1243101e-03
  -4.8934294e-04  -8.1598299e-04  -2.4452497e-04  -2.3119700e-03
  -1.2951209e-04  -7.4482486e-04  -3.4197060e-04  -2.1843613e-03
   7.2892764e-05  -1.0107316e-03  -4.8064324e-04  -2.0004546e-03
  -3.5065813e-04  -1.1418123e-03  -4.9633702e-05  -2.1993741e-03
  -1.7074271e-04  -5.3135045e-04  -1.2833979e-04  -2.1618421e-03
  -2.5695218e-04  -9.7327992e-04  -1.8830634e-04  -2.1017910e-03
  -8.0784994e-05  -1.0743994e-03  -2.3398339e-05  -1.9967014e-03
  -2.3821099e-04  -4.3397616e-04  -5.3381611e-05  -1.9929482e-03
  -3.1692399e-04  -6.3621507e-04  -6.0877429e-05  -1.7827692e-03
  -4.3302614e-05  -7.8602167e-04  -3.1573524e-04  -1.7677564e-03
  -1.0702266e-04  -5.6131177e-04  -5.2561815e-04  -1.9328971e-03
   1.0662691e-04  -6.0250859e-04  -1.6207097e-04  -1.6551605e-03
  -2.9068632e-04  -7.1486354e-04  -6.8373247e-05  -1.9479099e-03
  -1.1451914e-04  -6.6243123e-04  -3.9444133e-04  -2.1655953e-03
   5.0403336e-05  -8.0849266e-04  -1.0210443e-04  -2.0529994e-03
  -5.2682532e-04  -9.5829926e-04   7.4047295e-05  -2.0417398e-03
  -3.0193104e-04  -1.0406929e-03  -1.0210443e-04  -1.8015352e-03
  -3.5065813e-04  -8.9088629e-04   4.4064023e-05  -1.9741823e-03
  -8.8281470e-05  -5.4258595e-04  -1.8830634e-04  -2.1693485e-03
   5.0403336e-05  -6.2497958e-04  -5.5934933e-04  -1.9854418e-03
  -2.9068632e-04  -8.0100233e-04  -4.3941624e-04  -1.9929482e-03
  -4.7050852e-05  -6.0999892e-04  -1.3958352e-04  -1.8503268e-03
  -2.8693808e-04  -5.3884078e-04   1.8273666e-04  -1.9066247e-03
  -4.8184646e-04  -8.7965080e-04  -1.3583561e-04  -2.0905314e-03
  -3.4690989e-04  -8.3845398e-04  -1.1709606e-04  -1.8878587e-03
  -4.0688170e-04  -6.5494090e-04   1.7149293e-04  -2.1768549e-03
  -2.8318985e-04  -7.4482486e-04  -2.3702915e-04  -2.1768549e-03
  -1.1826737e-04  -7.4107969e-04  -1.8455843e-04  -1.8127948e-03
  -9.9526184e-05  -7.6729585e-04  -2.6701242e-04  -1.9366503e-03
  -1.8573566e-04  -8.3096365e-04  -3.1198733e-04  -1.9779355e-03
  -2.3446275e-04  -9.3208311e-04  -1.9580215e-04  -1.9779355e-03
  -2.5695218e-04  -8.7590563e-04  -1.5832306e-04  -2.2256465e-03
  -1.6699447e-04  -7.5606035e-04  -5.3381611e-05  -2.1956209e-03
  -1.0327442e-04  -8.0474750e-04  -3.3447479e-04  -2.1205569e-03
  -7.7036756e-05  -8.2721849e-04  -6.0877429e-05  -2.2256465e-03
  -1.5200152e-04  -7.1860870e-04  -7.9616974e-05  -2.0717654e-03
  -2.0072861e-04  -7.4482486e-04  -2.8949988e-04  -2.1318165e-03
   3.5410384e-05  -9.1710245e-04  -1.9205424e-04  -2.0867782e-03
  -2.0813186e-05  -8.6467014e-04  -4.7314742e-04  -2.0680122e-03
  -6.9540280e-05  -7.2984420e-04  -3.0074361e-04  -2.2218933e-03
  -1.7449094e-04  -7.0737321e-04  -2.4077706e-04  -2.2444124e-03
  -8.8281470e-05  -7.5980552e-04  -2.6701242e-04  -2.2106337e-03
   8.7885716e-05  -6.9613771e-04  -1.7331470e-04  -2.0605058e-03
  -2.4945570e-04  -7.5980552e-04  -1.9205424e-04  -2.0379866e-03
  -1.1826737e-04  -8.6467014e-04   1.6024920e-04  -1.9967014e-03
   5.4244800e-06  -6.2872474e-04   5.5307750e-05  -1.9741823e-03
  -1.1451914e-04  -6.7366672e-04  -4.5885793e-05  -1.8127948e-03
   9.9130430e-05  -7.2235387e-04   8.1543113e-05  -1.7602500e-03
   5.0403336e-05  -4.0026968e-04  -4.2137884e-05  -1.5988626e-03
  -9.5777946e-05  -5.5007628e-04   2.9072387e-05  -1.6326413e-03
   6.1648050e-05  -7.1486354e-04  -1.2154612e-05  -2.0605058e-03
   9.5382192e-05  -7.3733453e-04   7.7795204e-05  -1.8615863e-03
   3.9158622e-05  -9.3957344e-04   2.0522411e-04  -1.8165480e-03
  -1.2576385e-04  -5.9501826e-04   1.4900547e-04  -1.8203012e-03
  -2.8693808e-04  -7.7853134e-04   2.2021575e-04  -1.7564968e-03
  -1.0327442e-04  -1.2017350e-03   2.6144274e-04  -1.9028715e-03
  -1.4825328e-04  -7.6729585e-04   1.7149293e-04  -1.8878587e-03
  -1.9698037e-04  -6.6992156e-04  -3.4642066e-05  -1.9854418e-03
  -4.3302614e-05  -6.8115705e-04  -7.5869065e-05  -1.8240544e-03
  -2.4195923e-04  -6.7366672e-04  -1.3208770e-04  -1.7039521e-03
  -6.2043804e-05  -7.2984420e-04  -3.4946642e-04  -1.8428204e-03
   2.0417432e-05  -6.4745057e-04  -2.8949988e-04  -1.8503268e-03
  -3.3191694e-04  -7.4482486e-04  -4.0568506e-04  -1.9253907e-03
  -1.7064948e-05  -5.7629243e-04  -3.1573524e-04  -2.0680122e-03
  -1.6699447e-04  -6.2872474e-04  -2.0704588e-04  -2.1468293e-03
  -4.8184646e-04  -8.9088629e-04  -9.8356519e-05  -1.9141311e-03
  -3.4690989e-04  -8.2347332e-04  -1.4333143e-04  -1.9028715e-03
  -4.1812641e-04  -7.4482486e-04  -4.3192042e-04  -2.0267270e-03
  -3.1317575e-04  -8.3845398e-04  -1.2154612e-05  -1.8165480e-03
  -1.4825328e-04  -9.6953476e-04  -7.5798850e-04  -1.8841055e-03
  -5.4547328e-05  -8.7216047e-04   3.6568205e-05  -2.0605058e-03
  -1.3700856e-04  -8.1223783e-04  -2.6326452e-04  -2.0267270e-03
  -2.2321804e-04  -8.2347332e-04   1.3895634e-03  -1.4562411e-03
  -2.1197332e-04  -8.1223783e-04   1.0170914e-02  -9.8709144e-04
  -5.5306298e-04  -7.4482486e-04   1.5406743e-02  -1.3436452e-03
  -1.7899815e-03  -9.3208311e-04   1.6572343e-02  -1.4975262e-03
  -2.1198265e-03  -1.2092253e-03   1.6643553e-02  -8.1444438e-04
  -1.3814236e-03  -1.0219671e-03   1.9372031e-02  -4.1285230e-04
  -1.9174216e-03  -9.3957344e-04   1.9926721e-02  -1.4337219e-03
  -2.9894177e-03  -9.0212179e-04   1.7381891e-02  -1.3473984e-03
  -2.6070974e-03  -8.9088629e-04   2.0087881e-02   4.9542137e-04
  -5.8202340e-06  -8.4968948e-04   2.3712109e-02   3.7907227e-04
  -8.8290793e-04  -7.2609903e-04   2.5102584e-02  -4.3537148e-04
  -4.6086565e-03  -7.7104101e-04   1.9000988e-02   9.3829293e-05
  -4.4099999e-03  -8.4594431e-04   6.6591234e-03  -4.3161829e-04
  -3.5404087e-03  -1.4264449e-03  -8.8309845e-03  -2.2256465e-03
  -5.3470594e-03  -1.4039739e-03  -3.2885064e-02  -4.3161772e-03
  -9.8337003e-03  -6.4370540e-04  -6.8186619e-02  -6.4592527e-03
  -9.2489751e-03  -8.9463146e-04  -9.7326612e-02  -7.6077310e-03
  -2.4234337e-03  -1.4938579e-03  -1.0315086e-01  -5.5960174e-03
  -1.4451436e-03  -1.2691480e-03  -8.7938100e-02  -2.8449240e-03
  -2.2060359e-03  -7.7853134e-04  -5.9337806e-02  -2.8749495e-03
  -3.8814051e-04  -1.0182219e-03  -3.6156989e-02  -2.0229738e-03
   3.0489937e-03  -2.0406519e-03  -1.9505029e-02  -8.6323594e-04
   7.3369780e-03  -2.3889523e-03   4.5527985e-03  -1.4412283e-03
   6.3811773e-03  -1.2429318e-03   3.0390883e-02  -3.1076477e-03
   6.6210645e-03  -3.8903418e-04   4.6203311e-02  -5.2619828e-03
   7.7417877e-03  -3.1038572e-04   4.8841839e-02  -3.7982360e-03
   1.1118950e-02  -3.5532770e-04   5.1544082e-02  -2.5671874e-03
   1.2340876e-02  -4.7142781e-04   5.2162487e-02  -4.3612155e-03
   5.3316707e-03  -3.0664055e-04   4.1312290e-02  -2.6159789e-03
   8.7088331e-03  -2.8416956e-04   3.0151017e-02   1.2910991e-03
   1.0028213e-02  -3.6988670e-05   1.5429230e-02   2.9762846e-03
  -1.0478304e-03  -2.3173725e-04   8.1170600e-03   2.5183946e-03
  -4.6348942e-03  -1.4152094e-03   2.4319271e-02   3.0024944e-05
   5.5865509e-03  -1.9957100e-03   4.5865999e-02  -5.7836772e-03
   1.1613718e-02  -9.1710245e-04   3.8966099e-02  -9.0264394e-03
   3.4800411e-03   1.2326223e-03   1.2363441e-02  -1.3061132e-03
   5.6952498e-03   2.1015005e-03   9.8635856e-03   2.8036375e-03
   1.1396320e-02   1.3899192e-03   1.6062627e-02  -4.0459470e-03
  -2.1797983e-03   3.4876332e-04   2.7987771e-03  -4.3124240e-03
  -1.0875710e-02  -9.3957344e-04  -1.6323055e-02   1.2760807e-04
  -1.6775344e-03  -2.0294164e-03  -2.3065543e-02  -2.8899680e-04
   4.2409334e-03  -1.2429318e-03  -2.1075403e-02  -2.4996298e-03
  -5.9167916e-03   3.2254717e-04  -3.1839398e-02  -2.7098089e-03
  -1.2528683e-02  -8.9088629e-04  -3.9380191e-02  -4.1660550e-04
  -4.7023624e-03  -2.9057851e-03  -2.8975995e-02  -1.9479099e-03
  -1.0410929e-02  -2.7372526e-03  -2.3466569e-02  -3.6818869e-03
  -1.2888514e-02  -1.2841286e-03  -1.7398704e-02  -3.4379291e-03
   3.8511167e-03  -2.0926626e-04  -1.4643991e-02  -5.0630634e-03
   1.3615277e-02   1.2030826e-04  -2.1615102e-02  -5.2995148e-03
  -1.5574975e-04   7.6447664e-04  -3.5171289e-02  -3.2953076e-03
  -2.2461514e-02   3.7497948e-04  -4.6186393e-02   1.2573204e-03
  -1.3214611e-02  -2.0968294e-03  -3.3076208e-02  -3.4154156e-04
  -1.2389905e-03  -3.3177532e-03  -2.5554154e-02  -3.2352564e-03
  -9.3239399e-03  -1.5350547e-03  -3.3064964e-02  -3.9858958e-03
  -5.6019396e-03  -3.5907286e-04  -2.5336776e-02  -6.8458320e-03
   4.1997028e-03  -1.0818897e-03  -5.8176657e-03  -1.6363945e-03
  -3.1580884e-03  -1.2279511e-03   1.7868417e-03  -6.7558178e-05
  -9.3576740e-03  -7.3358936e-04   6.0407184e-03  -2.7360812e-03
   6.5985751e-03  -5.1636979e-04   1.8255154e-02  -1.3624111e-03
   1.1666193e-02   4.1659795e-05   2.6792891e-02  -5.2544821e-04
   3.8511167e-03   6.4088619e-04   3.1335356e-02  -5.5547379e-04
   6.4748833e-03  -2.0177593e-04   3.3501648e-02  -1.7489904e-03
   1.3322914e-02  -1.5200740e-03   3.9164738e-02  -1.2948536e-03
   9.1586217e-03  -1.5612708e-03   3.5705418e-02  -1.6514073e-03
  -7.9669845e-04  -8.7965080e-04   2.5342450e-02  -1.1260223e-05
   7.3332298e-03  -6.1374408e-04   2.5709745e-02  -2.4771163e-04
   7.1645591e-03  -7.2984420e-04   1.5601634e-02  -1.9704291e-03
  -7.1387171e-03  -1.1717737e-03   7.7497649e-03  -3.3778836e-04
  -5.1109204e-03  -1.6399193e-03   1.7595522e-02   1.6138684e-04
   5.6802568e-03  -1.2841286e-03   2.8828005e-02  -1.6176285e-03
   8.7388190e-03  -1.6057912e-04   2.6103275e-02  -6.8796107e-03
   3.3413563e-03   7.9443796e-04   6.9177291e-03  -3.2915544e-03
   4.5295477e-03   4.7609893e-04   7.8172273e-03   2.3870327e-03
   6.6098198e-03  -9.2084761e-04   1.6624813e-02  -1.4712539e-03
  -2.0373652e-03  -1.6436645e-03   6.1306682e-03  -1.5688370e-03
  -6.5952226e-03  -1.2991093e-03  -6.5709954e-03   9.0451984e-04
   2.8279409e-04  -1.2616576e-03  -1.2132892e-02  -1.4149559e-03
   2.7529762e-04  -6.9613771e-04  -1.3965620e-02  -3.7419380e-03
  -8.8366690e-03   2.2142771e-04  -1.8541817e-02  -2.8749495e-03
  -1.1145584e-02  -5.3135045e-04  -2.2420903e-02  -2.2218933e-03
  -4.7660825e-03  -1.4339352e-03  -2.0145922e-02  -3.1864649e-03
  -3.8402677e-03  -1.1830092e-03  -1.9051532e-02  -3.6255889e-03
  -9.4663729e-03  -6.8490222e-04  -1.9842341e-02  -2.3119700e-03
  -9.4287973e-04  -7.3733453e-04  -1.1934253e-02  -2.9124815e-03
   4.4883171e-03  -1.2129705e-03  -1.0933561e-02  -3.4829674e-03
  -8.1543964e-04  -1.0519284e-03  -1.8234488e-02  -1.5350582e-03
  -3.6003805e-03  -4.1525034e-04  -2.2814433e-02  -1.4149559e-03
  -8.2519438e-03  -3.4409220e-04  -2.6371199e-02  -7.6189962e-04
  -6.6776839e-03  -1.4976030e-03  -2.2683256e-02  -1.4787603e-03
  -4.6873695e-03  -2.8496076e-03  -1.7357477e-02  -3.4003971e-03
  -8.7092289e-03  -2.5200331e-03  -1.4775168e-02  -3.9145851e-03
  -8.1732308e-03  -9.5455410e-04  -1.2556406e-02  -3.7006529e-03
   2.6405290e-04  -4.6393748e-04  -1.0124013e-02  -1.7489904e-03
   4.8968751e-03  -6.3996024e-04  -5.7314637e-03  -4.3236836e-03
   2.7904585e-04  -2.3173725e-04   7.8989791e-04  -2.6384981e-03
  -1.9061769e-03  -4.9015364e-04   9.3313825e-03   2.5371605e-03
   3.2738880e-03  -1.4976030e-03   1.7441858e-02  -1.4975262e-03
   7.6705712e-03  -1.8571389e-03   1.9222114e-02  -3.3065672e-03
   6.0550806e-03  -7.5606035e-04   2.0575110e-02  -9.7958505e-04
   4.3121499e-03   1.5775991e-04   2.5529845e-02  -8.3321037e-04
   3.6262224e-03  -2.2424692e-04   2.6271931e-02  -9.4955947e-04
   4.1022486e-03  -9.1335728e-04   2.4030682e-02  -1.8278076e-03
   3.9635638e-03  -1.2204608e-03   1.9701847e-02  -2.9537667e-03
  -2.0036311e-03  -5.6131177e-04   1.2011137e-02   4.9166817e-04
  -5.9880081e-03  -7.8185485e-05   7.6073444e-03   7.8817074e-04
   5.3392604e-04  -9.0212179e-04   1.3757663e-02  -2.6872897e-03
   5.9276405e-03  -1.5949773e-03   2.0177831e-02  -1.1372193e-03
   1.1561335e-03  -1.1268317e-03   1.7160764e-02  -2.2218933e-03
   1.8908814e-04  -5.0513430e-04   1.6351216e-02  -1.7940288e-03
   5.9801159e-03  -2.3173725e-04   1.7415622e-02  -2.9237411e-03
   6.4336526e-03  -3.2536638e-04   1.4289866e-02  -3.0025582e-03
   3.4651414e-04  -5.6131177e-04   8.5030946e-03  -2.2406592e-03
  -2.4046926e-03  -4.8266331e-04   3.6233171e-03  -2.8824559e-03
  -1.5575908e-03  -6.6243123e-04   4.6277567e-03   7.4576018e-03
  -3.2030672e-03  -1.0332026e-03  -3.7675594e-03  -4.7477948e-03
  -2.5883562e-03  -9.7327992e-04  -1.2492692e-02  -9.1728141e-03
  -1.7300097e-03  -8.3096365e-04  -1.1465765e-02   1.1484776e-03
  -3.5216675e-03  -7.8976684e-04  -1.5940768e-02  -1.1195787e-02
  -5.1671440e-03  -9.4706377e-04  -1.9178961e-02   2.7773651e-03
  -4.4174964e-03  -1.2429318e-03  -2.2038616e-02   6.4554982e-03
  -2.4834056e-03  -1.0968704e-03  -2.0569435e-02  -7.3149816e-03
  -5.2496052e-03  -8.6467014e-04  -1.5416061e-02  -7.5814643e-04
  -6.7826345e-03  -9.0961212e-04  -1.3710762e-02  -3.2540224e-03
  -1.6324623e-04  -8.9088629e-04  -8.2275711e-03  -3.3591119e-03
   5.3241742e-03  -7.1860870e-04  -6.6834326e-03  -2.6122257e-03
   9.5382192e-05  -4.6019232e-04  -1.2481448e-02  -2.8073920e-03
  -4.3275386e-03  -3.0664055e-04  -1.3129836e-02   2.1768479e-04
   3.8024828e-04  -8.0100233e-04  -6.3161375e-03  -2.7473408e-03
   4.4396833e-04  -1.2691480e-03  -7.0207444e-03  -2.8073920e-03
  -6.8538511e-03  -1.1942447e-03  -1.3455904e-02  -1.2047769e-03
  -6.3740766e-03  -1.3515416e-03  -1.1394554e-02  -2.9049751e-03
   1.4297549e-03  -1.3253254e-03  -1.8673696e-03  -1.4862666e-03
   1.4897267e-03  -1.0406929e-03  -4.7314742e-04  -1.4900198e-03
  -2.8844670e-03  -6.7366672e-04  -5.3491770e-03  -8.3733831e-03
   3.1278000e-04  -6.3996024e-04   3.5033840e-03  -5.7761708e-03
   3.3788387e-03  -1.1081059e-03   8.9191125e-03   5.5772501e-03
  -1.0515786e-03  -1.0332026e-03   5.5947173e-03   2.3382411e-03
  -4.4061584e-04  -1.0594187e-03   7.7197817e-03  -5.6410557e-03
   4.9830845e-03  -1.1418123e-03   1.2625795e-02  -8.0693799e-04
   4.6569878e-03  -1.0332026e-03   1.5103162e-02  -2.1092973e-03
   1.1636300e-03  -8.0849266e-04   9.5187780e-03  -3.2239969e-03
   5.0768837e-04  -5.8752793e-04   7.1163683e-03  -1.9892007e-04
   1.7970822e-03  -1.0069864e-03   8.3831615e-03  -1.6926925e-03
  -3.8064403e-04  -8.4219915e-04   9.4325761e-03  -1.5838498e-03
  -1.1190469e-03  -8.1223783e-04   1.0268360e-02  -2.8036388e-03
   1.1598818e-03  -9.2084761e-04   8.2857159e-03  -1.6138810e-04
   2.1119342e-03  -7.5231519e-04   8.1995140e-03  -4.2861516e-03
   5.4142251e-04  -9.2084761e-04   8.0795809e-03  -2.5446682e-03
   5.7140842e-04  -3.3285671e-04   9.4925426e-03   3.5505237e-03
   3.6149777e-03  -4.9015364e-04   1.2048617e-02  -4.7740672e-03
   2.7716241e-03  -8.6092497e-04   8.9453479e-03  -1.7602500e-03
   1.4859785e-03  -4.0401484e-04   4.9463290e-03   1.1634904e-03
   8.4128155e-04  -3.9652451e-04   6.7265858e-03  -2.5671874e-03
   1.0699241e-03  -4.3772133e-04   6.1081808e-03  -1.9591695e-03
   1.1711265e-03  -5.5382144e-04   1.0035287e-03  -2.9650263e-03
  -4.1062994e-04  -5.2760529e-04  -2.5082620e-03  -1.6626669e-03
  -5.9429360e-04  -5.3509562e-04  -5.4653622e-03  -1.7790160e-03
  -2.1160782e-03  -6.4745057e-04  -6.4473144e-03  -2.2819444e-03
  -2.2772525e-03  -6.9239255e-04  -9.2470024e-03  -1.6889393e-03
  -1.7824850e-03  -8.8714113e-04  -1.2350271e-02  -1.6514073e-03
  -1.5500943e-03  -7.7104101e-04  -1.1578202e-02  -1.5463178e-03
  -2.5958527e-03  -9.3582827e-04  -1.1012268e-02  -2.3419956e-03
  -4.5112023e-03  -1.0556735e-03  -1.1495748e-02  -2.0717654e-03
  -2.6145939e-03  -8.9463146e-04  -1.0944805e-02  -1.9178843e-03
  -4.2937113e-04  -9.9575091e-04  -7.0807110e-03  -2.2406592e-03
   7.3258265e-04  -6.4745057e-04  -4.6445701e-03  -2.8299112e-03
  -9.1289383e-04  -3.2536638e-04  -6.2936501e-03  -2.5221490e-03
  -2.8244952e-03  -6.6243123e-04  -9.0296237e-03  -1.6926925e-03
  -1.8124709e-03  -1.0931252e-03  -7.4817372e-03  -1.6138753e-03
  -1.0628233e-03  -1.1567930e-03  -4.1198629e-03  -2.7698600e-03
  -1.2989623e-03  -1.1268317e-03  -2.5907160e-03  -3.0100646e-03
  -1.5950731e-03  -8.7590563e-04  -4.0598963e-03  -1.7865224e-03
   2.0033286e-04  -6.3621507e-04  -5.8926238e-03  -3.2277501e-03
   1.3510419e-03  -1.0856349e-03  -3.0029860e-03  -8.8200193e-04
  -1.0365857e-03  -1.2391866e-03  -1.1927459e-03  -4.2486196e-03
  -2.7870128e-03  -1.2841286e-03   1.4525757e-04  -5.3745787e-03
  -7.4422312e-04  -1.3403061e-03  -8.7112792e-05   2.2631772e-03
   1.6434045e-03  -1.1081059e-03   3.4764465e-04  -2.2444124e-03
   1.8757952e-03  -1.2803834e-03   3.4546612e-03  -2.8299112e-03
   7.2883441e-04  -9.1710245e-04   4.7139586e-03  -9.4580628e-04
   7.5882032e-04  -5.2011496e-04   5.8833062e-03  -2.7023025e-03
   3.4575517e-03  -8.7590563e-04   5.8870542e-03  -2.1993741e-03
   3.3863352e-03  -1.0669090e-03   5.8945500e-03  -3.1301669e-03
  -1.2201561e-04  -1.0669090e-03   4.9013541e-03  -1.8390728e-04
  -1.4788778e-03  -8.6467014e-04   4.0093517e-03  -4.9917583e-04
   6.8760380e-04  -1.0519284e-03   5.9170374e-03  -2.4958766e-03
   1.9545082e-03  -1.2766383e-03   6.7078462e-03  -1.6776797e-03
   7.2883441e-04  -1.0406929e-03   7.0826371e-03  -2.0942846e-03
   7.2508618e-04  -9.8826058e-04   7.0264185e-03  -2.3457488e-03
   1.4035173e-03  -8.0474750e-04   4.6727316e-03  -1.8353140e-03
   1.0849170e-03  -6.9239255e-04   2.9262060e-03  -1.3924367e-03
   3.8399652e-04  -5.3884078e-04   3.0461391e-03  -1.5613306e-03
   5.4151574e-05  -6.2872474e-04   4.7064628e-03  -2.1505825e-03
  -3.2442046e-04  -8.0100233e-04   4.4478571e-03  -2.2481656e-03
   5.7899812e-05  -6.5868606e-04   2.1316493e-03  -1.5913562e-03
   1.1336441e-03  -6.8115705e-04   1.2846219e-03  -1.5162922e-03
   5.7140842e-04  -4.3772133e-04   9.8478918e-04  -2.3495020e-03
  -7.2173369e-04  -6.3621507e-04  -1.2459188e-04  -2.4358255e-03
  -1.4189060e-03  -7.4107969e-04  -2.7968510e-03  -1.8428204e-03
  -6.9174779e-04  -5.1262463e-04  -4.0224172e-03  -1.8953651e-03
  -1.7449094e-04  -6.0999892e-04  -3.9961819e-03  -2.1243101e-03
  -1.2314941e-03  -4.3772133e-04  -4.8432093e-03  -2.3720211e-03
  -1.5088637e-03  -3.8528902e-04  -5.7989261e-03  -2.1318165e-03
  -1.2427388e-03  -1.8679527e-04  -6.1512296e-03  -1.8503268e-03
  -2.9068632e-04   2.6679135e-05  -4.6220827e-03  -2.3194764e-03
   6.7261084e-04  -1.9803077e-04  -2.7706156e-03  -2.6460045e-03
   1.6762420e-06  -5.8752793e-04  -3.1191712e-03  -2.5934598e-03
  -1.1340399e-03  -8.6467014e-04  -4.5133933e-03  -2.1881145e-03
  -1.1640258e-03  -1.0893800e-03  -4.2173085e-03  -2.0079610e-03
  -3.4690989e-04  -1.2541673e-03  -4.2660313e-03  -2.2519188e-03
  -5.0058765e-04  -5.9501826e-04  -6.3086417e-03  -1.4187091e-03
   9.9121107e-04  -5.2386012e-04  -5.9488425e-03  -1.2085301e-03
   2.6216946e-03  -1.1680285e-03  -2.9317757e-03  -2.2894508e-03
  -6.8425131e-04  -1.0107316e-03  -1.3576539e-03  -2.2706848e-03
  -3.6341146e-03  -1.1567930e-03  -2.3208666e-03  -2.1731017e-03
  -1.1940117e-03  -1.5088385e-03  -2.3171186e-03  -2.0379866e-03
   2.0369695e-03  -1.3178351e-03  -5.0687860e-04  -2.1092973e-03
   1.1973642e-03  -1.2429318e-03  -7.6923223e-04  -2.2293996e-03
  -1.2239976e-03  -1.0481832e-03  -1.6612346e-03  -1.6964457e-03
  -3.4316165e-04  -7.8602167e-04  -1.6237555e-03  -1.7677564e-03
   2.0557107e-03  -9.9949608e-04  -9.8286304e-04  -1.7602500e-03
   1.3847761e-03  -1.1867543e-03   1.6024920e-04  -2.0717654e-03
  -1.6699447e-04  -7.9351200e-04   7.6741046e-04  -2.0192206e-03
   3.2402471e-04  -3.8528902e-04   1.2808740e-03  -1.7677564e-03
   1.0511829e-03  -5.6880210e-04   1.8393124e-03  -2.1918677e-03
   6.5761789e-04  -8.0100233e-04   2.6526087e-03  -1.9967014e-03
  -7.8170550e-04  -8.3845398e-04   3.4021905e-03  -2.0905314e-03
  -6.4302069e-04  -9.4706377e-04   3.5221236e-03  -2.4170595e-03
   1.4634891e-03  -8.3096365e-04   2.8812311e-03  -2.0830250e-03
   2.0332212e-03  -4.1150517e-04   1.2921177e-03  -1.6964457e-03
   1.2310983e-03  -3.1787605e-04   5.9875455e-04  -1.7302244e-03
   2.5655643e-04  -3.8528902e-04   1.3295968e-03  -1.5500710e-03
  -1.2576385e-04  -4.8640847e-04   2.2778178e-03  -1.7414840e-03
   2.8279409e-04  -6.8864738e-04   2.1803722e-03  -2.2293996e-03
   4.7395423e-04  -4.7891814e-04   1.3595801e-03  -2.1881145e-03
   4.9644366e-04  -3.4034704e-04   1.3858154e-03  -2.5634342e-03
   3.4276590e-04  -4.2648583e-04   1.3258489e-03  -2.6009662e-03
  -7.3288518e-05  -5.6131177e-04   9.3231846e-04  -2.1280633e-03
  -8.3043259e-04  -8.7965080e-04  -6.0877429e-05  -1.8690927e-03
  -5.1183236e-04  -9.3582827e-04  -1.1477710e-03  -1.7977820e-03
   4.7770247e-04  -6.9988288e-04  -1.2077376e-03  -1.8127948e-03
   9.9121107e-04  -4.9015364e-04  -1.3951330e-03  -1.8428204e-03
   1.1448888e-03  -4.6019232e-04  -1.7774198e-03  -1.8165480e-03
   3.3526942e-04  -6.8115705e-04  -1.7137053e-03  -1.9141311e-03
  -6.9549603e-04  -1.0444381e-03  -1.4101247e-03  -2.5033830e-03
  -1.5950731e-03  -1.1493027e-03  -1.1515189e-03  -2.5897066e-03
  -1.3776753e-03  -9.0586695e-04  -1.3426623e-03  -2.1956209e-03
  -4.6685351e-04  -8.7216047e-04  -1.9273361e-03  -2.1655953e-03
   1.2536810e-04  -8.9463146e-04  -2.4745308e-03  -2.1731017e-03
   3.3526942e-04  -8.2721849e-04  -2.9804985e-03  -2.0192206e-03
  -1.7074271e-04  -1.0144767e-03  -3.1978773e-03  -1.9741823e-03
  -3.0942751e-04  -8.9463146e-04  -2.7069012e-03  -1.8916119e-03
  -6.0928655e-04  -8.9088629e-04  -2.1109837e-03  -2.0792718e-03
  -8.3792907e-04  -1.2167156e-03  -1.9873027e-03  -2.2594252e-03
