   1.2920956e-05  -7.2609903e-04  -1.0960025e-04  -1.8390672e-03
  -2.4570747e-04  -9.9575091e-04  -2.9699570e-04  -2.2068805e-03
  -2.0447685e-04  -7.3358936e-04  -1.4707934e-04  -2.1618421e-03
  -2.4195923e-04  -7.1486354e-04  -4.6587940e-06  -1.8953651e-03
  -2.0719960e-06  -9.0586695e-04  -9.8356519e-05  -1.9779355e-03
  -1.0327442e-04  -7.1111837e-04  -9.8356519e-05  -2.1130505e-03
  -1.9323213e-04  -6.6617639e-04  -2.4452497e-04  -2.2556720e-03
  -1.2201561e-04  -9.2459278e-04  -2.1079379e-04  -2.3570083e-03
  -2.4945570e-04  -8.9837662e-04  -9.0860701e-05  -2.1693485e-03
  -6.2043804e-05  -8.3470882e-04  -2.3328124e-04  -2.0642590e-03
  -1.2201561e-04  -1.0144767e-03   2.8370240e-06  -2.0342334e-03
  -1.7449094e-04  -1.0144767e-03  -4.9633702e-05  -2.2218933e-03
  -2.6444866e-04  -8.5343464e-04  -2.1079379e-04  -2.1655953e-03
  -3.0193104e-04  -8.4968948e-04  -1.9580215e-04  -2.0867782e-03
  -2.0822509e-04  -9.3582827e-04  -5.1812233e-04  -2.1918677e-03
  -2.5695218e-04  -8.4594431e-04  -2.2203752e-04  -1.8916119e-03
  -1.0327442e-04  -7.4857002e-04  -2.3328124e-04  -2.0154674e-03
  -1.9698037e-04  -8.5343464e-04  -2.6701242e-04  -2.1130505e-03
  -6.5792042e-05  -6.5494090e-04   1.3776175e-04  -1.8653395e-03
   2.0417432e-05  -4.9015364e-04  -1.8455843e-04  -1.8653395e-03
  -3.1317575e-04  -8.6467014e-04  -1.8455843e-04  -1.9103779e-03
  -3.3941342e-04  -8.1598299e-04  -1.1334816e-04  -1.9178843e-03
  -7.3288518e-05  -6.4745057e-04  -1.9955006e-04  -1.9891950e-03
   1.2536810e-04  -8.1598299e-04  -3.8389975e-05  -2.0229738e-03
   5.0403336e-05  -7.8602167e-04  -1.7331470e-04  -1.9404035e-03
   5.0403336e-05  -8.1598299e-04  -6.0877429e-05  -2.0192206e-03
   1.3286457e-04  -7.1860870e-04   5.1559841e-05  -1.8878587e-03
   2.4165670e-05  -6.6992156e-04   6.5849330e-06  -1.8127948e-03
  -2.4945570e-04  -8.1598299e-04   1.7898875e-04  -1.9891950e-03
  -1.7823918e-04  -7.2984420e-04  -9.1088500e-07  -1.9028715e-03
   3.9158622e-05  -7.4482486e-04  -1.2084397e-04  -2.0079610e-03
  -3.9554376e-05  -8.6467014e-04   1.7828660e-05  -1.8578331e-03
  -1.5200152e-04  -8.2347332e-04  -3.8389975e-05  -1.7227181e-03
  -1.2201561e-04  -8.4219915e-04   1.7524084e-04  -2.0830250e-03
  -1.9698037e-04  -9.3582827e-04   1.0777848e-04  -1.8465736e-03
  -3.8439227e-04  -7.0737321e-04  -1.3583561e-04  -1.9816886e-03
  -6.2043804e-05  -5.9876342e-04   1.6399711e-04  -2.2669316e-03
  -2.8309662e-05  -8.3470882e-04   1.4080751e-05  -1.8728459e-03
  -1.4075680e-04  -7.7853134e-04  -6.0877429e-05  -2.1280633e-03
   3.9158622e-05  -8.0100233e-04  -4.9633702e-05  -2.1355697e-03
  -2.4945570e-04  -7.4482486e-04  -4.2137884e-05  -1.7977820e-03
  -2.8318985e-04  -6.3246991e-04   2.6144274e-04  -2.0755186e-03
  -8.0784994e-05  -7.2235387e-04  -5.3381611e-05  -1.9929482e-03
  -1.1826737e-04  -6.4370540e-04  -9.1088500e-07  -2.0454930e-03
  -1.2576385e-04  -6.8864738e-04  -9.8356519e-05  -2.1468293e-03
  -5.8295566e-05  -7.3358936e-04  -2.7450824e-04  -1.7452372e-03
  -4.7050852e-05  -9.5829926e-04   1.8648456e-04  -1.9028715e-03
  -2.0813186e-05  -1.0444381e-03  -7.5869065e-05  -2.1168037e-03
  -2.5695218e-04  -6.0625375e-04  -1.8455843e-04  -2.1993741e-03
  -3.0942751e-04  -6.0250859e-04   4.7811932e-05  -2.1280633e-03
  -1.2951209e-04  -8.8339596e-04  -1.5832306e-04  -1.8803523e-03
  -4.2937113e-04  -7.7104101e-04  -1.5832306e-04  -2.0680122e-03
  -5.4547328e-05  -7.3733453e-04   1.4080751e-05  -2.0454930e-03
   1.2920956e-05  -6.9613771e-04  -1.5902521e-05  -1.9591695e-03
  -2.9068632e-04  -6.0999892e-04   2.5324478e-05  -1.9366503e-03
   1.2920956e-05  -9.2833794e-04   1.6774502e-04  -1.9328971e-03
  -2.0719960e-06  -7.5231519e-04   6.5849330e-06  -1.9366503e-03
  -2.8309662e-05  -4.1150517e-04  -4.5885793e-05  -1.9066247e-03
  -6.9540280e-05  -6.5119573e-04   2.9072387e-05  -1.7302244e-03
   7.6641002e-05  -7.2235387e-04  -1.2084397e-04  -1.5200454e-03
   2.6405290e-04  -7.5231519e-04   4.4064023e-05  -1.8953651e-03
   2.0782933e-04  -6.8490222e-04   3.2515720e-04  -1.8765991e-03
   9.5382192e-05  -4.1525034e-04   1.6024920e-04  -1.6589137e-03
  -1.2576385e-04  -5.6880210e-04  -8.4067030e-06  -1.7264713e-03
  -2.0072861e-04  -6.8864738e-04   1.7828660e-05  -1.6251349e-03
  -2.0822509e-04  -8.6092497e-04   4.7811932e-05  -1.7827692e-03
   1.3661281e-04  -8.9463146e-04   4.4064023e-05  -1.7940288e-03
   3.0153528e-04  -4.6393748e-04  -8.4067030e-06  -1.8390672e-03
  -6.9540280e-05  -7.1860870e-04   8.9038931e-05  -1.8916119e-03
  -3.3941342e-04  -8.1598299e-04   2.6519065e-04  -1.8090416e-03
  -1.0327442e-04  -6.1748925e-04   3.2515720e-04  -1.9891950e-03
   1.6285048e-04  -9.2084761e-04   5.1559841e-05  -1.8991183e-03
  -2.4561424e-05  -7.2984420e-04  -7.9616974e-05  -1.9441567e-03
   1.6762420e-06  -6.1374408e-04   2.2396365e-04  -1.9516631e-03
  -5.8295566e-05  -7.4857002e-04   5.5307750e-05  -1.8803523e-03
   2.4165670e-05  -5.7629243e-04   7.7795204e-05  -1.9741823e-03
   8.4137478e-05  -6.8490222e-04   1.7149293e-04  -1.8503268e-03
  -1.7823918e-04  -7.1486354e-04  -2.3702915e-04  -2.0417398e-03
  -1.8198742e-04  -7.3358936e-04  -1.2154612e-05  -1.8465736e-03
  -1.1826737e-04  -9.2833794e-04   3.2820296e-05  -1.7527436e-03
   3.5410384e-05  -6.6243123e-04  -1.5457515e-04  -2.0717654e-03
  -1.5574975e-04  -4.9389880e-04  -7.9616974e-05  -1.8803523e-03
  -2.6819689e-04  -8.3470882e-04  -3.4197060e-04  -2.0942846e-03
  -2.6444866e-04  -9.4331860e-04  -3.6071015e-04  -2.1168037e-03
  -3.3941342e-04  -6.7741189e-04  -2.1828961e-04  -2.1280633e-03
  -1.3700856e-04  -6.5494090e-04  -2.2203752e-04  -2.2781912e-03
  -1.2201561e-04  -9.2459278e-04  -1.6207097e-04  -2.0192206e-03
  -1.1077090e-04  -8.7216047e-04  -1.5902521e-05  -2.2106337e-03
  -2.1197332e-04  -7.7104101e-04   1.0332842e-05  -2.0830250e-03
  -3.2442046e-04  -8.4219915e-04  -3.2697897e-04  -2.0004546e-03
  -2.0822509e-04  -7.3358936e-04  -3.0074361e-04  -2.3495020e-03
  -1.7823918e-04  -9.8451542e-04   2.9072387e-05  -2.1768549e-03
  -2.5695218e-04  -1.1642833e-03  -3.8319760e-04  -2.0379866e-03
  -1.9698037e-04  -9.0212179e-04  -3.1948315e-04  -2.1318165e-03
  -2.8309662e-05  -7.7478618e-04   1.4080751e-05  -2.1243101e-03
  -1.3326033e-04  -8.2347332e-04  -3.7944969e-04  -2.2594252e-03
  -3.1317575e-04  -8.4219915e-04  -6.0877429e-05  -2.1993741e-03
  -1.4450504e-04  -7.3733453e-04  -1.2154612e-05  -1.9141311e-03
  -6.5792042e-05  -8.3096365e-04  -3.8694551e-04  -2.0605058e-03
  -6.9540280e-05  -8.8714113e-04  -8.3364883e-05  -2.1693485e-03
  -3.9554376e-05  -8.1598299e-04   3.6568205e-05  -1.7902756e-03
  -1.4825328e-04  -7.5606035e-04  -9.8356519e-05  -1.8127948e-03
  -1.6324623e-04  -7.3358936e-04  -6.8373247e-05  -1.9891950e-03
  -9.9526184e-05  -7.3358936e-04   4.7811932e-05  -1.8278076e-03
   8.4137478e-05  -7.0362804e-04  -2.3398339e-05  -1.9141311e-03
  -3.0567927e-04  -7.5980552e-04  -2.7146248e-05  -1.8503268e-03
  -4.3686760e-04  -6.1748925e-04  -7.2121156e-05  -1.9291439e-03
  -4.3302614e-05  -8.8339596e-04  -8.4067030e-06  -2.1956209e-03
  -7.3288518e-05  -9.6204443e-04  -7.5869065e-05  -1.9929482e-03
  -2.0719960e-06  -5.5756661e-04  -1.2154612e-05  -1.9516631e-03
  -1.4825328e-04  -7.7478618e-04   2.5394693e-04  -2.0004546e-03
  -1.7074271e-04  -7.9351200e-04  -1.5832306e-04  -1.9479099e-03
  -1.4075680e-04  -7.6355068e-04  -1.0585234e-04  -1.9441567e-03
  -2.0447685e-04  -7.2235387e-04  -1.2154612e-05  -1.9291439e-03
  -5.8202340e-06  -6.0250859e-04  -2.0704588e-04  -2.0342334e-03
   2.0417432e-05  -9.3208311e-04   8.1543113e-05  -1.9929482e-03
  -1.3316710e-05  -7.6355068e-04  -1.5902521e-05  -1.8841055e-03
  -3.9554376e-05  -7.5231519e-04   8.5291022e-05  -1.9929482e-03
  -1.6699447e-04  -7.4107969e-04   2.6893856e-04  -2.1393229e-03
  -1.7823918e-04  -5.6131177e-04  -1.0585234e-04  -2.0417398e-03
  -8.4533232e-05  -8.0100233e-04  -1.9650430e-05  -1.8953651e-03
  -2.5320394e-04  -6.8115705e-04   7.7795204e-05  -2.0267270e-03
  -2.0813186e-05  -8.6092497e-04  -9.4608610e-05  -1.9967014e-03
   1.3661281e-04  -8.8339596e-04  -1.8455843e-04  -1.8841055e-03
  -1.2576385e-04  -6.8115705e-04  -8.7112792e-05  -1.9704291e-03
  -9.5684720e-06  -7.0362804e-04   4.4064023e-05  -2.0192206e-03
  -1.0702266e-04  -5.2011496e-04  -4.6587940e-06  -2.0304802e-03
  -2.7569337e-04  -7.3733453e-04   6.2803568e-05  -1.9741823e-03
  -1.0327442e-04  -8.0849266e-04   1.0332842e-05  -1.8953651e-03
  -4.7050852e-05  -7.1486354e-04   1.0028266e-04  -1.9854418e-03
  -1.8573566e-04  -7.3358936e-04   1.3026593e-04  -1.8841055e-03
  -2.1197332e-04  -5.9127309e-04   5.5307750e-05  -1.6814329e-03
  -2.9818280e-04  -7.2235387e-04   1.5275338e-04  -1.8991183e-03
  -9.9526184e-05  -7.4482486e-04   2.2396365e-04  -1.9779355e-03
   2.1907405e-04  -6.3621507e-04  -1.5902521e-05  -2.1243101e-03
   5.4244800e-06  -7.8227651e-04  -2.0329797e-04  -2.3194764e-03
  -5.4547328e-05  -7.8602167e-04  -8.7112792e-05  -2.0942846e-03
  -2.4945570e-04  -6.6617639e-04  -2.5202079e-04  -2.1280633e-03
  -1.8948390e-04  -4.4895682e-04  -1.2459188e-04  -2.0980378e-03
   6.1648050e-05  -4.6393748e-04   7.0299386e-05  -1.7152117e-03
  -2.0072861e-04  -7.5606035e-04  -1.3583561e-04  -1.7264713e-03
   1.3661281e-04  -5.0513430e-04  -1.9955006e-04  -1.9253907e-03
   5.4151574e-05  -3.9277935e-04   1.7828660e-05  -1.6476541e-03
  -2.2696628e-04  -6.8490222e-04   7.7795204e-05  -1.5688370e-03
   2.2282228e-04  -7.0362804e-04   7.0299386e-05  -1.8578331e-03
   6.5396288e-05  -6.5119573e-04   2.4645111e-04  -1.8240544e-03
  -5.8295566e-05  -6.6243123e-04   2.5769484e-04  -1.6851861e-03
   5.0403336e-05  -7.2984420e-04  -4.6587940e-06  -1.6964457e-03
   5.0403336e-05  -6.3621507e-04  -1.7706261e-04  -1.8578331e-03
  -9.5684720e-06  -7.6729585e-04   1.8273666e-04  -1.9479099e-03
  -9.5777946e-05  -1.0069864e-03   2.0522411e-04  -1.8428204e-03
   5.4244800e-06  -8.4968948e-04  -2.3398339e-05  -1.8165480e-03
  -1.0702266e-04  -8.3470882e-04   6.5849330e-06  -1.7790160e-03
  -8.4533232e-05  -8.1223783e-04  -1.2154612e-05  -1.8203012e-03
  -4.3302614e-05  -7.7853134e-04   1.0028266e-04  -1.9291439e-03
  -7.7036756e-05  -8.1598299e-04  -7.9616974e-05  -1.7527436e-03
  -2.4561424e-05  -9.2084761e-04  -1.9650430e-05  -1.7977820e-03
  -5.0799090e-05  -7.7853134e-04   1.7149293e-04  -1.9629227e-03
  -9.5684720e-06  -5.0887946e-04  -1.4707934e-04  -1.8165480e-03
   7.2892764e-05  -8.0100233e-04  -1.9205424e-04  -1.8015352e-03
  -5.8295566e-05  -7.8227651e-04  -2.6701242e-04  -1.9366503e-03
  -3.4316165e-04  -7.5231519e-04   2.5324478e-05  -1.8390672e-03
  -1.3326033e-04  -7.7104101e-04   1.8273666e-04  -1.7790160e-03
  -6.9540280e-05  -7.3358936e-04   3.5514047e-04  -1.9854418e-03
  -1.8573566e-04  -8.8339596e-04   3.9906122e-03  -1.8953651e-03
  -1.4450504e-04  -7.8976684e-04   8.7279692e-03  -1.6589137e-03
  -4.3302614e-05  -8.6092497e-04   1.0399537e-02  -1.5350582e-03
   3.2777295e-04  -7.8976684e-04   1.0197150e-02  -1.6514073e-03
   4.2906860e-05  -9.6578959e-04   9.1477350e-03  -1.7940288e-03
  -5.1183236e-04  -9.9949608e-04   7.2475451e-03  -1.8315608e-03
  -7.1798545e-04  -6.2872474e-04   5.2873887e-03  -2.0342334e-03
  -6.3927246e-04  -5.9127309e-04   3.3647114e-03  -1.9366503e-03
  -8.3792907e-04  -7.0362804e-04   1.5807067e-03  -2.0605058e-03
  -6.7300660e-04  -9.5080893e-04   1.5732109e-03  -2.0867782e-03
   5.2642956e-04  -8.0849266e-04   2.1916159e-03  -2.1355697e-03
   1.5160576e-04  -7.0737321e-04   7.7115837e-04  -2.1055441e-03
  -8.8290793e-04  -7.2235387e-04  -5.9308051e-04  -1.5725902e-03
  -7.7795726e-04  -7.2984420e-04  -2.4827288e-04  -2.0117142e-03
  -9.0539735e-04  -8.5343464e-04  -2.2953333e-04  -2.4508383e-03
  -1.5088637e-03  -8.3096365e-04  -2.3695894e-03  -2.3720211e-03
  -1.2577317e-03  -8.9837662e-04  -5.7052284e-03  -2.2519188e-03
   1.1412338e-04  -9.1710245e-04  -8.1676046e-03  -2.2481656e-03
  -5.5306298e-04  -8.2347332e-04  -1.1971732e-02  -2.4057999e-03
  -2.3072384e-03  -7.1486354e-04  -1.6769056e-02  -2.3007104e-03
  -1.9436593e-03  -9.9575091e-04  -1.9977266e-02  -2.5709406e-03
  -1.4938707e-03  -1.1118510e-03  -2.2983089e-02  -2.8711963e-03
  -2.6745657e-03  -8.8339596e-04  -2.8140212e-02  -2.8636899e-03
  -3.2892767e-03  -9.8077025e-04  -3.3878260e-02  -3.1414265e-03
  -1.8387086e-03  -1.0556735e-03  -3.6816621e-02  -3.5167462e-03
  -1.4413954e-03  -1.1605382e-03  -3.7004016e-02  -3.8170020e-03
  -2.2847489e-03  -1.4189546e-03  -3.1022354e-02  -3.7119125e-03
  -1.5950731e-03  -1.3440513e-03  -1.9527517e-02  -3.0738690e-03
   1.3922725e-03  -1.2391866e-03  -6.0238006e-03  -3.0400902e-03
   2.8578336e-03  -1.3665222e-03   5.1524640e-03  -2.1543357e-03
   2.3893038e-03  -1.1605382e-03   1.3791394e-02  -1.4112027e-03
   4.7357008e-03  -1.0781445e-03   2.4427960e-02  -1.9103779e-03
   4.2859123e-03  -1.2429318e-03   2.8925451e-02  -1.5237986e-03
   2.8053583e-03  -9.2833794e-04   3.0994297e-02  -9.9084464e-04
   4.3571288e-03  -4.2274067e-04   3.3276773e-02  -4.8416305e-04
   5.2304683e-03  -2.2424692e-04   3.2564670e-02  -1.3473984e-03
   2.6479323e-03  -7.0273500e-06   2.8374508e-02  -7.9567840e-04
   1.9283638e-04   3.0424300e-05   2.1676995e-02   3.0024944e-05
   5.6465227e-03  -1.8679527e-04   2.2516526e-02  -1.9479099e-03
  -2.0447685e-04   1.7274057e-04   1.2280987e-02   3.2652751e-04
  -5.9205398e-03   3.3752783e-04   8.6342715e-03   8.6698788e-04
   6.2200031e-03  -2.3173725e-04   2.3565941e-02  -3.4566951e-03
   2.6666735e-03  -1.0065648e-04   1.3742671e-02  -1.8353140e-03
  -4.4212446e-03   2.1393738e-04   4.0280913e-03   1.3211247e-03
   3.1314550e-03  -3.4034704e-04   1.3521545e-02  -1.1972705e-03
   4.0572698e-03  -3.9652451e-04   1.6812209e-02  -3.4154099e-03
  -2.0935888e-03  -7.0695155e-05   7.2250577e-03  -1.3849303e-03
  -3.8177783e-03  -5.3884078e-04  -3.1341628e-03   7.2436639e-04
   1.0249452e-03  -9.6953476e-04   2.3902551e-03  -1.5237986e-03
   7.0634499e-04  -9.8826058e-04   3.7282586e-03  -3.9783895e-03
  -5.1933816e-03  -1.0743994e-03  -6.0575318e-03  -2.0304802e-03
  -4.4287411e-03  -9.5455410e-04  -1.0446333e-02  -1.2160365e-03
   1.4409996e-03  -9.5455410e-04  -8.1825962e-03  -3.3140736e-03
   7.9255446e-04  -9.5080893e-04  -9.6217933e-03  -4.1322705e-03
  -5.3620523e-03  -7.1486354e-04  -1.8421884e-02  -2.3532552e-03
  -4.6873695e-03  -7.9725717e-04  -1.9268911e-02  -1.3849303e-03
  -1.1003057e-03  -1.0481832e-03  -1.5101236e-02  -3.1564393e-03
  -1.5538425e-03  -1.0931252e-03  -1.6034466e-02  -2.8974687e-03
  -3.1580884e-03  -6.6992156e-04  -1.8009614e-02  -1.0058574e-03
   1.7895858e-03  -7.0362804e-04  -1.1859295e-02  -2.6009662e-03
   6.0550806e-03  -5.3884078e-04  -7.8977551e-03  -4.5376158e-03
  -1.6625414e-03  -3.2821850e-06  -1.7252536e-02  -1.6776797e-03
  -3.1018648e-03  -5.3509562e-04  -1.6476719e-02  -5.6673338e-04
   2.8016100e-03  -1.2354415e-03  -7.3055855e-03  -4.2486196e-03
   3.0528352e-04  -1.2504221e-03  -1.0109021e-02  -3.8282616e-03
  -3.9527148e-03  -7.0737321e-04  -1.7514890e-02  -5.4796739e-04
  -2.8693808e-04  -5.3135045e-04  -1.4539050e-02  -1.2648280e-03
   5.9388852e-03  -6.0625375e-04  -6.0312965e-03  -3.7569508e-03
   1.1448888e-03  -5.9501826e-04  -6.6047265e-03  -3.3103204e-03
  -4.9684873e-03  -6.0625375e-04  -8.7860096e-03  -7.2812085e-04
   2.0782933e-04  -8.5717981e-04  -3.0254734e-03  -1.6814329e-03
   3.8173825e-03  -1.3215803e-03   3.6982753e-03  -3.5730442e-03
  -1.2201561e-04  -9.0212179e-04   2.5664068e-03  -1.6176285e-03
  -1.6475485e-03  -6.7741189e-04   1.5694630e-03  -4.9166944e-04
   3.1239585e-03  -9.7702509e-04   9.1589787e-03  -2.0830250e-03
   3.2214127e-03  -1.0706542e-03   1.2198533e-02  -2.5146426e-03
  -2.2472666e-03  -1.0144767e-03   9.2564243e-03  -1.3436452e-03
  -1.6250590e-03  -6.9613771e-04   1.1201589e-02  -6.8683568e-04
   2.0856966e-03  -7.4107969e-04   1.4533480e-02  -2.0417398e-03
   1.3960208e-03  -8.2347332e-04   1.3585259e-02  -2.6384981e-03
  -9.9910330e-04  -3.5158253e-04   9.4250803e-03  -6.1552494e-04
  -1.3316710e-05  -7.4440320e-05   8.7129775e-03  -1.0921810e-03
   1.5534468e-03  -4.0026968e-04   1.0834294e-02  -1.7339776e-03
  -1.7075203e-03  -4.8640847e-04   8.0346060e-03  -2.6647705e-03
  -4.7773272e-03  -2.0552110e-04   5.8683146e-03  -1.1447257e-03
  -1.6887791e-03  -5.7629243e-04   9.7399046e-03   1.2348012e-03
   2.2206331e-03  -8.5717981e-04   1.3465326e-02  -4.1810621e-03
   6.1263904e-04  -5.7629243e-04   9.5637529e-03  -3.2465160e-03
  -2.7982575e-03  -3.5158253e-04   3.7882251e-03   4.5037732e-05
  -1.4301507e-03  -3.8528902e-04   6.5541820e-03  -2.1168037e-03
   1.3810278e-03  -9.0586695e-04   1.0125939e-02  -2.0529994e-03
  -1.9698037e-04  -9.2833794e-04   6.6778630e-03  -1.8841055e-03
  -2.1685536e-03  -6.9613771e-04   2.6151296e-03  -7.8066561e-04
  -3.3566518e-04  -6.5494090e-04   3.2110471e-03  -1.3549047e-03
   1.2610842e-03  -5.2011496e-04   5.1074891e-03  -3.0100646e-03
  -1.9323213e-04  -6.4370540e-04   1.6819003e-03  -2.3607615e-03
  -1.1940117e-03  -7.3733453e-04  -2.6956575e-03  -1.5763434e-03
   1.1787162e-04  -9.4331860e-04  -1.6649825e-03  -1.9854418e-03
   4.1773066e-04  -1.0107316e-03  -2.7931031e-03  -2.6009662e-03
  -9.0164912e-04  -6.6617639e-04  -7.0469798e-03  -1.8428204e-03
  -6.3177598e-04  -6.7741189e-04  -9.2395066e-03  -1.4524879e-03
   8.6002274e-04  -9.6578959e-04  -8.6585807e-03  -2.1956209e-03
   3.4651414e-04  -8.1972816e-04  -8.3587480e-03  -2.6535109e-03
  -1.7187650e-03  -7.5231519e-04  -1.0378871e-02  -2.3119700e-03
  -1.3851718e-03  -1.0818897e-03  -9.6780119e-03  -2.3419956e-03
   3.2402471e-04  -1.1830092e-03  -7.0919547e-03  -2.7736132e-03
   8.0005094e-04  -1.2279511e-03  -6.1512296e-03  -2.6234853e-03
   7.5507208e-04  -1.0032412e-03  -7.2793502e-03  -2.5521746e-03
   2.7154938e-04  -8.6841530e-04  -1.0097778e-02  -1.9741823e-03
  -6.6176188e-04  -1.1717737e-03  -1.1319596e-02  -1.3961899e-03
  -1.1152987e-03  -1.2279511e-03  -8.6473369e-03  -2.2331528e-03
   1.0287867e-04  -1.4039739e-03  -4.7307720e-03  -2.9912986e-03
   1.9283638e-04  -1.1493027e-03  -4.7345200e-03  -3.2690352e-03
  -1.6512967e-03  -6.2872474e-04  -8.7185472e-03  -2.3645147e-03
  -1.1677740e-03  -8.1972816e-04  -9.7229868e-03  -1.4675007e-03
   3.2777295e-04  -9.8451542e-04  -6.2561710e-03  -2.6685237e-03
  -9.0914559e-04  -1.0257122e-03  -4.9331591e-03  -2.8599367e-03
  -2.8582294e-03  -1.1605382e-03  -6.0312965e-03  -1.9103779e-03
  -1.7674921e-03  -7.8976684e-04  -4.7232762e-03  -1.7377308e-03
   5.9389785e-04  -5.3135045e-04  -1.3239228e-03  -2.4846170e-03
  -7.7036756e-05  -6.5494090e-04   5.9875455e-04  -2.3344892e-03
  -1.7187650e-03  -3.6656319e-04   1.4982527e-03  -1.5012794e-03
  -8.1169140e-04  -4.5270199e-04   4.4965799e-03  -2.4808638e-03
   6.8385556e-04  -7.5606035e-04   7.2550409e-03  -2.4996298e-03
   3.0153528e-04  -7.8227651e-04   7.9034292e-03  -1.6964457e-03
  -6.5051717e-04  -6.1748925e-04   8.2969596e-03  -1.3473984e-03
   7.5507208e-04  -3.4034704e-04   1.0339570e-02  -1.4187091e-03
   1.9695012e-03  -5.1262463e-04   1.1988650e-02  -2.2068805e-03
   1.2911633e-04  -5.6505694e-04   9.5112822e-03  -1.5613306e-03
  -1.0740681e-03  -4.2274067e-04   8.1957661e-03  -1.1860109e-03
   2.4165670e-05  -4.6393748e-04   9.0540373e-03  -2.0492462e-03
  -6.8799955e-04  -7.3733453e-04   8.4693635e-03  -1.7489904e-03
  -9.5037621e-04  -9.1335728e-04   9.7061734e-03  -1.3849303e-03
   2.4567721e-03  -8.1223783e-04   1.2093591e-02  -2.4395787e-03
   1.5347056e-03  -6.1374408e-04   7.8547064e-03  -2.0755186e-03
  -1.1752705e-03  -4.4895682e-04   3.1698201e-03  -3.2652877e-04
   5.3017780e-04  -9.1335728e-04   7.5473778e-03  -1.1184533e-03
   2.0144800e-03  -1.2092253e-03   1.1580128e-02  -2.8974687e-03
   9.7621812e-04  -8.7216047e-04   8.4881030e-03  -1.9629227e-03
  -2.3446275e-04  -4.9764397e-04   3.1098536e-03  -3.9783951e-04
   1.5909292e-03  -2.6169857e-04   3.3197365e-03  -1.4637475e-03
   2.6441840e-03  -4.6768265e-04   5.0325309e-03  -2.4696043e-03
  -4.3302614e-05  -6.9613771e-04   4.3009865e-04  -1.5913562e-03
  -1.7112685e-03  -7.8227651e-04  -3.9624507e-03  -1.1785045e-03
   3.3526942e-04  -9.0586695e-04  -3.5951556e-03  -1.8953651e-03
   1.2835736e-03  -8.7590563e-04  -4.3409895e-03  -2.4470851e-03
  -1.0290892e-03  -3.1038572e-04  -8.9546655e-03  -1.7114585e-03
  -1.4788778e-03  -1.5683395e-04  -1.0746166e-02  -1.7302244e-03
  -2.8318985e-04  -7.8976684e-04  -8.9021948e-03  -2.7923792e-03
  -1.1977599e-03  -9.6953476e-04  -9.6555245e-03  -2.5822002e-03
  -2.6445798e-03  -1.0257122e-03  -1.0944805e-02  -1.9929482e-03
  -1.7974780e-03  -1.0406929e-03  -9.3144647e-03  -2.0417398e-03
   9.8746284e-04  -8.3096365e-04  -6.5447600e-03  -2.7886260e-03
   2.1381719e-03  -6.1374408e-04  -7.2306273e-03  -2.8937155e-03
  -1.2427388e-03  -3.5532770e-04  -1.2593885e-02  -1.5200454e-03
  -3.4654439e-03  -6.4745057e-04  -1.1799328e-02  -1.1634917e-03
  -6.4676893e-04  -1.3815029e-03  -4.2472918e-03  -2.9087283e-03
   9.1624631e-04  -1.2579125e-03  -2.5307495e-03  -3.9220915e-03
  -1.3326965e-03  -4.9764397e-04  -8.7185472e-03  -2.2256465e-03
  -2.1872947e-03  -2.3173725e-04  -1.2428977e-02  -8.4822315e-04
   8.4502979e-04  -5.5007628e-04  -6.8445927e-03  -2.2181401e-03
   1.0811688e-03  -1.0369477e-03  -2.9879944e-03  -3.2502692e-03
  -3.2967732e-03  -9.1335728e-04  -6.1849607e-03  -1.7339776e-03
  -3.3754862e-03  -9.8077025e-04  -5.5028413e-03  -1.0809214e-03
   1.1598818e-03  -1.0107316e-03   3.5514047e-04  -2.4958766e-03
   2.2618638e-03  -5.0138913e-04   2.3640197e-03  -2.9199879e-03
  -1.8573566e-04  -3.6281803e-04   1.1871763e-03  -1.8878587e-03
  -7.7036756e-05  -4.3023100e-04   3.3684593e-03  -1.3624111e-03
   2.0219765e-03  -9.2833794e-04   8.1058163e-03  -2.2556720e-03
   7.5882032e-04  -9.9949608e-04   9.0278019e-03  -2.2969572e-03
  -1.1565293e-03  -9.9200575e-04   6.8540147e-03  -1.3323856e-03
   1.4822303e-03  -1.3365609e-03   9.1664745e-03  -1.7414840e-03
   3.3638457e-03  -6.9988288e-04   1.1096648e-02  -2.1693485e-03
   8.1504389e-04  -2.5046308e-04   7.9558999e-03  -1.5988626e-03
  -4.2187465e-04  -5.9501826e-04   6.2955762e-03  -1.2648280e-03
   3.4276590e-04  -7.7104101e-04   6.9926873e-03  -1.6814329e-03
  -5.5681122e-04  -9.2833794e-04   7.5136467e-03  -1.8240544e-03
  -7.7046079e-04  -1.0631639e-03   7.8509585e-03  -1.7264713e-03
   1.8495576e-03  -6.6992156e-04   8.5293300e-03  -2.2669316e-03
   2.1794025e-03  -4.1525034e-04   6.5991569e-03  -1.9103779e-03
   4.2897537e-04  -3.1413088e-04   3.2747616e-03  -9.3079349e-04
   3.6900357e-04  -5.5756661e-04   4.4928320e-03  -1.1071937e-03
   6.1648050e-05  -1.1942447e-03   6.8952417e-03  -1.9366503e-03
  -5.8679712e-04  -1.0069864e-03   6.0931891e-03  -2.1768549e-03
  -5.4931474e-04  -7.1860870e-04   3.0273996e-03  -1.5237986e-03
   9.1999455e-04  -7.0737321e-04   1.6369253e-03  -1.3436452e-03
   1.8008305e-03  -6.1748925e-04   2.3902551e-03  -2.0492462e-03
  -1.0327442e-04  -6.6617639e-04   4.2260283e-04  -2.0117142e-03
  -1.6438002e-03  -8.4219915e-04  -2.4895225e-03  -1.4337219e-03
  -1.2239976e-03  -9.5829926e-04  -2.9767506e-03  -1.7940288e-03
  -4.8559470e-04  -9.2459278e-04  -3.6476263e-03  -2.2331528e-03
  -1.0665716e-03  -7.2984420e-04  -6.0462881e-03  -1.8315608e-03
  -1.3064588e-03  -5.9876342e-04  -7.3505604e-03  -1.8803523e-03
  -4.6685351e-04  -8.1598299e-04  -6.7546429e-03  -2.4320723e-03
  -9.8785859e-04  -6.3996024e-04  -6.6871805e-03  -2.4208127e-03
  -1.4226542e-03  -7.7478618e-04  -5.9113634e-03  -2.4020467e-03
  -2.6444866e-04  -1.0781445e-03  -4.6070910e-03  -2.5596810e-03
   8.8251217e-04  -6.9239255e-04  -5.5740516e-03  -2.4808638e-03
   1.7784343e-04  -6.0999892e-04  -8.0664111e-03  -1.9967014e-03
  -1.3102071e-03  -7.3358936e-04  -9.4906165e-03  -1.3849303e-03
  -1.0703198e-03  -9.0212179e-04  -6.8595844e-03  -1.8390672e-03
  -6.7300660e-04  -9.4331860e-04  -3.5164495e-03  -2.9162347e-03
  -4.3686760e-04  -9.9200575e-04  -3.8162822e-03  -3.0551030e-03
   6.3512846e-04  -8.1598299e-04  -4.6895450e-03  -2.4733575e-03
   1.2948184e-03  -4.3772133e-04  -4.6408222e-03  -2.2706848e-03
   1.1636300e-03  -6.5868606e-04  -4.4646705e-03  -2.3457488e-03
  -4.8184646e-04  -7.7478618e-04  -4.3897123e-03  -2.0229738e-03
  -1.5238566e-03  -1.0669090e-03  -3.9774423e-03  -1.9253907e-03
  -3.4690989e-04  -1.3328158e-03  -2.2496563e-03  -2.1543357e-03
   5.1518485e-04  -9.5455410e-04  -8.8166950e-04  -2.2031273e-03
   8.3378508e-04  -7.3733453e-04  -2.7825615e-04  -2.1731017e-03
   1.1561335e-03  -6.3996024e-04   8.3112491e-04  -2.1280633e-03
   1.1448888e-03  -6.2497958e-04   2.2740699e-03  -2.0942846e-03
   1.4410929e-04  -7.5231519e-04   3.0948619e-03  -2.1393229e-03
  -4.2562289e-04  -8.9088629e-04   3.3609635e-03  -1.9253907e-03
   1.4785752e-04  -1.0406929e-03   3.9756206e-03  -1.5237986e-03
   5.7890489e-04  -7.9725717e-04   4.5677902e-03  -1.7977820e-03
   1.1561335e-03  -5.1636979e-04   5.0212872e-03  -1.7827692e-03
   1.1973642e-03  -4.0026968e-04   5.4410530e-03  -1.8390672e-03
   6.3512846e-04  -3.6656319e-04   5.3098762e-03  -2.1168037e-03
  -2.1946980e-04  -5.6880210e-04   4.5490506e-03  -1.5650838e-03
  -5.6805593e-04  -6.5868606e-04   3.9681247e-03  -1.5876030e-03
  -5.0058765e-04  -6.4370540e-04   3.5333673e-03  -1.5838498e-03
  -5.8304889e-04  -5.7254727e-04   3.3759551e-03  -1.1147001e-03
  -1.4075680e-04  -2.8791473e-04   3.4246779e-03  -1.2835940e-03
   1.4036105e-04  -2.4297275e-04   3.5333673e-03  -1.3961899e-03
   4.7020599e-04  -4.6019232e-04   4.5228153e-03  -1.4074495e-03
   1.9283638e-04  -3.5532770e-04   4.6315046e-03  -1.6138753e-03
  -1.8198742e-04  -4.0776001e-04   3.6757878e-03  -1.5388114e-03
  -1.3326033e-04  -4.9764397e-04   2.7612980e-03  -1.5763434e-03
  -6.8799955e-04  -4.0401484e-04   1.8617999e-03  -1.4675007e-03
  -5.9804184e-04  -6.5494090e-04   2.2740699e-03  -1.5275518e-03
  -2.0447685e-04  -6.8115705e-04   2.4652132e-03  -1.8991183e-03
  -4.6310527e-04  -5.2386012e-04   1.0147725e-03  -1.5838498e-03
  -2.4570747e-04  -6.2123441e-04   1.6399711e-04  -1.5313050e-03
   3.0153528e-04  -7.1111837e-04   3.7762792e-04  -1.8203012e-03
   1.2536810e-04  -7.5231519e-04   2.0897202e-04  -2.1243101e-03
  -4.5186056e-04  -9.3582827e-04  -3.9444133e-04  -2.2556720e-03
  -7.7046079e-04  -9.0586695e-04  -1.1702585e-03  -2.0042078e-03
  -2.1197332e-04  -6.7366672e-04  -1.6537388e-03  -1.9441567e-03
   2.2657052e-04  -8.8339596e-04  -2.1746981e-03  -2.0004546e-03
   1.2536810e-04  -7.9725717e-04  -3.4527351e-03  -2.0792718e-03
  -1.2951209e-04  -6.3996024e-04  -4.0074256e-03  -2.0417398e-03
  -5.7930065e-04  -1.1268317e-03  -3.4414913e-03  -2.1543357e-03
  -3.1317575e-04  -1.1942447e-03  -2.7668677e-03  -2.2969572e-03
   2.3406700e-04  -7.9725717e-04  -2.7631198e-03  -2.4020467e-03
  -5.8295566e-05  -7.6729585e-04  -4.3447374e-03  -2.3044636e-03
