  -2.1572156e-04  -8.1972816e-04  -2.1454170e-04  -1.8690927e-03
   4.2906860e-05  -6.9613771e-04  -1.5902521e-05  -1.7677564e-03
  -4.7050852e-05  -7.7104101e-04  -2.3702915e-04  -1.9591695e-03
  -3.0567927e-04  -9.0961212e-04  -4.9633702e-05  -2.0755186e-03
  -1.7064948e-05  -9.3957344e-04  -2.4827288e-04  -1.7752628e-03
  -2.3821099e-04  -8.2347332e-04  -1.0960025e-04  -1.8015352e-03
  -4.0688170e-04  -7.4482486e-04  -9.4608610e-05  -1.8653395e-03
  -2.3821099e-04  -6.9239255e-04  -1.3208770e-04  -1.7489904e-03
  -4.1812641e-04  -1.0294574e-03   1.0028266e-04  -1.9253907e-03
  -3.1317575e-04  -1.0706542e-03  -9.1088500e-07  -1.7865224e-03
  -2.1572156e-04  -7.7478618e-04  -2.1828961e-04  -1.7227181e-03
  -2.6070042e-04  -9.2833794e-04  -1.7706261e-04  -1.7564968e-03
  -2.3446275e-04  -9.3957344e-04  -9.1088500e-07  -1.5725902e-03
  -1.7823918e-04  -8.7216047e-04  -1.0585234e-04  -1.7865224e-03
  -2.4570747e-04  -7.7853134e-04  -2.0704588e-04  -1.7452372e-03
  -2.4945570e-04  -6.2123441e-04  -3.6445806e-04  -1.7001989e-03
  -3.6190284e-04  -1.0332026e-03  -7.9616974e-05  -1.7452372e-03
  -3.0942751e-04  -1.1006155e-03   2.2396365e-04  -1.5650838e-03
   1.7784343e-04  -7.3733453e-04  -1.9580215e-04  -1.7790160e-03
  -9.5684720e-06  -8.0474750e-04  -2.1079379e-04  -1.7114585e-03
  -2.0822509e-04  -7.1111837e-04   5.1559841e-05  -1.5688370e-03
  -1.7074271e-04  -8.0849266e-04   1.0332842e-05  -1.7039521e-03
  -1.8573566e-04  -9.0586695e-04  -7.5869065e-05  -1.6439009e-03
  -3.9554376e-05  -7.1860870e-04  -1.2084397e-04  -1.6739265e-03
  -2.1197332e-04  -8.4219915e-04  -1.9580215e-04  -1.7940288e-03
  -6.2043804e-05  -6.3996024e-04  -2.6326452e-04  -1.8578331e-03
   1.0287867e-04  -7.5980552e-04  -1.7331470e-04  -1.8127948e-03
  -8.4533232e-05  -1.0743994e-03  -1.9650430e-05  -1.9366503e-03
  -9.5684720e-06  -8.4594431e-04  -1.0960025e-04  -1.9554163e-03
  -4.3302614e-05  -9.1335728e-04  -1.8081052e-04  -1.6063689e-03
  -9.2029708e-05  -8.0474750e-04  -1.5082725e-04  -1.8878587e-03
  -1.8573566e-04  -6.2497958e-04  -1.5457515e-04  -2.0905314e-03
  -3.6565108e-04  -8.0100233e-04  -1.0210443e-04  -1.9404035e-03
  -3.0567927e-04  -8.0849266e-04  -6.8373247e-05  -2.1318165e-03
  -2.3071451e-04  -8.4594431e-04   1.4080751e-05  -2.1243101e-03
  -5.0799090e-05  -7.3733453e-04  -7.2121156e-05  -2.0267270e-03
  -4.3302614e-05  -8.1972816e-04  -1.5082725e-04  -2.0567526e-03
  -2.3446275e-04  -1.0931252e-03  -2.3398339e-05  -2.1243101e-03
  -1.6324623e-04  -9.1710245e-04  -4.2137884e-05  -2.0379866e-03
  -1.0702266e-04  -7.9725717e-04  -1.9580215e-04  -2.2556720e-03
  -8.8281470e-05  -6.7366672e-04  -1.9955006e-04  -2.5183958e-03
  -2.0072861e-04  -7.5606035e-04  -2.2203752e-04  -2.5446682e-03
  -2.4945570e-04  -8.8339596e-04  -1.2833979e-04  -2.5108894e-03
  -9.2029708e-05  -8.4594431e-04   4.7811932e-05  -2.2969572e-03
  -8.8281470e-05  -8.6092497e-04  -1.6207097e-04  -2.4620979e-03
  -3.5806138e-05  -7.7104101e-04  -1.3208770e-04  -2.4583447e-03
  -2.4195923e-04  -8.6467014e-04  -1.5902521e-05  -2.3344892e-03
  -2.3821099e-04  -7.9725717e-04  -8.7112792e-05  -2.4245659e-03
  -2.8309662e-05  -8.6092497e-04  -6.8373247e-05  -2.4545915e-03
  -2.0072861e-04  -9.9949608e-04  -1.6581888e-04  -2.5334086e-03
  -1.5200152e-04  -8.0849266e-04  -8.7112792e-05  -2.6797833e-03
  -1.7449094e-04  -8.3845398e-04  -1.9650430e-05  -2.7398344e-03
  -2.0072861e-04  -9.3582827e-04  -8.7112792e-05  -2.6309917e-03
  -1.2576385e-04  -7.4107969e-04  -1.1709606e-04  -2.7210685e-03
  -4.4811232e-04  -8.3470882e-04  -1.0210443e-04  -2.8111452e-03
  -3.2442046e-04  -8.8339596e-04  -7.5869065e-05  -2.6610173e-03
   2.6030466e-04  -6.2123441e-04  -7.2121156e-05  -2.5446682e-03
   5.4151574e-05  -8.1598299e-04   2.5324478e-05  -2.5071362e-03
  -1.8573566e-04  -6.7741189e-04   2.1576569e-05  -2.3082168e-03
  -2.4561424e-05  -6.3621507e-04  -5.7129520e-05  -2.2143869e-03
  -2.0719960e-06  -8.7965080e-04   1.0028266e-04  -2.4470851e-03
  -9.2029708e-05  -5.9127309e-04   9.6534749e-05  -2.4583447e-03
  -2.3446275e-04  -7.0362804e-04  -1.1334816e-04  -2.2631784e-03
  -5.4547328e-05  -8.7590563e-04   1.7828660e-05  -2.1918677e-03
   1.3661281e-04  -5.3135045e-04   1.0028266e-04  -2.1393229e-03
   1.0287867e-04  -7.2235387e-04  -4.9633702e-05  -2.1055441e-03
   2.0417432e-05  -8.9837662e-04   1.7828660e-05  -2.3082168e-03
  -1.5949799e-04  -5.8752793e-04   1.5650129e-04  -2.2444124e-03
  -1.7823918e-04  -7.9725717e-04   5.1559841e-05  -1.9816886e-03
  -1.2576385e-04  -8.8339596e-04  -1.9650430e-05  -2.1505825e-03
  -4.3302614e-05  -6.7741189e-04   3.2820296e-05  -2.3307360e-03
  -2.8309662e-05  -6.3996024e-04  -4.9633702e-05  -2.2369060e-03
  -1.7074271e-04  -6.5868606e-04  -1.5832306e-04  -1.9779355e-03
  -7.3288518e-05  -6.2123441e-04  -2.6326452e-04  -2.0379866e-03
   9.9130430e-05  -5.8378276e-04  -2.5576870e-04  -2.0529994e-03
   1.3661281e-04  -9.0961212e-04   1.0403057e-04  -1.8015352e-03
  -6.9540280e-05  -1.0069864e-03  -3.0894157e-05  -1.9028715e-03
  -1.4450504e-04  -7.2609903e-04  -2.7825615e-04  -1.9854418e-03
  -2.0822509e-04  -6.6992156e-04  -1.4707934e-04  -2.1092973e-03
  -2.0822509e-04  -8.1598299e-04  -3.0823942e-04  -2.0417398e-03
   5.7899812e-05  -8.6841530e-04  -1.3583561e-04  -1.8240544e-03
  -2.1197332e-04  -7.3358936e-04  -2.2578543e-04  -2.0079610e-03
  -3.0942751e-04  -8.4594431e-04  -2.7450824e-04  -1.9291439e-03
  -1.6699447e-04  -9.9575091e-04  -8.7112792e-05  -1.9028715e-03
  -1.8948390e-04  -8.6092497e-04  -2.2953333e-04  -1.9891950e-03
  -2.4945570e-04  -7.8602167e-04  -1.2833979e-04  -1.8503268e-03
  -2.4945570e-04  -9.0961212e-04  -2.2953333e-04  -1.9479099e-03
  -2.6070042e-04  -1.0369477e-03  -2.2953333e-04  -1.7865224e-03
  -2.7569337e-04  -1.0369477e-03  -5.7129520e-05  -1.8728459e-03
  -6.5792042e-05  -1.0706542e-03  -2.4077706e-04  -2.0492462e-03
  -2.3821099e-04  -8.3845398e-04  -3.0449151e-04  -1.8728459e-03
  -2.4570747e-04  -8.1223783e-04  -1.0585234e-04  -1.8503268e-03
  -2.7569337e-04  -9.8826058e-04  -3.0449151e-04  -1.7977820e-03
  -2.9818280e-04  -8.0849266e-04  -2.8575197e-04  -1.8991183e-03
   2.4165670e-05  -9.0586695e-04  -1.5457515e-04  -1.7452372e-03
  -2.5320394e-04  -8.9837662e-04  -2.3328124e-04  -1.7790160e-03
  -2.4570747e-04  -9.3582827e-04  -5.3381611e-05  -1.9216375e-03
   1.6669194e-05  -9.9949608e-04  -2.4077706e-04  -1.7264713e-03
  -1.5200152e-04  -6.2872474e-04  -9.1088500e-07  -1.6964457e-03
  -3.2057900e-05  -7.7478618e-04   4.0316114e-05  -1.3886835e-03
   1.2920956e-05  -1.0069864e-03  -2.4452497e-04  -1.2085301e-03
  -8.4533232e-05  -8.5343464e-04  -5.3381611e-05  -1.5613306e-03
  -2.0813186e-05  -7.3358936e-04  -2.0329797e-04  -1.8578331e-03
  -3.2057900e-05  -7.5606035e-04  -1.2459188e-04  -1.7302244e-03
   1.6285048e-04  -9.6578959e-04  -3.8389975e-05  -1.6476541e-03
  -1.4825328e-04  -8.8339596e-04   5.5307750e-05  -1.8953651e-03
  -4.8934294e-04  -7.0362804e-04  -1.0210443e-04  -1.8690927e-03
   7.2892764e-05  -7.5231519e-04  -2.1828961e-04  -1.7227181e-03
   4.2906860e-05  -7.2235387e-04   2.5324478e-05  -1.8916119e-03
  -1.2201561e-04  -8.0849266e-04  -2.4452497e-04  -1.9891950e-03
  -1.8948390e-04  -9.3957344e-04  -1.4333143e-04  -1.8615863e-03
  -3.3941342e-04  -9.5080893e-04  -1.2459188e-04  -1.7865224e-03
   5.4244800e-06  -7.5606035e-04  -9.0860701e-05  -1.9779355e-03
  -2.2321804e-04  -7.1111837e-04   5.5307750e-05  -2.1543357e-03
  -3.6939932e-04  -8.9837662e-04  -1.4707934e-04  -1.9554163e-03
  -1.0702266e-04  -7.4482486e-04  -3.8389975e-05  -2.2331528e-03
  -2.4561424e-05  -8.1972816e-04  -1.9580215e-04  -2.4320723e-03
  -1.7074271e-04  -7.4107969e-04  -2.3702915e-04  -2.0342334e-03
  -1.7823918e-04  -6.8490222e-04  -2.3398339e-05  -2.2406592e-03
  -1.1826737e-04  -9.1335728e-04   2.9072387e-05  -2.2481656e-03
  -2.5695218e-04  -6.6243123e-04  -3.4642066e-05  -2.0229738e-03
   5.7899812e-05  -8.8339596e-04  -2.1454170e-04  -2.2894508e-03
  -1.2951209e-04  -8.6467014e-04  -1.5082725e-04  -2.2744380e-03
  -1.5200152e-04  -4.9389880e-04  -1.1709606e-04  -2.5521746e-03
  -2.0719960e-06  -8.4594431e-04  -9.8356519e-05  -2.8486772e-03
  -2.6070042e-04  -9.1710245e-04  -9.4608610e-05  -2.2444124e-03
   1.1412338e-04  -6.2123441e-04  -2.1454170e-04  -2.2031273e-03
  -5.0799090e-05  -5.9501826e-04  -1.5457515e-04  -2.6722769e-03
  -2.0822509e-04  -1.0332026e-03  -1.6956679e-04  -2.6047194e-03
   6.1648050e-05  -1.1081059e-03  -1.6956679e-04  -2.7098089e-03
   5.0403336e-05  -6.2123441e-04  -8.7112792e-05  -2.7661068e-03
  -5.8295566e-05  -6.8115705e-04  -3.1573524e-04  -2.5559278e-03
  -2.6444866e-04  -8.5343464e-04  -2.0704588e-04  -2.6347449e-03
  -2.6819689e-04  -8.1598299e-04  -7.9616974e-05  -2.8073920e-03
  -4.6685351e-04  -8.5343464e-04  -1.5082725e-04  -2.7961324e-03
  -9.5777946e-05  -8.7216047e-04   9.2786840e-05  -2.6722769e-03
   2.1532581e-04  -8.8339596e-04  -2.3398339e-05  -2.6309917e-03
  -1.2576385e-04  -7.1486354e-04  -1.0960025e-04  -2.7510940e-03
  -3.5806138e-05  -6.0999892e-04  -1.9955006e-04  -2.6760301e-03
  -1.4825328e-04  -7.1486354e-04  -1.0210443e-04  -2.3344892e-03
   3.5410384e-05  -8.0849266e-04   2.4270320e-04  -2.2181401e-03
   1.5160576e-04  -6.2123441e-04   2.8370240e-06  -2.1956209e-03
   5.0403336e-05  -5.1636979e-04  -4.9633702e-05  -2.2293996e-03
   9.5382192e-05  -8.7590563e-04   2.1576569e-05  -2.3607615e-03
  -2.1946980e-04  -6.2497958e-04  -2.7146248e-05  -2.3044636e-03
   1.1037514e-04  -6.0999892e-04  -1.3958352e-04  -2.3044636e-03
   2.4531171e-04  -7.3733453e-04  -4.9633702e-05  -2.1505825e-03
  -1.2951209e-04  -2.8416956e-04   2.4645111e-04  -2.1055441e-03
  -1.3326033e-04  -6.6617639e-04  -9.1088500e-07  -2.2894508e-03
  -9.2029708e-05  -6.8115705e-04   4.0316114e-05  -2.0379866e-03
  -1.7449094e-04  -5.2760529e-04  -8.4067030e-06  -2.1993741e-03
  -3.1317575e-04  -6.0625375e-04  -2.3398339e-05  -2.1205569e-03
  -1.6699447e-04  -7.1111837e-04  -7.2121156e-05  -1.9816886e-03
   4.2906860e-05  -9.1335728e-04  -1.2459188e-04  -2.4283191e-03
  -2.8309662e-05  -3.9652451e-04  -2.7146248e-05  -2.1806081e-03
  -2.4570747e-04  -7.2609903e-04  -2.4452497e-04  -1.9779355e-03
  -9.5777946e-05  -9.2459278e-04   9.2786840e-05  -2.0117142e-03
   5.0403336e-05  -7.1111837e-04  -4.5815578e-04  -2.0492462e-03
  -1.5200152e-04  -1.0069864e-03   1.9854809e-03  -1.6889393e-03
   4.6655098e-05  -8.1223783e-04   5.0175393e-03  -1.4074495e-03
  -4.2562289e-04  -8.6092497e-04   5.9507686e-03  -1.5538242e-03
  -1.1752705e-03  -8.0474750e-04   5.5909693e-03  -1.7339776e-03
  -1.1640258e-03  -9.0212179e-04   4.1405286e-03  -1.7414840e-03
  -9.3163502e-04  -1.0931252e-03   5.1299765e-03  -1.5350582e-03
  -1.0290892e-03  -8.0849266e-04   3.7544939e-03  -1.9141311e-03
  -1.5500943e-03  -9.9200575e-04   7.8359668e-03  -4.6164386e-04
  -9.2788678e-04  -8.0100233e-04   1.1418968e-02   1.5763364e-04
  -1.3814236e-03  -7.2235387e-04   8.6605068e-03  -1.7189649e-03
  -3.0718789e-03  -1.1642833e-03   3.9681247e-03  -2.1655953e-03
  -3.3529968e-03  -1.1867543e-03  -3.3440457e-03  -2.1618421e-03
  -1.9061769e-03  -1.0332026e-03  -1.3801414e-03  -1.9666759e-03
   3.0528352e-04  -6.4745057e-04   1.5956983e-03  -1.9328971e-03
   3.5401061e-04  -3.0664055e-04  -1.1215357e-03  -2.3720211e-03
  -1.0327442e-04  -5.6505694e-04  -7.6354015e-03  -1.3023600e-03
   5.4151574e-05  -1.2242060e-03  -1.0693695e-02  -2.2894565e-04
  -3.5806138e-05  -1.3702674e-03  -7.6316536e-03  -1.3361388e-03
  -1.1377881e-03  -1.2242060e-03  -8.1188818e-03  -1.9178843e-03
  -1.7262615e-03  -1.3365609e-03  -1.0821124e-02  -1.0584022e-03
   7.7756151e-04  -1.5163288e-03  -1.1248386e-02  -9.9459784e-04
   4.9269542e-04  -1.5050934e-03  -7.1781566e-03  -1.8090416e-03
  -2.9706765e-03  -1.1006155e-03  -4.3447374e-03  -2.8073920e-03
  -3.1468437e-03  -9.0212179e-04  -4.1498461e-03  -2.7098089e-03
  -6.4302069e-04  -7.8976684e-04  -5.1467899e-03  -2.2969572e-03
   1.1111547e-03  -8.1598299e-04  -4.6483180e-03  -2.7698600e-03
  -2.8318985e-04  -8.4968948e-04  -3.7750552e-03  -3.0063114e-03
  -2.0448617e-03  -5.2760529e-04  -4.4646705e-03  -2.7773664e-03
   8.6377098e-04  -8.0100233e-04  -3.5764161e-03  -2.5409150e-03
   4.1397310e-03  -9.3582827e-04  -3.2728354e-03  -1.9779355e-03
   3.6974389e-03  -5.2760529e-04  -1.4813349e-03  -1.5425646e-03
   2.2018919e-03  -3.5532770e-04   1.8505562e-03  -1.7902756e-03
   2.3443250e-03  -4.6768265e-04   4.5790339e-03  -1.8690927e-03
   4.1247380e-03  -8.5717981e-04   6.3705344e-03  -1.8728459e-03
   3.5437612e-03  -7.9725717e-04   6.3630386e-03  -2.0605058e-03
   1.2236018e-03  -6.4370540e-04   5.9957435e-03  -2.1843613e-03
   7.6641002e-05  -6.9239255e-04   6.4567363e-03  -2.5859534e-03
   1.6696422e-03  -6.0999892e-04   6.6141485e-03  -2.8224048e-03
   1.8083270e-03  -7.4107969e-04   5.0662621e-03  -2.7173153e-03
   5.7140842e-04  -5.1262463e-04   3.3684593e-03  -2.5183958e-03
   8.7885716e-05  -4.2648583e-04   1.9442539e-03  -2.0042078e-03
  -7.3672664e-04  -1.0107316e-03   2.0229600e-03  -1.9816886e-03
   3.0714832e-03  -1.2504221e-03   2.6900878e-03  -2.2744380e-03
   5.1143661e-04  -9.2833794e-04   5.9500665e-04  -1.9328971e-03
   1.6059221e-03  -6.2123441e-04  -2.1709502e-03  -1.4675007e-03
  -5.9429360e-04  -6.1374408e-04  -2.1522107e-03  -1.8015352e-03
   2.7913908e-05  -9.0212179e-04  -1.5637889e-03  -2.6572641e-03
   1.4323694e-02  -1.1493027e-03  -2.3620936e-03  -2.7586004e-03
  -9.6162092e-04  -8.7590563e-04  -3.5164495e-03  -2.6122257e-03
  -9.3464293e-03  -7.2984420e-04  -3.8312739e-03  -2.9800391e-03
  -5.3620523e-03  -6.8490222e-04  -1.7286969e-03  -3.6218357e-03
  -4.8560402e-03  -5.0513430e-04  -3.4452393e-03  -3.3365928e-03
   3.7873966e-03  -5.9876342e-04  -6.1100026e-03  -2.3982935e-03
  -8.6041850e-04  -5.9127309e-04  -5.0980671e-03  -2.7736132e-03
  -5.6430770e-04  -5.8752793e-04  -3.3740290e-03  -3.1526861e-03
  -1.8424569e-03  -5.6880210e-04  -4.1648378e-03  -2.6572641e-03
  -3.5104228e-03  -8.4594431e-04  -7.1481733e-03  -2.2519188e-03
   3.4463070e-03  -7.8227651e-04  -6.7658866e-03  -2.1055441e-03
   3.3901766e-04  -5.6131177e-04  -5.1018150e-03  -2.7848728e-03
  -3.5216675e-03  -7.1486354e-04  -2.8830529e-03  -3.4116567e-03
  -7.7795726e-04  -3.6656319e-04  -3.7188366e-03  -2.9274943e-03
   8.2628860e-04  -8.6467014e-04  -3.6213910e-03  -2.8261580e-03
  -9.9526184e-05  -8.3470882e-04  -1.0390817e-03  -3.2239969e-03
  -1.4338989e-03  -5.0138913e-04  -2.3398339e-05  -3.1564393e-03
   2.6405290e-04  -9.2459278e-04  -1.9955006e-04  -2.9049751e-03
   1.0924135e-03  -7.2235387e-04  -5.5560142e-04  -2.2781912e-03
  -6.4302069e-04  -1.0444381e-03   1.5057485e-03  -2.2068805e-03
   1.8682988e-03  -7.7104101e-04   1.4907569e-03  -2.5596810e-03
   1.0137005e-03  -7.4857002e-04   1.8168250e-03  -2.0642590e-03
  -3.7314756e-04  -1.1717737e-03   2.4539695e-03  -1.8127948e-03
   2.7341417e-03  -8.6841530e-04   3.4509133e-03  -2.0042078e-03
   2.3368285e-03  -1.0257122e-03   4.0693183e-03  -2.0905314e-03
  -1.3316710e-05  -7.2609903e-04   3.3722072e-03  -2.0905314e-03
  -1.2951209e-04  -7.8227651e-04   3.9831164e-03  -2.0605058e-03
   8.0005094e-04  -9.7702509e-04   3.1585764e-03  -2.2218933e-03
  -4.5560879e-04  -6.6992156e-04   2.1353972e-03  -2.1393229e-03
   3.3901766e-04  -8.5343464e-04   2.0716828e-03  -2.1430761e-03
  -9.2413854e-04  -8.3845398e-04   2.3640197e-03  -2.2932040e-03
  -4.3302614e-05  -8.0100233e-04   1.2996135e-03  -2.1017910e-03
   6.5761789e-04  -8.9463146e-04  -2.1454170e-04  -1.7564968e-03
  -2.2810007e-03  -6.9613771e-04  -2.5576870e-04  -1.4074495e-03
   3.2701398e-03  -4.7517298e-04  -2.4077706e-04  -1.5538242e-03
  -1.7037720e-03  -7.9725717e-04  -5.9308051e-04  -1.8578331e-03
   4.0648595e-04  -1.0706542e-03  -9.3788814e-04  -1.9103779e-03
   5.4066354e-03  -7.7104101e-04  -8.4793832e-04  -2.1355697e-03
  -5.0284592e-03  -6.5868606e-04  -6.9802196e-04  -2.2481656e-03
  -2.5096432e-03  -6.9613771e-04  -1.5338057e-03  -2.0905314e-03
  -1.5688355e-03  -8.7216047e-04  -1.3876372e-03  -1.8653395e-03
  -1.5163601e-03  -1.0369477e-03  -9.4913186e-04  -2.0229738e-03
   5.1143661e-04  -1.1155962e-03  -1.4550996e-03  -1.8953651e-03
  -1.6775344e-03  -8.4968948e-04  -1.8298905e-03  -1.5275518e-03
  -5.8304889e-04  -6.5868606e-04  -1.4438559e-03  -1.9028715e-03
  -8.3792907e-04  -8.7590563e-04  -6.7178660e-04  -1.7602500e-03
  -3.2442046e-04  -7.5980552e-04  -1.3576539e-03  -1.6701733e-03
  -4.3302614e-05  -1.0481832e-03  -1.0540733e-03  -1.6401477e-03
  -5.5306298e-04  -8.1223783e-04  -2.3702915e-04  -1.4937730e-03
  -9.4287973e-04  -5.8378276e-04   2.5394693e-04  -2.0192206e-03
  -7.4422312e-04  -9.7327992e-04   8.7984773e-04  -1.8240544e-03
  -3.2442046e-04  -8.6092497e-04   9.9978082e-04  -1.7077053e-03
   1.8533990e-04  -9.1335728e-04   1.5769588e-03  -1.9216375e-03
   6.9144526e-05  -6.5119573e-04   1.6968919e-03  -1.9554163e-03
  -5.3807003e-04  -8.9837662e-04   1.5132444e-03  -1.8240544e-03
   2.3406700e-04  -1.1193414e-03   1.2846219e-03  -1.4750071e-03
  -8.0784994e-05  -8.7965080e-04   7.8615000e-04  -1.7077053e-03
  -2.5695218e-04  -1.1605382e-03   8.1238537e-04  -1.6213817e-03
   2.0782933e-04  -8.8339596e-04   1.2771261e-03  -1.2986068e-03
  -4.3302614e-05  -8.8714113e-04   1.0410078e-03  -1.2798408e-03
  -4.3302614e-05  -9.6953476e-04   4.6008192e-04  -1.2460620e-03
  -2.4945570e-04  -9.6204443e-04   6.3623364e-04  -1.3098664e-03
  -6.6551012e-04  -1.1268317e-03   8.3112491e-04  -1.3286324e-03
  -8.0794317e-04  -9.1710245e-04   7.9364582e-04  -1.7339776e-03
  -8.2293612e-04  -1.1642833e-03   6.3623364e-04  -1.8953651e-03
  -6.2802774e-04  -1.0893800e-03   7.5616673e-04  -1.7940288e-03
  -1.1902634e-03  -9.5455410e-04   9.0983100e-04  -1.9366503e-03
  -9.7661388e-04  -9.8451542e-04   4.6382983e-04  -1.8765991e-03
  -5.2682532e-04  -7.1111837e-04   5.0130892e-04  -1.8878587e-03
  -1.0553269e-03  -6.6617639e-04   4.7882147e-04  -1.5538242e-03
  -3.3566518e-04  -5.3884078e-04   5.4253592e-04  -1.6776797e-03
  -9.0164912e-04  -7.7478618e-04   7.8989791e-04  -1.7940288e-03
  -1.5500943e-03  -1.2391866e-03   5.5752756e-04  -1.4900198e-03
  -9.7286564e-04  -1.1343220e-03   6.3623364e-04  -1.9929482e-03
   1.7409519e-04  -9.0961212e-04   9.1732682e-04  -1.9967014e-03
  -1.0440822e-03  -8.7590563e-04   9.3606636e-04  -2.0492462e-03
  -2.9481871e-03  -6.2872474e-04   6.4747737e-04  -2.2519188e-03
   1.3585384e-03  -6.8864738e-04   6.3623364e-04  -2.0154674e-03
   2.3068426e-03  -7.7104101e-04   9.6604964e-04  -2.1318165e-03
  -6.3927246e-04  -7.2984420e-04   1.0035287e-03  -1.9779355e-03
  -2.5696150e-03  -8.7965080e-04   6.8870437e-04  -2.0304802e-03
  -2.3784549e-03  -7.5980552e-04   5.1255265e-04  -2.3870339e-03
   7.9255446e-04  -8.6841530e-04   4.3384656e-04  -2.4658511e-03
   3.3526942e-04  -6.2872474e-04   1.8273666e-04  -2.2819444e-03
  -5.4181827e-04  -4.1525034e-04   1.9772829e-04  -2.0755186e-03
  -7.5546783e-04  -8.4219915e-04   9.7729336e-04  -2.2819444e-03
  -1.4563883e-03  -9.8451542e-04   1.1534451e-03  -2.4395787e-03
  -1.0965575e-03  -1.0444381e-03   7.9364582e-04  -2.4958766e-03
  -7.8545374e-04  -1.0257122e-03   6.3248574e-04  -2.3532552e-03
  -2.2321804e-04  -8.1598299e-04   7.9364582e-04  -2.3607615e-03
  -1.7449094e-04  -6.9613771e-04   1.3108573e-03  -2.4470851e-03
  -3.5065813e-04  -8.3845398e-04   1.1984200e-03  -2.5183958e-03
  -2.8318985e-04  -9.6953476e-04   1.3221010e-03  -2.8561835e-03
  -4.3686760e-04  -7.6355068e-04   1.0559995e-03  -2.4545915e-03
  -6.8050307e-04  -1.0481832e-03   1.0934785e-03  -2.3570083e-03
  -4.9309117e-04  -1.1867543e-03   1.3071094e-03  -2.5559278e-03
  -1.5949799e-04  -6.0999892e-04   9.2482264e-04  -2.2781912e-03
   2.9029057e-04  -8.3845398e-04   1.1534451e-03  -2.2256465e-03
   2.1532581e-04  -9.3208311e-04   1.0447557e-03  -1.9891950e-03
  -4.7060175e-04  -7.8602167e-04   1.2808740e-03  -2.1543357e-03
  -4.1062994e-04  -1.0032412e-03   1.2958656e-03  -2.3795275e-03
  -6.0179008e-04  -7.7104101e-04   7.2993137e-04  -2.2444124e-03
  -5.3057355e-04  -9.6204443e-04   5.3504010e-04  -2.1017910e-03
  -1.3316710e-05  -9.2459278e-04   6.2124201e-04  -1.9704291e-03
  -1.2201561e-04  -7.2984420e-04   4.2635074e-04  -2.2331528e-03
   4.2906860e-05  -7.5980552e-04  -1.0210443e-04  -2.1168037e-03
  -1.1077090e-04  -6.5119573e-04  -1.8455843e-04  -1.9178843e-03
  -3.9938522e-04  -8.4968948e-04  -3.0074361e-04  -1.9404035e-03
  -3.8439227e-04  -6.9988288e-04  -1.9205424e-04  -1.9328971e-03
  -3.9938522e-04  -8.9088629e-04  -4.5815578e-04  -2.1318165e-03
  -8.0784994e-05  -7.4482486e-04  -6.4555123e-04  -2.1655953e-03
   3.1662146e-05  -5.3135045e-04  -2.6701242e-04  -1.9891950e-03
  -1.4075680e-04  -1.1867543e-03  -1.5832306e-04  -2.1468293e-03
  -2.3446275e-04  -7.4857002e-04  -1.2459188e-04  -2.1130505e-03
  -3.4690989e-04  -5.4258595e-04  -1.5082725e-04  -1.7527436e-03
  -3.2816870e-04  -8.3470882e-04  -6.0877429e-05  -2.1806081e-03
  -1.9323213e-04  -5.1636979e-04  -2.2578543e-04  -2.1881145e-03
  -1.7823918e-04  -7.0737321e-04  -2.7825615e-04  -2.0717654e-03
   9.9130430e-05  -6.7366672e-04  -2.9699570e-04  -2.2181401e-03
   1.4785752e-04  -6.8490222e-04  -7.5869065e-05  -1.8803523e-03
  -1.3316710e-05  -1.0818897e-03  -1.1709606e-04  -2.0830250e-03
   1.4410929e-04  -1.0032412e-03  -5.8558469e-04  -2.1393229e-03
  -3.2057900e-05  -9.5455410e-04  -7.2121156e-05  -1.8540799e-03
  -7.7036756e-05  -8.8714113e-04  -9.1088500e-07  -1.7452372e-03
   8.7885716e-05  -8.0100233e-04  -9.4608610e-05  -1.8841055e-03
   1.7784343e-04  -7.8227651e-04   1.1152638e-04  -2.0717654e-03
   1.3286457e-04  -7.5231519e-04  -1.6956679e-04  -1.9629227e-03
   6.5396288e-05  -1.0332026e-03  -2.4077706e-04  -2.0867782e-03
   2.8279409e-04  -1.0669090e-03  -2.8200406e-04  -1.8578331e-03
   5.4151574e-05  -9.3582827e-04  -2.7450824e-04  -1.8015352e-03
  -5.0799090e-05  -1.1567930e-03  -2.7825615e-04  -2.1430761e-03
   3.2402471e-04  -1.0968704e-03  -4.7689533e-04  -1.7227181e-03
   1.3286457e-04  -9.1335728e-04  -5.0313069e-04  -1.7264713e-03
  -1.1451914e-04  -9.7327992e-04  -9.0415695e-04  -1.9666759e-03
   1.5535400e-04  -9.2459278e-04  -9.4538395e-04  -1.9929482e-03
   1.2911633e-04  -9.6578959e-04  -6.9052614e-04  -2.0529994e-03
  -5.4547328e-05  -9.7702509e-04  -1.2414688e-03  -1.6739265e-03
  -2.4570747e-04  -8.3470882e-04  -1.2189813e-03  -1.9141311e-03
  -3.0567927e-04  -8.6092497e-04  -1.0240900e-03  -2.0342334e-03
   2.6780114e-04  -7.5980552e-04  -1.2677041e-03  -1.7227181e-03
   2.3781524e-04  -7.0362804e-04  -1.4513517e-03  -1.8240544e-03
  -2.0072861e-04  -8.9837662e-04  -1.6087638e-03  -1.6101221e-03
  -1.4825328e-04  -9.1710245e-04  -1.5787806e-03  -1.4862666e-03
  -1.1826737e-04  -7.1111837e-04  -1.7961593e-03  -1.8015352e-03
   2.4531171e-04  -6.4370540e-04  -1.5075703e-03  -1.8315608e-03
   4.6270952e-04  -8.4968948e-04  -9.4163604e-04  -1.7977820e-03
   2.6780114e-04  -6.1748925e-04  -1.0990482e-03  -2.0229738e-03
   1.5160576e-04  -4.0401484e-04  -1.0540733e-03  -1.8428204e-03
   1.9658462e-04  -8.0100233e-04  -7.6548432e-04  -1.9441567e-03
   5.6016370e-04  -1.0743994e-03  -6.7553451e-04  -2.1956209e-03
   3.1278000e-04  -9.6953476e-04  -6.9427405e-04  -1.9891950e-03
  -3.9554376e-05  -8.2721849e-04  -7.3550105e-04  -2.0867782e-03
   1.9658462e-04  -7.4482486e-04  -7.2050941e-04  -1.9629227e-03
   1.2911633e-04  -6.8490222e-04  -8.7792159e-04  -2.0605058e-03
   1.5910224e-04  -7.2609903e-04  -9.7161932e-04  -2.2031273e-03
   2.3781524e-04  -8.1223783e-04  -9.2664441e-04  -2.0942846e-03
   1.5910224e-04  -8.6841530e-04  -7.8047596e-04  -2.3007104e-03
   8.0389240e-05  -8.7590563e-04  -1.0390817e-03  -2.1731017e-03
  -9.5777946e-05  -8.4968948e-04  -1.5862764e-03  -2.0717654e-03
  -5.0799090e-05  -8.1223783e-04  -1.3913851e-03  -2.2631784e-03
   2.3406700e-04  -9.4706377e-04  -1.2939395e-03  -2.3232296e-03
   3.1652823e-04  -8.6092497e-04  -1.2489646e-03  -2.2556720e-03
   1.1787162e-04  -8.0100233e-04  -1.0653170e-03  -2.3082168e-03
   2.0033286e-04  -8.0849266e-04  -1.1665106e-03  -2.6122257e-03
   2.2282228e-04  -5.6880210e-04  -6.9802196e-04  -2.7435876e-03
  -2.8309662e-05  -8.2347332e-04  -8.1795505e-04  -2.5033830e-03
  -1.3700856e-04  -7.4107969e-04  -7.9171968e-04  -2.4470851e-03
  -3.5806138e-05  -5.2011496e-04  -2.5951661e-04  -2.6009662e-03
   3.0528352e-04  -8.5717981e-04  -4.9188696e-04  -2.4996298e-03
   2.5655643e-04  -7.5606035e-04  -2.8575197e-04  -2.6497577e-03
   1.1412338e-04  -7.0737321e-04  -3.7944969e-04  -2.7848728e-03
   2.3031876e-04  -8.1223783e-04  -1.6581888e-04  -2.5071362e-03
   2.0408109e-04  -5.9876342e-04   1.0403057e-04  -2.6647705e-03
   6.9144526e-05  -6.3621507e-04  -2.4827288e-04  -2.7548472e-03
  -8.0784994e-05  -1.0257122e-03   1.0332842e-05  -2.8224048e-03
   3.1662146e-05  -9.3957344e-04   2.5019902e-04  -2.9800391e-03
   1.8533990e-04  -7.1860870e-04   3.4764465e-04  -2.8411708e-03
   3.2402471e-04  -7.7478618e-04  -1.4333143e-04  -2.8261580e-03
   4.5146480e-04  -6.1374408e-04  -2.1454170e-04  -2.4733575e-03
   2.3406700e-04  -7.7478618e-04   1.4900547e-04  -2.3757743e-03
  -9.5684720e-06  -8.9088629e-04  -1.3208770e-04  -2.5484214e-03
   1.6285048e-04  -6.9239255e-04  -3.1573524e-04  -2.4658511e-03
   3.5026238e-04  -6.3246991e-04  -2.6701242e-04  -2.4470851e-03
   3.7275180e-04  -5.3884078e-04  -1.7331470e-04  -2.3157232e-03
   2.3031876e-04  -7.6355068e-04  -5.4060978e-04  -2.4283191e-03
   1.5160576e-04  -6.8864738e-04  -8.0296341e-04  -2.4133063e-03
   1.9658462e-04  -4.7517298e-04  -6.3430751e-04  -2.3082168e-03
  -2.0813186e-05  -5.1636979e-04  -6.0807214e-04  -2.2706848e-03
  -6.9540280e-05  -4.7517298e-04  -6.6803869e-04  -2.1205569e-03
  -1.7449094e-04  -8.1598299e-04  -6.3430751e-04  -2.1655953e-03
  -2.1946980e-04  -7.2984420e-04  -7.0551778e-04  -2.1655953e-03
  -3.2057900e-05  -5.5382144e-04  -8.4419041e-04  -2.3082168e-03
   1.4036105e-04  -6.0250859e-04  -7.0926569e-04  -2.1731017e-03
   2.0417432e-05  -6.3246991e-04  -7.9921550e-04  -2.1092973e-03
  -1.7823918e-04  -9.4331860e-04  -9.1914859e-04  -2.2181401e-03
  -3.4316165e-04  -9.0212179e-04  -6.7553451e-04  -1.8916119e-03
  -5.3057355e-04  -7.5606035e-04  -7.1676150e-04  -1.9328971e-03
  -2.8309662e-05  -4.7517298e-04  -8.4419041e-04  -2.0079610e-03
  -1.9698037e-04  -5.5382144e-04  -7.1301360e-04  -2.0117142e-03
   1.4672373e-03  -8.8339596e-04  -5.9308051e-04  -1.9141311e-03
   4.2784158e-03  -8.6841530e-04  -1.1334816e-04  -1.9366503e-03
   5.1518485e-04  -1.0406929e-03  -6.8373247e-05  -2.1430761e-03
  -4.9235085e-03  -9.1710245e-04  -1.7706261e-04  -2.0192206e-03
  -2.6745657e-03  -8.7590563e-04  -2.3398339e-05  -2.1543357e-03
  -1.2576385e-04  -9.5080893e-04  -2.3702915e-04  -1.9479099e-03
  -4.0313346e-04  -8.6841530e-04  -7.2121156e-05  -1.9066247e-03
