  -1.4825328e-04  -9.3208311e-04  -6.4625338e-05  -1.8465736e-03
  -5.8295566e-05  -7.4107969e-04  -1.8081052e-04  -1.8728459e-03
   1.0662691e-04  -8.8714113e-04  -2.8575197e-04  -2.1430761e-03
  -1.2951209e-04  -1.0406929e-03  -2.2578543e-04  -2.0417398e-03
  -2.9068632e-04  -6.6992156e-04  -3.0823942e-04  -1.9404035e-03
  -2.7569337e-04  -8.9088629e-04  -2.5951661e-04  -2.0942846e-03
   1.6669194e-05  -1.1155962e-03  -1.5082725e-04  -1.9554163e-03
  -3.9938522e-04  -9.9949608e-04   4.7811932e-05  -2.0379866e-03
  -4.7060175e-04  -9.5080893e-04  -2.5202079e-04  -2.2106337e-03
  -3.2057900e-05  -9.4331860e-04  -2.9324779e-04  -1.8841055e-03
  -5.4547328e-05  -1.0669090e-03  -8.3364883e-05  -1.9554163e-03
  -3.2442046e-04  -9.0212179e-04  -1.7331470e-04  -1.7677564e-03
  -2.9068632e-04  -7.8227651e-04  -8.3364883e-05  -1.8540799e-03
  -1.0327442e-04  -8.5717981e-04  -2.5576870e-04  -2.1243101e-03
  -3.0567927e-04  -1.0182219e-03  -1.8081052e-04  -1.7414840e-03
  -1.9698037e-04  -1.1792640e-03  -1.3208770e-04  -2.0492462e-03
  -2.7944161e-04  -9.6578959e-04  -4.2137884e-05  -2.1055441e-03
  -2.0822509e-04  -9.8451542e-04  -2.3328124e-04  -1.7227181e-03
  -1.3700856e-04  -8.9837662e-04  -4.6190369e-04  -1.7715096e-03
  -3.5065813e-04  -7.8602167e-04  -1.6207097e-04  -1.7640032e-03
  -2.0813186e-05  -9.0961212e-04  -4.0193715e-04  -1.7152117e-03
  -2.3071451e-04  -9.9575091e-04  -2.7825615e-04  -1.8465736e-03
  -2.4570747e-04  -7.9725717e-04  -5.7129520e-05  -1.6926925e-03
  -1.6324623e-04  -5.0887946e-04  -1.2833979e-04  -1.6288881e-03
  -1.5574975e-04  -8.0849266e-04  -6.8373247e-05  -1.9178843e-03
  -6.2043804e-05  -6.3996024e-04  -1.3958352e-04  -1.8991183e-03
  -1.3700856e-04  -5.5756661e-04  -1.8081052e-04  -2.0229738e-03
   2.1532581e-04  -7.9351200e-04  -2.6326452e-04  -1.7977820e-03
  -9.5777946e-05  -7.2984420e-04  -1.6956679e-04  -1.8240544e-03
  -4.7050852e-05  -9.3208311e-04  -2.7146248e-05  -2.1280633e-03
   1.6669194e-05  -8.5717981e-04   4.4064023e-05  -1.8315608e-03
  -9.5777946e-05  -8.4594431e-04  -3.4642066e-05  -1.9028715e-03
  -2.0813186e-05  -1.1118510e-03  -1.2833979e-04  -2.0342334e-03
  -3.5815461e-04  -8.7590563e-04  -1.6581888e-04  -2.1017910e-03
  -9.5777946e-05  -6.9613771e-04  -1.3958352e-04  -1.9516631e-03
  -3.2067223e-04  -8.1972816e-04  -3.4642066e-05  -1.9028715e-03
  -1.4825328e-04  -7.9725717e-04  -5.3381611e-05  -2.0830250e-03
   8.7885716e-05  -8.4968948e-04  -4.6587940e-06  -1.9779355e-03
  -2.0447685e-04  -6.5494090e-04  -1.6207097e-04  -2.3682679e-03
   4.6655098e-05  -8.1223783e-04  -3.0894157e-05  -2.2331528e-03
  -2.2696628e-04  -9.3582827e-04   8.9038931e-05  -1.8690927e-03
  -2.6819689e-04  -5.6505694e-04   4.0316114e-05  -2.2744380e-03
  -2.6819689e-04  -8.4968948e-04   6.2803568e-05  -2.1918677e-03
  -2.5320394e-04  -9.0586695e-04  -2.7076033e-04  -2.1881145e-03
   2.7913908e-05  -8.8339596e-04  -2.0704588e-04  -2.3720211e-03
  -1.5949799e-04  -9.5080893e-04  -1.8081052e-04  -2.2781912e-03
  -1.6324623e-04  -7.1860870e-04  -1.3583561e-04  -2.4733575e-03
  -1.0702266e-04  -6.9988288e-04  -2.1079379e-04  -2.4846170e-03
  -1.6699447e-04  -7.4482486e-04  -4.5065997e-04  -2.3495020e-03
  -2.1197332e-04  -8.8339596e-04   6.6551477e-05  -2.4771107e-03
  -2.3821099e-04  -7.9351200e-04   1.2651802e-04  -2.3645147e-03
  -5.4547328e-05  -8.6841530e-04  -7.2121156e-05  -2.3457488e-03
  -6.2043804e-05  -8.7590563e-04  -1.7706261e-04  -2.5596810e-03
  -2.1572156e-04  -5.7629243e-04  -1.4707934e-04  -2.3495020e-03
  -7.7036756e-05  -7.5980552e-04   2.2021575e-04  -2.2856976e-03
  -3.9554376e-05  -8.7216047e-04  -2.1828961e-04  -2.4658511e-03
  -1.9323213e-04  -8.3096365e-04  -1.7706261e-04  -2.5709406e-03
  -9.5777946e-05  -7.7478618e-04   1.0332842e-05  -2.5334086e-03
  -2.0813186e-05  -6.8490222e-04  -1.9580215e-04  -2.4921234e-03
  -2.0813186e-05  -8.0849266e-04   2.8018229e-04  -2.3907871e-03
   1.6659871e-04  -6.6617639e-04   8.9038931e-05  -2.2706848e-03
   2.8279409e-04  -4.6393748e-04  -1.0585234e-04  -2.4658511e-03
   9.5382192e-05  -5.9876342e-04   1.3026593e-04  -2.2369060e-03
   1.6762420e-06  -6.6992156e-04   7.7795204e-05  -2.2181401e-03
   1.0662691e-04  -8.0100233e-04  -8.4067030e-06  -2.2068805e-03
   8.7885716e-05  -7.8227651e-04  -1.2084397e-04  -1.9629227e-03
   2.4165670e-05  -6.0999892e-04  -2.7146248e-05  -2.3457488e-03
  -6.2043804e-05  -8.4594431e-04   7.0299386e-05  -2.1580889e-03
  -1.7823918e-04  -8.5343464e-04   1.1152638e-04  -1.9741823e-03
  -2.6070042e-04  -6.2497958e-04   5.9055659e-05  -2.2894508e-03
  -3.9554376e-05  -6.9988288e-04   2.5324478e-05  -2.1243101e-03
   9.1727180e-06  -8.3096365e-04   1.1152638e-04  -2.0605058e-03
  -2.3821099e-04  -7.9351200e-04   8.5291022e-05  -2.0942846e-03
  -3.2057900e-05  -6.8115705e-04  -1.2459188e-04  -2.0942846e-03
  -1.1826737e-04  -7.2609903e-04  -2.0329797e-04  -2.3157232e-03
  -1.5200152e-04  -7.7853134e-04  -7.5869065e-05  -2.2031273e-03
   1.9283638e-04  -6.2872474e-04  -1.2154612e-05  -1.9066247e-03
  -4.3302614e-05  -6.9988288e-04   5.1559841e-05  -1.9366503e-03
  -6.5792042e-05  -9.1335728e-04  -1.3208770e-04  -2.0567526e-03
   2.0417432e-05  -6.7366672e-04  -1.0585234e-04  -2.0717654e-03
  -2.4570747e-04  -6.7366672e-04  -3.0894157e-05  -2.0004546e-03
  -1.3326033e-04  -8.7216047e-04  -3.6820597e-04  -2.0042078e-03
  -1.2951209e-04  -7.3733453e-04  -2.2578543e-04  -2.1881145e-03
  -1.9698037e-04  -7.7104101e-04  -1.0960025e-04  -2.0229738e-03
  -1.3700856e-04  -6.9613771e-04  -1.0960025e-04  -1.8916119e-03
  -3.0567927e-04  -8.6092497e-04  -5.7129520e-05  -2.0830250e-03
  -2.9068632e-04  -1.1979898e-03  -2.1828961e-04  -1.9929482e-03
  -1.0327442e-04  -9.7702509e-04  -1.9205424e-04  -2.0267270e-03
  -5.8295566e-05  -7.6355068e-04  -2.8200406e-04  -2.0792718e-03
  -1.9698037e-04  -8.1223783e-04  -1.1709606e-04  -1.9591695e-03
  -3.0942751e-04  -9.8451542e-04   8.1543113e-05  -2.0042078e-03
  -3.4690989e-04  -9.7327992e-04   2.9072387e-05  -1.8428204e-03
  -2.0447685e-04  -8.2721849e-04  -1.2833979e-04  -1.5951094e-03
  -9.2029708e-05  -8.8339596e-04  -3.3822270e-04  -1.7564968e-03
  -1.6324623e-04  -9.2833794e-04  -6.4625338e-05  -2.0642590e-03
  -2.3446275e-04  -9.0961212e-04  -1.5832306e-04  -2.1806081e-03
  -2.1946980e-04  -9.4706377e-04  -2.2578543e-04  -1.9554163e-03
  -1.5200152e-04  -9.1335728e-04  -4.2137884e-05  -1.7827692e-03
  -2.6819689e-04  -1.0069864e-03  -2.5202079e-04  -1.9253907e-03
  -2.1572156e-04  -1.0144767e-03  -1.8081052e-04  -1.8240544e-03
  -1.5200152e-04  -8.2721849e-04  -1.3583561e-04  -1.8615863e-03
  -1.5574975e-04  -8.6841530e-04  -1.0210443e-04  -1.8728459e-03
   1.2161986e-04  -9.6578959e-04  -2.3398339e-05  -1.4337219e-03
   5.4151574e-05  -8.2347332e-04  -1.3958352e-04  -1.5613306e-03
  -2.0822509e-04  -6.6617639e-04  -1.1334816e-04  -1.7227181e-03
  -8.8281470e-05  -7.9351200e-04  -1.4707934e-04  -1.6101221e-03
  -1.9323213e-04  -7.9351200e-04  -1.2833979e-04  -1.6701733e-03
  -1.4450504e-04  -8.9463146e-04  -2.2578543e-04  -1.5350582e-03
  -2.0719960e-06  -9.9200575e-04  -2.2578543e-04  -1.7790160e-03
  -1.2576385e-04  -8.4968948e-04  -1.1334816e-04  -1.7865224e-03
   1.2161986e-04  -9.9949608e-04  -1.5082725e-04  -1.5425646e-03
  -3.9554376e-05  -9.2833794e-04  -1.3583561e-04  -1.8728459e-03
  -8.0784994e-05  -7.8602167e-04  -2.5202079e-04  -2.0267270e-03
  -2.0719960e-06  -8.1598299e-04  -8.7112792e-05  -2.1205569e-03
  -2.0072861e-04  -8.3845398e-04  -1.2084397e-04  -2.2218933e-03
  -9.9526184e-05  -7.8227651e-04  -1.9955006e-04  -2.0267270e-03
  -3.0942751e-04  -6.1374408e-04  -7.5869065e-05  -1.8540799e-03
  -6.9540280e-05  -6.9239255e-04  -1.5457515e-04  -1.8353140e-03
   4.6655098e-05  -7.8976684e-04  -1.2833979e-04  -1.9741823e-03
  -7.7036756e-05  -8.3096365e-04  -9.4608610e-05  -2.0079610e-03
  -1.7064948e-05  -8.5717981e-04   7.0299386e-05  -2.2031273e-03
  -2.8693808e-04  -8.3470882e-04  -1.9650430e-05  -2.3382424e-03
  -8.8281470e-05  -8.3845398e-04  -3.0894157e-05  -2.1168037e-03
   5.7899812e-05  -7.4107969e-04   5.9055659e-05  -2.2256465e-03
  -2.0072861e-04  -6.1374408e-04  -2.1454170e-04  -2.1318165e-03
  -2.7569337e-04  -6.6243123e-04  -1.0960025e-04  -2.0605058e-03
   9.1633954e-05  -9.4331860e-04  -3.8389975e-05  -2.2406592e-03
  -6.5792042e-05  -9.7327992e-04  -2.5202079e-04  -2.3307360e-03
  -3.5065813e-04  -7.5231519e-04  -1.6207097e-04  -2.6122257e-03
   1.4036105e-04  -9.9200575e-04   1.4150966e-04  -2.5108894e-03
   9.1727180e-06  -9.7327992e-04   1.5650129e-04  -2.5409150e-03
  -6.5792042e-05  -6.9239255e-04  -3.8389975e-05  -2.5446682e-03
   2.4165670e-05  -8.5717981e-04  -3.8389975e-05  -2.4583447e-03
  -1.3700856e-04  -9.7702509e-04  -1.7331470e-04  -2.7848728e-03
  -5.4547328e-05  -8.7965080e-04  -8.7112792e-05  -2.4696043e-03
  -2.0447685e-04  -7.1111837e-04  -4.5885793e-05  -2.3870339e-03
  -1.0702266e-04  -7.8976684e-04  -2.0704588e-04  -2.6835365e-03
  -1.8948390e-04  -9.5455410e-04  -7.9616974e-05  -2.5334086e-03
  -1.8198742e-04  -8.7216047e-04  -2.6326452e-04  -2.5221490e-03
  -1.4075680e-04  -8.6092497e-04  -1.2833979e-04  -2.7285749e-03
  -2.1197332e-04  -9.5829926e-04   2.5324478e-05  -2.7923792e-03
   2.4531171e-04  -7.7478618e-04  -9.0860701e-05  -2.3495020e-03
   2.0417432e-05  -6.1374408e-04   1.7828660e-05  -2.2969572e-03
  -9.5684720e-06  -4.9015364e-04  -1.5902521e-05  -2.3720211e-03
   7.2892764e-05  -5.5007628e-04   2.5324478e-05  -2.1243101e-03
  -3.9554376e-05  -7.0362804e-04  -2.7146248e-05  -2.2293996e-03
   5.0403336e-05  -6.4370540e-04  -1.0210443e-04  -2.1168037e-03
  -8.8281470e-05  -7.8602167e-04  -8.7112792e-05  -2.0379866e-03
  -2.0813186e-05  -6.8115705e-04   1.6024920e-04  -2.0417398e-03
  -1.7074271e-04  -6.5494090e-04   1.0332842e-05  -2.0567526e-03
   2.0417432e-05  -6.3996024e-04  -1.3583561e-04  -2.3269828e-03
   5.7899812e-05  -6.0999892e-04   2.4270320e-04  -2.1843613e-03
  -1.0327442e-04  -8.2721849e-04   1.4080751e-05  -2.0079610e-03
   2.4165670e-05  -8.7590563e-04  -1.6956679e-04  -2.1243101e-03
  -1.7074271e-04  -8.8339596e-04  -1.8455843e-04  -2.1017910e-03
  -2.8309662e-05  -7.7478618e-04  -1.4333143e-04  -2.2519188e-03
   9.1727180e-06  -8.7216047e-04   3.2820296e-05  -2.2031273e-03
  -6.2043804e-05  -7.5980552e-04   1.2277011e-04  -2.0079610e-03
  -4.7050852e-05  -6.5119573e-04   1.1152638e-04  -2.2293996e-03
  -9.5777946e-05  -9.0212179e-04  -1.0210443e-04  -2.2481656e-03
  -8.0784994e-05  -9.0586695e-04  -1.0210443e-04  -2.0042078e-03
  -8.0784994e-05  -8.4594431e-04   2.9072387e-05  -1.8841055e-03
   1.7409519e-04  -9.4331860e-04   1.2277011e-04  -1.9404035e-03
  -1.1826737e-04  -1.0444381e-03   4.0316114e-05  -1.9141311e-03
  -2.1946980e-04  -7.6729585e-04   5.1559841e-05  -1.9516631e-03
  -1.2576385e-04  -7.7104101e-04  -6.0877429e-05  -2.2031273e-03
  -5.0058765e-04  -8.6467014e-04  -2.3702915e-04  -2.1168037e-03
  -2.0719960e-06  -8.3096365e-04  -1.2459188e-04  -1.8916119e-03
   6.5396288e-05  -1.1343220e-03  -5.7129520e-05  -2.0605058e-03
  -3.5440637e-04  -9.2459278e-04  -3.4946642e-04  -2.0042078e-03
  -1.9323213e-04  -8.4594431e-04  -1.9580215e-04  -1.7827692e-03
   1.6762420e-06  -9.3208311e-04  -1.7331470e-04  -1.9253907e-03
   2.7913908e-05  -8.5717981e-04  -2.1828961e-04  -1.5275518e-03
  -2.4195923e-04  -9.4706377e-04   4.1067974e-03  -6.5681011e-04
   2.2657052e-04  -8.6092497e-04   1.1445203e-02  -5.9300576e-04
  -5.6805593e-04  -9.9575091e-04   1.4915767e-02  -1.5388114e-03
  -2.6220904e-03  -9.1710245e-04   1.0879269e-02  -1.8803523e-03
  -1.5201084e-03  -9.4331860e-04   5.6809192e-03  -1.0959342e-03
   1.1037514e-04  -1.1418123e-03   5.8120960e-03  -1.5650838e-03
  -1.1040540e-03  -7.2235387e-04   7.5173946e-03  -2.5859534e-03
  -3.5366604e-03  -5.2011496e-04   5.6022131e-03  -1.7377308e-03
  -3.1880743e-03  -8.6841530e-04   1.8130771e-03  -8.9701471e-04
   9.3873574e-04  -1.4863675e-03   2.3677676e-03  -1.3211260e-03
   1.1936159e-03  -1.3178351e-03   2.8175167e-03  -1.4900198e-03
  -2.2884972e-03  -7.6729585e-04   1.4080751e-05  -1.0621554e-03
  -2.6670692e-03  -6.6243123e-04  -2.5569848e-03  -7.0184847e-04
  -8.2668436e-04  -5.4633111e-04  -3.2278605e-03  -1.2385556e-03
  -8.6791497e-04  -1.0743994e-03  -3.3215583e-03  -1.9741823e-03
  -4.6573836e-03  -1.1155962e-03  -5.6265223e-03  -1.7114585e-03
  -5.4332689e-03  -7.5231519e-04  -6.8483406e-03  -1.9591695e-03
  -1.5351013e-03  -9.3208311e-04  -8.5311518e-03  -2.7135621e-03
  -1.3776753e-03  -9.1710245e-04  -1.3309736e-02  -2.5484214e-03
  -3.5216675e-03  -9.6953476e-04  -1.8575548e-02  -2.3044636e-03
  -3.3005214e-03  -7.2235387e-04  -2.1495169e-02  -2.8148984e-03
  -1.3514377e-03  -8.4968948e-04  -2.4208655e-02  -3.2239969e-03
   1.2161986e-04  -1.2654028e-03  -2.8061506e-02  -2.8299112e-03
   8.6002274e-04  -1.0406929e-03  -2.7533050e-02  -2.4883702e-03
   2.2356261e-03  -9.2084761e-04  -2.0779318e-02  -2.4358255e-03
   3.1876785e-03  -6.0999892e-04  -1.1124705e-02  -2.4620979e-03
   4.0647662e-03  -4.2274067e-04  -3.3627853e-03  -2.3570083e-03
   5.1180211e-03  -7.6729585e-04   3.6720399e-03  -2.0755186e-03
   4.8818821e-03  -8.6092497e-04   1.1999894e-02  -2.5934598e-03
   2.9590360e-03  -9.5080893e-04   1.8153960e-02  -3.2652820e-03
   2.0107318e-03  -6.8115705e-04   2.0342739e-02  -2.9462603e-03
   5.1592517e-03  -4.1525034e-04   1.9926721e-02  -2.7848728e-03
   7.2245309e-03  -4.1150517e-04   1.7336916e-02  -2.3269828e-03
   3.7649072e-03  -3.2821850e-06   1.4799582e-02  -1.2610748e-03
   4.1847099e-03  -2.1675659e-04   1.5594138e-02  -2.2181401e-03
   4.6457431e-03  -6.9613771e-04   1.3023073e-02  -2.6009662e-03
  -1.7412544e-03  -1.1418123e-03   4.9051020e-03  -6.3053773e-04
  -1.2727247e-03  -1.4114642e-03   5.1037412e-03  -1.2122833e-03
   2.1306754e-03  -1.0968704e-03   1.1100396e-02  -3.1376733e-03
   1.9357670e-03  -8.7216047e-04   9.0727768e-03  -2.9912986e-03
   2.1419201e-03  -4.9389880e-04   4.0655704e-03  -2.1205569e-03
   1.3173078e-03  -1.3061780e-04   3.5970818e-03  -2.1881145e-03
   2.0782001e-03  -8.9420980e-05   6.1569036e-03  -3.3816311e-03
  -8.0784994e-05  -3.9652451e-04   2.7388106e-03  -3.0438434e-03
  -3.2442979e-03  -8.6841530e-04  -4.0299131e-03  -1.8390672e-03
  -9.6536916e-04  -8.7590563e-04  -5.2367398e-03  -2.3870339e-03
   1.4785752e-04  -6.1374408e-04  -5.7651949e-03  -2.8561835e-03
  -1.1415363e-03  -4.0776001e-04  -8.9134385e-03  -2.3007104e-03
  -3.0119071e-03  -3.5532770e-04  -1.2893718e-02  -1.7602500e-03
  -2.0785958e-03  -7.8602167e-04  -9.9928363e-03  -2.4320723e-03
   1.8159167e-04  -1.0069864e-03  -3.7937948e-03  -3.6443549e-03
  -1.3214518e-03  -6.9988288e-04  -4.4047040e-03  -3.4266695e-03
  -8.1543964e-04  -6.7366672e-04  -7.5154684e-03  -2.7323280e-03
  -1.2239976e-03  -3.9652451e-04  -9.5768184e-03  -2.0492462e-03
  -2.0148758e-03  -1.0814681e-04  -8.6548328e-03  -2.2819444e-03
   5.1143661e-04  -6.8115705e-04  -5.9788257e-03  -3.2878012e-03
  -2.3821099e-04  -9.7702509e-04  -7.9089989e-03  -2.5559278e-03
  -2.6333351e-03  -9.5829926e-04  -1.1761849e-02  -1.5988626e-03
  -2.7307893e-03  -1.0856349e-03  -1.0236450e-02  -1.8728459e-03
  -7.1048898e-04  -9.6204443e-04  -5.9301029e-03  -2.5183958e-03
   9.1727180e-06  -8.9463146e-04  -5.4503706e-03  -2.2969572e-03
  -9.2039031e-04  -9.2084761e-04  -6.5934828e-03  -1.8428204e-03
  -7.8170550e-04  -1.0332026e-03  -3.2466001e-03  -2.2819444e-03
  -3.2067223e-04  -1.2616576e-03   1.3670759e-03  -2.7285749e-03
  -9.5412445e-04  -1.3440513e-03   1.6031942e-03  -2.6159789e-03
  -1.0103480e-03  -1.2691480e-03   9.0608309e-04  -1.7940288e-03
   1.5084679e-03  -1.0856349e-03   3.6233171e-03  -2.0529994e-03
   2.3555697e-03  -7.9351200e-04   6.4529884e-03  -2.5334086e-03
   1.0286935e-03  -7.5606035e-04   6.1494078e-03  -1.9028715e-03
   1.4522443e-03  -9.0961212e-04   6.1569036e-03  -1.6176285e-03
   2.6067017e-03  -8.5717981e-04   8.0833288e-03  -1.9141311e-03
   1.3735314e-03  -8.2347332e-04   7.8659501e-03  -2.1468293e-03
  -1.1115504e-03  -9.0212179e-04   5.2499096e-03  -1.4750071e-03
  -5.7930065e-04  -9.5080893e-04   5.1824473e-03  -1.5012794e-03
   1.2573360e-03  -1.1455575e-03   6.6291401e-03  -2.2969572e-03
   8.2254036e-04  -9.3582827e-04   5.0587663e-03  -2.0792718e-03
  -4.8934294e-04  -4.7142781e-04   2.3190448e-03  -1.4975262e-03
   9.9130430e-05  -6.1374408e-04   1.6631607e-03  -1.4787603e-03
   1.1748747e-03  -7.7104101e-04   2.0192121e-03  -1.6814329e-03
  -1.4450504e-04  -9.5080893e-04   1.4495299e-03  -1.7715096e-03
  -1.3514377e-03  -9.2459278e-04   4.7132565e-04  -1.5425646e-03
  -7.6671255e-04  -7.2609903e-04   4.4509029e-04  -1.2610748e-03
   1.6669194e-05  -7.1486354e-04   9.7729336e-04  -1.8540799e-03
  -3.1692399e-04  -5.7629243e-04   7.7865419e-04  -1.9516631e-03
  -7.9669845e-04  -5.5756661e-04   2.0897202e-04  -1.7977820e-03
  -1.8948390e-04  -5.2386012e-04   1.4900547e-04  -2.0004546e-03
  -2.0072861e-04  -7.2984420e-04  -1.2084397e-04  -1.8203012e-03
  -8.7166321e-04  -8.7590563e-04  -7.6548432e-04  -1.6514073e-03
  -1.6063179e-03  -9.4331860e-04  -1.5862764e-03  -1.5763434e-03
  -1.3551859e-03  -9.5829926e-04  -1.7361928e-03  -1.7977820e-03
  -7.7036756e-05  -6.1748925e-04  -1.4401079e-03  -1.8015352e-03
  -3.9554376e-05  -7.0362804e-04  -2.1709502e-03  -1.8878587e-03
  -6.5426541e-04  -7.7478618e-04  -2.3920768e-03  -1.8878587e-03
  -7.2923017e-04  -7.2235387e-04  -1.7999072e-03  -1.5988626e-03
  -8.3792907e-04  -8.1972816e-04  -1.3501581e-03  -1.8390672e-03
  -1.3064588e-03  -9.6204443e-04  -1.6499908e-03  -1.6213817e-03
  -1.5500943e-03  -1.1118510e-03  -1.7324448e-03  -1.4449815e-03
  -1.1490328e-03  -8.5717981e-04  -9.3788814e-04  -1.8353140e-03
  -2.3071451e-04  -5.9501826e-04  -9.4913186e-04  -1.7152117e-03
   4.1398242e-04  -8.3845398e-04  -1.5000745e-03  -1.7902756e-03
   3.4276590e-04  -9.7327992e-04  -1.5263098e-03  -1.6814329e-03
  -3.3941342e-04  -6.8490222e-04  -5.7808887e-04  -1.4299687e-03
  -1.3326965e-03  -9.6204443e-04  -1.8455843e-04  -1.7039521e-03
  -1.3139553e-03  -1.1830092e-03  -4.0943297e-04  -1.8916119e-03
  -5.2307708e-04  -1.0931252e-03  -1.2084397e-04  -1.9704291e-03
  -1.4825328e-04  -1.1830092e-03   3.7388001e-04  -1.7001989e-03
  -2.9068632e-04  -7.6729585e-04   8.3862073e-04  -1.9891950e-03
  -3.4316165e-04  -7.7104101e-04   7.1493973e-04  -2.1168037e-03
  -7.7036756e-05  -1.1193414e-03   5.4628383e-04  -1.8015352e-03
  -2.9443456e-04  -1.1455575e-03   1.0222683e-03  -2.0867782e-03
  -7.1423722e-04  -9.7327992e-04   1.3146052e-03  -1.9178843e-03
  -8.6416674e-04  -9.3957344e-04   9.6979755e-04  -1.9929482e-03
  -3.7689580e-04  -1.0406929e-03   7.8240210e-04  -1.9103779e-03
   4.4022009e-04  -7.8227651e-04   4.5633401e-04  -1.6851861e-03
   4.6655098e-05  -8.5717981e-04   5.8751083e-04  -2.1393229e-03
  -5.3432179e-04  -8.5717981e-04   9.4731009e-04  -1.9929482e-03
  -5.8304889e-04  -6.9239255e-04   8.7609982e-04  -1.8765991e-03
  -6.6925836e-04  -7.3733453e-04   9.4731009e-04  -2.1655953e-03
  -2.7194513e-04  -6.3621507e-04   1.1122181e-03  -2.3532552e-03
  -2.5320394e-04  -4.9764397e-04   1.5619672e-03  -2.3982935e-03
  -3.6939932e-04  -6.0250859e-04   1.2883698e-03  -2.2256465e-03
  -6.9540280e-05  -7.1486354e-04   1.1909242e-03  -2.2594252e-03
   2.2282228e-04  -5.8752793e-04   1.6519170e-03  -2.1768549e-03
   1.3661281e-04  -6.1748925e-04   1.6069421e-03  -2.2781912e-03
  -7.2173369e-04  -7.8976684e-04   1.6893961e-03  -2.6272385e-03
  -8.7541145e-04  -7.4482486e-04   1.8018333e-03  -2.3044636e-03
  -2.7569337e-04  -7.7104101e-04   1.5769588e-03  -2.1806081e-03
  -3.8439227e-04  -1.0369477e-03   1.3670759e-03  -2.4846170e-03
  -5.9054536e-04  -7.8976684e-04   1.5432276e-03  -2.5071362e-03
  -3.5440637e-04  -7.2235387e-04   1.5207402e-03  -2.5183958e-03
  -4.1437818e-04  -1.0856349e-03   1.3858154e-03  -2.5596810e-03
  -5.3057355e-04  -8.1223783e-04   1.2096637e-03  -2.3870339e-03
  -6.7300660e-04  -6.6992156e-04   1.0934785e-03  -2.1205569e-03
  -6.1678303e-04  -7.9725717e-04   1.1234618e-03  -2.2444124e-03
  -9.5777946e-05  -6.3996024e-04   7.1493973e-04  -2.1956209e-03
  -8.4533232e-05  -5.6505694e-04   7.2243555e-04  -1.9554163e-03
  -2.3446275e-04  -7.7104101e-04   5.1630056e-04  -2.1543357e-03
  -3.2442046e-04  -8.0100233e-04   3.7762792e-04  -2.0079610e-03
  -5.0808413e-04  -8.9463146e-04   8.7984773e-04  -1.9516631e-03
  -2.8318985e-04  -8.9088629e-04   2.5769484e-04  -2.1430761e-03
  -1.9698037e-04  -6.3996024e-04  -9.4608610e-05  -2.3082168e-03
  -4.1062994e-04  -8.3096365e-04   1.7149293e-04  -2.3082168e-03
  -2.5695218e-04  -7.2609903e-04   7.4047295e-05  -2.0867782e-03
  -2.4945570e-04  -6.2497958e-04   6.5849330e-06  -2.2781912e-03
  -2.3821099e-04  -9.2084761e-04  -6.0877429e-05  -1.9103779e-03
  -6.2043804e-05  -8.9837662e-04  -4.9633702e-05  -1.8240544e-03
  -3.6190284e-04  -8.3845398e-04  -2.4827288e-04  -2.0680122e-03
  -2.1572156e-04  -8.9463146e-04  -1.7706261e-04  -1.8953651e-03
  -1.0327442e-04  -8.0849266e-04  -2.3328124e-04  -2.0867782e-03
  -4.2937113e-04  -8.2721849e-04  -2.7450824e-04  -2.0830250e-03
  -3.2816870e-04  -8.0100233e-04   2.2771156e-04  -2.0905314e-03
  -4.2187465e-04  -6.2123441e-04   1.3776175e-04  -1.9854418e-03
  -2.5695218e-04  -7.9725717e-04  -1.9205424e-04  -2.1092973e-03
   1.3286457e-04  -7.0737321e-04  -2.0329797e-04  -2.0117142e-03
  -5.0799090e-05  -7.3733453e-04  -2.1079379e-04  -1.6251349e-03
   5.4244800e-06  -7.9725717e-04  -1.4707934e-04  -2.0717654e-03
  -1.3326033e-04  -6.6617639e-04  -7.5869065e-05  -2.0454930e-03
  -2.6070042e-04  -1.0781445e-03  -1.5902521e-05  -1.8916119e-03
   5.4244800e-06  -7.4857002e-04  -1.5832306e-04  -1.8991183e-03
  -3.2442046e-04  -6.1748925e-04  -1.6581888e-04  -1.7264713e-03
  -2.0813186e-05  -9.5455410e-04   6.2803568e-05  -1.9591695e-03
   3.4276590e-04  -7.4482486e-04  -3.8389975e-05  -1.8240544e-03
  -2.7944161e-04  -8.3845398e-04   1.4900547e-04  -1.7264713e-03
  -2.7569337e-04  -8.4594431e-04   3.9261956e-04  -1.8991183e-03
  -2.4570747e-04  -9.3582827e-04   2.3520738e-04  -1.8428204e-03
  -3.5065813e-04  -9.6953476e-04   1.2277011e-04  -1.9366503e-03
   1.4036105e-04  -6.7366672e-04   3.3265302e-04  -1.9779355e-03
  -6.9540280e-05  -9.5080893e-04   3.4764465e-04  -2.0492462e-03
  -2.0072861e-04  -1.0743994e-03  -1.2833979e-04  -1.9816886e-03
   1.7784343e-04  -9.7702509e-04  -1.0210443e-04  -1.7302244e-03
  -1.7823918e-04  -1.1493027e-03  -1.3958352e-04  -1.9066247e-03
  -2.4570747e-04  -9.7702509e-04  -2.5951661e-04  -1.9178843e-03
  -5.8295566e-05  -9.2833794e-04  -2.1079379e-04  -1.8765991e-03
  -1.4075680e-04  -1.0219671e-03  -7.3175314e-04  -2.0117142e-03
   1.9283638e-04  -9.9949608e-04  -9.0415695e-04  -1.8090416e-03
   2.0408109e-04  -8.3096365e-04  -5.4810560e-04  -1.5575774e-03
  -1.4450504e-04  -7.4857002e-04  -7.9171968e-04  -1.5613306e-03
   3.5410384e-05  -9.5455410e-04  -1.0203421e-03  -1.7977820e-03
   3.5410384e-05  -8.3096365e-04  -9.0790486e-04  -1.6851861e-03
  -9.5684720e-06  -8.5343464e-04  -1.1627627e-03  -1.6439009e-03
   2.4531171e-04  -8.7216047e-04  -1.0503254e-03  -1.9103779e-03
   5.0403336e-05  -8.4968948e-04  -1.1215357e-03  -1.7752628e-03
  -7.7036756e-05  -9.2833794e-04  -1.1590148e-03  -1.8428204e-03
   1.6669194e-05  -7.5231519e-04  -9.8661095e-04  -1.8653395e-03
   2.4531171e-04  -9.2833794e-04  -1.3801414e-03  -1.8540799e-03
   2.9778704e-04  -9.2833794e-04  -1.3276707e-03  -2.0717654e-03
   1.5160576e-04  -9.2459278e-04  -1.3763935e-03  -2.1918677e-03
   2.1157757e-04  -1.0182219e-03  -1.2077376e-03  -2.2293996e-03
  -1.5574975e-04  -8.0474750e-04  -9.5287977e-04  -2.0267270e-03
  -2.0719960e-06  -8.1972816e-04  -9.9785468e-04  -2.1693485e-03
   5.1893309e-04  -7.9725717e-04  -4.8064324e-04  -2.2181401e-03
   4.7770247e-04  -9.6578959e-04  -9.3788814e-04  -2.0492462e-03
   3.7650004e-04  -8.7965080e-04  -1.0540733e-03  -2.0905314e-03
   2.2282228e-04  -7.0737321e-04  -4.3941624e-04  -2.1468293e-03
   2.3406700e-04  -8.8339596e-04  -9.4913186e-04  -2.3795275e-03
   2.6030466e-04  -7.4107969e-04  -8.2170296e-04  -2.3382424e-03
   2.0033286e-04  -7.2609903e-04  -5.4435769e-04  -2.2819444e-03
   2.5655643e-04  -6.6243123e-04  -8.2545087e-04  -2.3307360e-03
   2.1907405e-04  -5.2760529e-04  -7.3924896e-04  -2.3419956e-03
   9.9130430e-05  -6.3246991e-04  -7.9921550e-04  -2.4470851e-03
   2.9778704e-04  -8.6092497e-04  -6.6054287e-04  -2.5746938e-03
   2.6030466e-04  -9.4706377e-04  -7.8422387e-04  -2.6760301e-03
   4.6655098e-05  -6.8115705e-04  -9.4163604e-04  -2.6947961e-03
   3.2027647e-04  -7.3733453e-04  -6.5304705e-04  -2.7285749e-03
   2.6405290e-04  -7.3733453e-04  -9.6412350e-04  -2.4395787e-03
   1.2920956e-05  -6.9988288e-04  -1.1102919e-03  -2.6159789e-03
  -1.6699447e-04  -1.0519284e-03  -9.2664441e-04  -2.9500135e-03
  -7.7036756e-05  -7.7853134e-04  -1.0465775e-03  -2.3194764e-03
   1.1412338e-04  -7.1860870e-04  -1.0465775e-03  -2.4095531e-03
   2.4165670e-05  -1.1081059e-03  -9.1914859e-04  -2.7811196e-03
   1.4410929e-04  -9.4331860e-04  -7.7298014e-04  -2.4208127e-03
   6.1648050e-05  -8.0474750e-04  -6.0807214e-04  -2.4883702e-03
  -4.3302614e-05  -8.4219915e-04  -4.6190369e-04  -2.7736132e-03
   2.2657052e-04  -9.1710245e-04  -3.1948315e-04  -2.7698600e-03
   4.7020599e-04  -8.5343464e-04  -1.3208770e-04  -2.4208127e-03
   3.9524123e-04  -9.0586695e-04  -1.4707934e-04  -2.3419956e-03
   3.6900357e-04  -8.6467014e-04  -1.1709606e-04  -2.2556720e-03
   4.4396833e-04  -7.0737321e-04   1.0332842e-05  -2.0717654e-03
   3.2027647e-04  -7.7478618e-04  -1.7706261e-04  -2.2706848e-03
   3.9898947e-04  -8.4594431e-04   1.2651802e-04  -2.1956209e-03
   2.3406700e-04  -9.8451542e-04   2.5019902e-04  -2.4057999e-03
   2.0782933e-04  -7.3733453e-04  -1.9205424e-04  -2.2481656e-03
   3.5026238e-04  -6.5868606e-04   1.1902220e-04  -2.0229738e-03
   1.9283638e-04  -6.5494090e-04   1.5650129e-04  -2.4620979e-03
   4.4022009e-04  -5.6880210e-04  -1.5902521e-05  -2.2369060e-03
   2.6030466e-04  -1.0332026e-03   3.2890511e-04  -2.1430761e-03
  -6.9540280e-05  -9.2459278e-04   2.9072387e-05  -2.2331528e-03
  -1.5574975e-04  -7.2609903e-04  -1.7706261e-04  -2.1393229e-03
  -1.9323213e-04  -9.1335728e-04  -8.7112792e-05  -2.0304802e-03
   7.2892764e-05  -7.1111837e-04  -3.8319760e-04  -2.1430761e-03
   2.3781524e-04  -6.7366672e-04  -3.9818924e-04  -2.2781912e-03
   4.4396833e-04  -8.9837662e-04  -3.5321433e-04  -1.9066247e-03
   3.9158622e-05  -8.4594431e-04  -3.9069342e-04  -2.2444124e-03
  -3.8439227e-04  -4.9389880e-04  -4.6565160e-04  -2.2669316e-03
  -1.5200152e-04  -7.5231519e-04  -4.6190369e-04  -1.8127948e-03
  -2.2696628e-04  -9.6204443e-04  -3.3447479e-04  -2.0567526e-03
  -1.7449094e-04  -6.2123441e-04  -5.8183678e-04  -1.9816886e-03
  -6.9540280e-05  -7.1860870e-04  -5.8183678e-04  -1.9666759e-03
