  -1.3326033e-04  -6.6992156e-04   5.9055659e-05  -2.2744380e-03
  -2.9068632e-04  -9.1710245e-04  -1.8455843e-04  -2.1993741e-03
  -2.0813186e-05  -9.2459278e-04  -2.8200406e-04  -2.1318165e-03
  -7.3288518e-05  -8.1223783e-04  -3.6445806e-04  -2.0342334e-03
  -5.4547328e-05  -7.8976684e-04  -3.4946642e-04  -2.0905314e-03
  -1.7449094e-04  -9.9200575e-04   1.7828660e-05  -2.1956209e-03
  -2.7194513e-04  -8.9088629e-04  -2.4077706e-04  -2.3307360e-03
   9.1727180e-06  -1.0144767e-03  -2.7076033e-04  -2.1843613e-03
   5.4244800e-06  -9.1335728e-04  -8.7112792e-05  -1.8878587e-03
  -2.4561424e-05  -5.9127309e-04  -3.6071015e-04  -2.1768549e-03
   8.0389240e-05  -9.9949608e-04  -6.8373247e-05  -2.3757743e-03
  -9.5684720e-06  -8.7216047e-04   6.5849330e-06  -2.1243101e-03
  -2.7194513e-04  -6.0625375e-04  -2.9324779e-04  -1.9666759e-03
  -3.4690989e-04  -8.4594431e-04  -5.7129520e-05  -2.0304802e-03
  -1.1077090e-04  -9.9949608e-04  -9.8356519e-05  -2.2181401e-03
  -3.9554376e-05  -9.0212179e-04  -2.7076033e-04  -2.1655953e-03
  -9.9526184e-05  -7.5980552e-04   4.4064023e-05  -2.2031273e-03
  -1.6324623e-04  -8.0474750e-04   1.4080751e-05  -2.2106337e-03
  -9.5777946e-05  -7.4107969e-04  -1.7331470e-04  -2.1243101e-03
   1.2161986e-04  -8.0100233e-04  -7.2121156e-05  -2.1168037e-03
  -2.8309662e-05  -9.3582827e-04  -2.3702915e-04  -2.0304802e-03
  -1.8948390e-04  -7.8227651e-04  -6.0877429e-05  -1.9816886e-03
  -3.2057900e-05  -6.1748925e-04   1.1527429e-04  -1.8841055e-03
   9.9130430e-05  -6.5494090e-04  -2.0329797e-04  -1.9591695e-03
   2.0417432e-05  -7.7478618e-04  -4.2137884e-05  -1.8503268e-03
  -5.0799090e-05  -8.2721849e-04  -7.2121156e-05  -1.9704291e-03
  -1.5574975e-04  -8.2347332e-04  -2.6701242e-04  -2.0342334e-03
  -2.7194513e-04  -6.6617639e-04  -2.3328124e-04  -1.7489904e-03
  -2.8309662e-05  -6.4745057e-04  -2.4827288e-04  -1.9028715e-03
   2.3031876e-04  -8.8339596e-04  -2.8575197e-04  -1.7302244e-03
   1.5910224e-04  -8.6841530e-04  -3.4197060e-04  -1.8578331e-03
  -2.3071451e-04  -7.6355068e-04   2.1576569e-05  -2.1881145e-03
  -2.5695218e-04  -9.2084761e-04  -2.3398339e-05  -2.0079610e-03
  -1.0327442e-04  -9.9949608e-04  -1.2084397e-04  -1.9141311e-03
  -2.9443456e-04  -7.4857002e-04  -1.0960025e-04  -1.6701733e-03
   4.2906860e-05  -6.8115705e-04  -5.3311396e-04  -1.7602500e-03
   2.8654233e-04  -8.4219915e-04  -5.2936605e-04  -2.1055441e-03
  -3.9554376e-05  -8.8714113e-04  -4.9188696e-04  -2.1168037e-03
  -2.9818280e-04  -1.0032412e-03  -1.4707934e-04  -1.9929482e-03
  -3.2442046e-04  -1.1493027e-03   1.2651802e-04  -1.8278076e-03
  -2.5695218e-04  -1.0107316e-03   5.9055659e-05  -1.8465736e-03
  -4.5560879e-04  -7.3358936e-04  -8.4067030e-06  -2.1055441e-03
  -4.1812641e-04  -9.4331860e-04  -2.2578543e-04  -2.1655953e-03
  -5.8295566e-05  -8.7965080e-04  -1.7331470e-04  -1.8540799e-03
  -1.0327442e-04  -6.0625375e-04  -3.3447479e-04  -2.1768549e-03
  -2.4570747e-04  -1.0257122e-03  -1.9580215e-04  -2.1993741e-03
  -3.9554376e-05  -9.8826058e-04  -1.2154612e-05  -1.6439009e-03
  -3.2067223e-04  -8.9837662e-04  -1.7331470e-04  -2.1843613e-03
  -4.1062994e-04  -9.7702509e-04  -1.7706261e-04  -2.1393229e-03
  -2.1572156e-04  -6.8490222e-04  -1.7331470e-04  -1.9816886e-03
  -4.2562289e-04  -8.5343464e-04  -3.1948315e-04  -2.3119700e-03
  -2.1946980e-04  -1.0594187e-03  -5.4060978e-04  -1.9253907e-03
  -2.8693808e-04  -1.0893800e-03  -3.4197060e-04  -2.1017910e-03
  -3.9938522e-04  -1.1006155e-03  -2.9324779e-04  -2.1993741e-03
  -2.4570747e-04  -1.0631639e-03  -3.6820597e-04  -1.9591695e-03
  -2.8693808e-04  -1.1493027e-03  -3.5321433e-04  -2.0942846e-03
  -2.1946980e-04  -9.6204443e-04  -2.6326452e-04  -2.1130505e-03
  -3.6190284e-04  -9.8077025e-04  -2.5576870e-04  -2.0905314e-03
  -4.3686760e-04  -1.0369477e-03  -4.8439115e-04  -2.0642590e-03
  -3.3941342e-04  -7.6355068e-04  -3.3072688e-04  -2.0304802e-03
  -2.2696628e-04  -8.4594431e-04  -4.0943297e-04  -2.1468293e-03
  -2.8693808e-04  -9.2833794e-04  -4.2067669e-04  -2.2481656e-03
  -3.9188875e-04  -1.0818897e-03  -8.7112792e-05  -2.0605058e-03
  -2.0822509e-04  -9.7327992e-04  -3.1198733e-04  -2.0529994e-03
  -1.7449094e-04  -7.1111837e-04  -2.3398339e-05  -1.9891950e-03
  -1.4825328e-04  -1.0107316e-03   2.2021575e-04  -1.9366503e-03
  -1.3326033e-04  -8.8339596e-04  -2.8575197e-04  -1.9328971e-03
  -1.1077090e-04  -7.4107969e-04  -1.7331470e-04  -1.8578331e-03
  -1.1451914e-04  -9.1335728e-04  -2.0329797e-04  -2.1017910e-03
  -4.4061584e-04  -8.6841530e-04  -3.4642066e-05  -1.9704291e-03
  -5.7555241e-04  -1.0968704e-03   3.2515720e-04  -1.9967014e-03
  -3.3941342e-04  -9.6953476e-04  -1.4707934e-04  -1.9516631e-03
  -1.7074271e-04  -6.9988288e-04  -3.6445806e-04  -1.8690927e-03
  -1.8573566e-04  -8.3845398e-04  -1.6207097e-04  -2.1843613e-03
  -9.5777946e-05  -7.7104101e-04  -2.8200406e-04  -2.0004546e-03
  -1.7064948e-05  -6.6992156e-04  -4.8439115e-04  -1.9291439e-03
   9.1633954e-05  -7.1486354e-04  -4.3941624e-04  -1.9516631e-03
   1.6669194e-05  -8.9463146e-04  -3.9069342e-04  -1.9929482e-03
  -3.3566518e-04  -8.6841530e-04  -1.1709606e-04  -2.1993741e-03
  -3.3941342e-04  -9.0961212e-04   7.7795204e-05  -2.1956209e-03
  -3.8814051e-04  -1.1867543e-03   1.2277011e-04  -2.2331528e-03
  -5.3057355e-04  -1.0594187e-03   8.9038931e-05  -2.1618421e-03
  -1.9698037e-04  -7.0737321e-04  -1.5832306e-04  -2.0267270e-03
   1.4410929e-04  -7.8602167e-04  -1.0960025e-04  -2.1130505e-03
  -6.2043804e-05  -1.0032412e-03  -1.7331470e-04  -2.0867782e-03
  -7.7036756e-05  -8.7216047e-04  -4.4691206e-04  -2.1393229e-03
   8.0389240e-05  -7.9725717e-04  -2.6326452e-04  -2.2031273e-03
  -3.9563699e-04  -8.7590563e-04  -9.1088500e-07  -2.1092973e-03
  -2.8318985e-04  -9.3208311e-04  -6.0877429e-05  -2.2894508e-03
   4.6655098e-05  -7.9351200e-04  -2.1079379e-04  -2.2143869e-03
  -2.3071451e-04  -8.8339596e-04  -3.2697897e-04  -2.3157232e-03
  -2.6444866e-04  -9.2084761e-04  -1.3958352e-04  -2.2969572e-03
  -2.6819689e-04  -8.0849266e-04  -1.8830634e-04  -2.1355697e-03
  -8.4533232e-05  -9.1335728e-04  -3.4197060e-04  -2.3907871e-03
  -6.2043804e-05  -7.8976684e-04  -1.1334816e-04  -2.0492462e-03
  -1.5949799e-04  -8.4594431e-04  -5.7129520e-05  -2.2819444e-03
  -8.4533232e-05  -6.4370540e-04  -9.8356519e-05  -2.3682679e-03
  -1.6699447e-04  -5.5382144e-04  -1.9205424e-04  -2.0229738e-03
  -2.3446275e-04  -9.9949608e-04  -2.7076033e-04  -2.2406592e-03
  -1.1451914e-04  -8.6092497e-04  -2.0329797e-04  -2.1205569e-03
  -1.1451914e-04  -7.5231519e-04  -2.7450824e-04  -2.1731017e-03
  -2.1572156e-04  -9.5080893e-04  -2.7450824e-04  -2.0830250e-03
   9.9130430e-05  -8.7216047e-04  -6.0877429e-05  -2.1768549e-03
  -1.3326033e-04  -9.2833794e-04   6.5849330e-06  -2.3269828e-03
  -1.4825328e-04  -8.9463146e-04  -1.0585234e-04  -1.8690927e-03
   8.7885716e-05  -7.6729585e-04  -3.6820597e-04  -1.9291439e-03
  -1.1451914e-04  -8.9837662e-04  -2.7146248e-05  -2.0267270e-03
   3.1662146e-05  -6.8490222e-04   1.3776175e-04  -1.7977820e-03
  -2.3446275e-04  -7.1486354e-04  -1.3583561e-04  -1.9629227e-03
  -2.7569337e-04  -9.2833794e-04   3.2820296e-05  -1.8991183e-03
  -1.2951209e-04  -8.6092497e-04  -2.4452497e-04  -1.7414840e-03
  -2.8309662e-05  -8.0474750e-04  -1.9580215e-04  -2.0342334e-03
   1.5535400e-04  -5.6880210e-04  -1.6207097e-04  -1.8278076e-03
  -2.1946980e-04  -7.2609903e-04  -1.2084397e-04  -1.9779355e-03
  -2.8318985e-04  -1.0182219e-03   1.9023247e-04  -2.2519188e-03
  -1.6324623e-04  -9.2459278e-04  -6.4625338e-05  -1.8465736e-03
  -1.5949799e-04  -7.0737321e-04   6.2803568e-05  -1.9366503e-03
  -8.8281470e-05  -7.7853134e-04  -1.5082725e-04  -1.9404035e-03
   1.6669194e-05  -8.6841530e-04  -4.2067669e-04  -1.8690927e-03
  -7.3288518e-05  -7.4857002e-04  -1.5832306e-04  -2.0229738e-03
  -2.5320394e-04  -9.8451542e-04  -4.2137884e-05  -1.8503268e-03
  -2.7569337e-04  -9.3957344e-04   1.8273666e-04  -1.9253907e-03
  -3.7689580e-04  -8.2347332e-04  -3.8389975e-05  -2.1092973e-03
  -2.1197332e-04  -1.0556735e-03  -3.0074361e-04  -1.9666759e-03
  -1.1451914e-04  -8.6467014e-04  -1.9205424e-04  -1.8353140e-03
  -1.1451914e-04  -8.6467014e-04  -2.8949988e-04  -1.9741823e-03
  -2.2696628e-04  -8.7590563e-04  -2.1454170e-04  -2.3119700e-03
  -3.6190284e-04  -7.6355068e-04  -1.5457515e-04  -2.2031273e-03
  -2.6070042e-04  -8.7216047e-04  -3.0449151e-04  -2.0192206e-03
  -3.2067223e-04  -6.9613771e-04  -2.1454170e-04  -2.0042078e-03
  -3.4690989e-04  -9.1335728e-04  -1.1709606e-04  -1.9854418e-03
  -3.8439227e-04  -9.2833794e-04  -1.5082725e-04  -2.0867782e-03
  -3.6565108e-04  -6.4745057e-04  -3.8319760e-04  -2.1055441e-03
  -2.5695218e-04  -1.0781445e-03  -2.9324779e-04  -2.0004546e-03
  -2.4195923e-04  -1.0032412e-03  -6.4625338e-05  -2.0267270e-03
  -3.6939932e-04  -7.7478618e-04  -3.3822270e-04  -2.3757743e-03
  -5.0058765e-04  -8.6467014e-04  -2.1079379e-04  -2.2181401e-03
  -2.4570747e-04  -8.2721849e-04  -1.3583561e-04  -1.9816886e-03
  -1.2951209e-04  -1.0743994e-03  -3.3447479e-04  -2.1806081e-03
  -3.6190284e-04  -1.1605382e-03  -3.0449151e-04  -2.1243101e-03
  -4.3686760e-04  -1.3290706e-03  -1.5082725e-04  -2.0229738e-03
  -4.8934294e-04  -1.2429318e-03   1.1152638e-04  -1.9929482e-03
  -4.5186056e-04  -9.5829926e-04  -2.8200406e-04  -1.9103779e-03
  -2.5695218e-04  -1.1642833e-03  -4.7314742e-04  -2.0680122e-03
  -2.0447685e-04  -8.8339596e-04  -2.2203752e-04  -1.9967014e-03
  -2.5695218e-04  -7.4482486e-04  -4.1692878e-04  -1.8690927e-03
  -9.9526184e-05  -8.4219915e-04  -4.6939951e-04  -1.9929482e-03
  -6.9540280e-05  -6.8115705e-04  -2.1079379e-04  -1.7527436e-03
  -4.2562289e-04  -9.3208311e-04   1.2277011e-04  -1.9779355e-03
  -2.9818280e-04  -1.0519284e-03   8.5291022e-05  -2.1580889e-03
  -2.1572156e-04  -8.6467014e-04  -6.4625338e-05  -1.7790160e-03
  -3.6565108e-04  -9.2084761e-04   1.0403057e-04  -1.9891950e-03
  -1.7823918e-04  -9.9200575e-04  -2.3702915e-04  -2.0229738e-03
  -1.3700856e-04  -7.2609903e-04  -5.3311396e-04  -1.8728459e-03
   9.1633954e-05  -8.4594431e-04  -4.7314742e-04  -2.0830250e-03
  -2.4561424e-05  -1.0369477e-03  -2.2203752e-04  -1.8203012e-03
  -5.4931474e-04  -7.8976684e-04   2.8018229e-04  -2.1393229e-03
  -3.7314756e-04  -9.0586695e-04  -6.4625338e-05  -2.3232296e-03
  -1.7823918e-04  -1.0069864e-03  -2.1454170e-04  -1.7902756e-03
   5.4244800e-06  -9.3582827e-04  -6.3055960e-04  -2.0755186e-03
   1.9658462e-04  -8.0849266e-04  -8.9666114e-04  -2.0229738e-03
  -2.3446275e-04  -1.0144767e-03   2.8370240e-06  -2.1168037e-03
  -3.8814051e-04  -1.0931252e-03  -9.1088500e-07  -2.1243101e-03
  -4.3686760e-04  -7.5606035e-04   1.2651802e-04  -2.0117142e-03
  -2.3821099e-04  -9.9949608e-04  -3.8389975e-05  -2.4245659e-03
   2.7529762e-04  -7.7104101e-04  -5.4060978e-04  -1.9741823e-03
   5.7899812e-05  -7.6355068e-04  -1.7331470e-04  -2.0830250e-03
   3.1662146e-05  -1.0144767e-03  -2.5202079e-04  -2.3157232e-03
  -6.9540280e-05  -8.3096365e-04  -2.6701242e-04  -1.9178843e-03
  -2.3821099e-04  -9.2084761e-04  -6.4625338e-05  -2.0980378e-03
  -1.5574975e-04  -8.7216047e-04  -1.7706261e-04  -2.2369060e-03
  -2.6444866e-04  -9.3957344e-04  -1.3583561e-04  -2.2819444e-03
   3.9158622e-05  -7.1486354e-04  -1.6956679e-04  -2.1618421e-03
  -3.5815461e-04  -7.1860870e-04  -4.2137884e-05  -2.1092973e-03
   2.0417432e-05  -8.9088629e-04   8.5291022e-05  -2.1430761e-03
  -7.7036756e-05  -8.1598299e-04  -4.4316415e-04  -1.9779355e-03
   1.5910224e-04  -1.0556735e-03  -1.3583561e-04  -2.0529994e-03
   1.2911633e-04  -9.3208311e-04   9.6534749e-05  -1.9591695e-03
  -6.7300660e-04  -7.7853134e-04  -4.0943297e-04  -2.0680122e-03
   3.1278000e-04  -9.2084761e-04  -2.5576870e-04  -2.2669316e-03
  -1.2614800e-03  -1.0406929e-03  -3.7570179e-04  -2.1505825e-03
   6.5761789e-04  -8.6841530e-04  -8.3364883e-05  -2.2218933e-03
  -1.1190469e-03  -8.4594431e-04  -2.6326452e-04  -2.1468293e-03
   5.0394013e-04  -8.7216047e-04  -2.3398339e-05  -2.1881145e-03
  -1.2576385e-04  -9.3582827e-04   3.6568205e-05  -2.0304802e-03
  -1.8368438e-02  -2.3103038e-03  -1.5457515e-04  -2.1768549e-03
  -8.6305159e-03  -3.1304950e-03   7.4867091e-04  -2.7548472e-03
   1.1250138e-02  -1.0931252e-03  -5.2329918e-03  -1.8615863e-03
   7.7043053e-03   1.5959033e-03  -8.1301255e-03  -8.9701471e-04
   4.4133524e-03   2.3973686e-03  -5.2936605e-04  -2.0079610e-03
  -5.6881490e-03   2.9258585e-04   5.4298093e-03  -3.7531976e-03
  -1.6284418e-02  -3.5986406e-03   5.4110697e-03  -3.5467718e-03
  -1.4117936e-02  -4.8008386e-03   1.6856482e-03  -2.4658511e-03
  -7.6109951e-03  -3.1342401e-03   4.7811932e-05  -2.2519188e-03
   1.4185102e-03  -4.1150517e-04  -2.3658415e-03  -1.4112027e-03
   5.8039487e-03   1.9442036e-03  -6.1924566e-03  -3.3028197e-04
   7.4606699e-03   1.2625836e-03  -4.6708055e-03  -8.6698914e-04
   5.3504119e-03  -3.2821850e-06   2.7725418e-03  -2.4208127e-03
   3.1989233e-03   4.5404960e-05   7.5136467e-03  -3.2465160e-03
   1.5729283e-02   1.3711934e-03   6.7565690e-03  -2.4846170e-03
   1.3828926e-02   2.6557850e-03   8.8254148e-03  -2.0529994e-03
  -1.2686109e-02  -6.3996024e-04   1.4724624e-02  -3.1264137e-03
  -2.5336413e-02  -5.6135394e-03   1.5215600e-02  -3.3591119e-03
  -9.1177868e-03  -6.7071275e-03   4.1067974e-03  -1.5763434e-03
   1.6876244e-02  -3.0967885e-03  -8.0551673e-03   1.8127935e-03
   2.6531705e-02   3.2175597e-03  -1.6263088e-02   3.8282603e-03
   1.8053190e-02   6.5133049e-03  -1.0914822e-02   9.8709018e-04
   4.1359828e-03   4.1014187e-03   4.9913039e-03  -3.4154099e-03
  -7.8583788e-03  -1.9957100e-03   6.4305010e-03  -5.3070212e-03
  -1.3387030e-02  -6.8269728e-03   6.2093743e-03  -5.8249624e-03
  -1.0504635e-02  -5.7333846e-03   7.5024029e-03  -5.1869189e-03
   2.1981437e-03  -1.5125837e-03  -4.9631424e-03  -2.4095531e-03
   1.5654318e-02   1.5659420e-03  -1.6465475e-02   6.0801728e-04
   1.5553116e-02   2.1876393e-03  -1.5588464e-02   1.5500697e-03
   3.9524123e-04  -2.4297275e-04  -8.3475042e-03  -3.1902238e-04
  -1.7956132e-02  -2.7784495e-03  -2.9324779e-04  -2.9462603e-03
  -2.1232092e-02  -3.5686793e-03   2.4502216e-03  -3.3365928e-03
  -4.5899153e-03  -3.2765564e-03  -4.8806884e-03  -2.3007104e-03
   1.4507357e-02  -8.7216047e-04  -7.6166620e-03  -2.3007104e-03
   1.7502199e-02   1.9179875e-03  -1.2751999e-03  -3.1301669e-03
   5.8489275e-03   1.7943970e-03  -1.3801414e-03  -3.3253332e-03
  -5.1521510e-03  -4.7517298e-04  -1.9573194e-03  -3.3028140e-03
  -9.0015914e-03  -2.7185268e-03   2.4277341e-03  -3.3440992e-03
  -8.0870214e-03  -2.9769432e-03  -8.0671132e-04  -2.3795275e-03
  -2.3597137e-03  -9.0961212e-04  -6.7171638e-03  -8.8950832e-04
   6.1188007e-03   3.0007618e-04  -5.7576991e-03  -3.4529476e-04
   8.4014776e-03   5.6640455e-05  -3.7563157e-03  -8.1444438e-04
   1.2760772e-03  -3.0289539e-04  -6.9427405e-04  -1.6589137e-03
  -5.8118409e-03  -1.1455575e-03   4.8039085e-03  -2.9500135e-03
  -4.6986142e-03  -1.8571389e-03   6.6816109e-03  -3.7832232e-03
   7.2133794e-04  -1.6211935e-03   3.5296194e-03  -3.0626094e-03
   3.8211308e-03  -9.0586695e-04   7.7865419e-04  -2.1092973e-03
   4.4171006e-03  -4.1525034e-04   7.8989791e-04  -1.7940288e-03
   2.2018919e-03  -4.0026968e-04   6.9245228e-04  -1.3661643e-03
  -1.5276049e-03  -1.1942447e-03  -4.5440787e-04  -7.7691241e-04
  -4.4549787e-03  -1.7522742e-03  -1.2714520e-03  -7.6940602e-04
  -4.9385014e-03  -1.5500353e-03  -1.3958352e-04  -1.3511516e-03
  -1.4338989e-03  -8.7965080e-04   6.6996483e-04  -1.4449815e-03
   2.6666735e-03  -3.3285671e-04  -2.1079379e-04  -1.5237986e-03
   4.4433383e-03  -6.0999892e-04   8.9109146e-04  -2.0980378e-03
   2.1419201e-03  -6.6243123e-04   3.4846445e-03  -2.4921234e-03
  -2.2285254e-03  -7.1860870e-04   4.2979407e-03  -3.0138178e-03
  -2.9444388e-03  -7.4482486e-04   2.1803722e-03  -2.6497577e-03
  -3.6190284e-04  -8.7590563e-04  -1.1402752e-03  -1.4524879e-03
   6.0514256e-04  -1.2242060e-03  -2.3620936e-03  -1.2986068e-03
  -1.3364447e-03  -8.7216047e-04  -1.2527125e-03  -1.5350582e-03
  -2.2210289e-03  -5.1636979e-04  -7.6923223e-04  -1.5237986e-03
  -5.4181827e-04  -8.1930650e-05  -8.2919877e-04  -1.9328971e-03
   8.7876393e-04  -1.3810813e-04  -1.6207097e-04  -2.2856976e-03
  -1.4825328e-04  -3.7779869e-04   6.7746064e-04  -2.4358255e-03
  -2.1048335e-03  -2.3922758e-04   2.2365908e-03  -2.6460045e-03
  -1.9511558e-03  -8.1223783e-04   2.1953638e-03  -2.4320723e-03
  -2.5320394e-04  -1.3665222e-03   6.9620019e-04  -2.0942846e-03
   6.3887670e-04  -1.5050934e-03   3.5514047e-04  -2.0792718e-03
  -4.1437818e-04  -1.0257122e-03   5.9500665e-04  -2.3570083e-03
  -1.9624005e-03  -2.3922758e-04   8.5736028e-04  -2.2293996e-03
  -1.4039130e-03  -2.3173725e-04   1.3776175e-04  -1.9629227e-03
  -3.6565108e-04  -8.1223783e-04  -2.4827288e-04  -2.0042078e-03
  -7.8170550e-04  -1.1605382e-03   4.4509029e-04  -1.8615863e-03
  -1.4863742e-03  -1.0856349e-03   9.5855382e-04  -2.1243101e-03
  -1.4413954e-03  -8.6092497e-04   1.0372599e-03  -2.2819444e-03
  -2.6070042e-04  -6.3246991e-04   7.4867091e-04  -2.2143869e-03
   6.1638727e-04  -7.7853134e-04   9.1732682e-04  -2.3870339e-03
   9.9130430e-05  -9.2459278e-04   1.0035287e-03  -2.3795275e-03
  -9.5412445e-04  -1.0781445e-03   8.6485609e-04  -2.3232296e-03
  -1.4226542e-03  -1.1418123e-03   4.7882147e-04  -2.1655953e-03
  -1.0553269e-03  -8.9837662e-04  -4.6565160e-04  -2.1543357e-03
  -4.8559470e-04  -7.4857002e-04  -1.0090984e-03  -2.0755186e-03
  -2.5320394e-04  -4.3397616e-04  -1.0578212e-03  -1.7640032e-03
  -2.6444866e-04  -4.1899550e-04  -1.0016026e-03  -1.9028715e-03
  -1.3326033e-04  -7.8602167e-04  -9.9410677e-04  -1.9929482e-03
  -4.1437818e-04  -1.1230865e-03  -9.8661095e-04  -1.9066247e-03
  -8.0794317e-04  -1.2242060e-03  -7.0176987e-04  -2.0792718e-03
  -9.5412445e-04  -1.1006155e-03  -7.3924896e-04  -2.3382424e-03
  -7.0299250e-04  -1.1680285e-03  -1.2939395e-03  -2.3082168e-03
   2.0417432e-05  -8.7216047e-04  -1.1140399e-03  -2.1092973e-03
  -1.1451914e-04  -7.4107969e-04  -1.0990482e-03  -2.1168037e-03
  -4.3311937e-04  -9.7702509e-04  -1.8298905e-03  -1.9216375e-03
  -7.1798545e-04  -9.0212179e-04  -1.9085966e-03  -1.8765991e-03
  -1.4976190e-03  -9.3582827e-04  -1.8823612e-03  -1.8728459e-03
  -1.8124709e-03  -6.3246991e-04  -2.0135380e-03  -1.6889393e-03
  -1.3589342e-03  -6.6617639e-04  -1.6462429e-03  -1.9141311e-03
  -2.7569337e-04  -9.7327992e-04  -1.2152334e-03  -2.1655953e-03
   3.4651414e-04  -6.1748925e-04  -1.3801414e-03  -2.2781912e-03
   5.4151574e-05  -7.5980552e-04  -1.0765608e-03  -2.1843613e-03
  -2.2321804e-04  -8.6467014e-04  -9.0860701e-05  -2.2819444e-03
  -5.0808413e-04  -6.4370540e-04   5.8001501e-04  -2.4245659e-03
  -1.0853128e-03  -8.1972816e-04   8.3487282e-04  -2.2031273e-03
  -1.2764729e-03  -1.0369477e-03   8.1238537e-04  -2.2932040e-03
  -9.4662797e-04  -9.8826058e-04   1.1496972e-03  -2.1318165e-03
  -7.8545374e-04  -7.5606035e-04   1.1721846e-03  -1.8578331e-03
  -6.5801365e-04  -6.9239255e-04   9.9978082e-04  -2.1092973e-03
  -3.7689580e-04  -6.0250859e-04   1.5020006e-03  -2.0980378e-03
  -3.6565108e-04  -6.6243123e-04   2.0866744e-03  -2.1393229e-03
  -6.7675484e-04  -9.5455410e-04   2.4802049e-03  -2.2406592e-03
  -7.1048898e-04  -1.1380672e-03   2.5064402e-03  -2.1017910e-03
  -5.0808413e-04  -1.1904995e-03   2.3902551e-03  -2.2369060e-03
  -6.8425131e-04  -1.0294574e-03   1.9929767e-03  -2.1843613e-03
  -8.6041850e-04  -9.4331860e-04   1.5132444e-03  -1.9741823e-03
  -5.8304889e-04  -1.0444381e-03   1.6444212e-03  -2.0342334e-03
  -2.9443456e-04  -8.9088629e-04   1.4420341e-03  -2.0342334e-03
  -5.1932884e-04  -8.7216047e-04   5.6877128e-04  -1.9891950e-03
  -5.9054536e-04  -1.2466770e-03   4.8631728e-04  -1.9741823e-03
  -2.3071451e-04  -1.1530478e-03   8.3487282e-04  -2.0117142e-03
  -3.9188875e-04  -1.0818897e-03   4.7507356e-04  -2.1318165e-03
  -5.5681122e-04  -1.0556735e-03   1.4900547e-04  -2.1130505e-03
  -5.4547328e-05  -9.3208311e-04  -1.7706261e-04  -2.0792718e-03
   3.0528352e-04  -1.1230865e-03  -6.7928241e-04  -2.2369060e-03
   1.6659871e-04  -1.0968704e-03  -1.0428296e-03  -2.0267270e-03
  -4.7050852e-05  -1.0781445e-03  -1.5637889e-03  -1.7564968e-03
  -5.0058765e-04  -9.3582827e-04  -1.9011007e-03  -2.1205569e-03
  -6.9549603e-04  -8.4968948e-04  -2.0135380e-03  -2.0004546e-03
  -2.1197332e-04  -7.8227651e-04  -2.2871354e-03  -1.6964457e-03
  -7.3288518e-05  -6.0999892e-04  -2.5270016e-03  -1.8690927e-03
   2.1157757e-04  -7.4107969e-04  -2.3208666e-03  -1.8540799e-03
   3.8399652e-04  -6.9239255e-04  -2.0360255e-03  -2.2143869e-03
  -6.2043804e-05  -8.6092497e-04  -2.1896897e-03  -2.3419956e-03
  -1.2951209e-04  -1.2242060e-03  -2.1522107e-03  -1.9967014e-03
  -1.5574975e-04  -1.2391866e-03  -1.6537388e-03  -2.1393229e-03
  -1.0702266e-04  -9.6578959e-04  -1.5825285e-03  -2.2856976e-03
  -2.9068632e-04  -7.8227651e-04  -2.4932704e-03  -2.1055441e-03
  -2.3071451e-04  -7.2609903e-04  -3.1716419e-03  -1.8428204e-03
   4.9644366e-04  -5.3884078e-04  -2.5607327e-03  -2.1393229e-03
   1.3286457e-04  -7.7104101e-04  -1.5900243e-03  -2.2819444e-03
  -4.1437818e-04  -8.4594431e-04  -1.4550996e-03  -1.8991183e-03
  -1.2201561e-04  -7.1111837e-04  -9.3414023e-04  -2.1505825e-03
   1.3286457e-04  -9.6578959e-04   2.3145947e-04  -2.3307360e-03
  -5.8295566e-05  -8.7216047e-04   3.8137583e-04  -2.1243101e-03
  -1.9323213e-04  -8.9463146e-04   4.3759447e-04  -2.1017910e-03
   8.0389240e-05  -1.0931252e-03   8.2362909e-04  -2.0154674e-03
  -2.4561424e-05  -9.2833794e-04   1.0035287e-03  -1.9328971e-03
   5.4151574e-05  -8.6467014e-04   1.2096637e-03  -1.9216375e-03
   2.4531171e-04  -8.6467014e-04   1.3370926e-03  -1.7940288e-03
   1.0287867e-04  -8.9088629e-04   1.6106900e-03  -1.9704291e-03
   2.4905995e-04  -9.4706377e-04   1.9292623e-03  -2.1881145e-03
  -2.4561424e-05  -1.0144767e-03   2.1129098e-03  -1.9404035e-03
  -8.4533232e-05  -9.3208311e-04   2.4877007e-03  -1.9479099e-03
   3.2027647e-04  -9.8077025e-04   2.3340364e-03  -2.1843613e-03
   4.7020599e-04  -1.0743994e-03   1.8093292e-03  -2.2444124e-03
   3.5026238e-04  -8.1598299e-04   1.6219337e-03  -2.2481656e-03
   1.6669194e-05  -9.6578959e-04   1.0897306e-03  -2.0492462e-03
   2.7529762e-04  -1.0257122e-03   1.2546386e-03  -1.8240544e-03
   3.3152119e-04  -9.9200575e-04   1.3708238e-03  -2.1205569e-03
   6.1648050e-05  -8.7965080e-04   6.5872110e-04  -2.3232296e-03
   9.1633954e-05  -6.2872474e-04   4.1135910e-04  -1.9891950e-03
   3.5026238e-04  -9.1335728e-04   3.1391347e-04  -1.9629227e-03
   4.8894718e-04  -8.8714113e-04   2.0147620e-04  -2.2331528e-03
   1.5910224e-04  -7.5606035e-04  -3.6445806e-04  -2.2369060e-03
   4.9269542e-04  -7.2235387e-04  -4.5065997e-04  -2.0154674e-03
   4.7770247e-04  -8.2347332e-04  -4.5815578e-04  -1.8465736e-03
   1.9283638e-04  -7.1111837e-04  -1.1177878e-03  -1.9141311e-03
   6.9135203e-04  -3.3660187e-04  -1.3651498e-03  -2.0830250e-03
   7.6256856e-04  -7.9725717e-04  -1.8636217e-03  -1.8878587e-03
   6.6886261e-04  -5.9876342e-04  -2.2234209e-03  -1.8315608e-03
   4.4396833e-04  -3.9652451e-04  -2.1859418e-03  -1.9891950e-03
   3.5410384e-05  -1.0594187e-03  -1.9723110e-03  -1.9516631e-03
   1.9658462e-04  -8.4968948e-04  -1.4513517e-03  -2.2143869e-03
   3.3901766e-04  -7.5231519e-04  -1.2789479e-03  -2.2181401e-03
  -5.8202340e-06  -7.5980552e-04  -1.6387471e-03  -2.0004546e-03
   2.4531171e-04  -6.9988288e-04  -1.7661760e-03  -1.9591695e-03
   9.1249808e-04  -9.8826058e-04  -1.3951330e-03  -1.9554163e-03
   8.6751922e-04  -6.1748925e-04  -1.8898570e-03  -1.9629227e-03
   2.5655643e-04  -5.8378276e-04  -2.5232536e-03  -1.8653395e-03
  -1.3316710e-05  -7.4857002e-04  -2.0660087e-03  -1.9854418e-03
   6.0514256e-04  -5.6880210e-04  -1.4401079e-03  -2.0454930e-03
   3.6900357e-04  -9.8451542e-04  -1.0915524e-03  -2.2519188e-03
  -2.9443456e-04  -9.9949608e-04  -9.0040905e-04  -2.0154674e-03
   2.4156347e-04  -7.1486354e-04  -2.0704588e-04  -1.7227181e-03
   4.1398242e-04  -7.4482486e-04   1.4900547e-04  -2.2631784e-03
   1.0287867e-04  -6.9613771e-04  -2.2953333e-04  -2.1205569e-03
  -2.0447685e-04  -9.9575091e-04  -8.3364883e-05  -1.8878587e-03
  -1.3316710e-05  -1.0444381e-03   6.6996483e-04  -2.1956209e-03
   5.5641547e-04  -8.2721849e-04   9.6604964e-04  -2.1468293e-03
   3.4276590e-04  -9.3957344e-04   4.6757774e-04  -1.6401477e-03
  -1.4075680e-04  -9.4706377e-04   7.5991464e-04  -1.7114585e-03
  -3.8064403e-04  -7.9725717e-04   1.4757653e-03  -2.2181401e-03
  -3.0567927e-04  -8.2347332e-04   1.7381189e-03  -2.1881145e-03
  -5.8295566e-05  -1.0107316e-03   1.3071094e-03  -2.0417398e-03
   2.7154938e-04  -8.0474750e-04   1.0410078e-03  -1.9291439e-03
   1.8159167e-04  -6.9988288e-04   1.6706565e-03  -2.1655953e-03
  -3.7314756e-04  -8.0474750e-04   1.4945048e-03  -2.1881145e-03
  -2.6819689e-04  -7.3733453e-04   9.6979755e-04  -2.0980378e-03
  -5.8295566e-05  -9.2833794e-04   7.5616673e-04  -2.2369060e-03
  -3.3566518e-04  -8.4219915e-04   6.1749410e-04  -2.1092973e-03
  -4.7434998e-04  -8.4968948e-04   5.7251919e-04  -2.0905314e-03
  -4.5935703e-04  -1.1567930e-03   3.6638420e-04  -2.0867782e-03
   2.7913908e-05  -1.0219671e-03  -1.8830634e-04  -2.1092973e-03
   1.3286457e-04  -9.4706377e-04  -1.6581888e-04  -2.0154674e-03
  -4.4811232e-04  -9.0961212e-04   7.7795204e-05  -1.9854418e-03
  -4.0313346e-04  -7.8976684e-04  -4.3566833e-04  -2.1655953e-03
  -3.1317575e-04  -8.5717981e-04  -6.8303032e-04  -2.1693485e-03
  -9.2029708e-05  -8.0849266e-04  -1.1477710e-03  -2.0642590e-03
  -1.3700856e-04  -7.7478618e-04  -1.1740064e-03  -2.0755186e-03
  -4.4436408e-04  -8.5343464e-04  -1.0240900e-03  -2.1205569e-03
  -3.4316165e-04  -7.5606035e-04  -1.2489646e-03  -1.9666759e-03
  -3.5815461e-04  -6.9613771e-04  -1.3351665e-03  -2.0342334e-03
   4.2906860e-05  -7.4857002e-04  -1.7436886e-03  -2.1280633e-03
  -6.5792042e-05  -7.4857002e-04  -1.3576539e-03  -2.2631784e-03
  -2.4570747e-04  -8.1223783e-04  -1.1102919e-03  -2.4208127e-03
   4.6655098e-05  -8.9463146e-04  -1.2826958e-03  -1.8916119e-03
  -1.9698037e-04  -8.7965080e-04  -1.0653170e-03  -1.8916119e-03
  -3.3566518e-04  -9.3208311e-04  -8.7042577e-04  -2.3232296e-03
  -5.4556651e-04  -1.0481832e-03  -8.6667786e-04  -2.0529994e-03
  -5.9429360e-04  -9.2084761e-04  -1.1252836e-03  -2.0117142e-03
  -3.2442046e-04  -9.0586695e-04  -9.5662768e-04  -2.1243101e-03
  -3.9554376e-05  -9.5829926e-04  -8.1045923e-04  -1.8165480e-03
   9.9130430e-05  -4.6768265e-04  -9.0415695e-04  -1.8052884e-03
  -3.9554376e-05  -5.4258595e-04  -7.3550105e-04  -2.0642590e-03
   5.4151574e-05  -8.7216047e-04  -3.4571851e-04  -2.0304802e-03
  -3.3566518e-04  -8.0474750e-04   1.1527429e-04  -2.0717654e-03
  -7.7420902e-04  -9.7327992e-04   3.1016556e-04  -2.2106337e-03
