  -2.8318985e-04  -9.1710245e-04   1.9398038e-04  -2.1355697e-03
  -4.1812641e-04  -9.1335728e-04   3.4389674e-04  -1.9441567e-03
  -3.6190284e-04  -7.4857002e-04   1.5650129e-04  -1.9516631e-03
  -1.4825328e-04  -5.6131177e-04  -5.3381611e-05  -2.2969572e-03
  -1.6699447e-04  -6.6992156e-04  -3.2323106e-04  -1.9666759e-03
  -5.8295566e-05  -8.4968948e-04  -2.9324779e-04  -1.8653395e-03
  -1.7823918e-04  -7.1111837e-04  -1.7706261e-04  -1.9967014e-03
  -1.7449094e-04  -4.6768265e-04  -1.8830634e-04  -1.8991183e-03
  -2.0813186e-05  -9.2084761e-04  -1.8455843e-04  -2.1355697e-03
  -2.4195923e-04  -8.7590563e-04  -2.1454170e-04  -2.1881145e-03
  -3.5065813e-04  -5.9876342e-04  -3.8389975e-05  -2.0192206e-03
  -4.2187465e-04  -1.0444381e-03  -2.0704588e-04  -1.9704291e-03
  -3.0193104e-04  -9.8077025e-04  -4.6190369e-04  -2.0830250e-03
  -2.9068632e-04  -8.0474750e-04  -2.0329797e-04  -2.2819444e-03
  -5.0433589e-04  -8.0849266e-04  -3.1948315e-04  -1.9666759e-03
  -3.6565108e-04  -9.3957344e-04  -4.4691206e-04  -2.0042078e-03
  -2.3446275e-04  -1.0444381e-03  -3.6820597e-04  -2.0867782e-03
  -3.1317575e-04  -9.6953476e-04  -3.8694551e-04  -2.1168037e-03
  -4.2937113e-04  -1.0406929e-03  -1.1334816e-04  -2.2594252e-03
  -4.1062994e-04  -9.3582827e-04  -2.2203752e-04  -1.8916119e-03
  -2.7569337e-04  -1.1081059e-03  -3.4946642e-04  -2.1468293e-03
  -2.9818280e-04  -1.0332026e-03  -1.7706261e-04  -2.2293996e-03
  -5.0058765e-04  -8.7965080e-04  -2.7450824e-04  -2.1280633e-03
  -4.1062994e-04  -1.0219671e-03  -1.8081052e-04  -2.1618421e-03
  -3.1317575e-04  -8.8714113e-04  -2.0329797e-04  -1.9253907e-03
  -4.0688170e-04  -8.2347332e-04  -1.4707934e-04  -2.1355697e-03
  -3.0193104e-04  -8.6841530e-04  -9.1088500e-07  -2.1393229e-03
  -3.5815461e-04  -9.8077025e-04  -3.8694551e-04  -2.0379866e-03
  -3.1692399e-04  -7.8227651e-04  -4.3566833e-04  -1.9891950e-03
  -6.5792042e-05  -8.8714113e-04  -3.9444133e-04  -1.9328971e-03
  -2.0822509e-04  -8.5717981e-04  -3.2323106e-04  -2.0680122e-03
  -4.2187465e-04  -7.2984420e-04   1.9023247e-04  -2.0417398e-03
  -2.5695218e-04  -9.9575091e-04   1.0777848e-04  -1.8653395e-03
  -2.6819689e-04  -7.8976684e-04  -9.8356519e-05  -2.0905314e-03
  -2.8318985e-04  -9.8451542e-04   1.3776175e-04  -2.1580889e-03
  -1.3326033e-04  -7.7104101e-04   2.9072387e-05  -1.8953651e-03
  -1.4450504e-04  -5.3884078e-04  -3.1198733e-04  -2.2031273e-03
  -9.5684720e-06  -7.9725717e-04  -5.4435769e-04  -1.9967014e-03
  -3.2057900e-05  -6.8864738e-04  -5.1812233e-04  -1.8503268e-03
  -2.7569337e-04  -8.5343464e-04  -4.5885793e-05  -2.2669316e-03
  -4.4811232e-04  -7.9351200e-04   3.9636747e-04  -2.0717654e-03
  -5.6055946e-04  -1.0818897e-03   1.7828660e-05  -1.9253907e-03
  -3.6939932e-04  -9.1710245e-04  -1.6207097e-04  -1.7977820e-03
  -2.2696628e-04  -4.5270199e-04   9.6534749e-05  -1.7452372e-03
  -2.8318985e-04  -8.7590563e-04  -1.9955006e-04  -2.0905314e-03
  -1.8573566e-04  -8.2347332e-04  -3.2697897e-04  -2.1543357e-03
  -2.2321804e-04  -7.9351200e-04  -4.3566833e-04  -2.1130505e-03
  -1.0702266e-04  -9.3582827e-04  -2.8575197e-04  -2.0717654e-03
  -9.9526184e-05  -8.9088629e-04  -9.8356519e-05  -1.9967014e-03
  -9.9526184e-05  -8.6841530e-04  -2.7825615e-04  -2.1430761e-03
  -9.5684720e-06  -7.4482486e-04   8.1543113e-05  -2.0379866e-03
  -4.3311937e-04  -7.3358936e-04  -2.3398339e-05  -2.0605058e-03
  -3.4316165e-04  -6.9613771e-04  -1.9580215e-04  -2.3082168e-03
  -1.3700856e-04  -8.3845398e-04  -1.3958352e-04  -2.2819444e-03
  -1.1451914e-04  -8.9088629e-04  -1.7706261e-04  -2.2181401e-03
   4.6655098e-05  -6.3246991e-04   2.1576569e-05  -2.1055441e-03
  -2.7194513e-04  -6.9239255e-04  -2.6701242e-04  -2.1806081e-03
  -3.7314756e-04  -8.8714113e-04  -2.8575197e-04  -2.1806081e-03
  -1.8948390e-04  -7.4857002e-04  -1.3583561e-04  -2.3082168e-03
  -1.7823918e-04  -6.8115705e-04  -2.2578543e-04  -2.3007104e-03
  -1.4825328e-04  -8.1598299e-04  -1.4333143e-04  -1.9216375e-03
  -8.0784994e-05  -6.6617639e-04  -1.6207097e-04  -2.4696043e-03
  -1.8573566e-04  -7.7853134e-04  -2.2953333e-04  -2.5033830e-03
  -3.3566518e-04  -9.9575091e-04  -8.7112792e-05  -1.9854418e-03
  -1.8198742e-04  -7.7478618e-04   3.6568205e-05  -2.3007104e-03
  -3.7314756e-04  -9.3208311e-04  -6.0877429e-05  -2.1956209e-03
  -3.0567927e-04  -1.0406929e-03  -5.3381611e-05  -2.0492462e-03
   2.0408109e-04  -8.1223783e-04  -1.3208770e-04  -1.9967014e-03
  -1.1077090e-04  -6.8490222e-04   5.5307750e-05  -2.1355697e-03
  -1.2201561e-04  -6.8864738e-04  -6.4625338e-05  -2.2106337e-03
   1.2161986e-04  -7.4482486e-04  -2.7076033e-04  -1.8390672e-03
  -4.3302614e-05  -6.8864738e-04   1.3401384e-04  -2.0717654e-03
   3.5410384e-05  -8.2721849e-04  -7.5869065e-05  -1.9103779e-03
  -1.7449094e-04  -8.1223783e-04  -4.5885793e-05  -1.9704291e-03
  -1.7823918e-04  -8.3096365e-04   8.1543113e-05  -2.2406592e-03
  -3.9554376e-05  -8.6467014e-04   2.5324478e-05  -1.8353140e-03
  -2.4570747e-04  -6.5868606e-04   2.2396365e-04  -1.8953651e-03
  -2.0822509e-04  -9.6204443e-04   1.3776175e-04  -1.8803523e-03
  -1.4825328e-04  -9.6204443e-04   1.9398038e-04  -1.9967014e-03
   5.4244800e-06  -7.2235387e-04  -4.9633702e-05  -1.9779355e-03
   6.9144526e-05  -7.1486354e-04  -6.4625338e-05  -1.9103779e-03
  -7.7036756e-05  -5.8378276e-04  -1.4707934e-04  -2.3232296e-03
   8.4137478e-05  -9.2459278e-04  -3.3447479e-04  -1.8465736e-03
   2.0417432e-05  -8.9463146e-04  -7.5869065e-05  -1.7902756e-03
  -2.7194513e-04  -8.0849266e-04  -1.6207097e-04  -2.3269828e-03
  -2.6819689e-04  -1.0594187e-03   1.1527429e-04  -2.0154674e-03
  -1.3700856e-04  -7.7104101e-04   1.0403057e-04  -1.8540799e-03
  -5.8295566e-05  -9.0212179e-04  -1.5082725e-04  -2.1468293e-03
  -6.9540280e-05  -8.6092497e-04  -9.0860701e-05  -2.1055441e-03
  -1.0327442e-04  -6.4745057e-04  -1.6207097e-04  -1.8203012e-03
  -5.4547328e-05  -9.2084761e-04  -2.4452497e-04  -2.0117142e-03
  -9.5777946e-05  -9.2833794e-04  -3.4946642e-04  -2.1280633e-03
  -1.7449094e-04  -9.0961212e-04  -1.4707934e-04  -2.1280633e-03
  -3.4690989e-04  -8.7590563e-04  -2.3328124e-04  -2.1993741e-03
  -5.4181827e-04  -9.6953476e-04  -2.2203752e-04  -1.9666759e-03
  -4.4811232e-04  -1.0406929e-03  -1.0960025e-04  -2.0492462e-03
  -5.0433589e-04  -9.4331860e-04  -3.8319760e-04  -2.1731017e-03
  -2.1572156e-04  -9.2459278e-04  -1.7331470e-04  -2.0342334e-03
  -9.5684720e-06  -1.0182219e-03  -2.4827288e-04  -2.1580889e-03
  -3.6565108e-04  -1.0519284e-03  -5.8183678e-04  -2.2856976e-03
  -3.5440637e-04  -8.2347332e-04  -2.3328124e-04  -2.0905314e-03
  -2.4570747e-04  -9.1710245e-04  -2.1079379e-04  -2.0717654e-03
  -2.0447685e-04  -9.4706377e-04  -3.3447479e-04  -2.1168037e-03
  -3.2816870e-04  -8.0100233e-04  -1.6207097e-04  -2.2631784e-03
  -4.2937113e-04  -9.6578959e-04  -3.7944969e-04  -2.2519188e-03
  -1.9323213e-04  -7.7478618e-04  -4.2067669e-04  -1.9141311e-03
  -1.8948390e-04  -9.3208311e-04  -1.7331470e-04  -2.0417398e-03
  -3.3941342e-04  -1.1792640e-03  -1.4707934e-04  -2.1355697e-03
  -2.7569337e-04  -9.4331860e-04  -4.0568506e-04  -2.0079610e-03
  -3.7689580e-04  -1.1830092e-03  -2.6326452e-04  -2.0042078e-03
  -5.7555241e-04  -7.8976684e-04   1.9023247e-04  -2.1655953e-03
  -2.0447685e-04  -6.6992156e-04  -2.3702915e-04  -2.1055441e-03
   1.1412338e-04  -9.6204443e-04  -4.3941624e-04  -1.9666759e-03
  -2.6444866e-04  -7.1486354e-04   1.2277011e-04  -2.0154674e-03
  -4.3311937e-04  -9.6204443e-04   5.9055659e-05  -1.9666759e-03
  -1.0327442e-04  -7.1486354e-04  -1.7331470e-04  -1.9066247e-03
  -1.4825328e-04  -7.6355068e-04  -3.3447479e-04  -1.8127948e-03
  -2.2696628e-04  -8.3470882e-04  -4.0568506e-04  -2.0154674e-03
  -8.8281470e-05  -5.3135045e-04  -2.8949988e-04  -2.0304802e-03
  -2.1572156e-04  -9.1335728e-04  -4.2442460e-04  -1.9891950e-03
  -1.6699447e-04  -7.9351200e-04   1.2277011e-04  -2.0042078e-03
  -3.9938522e-04  -8.3845398e-04   2.8767811e-04  -1.9929482e-03
  -6.0179008e-04  -8.6841530e-04   8.1543113e-05  -2.1580889e-03
  -1.5200152e-04  -6.9988288e-04   1.9772829e-04  -1.9666759e-03
  -5.0799090e-05  -8.7216047e-04  -3.0074361e-04  -2.0042078e-03
   3.1662146e-05  -6.5119573e-04  -2.1828961e-04  -1.9366503e-03
   1.1037514e-04  -6.9613771e-04  -4.8813906e-04  -1.8953651e-03
   3.5410384e-05  -8.4594431e-04  -8.5918205e-04  -2.2106337e-03
  -1.1826737e-04  -8.6092497e-04  -1.5457515e-04  -2.1731017e-03
  -4.1062994e-04  -1.0931252e-03  -7.2121156e-05  -2.0529994e-03
  -2.7194513e-04  -9.4331860e-04  -1.3208770e-04  -1.9141311e-03
  -2.6819689e-04  -6.7741189e-04  -8.7112792e-05  -2.0642590e-03
  -1.8573566e-04  -7.9725717e-04  -8.4067030e-06  -2.1393229e-03
  -1.1451914e-04  -9.2833794e-04   1.7149293e-04  -2.0942846e-03
  -3.6565108e-04  -9.6578959e-04  -1.7706261e-04  -2.2181401e-03
  -2.6070042e-04  -8.1972816e-04  -1.7706261e-04  -2.0192206e-03
  -1.4825328e-04  -8.1972816e-04  -1.0585234e-04  -1.9516631e-03
  -7.7036756e-05  -1.0856349e-03  -3.1198733e-04  -2.1017910e-03
  -2.1572156e-04  -8.8714113e-04  -9.4608610e-05  -2.0905314e-03
  -1.7823918e-04  -7.8227651e-04  -1.3958352e-04  -2.0642590e-03
   6.9144526e-05  -8.7590563e-04  -2.2203752e-04  -2.3119700e-03
  -2.2696628e-04  -8.7590563e-04  -1.2154612e-05  -2.2481656e-03
  -1.3326033e-04  -8.7590563e-04  -2.1828961e-04  -2.1205569e-03
   2.0417432e-05  -6.5494090e-04  -4.0943297e-04  -2.1393229e-03
  -2.6819689e-04  -9.8451542e-04  -3.3822270e-04  -2.1318165e-03
  -1.5200152e-04  -1.0069864e-03  -2.4827288e-04  -2.2556720e-03
  -1.5949799e-04  -6.9613771e-04  -1.5457515e-04  -1.9516631e-03
  -3.8439227e-04  -1.0669090e-03   7.7795204e-05  -2.1956209e-03
  -2.0822509e-04  -9.8451542e-04  -8.4067030e-06  -2.3532552e-03
   3.1662146e-05  -8.5717981e-04  -2.9324779e-04  -1.9404035e-03
  -1.7064948e-05  -6.9239255e-04   7.4047295e-05  -1.9291439e-03
   3.9158622e-05  -5.2386012e-04   1.5650129e-04  -1.8765991e-03
  -2.0719960e-06  -7.2235387e-04  -1.3583561e-04  -2.0004546e-03
  -7.3288518e-05  -5.5007628e-04   1.9023247e-04  -1.9404035e-03
  -3.5806138e-05  -5.6880210e-04   2.9517393e-04  -1.9178843e-03
  -2.4195923e-04  -7.4482486e-04   3.6568205e-05  -2.0454930e-03
   1.6669194e-05  -7.6729585e-04  -9.4608610e-05  -1.8428204e-03
   2.1157757e-04  -7.1111837e-04  -3.1948315e-04  -1.9516631e-03
   1.5910224e-04  -6.7366672e-04  -2.7076033e-04  -2.0830250e-03
   2.1157757e-04  -7.9725717e-04  -3.0074361e-04  -1.8728459e-03
  -3.1692399e-04  -7.0362804e-04  -1.3208770e-04  -1.9516631e-03
  -5.1183236e-04  -7.6729585e-04   1.1152638e-04  -2.1618421e-03
  -2.6444866e-04  -1.0144767e-03   1.3776175e-04  -2.0192206e-03
  -1.9698037e-04  -8.3470882e-04   3.3265302e-04  -1.9028715e-03
  -7.7036756e-05  -8.1598299e-04  -1.3583561e-04  -1.8353140e-03
  -9.9526184e-05  -9.9575091e-04  -3.7195388e-04  -1.7414840e-03
   1.0287867e-04  -7.7104101e-04  -1.8081052e-04  -1.8465736e-03
   1.9283638e-04  -9.0212179e-04  -2.5202079e-04  -2.0529994e-03
  -1.5200152e-04  -1.0182219e-03  -7.5869065e-05  -1.9066247e-03
  -2.3821099e-04  -8.2721849e-04   1.6774502e-04  -1.7977820e-03
  -3.0942751e-04  -9.8451542e-04   9.2786840e-05  -1.9929482e-03
  -2.9068632e-04  -8.9463146e-04  -2.5202079e-04  -2.0342334e-03
  -1.1077090e-04  -8.0849266e-04  -2.7450824e-04  -2.1205569e-03
  -7.7036756e-05  -6.8864738e-04  -1.9955006e-04  -2.0154674e-03
  -2.0072861e-04  -6.5494090e-04  -2.8200406e-04  -1.8690927e-03
  -3.5440637e-04  -9.4706377e-04  -4.7689533e-04  -2.0079610e-03
  -2.9443456e-04  -9.5455410e-04   6.0250246e-04  -2.1843613e-03
  -2.6444866e-04  -1.0631639e-03   4.8151522e-03  -1.9066247e-03
  -1.1826737e-04  -8.4968948e-04   9.8036191e-03  -1.5200454e-03
   1.3286457e-04  -8.7216047e-04   1.3693949e-02  -1.4975262e-03
   2.4531171e-04  -9.6204443e-04   1.6261266e-02  -1.3211260e-03
   2.0408109e-04  -7.4482486e-04   1.5597886e-02  -1.2760876e-03
  -7.4422312e-04  -1.0069864e-03   1.2933123e-02  -1.3286324e-03
  -1.5351013e-03  -7.8976684e-04   1.0718109e-02  -1.3098664e-03
  -1.0365857e-03  -9.6578959e-04   7.3412428e-03  -1.6551605e-03
  -5.0058765e-04  -1.1755188e-03   2.3452801e-03  -1.9629227e-03
  -1.1790187e-03  -8.5343464e-04  -1.3763935e-03  -1.7977820e-03
  -2.6183421e-03  -9.7702509e-04  -1.8973528e-03  -1.6476541e-03
  -2.5996009e-03  -8.7590563e-04  -1.7924114e-03  -1.5988626e-03
  -2.7795164e-03  -1.0968704e-03  -3.8312739e-03  -1.8540799e-03
  -4.2713151e-03  -1.2579125e-03  -7.0619714e-03  -2.0229738e-03
  -4.4812164e-03  -1.1230865e-03  -1.1615681e-02  -1.8728459e-03
  -4.2975527e-03  -1.0893800e-03  -1.5030026e-02  -2.1017910e-03
  -4.2788116e-03  -1.0631639e-03  -1.6559173e-02  -2.1393229e-03
  -4.5299435e-03  -1.1305768e-03  -2.0666881e-02  -2.2631784e-03
  -5.0322074e-03  -1.0706542e-03  -2.7326915e-02  -2.5033830e-03
  -5.1558992e-03  -1.4826224e-03  -3.3203637e-02  -2.6384981e-03
  -4.7510895e-03  -1.5350547e-03  -3.4826481e-02  -3.2615288e-03
  -3.5853875e-03  -1.4339352e-03  -3.2124239e-02  -3.4792143e-03
  -2.5321326e-03  -1.6399193e-03  -2.7188243e-02  -3.3140736e-03
   7.2892764e-05  -1.3477964e-03  -1.7975882e-02  -3.3478524e-03
   3.1576926e-03  -1.1830092e-03  -6.7096680e-03  -3.2202437e-03
   5.5003414e-03  -8.7965080e-04   3.4359217e-03  -2.9950518e-03
   7.2695097e-03  -5.0138913e-04   1.2310970e-02  -2.3832807e-03
   8.9899510e-03  -3.5907286e-04   1.8907290e-02  -2.2631784e-03
   1.0601693e-02  -2.4671791e-04   2.4828986e-02  -1.8653395e-03
   9.9607446e-03  -5.3884078e-04   2.8063432e-02  -1.4712539e-03
   8.9749580e-03  -8.4219915e-04   2.9127838e-02  -1.9554163e-03
   4.9755881e-03  -8.2721849e-04   2.6459327e-02  -1.2986068e-03
   6.3961703e-03  -5.4258595e-04   2.3794563e-02  -2.3907871e-03
   6.8871894e-03  -4.8224165e-05   1.9233358e-02  -1.7715096e-03
  -9.0164912e-04   1.1656309e-04   8.9228604e-03   8.6322899e-05
   3.1389514e-03  -2.3173725e-04   1.5669097e-02  -2.7248217e-03
   3.2551468e-03  -4.0776001e-04   1.8622449e-02  -3.6781337e-03
  -2.8882153e-03  -1.4559846e-04   5.0400267e-03  -1.8428204e-03
   1.1823712e-03  -3.8154385e-04   6.7790565e-03  -1.6101221e-03
   4.9006233e-03  -2.3548242e-04   1.0560697e-02  -3.0288306e-03
   3.5812435e-03   3.7497948e-04   2.3115490e-03  -2.8599367e-03
  -1.1602775e-03   1.0907276e-04  -5.5215808e-03  -1.1184533e-03
  -2.0223723e-03  -2.8791473e-04  -7.5229642e-03  -1.0659086e-03
  -3.3941342e-04  -9.0586695e-04  -8.3999750e-03  -2.3607615e-03
  -3.4541992e-03  -1.0519284e-03  -1.2140388e-02  -2.2856976e-03
  -7.1836960e-03  -9.6578959e-04  -1.7443679e-02  -1.0996874e-03
  -4.9834803e-03  -1.0594187e-03  -1.5108732e-02  -2.3157232e-03
  -1.3316710e-05  -8.5717981e-04  -7.0769631e-03  -4.3499560e-03
   1.6434045e-03  -1.0519284e-03  -7.6841243e-03  -4.8904163e-03
  -4.9272567e-03  -5.3135045e-04  -1.9846089e-02  -1.9366503e-03
  -1.0118566e-02  -7.9725717e-04  -2.1952414e-02  -7.6940602e-04
   5.4517075e-04  -1.9470228e-03  -3.7188366e-03  -5.1381273e-03
   3.5100270e-03  -1.6623903e-03  -8.6885639e-03  -4.9879994e-03
  -8.0795249e-03  -1.0818897e-03  -3.2098004e-02   4.5413620e-04
  -6.8650958e-03  -1.0369477e-03  -2.6228778e-02   1.0621541e-03
   3.0077631e-03  -1.3215803e-03  -8.4674373e-03  -3.7907296e-03
   6.9144526e-05  -1.5762515e-03  -1.0873595e-02  -3.6518613e-03
  -8.0457907e-03  -1.3889932e-03  -1.8747952e-02   8.1819631e-04
  -1.9474075e-03  -1.0481832e-03  -1.1120957e-02  -4.5789067e-04
   6.1900172e-03  -1.0107316e-03   3.9718727e-03  -4.4625519e-03
   3.8774476e-04  -9.0212179e-04   6.9701999e-03  -3.8057424e-03
  -5.1109204e-03  -9.8451542e-04   1.4870090e-03  -6.9434208e-04
   2.2918497e-03  -1.2616576e-03   9.1889620e-03  -1.6176285e-03
   8.1503457e-03  -1.0893800e-03   2.0485160e-02  -4.2673856e-03
   1.3885243e-03  -6.0999892e-04   1.6748494e-02  -2.3157232e-03
  -5.7930065e-04  -2.2799209e-04   9.3201388e-03   1.0133569e-04
   7.9291996e-03  -7.1860870e-04   1.5590391e-02  -1.4036963e-03
   8.1728351e-03  -1.1830092e-03   1.9698099e-02  -2.6384981e-03
  -4.5935703e-04  -5.5756661e-04   9.5974841e-03  -1.0096106e-03
  -2.5996009e-03  -4.6019232e-04   6.9477124e-03  -3.8282673e-04
   2.2881014e-03  -8.5343464e-04   1.1936179e-02  -2.1243101e-03
   3.4313140e-03  -4.7142781e-04   1.0684378e-02  -2.8036388e-03
  -1.8986804e-03  -1.0065648e-04   4.4628487e-03  -1.8503268e-03
  -4.4249928e-03   6.4130785e-05   2.7388106e-03  -1.3061132e-03
   1.4410929e-04  -1.9054044e-04   8.9490958e-03  -2.9500135e-03
   2.3893038e-03  -4.5644715e-04   9.0128103e-03  -3.9896490e-03
  -1.3776753e-03  -1.3061780e-04  -8.2545087e-04  -1.6251349e-03
  -2.5808597e-03  -1.0440164e-04  -4.1161150e-03  -6.8683568e-04
   4.8519894e-04  -3.4783737e-04   3.8512374e-04  -2.3382424e-03
   1.2536810e-04  -9.5829926e-04  -3.2323106e-04  -2.4545915e-03
  -2.9856694e-03  -1.2429318e-03  -6.9607779e-03  -1.0021042e-03
  -2.5883562e-03  -1.0294574e-03  -9.0333716e-03  -4.0909911e-04
   1.8908814e-04  -1.3065996e-03  -3.8575092e-03  -2.1468293e-03
  -9.5777946e-05  -1.1193414e-03  -2.3583456e-03  -3.2239969e-03
  -3.3042697e-03  -9.1710245e-04  -6.9607779e-03  -1.9103779e-03
  -3.8215265e-03  -1.2054801e-03  -7.5679392e-03  -1.5538242e-03
  -2.2322736e-03  -1.3290706e-03  -3.1716419e-03  -2.7210685e-03
  -1.5913249e-03  -1.5650160e-03  -5.1062651e-04  -3.4754611e-03
  -1.5463461e-03  -1.2654028e-03  -3.1266670e-03  -2.6610173e-03
  -1.4264024e-03  -8.3470882e-04  -6.8595844e-03  -1.6026158e-03
  -1.1451914e-04  -8.5343464e-04  -5.0568401e-03  -1.8278076e-03
   4.8519894e-04  -1.0257122e-03  -2.6769179e-03  -2.1243101e-03
  -1.2165011e-03  -1.5200740e-03  -4.2060648e-03  -1.5125390e-03
  -2.1423159e-03  -1.4152094e-03  -4.9406549e-03  -1.0546490e-03
  -5.9804184e-04  -1.2691480e-03  -2.6581784e-03  -1.5838498e-03
   7.4382737e-04  -1.2204608e-03  -2.1828961e-04  -2.0192206e-03
  -3.6939932e-04  -9.4331860e-04   1.2651802e-04  -2.0417398e-03
  -1.4338989e-03  -9.6953476e-04   4.3009865e-04  -1.9854418e-03
  -7.1048898e-04  -9.0961212e-04   3.0911140e-03  -2.2444124e-03
  -8.0044669e-04  -1.1043607e-03   5.5984652e-03  -2.8411708e-03
  -1.2577317e-03  -9.2833794e-04   4.7139586e-03  -2.4583447e-03
  -5.9429360e-04  -9.2459278e-04   3.6045776e-03  -1.9103779e-03
   6.8385556e-04  -7.7853134e-04   4.7851689e-03  -2.4133063e-03
   1.2610842e-03  -4.2274067e-04   4.7814210e-03  -2.1243101e-03
  -9.9526184e-05  -9.2833794e-04   2.0829265e-03  -1.2085301e-03
  -4.7060175e-04  -5.9127309e-04   9.9603291e-04  -1.2235429e-03
   4.1398242e-04  -6.6992156e-04   3.1923076e-03  -1.5725902e-03
   2.0782933e-04  -9.3957344e-04   4.1405286e-03  -2.1806081e-03
  -8.1169140e-04  -7.3358936e-04   2.3452801e-03  -2.1092973e-03
  -1.4826260e-03  -7.7478618e-04   1.7381189e-03  -1.6926925e-03
  -7.2923017e-04  -4.6019232e-04   3.5371152e-03  -2.2594252e-03
  -4.1812641e-04  -6.3621507e-04   4.2192346e-03  -2.4395787e-03
  -8.0044669e-04  -5.8378276e-04   3.1510806e-03  -2.3307360e-03
  -3.9938522e-04  -6.0999892e-04   2.3227927e-03  -2.1430761e-03
   1.6669194e-05  -6.6617639e-04   2.1241535e-03  -1.9929482e-03
   3.9158622e-05  -6.3246991e-04   1.8655478e-03  -2.1243101e-03
  -3.5815461e-04  -8.9463146e-04   6.8495646e-04  -1.4750071e-03
  -4.5186056e-04  -8.7590563e-04  -2.2578543e-04  -1.3661643e-03
   1.3661281e-04  -1.2316963e-03  -3.5696224e-04  -1.7339776e-03
   2.3781524e-04  -1.2354415e-03  -6.1931587e-04  -1.6739265e-03
  -5.8304889e-04  -1.0369477e-03  -1.3126790e-03  -1.7489904e-03
  -8.1918788e-04  -8.0474750e-04  -1.6649825e-03  -1.6964457e-03
  -4.2937113e-04  -7.1486354e-04  -1.0765608e-03  -2.1655953e-03
  -8.1543964e-04  -1.0257122e-03  -1.0090984e-03  -2.2669316e-03
  -1.1602775e-03  -8.3096365e-04  -1.4326121e-03  -2.1017910e-03
  -1.1302916e-03  -9.7702509e-04  -1.6499908e-03  -2.4696043e-03
  -1.0703198e-03  -9.0961212e-04  -1.5562931e-03  -2.2369060e-03
  -7.4422312e-04  -5.8378276e-04  -1.4888308e-03  -2.2293996e-03
  -6.5426541e-04  -9.3582827e-04  -2.0435213e-03  -2.1318165e-03
  -7.4047488e-04  -9.5829926e-04  -2.2309167e-03  -1.9216375e-03
  -4.3686760e-04  -8.7216047e-04  -2.0510171e-03  -1.9066247e-03
  -2.8309662e-05  -8.3470882e-04  -1.9160924e-03  -1.7039521e-03
  -6.5792042e-05  -9.0586695e-04  -1.7399407e-03  -1.9629227e-03
  -3.0942751e-04  -1.1418123e-03  -1.3464102e-03  -1.8240544e-03
  -5.8304889e-04  -1.0257122e-03  -5.2187024e-04  -1.8615863e-03
  -6.3927246e-04  -1.1118510e-03  -2.7146248e-05  -2.1618421e-03
  -6.0553831e-04  -9.7327992e-04   5.2754428e-04  -2.1505825e-03
  -5.6055946e-04  -6.5494090e-04   1.0297641e-03  -2.3269828e-03
  -2.1572156e-04  -7.2984420e-04   1.2209074e-03  -2.1092973e-03
  -9.2029708e-05  -5.7254727e-04   1.6556649e-03  -2.0867782e-03
   1.6669194e-05  -5.2760529e-04   1.4645215e-03  -2.2256465e-03
   4.4022009e-04  -5.9127309e-04   1.2508907e-03  -1.9066247e-03
   5.4891899e-04  -4.9015364e-04   1.2846219e-03  -1.7902756e-03
   3.7650004e-04  -7.5980552e-04   1.1084702e-03  -1.8503268e-03
   4.7770247e-04  -9.0961212e-04   1.2808740e-03  -1.7377308e-03
   4.3272361e-04  -7.8602167e-04   1.4270424e-03  -1.7715096e-03
   3.4276590e-04  -8.9088629e-04   1.7493626e-03  -1.8878587e-03
   2.7904585e-04  -8.9837662e-04   2.2066075e-03  -1.8803523e-03
  -1.5200152e-04  -8.7965080e-04   2.0941702e-03  -2.0417398e-03
  -1.1077090e-04  -8.9837662e-04   1.7830938e-03  -2.2143869e-03
   1.0287867e-04  -6.6617639e-04   1.4570257e-03  -2.0980378e-03
  -7.3288518e-05  -5.6505694e-04   8.7235191e-04  -2.0529994e-03
  -7.3288518e-05  -6.8864738e-04   4.5258610e-04  -2.0905314e-03
   1.6659871e-04  -7.6355068e-04   1.7898875e-04  -1.9967014e-03
   1.3286457e-04  -1.0257122e-03  -1.1334816e-04  -2.0417398e-03
  -2.0447685e-04  -1.2279511e-03  -2.8949988e-04  -2.0755186e-03
  -1.5200152e-04  -1.0781445e-03  -8.7417368e-04  -1.8578331e-03
  -8.0784994e-05  -9.4331860e-04  -1.4026289e-03  -1.7602500e-03
  -1.7823918e-04  -9.0961212e-04  -1.5150661e-03  -1.9479099e-03
  -2.3446275e-04  -9.9200575e-04  -1.7324448e-03  -1.8878587e-03
  -4.2562289e-04  -9.4331860e-04  -1.8074030e-03  -1.9591695e-03
  -4.6310527e-04  -8.4219915e-04  -1.7736718e-03  -2.2218933e-03
  -5.6430770e-04  -9.0961212e-04  -1.8486300e-03  -2.2293996e-03
  -7.0674074e-04  -9.3582827e-04  -1.8223947e-03  -2.2218933e-03
  -7.1798545e-04  -1.0706542e-03  -1.6312513e-03  -2.1168037e-03
  -4.1812641e-04  -8.4594431e-04  -1.4438559e-03  -2.2519188e-03
  -1.8198742e-04  -8.2347332e-04  -1.5338057e-03  -2.1393229e-03
  -2.9443456e-04  -9.6204443e-04  -1.6912178e-03  -2.1017910e-03
  -1.7823918e-04  -7.2984420e-04  -1.5113182e-03  -2.1055441e-03
   1.2920956e-05  -9.9949608e-04  -1.3239228e-03  -1.6664201e-03
   1.6762420e-06  -9.9575091e-04  -9.4538395e-04  -1.9291439e-03
  -2.3071451e-04  -8.0849266e-04  -7.8797178e-04  -1.9103779e-03
  -1.8198742e-04  -8.5343464e-04  -7.7298014e-04  -1.9666759e-03
  -2.1197332e-04  -9.6953476e-04  -1.4707934e-04  -2.3344892e-03
  -2.0447685e-04  -9.8826058e-04   1.4900547e-04  -2.1055441e-03
   1.3661281e-04  -7.2984420e-04   2.7643438e-04  -2.2631784e-03
  -3.5806138e-05  -1.0069864e-03   7.1119182e-04  -2.2894508e-03
  -2.1197332e-04  -8.8339596e-04   1.1122181e-03  -2.1618421e-03
  -4.7050852e-05  -7.6355068e-04   1.0185204e-03  -2.2744380e-03
   4.5521304e-04  -9.1335728e-04   6.2873783e-04  -2.2406592e-03
   8.1129565e-04  -5.0138913e-04   7.1493973e-04  -2.1243101e-03
   5.7890489e-04  -6.6992156e-04   8.0114164e-04  -2.0342334e-03
   3.4276590e-04  -7.9725717e-04   5.0130892e-04  -2.0379866e-03
   3.4276590e-04  -6.0999892e-04   3.1766138e-04  -1.9103779e-03
   2.4531171e-04  -8.4594431e-04   3.5888838e-04  -2.0004546e-03
   8.7885716e-05  -8.2721849e-04   1.3026593e-04  -2.0567526e-03
   3.0153528e-04  -6.1748925e-04  -6.0877429e-05  -2.0454930e-03
   2.8279409e-04  -8.0849266e-04  -3.5321433e-04  -2.1806081e-03
   1.7409519e-04  -9.3582827e-04  -7.7672805e-04  -1.9854418e-03
   1.3661281e-04  -7.2609903e-04  -7.9921550e-04  -1.9854418e-03
  -3.2816870e-04  -9.3957344e-04  -7.6923223e-04  -2.1843613e-03
  -6.0179008e-04  -1.0669090e-03  -1.1590148e-03  -2.3194764e-03
  -4.9683941e-04  -7.5606035e-04  -1.5038224e-03  -2.1993741e-03
  -5.4547328e-05  -8.9837662e-04  -1.8373863e-03  -2.0229738e-03
   1.2920956e-05  -1.0369477e-03  -2.1746981e-03  -2.0154674e-03
  -2.0813186e-05  -8.2347332e-04  -1.8036551e-03  -2.1543357e-03
   2.7529762e-04  -6.7366672e-04  -2.3620936e-03  -2.3532552e-03
  -1.6699447e-04  -7.2609903e-04  -2.5719765e-03  -2.0079610e-03
  -2.5320394e-04  -9.6204443e-04  -1.8074030e-03  -2.0605058e-03
  -2.8693808e-04  -1.0182219e-03  -1.9123445e-03  -2.3344892e-03
  -5.9054536e-04  -8.6092497e-04  -1.6125118e-03  -2.1618421e-03
  -1.2951209e-04  -6.8115705e-04  -1.6050159e-03  -2.0342334e-03
  -9.9526184e-05  -8.5717981e-04  -1.6574867e-03  -2.0529994e-03
  -1.6699447e-04  -9.2833794e-04  -1.0578212e-03  -2.2143869e-03
  -1.1451914e-04  -5.8003760e-04  -1.0016026e-03  -2.2481656e-03
  -7.3288518e-05  -8.4594431e-04  -1.0728129e-03  -2.2218933e-03
   2.6405290e-04  -9.9949608e-04  -8.8541741e-04  -2.0454930e-03
   2.9778704e-04  -6.9239255e-04  -6.9802196e-04  -2.0680122e-03
   1.4785752e-04  -7.5606035e-04  -4.4316415e-04  -2.1280633e-03
   1.6762420e-06  -8.5343464e-04  -4.3941624e-04  -2.0529994e-03
   2.6405290e-04  -9.6953476e-04  -3.3072688e-04  -2.1243101e-03
   3.8399652e-04  -7.8976684e-04   7.0299386e-05  -2.1843613e-03
  -6.2043804e-05  -7.1111837e-04   2.9072387e-05  -2.2819444e-03
  -1.1077090e-04  -9.3957344e-04   1.4525757e-04  -2.2181401e-03
   2.8654233e-04  -7.8602167e-04   3.5888838e-04  -2.2106337e-03
   5.2642956e-04  -7.4482486e-04   8.9038931e-05  -2.1768549e-03
   2.4905995e-04  -8.0849266e-04   3.4389674e-04  -2.1843613e-03
  -1.2951209e-04  -8.3845398e-04   7.6366255e-04  -2.2331528e-03
  -6.9540280e-05  -7.1486354e-04   3.4014883e-04  -2.1393229e-03
   4.4771656e-04  -6.5868606e-04   8.5291022e-05  -2.0905314e-03
   6.0139432e-04  -8.7590563e-04   1.4150966e-04  -2.0154674e-03
   9.5382192e-05  -6.0625375e-04   1.3776175e-04  -1.9516631e-03
  -5.8202340e-06  -3.8528902e-04  -2.8949988e-04  -1.9366503e-03
   1.1787162e-04  -6.5494090e-04  -5.1062651e-04  -1.9967014e-03
   3.1278000e-04  -7.5231519e-04  -4.4691206e-04  -2.0454930e-03
   2.6405290e-04  -6.8864738e-04  -8.4419041e-04  -2.1205569e-03
  -3.7689580e-04  -8.4968948e-04  -3.1573524e-04  -2.1243101e-03
  -4.3686760e-04  -9.5455410e-04  -1.8081052e-04  -2.2181401e-03
  -6.9540280e-05  -8.6841530e-04  -6.0807214e-04  -2.1543357e-03
  -3.2442046e-04  -9.4706377e-04  -5.6309724e-04  -2.0267270e-03
  -5.1932884e-04  -8.0100233e-04  -6.7553451e-04  -2.0417398e-03
  -2.0447685e-04  -5.5007628e-04  -8.1045923e-04  -2.0304802e-03
   5.7899812e-05  -7.7853134e-04  -1.2527125e-03  -2.1731017e-03
   2.9403881e-04  -9.0212179e-04  -1.3951330e-03  -1.9366503e-03
