  -2.7944161e-04  -6.9239255e-04  -7.9616974e-05  -1.3924367e-03
  -1.1826737e-04  -6.8864738e-04  -6.0877429e-05  -1.1071937e-03
   1.4785752e-04  -6.6617639e-04   1.7828660e-05  -1.3511516e-03
  -2.7944161e-04  -5.6131177e-04   1.2277011e-04  -1.3549047e-03
  -2.3071451e-04  -7.6355068e-04   9.2786840e-05  -1.3774239e-03
  -5.8202340e-06  -8.1598299e-04   3.6568205e-05  -1.7752628e-03
   1.7409519e-04  -3.9277935e-04   2.0147620e-04  -1.5162922e-03
   8.4137478e-05  -3.9652451e-04  -4.9633702e-05  -1.5725902e-03
   4.2906860e-05  -6.2872474e-04  -2.2953333e-04  -1.4750071e-03
   1.3661281e-04  -7.4107969e-04  -4.5885793e-05  -1.4187091e-03
  -1.5949799e-04  -6.3246991e-04  -1.4707934e-04  -1.7189649e-03
  -1.3326033e-04  -5.7254727e-04   2.1576569e-05  -1.7377308e-03
  -8.0784994e-05  -5.5756661e-04   5.1559841e-05  -1.7489904e-03
  -1.7074271e-04  -4.8640847e-04   3.2820296e-05  -1.6851861e-03
   1.6762420e-06  -6.8864738e-04   2.9072387e-05  -1.8315608e-03
  -4.3302614e-05  -5.6505694e-04  -1.2459188e-04  -1.6176285e-03
  -1.1451914e-04  -6.5868606e-04   8.9038931e-05  -1.6213817e-03
   1.5535400e-04  -8.7590563e-04  -1.5832306e-04  -1.9141311e-03
  -1.5949799e-04  -6.8864738e-04  -1.8830634e-04  -1.8690927e-03
  -1.3700856e-04  -8.0849266e-04   1.4525757e-04  -2.0117142e-03
   1.7409519e-04  -5.0513430e-04  -3.8389975e-05  -1.8315608e-03
  -2.3821099e-04  -5.9501826e-04  -6.4625338e-05  -1.8878587e-03
  -1.3700856e-04  -8.4968948e-04   1.7828660e-05  -2.0342334e-03
  -3.9554376e-05  -4.8640847e-04  -9.1088500e-07  -1.8052884e-03
  -4.3302614e-05  -7.6729585e-04  -1.6207097e-04  -2.1430761e-03
  -1.0327442e-04  -8.1223783e-04   5.9055659e-05  -2.4170595e-03
  -2.3446275e-04  -6.7741189e-04   2.7268647e-04  -2.1505825e-03
  -5.8202340e-06  -8.4968948e-04  -7.5869065e-05  -1.9591695e-03
  -3.2057900e-05  -6.8115705e-04  -1.2154612e-05  -2.2031273e-03
  -8.8281470e-05  -7.2984420e-04   1.4080751e-05  -2.4170595e-03
  -2.0072861e-04  -9.0961212e-04  -1.2154612e-05  -2.2594252e-03
   5.4244800e-06  -7.5606035e-04   1.7524084e-04  -2.3232296e-03
  -9.5684720e-06  -7.0737321e-04   6.5849330e-06  -2.3532552e-03
  -5.0433589e-04  -4.9015364e-04  -1.5457515e-04  -2.2669316e-03
  -1.8948390e-04  -5.0138913e-04   4.0316114e-05  -2.2744380e-03
   7.2892764e-05  -9.6204443e-04   2.0522411e-04  -2.3157232e-03
  -3.2057900e-05  -7.5606035e-04   1.1152638e-04  -2.4808638e-03
  -5.8202340e-06  -6.5494090e-04   1.0332842e-05  -2.2106337e-03
  -1.2951209e-04  -6.3621507e-04  -1.1334816e-04  -2.1318165e-03
  -4.3302614e-05  -5.4258595e-04   1.5275338e-04  -2.2819444e-03
  -3.5806138e-05  -6.7741189e-04   2.9517393e-04  -2.0042078e-03
  -1.0327442e-04  -5.0138913e-04   1.9398038e-04  -1.9891950e-03
   1.7409519e-04  -6.1374408e-04   2.8393020e-04  -1.9253907e-03
   1.4410929e-04  -5.9501826e-04   2.1576569e-05  -1.9404035e-03
  -5.8202340e-06  -4.8640847e-04   1.2651802e-04  -1.8090416e-03
   4.6655098e-05  -5.3135045e-04   2.1271993e-04  -1.7752628e-03
  -4.3302614e-05  -3.8154385e-04  -9.8356519e-05  -2.2519188e-03
  -5.8202340e-06  -4.9764397e-04   9.6534749e-05  -1.8765991e-03
   1.5910224e-04  -5.6505694e-04   1.6774502e-04  -1.8653395e-03
   2.0033286e-04  -6.5119573e-04   1.4525757e-04  -2.1618421e-03
   1.2536810e-04  -6.6992156e-04   1.7524084e-04  -1.7715096e-03
   8.7885716e-05  -6.7366672e-04  -1.0585234e-04  -1.7527436e-03
  -2.4561424e-05  -6.7366672e-04   7.0299386e-05  -1.9066247e-03
  -3.2057900e-05  -4.1150517e-04  -4.2137884e-05  -1.9967014e-03
   1.1037514e-04  -6.9239255e-04  -3.0449151e-04  -2.0755186e-03
  -2.9443456e-04  -6.8490222e-04   1.2651802e-04  -1.8578331e-03
  -1.5574975e-04  -4.6768265e-04  -4.6587940e-06  -1.7339776e-03
   8.7885716e-05  -6.4370540e-04  -1.7331470e-04  -1.8240544e-03
  -2.1197332e-04  -7.1486354e-04   1.7828660e-05  -1.6776797e-03
  -5.8202340e-06  -8.6841530e-04   1.0403057e-04  -1.7865224e-03
  -1.8948390e-04  -4.6768265e-04   6.2803568e-05  -1.8015352e-03
  -1.7823918e-04  -5.6131177e-04  -9.1088500e-07  -1.5876030e-03
  -2.0719960e-06  -8.3096365e-04   1.8648456e-04  -1.7264713e-03
  -6.2043804e-05  -5.4633111e-04  -5.7129520e-05  -1.7827692e-03
   5.7899812e-05  -7.3358936e-04  -2.5576870e-04  -1.6964457e-03
  -4.1062994e-04  -7.1111837e-04  -4.5885793e-05  -1.6326413e-03
  -2.3071451e-04  -8.4594431e-04  -1.3583561e-04  -1.7640032e-03
   9.9130430e-05  -9.2459278e-04  -6.4625338e-05  -1.7489904e-03
  -3.7314756e-04  -8.2721849e-04  -3.8389975e-05  -1.6551605e-03
  -2.7194513e-04  -8.0100233e-04  -3.1948315e-04  -1.8090416e-03
  -1.1451914e-04  -5.9127309e-04  -1.8455843e-04  -1.7114585e-03
  -2.8693808e-04  -7.0737321e-04  -2.3702915e-04  -1.6138753e-03
  -2.8318985e-04  -7.0737321e-04  -1.6956679e-04  -1.7077053e-03
  -1.2576385e-04  -8.8339596e-04  -2.3398339e-05  -1.5538242e-03
  -8.8281470e-05  -9.9575091e-04  -4.6565160e-04  -1.5725902e-03
  -2.1197332e-04  -8.2347332e-04  -1.0960025e-04  -1.7940288e-03
  -2.2696628e-04  -9.0212179e-04   7.4047295e-05  -1.8315608e-03
  -3.9563699e-04  -7.2984420e-04  -2.9324779e-04  -1.7452372e-03
  -3.9188875e-04  -8.1223783e-04   2.8370240e-06  -1.6401477e-03
  -2.4570747e-04  -9.4331860e-04  -1.3208770e-04  -1.5951094e-03
  -1.8198742e-04  -7.8227651e-04  -4.3941624e-04  -1.3173728e-03
  -6.5792042e-05  -7.4107969e-04  -1.0210443e-04  -1.3886835e-03
  -2.0447685e-04  -6.2497958e-04  -8.4067030e-06  -1.3736707e-03
  -5.8295566e-05  -7.5980552e-04  -1.6956679e-04  -1.0471426e-03
   1.2920956e-05  -7.2235387e-04  -6.4625338e-05  -1.4149559e-03
  -2.8693808e-04  -5.9876342e-04  -1.5902521e-05  -1.5463178e-03
  -2.8309662e-05  -7.7104101e-04  -9.8356519e-05  -1.4412283e-03
   8.7885716e-05  -6.9239255e-04  -1.6207097e-04  -1.5575774e-03
  -1.2951209e-04  -7.4857002e-04  -8.4067030e-06  -1.3699175e-03
  -5.8295566e-05  -8.0849266e-04  -3.0894157e-05  -1.5012794e-03
  -1.2201561e-04  -6.2872474e-04  -2.2203752e-04  -1.6889393e-03
  -1.3326033e-04  -7.8227651e-04  -4.9633702e-05  -1.5913562e-03
  -2.5695218e-04  -8.3096365e-04   6.5849330e-06  -1.8841055e-03
  -3.1317575e-04  -6.3246991e-04  -8.3364883e-05  -1.7977820e-03
   6.1648050e-05  -7.5980552e-04  -5.3381611e-05  -1.5838498e-03
   3.5410384e-05  -8.1598299e-04   1.0028266e-04  -1.5650838e-03
  -1.1077090e-04  -6.1748925e-04   3.2820296e-05  -1.4187091e-03
   9.1727180e-06  -6.2123441e-04  -7.5869065e-05  -1.8428204e-03
   7.2892764e-05  -6.9613771e-04   1.7828660e-05  -1.8916119e-03
  -1.1826737e-04  -7.7104101e-04   4.0316114e-05  -1.8090416e-03
  -9.5777946e-05  -5.4258595e-04  -4.5885793e-05  -1.9891950e-03
  -6.5792042e-05  -5.6131177e-04  -1.3958352e-04  -1.8278076e-03
  -9.5684720e-06  -8.5343464e-04   2.8370240e-06  -2.0229738e-03
   1.9283638e-04  -4.9015364e-04  -3.4642066e-05  -1.8690927e-03
  -1.3700856e-04  -6.3621507e-04   5.5307750e-05  -1.8428204e-03
  -1.9323213e-04  -7.8227651e-04   2.9072387e-05  -2.0717654e-03
  -9.5777946e-05  -5.2760529e-04  -1.8455843e-04  -2.0605058e-03
  -5.8295566e-05  -7.1860870e-04   3.6568205e-05  -2.4283191e-03
  -3.2057900e-05  -5.0138913e-04  -4.5885793e-05  -2.1580889e-03
  -1.5949799e-04  -4.6393748e-04   2.9072387e-05  -2.1731017e-03
  -5.4547328e-05  -6.9239255e-04   7.4047295e-05  -2.3382424e-03
  -1.2951209e-04  -7.0737321e-04  -1.0210443e-04  -2.0342334e-03
  -2.4945570e-04  -6.3996024e-04   1.1527429e-04  -2.3194764e-03
  -2.1572156e-04  -6.8490222e-04   6.2803568e-05  -2.5371618e-03
   2.0417432e-05  -9.5080893e-04   4.0316114e-05  -2.4696043e-03
   6.9144526e-05  -6.3621507e-04   2.5324478e-05  -2.2744380e-03
  -1.5949799e-04  -5.2760529e-04   1.0332842e-05  -2.5033830e-03
  -5.4547328e-05  -6.6992156e-04   2.9142602e-04  -2.5371618e-03
  -1.3316710e-05  -7.0362804e-04  -7.2121156e-05  -2.2256465e-03
  -9.5777946e-05  -8.2347332e-04  -1.1709606e-04  -2.4620979e-03
  -1.1077090e-04  -6.0999892e-04   9.2786840e-05  -2.4133063e-03
  -8.0784994e-05  -5.3509562e-04  -1.1709606e-04  -2.3532552e-03
   2.0782933e-04  -5.2760529e-04   2.7268647e-04  -2.2331528e-03
   1.4036105e-04  -6.7366672e-04   1.1902220e-04  -1.9666759e-03
   4.2906860e-05  -6.2872474e-04  -6.8373247e-05  -1.9704291e-03
   8.4137478e-05  -4.8266331e-04   3.5139256e-04  -1.9479099e-03
  -9.5777946e-05  -6.6992156e-04   6.6551477e-05  -2.0304802e-03
   4.6655098e-05  -7.0362804e-04  -2.3398339e-05  -2.0867782e-03
   3.5410384e-05  -6.8490222e-04   1.1152638e-04  -1.9891950e-03
  -1.7064948e-05  -5.9501826e-04   7.7795204e-05  -2.0454930e-03
   4.2906860e-05  -4.5644715e-04   1.1527429e-04  -2.1243101e-03
   1.0287867e-04  -7.1486354e-04   5.1559841e-05  -1.9591695e-03
   1.1787162e-04  -8.5343464e-04   1.3776175e-04  -2.0304802e-03
  -1.1451914e-04  -5.6505694e-04   1.3401384e-04  -2.1017910e-03
  -1.2951209e-04  -6.3996024e-04   1.7828660e-05  -1.9704291e-03
  -1.8948390e-04  -5.1636979e-04   9.6534749e-05  -1.9028715e-03
  -4.3302614e-05  -5.0138913e-04   1.4150966e-04  -1.7977820e-03
   1.6659871e-04  -6.6617639e-04   9.6534749e-05  -1.7001989e-03
   1.2920956e-05  -5.5756661e-04   2.1646784e-04  -1.8540799e-03
   5.4151574e-05  -7.6355068e-04  -3.8389975e-05  -2.0417398e-03
   6.1648050e-05  -7.8227651e-04  -9.4608610e-05  -1.6626669e-03
  -2.3821099e-04  -7.1860870e-04   1.3026593e-04  -1.7827692e-03
  -2.3821099e-04  -5.7629243e-04  -2.8949988e-04  -1.9066247e-03
   8.0389240e-05  -6.2872474e-04   1.0332842e-05  -1.6401477e-03
  -1.1826737e-04  -6.6243123e-04   1.7524084e-04  -1.8878587e-03
  -1.3326033e-04  -4.7891814e-04  -2.2578543e-04  -1.8540799e-03
  -2.8309662e-05  -8.1223783e-04  -4.6587940e-06  -1.7302244e-03
  -2.7194513e-04  -8.2347332e-04  -1.4707934e-04  -1.5313050e-03
   1.6762420e-06  -6.2872474e-04  -2.7076033e-04  -1.4750071e-03
  -1.3316710e-05  -6.7741189e-04  -1.3958352e-04  -1.5800966e-03
  -2.2321804e-04  -6.9613771e-04  -7.2121156e-05  -1.5613306e-03
  -1.6324623e-04  -7.4857002e-04   2.8370240e-06  -1.7940288e-03
  -2.5320394e-04  -8.1598299e-04  -1.3583561e-04  -1.6176285e-03
  -2.7194513e-04  -8.5343464e-04  -1.9580215e-04  -1.4862666e-03
  -2.4195923e-04  -7.7853134e-04  -2.6701242e-04  -1.6551605e-03
  -2.3071451e-04  -7.6355068e-04  -3.2323106e-04  -1.6514073e-03
  -3.3566518e-04  -7.5231519e-04  -2.3328124e-04  -1.5500710e-03
  -1.6699447e-04  -7.7104101e-04  -8.4067030e-06  -1.4975262e-03
  -6.2043804e-05  -7.5231519e-04  -2.3398339e-05  -1.6026158e-03
  -1.1451914e-04  -6.9239255e-04  -2.4827288e-04  -1.5688370e-03
  -1.4825328e-04  -7.8227651e-04  -2.3398339e-05  -1.3774239e-03
  -3.3191694e-04  -7.8976684e-04   1.0777848e-04  -1.6063689e-03
  -2.4195923e-04  -8.5717981e-04  -1.2459188e-04  -1.7865224e-03
  -1.2201561e-04  -8.3845398e-04  -1.0585234e-04  -1.4262155e-03
  -5.0799090e-05  -7.5231519e-04  -6.4625338e-05  -1.4036963e-03
  -7.3288518e-05  -7.0362804e-04   5.9055659e-05  -1.3999431e-03
  -1.4450504e-04  -5.2011496e-04   1.6024920e-04  -1.3849303e-03
  -1.4075680e-04  -6.2872474e-04  -6.8373247e-05  -1.3323856e-03
  -7.7036756e-05  -7.2235387e-04   7.6366255e-04  -1.2685812e-03
  -2.7569337e-04  -6.6992156e-04   5.4628383e-04  -1.4562411e-03
  -4.7434998e-04  -7.8976684e-04   1.0403057e-04  -1.3436452e-03
  -9.9526184e-05  -8.2721849e-04   4.2260283e-04  -1.4599943e-03
   2.4165670e-05  -8.0849266e-04  -8.3669459e-04  -1.5012794e-03
   9.9130430e-05  -6.3621507e-04  -8.3364883e-05  -1.4975262e-03
   1.6659871e-04  -5.4633111e-04   6.5497319e-04  -1.6551605e-03
  -2.9443456e-04  -7.6729585e-04   1.2658824e-03  -1.6288881e-03
  -4.2937113e-04  -6.5119573e-04   1.3146052e-03  -1.3211260e-03
  -1.7823918e-04  -6.0250859e-04   1.8205729e-03  -7.8441880e-04
  -2.4195923e-04  -7.1111837e-04   6.7603170e-03  -1.2197897e-03
  -1.0590751e-03  -6.9988288e-04   8.4731114e-03  -1.3586579e-03
  -1.8012262e-03  -7.9725717e-04   9.2039536e-03  -7.0935486e-04
  -1.3177035e-03  -8.3845398e-04   1.1426464e-02  -8.7074234e-04
  -1.7075203e-03  -8.6841530e-04   1.2614551e-02  -1.2235429e-03
  -2.8882153e-03  -6.5868606e-04   1.3873848e-02  -1.2047769e-03
  -2.9331941e-03  -6.1748925e-04   1.2674517e-02  -1.4862666e-03
  -2.3747066e-03  -7.5606035e-04   1.0212141e-02  -1.8353140e-03
  -2.7382857e-03  -8.7216047e-04   7.9858832e-03  -1.4937730e-03
  -3.5816393e-03  -7.9351200e-04   6.3293074e-03  -1.8916119e-03
  -2.0523582e-03  -5.3509562e-04   5.0587663e-03  -3.0363370e-03
  -6.1303479e-04  -6.8115705e-04  -8.4419041e-04  -3.5843038e-03
  -8.0419493e-04  -6.0625375e-04  -9.5580788e-03  -3.0250774e-03
  -1.3177035e-03  -6.3996024e-04  -1.5652179e-02  -2.2218933e-03
  -1.6737861e-03  -6.4370540e-04  -2.0344561e-02  -2.9725327e-03
  -2.6444866e-04  -5.8003760e-04  -2.7941572e-02  -3.6481081e-03
   1.0774205e-03  -7.4482486e-04  -3.6348132e-02  -2.9312475e-03
   1.7446069e-03  -4.5270199e-04  -3.6067039e-02  -2.2369060e-03
   1.8795435e-03  -6.7741189e-04  -2.9050954e-02  -2.5409150e-03
   8.9750512e-04  -8.9837662e-04  -2.1761271e-02  -2.5822002e-03
   6.8385556e-04  -9.4331860e-04  -1.5502263e-02  -2.4508383e-03
   1.3922725e-03  -1.5013482e-03  -7.6653848e-03  -3.0213242e-03
   1.3510419e-03  -1.3927384e-03   1.0147725e-03  -3.2502692e-03
   3.4276590e-04  -1.0519284e-03   7.2512930e-03  -3.7832232e-03
   1.1373924e-03  -4.9015364e-04   1.1535153e-02  -4.0684662e-03
   4.0535215e-03   3.1131167e-04   1.4064992e-02  -3.1076477e-03
   6.9321683e-03   1.9146639e-04   1.6002661e-02  -2.5146426e-03
   7.0408672e-03  -2.6169857e-04   1.6201300e-02  -2.1280633e-03
   2.5354851e-03  -7.1111837e-04   1.3086787e-02  -1.1972705e-03
   1.9020329e-03  -9.5829926e-04   1.2475878e-02  -1.2798408e-03
   4.6007643e-03  -8.2721849e-04   1.2397172e-02  -1.3061132e-03
   2.9477913e-03  -8.0474750e-04   8.1432954e-03  -4.2411189e-04
   3.9223332e-03  -4.3023100e-04   1.0362058e-02  -1.3473984e-03
   4.7919244e-03  -4.4479000e-05   1.2483374e-02  -2.9274943e-03
   1.0661758e-03   9.7837270e-05   8.5255821e-03  -2.5934598e-03
  -2.9443456e-04   4.6298000e-07   6.3592907e-03  -1.7902756e-03
   4.0273771e-04  -6.9239255e-04   7.4087052e-03  -2.7210685e-03
   5.7899812e-05  -9.3208311e-04   7.9071771e-03  -3.5767974e-03
  -1.3439412e-03  -4.3772133e-04   2.3865071e-03  -2.5259022e-03
  -1.1826737e-04  -3.2821850e-06  -4.0411568e-03  -1.4975262e-03
   2.6704217e-03  -1.0065648e-04  -6.9270467e-03  -1.1935173e-03
   1.3772796e-03  -1.4185329e-04  -7.6803764e-03  -1.4750071e-03
  -2.3072384e-03  -1.6806945e-04  -1.0045307e-02  -1.3136196e-03
  -4.5336917e-03  -1.0294574e-03  -1.1735614e-02  -6.6056330e-04
  -2.4684126e-03  -1.7035871e-03  -8.3624959e-03  -1.9666759e-03
  -2.6070042e-04  -1.3777577e-03  -5.0755797e-03  -3.4341759e-03
  -2.9069564e-03  -2.6918890e-04  -9.2245149e-03  -2.6760301e-03
  -3.5441569e-03   2.0644705e-04  -1.2357767e-02  -1.8015352e-03
  -1.6063179e-03  -3.8528902e-04  -9.2957252e-03  -2.0342334e-03
  -1.3252000e-03  -7.3733453e-04  -7.3693000e-03  -2.7961324e-03
  -2.6670692e-03  -6.2872474e-04  -8.3999750e-03  -2.4808638e-03
  -3.9152325e-03  -7.0737321e-04  -1.3751989e-02  -7.0935486e-04
  -1.8761910e-03  -1.2017350e-03  -1.3174811e-02  -4.0909911e-04
   9.3873574e-04  -7.7853134e-04  -7.9314863e-03  -1.4224623e-03
   5.7899812e-05  -9.6578959e-04  -7.0957026e-03  -1.5050326e-03
  -2.9706765e-03  -1.3515416e-03  -5.6902367e-03  -1.2348024e-03
  -1.5800802e-03  -3.5158253e-04  -2.3433540e-03  -1.6514073e-03
   1.9320188e-03  -8.0474750e-04   2.5701547e-03  -2.3720211e-03
   1.3173078e-03  -1.2616576e-03   4.2717054e-03  -2.0905314e-03
  -1.8911839e-03  -8.9463146e-04   5.6059610e-03  -1.5838498e-03
  -6.8425131e-04  -8.0100233e-04   1.0635655e-02  -2.2369060e-03
   3.0002666e-03  -7.7478618e-04   1.1898700e-02  -2.2444124e-03
   3.5512576e-03  -8.1223783e-04   1.0114696e-02  -1.2723344e-03
   2.8578336e-03  -5.7254727e-04   8.6867422e-03  -1.0508958e-03
   1.0999100e-03  -7.1486354e-04   8.6380194e-03  -1.0396362e-03
   1.2198536e-03  -7.8602167e-04   9.4850468e-03  -1.1222065e-03
   1.7108728e-03  -1.1305768e-03   7.6448235e-03  -1.4149559e-03
   2.7913908e-05  -1.3815029e-03   5.1861952e-03  -9.8709144e-04
  -1.3177035e-03  -8.9463146e-04   5.8720625e-03  -9.7958505e-04
   7.6641002e-05  -7.7478618e-04   7.8696980e-03  -1.7602500e-03
   1.9545082e-03  -6.6617639e-04   6.5429382e-03  -1.9967014e-03
   1.1186512e-03  -3.5158253e-04   2.9337019e-03  -1.3023600e-03
  -3.1317575e-04  -4.2274067e-04   1.6931440e-03  -1.2498152e-03
  -1.0853128e-03  -5.6880210e-04   1.9330102e-03  -1.8090416e-03
  -5.5306298e-04  -7.6355068e-04   8.6110818e-04  -1.4637475e-03
  -3.8064403e-04  -8.6467014e-04  -2.2121772e-03  -1.2723344e-03
  -1.7074271e-04  -6.5119573e-04  -4.6183348e-03  -8.0318479e-04
  -4.7050852e-05  -5.2386012e-04  -4.2060648e-03  -1.0021042e-03
  -8.6041850e-04  -2.3922758e-04  -4.1985690e-03  -1.8465736e-03
  -1.0778163e-03  -4.7142781e-04  -5.5103371e-03  -1.5463178e-03
  -1.2652282e-03  -6.1748925e-04  -6.0200527e-03  -1.5275518e-03
  -1.5276049e-03  -3.5907286e-04  -5.4166394e-03  -1.7640032e-03
  -2.0186240e-03  -7.7853134e-04  -4.4834100e-03  -2.1130505e-03
  -2.2959937e-03  -7.9725717e-04  -4.8357135e-03  -2.2631784e-03
  -1.5875767e-03  -6.0999892e-04  -4.8432093e-03  -2.1918677e-03
  -4.3311937e-04  -6.6243123e-04  -3.8575092e-03  -2.1618421e-03
  -4.1062994e-04  -4.5644715e-04  -3.6101473e-03  -1.9178843e-03
  -1.0590751e-03  -6.4370540e-04  -3.7750552e-03  -1.7264713e-03
  -1.0440822e-03  -1.0519284e-03  -4.1760815e-03  -1.3774239e-03
  -5.9804184e-04  -1.1193414e-03  -2.6806658e-03  -1.5838498e-03
  -2.8309662e-05  -1.0182219e-03  -8.9291323e-04  -1.8278076e-03
  -7.7036756e-05  -5.7254727e-04  -4.5440787e-04  -1.6889393e-03
  -1.4825328e-04  -5.3135045e-04   9.5480591e-04  -2.0192206e-03
   2.1907405e-04  -6.9613771e-04   2.8137688e-03  -2.4508383e-03
  -2.0813186e-05  -4.4521166e-04   4.5940255e-03  -2.6347449e-03
  -5.5306298e-04  -5.5756661e-04   4.9838081e-03  -2.4395787e-03
   2.6780114e-04  -6.2497958e-04   5.2124305e-03  -2.5897066e-03
   9.5747693e-04  -8.2347332e-04   4.6989670e-03  -2.6647705e-03
   1.1037514e-04  -8.9088629e-04   2.6451129e-03  -1.8540799e-03
   3.9898947e-04  -5.5382144e-04   3.0124080e-03  -1.8015352e-03
   1.2610842e-03  -4.9389880e-04   3.6720399e-03  -1.9404035e-03
   8.5627451e-04  -6.4370540e-04   3.5745943e-03  -1.7227181e-03
   6.3512846e-04  -6.9239255e-04   4.0993016e-03  -2.1355697e-03
   7.0634499e-04  -8.4219915e-04   4.1555202e-03  -2.4057999e-03
   4.9644366e-04  -8.9837662e-04   4.0768141e-03  -2.5259022e-03
   7.6641002e-05  -5.0887946e-04   3.6420567e-03  -2.6084725e-03
  -3.6190284e-04  -6.7366672e-04   2.8437520e-03  -2.3457488e-03
  -2.4570747e-04  -7.2609903e-04   2.9374498e-03  -2.3082168e-03
  -2.2321804e-04  -7.5606035e-04   2.5364235e-03  -2.3044636e-03
  -5.1183236e-04  -7.7853134e-04   4.4134238e-04  -1.9366503e-03
  -1.7064948e-05  -3.6656319e-04  -5.5934933e-04  -1.6776797e-03
   6.6511437e-04  -4.8266331e-04  -4.3192042e-04  -1.8540799e-03
   2.1532581e-04  -5.5007628e-04  -1.0728129e-03  -2.0379866e-03
  -5.0808413e-04  -6.8490222e-04  -2.1859418e-03  -1.5425646e-03
  -1.0478304e-03  -7.4482486e-04  -2.6731700e-03  -1.6926925e-03
  -1.2839694e-03  -6.3621507e-04  -2.2571521e-03  -2.1580889e-03
  -1.0890610e-03  -5.8752793e-04  -1.8074030e-03  -2.2256465e-03
  -1.8124709e-03  -5.2386012e-04  -2.1072357e-03  -2.4133063e-03
  -1.7337580e-03  -5.7254727e-04  -2.6019597e-03  -1.6851861e-03
  -2.7944161e-04  -5.2386012e-04  -1.9460757e-03  -1.8803523e-03
  -2.0719960e-06  -7.6355068e-04  -1.8561258e-03  -2.1843613e-03
  -8.0044669e-04  -6.9613771e-04  -2.7143970e-03  -1.5538242e-03
  -1.5913249e-03  -6.1748925e-04  -2.6319430e-03  -1.7977820e-03
  -1.0590751e-03  -7.3733453e-04  -1.6237555e-03  -1.7865224e-03
  -4.3311937e-04  -5.5382144e-04  -9.7161932e-04  -1.6326413e-03
  -6.3552422e-04  -3.9652451e-04  -1.3501581e-03  -1.4599943e-03
  -1.4075680e-04  -2.6918890e-04  -8.9291323e-04  -1.2122833e-03
   1.8533990e-04  -6.4745057e-04   5.8001501e-04  -1.4449815e-03
  -2.5695218e-04  -6.9988288e-04   1.8093292e-03  -1.8278076e-03
  -7.8920198e-04  -7.2235387e-04   1.9817330e-03  -1.8278076e-03
  -7.4797136e-04  -9.5080893e-04   1.9817330e-03  -1.7039521e-03
  -6.9540280e-05  -7.1486354e-04   2.7538022e-03  -1.7677564e-03
   4.2522714e-04  -8.9088629e-04   2.6338691e-03  -1.5725902e-03
   2.6405290e-04  -8.0474750e-04   2.2290950e-03  -1.3924367e-03
   1.1787162e-04  -6.6992156e-04   2.2141033e-03  -1.4074495e-03
   2.6030466e-04  -9.2084761e-04   2.5589110e-03  -1.4637475e-03
   3.4276590e-04  -8.0474750e-04   2.7987771e-03  -1.4599943e-03
   2.0417432e-05  -8.3845398e-04   2.1466410e-03  -1.5275518e-03
  -2.2696628e-04  -9.6578959e-04   1.9854809e-03  -1.3511516e-03
   1.2536810e-04  -8.6467014e-04   2.1691284e-03  -1.4149559e-03
  -1.9323213e-04  -7.7104101e-04   2.2066075e-03  -1.8690927e-03
  -3.5065813e-04  -7.5231519e-04   1.8805394e-03  -1.7827692e-03
  -3.7314756e-04  -8.7965080e-04   1.4270424e-03  -1.5838498e-03
  -4.3311937e-04  -7.6729585e-04   1.4270424e-03  -1.5838498e-03
  -1.8948390e-04  -7.2984420e-04   8.5736028e-04  -1.4750071e-03
  -6.4302069e-04  -8.1598299e-04   2.9072387e-05  -1.3811771e-03
  -3.1692399e-04  -6.0250859e-04  -3.4571851e-04  -1.3999431e-03
   5.4244800e-06  -7.4857002e-04  -5.5185351e-04  -1.2310492e-03
  -3.5065813e-04  -9.0212179e-04  -9.7911513e-04  -1.2498152e-03
  -5.0433589e-04  -8.4219915e-04  -1.3951330e-03  -1.3173728e-03
  -9.3163502e-04  -8.7965080e-04  -1.3988809e-03  -1.3286324e-03
  -8.9040440e-04  -7.5980552e-04  -1.4850828e-03  -1.4374751e-03
  -6.9924426e-04  -6.0250859e-04  -1.2264771e-03  -1.3886835e-03
  -6.5801365e-04  -7.2984420e-04  -1.0728129e-03  -1.6439009e-03
  -4.6685351e-04  -6.3621507e-04  -1.8298905e-03  -1.4149559e-03
  -3.5065813e-04  -5.8752793e-04  -1.7774198e-03  -1.0959342e-03
  -2.1946980e-04  -7.3358936e-04  -1.3389144e-03  -1.3924367e-03
  -4.2562289e-04  -5.6505694e-04  -1.5825285e-03  -1.3961899e-03
  -4.7434998e-04  -6.4370540e-04  -1.3164269e-03  -1.4036963e-03
   5.7899812e-05  -7.6355068e-04  -1.0165942e-03  -1.4299687e-03
   3.6900357e-04  -1.0219671e-03  -5.7059305e-04  -1.6213817e-03
   1.6669194e-05  -8.2347332e-04   1.3401384e-04  -1.8615863e-03
  -1.3700856e-04  -7.8976684e-04   5.2754428e-04  -1.7752628e-03
  -5.4547328e-05  -9.4331860e-04   9.4356218e-04  -1.8428204e-03
   1.1037514e-04  -4.9389880e-04   1.1384535e-03  -1.7339776e-03
   3.5401061e-04  -7.1486354e-04   1.2096637e-03  -1.6288881e-03
   9.9130430e-05  -5.5382144e-04   1.0185204e-03  -1.9291439e-03
   3.0528352e-04  -6.5494090e-04   1.1946721e-03  -1.8878587e-03
   4.0273771e-04  -8.7965080e-04   1.4720174e-03  -1.9253907e-03
   2.0033286e-04  -5.6880210e-04   1.0747390e-03  -2.0492462e-03
   2.4905995e-04  -8.0849266e-04   1.2358991e-03  -1.7489904e-03
   1.4785752e-04  -7.9725717e-04   1.2471428e-03  -1.7902756e-03
   5.5266723e-04  -8.1223783e-04   7.1868764e-04  -1.8653395e-03
   5.7140842e-04  -6.8864738e-04   5.9500665e-04  -1.9404035e-03
   3.2402471e-04  -6.0999892e-04   6.3998155e-04  -2.0830250e-03
   3.0528352e-04  -5.5756661e-04   3.5514047e-04  -2.1580889e-03
  -2.0813186e-05  -5.3509562e-04  -4.2137884e-05  -2.3007104e-03
  -2.0719960e-06  -6.9988288e-04  -3.1198733e-04  -2.1130505e-03
   9.1633954e-05  -6.4745057e-04  -6.3805542e-04  -2.1993741e-03
   9.1727180e-06  -7.2609903e-04  -8.8916532e-04  -2.3382424e-03
  -5.4547328e-05  -6.1748925e-04  -1.0578212e-03  -2.4208127e-03
   5.0403336e-05  -7.8602167e-04  -1.1964939e-03  -2.5822002e-03
   7.2892764e-05  -7.6355068e-04  -1.3051832e-03  -2.4057999e-03
   1.0662691e-04  -7.1860870e-04  -1.7324448e-03  -2.5521746e-03
   2.2282228e-04  -8.1598299e-04  -2.0772525e-03  -2.2969572e-03
   5.0403336e-05  -5.5007628e-04  -1.5787806e-03  -2.0605058e-03
   8.0389240e-05  -6.6243123e-04  -1.3576539e-03  -2.5446682e-03
  -1.1451914e-04  -8.0849266e-04  -1.5862764e-03  -2.4733575e-03
  -1.7074271e-04  -7.1486354e-04  -1.3126790e-03  -2.4508383e-03
   1.2911633e-04  -6.1748925e-04  -9.3788814e-04  -2.3607615e-03
   2.4156347e-04  -8.3845398e-04  -8.1045923e-04  -2.2594252e-03
   5.4891899e-04  -6.1374408e-04  -8.3669459e-04  -2.3269828e-03
   4.6645775e-04  -3.6281803e-04  -5.0687860e-04  -1.8953651e-03
   3.4276590e-04  -5.8752793e-04  -4.7314742e-04  -2.1017910e-03
   4.1398242e-04  -5.0138913e-04  -6.7928241e-04  -2.0867782e-03
   1.5535400e-04  -7.7104101e-04  -4.9563487e-04  -1.9028715e-03
   5.0394013e-04  -6.4370540e-04  -4.9188696e-04  -2.1918677e-03
   7.1384146e-04  -3.8903418e-04  -4.4316415e-04  -1.8465736e-03
   4.8519894e-04  -5.9127309e-04  -3.4197060e-04  -1.9066247e-03
   3.9149299e-04  -5.6131177e-04  -2.2203752e-04  -1.9178843e-03
   3.7650004e-04  -6.9988288e-04   4.7811932e-05  -1.9103779e-03
   5.0019190e-04  -7.2235387e-04   2.7268647e-04  -2.3757743e-03
   4.2906860e-05  -7.9725717e-04   6.2803568e-05  -2.0004546e-03
   1.3661281e-04  -7.5980552e-04  -1.1334816e-04  -1.9103779e-03
   4.4022009e-04  -6.5868606e-04   1.4080751e-05  -2.0042078e-03
   5.5641547e-04  -9.4331860e-04  -2.0329797e-04  -1.8240544e-03
   7.5132384e-04  -6.9988288e-04  -2.5951661e-04  -1.9479099e-03
   2.0782933e-04  -5.1636979e-04  -2.3328124e-04  -1.5688370e-03
   2.6030466e-04  -5.7254727e-04  -4.3192042e-04  -1.4449815e-03
   3.8774476e-04  -6.3621507e-04  -2.4827288e-04  -1.7865224e-03
   2.0408109e-04  -8.5343464e-04  -2.0329797e-04  -1.9328971e-03
   1.9283638e-04  -5.6131177e-04  -4.6190369e-04  -1.9479099e-03
  -9.9526184e-05  -4.9015364e-04  -3.3822270e-04  -1.9629227e-03
  -1.4825328e-04  -7.8227651e-04  -4.0943297e-04  -2.0042078e-03
   9.1727180e-06  -7.7478618e-04  -6.7178660e-04  -1.7602500e-03
   8.7885716e-05  -8.8339596e-04  -8.7417368e-04  -1.7039521e-03
  -3.9554376e-05  -1.0594187e-03  -1.0278380e-03  -1.7452372e-03
  -2.7194513e-04  -9.1710245e-04  -9.8286304e-04  -1.6814329e-03
  -1.8948390e-04  -7.4107969e-04  -9.5662768e-04  -1.7752628e-03
   1.1787162e-04  -8.3470882e-04  -1.0053505e-03  -1.7189649e-03
  -2.8309662e-05  -8.6841530e-04  -1.1702585e-03  -1.5613306e-03
  -1.3700856e-04  -7.0362804e-04  -8.1795505e-04  -1.7039521e-03
  -2.5320394e-04  -6.7741189e-04  -6.1556796e-04  -1.6589137e-03
  -5.6055946e-04  -7.6729585e-04  -8.3669459e-04  -1.5725902e-03
  -1.4450504e-04  -7.9725717e-04  -6.1556796e-04  -1.8353140e-03
  -1.7823918e-04  -7.2235387e-04  -5.7059305e-04  -1.6514073e-03
  -9.5777946e-05  -7.2609903e-04  -5.8933260e-04  -1.5125390e-03
   8.7885716e-05  -8.5717981e-04  -7.6173641e-04  -1.6213817e-03
  -2.7569337e-04  -7.8976684e-04  -5.8558469e-04  -1.3736707e-03
   2.0417432e-05  -8.4594431e-04  -2.6701242e-04  -1.3924367e-03
  -2.0822509e-04  -8.4219915e-04  -7.3924896e-04  -1.5876030e-03
  -1.4450504e-04  -8.7216047e-04  -4.8064324e-04  -1.4187091e-03
   3.1278000e-04  -9.5455410e-04  -1.0960025e-04  -1.5162922e-03
