  -8.8281470e-05  -9.3208311e-04  -3.7944969e-04  -1.8127948e-03
  -1.7064948e-05  -9.6953476e-04  -1.0585234e-04  -1.6889393e-03
  -1.3700856e-04  -7.7104101e-04  -1.0585234e-04  -1.9554163e-03
  -1.7074271e-04  -8.8339596e-04  -3.2323106e-04  -2.0004546e-03
  -3.2816870e-04  -6.8490222e-04  -3.0894157e-05  -1.9404035e-03
  -3.5806138e-05  -7.4107969e-04   1.9772829e-04  -1.9591695e-03
   6.5396288e-05  -8.9837662e-04  -9.1088500e-07  -1.8916119e-03
  -9.2029708e-05  -8.3845398e-04  -3.5321433e-04  -1.8803523e-03
  -2.6819689e-04  -8.0474750e-04  -2.3702915e-04  -1.9066247e-03
  -2.5695218e-04  -8.5717981e-04   8.5291022e-05  -2.0980378e-03
  -8.0784994e-05  -8.7590563e-04   2.8370240e-06  -2.0004546e-03
  -1.1826737e-04  -7.5980552e-04  -3.1198733e-04  -2.0980378e-03
  -1.2201561e-04  -9.2459278e-04  -3.1573524e-04  -2.1130505e-03
  -2.0822509e-04  -8.9463146e-04  -2.6326452e-04  -1.9404035e-03
  -2.0072861e-04  -7.6355068e-04  -2.1454170e-04  -2.0342334e-03
  -2.2321804e-04  -7.1860870e-04  -1.5457515e-04  -2.0267270e-03
  -3.1692399e-04  -7.7853134e-04  -3.6071015e-04  -2.2556720e-03
  -2.4195923e-04  -8.3096365e-04  -2.8575197e-04  -2.1430761e-03
  -4.1812641e-04  -9.0586695e-04  -1.2459188e-04  -2.1505825e-03
  -3.2067223e-04  -8.8339596e-04  -1.6207097e-04  -2.1505825e-03
  -1.8573566e-04  -8.3845398e-04  -9.0860701e-05  -1.9516631e-03
  -1.8573566e-04  -1.1268317e-03  -1.3958352e-04  -2.1543357e-03
  -8.0784994e-05  -7.8976684e-04  -2.2578543e-04  -1.9854418e-03
  -4.4061584e-04  -7.5606035e-04  -9.4608610e-05  -2.0304802e-03
  -4.1812641e-04  -7.5980552e-04  -1.9650430e-05  -2.1355697e-03
  -1.4825328e-04  -6.2123441e-04  -1.3583561e-04  -2.2256465e-03
  -1.4825328e-04  -8.6841530e-04  -1.5457515e-04  -2.2706848e-03
  -2.3071451e-04  -6.3246991e-04  -1.0585234e-04  -2.1280633e-03
  -4.1062994e-04  -9.9949608e-04  -3.3072688e-04  -2.3607615e-03
  -1.9323213e-04  -1.0743994e-03  -1.0960025e-04  -2.1655953e-03
  -4.7050852e-05  -8.2721849e-04   1.4080751e-05  -2.2781912e-03
  -1.3700856e-04  -1.0257122e-03  -2.2953333e-04  -2.3570083e-03
  -2.1946980e-04  -7.5980552e-04  -2.3702915e-04  -2.3119700e-03
  -1.5949799e-04  -9.3208311e-04  -4.1318088e-04  -2.7098089e-03
  -1.4450504e-04  -9.7702509e-04  -8.3364883e-05  -2.2331528e-03
  -2.9818280e-04  -6.2123441e-04  -1.2459188e-04  -2.2406592e-03
  -1.4825328e-04  -8.1972816e-04  -1.9955006e-04  -2.4658511e-03
  -2.3071451e-04  -8.8714113e-04  -8.7112792e-05  -2.1580889e-03
  -2.6819689e-04  -7.8602167e-04  -4.3566833e-04  -2.3682679e-03
  -1.5949799e-04  -8.0849266e-04  -1.4707934e-04  -2.3457488e-03
  -2.3821099e-04  -8.3845398e-04  -3.0894157e-05  -2.0830250e-03
  -1.7449094e-04  -9.6953476e-04   6.5849330e-06  -1.9967014e-03
  -2.5320394e-04  -9.2833794e-04  -8.7112792e-05  -2.1806081e-03
  -1.7449094e-04  -7.3358936e-04  -6.4625338e-05  -2.0417398e-03
  -2.8309662e-05  -6.2123441e-04   5.1559841e-05  -1.7414840e-03
  -3.5806138e-05  -6.2123441e-04  -9.4608610e-05  -1.8878587e-03
  -3.5806138e-05  -7.5606035e-04   6.6551477e-05  -2.1168037e-03
   4.2906860e-05  -7.1486354e-04  -2.2203752e-04  -1.9891950e-03
   2.7154938e-04  -6.1374408e-04  -1.2459188e-04  -1.9328971e-03
   5.4151574e-05  -8.8339596e-04   1.0332842e-05  -2.1693485e-03
   9.1727180e-06  -8.6841530e-04  -8.7112792e-05  -1.9404035e-03
   1.0287867e-04  -7.4857002e-04   1.6774502e-04  -2.0529994e-03
   4.2906860e-05  -8.4219915e-04   4.4064023e-05  -2.0905314e-03
   2.6780114e-04  -6.5868606e-04  -8.3364883e-05  -1.9929482e-03
  -6.5792042e-05  -8.0100233e-04  -1.4333143e-04  -2.2369060e-03
  -2.8318985e-04  -7.1111837e-04  -1.9205424e-04  -2.0680122e-03
  -9.2029708e-05  -7.4482486e-04  -2.4452497e-04  -1.9141311e-03
  -2.1572156e-04  -1.1867543e-03  -3.4946642e-04  -1.9216375e-03
  -3.2816870e-04  -7.9725717e-04  -3.7944969e-04  -2.0755186e-03
  -2.2321804e-04  -9.2459278e-04  -3.6820597e-04  -2.0717654e-03
  -3.5806138e-05  -9.4331860e-04  -3.7570179e-04  -2.1092973e-03
  -1.2201561e-04  -5.7254727e-04  -4.2817251e-04  -2.2744380e-03
  -2.9818280e-04  -1.0556735e-03  -3.7944969e-04  -2.0830250e-03
  -1.3326033e-04  -9.2833794e-04  -1.3208770e-04  -1.9103779e-03
  -5.8295566e-05  -8.9088629e-04  -1.7331470e-04  -2.0117142e-03
  -3.0193104e-04  -1.2167156e-03  -4.1692878e-04  -2.0492462e-03
  -1.2201561e-04  -9.3582827e-04  -3.8694551e-04  -1.7977820e-03
  -2.2321804e-04  -9.2459278e-04  -4.8439115e-04  -1.9666759e-03
  -3.3191694e-04  -9.8826058e-04  -2.6701242e-04  -2.1055441e-03
   1.0287867e-04  -8.3096365e-04  -9.8356519e-05  -1.9779355e-03
  -2.3446275e-04  -1.0556735e-03  -2.5576870e-04  -2.0642590e-03
  -3.4316165e-04  -1.0893800e-03  -1.5457515e-04  -2.1468293e-03
  -2.6070042e-04  -7.3733453e-04  -1.9650430e-05  -2.2293996e-03
  -4.4811232e-04  -8.2721849e-04  -1.5832306e-04  -2.1280633e-03
  -1.5200152e-04  -9.2459278e-04  -4.3941624e-04  -2.0567526e-03
  -2.7569337e-04  -7.7853134e-04  -1.6956679e-04  -2.0867782e-03
  -4.4061584e-04  -1.0032412e-03  -2.3398339e-05  -2.2256465e-03
  -3.3566518e-04  -1.1567930e-03  -1.2833979e-04  -2.2406592e-03
  -3.5440637e-04  -7.4857002e-04  -2.4077706e-04  -2.2106337e-03
  -3.2816870e-04  -9.2459278e-04  -5.1812233e-04  -2.0755186e-03
  -3.9563699e-04  -1.2242060e-03  -3.5321433e-04  -1.9666759e-03
  -1.7449094e-04  -1.0219671e-03  -2.2578543e-04  -2.1993741e-03
  -1.2576385e-04  -1.1867543e-03  -1.2459188e-04  -2.0867782e-03
  -2.6070042e-04  -8.1972816e-04  -2.3398339e-05  -1.7827692e-03
  -5.8295566e-05  -7.7478618e-04  -2.2953333e-04  -1.6626669e-03
  -1.5574975e-04  -1.0369477e-03  -1.7331470e-04  -1.9779355e-03
   2.0417432e-05  -8.0849266e-04  -2.7076033e-04  -1.8578331e-03
  -1.0327442e-04  -9.4331860e-04  -4.7689533e-04  -1.6363945e-03
  -4.5186056e-04  -8.1223783e-04  -1.4707934e-04  -2.0267270e-03
  -8.4533232e-05  -7.5980552e-04  -1.6207097e-04  -1.7940288e-03
  -3.8439227e-04  -9.9575091e-04  -3.3072688e-04  -1.8916119e-03
  -3.0567927e-04  -1.0631639e-03  -6.4625338e-05  -1.8690927e-03
   6.1648050e-05  -1.0931252e-03  -3.2697897e-04  -1.7114585e-03
  -2.3446275e-04  -9.5829926e-04  -3.8694551e-04  -2.1806081e-03
  -1.7823918e-04  -9.5829926e-04  -2.3702915e-04  -1.8615863e-03
  -2.8318985e-04  -9.5455410e-04  -5.0313069e-04  -1.9666759e-03
  -3.3191694e-04  -9.2833794e-04  -5.3381611e-05  -2.1580889e-03
  -2.4945570e-04  -1.0594187e-03  -7.2121156e-05  -1.8315608e-03
  -3.6190284e-04  -8.9837662e-04  -3.4197060e-04  -2.1505825e-03
  -3.5815461e-04  -8.9463146e-04  -5.7129520e-05  -2.1956209e-03
  -4.1062994e-04  -1.1006155e-03  -3.6820597e-04  -2.0492462e-03
  -3.3191694e-04  -1.0669090e-03  -2.6326452e-04  -1.9816886e-03
  -1.6699447e-04  -9.4331860e-04  -8.4067030e-06  -2.0642590e-03
  -1.8573566e-04  -9.4331860e-04  -2.7825615e-04  -2.2293996e-03
  -1.2201561e-04  -9.3582827e-04  -1.4707934e-04  -2.1130505e-03
  -9.2029708e-05  -7.9725717e-04   2.1576569e-05  -2.3870339e-03
  -8.4533232e-05  -8.4594431e-04  -1.6956679e-04  -2.2932040e-03
  -6.9540280e-05  -7.7478618e-04  -3.0823942e-04  -2.0567526e-03
  -2.1197332e-04  -7.7478618e-04  -3.0823942e-04  -2.2894508e-03
  -1.4825328e-04  -9.3957344e-04  -2.8949988e-04  -2.1881145e-03
  -3.4690989e-04  -8.9088629e-04  -3.0823942e-04  -2.2706848e-03
  -2.9443456e-04  -8.2347332e-04  -1.6956679e-04  -2.4133063e-03
   1.7034695e-04  -8.6467014e-04  -1.7331470e-04  -2.2631784e-03
  -1.9323213e-04  -9.9200575e-04  -2.4827288e-04  -2.1918677e-03
  -3.3191694e-04  -1.0406929e-03   3.2820296e-05  -2.3119700e-03
  -2.5695218e-04  -9.6953476e-04   1.5275338e-04  -2.5071362e-03
  -3.1317575e-04  -8.7216047e-04   6.6551477e-05  -2.2106337e-03
  -2.4561424e-05  -8.3096365e-04  -1.0585234e-04  -2.2293996e-03
  -1.2951209e-04  -9.3957344e-04  -6.8373247e-05  -2.5446682e-03
  -2.1197332e-04  -8.7590563e-04  -1.1709606e-04  -2.3532552e-03
  -1.0327442e-04  -9.3208311e-04  -2.0704588e-04  -2.2669316e-03
  -1.7064948e-05  -9.0586695e-04  -1.0585234e-04  -2.1881145e-03
   1.0662691e-04  -5.3884078e-04  -1.4707934e-04  -2.0042078e-03
  -1.1451914e-04  -8.4219915e-04  -2.3702915e-04  -1.9554163e-03
  -7.3288518e-05  -8.7590563e-04  -3.3822270e-04  -1.9066247e-03
   6.1648050e-05  -5.8378276e-04  -1.3958352e-04  -1.8390672e-03
  -5.8295566e-05  -7.2609903e-04  -2.8949988e-04  -2.0379866e-03
   1.6669194e-05  -6.5119573e-04  -2.1454170e-04  -1.9741823e-03
  -2.6070042e-04  -8.0474750e-04   6.6551477e-05  -1.8991183e-03
  -3.5815461e-04  -9.4331860e-04  -1.1334816e-04  -2.0454930e-03
  -6.9540280e-05  -9.2084761e-04  -1.1334816e-04  -1.8916119e-03
  -9.5684720e-06  -8.2721849e-04  -2.4827288e-04  -2.0267270e-03
  -5.8202340e-06  -6.2497958e-04  -7.5869065e-05  -1.9704291e-03
  -1.1077090e-04  -8.4594431e-04  -1.2154612e-05  -2.0492462e-03
  -1.7074271e-04  -8.6841530e-04  -1.6581888e-04  -2.1843613e-03
  -1.4825328e-04  -6.4745057e-04  -1.2084397e-04  -1.9479099e-03
  -3.5806138e-05  -8.1598299e-04  -2.4452497e-04  -2.2143869e-03
  -1.2201561e-04  -9.6578959e-04  -7.9616974e-05  -2.1205569e-03
  -2.8693808e-04  -9.0212179e-04  -5.7129520e-05  -1.9929482e-03
  -1.6699447e-04  -6.0250859e-04  -2.4077706e-04  -2.3007104e-03
  -9.5777946e-05  -7.1486354e-04  -2.5576870e-04  -2.0454930e-03
  -3.5806138e-05  -1.1717737e-03  -2.5576870e-04  -2.0192206e-03
  -1.1826737e-04  -8.7590563e-04  -2.2578543e-04  -2.2556720e-03
  -2.0822509e-04  -9.9575091e-04  -9.8356519e-05  -2.0942846e-03
  -2.0719960e-06  -1.0481832e-03  -1.9650430e-05  -2.1655953e-03
  -6.2043804e-05  -5.1636979e-04  -3.5696224e-04  -2.1205569e-03
  -2.2321804e-04  -9.3208311e-04  -3.4946642e-04  -1.7715096e-03
  -1.4075680e-04  -1.0968704e-03  -2.0329797e-04  -2.0079610e-03
  -2.4195923e-04  -9.7327992e-04  -3.3072688e-04  -2.1580889e-03
  -1.8198742e-04  -1.0444381e-03  -6.0877429e-05  -1.9591695e-03
  -1.9323213e-04  -9.5080893e-04  -7.2121156e-05  -2.1280633e-03
  -3.4316165e-04  -1.0856349e-03  -9.4608610e-05  -2.1468293e-03
  -1.7449094e-04  -8.3470882e-04  -8.7112792e-05  -2.0492462e-03
  -1.6324623e-04  -9.6953476e-04  -3.9444133e-04  -2.1468293e-03
  -2.9068632e-04  -1.0856349e-03  -3.6071015e-04  -2.2143869e-03
  -3.1317575e-04  -7.4482486e-04  -1.2084397e-04  -2.1393229e-03
  -2.5320394e-04  -1.0219671e-03  -3.1948315e-04  -2.1618421e-03
  -4.3686760e-04  -1.0257122e-03  -2.9699570e-04  -2.1655953e-03
  -4.1437818e-04  -1.0369477e-03  -1.0585234e-04  -2.0867782e-03
  -1.5574975e-04  -9.6578959e-04  -4.3941624e-04  -2.0605058e-03
  -2.2696628e-04  -8.0100233e-04  -2.2953333e-04  -2.0079610e-03
  -3.7689580e-04  -1.0556735e-03  -5.2187024e-04  -2.0680122e-03
  -4.3311937e-04  -1.0893800e-03  -1.9580215e-04  -1.9891950e-03
  -3.0193104e-04  -9.9949608e-04  -4.9563487e-04  -2.1017910e-03
  -2.2321804e-04  -5.5756661e-04  -4.9563487e-04  -1.9854418e-03
  -1.1077090e-04  -7.2609903e-04   2.8370240e-06  -1.7339776e-03
  -3.2442046e-04  -9.8451542e-04  -1.1065440e-03  -1.5575774e-03
  -1.3326033e-04  -7.5980552e-04   2.8025250e-03  -1.3098664e-03
   2.5280819e-04  -1.0444381e-03   5.7483815e-03  -1.6851861e-03
  -5.1932884e-04  -8.2347332e-04   6.1456599e-03  -1.7865224e-03
  -7.2548193e-04  -6.9613771e-04   6.6216443e-03  -1.3924367e-03
   1.5535400e-04  -8.9463146e-04   8.8516502e-03  -1.0734150e-03
  -2.8309662e-05  -8.7216047e-04   1.4319849e-02  -1.2986068e-03
  -1.1190469e-03  -8.0474750e-04   1.3798890e-02  -1.4675007e-03
  -5.8304889e-04  -6.7366672e-04   9.6574506e-03  -1.2460620e-03
  -4.7050852e-05  -1.0706542e-03   6.7940481e-03  -1.2760876e-03
  -2.4195923e-04  -1.1305768e-03   8.8928772e-03  -1.1597385e-03
  -4.7060175e-04  -7.4482486e-04   1.2925627e-02  -1.2986068e-03
  -9.9526184e-05  -7.2235387e-04   1.4930759e-02  -1.4900198e-03
   4.8894718e-04  -6.9988288e-04   1.3469074e-02  -1.2723344e-03
  -6.6925836e-04  -7.4482486e-04   9.7286609e-03  -1.3849303e-03
  -1.0778163e-03  -9.0212179e-04   6.0332226e-03  -2.1130505e-03
  -1.4114095e-03  -9.1710245e-04  -4.8813906e-04  -2.6722769e-03
  -2.1348194e-03  -6.8864738e-04  -9.5505830e-03  -2.9462603e-03
  -2.2622595e-03  -8.6092497e-04  -2.3897579e-02  -3.3628651e-03
  -1.8087227e-03  -1.0669090e-03  -4.1550230e-02  -4.2561260e-03
  -4.8260543e-03  -8.6467014e-04  -6.4506173e-02  -4.6727309e-03
  -9.0540668e-03  -1.3328158e-03  -8.1240586e-02  -4.4738115e-03
  -5.9505257e-03  -1.9095712e-03  -7.9490313e-02  -5.7461452e-03
  -4.2788116e-03  -1.8983357e-03  -7.1555990e-02  -5.8099496e-03
  -4.7435931e-03  -1.7223129e-03  -5.6433177e-02  -4.3386964e-03
  -3.8814051e-04  -1.5762515e-03  -3.3428511e-02  -4.2636324e-03
   3.4725446e-03  -1.7934711e-03  -1.1563210e-02  -4.0534534e-03
   2.4717651e-03  -1.7522742e-03   6.6403839e-03  -2.9124815e-03
   9.7246988e-04  -1.6698806e-03   2.2314139e-02  -1.7827692e-03
   4.2446817e-03  -1.9545132e-03   3.7489423e-02  -1.7640032e-03
   6.5948269e-03  -1.2242060e-03   4.6338236e-02  -1.4562411e-03
   6.1262971e-03  -5.5756661e-04   4.7844895e-02   6.3803717e-05
   8.7050849e-03  -2.4671791e-04   5.0813239e-02   1.4637405e-04
   1.0935286e-02   5.7347322e-04   5.2005074e-02  -6.9809527e-04
   5.3616566e-03   7.4200565e-04   4.3778414e-02  -3.4154156e-04
   4.7844279e-03   2.9633101e-04   3.5806612e-02  -1.1334661e-03
   3.4238175e-03   1.5401474e-04   2.4000698e-02  -6.0426535e-04
  -1.3387030e-02   1.3903408e-04   8.7317171e-03   3.5918089e-03
  -5.6581631e-03  -1.6211935e-03   2.6957799e-02   7.0935360e-04
   1.4424896e-02  -2.6698397e-03   5.2031310e-02  -6.4292271e-03
   3.0077631e-03  -6.0999892e-04   3.5188207e-02  -3.2164905e-03
  -1.8836875e-03   7.3451532e-04   1.3562772e-02   2.8524291e-03
   1.2265911e-02   6.0385620e-05   1.8019036e-02   2.6272316e-04
   1.0208128e-02  -6.3246991e-04   1.9866755e-02  -2.7773664e-03
  -9.3239399e-03  -4.3397616e-04   1.3445884e-03   6.9809401e-04
  -8.8404172e-03  -9.7702509e-04  -8.2425628e-03   1.1034393e-03
   6.5535963e-03  -1.7522742e-03  -6.5222725e-03  -3.1151541e-03
  -1.6550450e-03  -2.9540506e-04  -1.6244348e-02  -3.5993166e-03
  -8.9378714e-03   4.7984410e-04  -2.4527227e-02  -2.5709406e-03
  -1.4825328e-04  -4.0026968e-04  -2.5044439e-02  -4.0121682e-03
   1.7633481e-03  -1.0893800e-03  -2.6558594e-02  -5.1794125e-03
  -6.7226627e-03  -1.0107316e-03  -3.0621327e-02  -4.0609598e-03
  -1.0898200e-02  -3.8903418e-04  -3.2765131e-02  -3.2014777e-03
  -5.5757019e-03  -8.4968948e-04  -3.2247920e-02  -2.3044636e-03
   1.1711265e-03  -8.9463146e-04  -2.4703379e-02  -2.3269828e-03
   6.2349960e-03  -2.2424692e-04  -1.3587081e-02  -4.4738115e-03
   5.2941883e-03   7.7945730e-04  -1.8635514e-02  -4.1322705e-03
   2.4905995e-04   1.4236257e-03  -3.4020681e-02  -1.2986068e-03
  -3.4317098e-03  -7.5231519e-04  -3.6580503e-02  -8.1819758e-04
  -5.5757019e-03  -2.5162879e-03  -2.2642029e-02  -4.4250199e-03
  -1.1850252e-02  -1.8384130e-03  -1.5408565e-02  -6.4855250e-03
  -1.1336744e-02  -1.4451707e-03  -1.9216440e-02  -4.3687219e-03
   3.0564902e-03  -1.3178351e-03  -1.9392592e-02  -2.5409150e-03
   9.6046620e-03  -6.4370540e-04  -1.5438548e-02  -1.8991183e-03
   2.0219765e-03   8.6601775e-05  -6.3985915e-03  -1.0846746e-03
  -3.8402677e-03  -1.5308879e-04   2.9899205e-03  -8.3696356e-04
   6.8010732e-04  -2.1754779e-03   1.0834294e-02  -1.5388114e-03
   2.4942545e-03  -3.2166338e-03   1.9169644e-02  -1.9929482e-03
  -2.6445798e-03  -1.7073323e-03   2.5162550e-02  -2.2181401e-03
  -1.6100661e-03  -7.2609903e-04   2.8220844e-02  -2.2293996e-03
   7.4344322e-03  -1.0743994e-03   2.8070928e-02  -1.6664201e-03
   1.1654948e-02  -1.5313095e-03   2.5563576e-02  -7.2061446e-04
   2.4417792e-03  -1.9058260e-03   2.3164915e-02  -7.8817769e-05
  -4.2863080e-03  -2.1979489e-03   2.3108696e-02  -9.4580628e-04
  -9.6536916e-04  -2.8608431e-03   1.9739326e-02  -1.7189649e-03
  -2.6558245e-03  -3.2316144e-03   8.0720851e-03   2.1393160e-04
  -5.2758429e-03  -2.4825814e-03   6.0332226e-03   7.5063877e-04
   5.4891899e-04  -1.1717737e-03   2.0571362e-02  -3.2878012e-03
   5.5115861e-03   7.5324114e-04   2.4255556e-02  -4.9016759e-03
   6.4786315e-03   1.8917713e-03   1.3251695e-02  -2.1993741e-03
   6.0663253e-03   1.2887997e-03   6.4080135e-03   1.1258959e-05
   1.5122162e-03   5.2104091e-04   8.3044555e-03  -2.9650320e-04
  -3.7353170e-03  -2.9498340e-05   9.9535354e-03  -1.2648280e-03
  -3.8590089e-03  -7.2609903e-04   2.1391452e-03   9.7582490e-05
   1.1598818e-03  -1.2654028e-03  -3.1678940e-03   2.6271747e-05
   3.3376081e-03  -3.1413088e-04  -6.4555123e-04  -2.1618421e-03
  -2.0411135e-03   8.0941862e-04  -3.4197060e-04  -3.4979802e-03
  -3.6491076e-03   6.7875950e-05  -3.9437112e-03  -3.6593677e-03
   3.0153528e-04  -1.4152094e-03  -1.0318904e-02  -2.5746938e-03
  -2.7944161e-04  -2.1005746e-03  -1.2680087e-02  -2.6122257e-03
  -5.9917563e-03  -1.0481832e-03  -1.3171063e-02  -2.6422513e-03
  -7.0112771e-03  -4.6019232e-04  -1.7499898e-02  -1.4862666e-03
   6.6511437e-04  -5.5007628e-04  -1.8399396e-02  -1.0246234e-03
   2.9065607e-03  -3.7030836e-04  -1.5464783e-02  -1.5237986e-03
  -1.7562474e-03  -8.4219915e-04  -8.8572199e-03  -2.9950518e-03
  -2.3971961e-03  -6.3246991e-04  -4.1723336e-03  -4.2298537e-03
  -5.4547328e-05  -1.0818897e-03  -9.0221278e-03  -3.7944828e-03
  -1.7074271e-04  -2.0443971e-03  -1.3740745e-02  -2.0942846e-03
  -2.6408315e-03  -1.2279511e-03  -1.0345140e-02  -2.3157232e-03
  -1.3139553e-03  -4.2648583e-04  -6.1437337e-03  -3.9746363e-03
  -3.0942751e-04  -6.3246991e-04  -1.2934945e-02  -2.2293996e-03
  -3.3941342e-04  -9.4331860e-04  -2.0636898e-02   1.9141242e-04
   1.1898677e-03  -1.4002287e-03  -1.3632056e-02  -1.2122833e-03
  -1.8012262e-03  -1.3140899e-03  -4.5058975e-03  -3.9333511e-03
  -4.1176373e-03  -5.7629243e-04  -5.1955128e-03  -3.7757168e-03
  -4.4811232e-04  -1.0332026e-03  -7.2156357e-03  -2.2969572e-03
   3.2851327e-03  -1.3065996e-03  -2.5457411e-03  -2.7098089e-03
  -1.6699447e-04  -9.7702509e-04   3.6832837e-03  -3.0888818e-03
  -4.1438750e-03  -1.1081059e-03   4.0056038e-03  -2.1993741e-03
   1.0211970e-03  -1.1867543e-03   2.9449456e-03  -9.4955947e-04
   6.7147705e-03  -1.7522742e-03   6.4979633e-03  -1.0584022e-03
   1.8832917e-03  -1.3590319e-03   1.1254060e-02  -1.9291439e-03
  -4.7585860e-03  -4.4146649e-04   1.3412855e-02  -2.0905314e-03
  -1.9323213e-04  -7.7478618e-04   1.4124958e-02  -2.0454930e-03
   5.6315297e-03  -1.4676417e-03   1.3690201e-02  -2.0304802e-03
   2.7303935e-03  -1.2691480e-03   1.2325962e-02  -2.3157232e-03
  -3.4729404e-03  -3.4409220e-04   9.9947624e-03  -1.7640032e-03
  -1.3964165e-03  -3.6656319e-04   7.5098988e-03  -1.5800966e-03
   2.7079041e-03  -1.0069864e-03   5.2649013e-03  -1.1372193e-03
   1.6669194e-05  -1.1942447e-03   7.8097315e-03  -1.1484789e-03
   4.0273771e-04  -9.3957344e-04   1.4428539e-02  -3.2427628e-03
  -1.9773934e-03  -5.5007628e-04   9.5150301e-03  -2.4208127e-03
  -7.1798545e-04  -2.9165989e-04   2.5176840e-03  -6.0801855e-04
   5.2567059e-03  -8.1972816e-04   6.9327208e-03  -1.3511516e-03
   1.0062040e-03  -1.0257122e-03   1.1355253e-02  -2.6460045e-03
  -3.3380038e-03  -4.3397616e-04   8.7729441e-03  -2.3007104e-03
  -1.7337580e-03  -1.2316963e-03   1.5507234e-03  -6.4179732e-04
   2.5392334e-03  -1.8346679e-03  -4.3941624e-04  -9.0452111e-04
   8.7126746e-04  -9.3582827e-04   2.1841201e-03  -2.0755186e-03
  -3.7653029e-03  -2.5420824e-04   8.1988119e-04  -2.1806081e-03
  -3.6939932e-04  -6.4745057e-04  -3.4377434e-03  -2.0379866e-03
   3.4800411e-03  -1.1904995e-03  -6.1774649e-03  -2.1993741e-03
   2.6780114e-04  -6.8115705e-04  -5.6565056e-03  -2.7173153e-03
  -4.8447955e-03  -2.3922758e-04  -6.3498687e-03  -3.0738690e-03
  -2.4909020e-03  -4.8640847e-04  -9.5056081e-03  -2.6122257e-03
   1.5984256e-03  -9.4706377e-04  -1.1641916e-02  -2.0079610e-03
  -6.5792042e-05  -9.1710245e-04  -9.8841469e-03  -1.9967014e-03
  -2.6295868e-03  -5.3135045e-04  -5.9375987e-03  -2.6384981e-03
  -1.3514377e-03  -5.7629243e-04  -6.1025067e-03  -2.8449240e-03
   2.8428406e-03  -8.4968948e-04  -9.2694898e-03  -2.1430761e-03
   7.7756151e-04  -8.5717981e-04  -1.1574454e-02  -1.7452372e-03
  -4.6161530e-03  -6.1748925e-04  -9.4643811e-03  -2.0792718e-03
  -2.6520763e-03  -1.2429318e-03  -3.3328020e-03  -3.4454355e-03
   1.0924135e-03  -1.8459034e-03  -2.8868008e-03  -3.7607040e-03
   4.2897537e-04  -1.3964836e-03  -7.8490323e-03  -2.2932040e-03
  -1.9174216e-03  -9.7327992e-04  -9.4681290e-03  -2.0117142e-03
  -1.6700379e-03  -1.0669090e-03  -6.6759368e-03  -2.4508383e-03
  -4.9683941e-04  -1.3852481e-03  -5.5253288e-03  -2.1468293e-03
  -2.1048335e-03  -1.6099580e-03  -7.6578890e-03  -1.8090416e-03
  -2.6333351e-03  -1.6324290e-03  -5.6827409e-03  -1.8841055e-03
  -9.9160683e-04  -1.1680285e-03  -1.0540733e-03  -2.5033830e-03
   5.4244800e-06  -9.2833794e-04   2.8393020e-04  -2.8937155e-03
   6.7635908e-04  -9.9575091e-04  -1.9650430e-05  -2.1543357e-03
   9.4623222e-04  -9.0212179e-04   1.5619672e-03  -1.8991183e-03
   4.5521304e-04  -9.2833794e-04   5.3361115e-03  -2.5259022e-03
  -7.6671255e-04  -9.5829926e-04   6.4342489e-03  -1.7790160e-03
  -1.0553269e-03  -1.0519284e-03   5.3361115e-03  -9.0452111e-04
   8.3003684e-04  -7.2984420e-04   6.9589561e-03  -1.3586579e-03
   1.6434045e-03  -5.6131177e-04   9.6986776e-03  -1.9066247e-03
   1.1486371e-03  -6.3996024e-04   9.9460396e-03  -2.0980378e-03
   1.0211970e-03  -5.9501826e-04   7.4087052e-03  -1.5800966e-03
   9.1249808e-04  -1.0743994e-03   5.6022131e-03  -1.3661643e-03
  -1.2951209e-04  -1.2017350e-03   6.6366360e-03  -1.8165480e-03
  -2.7382857e-03  -1.1979898e-03   6.6441318e-03  -1.5838498e-03
  -2.3559655e-03  -1.2916189e-03   5.9057937e-03  -1.2348024e-03
   1.5721880e-03  -1.0743994e-03   7.5436299e-03  -1.6138753e-03
   4.1697169e-03  -6.0999892e-04   8.5930445e-03  -2.2856976e-03
   6.7261084e-04   1.5401474e-04   4.0505787e-03  -1.4262155e-03
  -3.0418930e-03  -1.4559846e-04  -1.3958352e-04  -9.0077360e-05
   1.2423430e-03  -1.1867543e-03   4.9350853e-03  -1.5838498e-03
   1.2423430e-03  -1.4713869e-03   8.5855486e-03  -3.1714521e-03
  -3.4729404e-03  -8.7590563e-04   4.1180411e-03  -2.2256465e-03
  -1.0290892e-03  -3.5907286e-04   3.4764465e-04  -1.3511516e-03
   3.7611590e-03  -6.9613771e-04   7.0744392e-04  -1.7715096e-03
   2.2206331e-03  -4.5270199e-04   1.1646888e-03  -2.1881145e-03
  -2.9107047e-03   4.6298000e-07  -1.3801414e-03  -1.8878587e-03
  -1.7862333e-03  -7.4107969e-04  -3.0179776e-03  -1.6626669e-03
   1.1636300e-03  -1.2242060e-03  -3.3890206e-03  -2.1205569e-03
  -1.3776753e-03  -1.2129705e-03  -4.7195283e-03  -2.3157232e-03
  -2.9594318e-03  -6.6243123e-04  -5.2854626e-03  -2.5033830e-03
  -7.3288518e-05  -3.7405352e-04  -5.7576991e-03  -2.7173153e-03
   1.2273501e-03  -1.3215803e-03  -6.4023395e-03  -2.2068805e-03
  -6.4676893e-04  -1.2354415e-03  -5.1355462e-03  -2.4545915e-03
  -1.5500943e-03  -8.1223783e-04  -3.5389370e-03  -2.8862091e-03
  -9.5037621e-04  -9.9949608e-04  -5.3454291e-03  -2.3344892e-03
   1.4147620e-03  -1.0182219e-03  -7.6841243e-03  -2.1092973e-03
   6.9135203e-04  -6.8864738e-04  -8.6548328e-03  -2.0567526e-03
  -3.3604932e-03  -3.7405352e-04  -8.5536392e-03  -1.8240544e-03
  -1.4976190e-03  -1.2017350e-03  -4.9893778e-03  -2.6384981e-03
   1.4709855e-03  -1.4414255e-03  -2.8568175e-03  -3.4041503e-03
   8.4137478e-05  -6.9613771e-04  -4.5096454e-03  -2.9462603e-03
  -7.2173369e-04  -5.2011496e-04  -5.3454291e-03  -2.4245659e-03
   7.1758970e-04  -5.7254727e-04  -4.5471245e-03  -2.2293996e-03
   1.3735314e-03  -7.2609903e-04  -4.6745534e-03  -2.3795275e-03
  -9.9535507e-04  -8.5343464e-04  -5.7914303e-03  -2.1205569e-03
  -1.9286663e-03  -8.7965080e-04  -4.3372416e-03  -1.8503268e-03
  -2.3821099e-04  -1.0743994e-03  -2.3096228e-03  -2.5146426e-03
   6.5012142e-04  -8.5343464e-04  -1.5413015e-03  -2.7398344e-03
   3.7650004e-04  -5.6505694e-04  -4.0943297e-04  -2.4395787e-03
   2.2657052e-04  -7.8227651e-04   1.3670759e-03  -2.5259022e-03
   7.2883441e-04  -9.7327992e-04   3.7432502e-03  -2.5934598e-03
   2.6780114e-04  -1.2541673e-03   4.2679575e-03  -2.1543357e-03
  -2.6070042e-04  -1.2654028e-03   4.2754533e-03  -1.6176285e-03
   2.8654233e-04  -9.3582827e-04   5.5647340e-03  -1.4862666e-03
   9.7621812e-04  -8.0474750e-04   6.6029048e-03  -1.7602500e-03
   1.3098113e-03  -5.5756661e-04   6.6029048e-03  -1.8203012e-03
   9.2374279e-04  -5.0513430e-04   5.2686492e-03  -1.6926925e-03
   4.5146480e-04  -8.7216047e-04   4.8938583e-03  -1.8015352e-03
  -1.4825328e-04  -8.1598299e-04   5.3473553e-03  -1.9891950e-03
  -3.6190284e-04  -5.6880210e-04   5.0137914e-03  -2.1693485e-03
  -6.3177598e-04  -9.2084761e-04   4.2941928e-03  -1.8540799e-03
  -1.8948390e-04  -8.5717981e-04   4.5378069e-03  -1.8052884e-03
   1.8233199e-03  -5.2011496e-04   6.5541820e-03  -2.0867782e-03
   2.0407177e-03  -6.7741189e-04   6.5916610e-03  -2.1468293e-03
   1.0586794e-03  -5.3884078e-04   3.5033840e-03  -1.8353140e-03
  -4.8184646e-04  -4.4146649e-04   4.0011538e-04  -1.0546490e-03
  -8.6041850e-04  -7.5231519e-04   1.3370926e-03  -1.5725902e-03
   9.1633954e-05  -1.0481832e-03   4.4965799e-03  -2.6234853e-03
  -9.5037621e-04  -1.1081059e-03   3.2672658e-03  -2.4433319e-03
  -6.6551012e-04  -8.1223783e-04   1.5275338e-04  -1.8953651e-03
   1.8158234e-03  -6.1748925e-04  -4.3941624e-04  -2.0567526e-03
   2.0969413e-03  -7.8602167e-04   2.3520738e-04  -2.3795275e-03
  -5.3057355e-04  -6.5119573e-04  -1.0615691e-03  -2.1768549e-03
  -1.3139553e-03  -4.9389880e-04  -3.2990708e-03  -1.9816886e-03
  -2.0447685e-04  -8.9837662e-04  -3.9587028e-03  -2.1768549e-03
  -7.4047488e-04  -1.0406929e-03  -3.9924340e-03  -2.4545915e-03
  -2.1610571e-03  -9.9575091e-04  -4.3972081e-03  -2.0529994e-03
  -1.2539835e-03  -1.1043607e-03  -4.6445701e-03  -1.9328971e-03
   2.0707036e-03  -1.0182219e-03  -2.8980445e-03  -2.5371618e-03
   1.5496985e-03  -1.0332026e-03  -2.9355236e-03  -2.8824559e-03
  -1.5613390e-03  -8.4968948e-04  -5.3978998e-03  -2.4395787e-03
  -1.5238566e-03  -8.0100233e-04  -6.5560037e-03  -1.9629227e-03
  -6.9174779e-04  -1.1418123e-03  -7.4704935e-03  -2.0342334e-03
  -1.5313531e-03  -1.2279511e-03  -6.5897349e-03  -2.0792718e-03
  -1.5463461e-03  -1.2354415e-03  -4.2323001e-03  -2.5446682e-03
   1.4410929e-04  -1.0107316e-03  -3.5801640e-03  -2.6009662e-03
   1.1111547e-03  -8.6092497e-04  -4.3484853e-03  -2.1956209e-03
   6.4637318e-04  -9.1335728e-04  -4.4271914e-03  -2.1243101e-03
  -6.8425131e-04  -9.3957344e-04  -3.2803313e-03  -2.1881145e-03
  -1.3514377e-03  -1.0444381e-03  -2.7856073e-03  -2.4208127e-03
  -1.0515786e-03  -1.2429318e-03  -3.4639788e-03  -2.1280633e-03
  -9.1289383e-04  -1.2504221e-03  -3.8162822e-03  -1.8240544e-03
  -3.9188875e-04  -9.0586695e-04  -2.2833875e-03  -2.1918677e-03
   3.5410384e-05  -8.7965080e-04  -6.5304705e-04  -2.1918677e-03
   2.9403881e-04  -9.0586695e-04  -9.2289650e-04  -1.7827692e-03
