  -4.3302614e-05  -5.8003760e-04   1.5650129e-04  -1.8841055e-03
   1.0287867e-04  -5.6505694e-04  -3.4642066e-05  -1.9554163e-03
  -9.9526184e-05  -9.0586695e-04  -7.5869065e-05  -1.8052884e-03
   1.6762420e-06  -7.4107969e-04   1.3026593e-04  -1.5463178e-03
   3.1662146e-05  -6.8115705e-04  -9.1088500e-07  -1.9066247e-03
  -2.3446275e-04  -8.8714113e-04   4.7811932e-05  -1.9779355e-03
  -1.1826737e-04  -6.3621507e-04  -1.9650430e-05  -1.9216375e-03
  -1.7823918e-04  -6.0999892e-04  -1.0960025e-04  -1.9929482e-03
  -2.5695218e-04  -7.1860870e-04  -5.7129520e-05  -1.9103779e-03
  -2.4561424e-05  -4.5644715e-04  -1.8455843e-04  -2.0117142e-03
  -5.8202340e-06  -7.1486354e-04   2.1576569e-05  -2.0905314e-03
  -1.1077090e-04  -8.8714113e-04  -7.2121156e-05  -2.0229738e-03
  -1.6699447e-04  -5.5007628e-04  -2.3328124e-04  -2.0042078e-03
  -1.8198742e-04  -6.3621507e-04  -9.4608610e-05  -2.2143869e-03
  -1.3316710e-05  -5.3509562e-04  -1.2084397e-04  -2.2406592e-03
  -2.0813186e-05  -5.0887946e-04   1.4150966e-04  -2.1168037e-03
  -1.2576385e-04  -8.1972816e-04  -4.5885793e-05  -2.3457488e-03
  -5.8202340e-06  -5.1636979e-04  -6.4625338e-05  -2.2669316e-03
  -2.3446275e-04  -6.1374408e-04   1.8648456e-04  -2.0454930e-03
  -2.6444866e-04  -1.0182219e-03  -2.1454170e-04  -2.2481656e-03
  -7.3288518e-05  -7.1860870e-04  -1.2459188e-04  -2.3570083e-03
  -1.9323213e-04  -6.2497958e-04   6.2803568e-05  -2.4057999e-03
  -8.8281470e-05  -7.3358936e-04   4.7811932e-05  -2.4358255e-03
  -1.9698037e-04  -7.4107969e-04   6.6551477e-05  -2.5634342e-03
  -1.1451914e-04  -8.5343464e-04  -1.1709606e-04  -2.5409150e-03
  -1.1451914e-04  -6.9988288e-04  -8.7112792e-05  -2.3307360e-03
  -2.9068632e-04  -6.8864738e-04  -7.5869065e-05  -2.6197321e-03
   1.7409519e-04  -7.1486354e-04  -6.0877429e-05  -2.4996298e-03
  -9.5684720e-06  -4.9015364e-04   1.9023247e-04  -2.3607615e-03
  -2.0072861e-04  -7.1111837e-04   2.4270320e-04  -2.2369060e-03
   4.2906860e-05  -8.5343464e-04  -4.2137884e-05  -1.8728459e-03
   3.1662146e-05  -6.3246991e-04   1.1152638e-04  -2.0154674e-03
   9.1633954e-05  -3.7779869e-04   2.2771156e-04  -2.0229738e-03
   1.5910224e-04  -5.3509562e-04   1.4080751e-05  -2.2218933e-03
   2.3781524e-04  -6.1748925e-04   1.7898875e-04  -2.1092973e-03
  -4.3302614e-05  -4.8266331e-04   1.8273666e-04  -1.9178843e-03
  -9.5684720e-06  -7.2984420e-04  -4.6587940e-06  -2.1205569e-03
   1.9283638e-04  -5.7254727e-04   5.5307750e-05  -1.7977820e-03
  -1.4075680e-04  -6.9988288e-04   2.2771156e-04  -1.9929482e-03
  -2.0072861e-04  -6.6992156e-04  -1.5457515e-04  -2.1505825e-03
  -1.3316710e-05  -5.2760529e-04  -1.5832306e-04  -1.8428204e-03
   2.7913908e-05  -9.0961212e-04   1.8648456e-04  -2.0004546e-03
  -1.4450504e-04  -5.3884078e-04   3.6568205e-05  -1.9629227e-03
  -9.5777946e-05  -4.4521166e-04   1.4900547e-04  -1.8991183e-03
   5.7899812e-05  -6.1748925e-04   1.3026593e-04  -1.8841055e-03
  -2.0719960e-06  -4.8266331e-04   1.9772829e-04  -1.9554163e-03
   6.1648050e-05  -8.1223783e-04  -5.7129520e-05  -2.0567526e-03
   6.1648050e-05  -7.3358936e-04  -2.4452497e-04  -1.8503268e-03
   1.0287867e-04  -5.5382144e-04   2.9072387e-05  -2.0605058e-03
  -2.4561424e-05  -8.7590563e-04  -2.3398339e-05  -1.9854418e-03
  -1.2576385e-04  -6.4370540e-04  -4.9633702e-05  -1.5838498e-03
  -2.0813186e-05  -6.4745057e-04  -3.0823942e-04  -1.6814329e-03
  -9.9526184e-05  -8.1223783e-04  -3.4642066e-05  -1.8353140e-03
  -1.3316710e-05  -6.1748925e-04   7.7795204e-05  -1.8465736e-03
  -2.2696628e-04  -7.0737321e-04  -1.7706261e-04  -1.6739265e-03
  -3.7689580e-04  -7.9351200e-04   6.5849330e-06  -1.6964457e-03
  -3.4316165e-04  -7.4482486e-04  -3.1198733e-04  -1.7189649e-03
  -1.9698037e-04  -6.4745057e-04  -1.8081052e-04  -1.6851861e-03
   6.1648050e-05  -7.6355068e-04   1.0332842e-05  -1.8203012e-03
  -2.4195923e-04  -7.8602167e-04  -1.8830634e-04  -1.8953651e-03
   2.7913908e-05  -7.3358936e-04   1.0332842e-05  -1.8278076e-03
   1.6669194e-05  -6.0999892e-04  -9.0860701e-05  -1.6926925e-03
  -2.4570747e-04  -5.5756661e-04  -3.2323106e-04  -1.8841055e-03
   7.6641002e-05  -8.9088629e-04  -1.6956679e-04  -1.6288881e-03
  -1.7074271e-04  -7.7478618e-04  -3.4642066e-05  -1.5613306e-03
  -3.0942751e-04  -6.3246991e-04  -1.9580215e-04  -1.8428204e-03
  -3.3566518e-04  -9.1335728e-04  -9.4608610e-05  -1.7302244e-03
  -3.3191694e-04  -7.6729585e-04  -7.5869065e-05  -1.9816886e-03
  -1.7823918e-04  -4.6393748e-04  -3.0074361e-04  -1.7452372e-03
  -9.2029708e-05  -6.0625375e-04  -2.8949988e-04  -1.5725902e-03
  -2.9818280e-04  -8.6467014e-04  -1.4707934e-04  -1.8428204e-03
  -4.4436408e-04  -9.6204443e-04   1.2277011e-04  -1.6889393e-03
  -9.9526184e-05  -7.3358936e-04  -5.3381611e-05  -1.6176285e-03
  -1.2201561e-04  -8.4594431e-04  -2.7825615e-04  -1.4825134e-03
  -2.0447685e-04  -9.5829926e-04  -2.3702915e-04  -1.3511516e-03
  -1.3326033e-04  -6.1374408e-04  -8.3364883e-05  -1.3961899e-03
  -2.8309662e-05  -7.9351200e-04  -4.6587940e-06  -1.6288881e-03
  -5.4547328e-05  -6.6243123e-04  -2.5951661e-04  -1.6776797e-03
  -1.4450504e-04  -4.7891814e-04  -9.8356519e-05  -1.5388114e-03
   8.4137478e-05  -7.8227651e-04  -5.3381611e-05  -1.5050326e-03
   1.2161986e-04  -5.0887946e-04  -4.6587940e-06  -1.4074495e-03
  -3.5806138e-05  -5.5756661e-04   1.8648456e-04  -1.6251349e-03
   2.7913908e-05  -7.9351200e-04   6.6551477e-05  -1.6401477e-03
  -2.0813186e-05  -7.4107969e-04  -2.3398339e-05  -1.6401477e-03
  -1.8948390e-04  -9.1710245e-04  -2.8949988e-04  -2.0042078e-03
  -1.5200152e-04  -7.6355068e-04   3.2820296e-05  -1.9216375e-03
  -1.7823918e-04  -6.7366672e-04   1.8648456e-04  -1.7414840e-03
  -3.5806138e-05  -6.5868606e-04  -6.4625338e-05  -1.8841055e-03
  -2.3071451e-04  -5.2011496e-04  -1.1709606e-04  -2.1092973e-03
  -1.5949799e-04  -5.3884078e-04  -2.7450824e-04  -1.9103779e-03
   1.4785752e-04  -7.0362804e-04   8.1543113e-05  -1.8052884e-03
  -2.0447685e-04  -9.2833794e-04   2.5324478e-05  -1.9554163e-03
  -1.0327442e-04  -7.9725717e-04  -8.7112792e-05  -2.0042078e-03
  -1.2576385e-04  -5.9876342e-04   7.4047295e-05  -2.2293996e-03
  -2.7569337e-04  -6.5494090e-04   2.1576569e-05  -1.9366503e-03
  -1.4450504e-04  -8.4968948e-04   4.0316114e-05  -2.1243101e-03
  -2.3446275e-04  -6.5119573e-04  -8.7112792e-05  -2.5409150e-03
  -9.9526184e-05  -6.2872474e-04  -4.2137884e-05  -2.2481656e-03
  -2.8309662e-05  -1.0631639e-03  -7.5869065e-05  -2.2594252e-03
  -1.4075680e-04  -8.0100233e-04   3.6568205e-05  -2.1580889e-03
  -2.3446275e-04  -6.0625375e-04   1.1527429e-04  -2.2293996e-03
  -3.5440637e-04  -6.3246991e-04  -2.7146248e-05  -2.3945403e-03
  -1.2951209e-04  -6.5119573e-04  -8.7112792e-05  -2.2444124e-03
  -1.4075680e-04  -7.3733453e-04  -4.6587940e-06  -2.3307360e-03
  -2.7194513e-04  -4.6019232e-04   6.2803568e-05  -2.4208127e-03
   9.5382192e-05  -6.5494090e-04  -1.7706261e-04  -2.2894508e-03
  -5.0799090e-05  -8.2347332e-04  -8.4067030e-06  -2.3870339e-03
  -1.7449094e-04  -7.4857002e-04   6.2803568e-05  -2.4508383e-03
   2.0417432e-05  -6.8115705e-04  -2.2203752e-04  -2.2781912e-03
  -1.8198742e-04  -4.9389880e-04  -2.0329797e-04  -2.3795275e-03
  -2.4561424e-05  -7.1860870e-04   6.2803568e-05  -2.4245659e-03
   2.3781524e-04  -6.3996024e-04   2.8393020e-04  -2.3082168e-03
   7.2892764e-05  -5.1636979e-04   1.2651802e-04  -2.1693485e-03
  -3.5806138e-05  -6.4745057e-04  -1.4707934e-04  -2.0717654e-03
   9.5382192e-05  -5.8752793e-04  -6.0877429e-05  -1.9291439e-03
   2.5280819e-04  -7.1111837e-04   1.4900547e-04  -2.1017910e-03
   1.8908814e-04  -6.0625375e-04   9.6534749e-05  -2.2444124e-03
  -8.8281470e-05  -2.9165989e-04   1.8648456e-04  -1.8428204e-03
  -8.0784994e-05  -3.8528902e-04   1.3776175e-04  -1.8315608e-03
   6.1648050e-05  -5.2760529e-04  -2.1454170e-04  -1.9666759e-03
   8.4137478e-05  -4.6019232e-04   2.9072387e-05  -1.9028715e-03
   9.9130430e-05  -4.4895682e-04   1.1902220e-04  -1.9929482e-03
   1.7034695e-04  -4.3023100e-04  -1.5832306e-04  -2.0830250e-03
   1.7034695e-04  -5.8378276e-04  -2.7146248e-05  -1.8240544e-03
  -1.3326033e-04  -7.7104101e-04   2.8370240e-06  -1.7414840e-03
  -1.5574975e-04  -7.0362804e-04  -6.8373247e-05  -1.9629227e-03
   7.2892764e-05  -5.8378276e-04   1.0777848e-04  -1.9554163e-03
   1.6669194e-05  -4.3772133e-04   3.4764465e-04  -2.0717654e-03
  -4.7050852e-05  -6.0625375e-04  -9.1088500e-07  -1.9929482e-03
   2.4165670e-05  -6.0999892e-04  -1.9955006e-04  -1.7790160e-03
  -4.3302614e-05  -5.1262463e-04   2.5324478e-05  -1.8165480e-03
  -1.6699447e-04  -8.1972816e-04   2.5324478e-05  -1.8916119e-03
  -9.5777946e-05  -7.4482486e-04   1.6774502e-04  -1.8991183e-03
   8.4137478e-05  -5.8378276e-04   1.5275338e-04  -1.8953651e-03
  -1.2951209e-04  -7.2235387e-04   1.2651802e-04  -1.9291439e-03
  -1.2951209e-04  -6.6617639e-04   6.5849330e-06  -1.7302244e-03
  -9.5777946e-05  -5.5007628e-04  -1.7331470e-04  -1.8090416e-03
  -4.3311937e-04  -7.5231519e-04  -2.3398339e-05  -1.8278076e-03
  -2.0447685e-04  -8.5343464e-04   1.7828660e-05  -1.8127948e-03
  -2.1572156e-04  -6.0625375e-04  -2.7146248e-05  -2.0192206e-03
  -1.5949799e-04  -5.7629243e-04   8.1543113e-05  -1.8428204e-03
  -5.8202340e-06  -7.8602167e-04  -2.3398339e-05  -1.7339776e-03
  -1.2951209e-04  -8.1223783e-04   4.7811932e-05  -1.6101221e-03
  -1.5574975e-04  -6.9613771e-04   1.4080751e-05  -1.5988626e-03
  -2.1197332e-04  -7.9351200e-04  -3.0449151e-04  -1.8353140e-03
   9.1727180e-06  -8.4219915e-04  -1.5832306e-04  -1.9516631e-03
  -3.6939932e-04  -7.1860870e-04  -4.1318088e-04  -1.8390672e-03
  -3.4690989e-04  -6.7741189e-04  -5.3381611e-05  -1.7827692e-03
  -1.4450504e-04  -9.2833794e-04   2.0522411e-04  -1.8690927e-03
  -3.6190284e-04  -8.9088629e-04  -4.0568506e-04  -1.7827692e-03
   3.9158622e-05  -7.0737321e-04  -1.1334816e-04  -1.7264713e-03
  -2.1572156e-04  -9.6953476e-04  -7.9616974e-05  -1.7564968e-03
  -2.3821099e-04  -7.6355068e-04  -1.5832306e-04  -1.7902756e-03
  -9.9526184e-05  -6.3246991e-04  -4.2137884e-05  -1.5913562e-03
  -3.2067223e-04  -7.1111837e-04  -1.3208770e-04  -1.5538242e-03
  -1.4825328e-04  -5.8003760e-04  -8.4067030e-06  -1.5725902e-03
  -2.4195923e-04  -7.0362804e-04  -9.4608610e-05  -1.5125390e-03
   1.6762420e-06  -5.8752793e-04  -1.1709606e-04  -1.5763434e-03
   1.1412338e-04  -6.2497958e-04  -1.1709606e-04  -1.5613306e-03
  -6.9540280e-05  -7.1860870e-04  -1.3583561e-04  -1.7114585e-03
  -7.7036756e-05  -7.2609903e-04   7.7795204e-05  -1.5876030e-03
  -6.2043804e-05  -9.0586695e-04   2.8370240e-06  -1.6363945e-03
  -2.8309662e-05  -6.9988288e-04  -2.4077706e-04  -1.8953651e-03
  -3.4690989e-04  -6.6243123e-04  -7.9616974e-05  -1.6701733e-03
  -3.1317575e-04  -5.2760529e-04  -2.0704588e-04  -1.8428204e-03
  -8.0784994e-05  -4.6393748e-04  -4.0943297e-04  -1.9404035e-03
  -7.7036756e-05  -6.8115705e-04   1.3401384e-04  -1.6851861e-03
  -1.7064948e-05  -4.6768265e-04   1.8273666e-04  -1.8052884e-03
  -2.1197332e-04  -1.0369477e-03  -7.2121156e-05  -1.8578331e-03
   1.2920956e-05  -1.3515416e-03   5.5307750e-05  -1.9366503e-03
   9.5382192e-05  -1.0182219e-03  -1.4707934e-04  -1.8916119e-03
  -4.6685351e-04  -9.3582827e-04  -2.3398339e-05  -1.8841055e-03
  -6.9540280e-05  -6.6992156e-04  -5.3381611e-05  -1.9816886e-03
  -5.8202340e-06  -1.0856349e-03  -1.5082725e-04  -1.8127948e-03
  -4.4436408e-04  -9.3582827e-04   1.6774502e-04  -1.9629227e-03
   3.9158622e-05  -6.9988288e-04  -1.2833979e-04  -2.1693485e-03
   1.7034695e-04  -1.3253254e-03  -1.1334816e-04  -2.2819444e-03
  -6.5792042e-05  -7.8602167e-04  -2.3398339e-05  -2.1017910e-03
  -9.9526184e-05  -7.0362804e-04  -3.4642066e-05  -2.1693485e-03
  -1.5949799e-04  -9.8451542e-04   2.5769484e-04  -2.3269828e-03
   3.5410384e-05  -7.7853134e-04  -9.1088500e-07  -2.0379866e-03
  -3.5806138e-05  -1.3889932e-03  -7.9616974e-05  -2.2519188e-03
  -4.1437818e-04  -1.0294574e-03  -6.0877429e-05  -2.2369060e-03
  -3.5065813e-04  -9.5080893e-04  -2.8575197e-04  -2.2406592e-03
   6.6886261e-04  -1.6436645e-03  -3.0894157e-05  -2.5071362e-03
   6.8385556e-04  -1.4301901e-03  -3.4642066e-05  -2.2331528e-03
   1.8533990e-04  -9.0212179e-04  -1.9955006e-04  -2.0567526e-03
   3.3413563e-03  -5.6880210e-04   4.2635074e-04  -2.2519188e-03
   3.5550059e-03  -8.4594431e-04   7.5241882e-04  -2.1280633e-03
  -1.9324146e-03  -8.9837662e-04   1.4120508e-03  -2.1843613e-03
  -3.7727994e-03  -1.1006155e-03   3.0311475e-03  -3.0851286e-03
   5.1143661e-04  -6.5868606e-04   2.5101881e-03  -3.4191631e-03
   6.0625771e-03   6.5961202e-04  -1.1889980e-03  -2.3982935e-03
   9.2860618e-03   1.0079124e-03  -2.2871354e-03  -1.5763434e-03
   6.4786315e-03   3.6374398e-04   3.9636747e-04  -1.9967014e-03
  -1.3476894e-03  -8.1598299e-04   2.7050794e-03  -2.6572641e-03
  -4.7885719e-03  -2.5986815e-03   3.4134342e-03  -2.8937155e-03
  -3.1131095e-03  -3.4076372e-03   1.3401384e-04  -2.4283191e-03
   2.1943955e-03  -1.4301901e-03  -2.8493217e-03  -2.0529994e-03
   4.1322345e-03  -3.8903418e-04  -4.8169740e-03  -2.0267270e-03
  -5.9429360e-04  -1.1867543e-03  -6.3086417e-03  -2.0267270e-03
  -6.5277544e-03  -3.1304950e-03  -5.7014805e-03  -2.7023025e-03
  -1.8462144e-02  -5.2128067e-03  -7.5079726e-03  -3.0325838e-03
  -1.6498067e-02  -3.9132344e-03  -7.9914529e-03  -3.2690352e-03
   9.7058644e-03   5.0231509e-04  -1.1761849e-02  -2.6159789e-03
   2.4099098e-02   5.4346974e-03  -2.2076095e-02   1.0133626e-03
   8.8962450e-03   4.1763220e-03  -2.5662844e-02   4.3574611e-03
  -1.2674865e-02  -1.1193414e-03  -1.2365263e-02   2.0229726e-03
  -2.0557409e-02  -4.6510319e-03   1.0032242e-02  -4.8341184e-03
  -1.5797147e-02  -6.0592140e-03   1.5612878e-02  -7.9980634e-03
  -2.6370833e-03  -2.8496076e-03   5.1224807e-03  -5.6710813e-03
   9.5634314e-03   1.7719260e-03   2.8175167e-03  -3.4717079e-03
   1.1051482e-02   4.7680580e-03   5.4972716e-03  -2.1918677e-03
   4.1134933e-03   4.1800671e-03   3.9831164e-03  -3.1151598e-04
  -4.4061584e-04  -2.5046308e-04   6.1081808e-03   7.2811959e-04
  -2.5846080e-03  -3.6323471e-03   1.0182158e-02   3.0024944e-05
  -6.6551944e-03  -3.5611889e-03   1.0946731e-02  -7.8441880e-04
  -3.2218084e-03  -9.0212179e-04   8.3981532e-03  -6.4930371e-04
   6.2162548e-03   9.4424456e-04   5.0475225e-03  -4.9166944e-04
   1.1283873e-02   8.7308642e-04   1.0129687e-02  -1.9291439e-03
   5.4553625e-03   2.2891804e-04   1.7033336e-02  -3.8057424e-03
  -1.0587096e-02  -9.9200575e-04   1.3772655e-02  -2.7698600e-03
  -1.5111219e-02  -2.4338943e-03   9.5675008e-03  -7.8441880e-04
  -1.0890610e-03  -2.7522333e-03   1.0976715e-02  -1.0734150e-03
   1.0016968e-02  -1.0294574e-03   9.6799381e-03  -1.3248792e-03
   9.4697254e-03   1.3075256e-03   3.7395023e-03  -7.5070260e-06
   5.5865509e-03   1.9142423e-03   1.7306231e-03   4.0534464e-04
   2.5542263e-03   4.0494080e-04   6.3892740e-03  -1.3136196e-03
  -2.9182012e-03  -1.2991093e-03   7.8809417e-03  -2.6384981e-03
  -8.0757766e-03  -1.2054801e-03   3.9831164e-03  -2.4620979e-03
  -4.8522920e-03   9.0346940e-05   2.0117162e-03  -2.8299112e-03
   3.3001257e-03   1.0154027e-03  -3.4197060e-04  -3.4454355e-03
   5.6615156e-03   1.3187611e-03  -4.8956800e-03  -2.8148984e-03
   1.7108728e-03   1.0903060e-03  -8.7972533e-03  -2.0417398e-03
  -3.1243543e-03  -2.6918890e-04  -9.2095233e-03  -1.9216375e-03
  -6.0030010e-03  -2.2054392e-03  -8.9734050e-03  -1.7189649e-03
  -5.6619114e-03  -2.3777168e-03  -1.3204794e-02  -4.2035870e-04
  -2.2060359e-03  -1.3665222e-03  -1.5449792e-02   3.4904669e-04
   2.3518215e-03  -3.2162121e-04  -1.1848051e-02  -8.7824873e-04
   3.3451045e-03   4.0119563e-04  -8.1338734e-03  -1.9741823e-03
  -8.4533232e-05  -7.1486354e-04  -5.7726907e-03  -2.7548472e-03
  -4.7286001e-03  -1.8721195e-03  -3.7263324e-03  -2.9687795e-03
  -7.0562559e-03  -2.1455166e-03  -2.8942966e-03  -2.6159789e-03
  -4.0876514e-03  -2.0443971e-03  -3.7975427e-03  -2.2856976e-03
   7.7006503e-04  -1.4788772e-03  -7.4892331e-03  -1.0696618e-03
   2.7716241e-03  -7.9351200e-04  -9.2095233e-03  -2.1768606e-04
   3.3975799e-03   6.4130785e-05  -5.0343527e-03  -8.6698914e-04
   2.1194307e-03  -4.0733835e-05  -1.1327794e-03  -2.0680122e-03
  -1.5688355e-03  -4.7517298e-04  -1.2339729e-03  -1.9816886e-03
  -3.2293049e-03  -7.7478618e-04  -5.0687860e-04  -2.0379866e-03
  -2.1610571e-03  -1.0481832e-03   4.2604616e-03  -3.7381848e-03
  -8.1918788e-04  -7.0362804e-04   6.9814436e-03  -4.2336068e-03
   3.3526942e-04  -4.4146649e-04   4.4291176e-03  -3.2014777e-03
   2.8240995e-03  -3.9652451e-04   2.5476672e-03  -2.1468293e-03
   3.9335779e-03  -5.3884078e-04   1.8505562e-03  -1.1597385e-03
   7.6256856e-04  -4.6393748e-04   1.0372599e-03  -5.8549936e-04
  -1.0928093e-03  -6.1374408e-04   2.0192121e-03  -5.7799297e-04
  -5.8202340e-06  -1.2728931e-03   3.9943601e-03  -1.0546490e-03
   1.4035173e-03  -1.3140899e-03   6.9514603e-03  -2.2444124e-03
   2.0369695e-03  -1.0818897e-03   7.9858832e-03  -3.1489329e-03
   1.5535400e-04  -7.0737321e-04   5.4635404e-03  -2.6835365e-03
  -1.1003057e-03  -4.9764397e-04   3.9119061e-03  -2.1243101e-03
   9.1633954e-05  -9.3582827e-04   5.0587663e-03  -2.1468293e-03
   8.7876393e-04  -9.5829926e-04   5.5497423e-03  -1.9816886e-03
   6.1263904e-04  -7.8976684e-04   3.2672658e-03  -1.4262155e-03
   1.8870400e-03  -6.6617639e-04   1.7156314e-03  -1.3211260e-03
   3.9298297e-03  -2.9540506e-04   2.4764570e-03  -1.8390672e-03
   2.8390924e-03  -3.9652451e-04   2.4427258e-03  -2.1017910e-03
  -1.2201561e-04  -5.6880210e-04   1.9667413e-03  -2.4696043e-03
  -1.8087227e-03  -5.9127309e-04   2.1841201e-03  -3.0701158e-03
  -1.2539835e-03  -8.1972816e-04   1.4495299e-03  -3.4116567e-03
  -6.2043804e-05  -6.6243123e-04  -5.0687860e-04  -3.2878012e-03
   3.6900357e-04  -2.6169857e-04  -3.1903814e-03  -2.6272385e-03
   7.0259675e-04  -1.9054044e-04  -5.1243025e-03  -2.1956209e-03
   9.1624631e-04  -1.6806945e-04  -5.9413467e-03  -2.0492462e-03
   5.4244800e-06  -3.7779869e-04  -6.7921220e-03  -1.6476541e-03
  -1.6812826e-03  -8.9463146e-04  -6.9270467e-03  -1.3661643e-03
  -1.5950731e-03  -1.0444381e-03  -4.8394614e-03  -1.9291439e-03
  -5.9804184e-04  -9.3582827e-04  -2.5644806e-03  -2.6084725e-03
  -2.6444866e-04  -6.8864738e-04  -3.4452393e-03  -2.3419956e-03
   3.6900357e-04  -3.8154385e-04  -4.5283850e-03  -2.1092973e-03
   4.8894718e-04  -2.8791473e-04  -3.8200302e-03  -2.1130505e-03
  -1.1826737e-04  -3.2911154e-04  -3.2615917e-03  -2.2369060e-03
  -1.1340399e-03  -4.0026968e-04  -4.1423503e-03  -2.2068805e-03
  -2.0935888e-03  -6.0999892e-04  -5.8513968e-03  -1.2197897e-03
  -1.2577317e-03  -7.1860870e-04  -4.6445701e-03  -1.2798408e-03
   1.0286935e-03  -4.4521166e-04  -1.6200076e-03  -2.0792718e-03
   1.5571950e-03  -2.1675659e-04  -1.6724783e-03  -2.1280633e-03
   3.3901766e-04   1.3903408e-04  -3.0217255e-03  -1.9929482e-03
   1.2920956e-05   2.8884068e-04  -1.5900243e-03  -1.8953651e-03
  -4.4811232e-04  -2.7667923e-04   9.2107473e-04  -2.6610173e-03
  -1.1452846e-03  -5.2011496e-04   1.3858154e-03  -2.7998856e-03
  -1.0178445e-03  -3.1038572e-04   3.6638420e-04  -2.0004546e-03
   2.5280819e-04  -2.7667923e-04   6.4747737e-04  -1.8090416e-03
   1.6846351e-03  -3.6656319e-04   1.8243208e-03  -1.7677564e-03
   1.3023148e-03  -1.8679527e-04   1.5582193e-03  -1.6664201e-03
   6.2763199e-04  -7.4440320e-05   1.1084702e-03  -1.1297129e-03
   9.3873574e-04  -3.5907286e-04   2.4539695e-03  -1.4337219e-03
   7.0259675e-04  -3.1038572e-04   3.9756206e-03  -2.2181401e-03
  -5.6055946e-04  -2.9165989e-04   3.0873661e-03  -2.0004546e-03
  -8.4542555e-04  -5.1636979e-04   2.1241535e-03  -1.9216375e-03
   5.3017780e-04  -5.1636979e-04   2.7238190e-03  -1.9216375e-03
   1.2310983e-03  -3.5158253e-04   2.7987771e-03  -1.9066247e-03
   1.7784343e-04  -3.6281803e-04   2.2103554e-03  -1.5350582e-03
  -1.7064948e-05  -4.9764397e-04   1.8692957e-03  -1.2310492e-03
   1.2685807e-03  -5.5756661e-04   2.4914486e-03  -1.6551605e-03
   1.2610842e-03  -8.8714113e-04   2.5289277e-03  -1.7602500e-03
   4.1398242e-04  -8.3845398e-04   1.3558322e-03  -1.6439009e-03
  -2.8309662e-05  -6.0625375e-04   1.1459493e-03  -1.5313050e-03
  -1.4075680e-04  -5.5382144e-04   1.5657151e-03  -1.8765991e-03
  -2.4570747e-04  -5.8003760e-04   1.3895634e-03  -2.1055441e-03
  -5.7555241e-04  -7.2235387e-04   4.5633401e-04  -1.7902756e-03
  -2.2696628e-04  -6.9239255e-04  -2.5202079e-04  -1.8428204e-03
   3.3901766e-04  -5.0513430e-04  -3.0449151e-04  -1.6739265e-03
   4.8519894e-04  -3.2911154e-04  -9.3039232e-04  -1.5913562e-03
   1.4785752e-04  -6.3621507e-04  -1.8561258e-03  -1.6626669e-03
  -2.4945570e-04  -7.1111837e-04  -2.2459084e-03  -1.5538242e-03
  -8.2668436e-04  -6.5494090e-04  -2.0510171e-03  -1.7189649e-03
  -1.4039130e-03  -5.9127309e-04  -1.3988809e-03  -1.8503268e-03
  -4.2562289e-04  -6.5868606e-04  -1.1402752e-03  -1.8203012e-03
  -1.1077090e-04  -9.6953476e-04  -2.1147316e-03  -1.6626669e-03
  -4.3686760e-04  -6.6243123e-04  -2.9055404e-03  -1.6138753e-03
   5.4244800e-06  -7.5606035e-04  -2.7893552e-03  -1.7564968e-03
  -4.5186056e-04  -8.7590563e-04  -3.4302476e-03  -1.6626669e-03
  -9.8411035e-04  -6.5868606e-04  -3.7450720e-03  -1.3774239e-03
  -9.9160683e-04  -7.3733453e-04  -3.0779442e-03  -1.3136196e-03
  -5.1932884e-04  -7.8976684e-04  -2.1372190e-03  -1.8841055e-03
  -5.4547328e-05  -8.2721849e-04  -1.2639562e-03  -2.3157232e-03
  -1.5574975e-04  -6.2872474e-04  -1.4513517e-03  -1.9216375e-03
  -4.1437818e-04  -6.8115705e-04  -1.6312513e-03  -1.8653395e-03
  -2.7569337e-04  -7.1111837e-04  -1.2152334e-03  -1.9479099e-03
  -1.7449094e-04  -6.0625375e-04  -7.1301360e-04  -1.8653395e-03
  -7.1423722e-04  -8.1598299e-04  -7.9171968e-04  -1.7114585e-03
  -2.7194513e-04  -6.3621507e-04  -6.6803869e-04  -1.5200454e-03
   2.2282228e-04  -5.8378276e-04   2.2021575e-04  -2.0117142e-03
   2.1907405e-04  -7.7478618e-04   4.8631728e-04  -2.0192206e-03
   2.0033286e-04  -7.5231519e-04   8.6110818e-04  -1.9216375e-03
  -7.7036756e-05  -6.8115705e-04   1.5544714e-03  -2.0004546e-03
   1.4410929e-04  -6.6992156e-04   2.0192121e-03  -1.7865224e-03
  -3.2057900e-05  -8.8714113e-04   1.9180185e-03  -2.0605058e-03
   1.9283638e-04  -9.2084761e-04   1.7905896e-03  -1.9178843e-03
   7.1009322e-04  -8.2347332e-04   2.0416995e-03  -2.0004546e-03
   3.8774476e-04  -6.8864738e-04   1.4570257e-03  -2.1768549e-03
   2.4165670e-05  -6.8490222e-04   1.0822348e-03  -2.0905314e-03
  -2.6070042e-04  -7.7478618e-04   1.6181858e-03  -2.4245659e-03
  -4.2562289e-04  -8.2347332e-04   1.7793459e-03  -2.3495020e-03
  -4.9683941e-04  -1.0444381e-03   1.4945048e-03  -2.3307360e-03
  -1.3326033e-04  -6.5494090e-04   1.4682694e-03  -2.2781912e-03
   3.3526942e-04  -5.3135045e-04   1.9517497e-03  -2.2181401e-03
   4.4396833e-04  -7.1486354e-04   2.2740699e-03  -2.3457488e-03
   2.7154938e-04  -5.3884078e-04   1.5694630e-03  -2.1843613e-03
  -2.4945570e-04  -7.1486354e-04   9.8853709e-04  -2.1618421e-03
  -5.6805593e-04  -7.1486354e-04   1.2096637e-03  -2.3232296e-03
  -4.9683941e-04  -7.4107969e-04   8.3487282e-04  -2.2969572e-03
  -3.4690989e-04  -7.0362804e-04   1.0403057e-04  -2.1993741e-03
   7.6641002e-05  -7.2609903e-04  -1.0585234e-04  -2.3795275e-03
   1.3661281e-04  -8.6092497e-04  -1.2833979e-04  -2.3645147e-03
  -4.6685351e-04  -5.2011496e-04  -7.5869065e-05  -2.1168037e-03
  -5.3432179e-04  -5.5382144e-04  -1.5457515e-04  -1.9103779e-03
  -4.8559470e-04  -9.4706377e-04  -6.7553451e-04  -1.9441567e-03
  -4.6685351e-04  -8.6467014e-04  -9.1540068e-04  -1.9666759e-03
  -3.0567927e-04  -5.2011496e-04  -8.8541741e-04  -1.7264713e-03
  -3.6190284e-04  -7.0737321e-04  -1.2339729e-03  -1.9291439e-03
   2.7913908e-05  -7.2235387e-04  -1.1327794e-03  -1.8615863e-03
   9.1633954e-05  -6.6992156e-04  -8.2545087e-04  -1.7527436e-03
  -4.4436408e-04  -6.8490222e-04  -9.8661095e-04  -1.9741823e-03
  -6.4676893e-04  -6.3246991e-04  -8.0296341e-04  -1.9028715e-03
  -6.9924426e-04  -1.1230865e-03  -6.9427405e-04  -1.9629227e-03
  -5.2307708e-04  -6.9988288e-04  -8.1795505e-04  -2.0792718e-03
  -2.4945570e-04  -4.4521166e-04  -5.9308051e-04  -2.2181401e-03
  -1.6699447e-04  -1.1343220e-03  -4.1692878e-04  -1.8165480e-03
  -3.2057900e-05  -9.8826058e-04  -2.7450824e-04  -1.6889393e-03
  -1.0327442e-04  -9.3208311e-04   5.9055659e-05  -1.9554163e-03
  -2.5320394e-04  -1.1230865e-03   2.0897202e-04  -1.5125390e-03
  -2.1572156e-04  -8.9837662e-04   3.7013211e-04  -1.8540799e-03
  -2.7194513e-04  -9.0961212e-04   8.9109146e-04  -2.0229738e-03
  -3.2816870e-04  -8.7216047e-04   9.3606636e-04  -1.7489904e-03
  -2.9443456e-04  -7.5606035e-04   6.5497319e-04  -2.0755186e-03
  -6.5792042e-05  -8.8339596e-04   1.0747390e-03  -1.7715096e-03
   9.1727180e-06  -8.9837662e-04   1.4045550e-03  -1.6589137e-03
  -2.9443456e-04  -9.8826058e-04   1.1309576e-03  -1.6589137e-03
  -2.6444866e-04  -9.8077025e-04   1.0522515e-03  -1.5500710e-03
   1.6762420e-06  -1.1343220e-03   1.0260162e-03  -1.8127948e-03
  -1.6699447e-04  -8.9463146e-04   1.1459493e-03  -1.6589137e-03
  -3.3191694e-04  -6.9239255e-04   1.0110245e-03  -1.7902756e-03
  -1.9323213e-04  -1.1455575e-03   7.2993137e-04  -1.7564968e-03
  -4.2937113e-04  -9.2084761e-04   9.9603291e-04  -1.5988626e-03
  -6.0553831e-04  -9.2084761e-04   8.4986446e-04  -1.7865224e-03
  -6.4676893e-04  -1.0219671e-03   5.6502337e-04  -1.7264713e-03
  -5.2307708e-04  -9.7327992e-04   1.1152638e-04  -1.9103779e-03
  -6.9540280e-05  -9.1710245e-04   1.2277011e-04  -1.7940288e-03
   1.2920956e-05  -6.9613771e-04   4.8631728e-04  -1.8165480e-03
  -1.3326033e-04  -7.9351200e-04   1.0332842e-05  -2.0004546e-03
  -4.6310527e-04  -9.2833794e-04   7.4047295e-05  -1.6288881e-03
  -4.0313346e-04  -1.0594187e-03   5.5307750e-05  -1.7452372e-03
  -2.0447685e-04  -1.0968704e-03  -2.0704588e-04  -1.7039521e-03
  -5.3432179e-04  -1.0743994e-03  -1.8081052e-04  -1.6101221e-03
  -5.4181827e-04  -9.4706377e-04  -3.7944969e-04  -1.9253907e-03
  -1.3326033e-04  -1.1006155e-03  -3.7944969e-04  -1.7527436e-03
  -2.8309662e-05  -9.3582827e-04  -5.6309724e-04  -1.6664201e-03
  -1.7823918e-04  -6.4370540e-04  -4.4691206e-04  -1.6589137e-03
  -4.2562289e-04  -1.0332026e-03  -3.1573524e-04  -1.7414840e-03
  -4.1812641e-04  -1.1305768e-03  -6.6429078e-04  -1.5388114e-03
  -4.3302614e-05  -8.1598299e-04  -5.1812233e-04  -1.1297129e-03
  -5.8295566e-05  -7.2235387e-04  -5.1437442e-04  -1.4825134e-03
  -5.0799090e-05  -1.0069864e-03  -4.5815578e-04  -1.6701733e-03
  -1.2951209e-04  -9.0586695e-04  -1.3958352e-04  -1.5275518e-03
  -2.6070042e-04  -9.0961212e-04  -3.8319760e-04  -1.5425646e-03
  -1.7449094e-04  -1.0856349e-03  -3.6445806e-04  -1.7001989e-03
  -2.3446275e-04  -8.7590563e-04  -9.1088500e-07  -1.7077053e-03
  -3.9554376e-05  -9.8826058e-04  -7.9616974e-05  -1.7902756e-03
