   1.2920956e-05  -9.4706377e-04  -9.4608610e-05  -1.8465736e-03
  -3.5806138e-05  -8.9088629e-04  -2.7146248e-05  -2.0229738e-03
  -2.0072861e-04  -6.9239255e-04  -1.5832306e-04  -2.4808638e-03
  -1.5949799e-04  -7.0362804e-04  -3.1198733e-04  -2.1318165e-03
  -2.6070042e-04  -9.8451542e-04  -1.4333143e-04  -2.0342334e-03
  -2.4945570e-04  -7.4857002e-04  -1.8830634e-04  -2.1092973e-03
  -1.1077090e-04  -6.5494090e-04  -8.7112792e-05  -2.0454930e-03
  -2.4561424e-05  -8.4968948e-04  -7.2121156e-05  -2.2106337e-03
  -4.7050852e-05  -6.9988288e-04  -2.7825615e-04  -2.0304802e-03
  -3.2816870e-04  -8.1223783e-04  -2.8575197e-04  -2.0680122e-03
  -3.9563699e-04  -8.6092497e-04  -1.2459188e-04  -2.0079610e-03
  -2.3071451e-04  -8.8714113e-04  -1.6207097e-04  -1.9779355e-03
  -2.9068632e-04  -1.0781445e-03  -2.3702915e-04  -2.3382424e-03
  -3.3566518e-04  -9.3582827e-04  -5.7129520e-05  -2.1618421e-03
  -1.3326033e-04  -1.0893800e-03  -2.0704588e-04  -1.9554163e-03
  -2.6070042e-04  -9.6204443e-04  -4.3941624e-04  -1.9741823e-03
  -3.4316165e-04  -9.3208311e-04  -3.3447479e-04  -2.0680122e-03
  -6.2043804e-05  -1.1567930e-03  -3.8694551e-04  -1.9741823e-03
  -9.5777946e-05  -9.0212179e-04  -3.5321433e-04  -1.8615863e-03
  -3.2067223e-04  -8.7216047e-04  -1.5457515e-04  -1.9591695e-03
  -2.1197332e-04  -8.6092497e-04  -3.3822270e-04  -1.8653395e-03
  -8.0784994e-05  -7.7104101e-04  -2.8575197e-04  -2.1168037e-03
  -6.5792042e-05  -8.6092497e-04  -2.0329797e-04  -2.1580889e-03
  -5.4547328e-05  -7.8976684e-04  -3.1573524e-04  -1.9066247e-03
  -2.2696628e-04  -8.7965080e-04  -1.3958352e-04  -2.0830250e-03
  -1.9323213e-04  -1.0743994e-03  -3.9444133e-04  -1.9253907e-03
  -1.0702266e-04  -7.2609903e-04  -3.2697897e-04  -1.8353140e-03
  -3.1692399e-04  -8.1598299e-04   6.5849330e-06  -1.9516631e-03
  -2.9443456e-04  -1.0182219e-03  -2.4452497e-04  -1.8503268e-03
  -5.8295566e-05  -7.8602167e-04  -4.5885793e-05  -1.8503268e-03
   7.6641002e-05  -9.0961212e-04  -3.4642066e-05  -1.6701733e-03
  -4.7050852e-05  -8.7216047e-04  -3.0074361e-04  -1.7227181e-03
  -2.9818280e-04  -8.2347332e-04  -9.0860701e-05  -1.8803523e-03
   5.4244800e-06  -8.0100233e-04  -1.8455843e-04  -1.8465736e-03
   1.1412338e-04  -8.1223783e-04  -1.9205424e-04  -1.8653395e-03
  -2.9068632e-04  -7.7853134e-04  -1.2833979e-04  -1.9516631e-03
  -1.5949799e-04  -6.9988288e-04  -1.9205424e-04  -2.0830250e-03
  -4.7050852e-05  -8.4594431e-04  -4.5885793e-05  -2.0342334e-03
  -1.2576385e-04  -8.5343464e-04  -1.0960025e-04  -2.0755186e-03
  -1.0702266e-04  -9.3208311e-04  -1.7331470e-04  -2.0192206e-03
  -1.6699447e-04  -7.3358936e-04  -1.4333143e-04  -1.9141311e-03
  -6.5792042e-05  -7.8227651e-04  -1.1334816e-04  -2.0267270e-03
   2.0417432e-05  -8.6841530e-04  -1.6581888e-04  -2.0642590e-03
   2.4165670e-05  -6.1374408e-04  -3.1948315e-04  -2.1355697e-03
  -1.3326033e-04  -8.0474750e-04  -2.2203752e-04  -2.0755186e-03
  -8.4533232e-05  -9.2084761e-04  -1.9205424e-04  -2.1430761e-03
   1.6669194e-05  -9.2459278e-04  -1.8455843e-04  -2.1318165e-03
  -1.5949799e-04  -7.8976684e-04   5.1559841e-05  -2.0417398e-03
   8.7885716e-05  -8.1223783e-04  -1.2833979e-04  -2.2969572e-03
  -7.7036756e-05  -8.7216047e-04  -4.6565160e-04  -2.2631784e-03
  -2.5320394e-04  -6.9613771e-04  -1.2459188e-04  -2.4245659e-03
   6.9144526e-05  -9.2833794e-04  -4.6587940e-06  -2.3870339e-03
  -1.0327442e-04  -1.0706542e-03  -3.0823942e-04  -2.1918677e-03
  -2.2321804e-04  -9.8826058e-04  -2.1828961e-04  -2.3044636e-03
  -3.5065813e-04  -9.5829926e-04  -3.3822270e-04  -2.1993741e-03
  -3.5440637e-04  -9.3957344e-04  -2.6701242e-04  -2.2781912e-03
  -9.9526184e-05  -8.4219915e-04  -3.0894157e-05  -2.2781912e-03
  -1.6699447e-04  -7.6729585e-04  -1.0210443e-04  -2.6122257e-03
  -5.8295566e-05  -8.2721849e-04  -1.2154612e-05  -2.5259022e-03
  -1.6324623e-04  -8.1598299e-04  -2.6701242e-04  -2.0304802e-03
  -3.4316165e-04  -7.5980552e-04  -2.9324779e-04  -2.3570083e-03
  -5.8295566e-05  -6.8864738e-04  -7.5869065e-05  -2.3907871e-03
  -1.1451914e-04  -9.2833794e-04  -1.0960025e-04  -2.2669316e-03
  -1.2576385e-04  -8.2721849e-04  -1.5832306e-04  -2.3645147e-03
   1.2920956e-05  -3.7779869e-04  -1.9955006e-04  -2.3007104e-03
  -1.8573566e-04  -5.4633111e-04   4.4064023e-05  -2.1580889e-03
  -1.0327442e-04  -7.7853134e-04  -6.8373247e-05  -2.1806081e-03
   1.5535400e-04  -6.2123441e-04  -8.3364883e-05  -2.1881145e-03
  -2.8309662e-05  -6.8490222e-04   1.2277011e-04  -2.0454930e-03
  -1.4075680e-04  -1.1118510e-03   1.5275338e-04  -1.9366503e-03
   6.1648050e-05  -8.7216047e-04   2.7268647e-04  -2.0117142e-03
   9.1633954e-05  -5.7629243e-04   1.0332842e-05  -2.2594252e-03
   9.1633954e-05  -7.4482486e-04   2.5324478e-05  -2.2744380e-03
   8.4137478e-05  -6.8864738e-04   1.4900547e-04  -2.1280633e-03
  -9.5777946e-05  -6.8864738e-04  -5.3381611e-05  -2.0229738e-03
   7.2892764e-05  -5.3509562e-04  -1.0585234e-04  -1.9779355e-03
   1.1787162e-04  -7.0737321e-04  -1.0585234e-04  -2.0229738e-03
  -3.2057900e-05  -1.0182219e-03   3.2820296e-05  -2.0042078e-03
   1.6669194e-05  -8.0100233e-04   1.0332842e-05  -2.0980378e-03
  -1.7074271e-04  -8.6092497e-04  -2.2578543e-04  -2.3269828e-03
   1.7409519e-04  -7.5606035e-04  -9.8356519e-05  -2.1168037e-03
   1.8533990e-04  -7.4857002e-04   1.9023247e-04  -1.9816886e-03
  -1.9323213e-04  -8.2721849e-04   7.0299386e-05  -2.1693485e-03
  -5.8202340e-06  -7.3733453e-04  -3.0894157e-05  -2.0605058e-03
  -1.0702266e-04  -9.0586695e-04   6.6551477e-05  -2.0342334e-03
  -1.3326033e-04  -6.9988288e-04  -1.2459188e-04  -2.1618421e-03
  -2.0813186e-05  -7.9351200e-04  -2.2578543e-04  -2.0905314e-03
  -1.4825328e-04  -9.5455410e-04  -9.8356519e-05  -2.1055441e-03
  -2.4945570e-04  -7.4857002e-04  -6.4625338e-05  -2.2293996e-03
  -1.2201561e-04  -7.7104101e-04  -1.2459188e-04  -2.0229738e-03
  -9.9526184e-05  -7.8227651e-04  -1.2833979e-04  -1.9591695e-03
  -3.3566518e-04  -8.1972816e-04  -1.5832306e-04  -2.1355697e-03
  -3.5440637e-04  -8.2721849e-04  -5.3381611e-05  -1.9891950e-03
  -2.7569337e-04  -7.1486354e-04   3.6568205e-05  -1.9704291e-03
  -2.5695218e-04  -8.6092497e-04  -3.3822270e-04  -2.1618421e-03
  -2.7944161e-04  -9.9575091e-04  -2.1079379e-04  -1.9854418e-03
  -2.5695218e-04  -9.0212179e-04  -4.5885793e-05  -1.9103779e-03
  -3.2057900e-05  -9.6953476e-04  -4.0568506e-04  -1.9066247e-03
  -2.5320394e-04  -8.4219915e-04  -2.5576870e-04  -1.8841055e-03
  -4.6310527e-04  -7.8227651e-04  -2.6701242e-04  -2.1693485e-03
  -2.3071451e-04  -1.0032412e-03  -5.2561815e-04  -1.9216375e-03
  -3.0193104e-04  -1.1979898e-03  -3.0074361e-04  -1.8353140e-03
  -2.9818280e-04  -1.1904995e-03  -1.9580215e-04  -2.0454930e-03
  -3.8439227e-04  -8.2347332e-04  -3.4197060e-04  -2.1580889e-03
  -2.5695218e-04  -8.9088629e-04  -3.0823942e-04  -2.3119700e-03
  -1.5949799e-04  -9.1710245e-04  -3.2697897e-04  -1.8991183e-03
  -3.9938522e-04  -8.4219915e-04  -2.9324779e-04  -2.1543357e-03
  -1.5574975e-04  -1.0107316e-03  -2.9324779e-04  -2.1655953e-03
  -6.5792042e-05  -9.3957344e-04  -2.3328124e-04  -1.4937730e-03
  -1.3326033e-04  -1.0294574e-03   1.0332842e-05  -1.8390672e-03
  -1.9323213e-04  -9.9575091e-04  -1.0210443e-04  -1.8165480e-03
  -1.1077090e-04  -7.4482486e-04  -1.3208770e-04  -1.6401477e-03
  -9.5684720e-06  -6.6992156e-04  -4.6587940e-06  -2.0642590e-03
  -1.9698037e-04  -7.8976684e-04   4.0316114e-05  -1.9328971e-03
  -2.2696628e-04  -1.0219671e-03  -1.0585234e-04  -1.7452372e-03
  -3.5806138e-05  -1.0519284e-03  -2.6326452e-04  -1.9929482e-03
  -6.5792042e-05  -9.3582827e-04  -7.5869065e-05  -2.0304802e-03
  -1.9323213e-04  -9.6204443e-04  -5.7129520e-05  -1.9891950e-03
   1.6669194e-05  -7.7853134e-04  -1.9580215e-04  -1.9516631e-03
  -1.3700856e-04  -7.7853134e-04  -3.0074361e-04  -1.9816886e-03
  -2.0447685e-04  -9.3208311e-04  -2.7076033e-04  -2.0605058e-03
  -2.3071451e-04  -6.0999892e-04  -9.4608610e-05  -1.8653395e-03
  -2.6070042e-04  -8.9463146e-04   1.7828660e-05  -2.0717654e-03
  -9.5777946e-05  -8.6841530e-04  -3.8389975e-05  -2.2406592e-03
  -2.6444866e-04  -6.5119573e-04  -1.7331470e-04  -2.1130505e-03
  -1.6324623e-04  -1.0406929e-03  -3.4642066e-05  -2.2031273e-03
  -1.2951209e-04  -6.1374408e-04  -3.8389975e-05  -2.1993741e-03
   9.1727180e-06  -7.5606035e-04  -1.9205424e-04  -2.0154674e-03
  -3.2057900e-05  -1.0257122e-03  -6.8373247e-05  -1.9854418e-03
  -1.6699447e-04  -8.3470882e-04  -2.0329797e-04  -2.1092973e-03
   1.4785752e-04  -1.0706542e-03  -2.7076033e-04  -2.0492462e-03
  -2.8309662e-05  -6.8864738e-04  -1.1334816e-04  -2.2181401e-03
  -2.7569337e-04  -7.8976684e-04  -7.9616974e-05  -2.3982935e-03
  -2.3446275e-04  -1.0107316e-03   1.3776175e-04  -2.3344892e-03
  -2.2696628e-04  -9.2084761e-04  -1.1334816e-04  -2.3795275e-03
  -1.9323213e-04  -1.0332026e-03  -3.3822270e-04  -2.3832807e-03
  -5.8295566e-05  -7.5606035e-04  -1.8830634e-04  -2.1543357e-03
  -8.8281470e-05  -9.9200575e-04  -1.5832306e-04  -2.2256465e-03
  -7.3288518e-05  -9.3208311e-04  -4.6587940e-06  -2.5296554e-03
  -1.0327442e-04  -6.1748925e-04  -2.3398339e-05  -2.2781912e-03
  -3.5440637e-04  -8.3096365e-04  -2.0704588e-04  -2.2631784e-03
  -2.6444866e-04  -1.0144767e-03  -1.8455843e-04  -2.4470851e-03
  -8.8281470e-05  -9.6578959e-04  -1.5832306e-04  -2.3532552e-03
  -1.7074271e-04  -7.3733453e-04  -3.2697897e-04  -2.4583447e-03
  -8.0784994e-05  -7.1111837e-04  -1.6207097e-04  -2.3720211e-03
   1.1787162e-04  -7.4482486e-04  -1.7331470e-04  -2.2519188e-03
  -7.7036756e-05  -9.6204443e-04  -1.0585234e-04  -2.2894508e-03
  -1.2951209e-04  -8.1598299e-04  -1.2154612e-05  -2.2481656e-03
  -1.0702266e-04  -7.2984420e-04  -1.8830634e-04  -2.2068805e-03
  -1.7064948e-05  -7.8976684e-04   1.1527429e-04  -2.0942846e-03
   2.2282228e-04  -5.6880210e-04   1.2651802e-04  -2.0830250e-03
   1.1037514e-04  -7.8227651e-04   2.8370240e-06  -2.0642590e-03
   7.2892764e-05  -6.8864738e-04   5.1559841e-05  -2.1956209e-03
  -8.4533232e-05  -6.3621507e-04   5.5307750e-05  -2.1768549e-03
  -6.9540280e-05  -6.8115705e-04   4.4064023e-05  -1.9404035e-03
   1.2911633e-04  -5.8378276e-04   5.5307750e-05  -2.1017910e-03
   8.0389240e-05  -8.5343464e-04   1.8648456e-04  -1.9704291e-03
  -5.8202340e-06  -6.5868606e-04   8.1543113e-05  -1.8953651e-03
  -1.4450504e-04  -6.3246991e-04   6.5849330e-06  -2.0492462e-03
   3.5410384e-05  -1.0444381e-03   1.5275338e-04  -2.0680122e-03
  -1.0702266e-04  -9.2459278e-04  -7.2121156e-05  -2.2031273e-03
  -1.7074271e-04  -8.1598299e-04   8.1543113e-05  -1.9929482e-03
   1.2911633e-04  -8.3096365e-04  -2.9699570e-04  -2.0680122e-03
  -1.8198742e-04  -7.2235387e-04  -9.1088500e-07  -2.1468293e-03
  -9.9526184e-05  -7.0362804e-04  -1.8830634e-04  -2.0117142e-03
  -8.4533232e-05  -9.0212179e-04  -5.7059305e-04  -2.1092973e-03
  -5.8295566e-05  -9.7327992e-04   6.0744496e-03  -1.2498152e-03
   3.9149299e-04  -7.4857002e-04   9.7623921e-03  -1.2310492e-03
  -3.7689580e-04  -9.5829926e-04   8.7354650e-03  -2.0304802e-03
  -1.0065998e-03  -9.4706377e-04   8.3606741e-03  -1.3774239e-03
  -7.7795726e-04  -8.1598299e-04   7.9371604e-03  -1.3473984e-03
  -5.1183236e-04  -9.8451542e-04   9.9797708e-03  -1.8765991e-03
  -1.0665716e-03  -7.1111837e-04   8.4618676e-03  -1.7790160e-03
  -1.7937298e-03  -8.3845398e-04   7.1276120e-03  -1.5725902e-03
  -1.2015082e-03  -1.1305768e-03   6.4679800e-03  -1.1071937e-03
  -2.0111276e-03  -1.0893800e-03   7.6673109e-03  -1.1709981e-03
  -1.6325555e-03  -9.5080893e-04   1.2513357e-02  -1.4787603e-03
  -4.5935703e-04  -9.1335728e-04   1.2258499e-02  -1.4637475e-03
  -1.9961346e-03  -7.9351200e-04   7.9783874e-03  -1.1822577e-03
  -2.6745657e-03  -5.7254727e-04   4.5790339e-03  -7.4688684e-04
  -3.7015829e-03  -8.5717981e-04   2.6376171e-03  -1.5087858e-03
  -4.2375809e-03  -1.0743994e-03  -1.2302250e-03  -2.1243101e-03
  -5.2983323e-03  -1.3852481e-03  -7.3917874e-03  -1.5575774e-03
  -7.2174301e-03  -1.3103448e-03  -1.5078749e-02  -1.7302244e-03
  -5.6806526e-03  -1.3253254e-03  -2.2960601e-02  -2.2706848e-03
  -5.1446545e-03  -1.4863675e-03  -3.2678929e-02  -2.6722769e-03
  -6.1604270e-03  -8.1972816e-04  -4.5080760e-02  -3.1376733e-03
  -6.1604270e-03  -1.1081059e-03  -5.2411670e-02  -3.4266695e-03
  -5.1896334e-03  -1.8871002e-03  -5.1178608e-02  -3.7194189e-03
  -1.9511558e-03  -1.7223129e-03  -4.2734569e-02  -3.9333511e-03
  -1.2951209e-04  -1.4863675e-03  -3.1783179e-02  -3.5129930e-03
   2.4230380e-03  -1.1418123e-03  -1.8088320e-02  -2.8899623e-03
   8.1728351e-03  -7.1486354e-04  -1.0165942e-03  -2.7773664e-03
   9.5034596e-03  -3.3285671e-04   1.2370937e-02  -2.3720211e-03
   9.9345069e-03  -5.7629243e-04   2.3479739e-02  -2.0755186e-03
   8.6113789e-03  -1.0032412e-03   3.1181692e-02  -1.9028715e-03
   1.0084436e-02  -3.1413088e-04   3.5221938e-02  -2.2444124e-03
   1.1891087e-02  -1.0107316e-03   3.5997755e-02  -2.1505825e-03
   8.5626518e-03  -2.2799209e-04   3.1350348e-02  -1.7489904e-03
   1.0530477e-02   7.4200565e-04   2.6290671e-02  -2.0492462e-03
   4.0535215e-03   4.3490212e-04   1.9634384e-02  -8.3696356e-04
   3.0452455e-03   1.2030826e-04   1.7621757e-02  -1.1822577e-03
  -7.0674074e-04  -3.6398374e-03   2.0541378e-02  -1.9216375e-03
  -8.7954383e-03  -1.0481832e-03   2.1287212e-02  -2.1205569e-03
   8.8999933e-03   1.6483356e-03   2.4918936e-02  -3.9596235e-03
   1.6523909e-02  -7.6729585e-04   1.5740307e-02  -2.4433319e-03
   8.5364142e-03   4.0119563e-04   8.5736028e-04   2.6647636e-04
  -1.8237157e-03   4.1992146e-04   4.6202609e-03  -9.7958505e-04
  -7.8621271e-03   3.7497948e-04   5.3323636e-03  -3.1414265e-03
  -2.9144529e-03  -1.5575257e-03  -6.4960372e-03  -2.1243101e-03
  -7.1798545e-04  -2.6248977e-03  -1.9613719e-02  -4.7290345e-04
  -1.5650872e-03  -5.1969330e-05  -2.1536396e-02  -1.6664201e-03
  -6.6027191e-03   8.5061543e-04  -1.7769747e-02  -3.3778779e-03
  -6.9625500e-03   6.6335718e-04  -2.0891756e-02  -3.5355122e-03
  -5.2196193e-03  -1.1567930e-03  -2.3147997e-02  -2.2819444e-03
  -5.5944431e-03  -2.1679876e-03  -1.9392592e-02  -2.9350007e-03
  -2.9969142e-03  -1.3328158e-03  -1.1387058e-02  -4.7553012e-03
  -4.2525739e-03  -2.7667923e-04  -1.5194934e-02  -3.6143293e-03
  -1.0028515e-03   2.0644705e-04  -2.4298605e-02  -2.0980378e-03
   5.0318116e-03  -2.4671791e-04  -2.5850239e-02  -1.2122833e-03
  -2.2472666e-03  -5.0513430e-04  -2.5756542e-02  -1.3736707e-03
  -1.0999402e-02  -1.0332026e-03  -2.1300278e-02  -2.1355697e-03
  -8.7504595e-03  -2.2391457e-03  -1.6075693e-02  -2.3344892e-03
  -2.6220904e-03  -2.7672140e-03  -1.4093049e-02  -3.0325838e-03
   1.2798254e-03  -1.8459034e-03  -9.1083298e-03  -2.7360812e-03
  -1.8948390e-04  -5.2011496e-04  -2.4857746e-03  -3.1076477e-03
   3.8399652e-04   1.5026958e-04   5.0325309e-03  -3.5918102e-03
   3.1539444e-03  -5.5007628e-04   8.7579524e-03  -2.5897066e-03
   3.0564902e-03  -1.4152094e-03   1.2490870e-02  -2.3870339e-03
   2.2955979e-03  -1.8796099e-03   1.9694351e-02  -2.2706848e-03
   6.1263904e-04  -1.8758647e-03   2.1287212e-02  -2.1618421e-03
   5.0917834e-03  -1.1830092e-03   2.1242237e-02  -2.0079610e-03
   8.7950426e-03  -7.5606035e-04   1.5860240e-02  -7.6940602e-04
   7.0858461e-03  -1.2687263e-04   1.3990033e-02  -6.4179732e-04
   5.3316707e-03  -3.2911154e-04   1.7194496e-02  -2.0492462e-03
  -1.5613390e-03  -9.2833794e-04   1.3300418e-02  -2.0942846e-03
  -6.0292387e-03  -1.1755188e-03   8.1545391e-03  -1.2723344e-03
  -1.2239976e-03  -1.4339352e-03   9.8036191e-03  -2.2706848e-03
   4.8106656e-03  -1.0743994e-03   1.4544724e-02  -4.1660493e-03
   3.3376081e-03  -3.8903418e-04   9.5937362e-03  -3.7982360e-03
  -1.3252000e-03   5.4351190e-04   1.3783196e-03  -1.5500710e-03
  -6.0928655e-04   1.5443640e-05  -1.5902521e-05  -9.1953390e-04
   1.5909292e-03  -6.5494090e-04   2.2328429e-03  -2.0717654e-03
   4.0648595e-04  -3.2911154e-04  -3.0823942e-04  -1.7790160e-03
  -1.9661487e-03  -5.8378276e-04  -7.5417038e-03  -3.9783951e-04
  -6.0928655e-04  -4.8266331e-04  -8.8234887e-03  -9.9084464e-04
   7.9255446e-04  -3.9652451e-04  -6.0462881e-03  -2.4020467e-03
  -1.8199674e-03  -7.1860870e-04  -5.8064219e-03  -2.8036388e-03
  -2.6520763e-03  -9.3957344e-04  -4.7794949e-03  -3.0701158e-03
  -2.4459232e-03  -9.4331860e-04  -5.5290767e-03  -2.9462603e-03
  -4.3912587e-03  -7.8976684e-04  -8.3624959e-03  -2.2406592e-03
  -2.5996009e-03  -6.0999892e-04  -7.5529475e-03  -2.2031273e-03
   3.9524123e-04  -3.1038572e-04  -7.3917874e-03  -2.0492462e-03
  -1.3514377e-03  -3.5532770e-04  -9.2470024e-03  -1.3323856e-03
  -1.0553269e-03  -8.0849266e-04  -7.2718543e-03  -1.6889393e-03
  -7.6671255e-04  -1.0931252e-03  -4.9743861e-03  -2.1205569e-03
  -3.4242133e-03  -1.2691480e-03  -6.9645258e-03  -1.7077053e-03
  -2.8169987e-03  -1.4152094e-03  -7.5941745e-03  -1.5388114e-03
  -1.3027106e-03  -1.5125837e-03  -5.2442356e-03  -1.9741823e-03
  -8.7915969e-04  -1.4114642e-03  -2.0210338e-03  -2.5972130e-03
  -1.4226542e-03  -8.5717981e-04  -1.0428296e-03  -2.3945403e-03
  -2.1760500e-03  -9.9200575e-04  -1.3838893e-03  -1.9816886e-03
  -9.5412445e-04  -1.2728931e-03   1.0709911e-03  -2.4133063e-03
  -1.8948390e-04  -1.0406929e-03   4.3204282e-03  -2.3907871e-03
  -4.5560879e-04  -1.2541673e-03   4.9987997e-03  -2.1205569e-03
  -1.1451914e-04  -1.2579125e-03   4.6240088e-03  -1.8916119e-03
   1.5347056e-03  -1.1680285e-03   6.0444663e-03  -1.6288881e-03
   2.8578336e-03  -1.3103448e-03   7.0114269e-03  -2.0417398e-03
   1.4260067e-03  -1.1455575e-03   5.6884150e-03  -1.6701733e-03
  -9.5684720e-06  -1.0669090e-03   3.4883924e-03  -1.2348024e-03
   5.9764608e-04  -1.1642833e-03   3.8894187e-03  -1.4599943e-03
   1.0624276e-03  -1.1193414e-03   5.4223134e-03  -1.6926925e-03
  -2.2321804e-04  -7.8976684e-04   4.4591008e-03  -2.0192206e-03
  -1.2989623e-03  -7.2609903e-04   4.2229826e-03  -1.8203012e-03
  -1.2576385e-04  -1.1343220e-03   6.0219789e-03  -2.2519188e-03
   5.4142251e-04  -1.0818897e-03   6.4155093e-03  -2.6572641e-03
  -4.6310527e-04  -8.7216047e-04   4.3916385e-03  -2.0454930e-03
  -1.0928093e-03  -5.5382144e-04   1.1571930e-03  -1.3511516e-03
   1.6659871e-04  -3.6281803e-04   5.2754428e-04  -1.2122833e-03
   1.8495576e-03  -6.9239255e-04   1.7006398e-03  -1.6664201e-03
   5.4517075e-04  -6.3246991e-04   7.2993137e-04  -1.5275518e-03
  -1.5463461e-03  -7.7478618e-04  -8.8916532e-04  -1.4750071e-03
  -1.3514377e-03  -1.0669090e-03  -1.1815022e-03  -1.7489904e-03
  -6.4676893e-04  -7.2984420e-04   1.0332842e-05  -1.8991183e-03
  -1.2839694e-03  -6.6243123e-04  -5.3686187e-04  -2.1468293e-03
  -2.2360218e-03  -7.1111837e-04  -2.0622608e-03  -1.9967014e-03
  -1.6587932e-03  -4.3023100e-04  -1.5825285e-03  -2.0192206e-03
  -7.6671255e-04  -5.6505694e-04  -9.1540068e-04  -2.4057999e-03
  -1.4713813e-03  -7.2235387e-04  -1.5450494e-03  -2.3682679e-03
  -2.2997419e-03  -8.0474750e-04  -2.5382453e-03  -1.8278076e-03
  -1.3289482e-03  -9.2084761e-04  -2.7818594e-03  -1.6589137e-03
   1.1037514e-04  -8.6467014e-04  -2.2983791e-03  -1.7302244e-03
   3.6900357e-04  -9.5080893e-04  -1.8261426e-03  -1.7902756e-03
  -2.6070042e-04  -8.3845398e-04  -1.9723110e-03  -1.8803523e-03
  -9.8036211e-04  -1.0219671e-03  -1.2414688e-03  -2.0567526e-03
  -1.2652282e-03  -1.1155962e-03   2.9072387e-05  -2.4733575e-03
  -1.1715223e-03  -8.6841530e-04   1.7524084e-04  -2.2519188e-03
  -8.5667026e-04  -9.9949608e-04   1.0403057e-04  -2.2331528e-03
  -1.3326033e-04  -8.1598299e-04   9.9603291e-04  -2.4283191e-03
   4.6655098e-05  -6.9239255e-04   1.7343710e-03  -2.2969572e-03
  -5.3807003e-04  -9.5080893e-04   1.8168250e-03  -2.4696043e-03
  -3.3566518e-04  -9.0212179e-04   1.7043877e-03  -2.1993741e-03
   1.7034695e-04  -9.1710245e-04   1.6856482e-03  -1.9103779e-03
   2.2282228e-04  -1.1830092e-03   2.0716828e-03  -2.0867782e-03
   2.8654233e-04  -1.0706542e-03   1.9667413e-03  -1.9741823e-03
   5.1143661e-04  -8.5343464e-04   2.1953638e-03  -2.0267270e-03
   6.7635908e-04  -9.3208311e-04   2.6076338e-03  -2.3419956e-03
   2.7913908e-05  -8.7965080e-04   2.6226254e-03  -2.3382424e-03
  -9.6911740e-04  -8.3470882e-04   2.8999707e-03  -2.4808638e-03
  -1.0815645e-03  -1.0856349e-03   3.0348954e-03  -2.4921234e-03
  -7.1798545e-04  -1.0781445e-03   3.1698201e-03  -2.3682679e-03
  -2.5320394e-04  -6.6243123e-04   2.7275669e-03  -2.2106337e-03
   1.6285048e-04  -6.3621507e-04   1.9667413e-03  -1.9328971e-03
   1.7034695e-04  -6.3246991e-04   1.6331774e-03  -2.0417398e-03
   2.7529762e-04  -8.0474750e-04   1.3333447e-03  -2.0342334e-03
  -2.4570747e-04  -9.6204443e-04   1.0110245e-03  -1.8240544e-03
  -5.9054536e-04  -6.1374408e-04   4.6008192e-04  -1.7039521e-03
   3.9158622e-05  -8.4968948e-04   2.8018229e-04  -1.7977820e-03
   1.6669194e-05  -8.3845398e-04   3.8137583e-04  -1.8916119e-03
  -1.9323213e-04  -6.1374408e-04  -3.3822270e-04  -1.9554163e-03
  -3.6190284e-04  -7.0362804e-04  -9.1165277e-04  -2.0454930e-03
  -4.9683941e-04  -5.8003760e-04  -7.9921550e-04  -1.9253907e-03
  -5.4931474e-04  -7.7853134e-04  -1.0503254e-03  -2.0792718e-03
  -8.5292202e-04  -8.7216047e-04  -1.2189813e-03  -2.0942846e-03
  -5.6055946e-04  -6.9988288e-04  -1.4326121e-03  -2.0342334e-03
   7.6641002e-05  -8.9088629e-04  -1.8711175e-03  -2.1355697e-03
   9.1633954e-05  -1.0182219e-03  -1.7849156e-03  -1.8503268e-03
  -3.6565108e-04  -1.0594187e-03  -1.6987137e-03  -1.9328971e-03
  -4.4436408e-04  -9.8826058e-04  -1.4888308e-03  -2.0867782e-03
  -3.4690989e-04  -6.3996024e-04  -1.2564604e-03  -1.9103779e-03
  -2.7569337e-04  -7.9351200e-04  -6.8677823e-04  -2.1205569e-03
  -2.8318985e-04  -8.7965080e-04  -4.2137884e-05  -2.2594252e-03
  -4.5186056e-04  -6.7366672e-04   7.0299386e-05  -2.1130505e-03
  -2.9068632e-04  -7.4107969e-04   5.0880474e-04  -2.1618421e-03
  -6.9540280e-05  -9.0212179e-04   6.0625037e-04  -2.2631784e-03
   6.5396288e-05  -9.8077025e-04   5.0130892e-04  -2.1956209e-03
  -6.5792042e-05  -9.9200575e-04   4.5633401e-04  -2.0267270e-03
   1.6762420e-06  -8.1972816e-04   3.1391347e-04  -1.7114585e-03
   4.0273771e-04  -7.7478618e-04   2.4645111e-04  -1.8390672e-03
   6.2388375e-04  -8.9837662e-04   2.0522411e-04  -2.0079610e-03
   7.8130975e-04  -5.5382144e-04   2.9892183e-04  -1.8803523e-03
   4.5521304e-04  -8.8714113e-04   3.6568205e-05  -2.1318165e-03
   1.9283638e-04  -1.0669090e-03   9.2786840e-05  -2.1318165e-03
  -2.8309662e-05  -7.7104101e-04   5.4628383e-04  -2.1168037e-03
  -1.1826737e-04  -1.0107316e-03   4.4509029e-04  -2.2781912e-03
   3.2777295e-04  -9.1710245e-04  -7.2121156e-05  -2.3982935e-03
   3.3901766e-04  -1.0931252e-03  -6.9052614e-04  -2.3682679e-03
   3.7275180e-04  -1.0481832e-03  -1.1065440e-03  -1.9854418e-03
   3.2777295e-04  -6.9613771e-04  -1.4326121e-03  -2.0004546e-03
   2.0408109e-04  -8.4968948e-04  -1.9423277e-03  -1.9404035e-03
   2.3406700e-04  -8.7216047e-04  -1.9873027e-03  -1.8503268e-03
  -1.6324623e-04  -1.0369477e-03  -1.7736718e-03  -2.0042078e-03
  -1.9323213e-04  -1.1268317e-03  -1.9048487e-03  -1.9854418e-03
   1.1412338e-04  -8.7590563e-04  -2.0547650e-03  -2.0830250e-03
   2.7529762e-04  -1.0219671e-03  -1.6612346e-03  -2.1017910e-03
   2.9778704e-04  -9.2833794e-04  -1.1065440e-03  -2.0980378e-03
   2.4165670e-05  -7.8976684e-04  -1.2939395e-03  -2.0454930e-03
  -9.2029708e-05  -9.5455410e-04  -1.5263098e-03  -1.9929482e-03
   2.7913908e-05  -7.8976684e-04  -1.3351665e-03  -2.0267270e-03
   1.4785752e-04  -7.5231519e-04  -1.1964939e-03  -1.9103779e-03
   5.7515666e-04  -7.7104101e-04  -1.4363600e-03  -1.9404035e-03
   5.7890489e-04  -8.8714113e-04  -1.6125118e-03  -1.8765991e-03
   2.2657052e-04  -8.0100233e-04  -1.7586802e-03  -1.8390672e-03
   4.8519894e-04  -7.1860870e-04  -1.7661760e-03  -1.9441567e-03
   1.7784343e-04  -1.0032412e-03  -1.3988809e-03  -1.7602500e-03
  -3.1692399e-04  -9.7327992e-04  -1.6050159e-03  -2.0454930e-03
  -1.8948390e-04  -8.6092497e-04  -1.1177878e-03  -2.4095531e-03
  -8.4533232e-05  -8.3096365e-04  -6.1182005e-04  -2.2181401e-03
   3.2777295e-04  -7.2984420e-04  -1.1477710e-03  -2.1806081e-03
   4.5521304e-04  -4.3397616e-04  -1.0803087e-03  -2.1205569e-03
   3.0528352e-04  -6.1374408e-04  -7.3175314e-04  -2.1918677e-03
   4.8519894e-04  -9.3957344e-04  -5.2561815e-04  -2.2481656e-03
   3.5401061e-04  -7.6355068e-04  -6.3055960e-04  -2.1130505e-03
   3.1278000e-04  -8.6841530e-04  -6.4929914e-04  -2.0605058e-03
   5.0394013e-04  -1.0032412e-03  -4.5440787e-04  -1.8765991e-03
   4.4022009e-04  -8.3096365e-04  -1.9580215e-04  -1.8015352e-03
   4.4771656e-04  -6.4370540e-04   1.2277011e-04  -2.0192206e-03
   3.5401061e-04  -7.4857002e-04   9.2786840e-05  -2.2331528e-03
   4.0273771e-04  -1.0444381e-03   3.8137583e-04  -2.2932040e-03
   4.4771656e-04  -1.0556735e-03   3.0266974e-04  -2.5559278e-03
   5.0403336e-05  -8.1598299e-04  -1.3208770e-04  -2.5859534e-03
   3.0153528e-04  -8.1972816e-04  -1.3958352e-04  -2.4545915e-03
   5.2268132e-04  -1.0481832e-03  -2.4452497e-04  -2.4470851e-03
   4.8894718e-04  -8.4219915e-04  -3.0823942e-04  -2.3720211e-03
   4.6270952e-04  -6.3621507e-04  -5.0313069e-04  -2.2669316e-03
   2.0417432e-05  -7.6729585e-04  -5.8558469e-04  -2.3982935e-03
   2.2282228e-04  -7.3358936e-04  -3.4197060e-04  -2.6460045e-03
   2.7904585e-04  -9.3582827e-04  -5.8558469e-04  -2.2969572e-03
   1.2920956e-05  -1.0294574e-03  -7.0176987e-04  -2.2781912e-03
  -1.2951209e-04  -9.0586695e-04  -6.3805542e-04  -2.3982935e-03
  -3.2442046e-04  -8.5343464e-04  -9.6412350e-04  -2.3607615e-03
  -7.3288518e-05  -6.9613771e-04  -1.1702585e-03  -2.6159789e-03
   4.0273771e-04  -8.2347332e-04  -1.3726456e-03  -2.3457488e-03
   3.7275180e-04  -6.6243123e-04  -1.4513517e-03  -2.2819444e-03
   9.1727180e-06  -6.3996024e-04  -1.4101247e-03  -2.3194764e-03
  -7.7036756e-05  -8.2721849e-04  -1.5075703e-03  -1.9516631e-03
  -2.2321804e-04  -5.3135045e-04  -1.4288642e-03  -1.9741823e-03
   2.3406700e-04  -6.5494090e-04  -9.9410677e-04  -2.1956209e-03
   3.5775885e-04  -7.4482486e-04  -8.0671132e-04  -2.0980378e-03
  -1.6324623e-04  -6.8115705e-04  -1.0465775e-03  -2.0304802e-03
   2.1532581e-04  -8.3470882e-04  -1.1177878e-03  -2.0680122e-03
   3.3152119e-04  -8.6841530e-04  -1.0016026e-03  -1.9028715e-03
   5.4151574e-05  -8.6092497e-04  -5.4060978e-04  -2.0192206e-03
  -1.6699447e-04  -5.8752793e-04  -3.8319760e-04  -2.0830250e-03
  -1.2201561e-04  -5.7629243e-04  -5.3686187e-04  -2.0755186e-03
   3.4276590e-04  -9.2833794e-04  -2.8200406e-04  -2.0567526e-03
   2.8654233e-04  -7.1111837e-04  -1.1709606e-04  -1.8353140e-03
   2.3781524e-04  -3.8528902e-04   1.6399711e-04  -2.0342334e-03
   2.0782933e-04  -7.2235387e-04   3.6638420e-04  -2.1017910e-03
   1.4036105e-04  -9.7702509e-04   7.4047295e-05  -2.1055441e-03
   8.0389240e-05  -8.4968948e-04   1.1152638e-04  -2.0454930e-03
