  -3.2067223e-04  -6.2497958e-04  -5.3381611e-05  -1.9291439e-03
  -1.1077090e-04  -9.1335728e-04  -2.0329797e-04  -1.9779355e-03
  -2.0813186e-05  -8.9837662e-04  -1.1334816e-04  -2.1430761e-03
  -1.7449094e-04  -6.6617639e-04  -2.2203752e-04  -2.0792718e-03
  -1.7823918e-04  -8.0474750e-04  -2.3328124e-04  -2.3307360e-03
  -1.4450504e-04  -8.9837662e-04  -2.7146248e-05  -1.9891950e-03
  -1.6324623e-04  -7.1111837e-04  -4.5885793e-05  -1.7640032e-03
  -7.7036756e-05  -7.4107969e-04  -2.7450824e-04  -2.1017910e-03
  -9.9526184e-05  -9.3957344e-04  -2.0704588e-04  -2.2293996e-03
  -2.1946980e-04  -8.4968948e-04  -2.5202079e-04  -2.0567526e-03
  -6.9540280e-05  -9.4331860e-04  -1.6581888e-04  -2.2369060e-03
  -3.0193104e-04  -1.0594187e-03  -3.4642066e-05  -2.3795275e-03
  -3.1317575e-04  -6.1374408e-04  -1.4333143e-04  -1.9441567e-03
  -1.2201561e-04  -5.8752793e-04  -2.2578543e-04  -2.2631784e-03
  -3.5440637e-04  -7.4482486e-04  -2.0329797e-04  -2.4320723e-03
  -4.0313346e-04  -9.2833794e-04  -1.5457515e-04  -2.2106337e-03
  -1.4075680e-04  -1.1155962e-03  -9.4608610e-05  -2.1806081e-03
   5.7899812e-05  -6.6243123e-04   5.5307750e-05  -1.9216375e-03
  -6.5792042e-05  -5.8003760e-04  -1.1334816e-04  -1.9779355e-03
   9.1727180e-06  -7.8976684e-04  -1.2833979e-04  -2.0492462e-03
  -9.2029708e-05  -5.4633111e-04  -1.3958352e-04  -2.1618421e-03
  -2.9443456e-04  -6.5494090e-04  -2.6701242e-04  -1.9253907e-03
  -1.0327442e-04  -7.8976684e-04  -1.9955006e-04  -1.8127948e-03
   8.7885716e-05  -4.9389880e-04  -1.7706261e-04  -2.0642590e-03
  -1.7064948e-05  -7.6355068e-04   3.2820296e-05  -1.7677564e-03
  -2.1572156e-04  -8.3470882e-04  -1.0960025e-04  -1.8465736e-03
   1.6762420e-06  -6.5868606e-04  -2.0704588e-04  -2.0830250e-03
  -9.5684720e-06  -9.6578959e-04   1.0332842e-05  -1.8991183e-03
  -1.7823918e-04  -6.3246991e-04  -1.9650430e-05  -1.8953651e-03
  -2.1946980e-04  -5.7254727e-04  -6.4625338e-05  -1.9216375e-03
  -1.0702266e-04  -7.2235387e-04  -1.9205424e-04  -1.7640032e-03
  -1.0327442e-04  -6.4745057e-04  -1.6581888e-04  -1.9441567e-03
  -4.7050852e-05  -9.1335728e-04  -2.3398339e-05  -1.8803523e-03
   3.0903176e-04  -6.9239255e-04  -2.3398339e-05  -1.6776797e-03
  -7.7036756e-05  -1.1343220e-03   4.7811932e-05  -1.9591695e-03
  -1.3700856e-04  -1.1418123e-03  -8.4067030e-06  -1.8803523e-03
   3.5410384e-05  -5.9501826e-04  -2.1454170e-04  -1.9066247e-03
  -1.0327442e-04  -9.6578959e-04  -1.0210443e-04  -2.0267270e-03
   1.9658462e-04  -7.9351200e-04  -1.0960025e-04  -2.0680122e-03
   1.6762420e-06  -8.4594431e-04  -1.0210443e-04  -2.0905314e-03
  -4.1437818e-04  -1.0219671e-03   1.6774502e-04  -1.8203012e-03
  -1.6699447e-04  -8.9837662e-04  -2.2203752e-04  -1.9666759e-03
  -1.1077090e-04  -9.1710245e-04  -2.4827288e-04  -2.0605058e-03
  -4.1812641e-04  -8.6092497e-04   6.5849330e-06  -2.0154674e-03
  -1.6699447e-04  -1.0332026e-03  -1.1709606e-04  -2.1205569e-03
  -2.9068632e-04  -9.2084761e-04   2.5324478e-05  -2.0980378e-03
  -5.4931474e-04  -7.7104101e-04  -1.5082725e-04  -2.0680122e-03
  -1.6699447e-04  -1.0444381e-03  -9.4608610e-05  -2.0605058e-03
  -4.1812641e-04  -1.0406929e-03  -1.3583561e-04  -2.0980378e-03
  -4.3686760e-04  -9.1710245e-04  -4.5065997e-04  -1.9816886e-03
  -3.0193104e-04  -9.6204443e-04  -3.4946642e-04  -2.0980378e-03
  -3.9563699e-04  -8.5343464e-04  -5.0687860e-04  -2.2293996e-03
  -2.5320394e-04  -9.2084761e-04  -2.4077706e-04  -2.0942846e-03
  -5.1558060e-04  -9.4706377e-04  -2.1079379e-04  -2.1918677e-03
  -3.0567927e-04  -8.9463146e-04  -6.0057633e-04  -2.2631784e-03
  -1.3326033e-04  -1.1081059e-03  -5.7808887e-04  -2.1205569e-03
  -3.4690989e-04  -1.0706542e-03  -4.6190369e-04  -1.9516631e-03
  -2.7569337e-04  -8.1223783e-04  -2.5202079e-04  -2.1806081e-03
  -3.9938522e-04  -8.1223783e-04  -5.2187024e-04  -2.0867782e-03
  -1.6699447e-04  -8.9088629e-04  -3.1948315e-04  -1.8991183e-03
   5.4244800e-06  -9.7702509e-04  -7.9616974e-05  -2.2106337e-03
  -3.5815461e-04  -1.0519284e-03  -3.4946642e-04  -1.9554163e-03
  -1.3700856e-04  -7.9351200e-04  -2.1828961e-04  -1.8765991e-03
  -9.5777946e-05  -6.1374408e-04  -2.0329797e-04  -1.8390672e-03
  -2.6819689e-04  -9.3208311e-04  -2.3398339e-05  -1.5913562e-03
  -2.0822509e-04  -1.0257122e-03   1.4080751e-05  -1.8315608e-03
  -2.3821099e-04  -6.8115705e-04  -3.0894157e-05  -1.6363945e-03
  -1.3700856e-04  -7.2984420e-04  -2.5202079e-04  -1.5988626e-03
  -3.3941342e-04  -9.7327992e-04  -2.1454170e-04  -1.9666759e-03
  -1.7064948e-05  -8.6467014e-04  -5.7129520e-05  -1.8916119e-03
  -1.3326033e-04  -8.4594431e-04  -4.3566833e-04  -1.8578331e-03
  -4.9309117e-04  -8.9463146e-04  -2.3398339e-05  -1.9779355e-03
   5.4244800e-06  -7.8227651e-04  -3.4642066e-05  -1.8615863e-03
  -1.7823918e-04  -8.4219915e-04  -1.5457515e-04  -1.8165480e-03
  -3.7314756e-04  -8.4219915e-04  -3.0894157e-05  -2.0304802e-03
  -1.0702266e-04  -7.4857002e-04  -4.2067669e-04  -2.1355697e-03
   1.1787162e-04  -7.3733453e-04  -4.2137884e-05  -1.9891950e-03
  -2.9068632e-04  -7.7478618e-04  -1.3208770e-04  -1.8578331e-03
  -3.0193104e-04  -8.1223783e-04  -3.0823942e-04  -1.9741823e-03
   1.6669194e-05  -7.5980552e-04  -3.4642066e-05  -2.1243101e-03
  -2.5695218e-04  -7.9351200e-04  -4.3941624e-04  -2.0454930e-03
  -2.2321804e-04  -7.3733453e-04  -2.6326452e-04  -1.9066247e-03
  -4.8559470e-04  -6.1748925e-04  -3.8389975e-05  -2.0417398e-03
  -3.2067223e-04  -7.8976684e-04  -2.1454170e-04  -1.9929482e-03
  -2.1946980e-04  -9.8826058e-04  -2.8949988e-04  -2.2143869e-03
  -2.7194513e-04  -7.5231519e-04  -2.2578543e-04  -2.3307360e-03
   1.3286457e-04  -7.4857002e-04  -1.2154612e-05  -2.0117142e-03
  -6.9540280e-05  -9.6204443e-04  -4.1692878e-04  -2.4095531e-03
   4.2906860e-05  -8.5717981e-04  -3.7570179e-04  -2.2594252e-03
   5.7899812e-05  -8.6467014e-04  -7.2121156e-05  -1.9967014e-03
  -3.3566518e-04  -9.8826058e-04  -3.1573524e-04  -2.1168037e-03
  -2.4945570e-04  -9.7327992e-04  -3.6071015e-04  -2.0755186e-03
  -1.8198742e-04  -7.4482486e-04  -2.2953333e-04  -2.4057999e-03
  -3.1317575e-04  -8.3096365e-04  -1.7706261e-04  -2.4696043e-03
  -1.8948390e-04  -8.0100233e-04  -3.4571851e-04  -2.5071362e-03
  -1.1077090e-04  -7.6729585e-04  -3.1948315e-04  -2.4733575e-03
  -1.5949799e-04  -9.2833794e-04  -3.0449151e-04  -2.1993741e-03
  -4.7050852e-05  -6.6243123e-04  -3.3447479e-04  -2.3307360e-03
   3.1662146e-05  -9.5455410e-04  -4.6587940e-06  -2.3419956e-03
   8.0389240e-05  -1.0519284e-03   2.1271993e-04  -2.1092973e-03
  -5.8295566e-05  -6.6243123e-04   5.1559841e-05  -2.0980378e-03
  -8.4533232e-05  -7.1111837e-04  -2.0329797e-04  -2.0079610e-03
  -2.0719960e-06  -7.6355068e-04  -1.5457515e-04  -1.8803523e-03
   1.4410929e-04  -8.5343464e-04   2.2396365e-04  -1.8165480e-03
   1.1037514e-04  -7.8227651e-04   2.3520738e-04  -1.9291439e-03
  -5.4547328e-05  -6.9613771e-04  -1.1709606e-04  -1.8916119e-03
  -5.0799090e-05  -8.1223783e-04   6.2803568e-05  -1.7752628e-03
  -3.4316165e-04  -6.9613771e-04  -8.4067030e-06  -1.9891950e-03
  -1.6699447e-04  -7.7104101e-04  -3.3447479e-04  -2.0830250e-03
  -4.3302614e-05  -7.5606035e-04   2.3145947e-04  -2.1355697e-03
  -3.1692399e-04  -5.8003760e-04   7.4047295e-05  -1.9891950e-03
  -2.1946980e-04  -7.7478618e-04  -4.0193715e-04  -1.8203012e-03
  -2.0447685e-04  -6.7366672e-04  -9.1088500e-07  -1.8690927e-03
  -2.0822509e-04  -7.3733453e-04  -1.6581888e-04  -1.8052884e-03
  -1.3700856e-04  -6.6617639e-04  -2.2203752e-04  -1.7827692e-03
  -3.5806138e-05  -4.4146649e-04  -2.5576870e-04  -1.8465736e-03
  -2.0813186e-05  -8.8339596e-04  -3.5321433e-04  -1.9591695e-03
  -6.5792042e-05  -8.1972816e-04   4.4064023e-05  -2.0492462e-03
  -5.4547328e-05  -7.4482486e-04   1.7828660e-05  -1.9516631e-03
  -8.0784994e-05  -9.1335728e-04  -1.3958352e-04  -1.8803523e-03
  -5.4547328e-05  -6.6617639e-04  -3.0823942e-04  -1.9891950e-03
  -1.5574975e-04  -6.1748925e-04  -3.0449151e-04  -1.9366503e-03
  -3.2067223e-04  -8.2721849e-04  -6.4625338e-05  -1.9366503e-03
  -1.4450504e-04  -1.1081059e-03  -1.6581888e-04  -2.0379866e-03
  -1.2201561e-04  -9.3957344e-04  -3.5696224e-04  -1.9291439e-03
  -5.6430770e-04  -9.1710245e-04  -1.8081052e-04  -2.1580889e-03
  -4.3686760e-04  -1.0332026e-03   2.9072387e-05  -2.1806081e-03
  -6.5792042e-05  -7.0362804e-04  -2.2953333e-04  -1.9291439e-03
  -3.2067223e-04  -9.9949608e-04  -2.5202079e-04  -2.0755186e-03
  -3.8814051e-04  -9.2833794e-04  -9.1088500e-07  -1.9741823e-03
  -3.8439227e-04  -9.3208311e-04  -3.6071015e-04  -2.0755186e-03
  -4.0313346e-04  -1.1867543e-03  -3.3447479e-04  -2.2331528e-03
  -2.0822509e-04  -7.1860870e-04  -2.5202079e-04  -1.9929482e-03
  -3.7689580e-04  -1.1230865e-03  -2.9324779e-04  -1.9891950e-03
  -4.8559470e-04  -1.1305768e-03  -4.6190369e-04  -2.1505825e-03
  -4.5186056e-04  -8.1223783e-04  -7.2425732e-04  -2.3194764e-03
  -1.5200152e-04  -1.0631639e-03   1.4900547e-04  -2.0379866e-03
  -1.2576385e-04  -9.0586695e-04  -5.7059305e-04  -2.0454930e-03
  -2.4945570e-04  -9.5455410e-04  -1.5082725e-04  -2.1505825e-03
  -9.2029708e-05  -8.7216047e-04  -7.3924896e-04  -1.7489904e-03
  -5.6430770e-04  -9.9949608e-04  -6.0877429e-05  -1.9103779e-03
   2.0033286e-04  -1.0669090e-03   1.4885784e-02  -1.4787603e-03
  -6.2053127e-04  -9.4331860e-04   2.5960855e-02  -6.6806970e-04
   1.7633481e-03  -9.9575091e-04   2.5304971e-02  -4.9166944e-04
   1.1673783e-03  -6.3246991e-04   2.6924067e-02  -1.9141368e-04
  -6.6925836e-04  -7.2609903e-04   2.3183654e-02  -9.7583754e-05
   1.5122162e-03  -5.9127309e-04   2.3449756e-02  -5.1794182e-04
  -5.9655187e-03  -8.6841530e-04   2.5297475e-02   2.9274873e-04
   3.9335779e-03  -1.2092253e-03   3.3044403e-02  -1.1184533e-03
   1.2685807e-03  -5.0887946e-04   3.9419596e-02  -1.7189649e-03
   2.4192898e-03   1.3154375e-04   2.7415043e-02   4.7665539e-04
   1.0999100e-03   4.4988278e-04   2.0151596e-02  -5.2169502e-04
  -7.1462136e-03  -3.4409220e-04   2.3340364e-03  -3.3778836e-04
   6.2012619e-03  -8.7590563e-04  -5.6602535e-03  -3.8995723e-03
  -2.1048428e-02  -1.3627771e-03  -4.1175439e-02  -1.5388114e-03
   9.5746761e-03  -8.9088629e-04  -7.0967568e-02  -3.3253332e-03
  -4.4782271e-02  -2.0406519e-03  -1.0172666e-01  -2.7473408e-03
  -5.7799902e-02  -6.5123790e-03  -1.5443725e-01   1.1991464e-02
   5.0794049e-02  -5.5873232e-03  -5.7726205e-02  -1.5812220e-02
  -5.3583041e-03   1.9367133e-03  -1.0641225e-02  -3.5831772e-02
   1.7333622e-03   7.2960444e-03  -8.1712823e-02  -7.5026414e-03
   4.6532396e-03   1.3749385e-03  -1.2393677e-01   1.2134085e-02
   2.8004762e-02  -7.0441924e-03  -9.0677821e-02   5.9525698e-03
   2.3461898e-02  -2.7484881e-03   1.9420754e-02  -1.3387654e-02
  -7.8677588e-02   2.1015005e-03   1.8554987e-02  -9.7170277e-03
  -4.9909768e-03  -3.4076372e-03  -8.2875377e-03   2.7698588e-03
   2.8705683e-02  -6.6359694e-03   1.3187981e-02   2.7848715e-03
   1.9878582e-02  -7.1860870e-04   4.9850027e-02  -2.5259022e-03
  -1.2539835e-03   5.2212230e-03   7.7948100e-02  -6.2490736e-03
  -2.5771115e-03   1.2213868e-03   6.1157468e-02   4.6164260e-04
   4.9901969e-02  -4.8008386e-03   6.0756442e-02   4.1022437e-03
   1.7479710e-02  -2.1530069e-03   5.6472582e-02   2.5821989e-03
  -9.5413377e-03   2.5134687e-03   7.3979065e-02  -2.9425071e-03
  -2.3795887e-02   2.2213458e-03   6.0666492e-02  -5.6860941e-03
   1.9769977e-03  -1.0818897e-03  -2.8343301e-03   4.6239381e-03
   1.8510475e-02  -2.2840877e-03  -1.5750327e-03   1.1518561e-02
  -2.9631800e-03  -2.6623493e-03   6.1258662e-02  -3.8507808e-03
   1.6808869e-03  -2.4488749e-03   9.3693066e-02  -1.8026606e-02
  -2.6633210e-03   2.1768255e-04   2.4109388e-02   1.6288869e-03
   2.4342827e-03   7.5324114e-04  -1.0843612e-02   1.3826777e-02
   5.5828026e-03   7.7571213e-04   3.6702362e-02  -5.7836772e-03
   2.5178591e-02   2.8355529e-03   2.3176158e-02  -6.1665033e-03
   1.6516413e-02   1.7232389e-03  -1.1930505e-02   6.8383243e-03
  -2.9455726e-02  -4.1791412e-03  -1.2710070e-02  -1.9141368e-04
  -9.4888624e-03  -5.1716099e-03  -8.5011685e-03  -7.9642847e-03
   7.9142067e-03   1.5434710e-03  -1.4793908e-02  -4.5075902e-03
  -9.0203326e-03   3.2325404e-03  -3.9042879e-02  -2.2106337e-03
  -8.1320002e-03  -1.2129705e-03  -4.5897804e-02  -5.4571491e-03
   3.7986413e-03  -1.7410387e-03  -4.2970688e-02  -3.2315032e-03
   3.4275658e-03   2.6262453e-04  -4.4177514e-02  -1.8878587e-03
   3.3488528e-03  -7.4482486e-04  -3.7536220e-02  -5.7423920e-03
   6.6997775e-03  -2.8982947e-03  -3.4193085e-02  -2.3532552e-03
  -3.0497736e-02  -3.2316144e-03  -1.7567360e-02  -3.4604483e-03
  -2.9838046e-02   1.2588384e-03  -1.6671610e-02  -8.5723026e-03
   1.2861881e-02   5.7343106e-03  -3.7416286e-02  -3.9371043e-03
   1.1876094e-02   2.3786428e-03  -5.4360583e-02   2.7360800e-03
   1.8195623e-02  -4.2390638e-03  -5.4600449e-02  -5.6298018e-04
   1.3506578e-02  -5.9019171e-03  -2.8721138e-02  -6.6769381e-03
  -3.8608923e-02  -1.7784904e-03  -2.2660769e-02  -4.2936580e-03
  -3.4879427e-02  -3.6656319e-04  -2.5430473e-02  -3.8094956e-03
   1.3146747e-02  -1.4526610e-03  -2.0539452e-02  -3.7494444e-03
   1.1876094e-02   6.4088619e-04  -1.2826255e-02   2.9274873e-04
   1.9533744e-02   1.8580648e-03   7.0564018e-03  -1.6288881e-03
  -3.1783382e-02  -5.0138913e-04   2.4810247e-02  -4.7027565e-03
  -5.5104919e-02  -3.9506861e-03   2.8884224e-02  -4.2411189e-04
   5.8253043e-02  -3.8083698e-03   2.6845361e-02   2.6685224e-03
   2.4646341e-02  -8.6467014e-04   3.9134755e-02  -2.4020467e-03
  -2.8143843e-02   1.3299966e-03   4.7702475e-02  -3.8470276e-03
   2.5182339e-02   1.7344744e-03   3.7185842e-02   3.7531907e-04
   1.6115351e-02  -1.1193414e-03   3.0263454e-02   3.3778141e-05
   2.5129957e-03  -3.2316144e-03   3.4153784e-02  -3.0100646e-03
  -8.7054806e-03  -1.6736258e-03   2.5900888e-02  -2.2218933e-03
  -1.7022821e-02  -4.8224165e-05   1.7193793e-03   3.0213230e-03
  -1.6374376e-02  -1.0706542e-03   7.0414101e-03   3.2465148e-03
  -8.2894262e-03  -2.7747043e-03   4.0435279e-02  -4.2636324e-03
   1.8356798e-02  -8.7590563e-04   4.1046188e-02  -5.5509790e-03
   2.1842659e-02   1.4123902e-03   1.7411874e-02   6.0051089e-04
   3.3038739e-03  -3.4034704e-04   1.9135912e-02   7.6940475e-04
   4.5896128e-04  -1.9357873e-03   2.7703632e-02  -3.2577756e-03
   3.1876785e-03  -1.2092253e-03   1.3783898e-02  -1.0546490e-03
  -1.4211642e-02  -7.5231519e-04   2.2066075e-03   1.3624099e-03
  -1.2243817e-02  -1.4039739e-03   1.0185204e-03  -1.6776797e-03
   3.9785568e-03  -1.2654028e-03  -5.9338508e-03  -2.7135621e-03
   2.2131367e-03   3.1131167e-04  -1.6116920e-02  -1.1822577e-03
   8.6377098e-04   3.8246981e-04  -1.9538761e-02  -2.5559278e-03
   6.0138500e-03  -5.2011496e-04  -1.6514198e-02  -5.0893358e-03
  -6.9549603e-04  -6.6243123e-04  -2.5527919e-02  -3.5129930e-03
  -6.7676416e-03  -8.1223783e-04  -3.1685734e-02  -1.8953651e-03
  -2.0223723e-03  -9.0586695e-04  -2.4752102e-02  -3.6631209e-03
  -1.5425978e-03  -1.3964836e-03  -2.5887718e-02  -3.4304227e-03
  -3.4167168e-03  -1.3740126e-03  -2.8192682e-02  -1.2122833e-03
  -5.3583041e-03  -1.2167156e-03  -1.8804170e-02  -1.9404035e-03
   5.3392604e-04  -1.0743994e-03  -3.3627853e-03  -5.9338051e-03
   1.7371104e-03   1.3528892e-04  -1.2425229e-02  -5.2056849e-03
  -2.0523582e-03   7.7945730e-04  -3.5028868e-02   1.9516561e-04
  -9.6536916e-04  -2.6169857e-04  -3.2986258e-02   1.3511446e-04
  -2.8582294e-03  -2.1530069e-03  -1.9992257e-02  -4.7477948e-03
  -4.5786706e-03  -2.1193004e-03  -1.9774879e-02  -5.0968422e-03
  -5.9505257e-03  -1.3927384e-03  -2.7132024e-02  -1.2235429e-03
   1.7409519e-04  -1.5874870e-03  -1.9804862e-02  -2.5559278e-03
   7.2919992e-03  -1.0519284e-03  -8.9134385e-03  -4.2598792e-03
   1.9395153e-03  -4.5644715e-04  -8.5498913e-03  -8.7824873e-04
  -2.2727639e-02  -1.1043607e-03  -1.5188140e-03  -4.0159271e-04
  -1.5129961e-02  -2.8159011e-03   1.0950479e-02  -2.3082168e-03
   2.0384594e-02  -2.3814620e-03   1.6433670e-02  -1.4675007e-03
   4.7431973e-03  -4.2648583e-04   1.8450045e-02  -4.3537148e-04
  -8.3231604e-03  -4.1525034e-04   2.4742784e-02  -1.7001989e-03
   6.1637795e-03  -2.9165989e-04   2.9791218e-02  -2.4133063e-03
  -4.4436408e-04   1.5401474e-04   2.7272623e-02  -1.4224623e-03
  -3.9377219e-03  -7.6729585e-04   2.4896449e-02  -9.2328709e-04
   8.8999933e-03  -1.6361741e-03   2.5578568e-02  -1.7940288e-03
   4.4433383e-03  -1.1904995e-03   2.0451429e-02  -2.2031273e-03
   1.7333622e-03   1.7648573e-04   6.9701999e-03   4.6539580e-04
  -1.4301507e-03  -8.1930650e-05   4.3541594e-03   2.1017897e-03
  -1.6336893e-02  -1.6511548e-03   2.1245985e-02  -1.8090416e-03
   5.7102427e-03  -1.8271775e-03   3.0372144e-02  -4.7665608e-03
   1.3933877e-02  -1.1193414e-03   2.4315523e-02  -2.4620979e-03
  -8.6041850e-04  -4.4521166e-04   2.1560810e-02  -9.1953390e-04
   4.9118680e-03   1.9895672e-04   2.2955032e-02  -2.1843613e-03
   3.9898015e-03   9.1802840e-04   1.6062627e-02  -1.3473984e-03
  -3.1317575e-04   7.3077015e-04   6.0069872e-03   1.0734137e-03
  -1.1715223e-03  -6.6992156e-04   6.3330553e-03  -3.1151598e-04
  -5.3432179e-04  -1.7035871e-03   6.2281139e-03  -2.9237411e-03
  -9.5037621e-04  -1.3515416e-03  -1.6612346e-03  -2.2331528e-03
  -1.0440822e-03  -3.8154385e-04  -8.9921446e-03  -1.8052884e-03
  -8.2293612e-04  -1.8262845e-05  -1.1323344e-02  -3.6631209e-03
  -1.8499533e-03   4.9150125e-05  -1.3688275e-02  -3.8732999e-03
  -2.4759091e-03  -3.5907286e-04  -2.0213384e-02  -2.5108894e-03
  -7.1162277e-03  -1.5163288e-03  -2.3500300e-02  -2.4057999e-03
  -5.2308640e-03  -1.8421582e-03  -2.2983089e-02  -2.5108894e-03
  -2.4909020e-03  -9.4331860e-04  -2.6112593e-02  -1.8390672e-03
  -9.3614223e-03  -2.9498340e-05  -2.6449905e-02  -1.4862666e-03
  -2.7008034e-03   2.9258585e-04  -1.8553060e-02  -2.5671874e-03
   4.9530986e-03  -6.2497958e-04  -7.5304601e-03  -4.4550455e-03
   3.2663915e-03  -1.0781445e-03  -2.9280278e-03  -5.3257872e-03
   2.0744519e-03  -2.4671791e-04  -1.3684527e-02  -2.8261580e-03
  -7.6222399e-03  -4.2648583e-04  -1.9988510e-02  -6.5305691e-04
  -6.9924426e-04  -1.0968704e-03  -1.5299875e-02  -2.2293996e-03
   3.8098860e-03  -1.2092253e-03  -1.6450483e-02  -2.4470851e-03
  -7.9633295e-03  -7.3733453e-04  -1.8815414e-02  -1.1109469e-03
  -3.6790935e-03  -6.2497958e-04  -1.3347215e-02  -2.0192206e-03
   4.0722627e-03  -1.5837418e-03  -4.1273587e-03  -4.3236836e-03
  -1.0440822e-03  -1.7447839e-03  -2.4857746e-03  -3.7982360e-03
  -4.6423906e-03  -1.1493027e-03  -1.9385798e-03  -1.7715096e-03
   1.2460913e-03  -1.2167156e-03   3.5521068e-03  -2.2143869e-03
   2.9590360e-03  -1.3365609e-03   7.5623695e-03  -2.0905314e-03
  -2.0186240e-03  -9.0212179e-04   8.3119513e-03  -3.5655435e-04
  -1.8799392e-03  -8.4968948e-04   9.4475677e-03  -6.0051784e-05
   6.2649819e-03  -1.3253254e-03   1.6729755e-02  -1.6026158e-03
  -3.2930250e-03  -1.0743994e-03   1.9368283e-02  -1.9028715e-03
  -3.2143120e-03  -7.4482486e-04   1.7441858e-02  -1.6101221e-03
   1.3049293e-02  -1.0406929e-03   1.6197552e-02  -2.2218933e-03
   3.1839303e-03  -1.1193414e-03   1.2569576e-02  -1.7790160e-03
  -1.5950731e-03  -1.0257122e-03   7.4911592e-03  -5.8925256e-04
  -3.6078770e-03  -1.3253254e-03   6.0969371e-03  -6.3200000e-10
  -3.6116252e-03  -1.9357873e-03   1.5770290e-02  -1.8090416e-03
   8.5551554e-03  -1.7148226e-03   1.7554295e-02  -2.5859534e-03
   2.1532581e-04  -4.8640847e-04   1.3915075e-02  -9.0452111e-04
  -2.3409725e-03  -1.6432428e-04   1.8776113e-02  -1.3849303e-03
   1.1647452e-02  -8.3470882e-04   2.1789432e-02  -2.8261580e-03
   1.5384538e-03  -6.0999892e-04   1.8041523e-02  -1.9629227e-03
  -6.3665801e-03  -4.3397616e-04   9.9460396e-03  -2.6647762e-04
   1.0924135e-03  -9.4706377e-04   9.3726095e-03  -1.3436452e-03
  -2.4234337e-03  -9.0586695e-04   8.0458497e-03  -2.3870339e-03
   1.7783411e-03  -4.5270199e-04  -3.0074361e-04  -1.3699175e-03
   1.2985666e-03  -5.2386012e-04  -5.1430420e-03  -1.3398920e-03
   1.8533990e-04  -9.3582827e-04  -6.9420384e-03  -2.7023025e-03
   2.1981437e-03  -9.8451542e-04  -8.5536392e-03  -3.3028140e-03
  -8.6192712e-03  -1.2129705e-03  -1.3980611e-02  -2.3532552e-03
  -1.8574498e-03  -1.2466770e-03  -1.8358169e-02  -2.3870339e-03
   1.5047197e-03  -9.8077025e-04  -2.0228376e-02  -2.4958766e-03
  -5.3245700e-03  -5.6131177e-04  -2.2274734e-02  -2.2481656e-03
  -3.0456413e-03  -1.5683395e-04  -2.2698248e-02  -1.9779355e-03
  -3.3042697e-03  -8.6092497e-04  -1.9478794e-02  -1.8841055e-03
  -1.1227952e-03  -1.5500353e-03  -1.2282809e-02  -3.0475966e-03
  -8.8665616e-04  -1.1605382e-03  -7.0469798e-03  -3.5767974e-03
   3.4912858e-03  -3.4034704e-04  -6.8146094e-03  -3.4604483e-03
   2.0894448e-03   1.4652441e-04  -1.4561537e-02  -1.9028715e-03
  -4.4025034e-03  -4.0733835e-05  -1.7346234e-02  -1.0584022e-03
   4.9530986e-03  -7.5231519e-04  -1.3493383e-02  -2.2068805e-03
  -8.0784994e-05  -1.2054801e-03  -1.6566669e-02  -1.9103779e-03
  -1.0497138e-02  -1.0556735e-03  -1.6604148e-02  -1.5575774e-03
  -2.4721608e-03  -1.2728931e-03  -1.0367627e-02  -2.8336644e-03
   4.1397310e-03  -1.2654028e-03  -6.4660539e-03  -3.9070787e-03
   1.5534468e-03  -5.0138913e-04  -6.2899022e-03  -2.6610173e-03
  -1.3102071e-03  -1.7930494e-04  -3.9512070e-03  -1.7152117e-03
   1.5759362e-03  -7.0362804e-04   2.0491953e-03  -2.3832807e-03
   1.6396562e-03  -1.4564062e-03   5.8795583e-03  -1.7602500e-03
  -9.9535507e-04  -1.3852481e-03   6.7040983e-03  -6.3804412e-04
   6.9510027e-04  -8.1972816e-04   1.0152175e-02  -7.9192520e-04
   3.6562083e-03  -5.6131177e-04   1.6737251e-02  -1.9028715e-03
   2.9290501e-03  -4.5644715e-04   1.7854128e-02  -2.2706848e-03
   1.6546492e-03  -7.8976684e-04   1.6954629e-02  -1.4036963e-03
   3.3338598e-03  -9.6578959e-04   1.9334552e-02  -1.7527436e-03
   3.4875376e-03  -8.5343464e-04   1.7824144e-02  -2.5446682e-03
   7.7381327e-04  -8.5717981e-04   1.1164110e-02  -1.3323856e-03
  -1.9661487e-03  -5.2760529e-04   5.2761450e-03  -1.6889450e-04
  -2.1198265e-03  -8.6467014e-04   6.3930219e-03  -4.9917583e-04
  -4.1437818e-04  -1.3440513e-03   1.3098031e-02  -1.9816886e-03
   2.0969413e-03  -1.0631639e-03   1.4597195e-02  -2.9199879e-03
   2.8240995e-03  -7.5606035e-04   9.5262738e-03  -1.7977820e-03
   1.2985666e-03  -4.0401484e-04   8.5743049e-03  -1.2122833e-03
   1.5909292e-03  -6.7741189e-04   1.3053056e-02  -2.4771107e-03
   2.1306754e-03  -9.6953476e-04   1.2378433e-02  -3.0851286e-03
   4.0273771e-04  -4.7517298e-04   4.4740925e-03  -1.3699175e-03
  -1.3326965e-03  -3.4783737e-04   4.4064023e-05  -5.2544821e-04
  -2.3821099e-04  -4.5644715e-04   3.3640092e-04  -2.0379866e-03
   2.0782933e-04   5.6640455e-05  -2.1859418e-03  -2.1956209e-03
  -9.5684720e-06   1.5026958e-04  -7.0469798e-03  -1.5012794e-03
   7.3633089e-04  -8.2721849e-04  -8.5723788e-03  -2.4358255e-03
  -7.8920198e-04  -1.1006155e-03  -8.3887312e-03  -3.2765416e-03
   1.8533990e-04  -6.8115705e-04  -1.1113461e-02  -2.9049751e-03
  -1.4264024e-03  -6.5119573e-04  -1.4947572e-02  -2.1918677e-03
  -1.8986804e-03  -7.4107969e-04  -1.3223534e-02  -2.4733575e-03
  -3.9563699e-04  -9.6578959e-04  -8.9883967e-03  -3.1114009e-03
  -1.0853128e-03  -6.5868606e-04  -1.0836116e-02  -2.2819444e-03
   4.8894718e-04   1.1698475e-05  -1.1102217e-02  -2.0379866e-03
  -8.2556921e-03  -2.1675659e-04  -1.1806824e-02  -2.0079610e-03
  -2.3259796e-03  -5.6880210e-04  -1.3096105e-02  -1.8052884e-03
   9.5746761e-03  -7.5231519e-04  -9.7642138e-03  -3.2390096e-03
   6.5012142e-04  -1.0406929e-03  -1.1964236e-02  -3.3403460e-03
  -4.6986142e-03  -6.6243123e-04  -1.6817779e-02  -1.9516631e-03
  -6.0179940e-03  -6.1374408e-04  -1.5296128e-02  -2.1881145e-03
  -1.7599956e-03  -1.1867543e-03  -1.1229646e-02  -3.2765416e-03
   3.5587541e-03  -9.5829926e-04  -1.1342084e-02  -2.7173153e-03
  -2.4646644e-03  -6.0250859e-04  -1.0888587e-02  -1.5313050e-03
  -5.0472003e-03  -9.0961212e-04  -6.5147767e-03  -1.9404035e-03
   2.7678759e-03  -1.1118510e-03  -9.6037559e-04  -2.3269828e-03
  -5.1183236e-04  -1.0107316e-03   2.7313148e-03  -1.7077053e-03
  -1.3964165e-03  -7.7104101e-04   4.8901104e-03  -1.5650838e-03
   5.6989980e-03  -8.1598299e-04   1.0628159e-02  -2.2143869e-03
   3.4276590e-04  -9.9575091e-04   1.2876904e-02  -2.0117142e-03
   2.6405290e-04  -7.0362804e-04   1.1827490e-02  -1.2272961e-03
   1.2011124e-03  -7.5606035e-04   1.3930067e-02  -1.3323856e-03
   9.0500160e-04  -9.3208311e-04   1.5927702e-02  -1.4900198e-03
   2.3405768e-03  -9.3582827e-04   1.5991417e-02  -1.5725902e-03
   3.6900357e-04  -1.0294574e-03   1.3435343e-02  -1.5050326e-03
   1.5272091e-03  -6.4745057e-04   1.1347758e-02  -1.5838498e-03
   8.6002274e-04  -7.2609903e-04   8.3981532e-03  -1.8503268e-03
   4.5146480e-04  -7.4482486e-04   5.3173720e-03  -1.4637475e-03
   4.0648595e-04  -8.1972816e-04   5.0062955e-03  -1.5988626e-03
  -1.1827670e-03  -1.6474096e-03   6.3442991e-03  -1.9666759e-03
  -6.4676893e-04  -1.3552868e-03   8.3794136e-03  -2.3607615e-03
   1.0062040e-03  -6.3246991e-04   5.8982979e-03  -2.4470851e-03
   7.1758970e-04  -4.4146649e-04   2.7050794e-03  -1.3173728e-03
  -1.7449094e-04  -4.9389880e-04   2.7800376e-03  -1.2498152e-03
   1.2911633e-04  -8.7216047e-04   3.9418894e-03  -2.3082168e-03
  -6.2802774e-04  -9.9200575e-04   3.8144605e-03  -2.1768549e-03
  -1.3739271e-03  -7.9351200e-04   7.4867091e-04  -1.5313050e-03
  -7.9669845e-04  -7.6355068e-04  -6.4180332e-04  -1.8127948e-03
  -2.6819689e-04  -5.0138913e-04  -1.2639562e-03  -2.1655953e-03
   1.1037514e-04  -2.9540506e-04  -2.8455738e-03  -1.9178843e-03
   9.8371460e-04  -5.3884078e-04  -4.4196956e-03  -1.8465736e-03
  -9.1289383e-04  -5.8378276e-04  -6.1774649e-03  -2.0830250e-03
  -4.2562289e-04  -8.9837662e-04  -7.1744087e-03  -2.2519188e-03
  -5.7180417e-04  -8.9088629e-04  -8.6435890e-03  -2.1580889e-03
  -1.9848899e-03  -7.8602167e-04  -8.2238232e-03  -2.0304802e-03
  -8.9790088e-04  -9.7327992e-04  -6.0950109e-03  -2.2444124e-03
  -2.8282434e-03  -8.3470882e-04  -4.7007888e-03  -2.7736132e-03
   2.0032353e-03  -6.9239255e-04  -6.0050611e-03  -2.4433319e-03
  -7.6109951e-03  -4.2274067e-04  -8.1151339e-03  -1.7189649e-03
  -9.8749309e-03  -8.6841530e-04  -6.0387923e-03  -2.3044636e-03
   1.1793633e-02  -1.0332026e-03  -6.8670802e-03  -2.2932040e-03
   2.1532581e-04  -9.5829926e-04  -8.1526130e-03  -1.7264713e-03
  -9.4138976e-03  -1.4339352e-03  -5.2929584e-03  -2.3607615e-03
   3.4050763e-03  -9.6578959e-04  -4.9818819e-03  -2.8787027e-03
   1.7033763e-03  -4.7142781e-04  -6.4098353e-03  -2.4620979e-03
  -8.0784994e-05  -6.0250859e-04  -8.7260430e-03  -1.7940288e-03
   7.8505798e-04  -8.0474750e-04  -7.6054182e-03  -2.0642590e-03
  -2.1685536e-03  -1.1043607e-03  -3.6776096e-03  -2.6835365e-03
  -4.0051902e-03  -1.3215803e-03  -3.3440457e-03  -2.3194764e-03
