   1.1412338e-04  -4.5644715e-04  -3.8389975e-05  -2.0229738e-03
  -4.7050852e-05  -9.3582827e-04   1.4080751e-05  -1.9779355e-03
  -1.8573566e-04  -6.9239255e-04   3.2820296e-05  -1.6776797e-03
  -1.2201561e-04  -5.4633111e-04  -3.4642066e-05  -1.8203012e-03
  -1.8573566e-04  -9.1710245e-04   3.6568205e-05  -1.9666759e-03
  -3.0567927e-04  -6.0250859e-04  -1.2459188e-04  -1.8765991e-03
  -3.3941342e-04  -8.6841530e-04  -1.2833979e-04  -1.9891950e-03
  -3.8814051e-04  -8.6841530e-04  -1.3208770e-04  -1.9967014e-03
  -2.3071451e-04  -5.6880210e-04  -1.4707934e-04  -2.2218933e-03
  -7.3288518e-05  -7.1111837e-04  -3.0894157e-05  -2.3269828e-03
  -1.7449094e-04  -5.7254727e-04  -2.8949988e-04  -2.2331528e-03
  -1.8948390e-04  -9.9949608e-04  -1.7331470e-04  -2.1543357e-03
  -2.1572156e-04  -8.8714113e-04  -1.9580215e-04  -2.0529994e-03
  -3.3941342e-04  -6.4745057e-04  -1.2833979e-04  -2.0267270e-03
  -3.0567927e-04  -1.0219671e-03  -8.7112792e-05  -1.9328971e-03
  -4.3311937e-04  -7.8227651e-04  -2.2953333e-04  -2.0642590e-03
  -3.0567927e-04  -7.4857002e-04  -2.4452497e-04  -2.0642590e-03
  -2.4195923e-04  -7.2609903e-04  -2.7076033e-04  -2.0379866e-03
  -4.5935703e-04  -7.7104101e-04  -9.8356519e-05  -2.1280633e-03
  -1.0327442e-04  -5.9127309e-04  -2.7076033e-04  -1.8278076e-03
  -2.9068632e-04  -6.7741189e-04  -8.7112792e-05  -1.9591695e-03
  -4.0688170e-04  -9.4706377e-04  -1.8830634e-04  -2.1843613e-03
  -6.5792042e-05  -5.2386012e-04  -2.9324779e-04  -2.0642590e-03
  -2.7944161e-04  -8.9837662e-04   7.4047295e-05  -1.8765991e-03
  -2.2321804e-04  -9.6204443e-04  -4.9633702e-05  -1.7414840e-03
  -1.2201561e-04  -7.3733453e-04  -2.7146248e-05  -2.0942846e-03
  -1.2576385e-04  -7.2235387e-04  -7.2121156e-05  -2.1806081e-03
  -5.4547328e-05  -4.3023100e-04  -8.3364883e-05  -1.9591695e-03
  -4.7050852e-05  -7.3358936e-04  -8.3364883e-05  -1.9741823e-03
  -9.2029708e-05  -8.7216047e-04  -4.5885793e-05  -1.9066247e-03
  -1.6324623e-04  -6.1748925e-04   1.7828660e-05  -1.7715096e-03
  -6.2043804e-05  -6.2497958e-04  -1.1334816e-04  -1.8765991e-03
  -9.9526184e-05  -7.4107969e-04  -1.3583561e-04  -1.9666759e-03
  -2.4945570e-04  -7.1486354e-04  -1.5457515e-04  -1.8690927e-03
   1.6285048e-04  -6.6992156e-04  -6.8373247e-05  -2.0154674e-03
   2.0408109e-04  -7.2235387e-04  -8.3364883e-05  -2.0830250e-03
  -2.2696628e-04  -6.6992156e-04  -1.2833979e-04  -1.9967014e-03
  -1.2576385e-04  -5.6505694e-04  -1.2154612e-05  -1.8803523e-03
  -3.4316165e-04  -5.2760529e-04  -8.7112792e-05  -1.8090416e-03
  -1.4825328e-04  -6.3621507e-04  -1.3208770e-04  -1.9141311e-03
   2.0782933e-04  -8.6841530e-04  -1.0960025e-04  -2.1430761e-03
  -1.1826737e-04  -7.5231519e-04  -1.8081052e-04  -2.2181401e-03
  -8.8281470e-05  -6.5119573e-04   1.2651802e-04  -1.9891950e-03
  -1.8198742e-04  -5.9127309e-04   2.8370240e-06  -2.1468293e-03
  -1.8573566e-04  -6.6992156e-04  -1.8830634e-04  -2.0642590e-03
  -8.4533232e-05  -9.5455410e-04   1.2651802e-04  -1.9404035e-03
  -3.0193104e-04  -6.9988288e-04  -3.4642066e-05  -2.1393229e-03
  -2.8693808e-04  -9.0961212e-04  -1.1709606e-04  -2.0980378e-03
  -1.1077090e-04  -1.0069864e-03   8.1543113e-05  -2.1130505e-03
  -8.0784994e-05  -6.9988288e-04   1.1527429e-04  -2.0192206e-03
  -2.6444866e-04  -8.1223783e-04  -3.0894157e-05  -1.9967014e-03
  -1.1826737e-04  -5.6880210e-04  -8.3364883e-05  -2.1618421e-03
  -8.4533232e-05  -4.4895682e-04   9.2786840e-05  -2.0942846e-03
  -1.6699447e-04  -6.2872474e-04  -9.1088500e-07  -1.9028715e-03
  -5.8295566e-05  -6.7741189e-04   1.0777848e-04  -1.8465736e-03
  -3.1317575e-04  -7.1111837e-04   2.0522411e-04  -1.8841055e-03
  -2.5320394e-04  -7.5231519e-04  -2.2203752e-04  -2.1017910e-03
  -1.4450504e-04  -5.9127309e-04  -2.6326452e-04  -1.9253907e-03
  -1.1826737e-04  -7.4857002e-04  -5.7129520e-05  -1.6776797e-03
  -2.0072861e-04  -8.7216047e-04  -1.2084397e-04  -2.0980378e-03
  -4.2937113e-04  -5.2011496e-04  -2.3328124e-04  -2.1918677e-03
  -7.3288518e-05  -6.3996024e-04  -1.6956679e-04  -1.9854418e-03
   9.1633954e-05  -6.1748925e-04   1.6399711e-04  -1.9216375e-03
   7.6641002e-05  -5.0138913e-04   3.1391347e-04  -1.9891950e-03
   1.2161986e-04  -6.9613771e-04   1.3401384e-04  -1.8578331e-03
   1.5160576e-04  -6.3246991e-04   1.2277011e-04  -1.6514073e-03
  -3.2057900e-05  -4.9389880e-04  -4.5885793e-05  -1.7489904e-03
  -1.5200152e-04  -5.8378276e-04  -1.2833979e-04  -1.6851861e-03
   1.7784343e-04  -7.9351200e-04   1.0028266e-04  -1.6776797e-03
   7.2892764e-05  -7.3733453e-04  -6.4625338e-05  -1.8315608e-03
   1.6285048e-04  -5.5756661e-04  -3.8389975e-05  -1.9854418e-03
   2.1532581e-04  -5.6131177e-04  -4.2137884e-05  -1.8090416e-03
  -1.8948390e-04  -5.8378276e-04  -7.2121156e-05  -1.7114585e-03
   3.1662146e-05  -5.4633111e-04   6.2803568e-05  -1.7377308e-03
  -2.8309662e-05  -5.8752793e-04  -1.6207097e-04  -1.7227181e-03
  -3.8814051e-04  -7.2984420e-04  -1.6207097e-04  -1.9666759e-03
  -3.2057900e-05  -8.7590563e-04  -4.5885793e-05  -1.8315608e-03
   1.4785752e-04  -7.7104101e-04  -1.5902521e-05  -1.7489904e-03
  -1.1451914e-04  -6.2123441e-04   2.1576569e-05  -1.8465736e-03
  -2.6444866e-04  -5.2760529e-04  -1.2833979e-04  -1.9178843e-03
  -8.8281470e-05  -4.7142781e-04  -8.3364883e-05  -2.0567526e-03
  -9.5777946e-05  -5.8378276e-04   9.6534749e-05  -1.7489904e-03
  -1.8573566e-04  -5.9876342e-04  -1.6207097e-04  -1.7001989e-03
  -2.0719960e-06  -6.6992156e-04  -2.0704588e-04  -2.1092973e-03
  -5.8295566e-05  -6.8490222e-04  -4.9633702e-05  -2.0680122e-03
  -1.1077090e-04  -6.1748925e-04   4.4064023e-05  -2.2556720e-03
  -1.8198742e-04  -7.4482486e-04  -1.7331470e-04  -2.1092973e-03
  -1.1077090e-04  -8.0849266e-04  -4.2442460e-04  -1.9103779e-03
  -5.8202340e-06  -8.0100233e-04   7.0299386e-05  -2.3119700e-03
  -3.6939932e-04  -9.2459278e-04   7.4047295e-05  -2.0117142e-03
  -1.2201561e-04  -7.6355068e-04  -1.5902521e-05  -1.9816886e-03
   1.8908814e-04  -5.8378276e-04  -2.0329797e-04  -2.0942846e-03
  -2.7944161e-04  -8.9463146e-04  -5.2187024e-04  -2.2143869e-03
  -3.0942751e-04  -8.6841530e-04  -6.4625338e-05  -2.2706848e-03
  -2.0822509e-04  -7.2984420e-04  -8.3364883e-05  -2.0567526e-03
  -1.2201561e-04  -7.5606035e-04  -4.9188696e-04  -2.4133063e-03
  -6.2043804e-05  -7.1111837e-04  -2.2953333e-04  -2.1168037e-03
  -2.9443456e-04  -8.0474750e-04  -1.3208770e-04  -1.9591695e-03
  -2.8693808e-04  -6.4370540e-04  -3.1198733e-04  -2.2406592e-03
  -1.8948390e-04  -6.9988288e-04  -1.0585234e-04  -2.0792718e-03
  -1.1077090e-04  -1.0481832e-03  -6.0877429e-05  -2.0529994e-03
  -2.9818280e-04  -8.2721849e-04   7.4047295e-05  -1.9929482e-03
  -3.5815461e-04  -7.5606035e-04   2.9072387e-05  -2.0867782e-03
  -1.2201561e-04  -8.7216047e-04  -1.8081052e-04  -2.0980378e-03
  -1.1451914e-04  -5.7254727e-04   6.6551477e-05  -1.9291439e-03
  -3.0942751e-04  -7.4482486e-04  -1.0585234e-04  -1.8315608e-03
  -1.5574975e-04  -8.4968948e-04  -1.5902521e-05  -2.0117142e-03
  -7.7036756e-05  -6.7741189e-04   9.2786840e-05  -2.0342334e-03
   5.4244800e-06  -8.0100233e-04  -4.6565160e-04  -1.7377308e-03
   8.0389240e-05  -5.1262463e-04  -4.2137884e-05  -1.7715096e-03
  -3.8814051e-04  -6.6243123e-04   1.4150966e-04  -1.7790160e-03
  -1.9323213e-04  -8.1223783e-04  -1.7331470e-04  -1.8315608e-03
   2.4165670e-05  -5.8378276e-04  -2.0329797e-04  -1.8653395e-03
  -2.1197332e-04  -7.7104101e-04  -2.9324779e-04  -1.9103779e-03
  -1.9323213e-04  -6.2123441e-04  -4.2137884e-05  -1.9554163e-03
   5.4244800e-06  -8.6467014e-04  -2.7825615e-04  -2.0004546e-03
   1.9658462e-04  -8.9463146e-04  -3.5696224e-04  -2.0342334e-03
  -2.8309662e-05  -6.8115705e-04   8.1543113e-05  -1.7564968e-03
  -2.6070042e-04  -9.1710245e-04   2.9072387e-05  -1.7940288e-03
  -2.0072861e-04  -5.2386012e-04   8.1543113e-05  -1.8203012e-03
  -2.5320394e-04  -6.4745057e-04   2.5324478e-05  -1.8615863e-03
  -9.5777946e-05  -8.2721849e-04  -3.3072688e-04  -2.0379866e-03
  -5.8202340e-06  -6.7741189e-04  -1.5902521e-05  -2.0942846e-03
  -2.5695218e-04  -1.0107316e-03  -1.5902521e-05  -2.1918677e-03
  -4.3302614e-05  -7.4857002e-04  -2.6326452e-04  -2.0079610e-03
   5.0403336e-05  -5.0138913e-04  -5.3381611e-05  -2.0004546e-03
  -7.7036756e-05  -6.4745057e-04  -1.2459188e-04  -1.8953651e-03
  -5.4547328e-05  -6.3621507e-04   1.2277011e-04  -1.6326413e-03
  -6.5792042e-05  -8.0474750e-04   1.3026593e-04  -1.9929482e-03
  -1.4825328e-04  -7.9725717e-04  -1.4707934e-04  -2.0755186e-03
  -6.2043804e-05  -5.4258595e-04   2.4270320e-04  -1.7302244e-03
   8.7885716e-05  -7.1486354e-04  -4.6587940e-06  -1.8653395e-03
  -8.0784994e-05  -7.7853134e-04  -2.8575197e-04  -2.1768549e-03
  -5.8202340e-06  -5.8752793e-04   5.5307750e-05  -2.0304802e-03
  -5.4547328e-05  -7.2609903e-04  -2.3702915e-04  -1.9779355e-03
  -9.9526184e-05  -5.6131177e-04  -1.0960025e-04  -1.9891950e-03
  -9.5777946e-05  -6.1748925e-04   5.1559841e-05  -1.7940288e-03
  -2.5695218e-04  -8.4968948e-04  -2.7076033e-04  -1.9291439e-03
  -2.2696628e-04  -4.5644715e-04   1.4080751e-05  -1.8428204e-03
  -3.4690989e-04  -5.8752793e-04  -1.2833979e-04  -1.8841055e-03
  -1.6324623e-04  -7.5231519e-04  -2.2953333e-04  -1.9891950e-03
  -2.0719960e-06  -7.2609903e-04   1.5650129e-04  -1.8240544e-03
  -1.2201561e-04  -7.8227651e-04   2.1576569e-05  -1.9591695e-03
   2.0417432e-05  -4.9764397e-04  -1.6581888e-04  -1.7414840e-03
  -7.3288518e-05  -6.2497958e-04  -1.0210443e-04  -1.7489904e-03
  -1.3316710e-05  -5.3135045e-04   1.8273666e-04  -1.7489904e-03
   1.7409519e-04  -5.6505694e-04   1.4900547e-04  -1.5050326e-03
  -1.0702266e-04  -7.9351200e-04  -5.3381611e-05  -1.7564968e-03
   2.7913908e-05  -3.9652451e-04   1.2277011e-04  -1.7114585e-03
   1.7409519e-04  -5.7629243e-04   2.5324478e-05  -1.7414840e-03
  -2.4561424e-05  -6.3996024e-04   1.4080751e-05  -1.6776797e-03
   1.0287867e-04  -2.6544374e-04  -1.5902521e-05  -1.4975262e-03
   9.9130430e-05  -5.9127309e-04  -2.1454170e-04  -1.6401477e-03
  -1.4825328e-04  -6.8115705e-04   5.1559841e-05  -1.6476541e-03
  -2.0813186e-05  -5.3509562e-04   4.7811932e-05  -1.7339776e-03
   2.7913908e-05  -7.9351200e-04  -2.5576870e-04  -1.4637475e-03
  -2.3821099e-04  -6.5494090e-04  -2.4452497e-04  -1.4712539e-03
  -8.4533232e-05  -5.8003760e-04  -8.3364883e-05  -1.7640032e-03
  -2.1946980e-04  -6.9613771e-04   1.0028266e-04  -1.5763434e-03
  -1.4075680e-04  -5.5007628e-04  -1.3583561e-04  -1.7527436e-03
   6.1648050e-05  -5.9501826e-04  -2.6326452e-04  -1.7077053e-03
  -4.7050852e-05  -6.4745057e-04  -1.5082725e-04  -1.7452372e-03
  -3.5806138e-05  -7.7104101e-04  -6.0877429e-05  -2.0529994e-03
  -2.1572156e-04  -6.6617639e-04   2.9072387e-05  -1.8015352e-03
   6.3512846e-04  -5.9127309e-04  -2.6326452e-04  -1.9854418e-03
   1.6434045e-03  -6.4745057e-04  -6.4625338e-05  -2.0792718e-03
   1.2423430e-03  -2.8042440e-04   5.1559841e-05  -1.8878587e-03
  -1.2201561e-04  -3.5158253e-04   7.2243555e-04  -2.2444124e-03
  -4.5186056e-04  -7.8227651e-04   1.3370926e-03  -2.2894508e-03
   2.2657052e-04  -9.7327992e-04   3.9261956e-04  -2.2519188e-03
   1.0999100e-03  -7.4107969e-04  -4.6190369e-04  -2.3044636e-03
   1.9620047e-03  -4.1150517e-04  -9.6037559e-04  -2.1806081e-03
   1.3660349e-03  -4.9764397e-04  -5.4060978e-04  -2.2781912e-03
   2.5655643e-04  -5.7254727e-04  -5.5560142e-04  -2.2556720e-03
  -2.2696628e-04  -9.0586695e-04  -1.2227292e-03  -2.4620979e-03
   3.3901766e-04  -9.3957344e-04  -1.8148988e-03  -2.5221490e-03
   1.1411406e-03  -4.7517298e-04  -2.6581784e-03  -2.2444124e-03
   1.8308164e-03  -4.4146649e-04  -2.9242799e-03  -2.2519188e-03
   1.8720470e-03  -3.5158253e-04  -2.9355236e-03  -2.1731017e-03
   9.4623222e-04  -6.5868606e-04  -2.4482955e-03  -2.2143869e-03
   8.4137478e-05  -1.1792640e-03  -2.1971856e-03  -2.4433319e-03
  -2.5320394e-04  -9.7327992e-04  -2.7668677e-03  -2.4771107e-03
   2.1907405e-04  -7.1486354e-04  -3.4527351e-03  -2.4733575e-03
   7.2892764e-05  -6.5494090e-04  -3.4377434e-03  -2.5709406e-03
  -1.2202493e-03  -6.9613771e-04  -3.4939621e-03  -2.6272385e-03
  -3.1880743e-03  -1.0107316e-03  -4.1910731e-03  -2.6872897e-03
  -4.0726585e-03  -1.2691480e-03  -4.8319656e-03  -2.4620979e-03
  -4.0689102e-03  -1.1230865e-03  -6.1624733e-03  -2.1393229e-03
  -3.7203241e-03  -1.1193414e-03  -7.2456190e-03  -1.7827692e-03
  -3.3080179e-03  -9.8826058e-04  -7.3805437e-03  -1.4036963e-03
  -3.0531377e-03  -6.6617639e-04  -7.7703262e-03  -1.0133638e-03
  -1.4376472e-03  -7.9725717e-04  -7.1631650e-03  -4.3537148e-04
  -8.8290793e-04  -8.0100233e-04  -4.8694447e-03  -3.0025639e-04
  -2.1460641e-03  -7.3358936e-04  -1.2901916e-03  -4.2035870e-04
  -3.2967732e-03  -1.0369477e-03   2.9224581e-03  -1.0096106e-03
  -1.7150168e-03  -1.2504221e-03   6.4979633e-03  -1.2272961e-03
   9.1999455e-04  -1.3178351e-03   9.7698879e-03  -1.2085301e-03
   1.6359080e-03  -8.3470882e-04   1.2325962e-02  -2.0154674e-03
   2.4230380e-03  -1.4185329e-04   1.4151193e-02  -2.3757743e-03
   1.3285525e-03  -3.3243505e-05   1.2535845e-02  -2.1768549e-03
   7.2892764e-05  -1.0440164e-04   9.9048126e-03  -1.7039521e-03
   1.4036105e-04  -6.9239255e-04   9.6312152e-03  -1.6401477e-03
  -2.5921045e-03  -9.5455410e-04   8.2819680e-03  -1.3811771e-03
  -1.8462051e-03  -7.9351200e-04   1.0575688e-02  -1.2986068e-03
   4.4845689e-03  -9.4331860e-04   1.3892588e-02  -2.5334086e-03
   6.4898762e-03  -5.0513430e-04   1.0335822e-02  -2.1468293e-03
   2.4455274e-03   3.0424300e-05   5.3848343e-03  -3.1151598e-04
  -4.6685351e-04  -9.6911310e-05   5.5160112e-03  -5.1418862e-04
   1.2123571e-03  -6.9988288e-04   1.0272108e-02  -2.3870339e-03
   1.1261476e-03  -1.2017350e-03   8.9416000e-03  -2.5746938e-03
  -1.5463461e-03  -9.4331860e-04   8.0863746e-04  -1.1672449e-03
  -2.2321804e-04  -2.3173725e-04   1.9772829e-04  -1.3398920e-03
   2.0444660e-03  -1.7555978e-04   2.4502216e-03  -2.7023025e-03
  -1.7823918e-04  -4.4146649e-04  -1.8111509e-03  -2.4133063e-03
  -3.4766886e-03  -5.6505694e-04  -6.4360706e-03  -1.2348024e-03
  -3.1355990e-03  -1.1305768e-03  -6.9083072e-03  -1.8503268e-03
  -1.9961346e-03  -1.0893800e-03  -6.0687756e-03  -2.6572641e-03
  -2.7720199e-03  -5.6880210e-04  -9.2807336e-03  -1.6926925e-03
  -2.5246362e-03  -8.6092497e-04  -1.3231030e-02  -9.2328709e-04
  -7.6671255e-04  -9.0586695e-04  -1.0907326e-02  -1.5613306e-03
  -9.5037621e-04  -7.5231519e-04  -7.1481733e-03  -2.2218933e-03
  -2.8469846e-03  -1.1118510e-03  -7.2306273e-03  -2.0680122e-03
  -2.4234337e-03  -1.1155962e-03  -7.6091662e-03  -1.7940288e-03
  -5.3807003e-04  -1.0069864e-03  -5.8776322e-03  -1.8953651e-03
  -8.4167731e-04  -8.7216047e-04  -3.8874925e-03  -2.0642590e-03
  -6.5801365e-04  -6.2872474e-04  -2.1896897e-03  -2.3082168e-03
  -4.9309117e-04  -4.5644715e-04  -3.5501807e-03  -2.0492462e-03
  -2.0298688e-03  -5.1262463e-04  -5.4091436e-03  -1.2235429e-03
  -1.7225132e-03  -9.7702509e-04  -2.2346646e-03  -1.5350582e-03
  -8.9790088e-04  -9.0961212e-04  -2.0704588e-04  -2.0755186e-03
   1.0662691e-04  -6.3246991e-04  -5.0313069e-04  -1.5650838e-03
   1.2273501e-03  -5.5382144e-04  -9.9410677e-04  -1.1184533e-03
   1.9207741e-03  -3.2536638e-04  -1.3208770e-04  -1.1747513e-03
   1.4934750e-03  -3.7030836e-04   3.5333673e-03  -1.5200454e-03
  -2.3446275e-04  -5.5382144e-04   4.1330327e-03  -1.6964457e-03
   5.0019190e-04  -8.1598299e-04   3.5820901e-03  -1.5838498e-03
   1.4260067e-03  -7.2235387e-04   4.4553529e-03  -1.6288881e-03
   7.4382737e-04  -3.4034704e-04   3.5970818e-03  -1.6101221e-03
   3.9898947e-04  -3.7030836e-04   4.2117388e-03  -1.5237986e-03
   1.4372514e-03  -3.6656319e-04   7.1500995e-03  -2.1393229e-03
   2.4267862e-03  -5.0138913e-04   7.3374949e-03  -2.4020467e-03
   9.7996636e-04  -6.2123441e-04   4.8751187e-03  -1.7152117e-03
   2.9778704e-04  -5.6880210e-04   3.8744270e-03  -1.5463178e-03
   1.4110137e-03  -6.1374408e-04   4.6689837e-03  -1.8315608e-03
   1.6958798e-03  -4.6019232e-04   4.6352525e-03  -2.0755186e-03
   7.5132384e-04  -6.3246991e-04   3.1360889e-03  -1.8353140e-03
   4.7770247e-04  -8.0474750e-04   2.7238190e-03  -1.5388114e-03
   1.1298959e-03  -6.9613771e-04   3.5071319e-03  -1.9516631e-03
   1.0811688e-03  -5.0887946e-04   2.3865071e-03  -1.8615863e-03
   5.3392604e-04  -5.0138913e-04   5.5377965e-04  -1.5125390e-03
  -2.0447685e-04  -6.3246991e-04   1.5650129e-04  -1.9216375e-03
  -3.6190284e-04  -5.3135045e-04  -2.9699570e-04  -2.2781912e-03
  -5.2307708e-04  -8.8714113e-04  -1.6312513e-03  -2.2669316e-03
  -7.5546783e-04  -9.3957344e-04  -3.3477936e-03  -2.1731017e-03
  -5.5681122e-04  -6.5868606e-04  -4.6370743e-03  -1.9291439e-03
  -1.0328374e-03  -6.5494090e-04  -4.8357135e-03  -2.0042078e-03
  -1.4751295e-03  -7.9725717e-04  -5.7502033e-03  -2.2369060e-03
  -1.7899815e-03  -7.9351200e-04  -6.7321554e-03  -1.9366503e-03
  -1.1977599e-03  -7.5231519e-04  -5.2479835e-03  -1.9554163e-03
   8.7885716e-05  -1.1867543e-03  -3.7450720e-03  -2.3757743e-03
  -5.9804184e-04  -9.3582827e-04  -4.3672249e-03  -2.2556720e-03
  -1.2802212e-03  -8.3096365e-04  -5.1280504e-03  -2.0267270e-03
  -4.7434998e-04  -9.2084761e-04  -4.1685857e-03  -2.0605058e-03
   5.4244800e-06  -7.8602167e-04  -2.0397734e-03  -2.6347449e-03
  -3.1692399e-04  -1.0743994e-03  -1.9160924e-03  -2.7586004e-03
  -1.8949322e-03  -7.6729585e-04  -5.1767732e-03  -1.7001989e-03
  -1.7187650e-03  -9.2084761e-04  -5.1018150e-03  -1.6551605e-03
   7.4757560e-04  -1.1680285e-03  -1.6349992e-03  -2.5183958e-03
   5.3017780e-04  -8.6092497e-04  -1.2789479e-03  -2.3720211e-03
  -9.2413854e-04  -8.6092497e-04  -2.1034878e-03  -1.5988626e-03
  -2.0447685e-04  -4.9389880e-04  -2.1409669e-03  -1.4675007e-03
   1.2573360e-03  -5.9501826e-04  -4.1318088e-04  -2.0117142e-03
   9.3873574e-04  -1.0257122e-03   9.4731009e-04  -2.1393229e-03
  -4.4436408e-04  -6.3996024e-04  -2.4452497e-04  -1.7865224e-03
   4.6655098e-05  -4.0401484e-04   5.0880474e-04  -1.8465736e-03
   1.2460913e-03  -7.5606035e-04   2.3752634e-03  -2.0267270e-03
   1.0024558e-03  -6.5119573e-04   2.1991117e-03  -2.1017910e-03
   3.6150709e-04  -5.1262463e-04   2.1728763e-03  -1.9891950e-03
   5.9389785e-04  -7.4482486e-04   2.8062730e-03  -1.7189649e-03
   1.2573360e-03  -6.3996024e-04   3.1023578e-03  -2.0529994e-03
   7.9255446e-04  -4.8640847e-04   2.0941702e-03  -2.0154674e-03
  -5.4547328e-05  -2.8791473e-04   8.0488955e-04  -1.4562411e-03
   6.4637318e-04  -5.5756661e-04   1.7531105e-03  -1.7227181e-03
   1.1336441e-03  -7.4857002e-04   2.6825920e-03  -2.1731017e-03
   5.0019190e-04  -4.5270199e-04   1.8393124e-03  -2.0267270e-03
   4.1398242e-04  -6.2497958e-04   9.0233518e-04  -1.7527436e-03
   6.8385556e-04  -5.9501826e-04   1.5319839e-03  -1.5988626e-03
   8.5627451e-04  -7.1486354e-04   2.5776505e-03  -1.9516631e-03
   4.4396833e-04  -6.9239255e-04   1.4832611e-03  -2.3119700e-03
  -1.9698037e-04  -5.6131177e-04   1.4150966e-04  -1.8991183e-03
   2.7154938e-04  -7.3358936e-04   4.0316114e-05  -2.0079610e-03
   6.0514256e-04  -6.1374408e-04  -1.1334816e-04  -2.1993741e-03
  -2.0813186e-05  -7.6729585e-04  -1.0016026e-03  -1.9103779e-03
  -2.4570747e-04  -7.6729585e-04  -2.0810004e-03  -2.0192206e-03
  -1.0702266e-04  -7.8976684e-04  -2.1147316e-03  -2.0117142e-03
  -1.3316710e-05  -9.5080893e-04  -2.1222274e-03  -1.9967014e-03
  -4.6685351e-04  -8.0474750e-04  -2.9767506e-03  -1.9178843e-03
  -8.7915969e-04  -7.7104101e-04  -3.5839119e-03  -1.8315608e-03
  -3.3566518e-04  -8.0849266e-04  -3.2241126e-03  -1.9328971e-03
  -6.2802774e-04  -7.1111837e-04  -3.0104818e-03  -1.8428204e-03
  -8.2293612e-04  -6.7741189e-04  -2.8005989e-03  -1.8503268e-03
  -3.2816870e-04  -8.1972816e-04  -2.3283624e-03  -2.0267270e-03
  -4.5186056e-04  -5.7254727e-04  -2.5794723e-03  -2.1693485e-03
  -3.8439227e-04  -4.7142781e-04  -2.7518761e-03  -2.0079610e-03
  -3.5815461e-04  -5.5756661e-04  -2.4145643e-03  -1.8203012e-03
  -4.9309117e-04  -5.6880210e-04  -1.7399407e-03  -2.1505825e-03
  -2.3821099e-04  -8.7216047e-04  -1.5000745e-03  -2.1956209e-03
  -1.5200152e-04  -8.4968948e-04  -1.6874699e-03  -1.7752628e-03
  -1.8198742e-04  -7.3358936e-04  -1.4476038e-03  -1.7602500e-03
   2.4156347e-04  -5.8378276e-04  -9.7161932e-04  -1.6589137e-03
   2.7154938e-04  -5.3884078e-04  -6.1931587e-04  -1.6063689e-03
   4.7770247e-04  -8.4968948e-04  -2.7076033e-04  -1.4975262e-03
   5.1143661e-04  -6.6243123e-04   5.9055659e-05  -1.4412283e-03
  -2.7569337e-04  -5.1262463e-04   7.1493973e-04  -1.8315608e-03
   1.6285048e-04  -5.6880210e-04   1.3670759e-03  -1.6476541e-03
   6.2763199e-04  -5.6505694e-04   1.2733782e-03  -1.6851861e-03
   6.3138023e-04  -5.8003760e-04   1.6219337e-03  -1.7752628e-03
   4.6645775e-04  -5.6131177e-04   2.3190448e-03  -1.8465736e-03
  -4.7050852e-05  -7.9351200e-04   2.3977509e-03  -2.0154674e-03
   3.9149299e-04  -6.1374408e-04   2.2665741e-03  -1.6514073e-03
   6.2013551e-04  -7.2235387e-04   2.1353972e-03  -1.7377308e-03
   4.9269542e-04  -7.8976684e-04   1.9967246e-03  -1.9666759e-03
   5.0394013e-04  -3.8903418e-04   1.8318166e-03  -1.8991183e-03
   2.3406700e-04  -5.8003760e-04   1.0485036e-03  -1.6288881e-03
   1.6659871e-04  -5.1636979e-04   4.7507356e-04  -1.6363945e-03
   1.4785752e-04  -6.1374408e-04   7.7865419e-04  -1.8653395e-03
  -9.9526184e-05  -6.5868606e-04   9.7354545e-04  -1.9103779e-03
  -3.1692399e-04  -5.1636979e-04   4.8631728e-04  -1.9291439e-03
  -1.2951209e-04  -5.8752793e-04  -1.1334816e-04  -1.8428204e-03
   2.3406700e-04  -5.2011496e-04  -1.3208770e-04  -2.0079610e-03
  -2.8318985e-04  -7.0737321e-04   7.4047295e-05  -1.9629227e-03
  -7.7420902e-04  -6.2497958e-04  -2.0329797e-04  -1.8090416e-03
  -3.0942751e-04  -8.0849266e-04  -4.6939951e-04  -1.9704291e-03
  -3.1692399e-04  -8.4594431e-04  -5.3686187e-04  -2.0755186e-03
  -5.0058765e-04  -7.3358936e-04  -8.2545087e-04  -1.9141311e-03
  -5.1932884e-04  -1.0069864e-03  -7.0926569e-04  -1.8653395e-03
  -6.2053127e-04  -7.1860870e-04  -6.5679496e-04  -1.8503268e-03
  -4.1062994e-04  -7.8976684e-04  -9.5287977e-04  -1.8953651e-03
  -5.0808413e-04  -8.6092497e-04  -1.1252836e-03  -2.1806081e-03
  -8.3418083e-04  -9.9200575e-04  -1.1777543e-03  -1.8991183e-03
  -3.7314756e-04  -9.9200575e-04  -1.0915524e-03  -1.8315608e-03
  -7.7036756e-05  -6.1748925e-04  -8.6292996e-04  -1.9816886e-03
  -6.7300660e-04  -9.0586695e-04  -8.9291323e-04  -1.8765991e-03
  -6.2802774e-04  -8.8714113e-04  -9.6037559e-04  -2.1655953e-03
  -5.7555241e-04  -8.2347332e-04  -6.6429078e-04  -2.1205569e-03
  -6.5801365e-04  -7.4857002e-04  -3.7195388e-04  -2.0717654e-03
  -4.7060175e-04  -7.5606035e-04  -2.6326452e-04  -2.2669316e-03
  -4.4436408e-04  -8.3470882e-04  -2.7076033e-04  -2.0417398e-03
  -1.5949799e-04  -7.0362804e-04   2.9072387e-05  -1.9178843e-03
  -1.1451914e-04  -9.0212179e-04   2.6519065e-04  -1.9666759e-03
  -1.4075680e-04  -5.8378276e-04   1.4900547e-04  -1.8540799e-03
  -3.2067223e-04  -4.6768265e-04   4.1135910e-04  -1.7114585e-03
  -2.6444866e-04  -8.6467014e-04   8.3862073e-04  -1.8052884e-03
   2.7913908e-05  -8.6092497e-04   7.3742719e-04  -1.7977820e-03
  -4.7050852e-05  -7.7104101e-04   7.1868764e-04  -1.6739265e-03
  -6.2043804e-05  -6.8490222e-04   9.9603291e-04  -1.6926925e-03
  -2.0447685e-04  -6.9613771e-04   1.0110245e-03  -1.7377308e-03
  -2.2321804e-04  -6.6617639e-04   6.3248574e-04  -1.9178843e-03
  -3.2067223e-04  -8.3096365e-04   5.2379637e-04  -1.8578331e-03
  -4.5560879e-04  -9.3582827e-04   8.1613328e-04  -1.9328971e-03
  -2.6070042e-04  -5.9127309e-04   6.9994810e-04  -2.0755186e-03
  -1.0327442e-04  -7.2235387e-04   4.7882147e-04  -1.7114585e-03
  -2.6444866e-04  -8.1223783e-04   4.3759447e-04  -1.7302244e-03
  -2.6819689e-04  -6.3621507e-04   5.5003174e-04  -1.9253907e-03
  -9.2029708e-05  -6.7741189e-04   6.3998155e-04  -1.7977820e-03
  -2.9818280e-04  -7.6729585e-04   5.6502337e-04  -1.7339776e-03
  -2.9818280e-04  -7.5980552e-04   5.5377965e-04  -1.6814329e-03
  -1.0327442e-04  -6.5119573e-04   3.7013211e-04  -1.7677564e-03
  -5.8295566e-05  -8.4219915e-04   5.4628383e-04  -1.9591695e-03
  -2.3821099e-04  -7.6355068e-04   6.9620019e-04  -1.9253907e-03
  -3.6190284e-04  -6.7366672e-04   4.3759447e-04  -1.6964457e-03
  -2.6070042e-04  -6.8115705e-04   6.3623364e-04  -1.7189649e-03
  -2.4945570e-04  -7.1486354e-04   6.5872110e-04  -1.8428204e-03
  -2.6444866e-04  -9.2833794e-04   6.6621692e-04  -1.7865224e-03
  -4.2562289e-04  -7.4857002e-04   7.2993137e-04  -2.0980378e-03
  -4.5560879e-04  -7.5606035e-04   6.0999828e-04  -2.0192206e-03
  -2.4195923e-04  -6.8115705e-04   4.6382983e-04  -1.7264713e-03
  -5.4547328e-05  -6.0999892e-04   1.2277011e-04  -1.8052884e-03
  -3.1692399e-04  -8.1972816e-04   1.2651802e-04  -1.7527436e-03
  -6.3177598e-04  -8.4219915e-04   2.9072387e-05  -1.6739265e-03
  -3.7314756e-04  -8.3470882e-04  -1.8455843e-04  -1.6814329e-03
  -2.3071451e-04  -7.9725717e-04  -2.4827288e-04  -1.8540799e-03
  -2.3071451e-04  -7.3733453e-04  -4.5815578e-04  -1.5237986e-03
  -3.7314756e-04  -7.2984420e-04  -3.9818924e-04  -1.5800966e-03
  -4.1437818e-04  -7.8227651e-04  -4.2067669e-04  -2.1956209e-03
  -1.2951209e-04  -6.5868606e-04  -3.6071015e-04  -2.0905314e-03
  -2.8318985e-04  -6.3621507e-04  -1.2459188e-04  -2.0567526e-03
  -3.8814051e-04  -6.3621507e-04  -2.9699570e-04  -2.1655953e-03
  -3.8439227e-04  -6.9239255e-04  -2.7825615e-04  -2.0905314e-03
  -5.1932884e-04  -7.5231519e-04   2.8370240e-06  -1.8953651e-03
  -2.6444866e-04  -4.5644715e-04   3.1016556e-04  -1.6851861e-03
   3.9158622e-05  -5.5382144e-04   3.5514047e-04  -1.5838498e-03
  -5.8202340e-06  -5.9127309e-04   4.3759447e-04  -1.5650838e-03
  -2.6819689e-04  -3.0664055e-04   3.0266974e-04  -1.8916119e-03
  -3.5806138e-05  -6.3621507e-04   4.0011538e-04  -1.9366503e-03
   1.8533990e-04  -8.7965080e-04   8.9483937e-04  -1.8428204e-03
  -2.5695218e-04  -5.7254727e-04   6.2498992e-04  -1.8615863e-03
  -2.8309662e-05  -4.0026968e-04   9.6979755e-04  -1.7264713e-03
   1.8908814e-04  -5.5756661e-04   1.1834284e-03  -1.8278076e-03
  -1.3326033e-04  -6.5868606e-04   7.4492301e-04  -1.8278076e-03
  -3.9554376e-05  -6.0250859e-04   8.4986446e-04  -1.5876030e-03
   1.3661281e-04  -6.6992156e-04   1.0747390e-03  -1.8203012e-03
   1.4410929e-04  -6.5119573e-04   8.9858727e-04  -1.9216375e-03
   1.2161986e-04  -5.2011496e-04   4.9381310e-04  -1.4862666e-03
   6.1648050e-05  -6.5119573e-04   5.6127546e-04  -1.7902756e-03
  -1.1826737e-04  -6.8490222e-04   5.9125874e-04  -1.7715096e-03
  -1.8573566e-04  -5.8378276e-04   3.8887165e-04  -1.3849303e-03
  -4.0313346e-04  -7.2609903e-04   5.9125874e-04  -1.7114585e-03
  -3.5065813e-04  -5.3884078e-04   5.0505683e-04  -1.7302244e-03
   2.0417432e-05  -5.2386012e-04  -4.2137884e-05  -1.8052884e-03
   1.2920956e-05  -7.8602167e-04   1.7828660e-05  -1.8540799e-03
