  -1.9698037e-04  -5.6880210e-04  -2.3702915e-04  -1.9554163e-03
  -5.8295566e-05  -7.5231519e-04   1.4080751e-05  -2.0042078e-03
  -1.3326033e-04  -9.3957344e-04  -7.2121156e-05  -2.0117142e-03
   2.0417432e-05  -5.3135045e-04  -4.6587940e-06  -1.8991183e-03
  -3.2057900e-05  -6.0999892e-04   1.1152638e-04  -2.1505825e-03
  -3.7314756e-04  -6.3621507e-04  -5.3381611e-05  -2.0079610e-03
  -2.9443456e-04  -6.2497958e-04  -9.0860701e-05  -2.0417398e-03
  -5.0799090e-05  -7.6355068e-04   2.9072387e-05  -2.2406592e-03
  -2.1946980e-04  -5.8378276e-04   8.9038931e-05  -1.9441567e-03
  -2.8693808e-04  -5.0887946e-04   2.8370240e-06  -1.9516631e-03
  -1.1451914e-04  -6.3996024e-04  -1.5457515e-04  -2.0267270e-03
  -1.9698037e-04  -5.8378276e-04  -6.8373247e-05  -1.8540799e-03
  -4.7809822e-04  -6.5868606e-04   7.7795204e-05  -2.1806081e-03
  -3.2816870e-04  -7.8227651e-04   6.6551477e-05  -2.2068805e-03
  -9.5777946e-05  -7.8602167e-04   1.2651802e-04  -1.9704291e-03
  -3.5806138e-05  -7.3358936e-04  -7.5869065e-05  -2.1243101e-03
   9.9130430e-05  -6.0625375e-04  -2.3328124e-04  -2.0304802e-03
  -2.1572156e-04  -7.6729585e-04  -4.6587940e-06  -2.1618421e-03
  -2.0719960e-06  -6.1374408e-04  -1.8455843e-04  -1.9741823e-03
   1.4785752e-04  -6.3996024e-04  -3.0894157e-05  -1.7677564e-03
   1.2161986e-04  -6.9988288e-04   3.6638420e-04  -1.9066247e-03
   3.1652823e-04  -5.0887946e-04   2.5324478e-05  -1.6401477e-03
  -1.8198742e-04  -7.7853134e-04  -1.3583561e-04  -1.8165480e-03
   3.9158622e-05  -5.0887946e-04  -3.8389975e-05  -1.7677564e-03
   7.2892764e-05  -5.8378276e-04  -1.2084397e-04  -1.7940288e-03
  -1.2576385e-04  -6.9613771e-04  -1.5902521e-05  -1.9516631e-03
   1.5535400e-04  -5.5007628e-04   1.3026593e-04  -1.6101221e-03
  -1.4450504e-04  -8.4968948e-04   3.2820296e-05  -1.8690927e-03
   3.1662146e-05  -5.5756661e-04  -5.3381611e-05  -1.8540799e-03
  -8.0784994e-05  -6.2497958e-04   2.5324478e-05  -1.5838498e-03
  -2.9068632e-04  -6.2123441e-04   1.1527429e-04  -1.7715096e-03
  -2.8309662e-05  -3.4409220e-04   8.9038931e-05  -1.7452372e-03
  -1.2201561e-04  -5.3884078e-04   1.2277011e-04  -1.7902756e-03
   9.9130430e-05  -5.0138913e-04   1.3026593e-04  -1.8315608e-03
  -2.4561424e-05  -7.7478618e-04   1.3776175e-04  -1.9103779e-03
  -2.7569337e-04  -7.8602167e-04  -6.0877429e-05  -2.0492462e-03
   4.6655098e-05  -6.9613771e-04  -1.3958352e-04  -1.8765991e-03
   9.9130430e-05  -9.7327992e-04   2.5324478e-05  -1.9779355e-03
  -1.4075680e-04  -5.9876342e-04  -2.5576870e-04  -2.0042078e-03
  -2.3446275e-04  -7.0362804e-04  -2.4452497e-04  -1.6776797e-03
   3.9158622e-05  -9.0961212e-04   1.6399711e-04  -1.8428204e-03
   8.7885716e-05  -6.4745057e-04   1.6024920e-04  -2.1055441e-03
  -1.7449094e-04  -6.0999892e-04  -8.3364883e-05  -1.6176285e-03
  -2.1197332e-04  -6.1748925e-04  -6.4625338e-05  -1.8315608e-03
  -2.3821099e-04  -7.2984420e-04  -6.4625338e-05  -2.2068805e-03
  -1.1826737e-04  -6.5119573e-04  -3.4642066e-05  -1.9366503e-03
  -1.9323213e-04  -8.5343464e-04   7.7795204e-05  -2.1731017e-03
  -3.0942751e-04  -7.3733453e-04  -1.3958352e-04  -2.0567526e-03
  -7.7036756e-05  -6.9613771e-04  -7.9616974e-05  -2.2781912e-03
  -1.0327442e-04  -1.0931252e-03   3.6568205e-05  -2.2143869e-03
  -1.7449094e-04  -6.2497958e-04  -1.9205424e-04  -1.8991183e-03
  -3.3566518e-04  -7.8602167e-04  -1.8081052e-04  -2.3945403e-03
  -2.8318985e-04  -8.5343464e-04  -6.8373247e-05  -1.9816886e-03
  -9.5684720e-06  -5.2760529e-04   3.2820296e-05  -2.1731017e-03
  -4.3302614e-05  -1.2279511e-03   1.9772829e-04  -2.4320723e-03
  -1.5200152e-04  -1.0406929e-03   8.5291022e-05  -1.8390672e-03
  -1.8573566e-04  -5.6505694e-04  -6.4625338e-05  -2.1580889e-03
  -1.0702266e-04  -8.3470882e-04   4.4064023e-05  -2.0342334e-03
  -1.0327442e-04  -9.0961212e-04  -1.8081052e-04  -2.0342334e-03
  -2.4561424e-05  -8.5343464e-04  -3.7570179e-04  -2.2594252e-03
  -3.0567927e-04  -8.3096365e-04  -6.4625338e-05  -1.9967014e-03
  -2.4570747e-04  -9.0961212e-04   2.5324478e-05  -1.9891950e-03
   6.5396288e-05  -7.1111837e-04  -1.5902521e-05  -1.8728459e-03
  -2.1197332e-04  -7.8602167e-04  -9.4608610e-05  -1.9967014e-03
  -1.1077090e-04  -7.5606035e-04  -6.4625338e-05  -1.9591695e-03
  -1.8573566e-04  -6.6992156e-04  -1.1334816e-04  -1.7302244e-03
  -1.2951209e-04  -8.3845398e-04  -4.2817251e-04  -1.7940288e-03
  -1.3316710e-05  -6.1748925e-04  -9.0860701e-05  -1.9479099e-03
  -5.8202340e-06  -7.4857002e-04  -2.3398339e-05  -1.8803523e-03
   1.6669194e-05  -6.6992156e-04  -2.6326452e-04  -1.8765991e-03
  -1.2201561e-04  -7.9351200e-04  -1.3208770e-04  -1.9816886e-03
  -7.3288518e-05  -9.4331860e-04  -2.2203752e-04  -1.7977820e-03
  -3.2067223e-04  -4.3397616e-04  -5.3381611e-05  -1.8991183e-03
  -9.2029708e-05  -5.0887946e-04  -8.4067030e-06  -2.0792718e-03
   1.8908814e-04  -6.5494090e-04  -1.0210443e-04  -1.9554163e-03
   1.0662691e-04  -7.7478618e-04   1.1902220e-04  -1.8015352e-03
  -2.5320394e-04  -8.9837662e-04   5.9055659e-05  -2.0267270e-03
  -2.7944161e-04  -7.2235387e-04   6.5849330e-06  -2.0717654e-03
   4.2906860e-05  -6.6617639e-04  -9.1088500e-07  -2.0680122e-03
  -2.5320394e-04  -6.0999892e-04   8.1543113e-05  -2.1092973e-03
  -1.7064948e-05  -6.3996024e-04   6.2803568e-05  -2.0192206e-03
  -5.8202340e-06  -7.8976684e-04  -1.5457515e-04  -2.1280633e-03
  -1.9698037e-04  -8.2721849e-04  -8.3364883e-05  -1.8991183e-03
  -1.7064948e-05  -8.5717981e-04  -1.9580215e-04  -2.1092973e-03
  -1.0702266e-04  -6.4370540e-04   4.7811932e-05  -2.2706848e-03
   1.6669194e-05  -5.4633111e-04   2.2021575e-04  -2.0792718e-03
  -1.3316710e-05  -9.0961212e-04  -2.1454170e-04  -2.0942846e-03
  -1.1826737e-04  -7.4107969e-04  -6.4625338e-05  -1.9479099e-03
  -5.8295566e-05  -5.4258595e-04  -9.1088500e-07  -2.1130505e-03
  -6.9540280e-05  -6.2123441e-04  -1.1709606e-04  -2.2106337e-03
  -6.2043804e-05  -6.3246991e-04  -2.7146248e-05  -2.1618421e-03
  -1.3316710e-05  -7.2609903e-04  -3.4642066e-05  -2.0117142e-03
   4.6655098e-05  -5.1636979e-04  -1.1709606e-04  -1.9178843e-03
  -2.3071451e-04  -6.9613771e-04  -2.0704588e-04  -2.0942846e-03
  -3.5440637e-04  -8.4594431e-04  -1.0210443e-04  -1.9366503e-03
  -1.7823918e-04  -6.0625375e-04  -1.3583561e-04  -2.0905314e-03
  -1.1826737e-04  -7.7104101e-04  -1.9580215e-04  -2.3044636e-03
  -5.4547328e-05  -7.4107969e-04  -1.5902521e-05  -2.1055441e-03
  -7.3288518e-05  -7.7104101e-04  -1.5902521e-05  -2.2444124e-03
  -5.4547328e-05  -9.6578959e-04  -1.1334816e-04  -1.9328971e-03
  -9.9526184e-05  -7.5606035e-04   6.6551477e-05  -1.6664201e-03
  -1.7074271e-04  -7.5231519e-04   1.0332842e-05  -1.8916119e-03
  -1.7823918e-04  -5.9876342e-04   1.0777848e-04  -1.7602500e-03
   8.7885716e-05  -4.4895682e-04   4.0761120e-04  -1.8653395e-03
   1.3286457e-04  -7.1486354e-04   2.9072387e-05  -1.9554163e-03
  -2.5320394e-04  -4.5644715e-04  -1.5902521e-05  -1.7940288e-03
   8.4137478e-05  -4.6019232e-04   1.8273666e-04  -1.7189649e-03
   3.0153528e-04  -7.7104101e-04  -6.8373247e-05  -1.6288881e-03
  -3.2057900e-05  -6.0250859e-04   2.9072387e-05  -1.4862666e-03
  -8.8281470e-05  -6.5494090e-04   1.4150966e-04  -1.7940288e-03
  -1.5949799e-04  -5.6880210e-04  -7.9616974e-05  -1.9891950e-03
  -6.5792042e-05  -6.4370540e-04   1.1152638e-04  -1.6814329e-03
   2.9403881e-04  -7.7104101e-04   2.4645111e-04  -1.8728459e-03
   2.3781524e-04  -4.6019232e-04  -3.4642066e-05  -1.7001989e-03
  -8.4533232e-05  -6.2497958e-04   2.8370240e-06  -1.7377308e-03
  -2.0719960e-06  -7.2984420e-04   1.6774502e-04  -1.8841055e-03
  -1.7064948e-05  -7.3358936e-04   1.0028266e-04  -1.7189649e-03
  -2.7194513e-04  -7.4857002e-04   5.9055659e-05  -2.1918677e-03
  -1.3326033e-04  -6.0250859e-04   9.2786840e-05  -1.9779355e-03
   2.4165670e-05  -6.6617639e-04  -1.8081052e-04  -2.0267270e-03
   1.6669194e-05  -7.2984420e-04  -3.0449151e-04  -2.1731017e-03
  -1.0702266e-04  -7.7104101e-04  -1.1334816e-04  -1.8803523e-03
  -1.8573566e-04  -6.3996024e-04  -1.7331470e-04  -2.3157232e-03
   6.1648050e-05  -5.5756661e-04  -2.2578543e-04  -2.0529994e-03
  -1.3316710e-05  -6.0625375e-04  -1.8455843e-04  -1.8390672e-03
  -2.5320394e-04  -7.4107969e-04  -3.0894157e-05  -2.1168037e-03
  -1.5200152e-04  -8.8714113e-04  -3.8389975e-05  -2.1618421e-03
  -1.6699447e-04  -9.8077025e-04  -1.0210443e-04  -2.2519188e-03
  -3.1317575e-04  -9.2833794e-04   1.4080751e-05  -1.9816886e-03
  -2.9068632e-04  -6.9239255e-04  -6.8373247e-05  -2.1768549e-03
  -3.1692399e-04  -7.7104101e-04  -1.7706261e-04  -2.2969572e-03
  -4.6310527e-04  -8.4219915e-04  -1.0210443e-04  -1.9704291e-03
  -3.0942751e-04  -7.3733453e-04  -1.7331470e-04  -2.2669316e-03
  -1.2951209e-04  -8.0100233e-04  -2.0704588e-04  -2.1655953e-03
  -3.3566518e-04  -1.0818897e-03  -1.7706261e-04  -1.9291439e-03
  -3.8064403e-04  -8.1972816e-04  -3.9069342e-04  -2.1693485e-03
  -4.7050852e-05  -6.4370540e-04   2.9072387e-05  -2.0642590e-03
  -1.1826737e-04  -9.2833794e-04  -9.0860701e-05  -2.0154674e-03
  -2.2321804e-04  -5.6505694e-04   1.6181858e-03  -2.0342334e-03
  -1.2201561e-04  -7.9351200e-04   7.2138139e-03  -1.9479099e-03
  -1.9323213e-04  -8.8339596e-04   1.1317774e-02  -1.5463178e-03
  -2.0719960e-06  -5.2760529e-04   1.3484066e-02  -1.2948536e-03
   1.4036105e-04  -9.4706377e-04   1.2756971e-02  -1.5688370e-03
   1.0662691e-04  -7.2609903e-04   9.2339369e-03  -1.2911004e-03
  -2.3071451e-04  -6.6992156e-04   6.0781975e-03  -1.4299687e-03
  -4.2937113e-04  -8.0849266e-04   3.7320065e-03  -1.7152117e-03
  -6.5801365e-04  -4.6393748e-04   4.3391677e-03  -1.2610748e-03
  -1.2764729e-03  -7.5231519e-04   5.8645667e-03  -1.2235429e-03
   9.5382192e-05  -7.8602167e-04   8.3269429e-03  -1.5237986e-03
   1.5609433e-03  -6.4370540e-04   8.3344387e-03  -1.7264713e-03
  -9.5777946e-05  -4.3397616e-04   2.8962228e-03  -1.4937730e-03
  -1.5388496e-03  -1.5308879e-04  -7.1676150e-04  -1.5350582e-03
  -7.4422312e-04  -7.5606035e-04  -2.6094555e-03  -2.0867782e-03
  -1.0065998e-03  -8.6841530e-04  -6.4623060e-03  -2.5146426e-03
  -2.1610571e-03  -5.6880210e-04  -1.2957432e-02  -2.4508383e-03
  -1.1827670e-03  -5.5756661e-04  -1.9415080e-02  -2.2369060e-03
  -3.6565108e-04  -6.0250859e-04  -2.3631477e-02  -2.9725327e-03
  -7.5171960e-04  -9.2459278e-04  -2.8042766e-02  -3.3703715e-03
  -1.9811417e-03  -7.5231519e-04  -3.3391032e-02  -3.2990608e-03
  -4.0576655e-03  -9.8451542e-04  -3.7967229e-02  -3.3028140e-03
  -3.3567450e-03  -1.6661354e-03  -3.7757346e-02  -3.5355122e-03
  -2.1348194e-03  -1.5687612e-03  -3.5156297e-02  -3.9371043e-03
  -2.8207470e-03  -1.2579125e-03  -3.2435315e-02  -3.5467718e-03
  -2.2247771e-03  -1.0594187e-03  -2.6453653e-02  -3.5617846e-03
  -6.6925836e-04  -1.3477964e-03  -1.9017801e-02  -3.6443549e-03
  -7.1423722e-04  -1.5350547e-03  -9.8241804e-03  -2.8599367e-03
  -3.1317575e-04  -1.4601514e-03   1.8018333e-03  -2.3570083e-03
   1.2948184e-03  -1.3065996e-03   1.2741980e-02  -2.0492462e-03
   3.0115114e-03  -1.0669090e-03   2.2325383e-02  -1.4449815e-03
   5.6502709e-03  -9.7702509e-04   2.9510125e-02  -1.6363945e-03
   4.7619385e-03  -4.5644715e-04   3.2587158e-02  -1.4374751e-03
   4.8668892e-03  -4.7891814e-04   3.4329936e-02  -6.7932929e-04
   5.7327321e-03  -6.2497958e-04   3.4622272e-02  -1.0809214e-03
   3.6074812e-03  -2.5420824e-04   3.2099930e-02  -1.0058574e-03
  -2.8309662e-05  -6.6949990e-05   2.6170738e-02   1.3511446e-04
   8.1879213e-04   2.2933970e-05   2.3884513e-02  -7.2061446e-04
   7.3069921e-03  -4.8224165e-05   2.1564558e-02  -1.7752628e-03
  -1.7225132e-03   4.9482476e-04   6.9064854e-03   1.1860096e-03
  -2.7345375e-03   7.4200565e-04   8.7991794e-03   6.3053646e-04
   5.7327321e-03  -1.1563714e-04   1.8783609e-02  -2.7961324e-03
  -3.0981166e-03  -3.1787605e-04   1.0586932e-02  -1.3999431e-03
  -1.6025696e-03  -2.2050176e-04   1.1205337e-02  -6.6056330e-04
   4.1584722e-03  -3.2536638e-04   1.4694640e-02  -2.1280633e-03
   1.5646915e-03  -2.5753175e-05   1.1089152e-02  -1.9629227e-03
  -6.5426541e-04  -1.2312747e-04   5.3660948e-03  -2.2894565e-04
  -1.7749886e-03  -6.2872474e-04   1.1984200e-03  -3.5655435e-04
   6.0514256e-04  -9.6578959e-04   4.2004951e-03  -1.9741823e-03
  -1.8874357e-03  -1.2991093e-03  -3.0823942e-04  -1.8841055e-03
  -4.9422497e-03  -1.3103448e-03  -6.3236334e-03  -1.5538242e-03
  -2.6295868e-03  -1.0257122e-03  -7.8490323e-03  -2.1430761e-03
   1.6285048e-04  -9.8826058e-04  -8.8422282e-03  -3.3065672e-03
  -5.1558060e-04  -8.9088629e-04  -1.1923009e-02  -3.3403460e-03
  -3.4392062e-03  -8.2347332e-04  -1.8174522e-02  -2.3495020e-03
  -2.8469846e-03  -8.6092497e-04  -1.6903980e-02  -2.7210685e-03
  -2.7645234e-03  -8.5717981e-04  -1.6259340e-02  -3.1489329e-03
  -3.6528558e-03  -9.4706377e-04  -1.8976574e-02  -2.1693485e-03
  -3.7877924e-03  -9.8077025e-04  -1.9238928e-02  -9.8709144e-04
   1.6546492e-03  -1.0032412e-03  -1.2042943e-02  -2.7398344e-03
   6.7335117e-03  -5.2011496e-04  -7.0994505e-03  -4.3574623e-03
  -1.4076612e-03   3.3003750e-04  -1.8496842e-02  -1.1634917e-03
  -2.1310712e-03  -2.7667923e-04  -1.6559173e-02  -1.0659086e-03
   4.6344984e-03  -1.3590319e-03  -5.1955128e-03  -4.5638882e-03
  -1.0890610e-03  -1.3215803e-03  -1.1090974e-02  -3.4379291e-03
  -7.3748561e-03  -1.0182219e-03  -1.8672994e-02  -8.6698914e-04
  -1.3214518e-03  -9.2833794e-04  -1.4767672e-02  -1.8127948e-03
   7.4644181e-03  -1.0968704e-03  -6.0950109e-03  -3.8808063e-03
   3.0414973e-03  -6.2123441e-04  -7.4555019e-03  -2.8674431e-03
  -4.4174964e-03  -3.9652451e-04  -1.0997276e-02  -9.0452111e-04
   5.9764608e-04  -1.0818897e-03  -2.7931031e-03  -2.2894508e-03
   4.0197874e-03  -1.4938579e-03   4.7814210e-03  -3.7006529e-03
  -2.6670692e-03  -1.1343220e-03   1.6481691e-03  -1.8127948e-03
  -2.9144529e-03  -6.6992156e-04   1.2733782e-03  -7.8817200e-04
   5.2454612e-03  -9.2084761e-04   9.9835187e-03  -2.4320723e-03
   4.9381057e-03  -5.8752793e-04   1.1553893e-02  -2.4996298e-03
  -1.5201084e-03  -4.4146649e-04   7.5548737e-03  -8.3696356e-04
  -1.1865152e-03  -9.2459278e-04   1.0984210e-02  -1.2460620e-03
   1.9994871e-03  -1.2466770e-03   1.6516124e-02  -2.8224048e-03
  -4.8934294e-04  -1.1717737e-03   1.4139950e-02  -2.1993741e-03
  -2.8394882e-03  -2.9540506e-04   8.6492631e-03  -7.2061446e-04
   7.6256856e-04  -1.0772515e-05   9.1140038e-03  -1.1897641e-03
   3.5100270e-03  -2.0552110e-04   1.0905504e-02  -2.0755186e-03
  -2.7944161e-04  -2.6544374e-04   7.7347733e-03  -1.3061132e-03
  -5.8530715e-03  -4.9389880e-04   4.4066301e-03  -2.9275000e-04
  -3.3792344e-03  -9.2084761e-04   9.5974841e-03  -1.4074495e-03
   2.0744519e-03  -1.1043607e-03   1.4675901e-02  -2.9500135e-03
  -4.7050852e-05  -4.1525034e-04   8.7729441e-03  -2.1017910e-03
  -3.1955708e-03   1.6525024e-04   3.7732335e-03  -5.4796739e-04
  -6.2802774e-04   4.6298000e-07   8.2444889e-03  -1.1447257e-03
   1.9882424e-03  -5.9127309e-04   1.2295979e-02  -2.6309917e-03
  -6.7300660e-04  -1.1493027e-03   7.4199489e-03  -1.5988626e-03
  -3.1468437e-03  -9.0961212e-04   2.3452801e-03  -1.9892007e-04
  -5.7555241e-04  -5.2011496e-04   4.9613206e-03  -1.1860109e-03
   1.7558516e-03  -5.4633111e-04   6.8802500e-03  -2.2031273e-03
  -5.0799090e-05  -3.6656319e-04   2.5326756e-03  -1.7902756e-03
  -1.4338989e-03  -4.3397616e-04  -1.0840566e-03  -1.2610748e-03
  -4.7050852e-05  -5.9127309e-04   4.4883819e-04  -2.1280633e-03
   7.6641002e-05  -6.9239255e-04   1.2651802e-04  -2.9387539e-03
  -1.1677740e-03  -8.0474750e-04  -5.1280504e-03  -1.9404035e-03
  -4.0313346e-04  -6.0999892e-04  -8.5124122e-03  -1.2573216e-03
   1.4372514e-03  -6.1374408e-04  -7.8865114e-03  -2.1430761e-03
   4.0273771e-04  -6.8864738e-04  -8.3962270e-03  -2.3645147e-03
  -1.4826260e-03  -7.7478618e-04  -1.0892334e-02  -1.7602500e-03
  -9.0914559e-04  -7.7104101e-04  -1.0581258e-02  -2.2068805e-03
  -2.4570747e-04  -1.0144767e-03  -8.5086643e-03  -2.7848728e-03
  -1.2201561e-04  -1.3515416e-03  -7.8640240e-03  -2.8073920e-03
   3.7650004e-04  -1.1979898e-03  -7.4704935e-03  -2.6497577e-03
   1.3098113e-03  -1.1155962e-03  -7.2231315e-03  -2.3457488e-03
   1.8270681e-03  -8.5343464e-04  -7.1444254e-03  -2.6835365e-03
  -7.7036756e-05  -7.2235387e-04  -9.6517766e-03  -2.2218933e-03
  -2.9256976e-03  -9.8826058e-04  -1.2091665e-02  -1.1897641e-03
  -1.7187650e-03  -1.4526610e-03  -7.2568627e-03  -2.1468293e-03
   2.3893038e-03  -1.6249386e-03  -1.3164269e-03  -3.8282616e-03
   1.7558516e-03  -9.8077025e-04  -4.5396287e-03  -3.5317590e-03
  -1.8312121e-03  -5.8003760e-04  -1.1443277e-02  -1.6701733e-03
  -1.0703198e-03  -6.0625375e-04  -9.1720442e-03  -1.8203012e-03
   1.1037514e-04  -1.1305768e-03  -3.3065666e-03  -3.3966439e-03
  -3.1993190e-03  -1.2316963e-03  -5.2929584e-03  -2.6234853e-03
  -4.6423906e-03  -9.5829926e-04  -8.5798746e-03  -1.2272961e-03
  -2.0813186e-05  -9.3582827e-04  -5.2329918e-03  -1.9779355e-03
   2.8128547e-03  -5.5714495e-05  -1.3958352e-04  -2.9912986e-03
  -9.5787269e-04  -1.5683395e-04  -4.5885793e-05  -2.2631784e-03
  -3.1206060e-03  -4.9764397e-04   5.1255265e-04  -1.6814329e-03
  -4.0688170e-04  -4.8640847e-04   5.6846671e-03  -2.5221490e-03
   1.4036105e-04  -1.1567930e-03   8.3719178e-03  -2.4020467e-03
  -1.8162192e-03  -7.1111837e-04   7.4799155e-03  -9.9459784e-04
  -6.7300660e-04  -2.3548242e-04   8.2557326e-03  -7.2061446e-04
   2.5992052e-03  -4.6393748e-04   1.1782515e-02  -1.5313050e-03
   2.7004076e-03  -3.8528902e-04   1.2588315e-02  -1.7377308e-03
  -5.3432179e-04  -1.0772515e-05   9.5787445e-03  -1.0659086e-03
  -1.5425978e-03  -1.4934362e-04   8.8329106e-03  -1.0659086e-03
   4.4771656e-04  -5.6131177e-04   1.0114696e-02  -1.6514073e-03
  -1.3252000e-03  -6.3621507e-04   8.8666418e-03  -9.1953390e-04
  -1.6700379e-03  -7.2984420e-04   9.5412654e-03  -9.7207866e-04
   3.0265043e-03  -4.3397616e-04   1.2760719e-02  -2.2894508e-03
   2.0969413e-03  -3.4409220e-04   8.5480695e-03  -1.5538242e-03
  -1.0553269e-03  -4.3772133e-04   4.4366134e-03  -1.0884335e-04
   5.8640137e-04  -7.5231519e-04   9.7886274e-03  -8.2945717e-04
   2.4755133e-03  -1.2579125e-03   1.4001277e-02  -2.4283191e-03
   1.0661758e-03  -9.4706377e-04   9.8785772e-03  -1.7114585e-03
  -4.0688170e-04  -5.0513430e-04   4.1742597e-03  -2.2894565e-04
   1.9994871e-03  -1.8305011e-04   4.9987997e-03  -1.1484789e-03
   3.1127138e-03  -2.7667923e-04   6.2093743e-03  -2.2106337e-03
  -3.2442046e-04  -8.3845398e-04   4.5258610e-04  -1.4562411e-03
  -1.7862333e-03  -8.5717981e-04  -4.2547876e-03  -1.0021042e-03
   6.5012142e-04  -9.3208311e-04  -3.2878271e-03  -2.2031273e-03
   1.0624276e-03  -9.9949608e-04  -4.4009561e-03  -2.7586004e-03
  -1.3401930e-03  -5.6880210e-04  -9.6517766e-03  -2.1055441e-03
  -1.3364447e-03  -6.3246991e-04  -1.1237142e-02  -2.1205569e-03
   2.3031876e-04  -8.6092497e-04  -9.6780119e-03  -2.8787027e-03
  -1.2277458e-03  -9.9200575e-04  -1.1462017e-02  -3.1114009e-03
  -3.0119071e-03  -1.0931252e-03  -1.3688275e-02  -2.2894508e-03
  -2.2172807e-03  -1.1530478e-03  -1.2533919e-02  -2.4020467e-03
  -3.1317575e-04  -1.4901127e-03  -9.0970860e-03  -2.9650263e-03
   1.7483552e-03  -9.6204443e-04  -7.3842916e-03  -3.0851286e-03
   8.4137478e-05  -5.0138913e-04  -1.1578202e-02  -2.8036388e-03
  -4.0351761e-03  -9.2459278e-04  -1.5202430e-02  -1.5012794e-03
  -1.2090046e-03  -1.1343220e-03  -7.5004768e-03  -2.6610173e-03
   3.1876785e-03  -1.3815029e-03  -5.7808887e-04  -4.9241951e-03
  -1.5763320e-03  -9.0586695e-04  -9.8166846e-03  -3.1076477e-03
  -4.9609909e-03  -2.8042440e-04  -1.7020166e-02  -6.4555052e-04
   4.8519894e-04  -7.1486354e-04  -9.4418937e-03  -2.3457488e-03
   2.1494166e-03  -1.0743994e-03  -3.5052058e-03  -3.8507808e-03
  -4.1626162e-03  -8.9088629e-04  -7.7028639e-03  -1.8765991e-03
  -4.8822779e-03  -8.4594431e-04  -8.9396738e-03  -1.2535684e-03
   2.3555697e-03  -1.1493027e-03  -7.3924896e-04  -2.8224048e-03
   3.1464479e-03  -8.5343464e-04   3.5258715e-03  -3.2540224e-03
  -1.9324146e-03  -3.1038572e-04   1.1122181e-03  -1.7677564e-03
  -1.0290892e-03  -3.4409220e-04   3.5446110e-03  -1.0921810e-03
   3.3600975e-03  -6.4745057e-04   1.0590680e-02  -2.4395787e-03
   1.5609433e-03  -6.8864738e-04   1.1370245e-02  -1.9666759e-03
  -2.0598547e-03  -4.6768265e-04   8.8591460e-03  -4.9166944e-04
   1.2948184e-03  -6.9613771e-04   1.1790011e-02  -1.0809214e-03
   4.4583312e-03  -7.2235387e-04   1.3555276e-02  -1.9629227e-03
   1.8608023e-03  -3.6281803e-04   1.0789319e-02  -1.3736707e-03
  -2.3071451e-04  -3.5158253e-04   8.4881030e-03  -7.9567840e-04
   4.2906860e-05  -5.0138913e-04   8.1170600e-03  -1.3211260e-03
  -1.1640258e-03  -8.7590563e-04   8.1657828e-03  -1.2835940e-03
  -5.9804184e-04  -1.0594187e-03   1.0009754e-02  -1.5350582e-03
   2.0557107e-03  -8.4968948e-04   1.1077908e-02  -2.2744380e-03
   1.2310983e-03  -4.4521166e-04   6.4492405e-03  -1.3173728e-03
   3.7275180e-04  -5.5714495e-05   4.0768141e-03  -4.5413747e-04
   1.2685807e-03  -4.6768265e-04   7.7010421e-03  -1.3924367e-03
   1.3323007e-03  -8.5717981e-04   1.0197150e-02  -2.1993741e-03
  -1.4075680e-04  -8.0474750e-04   7.2625368e-03  -1.5125390e-03
  -1.1003057e-03  -8.0474750e-04   3.1323410e-03  -1.0246234e-03
   1.3098113e-03  -5.0513430e-04   4.2004951e-03  -1.8540799e-03
   2.0669554e-03  -3.8154385e-04   4.1742597e-03  -2.5108894e-03
  -9.4287973e-04  -5.8378276e-04  -5.0313069e-04  -1.7227181e-03
  -1.6587932e-03  -5.4258595e-04  -3.0929358e-03  -1.2573216e-03
  -2.1572156e-04  -8.7216047e-04  -3.3440457e-03  -2.4433319e-03
  -6.8050307e-04  -1.0743994e-03  -5.5178329e-03  -2.4395787e-03
  -1.9886381e-03  -6.1374408e-04  -9.1383130e-03  -1.7715096e-03
  -1.5575908e-03  -7.3358936e-04  -9.6817598e-03  -2.3344892e-03
  -4.6685351e-04  -6.3621507e-04  -8.6735723e-03  -2.6497577e-03
  -1.2952141e-03  -7.4857002e-04  -9.6068017e-03  -2.6234853e-03
  -1.8986804e-03  -1.0444381e-03  -9.3706834e-03  -2.5259022e-03
  -3.7314756e-04  -7.7853134e-04  -7.0132486e-03  -2.5859534e-03
   8.1504389e-04  -9.2833794e-04  -5.5253288e-03  -3.0663626e-03
   9.3873574e-04  -5.7629243e-04  -7.5042247e-03  -2.9762859e-03
  -1.3401930e-03  -3.9652451e-04  -1.1911766e-02  -1.7264713e-03
  -3.3192626e-03  -7.2984420e-04  -1.1600689e-02  -1.2911004e-03
  -6.5801365e-04  -1.1755188e-03  -4.4421831e-03  -2.8561835e-03
   2.1231789e-03  -1.4676417e-03  -6.7928241e-04  -3.6406017e-03
   1.1111547e-03  -6.9988288e-04  -6.3798520e-03  -2.5259022e-03
  -8.8665616e-04  -2.3173725e-04  -1.0776149e-02  -1.6514073e-03
   4.3272361e-04  -4.5644715e-04  -5.6677493e-03  -2.2143869e-03
   1.3622866e-03  -1.0069864e-03  -1.3614019e-03  -3.0063114e-03
  -2.0898406e-03  -1.1155962e-03  -4.2847709e-03  -2.0342334e-03
  -2.6820622e-03  -8.2347332e-04  -5.5740516e-03  -9.9835103e-04
   1.6808869e-03  -9.8826058e-04  -8.4793832e-04  -1.9328971e-03
   3.2176644e-03  -4.6393748e-04   2.3003052e-03  -2.2669316e-03
   6.2013551e-04  -1.7555978e-04   6.0625037e-04  -1.4262155e-03
   5.4244800e-06  -6.2497958e-04   1.6219337e-03  -1.3398920e-03
   1.6846351e-03  -8.2347332e-04   6.5766694e-03  -2.2444124e-03
   7.1758970e-04  -1.0182219e-03   7.8284710e-03  -2.4020467e-03
  -1.4039130e-03  -7.7104101e-04   5.2236743e-03  -1.1597385e-03
   6.3512846e-04  -5.8752793e-04   5.7783648e-03  -1.0621554e-03
   3.4238175e-03  -5.0887946e-04   8.4019011e-03  -1.7677564e-03
   1.6733904e-03  -3.2911154e-04   7.2700326e-03  -1.7302244e-03
  -9.1289383e-04  -5.2386012e-04   4.3204282e-03  -1.2423088e-03
  -5.9804184e-04  -5.9501826e-04   4.5303111e-03  -1.2986068e-03
   9.2749103e-04  -7.6355068e-04   6.5804173e-03  -2.2293996e-03
  -5.1932884e-04  -5.9127309e-04   5.3998260e-03  -1.8916119e-03
  -2.1685536e-03  -3.4034704e-04   4.0843099e-03  -1.1897641e-03
   2.7904585e-04  -3.9277935e-04   6.5616778e-03  -1.7865224e-03
   2.4830098e-03  -3.3285671e-04   7.9971269e-03  -2.1243101e-03
   1.2685807e-03  -5.5007628e-04   4.6989670e-03  -1.7077053e-03
  -1.8312121e-03  -5.1636979e-04   4.4134238e-04  -9.6832546e-04
  -1.5425978e-03  -5.5382144e-04   2.2103554e-03  -1.1147001e-03
   5.4891899e-04  -7.8976684e-04   5.8308355e-03  -2.2519188e-03
  -4.8184646e-04  -8.7216047e-04   3.8332000e-03  -2.2932040e-03
  -1.5276049e-03  -6.2123441e-04   6.9620019e-04  -1.4937730e-03
  -2.6070042e-04  -3.8154385e-04   1.5394797e-03  -1.8315608e-03
   1.3173078e-03  -6.4370540e-04   3.5033840e-03  -2.6122257e-03
  -7.3288518e-05  -8.0474750e-04   1.2021679e-03  -2.0492462e-03
  -1.9698969e-03  -8.8339596e-04  -2.2384126e-03  -1.1522321e-03
  -1.2165011e-03  -7.8227651e-04  -1.7474365e-03  -1.5388114e-03
  -2.6444866e-04  -8.9088629e-04  -1.0878045e-03  -2.5371618e-03
  -7.2173369e-04  -1.0631639e-03  -2.8118426e-03  -2.4245659e-03
  -8.4542555e-04  -8.6092497e-04  -4.5958473e-03  -1.9816886e-03
   3.5026238e-04  -7.4857002e-04  -4.0261652e-03  -2.4733575e-03
   2.2282228e-04  -8.2347332e-04  -3.0816921e-03  -2.7623536e-03
  -1.6288073e-03  -8.9088629e-04  -4.8282177e-03  -2.5334086e-03
  -1.8349604e-03  -1.0107316e-03  -5.3116979e-03  -2.1468293e-03
   5.4151574e-05  -1.2766383e-03  -3.1229191e-03  -2.5596810e-03
   8.0379917e-04  -1.1493027e-03  -2.9355236e-03  -2.7848728e-03
   3.1662146e-05  -6.8115705e-04  -5.5628078e-03  -1.8916119e-03
   1.1037514e-04  -7.0362804e-04  -6.3311292e-03  -2.1168037e-03
   5.7890489e-04  -9.7702509e-04  -4.9856299e-03  -2.6197321e-03
  -9.0539735e-04  -7.5606035e-04  -5.1093109e-03  -2.3119700e-03
  -1.6700379e-03  -9.8451542e-04  -4.7195283e-03  -2.3082168e-03
  -2.5320394e-04  -1.1904995e-03  -3.5989035e-03  -2.5521746e-03
   1.8908814e-04  -7.6355068e-04  -3.2540959e-03  -2.5409150e-03
   5.3767428e-04  -8.7590563e-04  -2.8343301e-03  -2.0942846e-03
   5.5266723e-04  -7.8976684e-04  -2.7893552e-03  -2.0905314e-03
  -9.5684720e-06  -7.0362804e-04  -3.0554567e-03  -2.1280633e-03
   1.2920956e-05  -9.1335728e-04  -3.1379107e-03  -1.7790160e-03
  -7.9295021e-04  -8.2721849e-04  -2.3883289e-03  -1.9741823e-03
  -1.1452846e-03  -7.7104101e-04  -1.4288642e-03  -2.3194764e-03
  -4.8559470e-04  -6.9988288e-04  -1.0728129e-03  -2.3832807e-03
  -2.5695218e-04  -7.1486354e-04  -5.4810560e-04  -2.2519188e-03
   5.7899812e-05  -5.9876342e-04  -1.0960025e-04  -2.2331528e-03
  -1.4825328e-04  -5.7254727e-04   4.4883819e-04  -2.0342334e-03
  -6.7675484e-04  -8.0100233e-04   1.1122181e-03  -1.8165480e-03
  -6.7300660e-04  -6.8115705e-04   1.6631607e-03  -1.8728459e-03
  -7.1048898e-04  -5.6505694e-04   2.8812311e-03  -1.7865224e-03
  -3.4316165e-04  -8.3470882e-04   4.0880578e-03  -1.7302244e-03
  -1.7449094e-04  -6.3621507e-04   4.5303111e-03  -1.7339776e-03
   6.0139432e-04  -3.8528902e-04   5.3211199e-03  -2.0342334e-03
   1.2835736e-03  -3.4783737e-04   5.1749514e-03  -2.1956209e-03
  -3.3941342e-04  -2.2799209e-04   3.2747616e-03  -1.7227181e-03
