  -8.4533232e-05  -7.7478618e-04  -2.1828961e-04  -2.2856976e-03
  -2.8693808e-04  -7.5980552e-04  -2.5951661e-04  -2.1956209e-03
  -2.1572156e-04  -8.7216047e-04  -3.4946642e-04  -2.0154674e-03
  -6.2043804e-05  -9.0586695e-04  -3.0823942e-04  -2.0905314e-03
  -1.3326033e-04  -9.2459278e-04  -7.9616974e-05  -2.1655953e-03
  -5.8295566e-05  -7.9351200e-04  -3.0074361e-04  -2.3495020e-03
  -6.2043804e-05  -9.0586695e-04  -2.1454170e-04  -2.2781912e-03
  -2.9443456e-04  -9.6578959e-04  -6.8373247e-05  -2.2068805e-03
  -1.4075680e-04  -1.1193414e-03  -2.3328124e-04  -2.1618421e-03
  -7.3288518e-05  -9.2833794e-04  -1.5457515e-04  -2.0004546e-03
  -1.1826737e-04  -6.7741189e-04  -1.9955006e-04  -2.1243101e-03
  -1.6699447e-04  -1.2054801e-03  -2.5951661e-04  -2.2256465e-03
  -3.6565108e-04  -1.0669090e-03  -2.6701242e-04  -2.2481656e-03
  -1.8948390e-04  -9.7327992e-04  -3.7570179e-04  -2.2444124e-03
  -1.8198742e-04  -1.2841286e-03  -2.5202079e-04  -2.2856976e-03
  -3.8064403e-04  -9.6578959e-04  -2.7450824e-04  -1.9779355e-03
  -3.6939932e-04  -9.8077025e-04  -4.7689533e-04  -2.0417398e-03
  -3.9938522e-04  -8.0474750e-04  -1.3208770e-04  -2.2819444e-03
  -3.2067223e-04  -6.7741189e-04   5.9055659e-05  -1.8878587e-03
  -1.0702266e-04  -1.0257122e-03  -3.2323106e-04  -2.1355697e-03
  -4.1062994e-04  -1.1305768e-03  -2.2203752e-04  -2.1618421e-03
  -6.2427950e-04  -1.1455575e-03  -7.5869065e-05  -1.9704291e-03
  -2.5695218e-04  -1.0556735e-03  -2.7825615e-04  -2.0379866e-03
  -1.7074271e-04  -1.0706542e-03  -3.0449151e-04  -1.8728459e-03
  -9.9526184e-05  -9.0212179e-04  -2.9324779e-04  -1.9629227e-03
  -2.2321804e-04  -7.5231519e-04  -1.1709606e-04  -1.9028715e-03
  -2.1197332e-04  -9.0212179e-04  -1.0585234e-04  -1.8728459e-03
   9.1633954e-05  -9.9949608e-04  -2.1079379e-04  -1.8465736e-03
  -8.8281470e-05  -8.6092497e-04  -5.7129520e-05  -1.8841055e-03
  -2.2696628e-04  -6.5868606e-04   2.8370240e-06  -1.9967014e-03
   1.2920956e-05  -9.3957344e-04  -1.5832306e-04  -1.8428204e-03
   8.7885716e-05  -9.8451542e-04  -1.7706261e-04  -2.0492462e-03
  -3.3191694e-04  -7.8976684e-04   1.0332842e-05  -1.9779355e-03
  -1.7823918e-04  -8.9088629e-04  -2.5576870e-04  -1.8503268e-03
   8.7885716e-05  -9.2459278e-04  -2.0704588e-04  -2.1168037e-03
  -1.3326033e-04  -9.8077025e-04  -1.2084397e-04  -1.9967014e-03
  -1.3700856e-04  -9.6204443e-04  -3.7944969e-04  -2.1055441e-03
  -1.2201561e-04  -9.5829926e-04  -1.0210443e-04  -2.2106337e-03
  -3.2057900e-05  -9.5455410e-04   6.5849330e-06  -2.0004546e-03
  -1.5200152e-04  -9.4331860e-04   1.0332842e-05  -2.1580889e-03
  -3.1317575e-04  -1.0219671e-03   4.0316114e-05  -2.1956209e-03
  -2.1572156e-04  -7.7478618e-04  -2.7146248e-05  -2.0492462e-03
  -1.2951209e-04  -7.6355068e-04  -1.3208770e-04  -2.0454930e-03
  -1.8198742e-04  -8.2347332e-04  -2.7076033e-04  -2.1468293e-03
  -3.0193104e-04  -7.3358936e-04  -2.1454170e-04  -2.1655953e-03
  -3.0942751e-04  -8.7216047e-04  -2.3702915e-04  -1.9967014e-03
  -2.1572156e-04  -7.0737321e-04  -1.9205424e-04  -2.0192206e-03
  -2.4561424e-05  -8.4219915e-04  -1.8081052e-04  -2.0605058e-03
  -1.4825328e-04  -1.0332026e-03  -2.9699570e-04  -2.3382424e-03
  -3.0942751e-04  -8.3096365e-04  -2.1454170e-04  -2.4170595e-03
  -1.7074271e-04  -7.9351200e-04  -2.8575197e-04  -2.2519188e-03
  -2.0719960e-06  -8.7216047e-04  -3.8694551e-04  -2.4283191e-03
  -1.5200152e-04  -1.1193414e-03  -1.9955006e-04  -2.3307360e-03
  -3.6939932e-04  -9.6953476e-04  -8.3364883e-05  -2.4020467e-03
  -1.2951209e-04  -7.8976684e-04  -1.6956679e-04  -2.2444124e-03
  -5.8295566e-05  -9.1335728e-04  -2.5202079e-04  -1.9891950e-03
  -1.2951209e-04  -7.8227651e-04  -1.6207097e-04  -2.4057999e-03
  -1.8573566e-04  -8.5343464e-04  -2.0329797e-04  -2.4658511e-03
  -3.2057900e-05  -8.4594431e-04  -3.0823942e-04  -2.4245659e-03
  -3.9554376e-05  -7.2984420e-04  -2.3328124e-04  -2.4771107e-03
  -2.4945570e-04  -1.0669090e-03  -4.9633702e-05  -2.3982935e-03
  -2.8309662e-05  -1.1043607e-03  -1.2154612e-05  -2.4395787e-03
  -1.3326033e-04  -9.3582827e-04   6.5849330e-06  -2.2444124e-03
  -2.3821099e-04  -9.6204443e-04   1.6024920e-04  -2.1918677e-03
  -1.3700856e-04  -8.2721849e-04  -2.0329797e-04  -2.0905314e-03
  -2.8309662e-05  -8.6467014e-04  -6.8373247e-05  -1.9741823e-03
   6.5396288e-05  -9.1335728e-04   4.7811932e-05  -1.9967014e-03
   4.6655098e-05  -7.1860870e-04  -3.2323106e-04  -1.8578331e-03
   1.0662691e-04  -6.6243123e-04   1.3401384e-04  -2.1731017e-03
  -3.5806138e-05  -6.5868606e-04  -4.6587940e-06  -2.0642590e-03
  -8.0784994e-05  -7.5980552e-04  -2.0704588e-04  -1.9967014e-03
  -5.8202340e-06  -9.0586695e-04   1.0403057e-04  -2.2406592e-03
  -9.9526184e-05  -8.8339596e-04  -1.1709606e-04  -2.0792718e-03
  -8.0784994e-05  -7.4482486e-04  -1.9205424e-04  -1.9741823e-03
  -1.5574975e-04  -7.5606035e-04  -1.0960025e-04  -1.9891950e-03
  -1.1826737e-04  -1.0069864e-03  -1.8081052e-04  -2.2181401e-03
   5.0403336e-05  -9.4331860e-04  -1.8455843e-04  -1.9779355e-03
  -2.5695218e-04  -7.6355068e-04  -1.0960025e-04  -1.9704291e-03
  -1.9323213e-04  -7.5980552e-04  -1.3958352e-04  -2.0529994e-03
  -9.5777946e-05  -7.8976684e-04  -3.1198733e-04  -1.9216375e-03
  -2.0072861e-04  -8.0849266e-04  -1.8455843e-04  -2.1355697e-03
   6.1648050e-05  -8.7590563e-04   5.5307750e-05  -2.1580889e-03
  -2.8693808e-04  -1.0107316e-03  -1.0210443e-04  -2.0905314e-03
  -2.2321804e-04  -8.6092497e-04  -1.3583561e-04  -1.9141311e-03
   3.1662146e-05  -7.2235387e-04  -3.0074361e-04  -2.1430761e-03
  -3.1692399e-04  -8.4219915e-04  -3.1573524e-04  -2.3795275e-03
  -1.4825328e-04  -8.4594431e-04   4.4064023e-05  -2.2106337e-03
  -3.0193104e-04  -7.8227651e-04  -8.3364883e-05  -2.0717654e-03
  -3.8439227e-04  -1.0706542e-03  -1.3958352e-04  -2.0192206e-03
  -7.3288518e-05  -1.1043607e-03  -3.7195388e-04  -2.1055441e-03
  -3.0567927e-04  -8.3470882e-04  -4.9938278e-04  -2.1243101e-03
  -3.4316165e-04  -8.1223783e-04   6.5849330e-06  -2.1430761e-03
  -2.1572156e-04  -7.5231519e-04  -8.7112792e-05  -2.0379866e-03
  -2.2696628e-04  -1.1530478e-03  -2.8200406e-04  -2.0342334e-03
  -3.5065813e-04  -9.6204443e-04  -2.9324779e-04  -2.0642590e-03
  -3.9188875e-04  -8.5717981e-04  -4.4691206e-04  -2.1130505e-03
  -3.0942751e-04  -1.1493027e-03  -1.4707934e-04  -2.2031273e-03
  -2.8693808e-04  -5.7254727e-04  -1.5457515e-04  -1.9404035e-03
  -1.1826737e-04  -1.0406929e-03  -5.4810560e-04  -1.9178843e-03
  -3.6939932e-04  -1.1530478e-03  -3.8319760e-04  -1.9741823e-03
  -3.3566518e-04  -8.3096365e-04  -2.0704588e-04  -1.9779355e-03
   4.2906860e-05  -1.1867543e-03  -3.5321433e-04  -2.0192206e-03
  -3.0193104e-04  -9.9200575e-04  -3.9818924e-04  -1.9028715e-03
  -3.6190284e-04  -1.1305768e-03  -3.3072688e-04  -2.2218933e-03
  -2.4570747e-04  -1.0069864e-03  -3.4946642e-04  -2.1430761e-03
  -2.3071451e-04  -8.5343464e-04  -4.2067669e-04  -1.8315608e-03
  -7.3288518e-05  -1.0257122e-03  -1.7706261e-04  -1.9404035e-03
  -6.9540280e-05  -7.8976684e-04  -8.3364883e-05  -1.7452372e-03
   1.6669194e-05  -1.0519284e-03  -1.9955006e-04  -1.9291439e-03
  -2.1197332e-04  -9.8451542e-04  -3.8389975e-05  -1.9704291e-03
  -3.9938522e-04  -6.8490222e-04  -4.2137884e-05  -1.8203012e-03
  -2.2321804e-04  -1.0332026e-03  -2.6701242e-04  -2.1205569e-03
  -3.6565108e-04  -1.0631639e-03  -1.1709606e-04  -1.9216375e-03
  -3.3566518e-04  -8.8339596e-04  -1.5457515e-04  -1.9816886e-03
  -5.0799090e-05  -8.3470882e-04  -3.7195388e-04  -2.1806081e-03
  -1.4825328e-04  -9.7702509e-04  -6.0877429e-05  -1.9666759e-03
  -1.9323213e-04  -8.8714113e-04  -1.9650430e-05  -1.8052884e-03
  -1.6699447e-04  -9.7702509e-04   1.4080751e-05  -1.8690927e-03
  -2.5320394e-04  -1.0257122e-03  -4.2137884e-05  -2.0529994e-03
  -3.3566518e-04  -6.6992156e-04  -3.0894157e-05  -1.9291439e-03
  -4.1812641e-04  -1.1418123e-03   2.8370240e-06  -2.2031273e-03
  -1.2576385e-04  -1.0144767e-03  -2.6701242e-04  -2.3119700e-03
   1.3286457e-04  -7.6729585e-04  -2.7146248e-05  -2.1393229e-03
  -4.3302614e-05  -8.7216047e-04  -2.4077706e-04  -2.1393229e-03
  -2.4570747e-04  -8.6092497e-04  -3.7944969e-04  -1.9328971e-03
  -1.7074271e-04  -1.3140899e-03   6.5849330e-06  -2.0867782e-03
  -1.0327442e-04  -9.7327992e-04  -7.2121156e-05  -2.0492462e-03
  -2.3071451e-04  -9.2084761e-04  -3.5696224e-04  -2.0642590e-03
  -3.2442046e-04  -1.0332026e-03  -2.9324779e-04  -2.2744380e-03
  -3.0567927e-04  -8.4219915e-04  -1.5082725e-04  -2.2631784e-03
  -3.0193104e-04  -9.0961212e-04  -2.3328124e-04  -2.4433319e-03
  -1.8573566e-04  -7.9725717e-04  -3.0449151e-04  -2.2293996e-03
  -3.5806138e-05  -9.5829926e-04  -3.3447479e-04  -2.1168037e-03
  -3.2442046e-04  -9.5829926e-04  -8.3364883e-05  -2.2068805e-03
  -1.4450504e-04  -9.6204443e-04  -1.4333143e-04  -2.2706848e-03
   3.9158622e-05  -9.8826058e-04  -1.2084397e-04  -2.5371618e-03
  -1.7074271e-04  -9.6953476e-04  -1.2084397e-04  -2.3157232e-03
  -5.4547328e-05  -1.0444381e-03  -2.8575197e-04  -2.2143869e-03
  -3.8064403e-04  -8.9463146e-04  -9.8356519e-05  -2.4545915e-03
  -2.4945570e-04  -8.7965080e-04  -1.9205424e-04  -2.4133063e-03
  -9.9526184e-05  -8.8339596e-04  -2.4077706e-04  -2.4508383e-03
  -2.3821099e-04  -9.0212179e-04  -1.9205424e-04  -2.6422513e-03
  -2.4561424e-05  -8.7965080e-04   1.7828660e-05  -2.5446682e-03
  -3.8439227e-04  -8.3096365e-04  -9.4608610e-05  -2.5108894e-03
  -1.6699447e-04  -9.7702509e-04  -1.0585234e-04  -2.4771107e-03
   2.1907405e-04  -8.1223783e-04   5.5307750e-05  -2.1543357e-03
  -9.9526184e-05  -6.5494090e-04  -9.4608610e-05  -2.0304802e-03
   9.1633954e-05  -7.5980552e-04   2.2021575e-04  -1.9404035e-03
   2.3406700e-04  -8.8339596e-04   1.1527429e-04  -2.1355697e-03
  -1.1451914e-04  -7.9351200e-04  -4.6587940e-06  -2.1205569e-03
  -1.1451914e-04  -6.5868606e-04   2.9072387e-05  -1.8315608e-03
  -7.7036756e-05  -7.9725717e-04  -4.9633702e-05  -2.0042078e-03
  -1.4075680e-04  -8.0100233e-04   1.4900547e-04  -1.8991183e-03
   2.4165670e-05  -8.9463146e-04  -1.5902521e-05  -2.0792718e-03
  -2.4561424e-05  -7.5606035e-04  -1.0960025e-04  -2.2369060e-03
  -2.0447685e-04  -7.6729585e-04   1.2277011e-04  -1.8841055e-03
  -2.6819689e-04  -1.0594187e-03   1.2277011e-04  -1.9441567e-03
  -2.3821099e-04  -8.3096365e-04  -2.8575197e-04  -2.1318165e-03
  -8.4533232e-05  -8.5717981e-04  -2.2578543e-04  -2.2631784e-03
   1.0287867e-04  -9.7327992e-04   4.4064023e-05  -2.0792718e-03
  -5.8202340e-06  -8.1972816e-04  -1.9955006e-04  -2.1468293e-03
  -1.5949799e-04  -8.1972816e-04  -1.6207097e-04  -2.3269828e-03
  -1.3326033e-04  -8.0100233e-04  -1.2459188e-04  -1.8803523e-03
  -6.9540280e-05  -8.0474750e-04  -2.6326452e-04  -2.0379866e-03
  -9.5777946e-05  -9.3582827e-04  -1.5832306e-04  -2.1543357e-03
  -3.6939932e-04  -8.7590563e-04  -8.3364883e-05  -1.8165480e-03
  -2.3821099e-04  -8.6092497e-04  -2.2203752e-04  -2.0680122e-03
  -7.7036756e-05  -9.1335728e-04  -2.7825615e-04  -2.1580889e-03
   2.1532581e-04  -7.5980552e-04  -2.8949988e-04  -2.1168037e-03
   1.1711265e-03  -4.2648583e-04  -5.0313069e-04  -2.2631784e-03
   1.4822303e-03  -2.7667923e-04  -2.4827288e-04  -1.9178843e-03
   4.7770247e-04  -8.1223783e-04   4.2635074e-04  -2.0154674e-03
  -2.3446275e-04  -1.1230865e-03   1.0485036e-03  -2.5334086e-03
   3.9158622e-05  -9.4331860e-04   1.1422014e-03  -2.5822002e-03
   5.1893309e-04  -8.6841530e-04   3.0266974e-04  -2.3082168e-03
   1.8308164e-03  -6.4745057e-04  -4.1318088e-04  -2.1130505e-03
   3.3488528e-03  -1.5308879e-04  -6.7178660e-04  -2.4470851e-03
   2.7716241e-03  -1.0440164e-04  -4.8439115e-04  -2.5071362e-03
   6.8385556e-04  -7.7853134e-04   1.2277011e-04  -2.6647705e-03
  -3.0942751e-04  -1.4226997e-03   1.6399711e-04  -3.0250774e-03
  -4.3686760e-04  -1.6960968e-03  -8.8166950e-04  -2.8787027e-03
   6.3512846e-04  -1.2204608e-03  -3.0142297e-03  -2.5709406e-03
   2.5729675e-03  -6.8115705e-04  -4.6258306e-03  -2.1918677e-03
   2.0519624e-03  -8.7216047e-04  -4.7195283e-03  -2.2369060e-03
  -1.5238566e-03  -1.5762515e-03  -4.3747207e-03  -2.2856976e-03
  -5.2383605e-03  -2.3777168e-03  -4.4609226e-03  -2.5634342e-03
  -5.8005962e-03  -2.5350137e-03  -5.5777995e-03  -2.4846170e-03
  -3.5479051e-03  -2.5387589e-03  -5.7052284e-03  -1.9141311e-03
  -1.0665716e-03  -1.7260581e-03  -6.1212463e-03  -2.1055441e-03
  -9.3538326e-04  -6.7741189e-04  -8.3737396e-03  -1.5012794e-03
  -2.5583703e-03  -7.6355068e-04  -9.3069689e-03  -9.0076791e-04
  -2.7307893e-03  -7.2609903e-04  -9.1458088e-03  -9.2704029e-04
  -1.7562474e-03  -6.6617639e-04  -7.1294338e-03  -7.8441880e-04
  -1.7412544e-03  -3.6656319e-04  -4.8956800e-03  -8.9701471e-04
  -2.4084408e-03  -3.8154385e-04  -3.0292214e-03  -9.7958505e-04
  -2.4046926e-03  -7.8227651e-04   1.0147725e-03  -1.3098664e-03
  -9.3163502e-04  -7.1860870e-04   5.6734233e-03  -1.9629227e-03
  -2.4570747e-04  -8.2347332e-04   9.0990122e-03  -2.4583447e-03
  -1.5949799e-04  -5.5756661e-04   1.0931740e-02  -2.5221490e-03
   2.7491347e-03  -4.7517298e-04   1.2794450e-02  -2.5746938e-03
   2.6891629e-03  -6.9239255e-04   1.1299035e-02  -2.3344892e-03
   3.6525533e-04  -8.9837662e-04   8.3494304e-03  -1.9516631e-03
  -1.5276049e-03  -1.2092253e-03   6.0969371e-03  -9.6457226e-04
  -2.8169987e-03  -1.9245518e-03   7.7947398e-03  -7.4313364e-04
   3.9223332e-03  -2.3140490e-03   1.6100106e-02  -2.9012219e-03
   6.5873304e-03  -1.0481832e-03   1.2487122e-02  -3.0288306e-03
   1.4410929e-04  -1.1938230e-04   1.2621344e-03  -4.5038427e-04
  -7.7795726e-04  -2.7293407e-04   1.9480018e-03   7.8816505e-05
   3.1089655e-03  -1.0107316e-03   1.0965471e-02  -2.7210685e-03
   1.7633481e-03  -1.4638965e-03   1.4184925e-02  -4.0759726e-03
  -3.3305073e-03  -6.7741189e-04   3.5371152e-03  -1.7227181e-03
   2.5655643e-04  -4.0733835e-05  -2.0735046e-03  -7.7315921e-04
   5.6802568e-03  -7.8185485e-05   4.1517723e-03  -2.9612731e-03
   5.0403336e-05  -5.5714495e-05   2.8812311e-03  -3.3666183e-03
  -5.8005962e-03  -4.4146649e-04  -4.3409895e-03  -1.5876030e-03
  -2.0036311e-03  -1.3740126e-03  -6.2711626e-03  -1.7001989e-03
   2.0369695e-03  -1.4713869e-03  -4.7607553e-03  -2.7510940e-03
  -2.7907611e-03  -9.5455410e-04  -6.2336836e-03  -2.5897066e-03
  -5.6806526e-03  -5.8752793e-04  -1.0686199e-02  -1.4862666e-03
   4.0273771e-04  -5.8752793e-04  -1.0476317e-02  -1.6063689e-03
   1.7895858e-03  -1.0257122e-03  -7.2306273e-03  -2.7323280e-03
  -3.9864490e-03  -1.1268317e-03  -6.2261877e-03  -2.8036388e-03
  -5.8793092e-03  -1.1118510e-03  -5.4990934e-03  -2.6835365e-03
  -1.8537016e-03  -1.5874870e-03  -4.4834100e-03  -2.5746938e-03
   1.4934750e-03  -1.5013482e-03  -3.3028187e-03  -2.6872897e-03
  -8.0044669e-04  -9.7702509e-04  -3.5764161e-03  -2.5221490e-03
  -2.7870128e-03  -8.4968948e-04  -4.5958473e-03  -1.9741823e-03
  -3.0193104e-04  -9.1335728e-04  -4.1835773e-03  -1.9253907e-03
   6.9510027e-04  -1.3440513e-03  -3.1603982e-03  -1.9404035e-03
  -1.7262615e-03  -1.1043607e-03  -3.1866335e-03  -1.8615863e-03
  -2.0898406e-03  -5.0513430e-04  -3.7600636e-03  -1.6401477e-03
   1.1111547e-03  -6.1374408e-04  -2.1859418e-03  -1.8015352e-03
   2.1606613e-03  -8.1972816e-04   2.5324478e-05  -2.1468293e-03
  -5.2682532e-04  -6.3621507e-04   1.2996135e-03  -2.1881145e-03
  -1.5463461e-03  -4.0776001e-04   1.7306231e-03  -2.2106337e-03
   1.0062040e-03  -6.9988288e-04   2.6076338e-03  -2.2556720e-03
   1.6958798e-03  -6.7366672e-04   4.1067974e-03  -2.2106337e-03
  -5.3432179e-04  -5.5382144e-04   4.7814210e-03  -2.2181401e-03
   9.1727180e-06  -7.8976684e-04   5.2274222e-03  -2.0304802e-03
   2.8803230e-03  -8.6092497e-04   5.6621796e-03  -1.7940288e-03
   3.1689374e-03  -8.7590563e-04   6.1269203e-03  -2.2106337e-03
   6.0514256e-04  -6.8864738e-04   4.8151522e-03  -1.8653395e-03
  -2.3446275e-04  -8.0100233e-04   2.7837855e-03  -1.4937730e-03
   1.6546492e-03  -9.8826058e-04   3.2860053e-03  -1.9103779e-03
   1.5571950e-03  -9.6953476e-04   4.3991343e-03  -1.8015352e-03
  -2.1946980e-04  -1.0669090e-03   4.4178738e-03  -2.1205569e-03
  -1.2576385e-04  -5.6505694e-04   3.9943601e-03  -2.1318165e-03
   1.5984256e-03  -4.3023100e-04   3.5071319e-03  -1.8203012e-03
   1.7258657e-03  -7.4857002e-04   3.4659049e-03  -2.2218933e-03
  -4.7060175e-04  -6.2123441e-04   3.0911140e-03  -2.3007104e-03
  -8.1918788e-04  -7.4482486e-04   1.8318166e-03  -2.4545915e-03
   2.9029057e-04  -8.2721849e-04   5.0505683e-04  -2.3457488e-03
   3.2027647e-04  -8.7216047e-04  -1.1964939e-03  -2.0042078e-03
  -3.5815461e-04  -7.3358936e-04  -2.7368845e-03  -1.9854418e-03
  -4.2562289e-04  -6.2123441e-04  -3.6101473e-03  -1.9666759e-03
   3.6525533e-04  -9.7327992e-04  -4.5883515e-03  -2.2781912e-03
  -7.6671255e-04  -1.0594187e-03  -5.4878497e-03  -2.0567526e-03
  -2.2622595e-03  -1.0332026e-03  -5.4616143e-03  -2.0605058e-03
  -2.0973370e-03  -1.1343220e-03  -5.3566728e-03  -2.4283191e-03
  -1.3476894e-03  -1.3178351e-03  -5.1205546e-03  -2.2106337e-03
  -4.6310527e-04  -1.1530478e-03  -3.8050385e-03  -2.3419956e-03
  -9.6162092e-04  -1.0706542e-03  -2.9917423e-03  -2.4583447e-03
  -1.3514377e-03  -1.1979898e-03  -2.8718092e-03  -2.5484214e-03
  -3.5815461e-04  -1.0669090e-03  -3.2990708e-03  -2.5183958e-03
  -3.9563699e-04  -1.3852481e-03  -3.8575092e-03  -2.1130505e-03
  -1.2652282e-03  -1.2878738e-03  -3.3103145e-03  -1.8578331e-03
  -1.0028515e-03  -9.6953476e-04  -3.0367172e-03  -2.0567526e-03
   1.0287867e-04  -1.0257122e-03  -3.2990708e-03  -2.3457488e-03
   5.1518485e-04  -8.5717981e-04  -3.3777769e-03  -2.0642590e-03
  -4.7809822e-04  -7.7478618e-04  -3.5014579e-03  -1.6964457e-03
  -9.8036211e-04  -6.5119573e-04  -2.2983791e-03  -1.8728459e-03
  -4.4061584e-04  -7.1860870e-04  -7.0551778e-04  -2.2068805e-03
  -3.0567927e-04  -8.9837662e-04  -3.5321433e-04  -2.0867782e-03
  -1.8198742e-04  -9.6204443e-04   5.9055659e-05  -1.9216375e-03
   2.0782933e-04  -8.2347332e-04   5.9125874e-04  -1.8353140e-03
   5.1893309e-04  -8.8339596e-04   1.3333447e-03  -1.9629227e-03
   5.9014961e-04  -9.8826058e-04   1.6819003e-03  -2.0192206e-03
   8.6002274e-04  -7.4857002e-04   1.8955311e-03  -1.8428204e-03
   9.2374279e-04  -1.0069864e-03   2.6188775e-03  -2.1017910e-03
   5.1518485e-04  -9.4331860e-04   2.6563566e-03  -2.0004546e-03
   6.8760380e-04  -7.3358936e-04   2.9074665e-03  -1.8090416e-03
   1.2723289e-03  -8.5343464e-04   3.4621570e-03  -2.0454930e-03
   1.2273501e-03  -7.9725717e-04   3.5521068e-03  -2.1055441e-03
   7.6256856e-04  -8.1972816e-04   3.4471654e-03  -2.0117142e-03
   9.0500160e-04  -6.6243123e-04   3.0836182e-03  -2.0379866e-03
   7.7006503e-04  -8.3845398e-04   2.3452801e-03  -2.2256465e-03
   9.9130430e-05  -1.0893800e-03   1.6893961e-03  -2.2932040e-03
  -1.2201561e-04  -7.6355068e-04   1.1309576e-03  -2.3570083e-03
   1.0287867e-04  -8.4968948e-04   5.6127546e-04  -2.5296554e-03
   1.7034695e-04  -9.9575091e-04   5.1255265e-04  -2.5296554e-03
  -1.5200152e-04  -6.6243123e-04  -6.0877429e-05  -2.3119700e-03
   1.1412338e-04  -6.0250859e-04  -1.1777543e-03  -2.2256465e-03
   2.4531171e-04  -6.9988288e-04  -1.6200076e-03  -2.3795275e-03
  -1.9323213e-04  -8.5717981e-04  -1.8373863e-03  -2.3682679e-03
  -6.8425131e-04  -9.3957344e-04  -2.5982118e-03  -2.1543357e-03
  -9.4662797e-04  -9.0961212e-04  -2.8718092e-03  -2.3419956e-03
  -2.3446275e-04  -1.0219671e-03  -2.4258080e-03  -2.5371618e-03
  -2.2321804e-04  -1.0219671e-03  -2.4895225e-03  -2.4245659e-03
  -6.6176188e-04  -9.3582827e-04  -2.8343301e-03  -2.5559278e-03
  -3.8064403e-04  -9.0961212e-04  -3.4489872e-03  -2.3832807e-03
  -5.1183236e-04  -1.0032412e-03  -3.5351891e-03  -2.2293996e-03
  -7.7046079e-04  -1.0332026e-03  -3.2878271e-03  -2.3194764e-03
  -1.1452846e-03  -1.0481832e-03  -3.2091210e-03  -2.4395787e-03
  -9.8785859e-04  -1.1567930e-03  -2.7818594e-03  -2.5521746e-03
  -3.2816870e-04  -1.0219671e-03  -2.7256407e-03  -2.3832807e-03
  -1.2576385e-04  -9.9575091e-04  -2.3471019e-03  -2.5559278e-03
  -5.4547328e-05  -1.0519284e-03  -1.6349992e-03  -2.5334086e-03
  -1.5574975e-04  -7.9351200e-04  -8.7792159e-04  -2.3570083e-03
  -1.6699447e-04  -8.0849266e-04  -3.1948315e-04  -2.2481656e-03
  -2.7569337e-04  -1.0556735e-03  -4.0568506e-04  -2.2781912e-03
  -1.5574975e-04  -8.1223783e-04  -2.2953333e-04  -2.2481656e-03
   1.4410929e-04  -4.9764397e-04   2.3145947e-04  -1.7902756e-03
   1.1412338e-04  -8.2347332e-04   6.6246901e-04  -2.1205569e-03
   3.5401061e-04  -9.0212179e-04   8.2737700e-04  -2.1130505e-03
   3.0153528e-04  -6.0625375e-04   1.2471428e-03  -1.8465736e-03
   1.6659871e-04  -8.0849266e-04   1.7043877e-03  -2.0154674e-03
   3.8774476e-04  -7.8602167e-04   1.6706565e-03  -1.7414840e-03
   4.9644366e-04  -7.2609903e-04   1.8692957e-03  -1.9929482e-03
   3.0903176e-04  -8.3470882e-04   1.5244881e-03  -2.0454930e-03
   8.4137478e-05  -6.6992156e-04   1.4495299e-03  -1.9178843e-03
   2.1157757e-04  -9.0586695e-04   1.8842873e-03  -1.9741823e-03
   1.7034695e-04  -7.7853134e-04   1.8730436e-03  -1.8165480e-03
   4.4396833e-04  -5.3135045e-04   2.2178512e-03  -2.2031273e-03
   7.8880622e-04  -8.8714113e-04   1.8805394e-03  -1.9741823e-03
   5.9014961e-04  -7.5606035e-04   1.6519170e-03  -1.8540799e-03
   2.8279409e-04  -6.4370540e-04   1.9779851e-03  -2.2744380e-03
  -2.2696628e-04  -5.8752793e-04   1.4345383e-03  -2.2481656e-03
  -1.5200152e-04  -6.9613771e-04   9.3981427e-04  -2.1655953e-03
   5.4244800e-06  -9.3957344e-04   6.3623364e-04  -1.9891950e-03
  -2.3071451e-04  -7.3733453e-04   2.0897202e-04  -2.1055441e-03
  -2.3446275e-04  -9.2833794e-04  -2.3702915e-04  -2.1243101e-03
  -3.3566518e-04  -7.9725717e-04  -6.6054287e-04  -2.0755186e-03
  -3.4690989e-04  -7.0737321e-04  -1.1927459e-03  -2.1092973e-03
  -4.5560879e-04  -9.9575091e-04  -1.6762262e-03  -2.1017910e-03
  -7.9295021e-04  -1.1043607e-03  -1.8186467e-03  -2.0680122e-03
  -6.3927246e-04  -1.2129705e-03  -2.0172859e-03  -1.8278076e-03
  -5.7930065e-04  -9.2833794e-04  -2.1484627e-03  -2.0567526e-03
  -9.4287973e-04  -9.8451542e-04  -2.2346646e-03  -2.4620979e-03
  -8.0044669e-04  -1.0556735e-03  -2.2833875e-03  -2.4433319e-03
  -8.5667026e-04  -8.3470882e-04  -2.0772525e-03  -2.1731017e-03
  -1.1003057e-03  -7.4857002e-04  -1.8786133e-03  -2.0605058e-03
  -8.8665616e-04  -1.0032412e-03  -1.7886635e-03  -2.1017910e-03
  -6.5801365e-04  -1.1792640e-03  -1.5263098e-03  -2.1017910e-03
  -3.8439227e-04  -9.2833794e-04  -1.4213684e-03  -2.0905314e-03
  -5.0433589e-04  -1.1418123e-03  -1.3014353e-03  -2.0492462e-03
  -5.5306298e-04  -1.0856349e-03  -6.2681169e-04  -2.1768549e-03
  -3.1692399e-04  -8.8339596e-04  -4.3941624e-04  -2.2181401e-03
  -1.6324623e-04  -1.0706542e-03  -4.6190369e-04  -1.9554163e-03
  -3.5815461e-04  -1.0931252e-03   9.2786840e-05  -1.9967014e-03
  -5.3057355e-04  -9.7702509e-04   5.3878801e-04  -1.9629227e-03
  -1.3316710e-05  -9.8451542e-04   6.2124201e-04  -1.9854418e-03
  -1.7064948e-05  -1.0781445e-03   8.8734355e-04  -2.2068805e-03
  -3.2057900e-05  -7.6355068e-04   1.3221010e-03  -1.6288881e-03
   1.4410929e-04  -7.2984420e-04   1.3445884e-03  -1.6851861e-03
   1.1037514e-04  -9.0586695e-04   1.5619672e-03  -1.9178843e-03
   1.9658462e-04  -9.1710245e-04   1.6519170e-03  -1.5988626e-03
   8.7885716e-05  -1.0856349e-03   1.4870090e-03  -1.9328971e-03
   2.1532581e-04  -1.0856349e-03   1.6893961e-03  -1.9291439e-03
   1.1412338e-04  -9.7327992e-04   1.5619672e-03  -1.8052884e-03
   1.4410929e-04  -8.3096365e-04   1.3820675e-03  -1.8015352e-03
   2.2282228e-04  -6.0999892e-04   1.2134116e-03  -1.6176285e-03
  -9.9526184e-05  -5.9876342e-04   1.1084702e-03  -1.7677564e-03
  -8.4533232e-05  -9.0961212e-04   1.0972265e-03  -2.1017910e-03
  -1.0327442e-04  -6.6617639e-04   7.3367928e-04  -2.3082168e-03
  -2.0072861e-04  -5.9127309e-04   8.0863746e-04  -1.9328971e-03
  -3.2067223e-04  -1.0032412e-03   5.6502337e-04  -1.8503268e-03
  -2.0072861e-04  -8.1972816e-04  -2.0329797e-04  -2.2519188e-03
  -9.9526184e-05  -7.7478618e-04  -4.6939951e-04  -2.0229738e-03
  -2.1572156e-04  -9.7702509e-04  -6.2306378e-04  -1.9253907e-03
  -3.7314756e-04  -1.1118510e-03  -5.0313069e-04  -2.2218933e-03
  -5.4181827e-04  -8.7965080e-04  -7.0176987e-04  -2.2293996e-03
  -4.8184646e-04  -7.8976684e-04  -1.1552669e-03  -2.2519188e-03
  -5.9054536e-04  -9.9575091e-04  -1.0953003e-03  -2.1468293e-03
  -5.3057355e-04  -7.2984420e-04  -1.0578212e-03  -1.9929482e-03
  -6.4676893e-04  -9.1335728e-04  -9.6787141e-04  -2.1017910e-03
  -7.3297841e-04  -1.0332026e-03  -1.0803087e-03  -2.4095531e-03
  -4.4811232e-04  -8.7965080e-04  -1.1215357e-03  -2.5746938e-03
  -7.1423722e-04  -1.0294574e-03  -7.6548432e-04  -2.2594252e-03
  -7.3672664e-04  -9.7702509e-04  -5.4060978e-04  -2.1881145e-03
  -4.6685351e-04  -8.9463146e-04  -6.4180332e-04  -2.2856976e-03
  -4.6685351e-04  -9.2084761e-04  -8.8541741e-04  -2.1430761e-03
  -3.3941342e-04  -9.7327992e-04  -6.8303032e-04  -2.3532552e-03
  -2.9443456e-04  -1.0032412e-03  -5.7434096e-04  -2.3532552e-03
  -1.8573566e-04  -9.6204443e-04  -2.8575197e-04  -2.0117142e-03
   1.6669194e-05  -8.5343464e-04   1.0028266e-04  -2.3532552e-03
   3.5410384e-05  -8.3096365e-04   4.4064023e-05  -2.5784470e-03
  -9.5777946e-05  -8.9463146e-04   1.9398038e-04  -2.3119700e-03
  -3.2067223e-04  -8.4968948e-04   5.3504010e-04  -2.2669316e-03
  -2.1946980e-04  -8.8339596e-04   8.3112491e-04  -2.1993741e-03
   9.1727180e-06  -8.8339596e-04   7.7115837e-04  -2.2218933e-03
   8.0389240e-05  -7.5231519e-04   1.0859827e-03  -2.2706848e-03
   1.1412338e-04  -8.1598299e-04   1.1796804e-03  -2.1731017e-03
   8.0389240e-05  -6.1374408e-04   9.6230173e-04  -2.0342334e-03
   1.2161986e-04  -6.2123441e-04   1.2059158e-03  -2.0079610e-03
   2.2657052e-04  -8.1223783e-04   1.0634953e-03  -1.9704291e-03
   1.0287867e-04  -6.1374408e-04   8.5736028e-04  -1.9704291e-03
   1.2911633e-04  -7.6729585e-04   6.0999828e-04  -2.2594252e-03
   1.9658462e-04  -6.3996024e-04   6.8870437e-04  -2.2369060e-03
  -9.2029708e-05  -8.0100233e-04   7.3742719e-04  -2.1130505e-03
  -1.1077090e-04  -9.5080893e-04   3.2140929e-04  -2.0867782e-03
   1.6762420e-06  -5.0887946e-04   2.6144274e-04  -2.0605058e-03
   2.0417432e-05  -9.8826058e-04   1.4525757e-04  -2.0867782e-03
  -2.7194513e-04  -8.6841530e-04   8.9038931e-05  -2.1092973e-03
  -5.6805593e-04  -6.0625375e-04   7.0299386e-05  -2.2519188e-03
  -2.1572156e-04  -9.8077025e-04  -2.6326452e-04  -2.1130505e-03
  -9.9526184e-05  -7.5606035e-04  -2.3702915e-04  -1.9929482e-03
  -3.7314756e-04  -8.5717981e-04  -3.0823942e-04  -2.0379866e-03
  -3.1317575e-04  -6.9988288e-04  -5.5560142e-04  -1.8540799e-03
  -1.9698037e-04  -6.2123441e-04  -5.6684514e-04  -2.0379866e-03
  -3.0193104e-04  -9.9575091e-04  -6.4929914e-04  -2.2481656e-03
  -3.0193104e-04  -6.5494090e-04  -5.0313069e-04  -2.0154674e-03
