  -6.5792042e-05  -8.3096365e-04  -3.4571851e-04  -2.0117142e-03
  -1.1826737e-04  -9.3582827e-04  -3.8319760e-04  -2.1355697e-03
  -2.2696628e-04  -9.6578959e-04  -2.5576870e-04  -2.2068805e-03
  -2.9443456e-04  -1.0556735e-03  -3.6820597e-04  -2.0942846e-03
  -1.4075680e-04  -1.0519284e-03  -2.6701242e-04  -2.0717654e-03
  -2.4195923e-04  -8.6467014e-04  -2.8200406e-04  -2.0267270e-03
  -1.5200152e-04  -1.1268317e-03  -2.5951661e-04  -2.0830250e-03
  -1.6699447e-04  -1.0818897e-03  -6.8373247e-05  -1.9666759e-03
  -2.1572156e-04  -6.5494090e-04  -1.1709606e-04  -1.8052884e-03
   5.4244800e-06  -8.7216047e-04  -1.8830634e-04  -1.7790160e-03
  -7.7036756e-05  -1.0444381e-03  -2.9324779e-04  -1.7715096e-03
  -8.8281470e-05  -7.8976684e-04  -3.1948315e-04  -1.8578331e-03
  -2.0822509e-04  -6.2123441e-04  -1.0585234e-04  -1.9704291e-03
  -2.2696628e-04  -7.2984420e-04  -4.5885793e-05  -1.9666759e-03
  -1.5574975e-04  -9.7702509e-04  -2.7146248e-05  -1.7527436e-03
  -4.7809822e-04  -8.1598299e-04   7.0299386e-05  -1.8390672e-03
  -3.2442046e-04  -5.7629243e-04   1.0332842e-05  -1.9516631e-03
  -3.2816870e-04  -8.3096365e-04  -2.1079379e-04  -1.8240544e-03
  -4.7809822e-04  -1.0219671e-03  -1.8830634e-04  -2.0830250e-03
   2.4165670e-05  -8.3845398e-04  -2.6326452e-04  -2.1430761e-03
   4.6655098e-05  -6.8115705e-04  -3.4571851e-04  -2.0004546e-03
  -1.0327442e-04  -8.6841530e-04  -8.4067030e-06  -2.0492462e-03
  -3.5806138e-05  -1.0144767e-03  -1.0210443e-04  -2.1318165e-03
  -1.6699447e-04  -8.1972816e-04  -1.3958352e-04  -2.1055441e-03
  -2.3071451e-04  -7.6355068e-04  -9.0860701e-05  -1.9441567e-03
  -3.7314756e-04  -7.5231519e-04  -1.9955006e-04  -2.2181401e-03
  -2.9443456e-04  -8.0100233e-04   2.1576569e-05  -2.0942846e-03
  -1.5949799e-04  -9.6204443e-04  -1.2833979e-04  -1.9591695e-03
  -3.9554376e-05  -9.5455410e-04  -1.9955006e-04  -2.3007104e-03
   4.6655098e-05  -9.2084761e-04  -1.2459188e-04  -2.1092973e-03
  -1.5574975e-04  -7.5231519e-04  -1.9205424e-04  -2.3044636e-03
   2.7913908e-05  -6.3996024e-04  -3.4642066e-05  -2.3945403e-03
   2.4165670e-05  -8.7216047e-04  -1.6207097e-04  -2.0867782e-03
  -2.4570747e-04  -1.0706542e-03  -2.1454170e-04  -2.3044636e-03
  -2.3446275e-04  -7.6729585e-04  -9.8356519e-05  -2.2369060e-03
  -1.3700856e-04  -6.0250859e-04  -1.8081052e-04  -2.1055441e-03
  -9.2029708e-05  -8.4594431e-04  -7.5869065e-05  -2.3645147e-03
  -6.9540280e-05  -6.8490222e-04   3.6568205e-05  -2.3870339e-03
  -1.3326033e-04  -8.9088629e-04  -1.9580215e-04  -2.2331528e-03
  -1.8948390e-04  -1.0519284e-03  -2.5202079e-04  -2.2969572e-03
   1.0662691e-04  -8.5717981e-04  -1.8830634e-04  -2.2669316e-03
  -1.7449094e-04  -1.0032412e-03  -3.5321433e-04  -2.2819444e-03
  -2.7194513e-04  -7.0737321e-04  -5.7129520e-05  -2.3382424e-03
  -1.0327442e-04  -9.6578959e-04   9.2786840e-05  -2.3007104e-03
  -2.6070042e-04  -1.0781445e-03  -2.3702915e-04  -2.5146426e-03
   1.6659871e-04  -5.8003760e-04  -1.6207097e-04  -2.1130505e-03
   1.5160576e-04  -7.6729585e-04  -2.3398339e-05  -1.8991183e-03
   7.6641002e-05  -8.5343464e-04  -2.3398339e-05  -2.1430761e-03
  -6.5792042e-05  -6.8864738e-04   5.1559841e-05  -2.0304802e-03
  -1.1077090e-04  -7.5231519e-04  -9.1088500e-07  -2.1993741e-03
   1.3661281e-04  -8.6467014e-04   6.6551477e-05  -2.0529994e-03
  -5.0799090e-05  -6.9988288e-04   8.5291022e-05  -1.8803523e-03
  -2.0719960e-06  -7.7853134e-04  -4.9633702e-05  -2.0942846e-03
  -1.1826737e-04  -8.4968948e-04  -7.9616974e-05  -2.0154674e-03
   1.4036105e-04  -7.5606035e-04  -1.2833979e-04  -1.7790160e-03
   1.1037514e-04  -7.2984420e-04   2.8370240e-06  -1.9404035e-03
  -2.1572156e-04  -6.6617639e-04  -1.7331470e-04  -2.1130505e-03
  -2.8309662e-05  -8.9088629e-04  -2.5202079e-04  -2.0004546e-03
  -2.1946980e-04  -7.0362804e-04  -1.3958352e-04  -2.1731017e-03
  -5.8295566e-05  -7.5606035e-04  -3.8319760e-04  -2.0417398e-03
   8.4137478e-05  -1.0631639e-03  -1.4333143e-04  -1.9253907e-03
   9.1727180e-06  -7.6729585e-04   3.2820296e-05  -2.1393229e-03
   6.5396288e-05  -8.0474750e-04  -5.7129520e-05  -1.9629227e-03
  -8.0784994e-05  -9.0961212e-04  -1.6956679e-04  -1.9028715e-03
  -3.4316165e-04  -7.7853134e-04  -1.5832306e-04  -2.0755186e-03
  -3.2442046e-04  -6.9613771e-04  -4.6587940e-06  -1.9479099e-03
  -9.5684720e-06  -7.8602167e-04  -3.1573524e-04  -1.8653395e-03
  -1.8198742e-04  -9.0961212e-04  -4.9633702e-05  -2.0079610e-03
  -1.5949799e-04  -7.5980552e-04   1.0028266e-04  -1.9253907e-03
   4.6655098e-05  -8.4219915e-04  -2.4827288e-04  -1.8728459e-03
  -8.4533232e-05  -9.6953476e-04  -1.5832306e-04  -1.9404035e-03
  -3.9938522e-04  -8.6467014e-04  -2.6326452e-04  -2.0417398e-03
  -5.3057355e-04  -9.4331860e-04  -1.1334816e-04  -2.1055441e-03
  -2.0822509e-04  -8.5717981e-04  -1.7331470e-04  -1.8953651e-03
  -1.6324623e-04  -7.7478618e-04  -4.0193715e-04  -2.0454930e-03
  -3.2816870e-04  -1.1343220e-03  -3.3072688e-04  -2.2819444e-03
  -2.7944161e-04  -1.1493027e-03  -4.5065997e-04  -2.1505825e-03
  -2.8309662e-05  -9.5829926e-04  -1.7706261e-04  -2.0905314e-03
  -3.0567927e-04  -8.9463146e-04  -8.3364883e-05  -2.0717654e-03
  -4.1812641e-04  -8.4968948e-04  -2.9324779e-04  -2.3795275e-03
  -2.2696628e-04  -1.2391866e-03  -3.0823942e-04  -2.2556720e-03
  -2.4570747e-04  -1.2279511e-03  -3.1948315e-04  -1.9554163e-03
  -6.2043804e-05  -7.4857002e-04  -2.1079379e-04  -2.3269828e-03
  -2.4945570e-04  -1.1043607e-03  -1.9955006e-04  -2.1468293e-03
  -1.3700856e-04  -1.4077191e-03  -3.5696224e-04  -1.9366503e-03
  -1.7449094e-04  -8.4594431e-04  -2.7825615e-04  -2.1355697e-03
  -4.8934294e-04  -9.6578959e-04  -1.7706261e-04  -2.2856976e-03
  -3.2067223e-04  -1.3328158e-03  -3.1948315e-04  -2.0379866e-03
  -2.7944161e-04  -9.6578959e-04  -2.5576870e-04  -1.8278076e-03
  -2.0072861e-04  -7.0737321e-04  -8.7112792e-05  -2.1430761e-03
  -5.0799090e-05  -6.1374408e-04  -9.4608610e-05  -1.8240544e-03
  -5.4547328e-05  -8.6467014e-04  -1.6581888e-04  -1.7527436e-03
  -2.0072861e-04  -8.9463146e-04  -2.1454170e-04  -1.8991183e-03
  -1.1826737e-04  -8.1223783e-04  -9.0860701e-05  -1.8165480e-03
  -7.7036756e-05  -9.5455410e-04  -5.7129520e-05  -2.1993741e-03
  -1.6699447e-04  -7.9725717e-04  -3.5321433e-04  -2.2068805e-03
  -5.0799090e-05  -8.6467014e-04  -2.4077706e-04  -1.9066247e-03
  -4.7050852e-05  -7.9351200e-04  -1.5457515e-04  -1.9366503e-03
  -9.9526184e-05  -8.2347332e-04  -3.8694551e-04  -2.1355697e-03
  -1.4825328e-04  -8.6092497e-04  -1.4333143e-04  -2.1430761e-03
  -2.8309662e-05  -6.8490222e-04  -2.1454170e-04  -2.1731017e-03
  -1.6324623e-04  -8.1223783e-04  -9.8356519e-05  -2.1130505e-03
  -4.8559470e-04  -6.7741189e-04   1.9398038e-04  -2.0304802e-03
  -2.3071451e-04  -8.6467014e-04  -1.2154612e-05  -2.0717654e-03
  -1.5574975e-04  -1.0931252e-03  -7.2121156e-05  -2.1655953e-03
  -2.5320394e-04  -6.9988288e-04  -2.1454170e-04  -2.1618421e-03
  -1.2201561e-04  -8.6467014e-04  -5.7129520e-05  -1.9028715e-03
  -1.2951209e-04  -1.0294574e-03   3.2820296e-05  -2.1205569e-03
  -5.8202340e-06  -7.7478618e-04  -2.6326452e-04  -2.3044636e-03
  -9.9526184e-05  -8.9463146e-04  -2.2578543e-04  -2.1580889e-03
  -2.9443456e-04  -8.9837662e-04  -1.4333143e-04  -2.0642590e-03
  -2.8318985e-04  -9.5080893e-04  -7.9616974e-05  -2.1243101e-03
  -1.4825328e-04  -9.2459278e-04  -1.7331470e-04  -2.2856976e-03
   1.2536810e-04  -6.8490222e-04  -2.5576870e-04  -2.2932040e-03
  -1.0702266e-04  -7.5606035e-04  -8.3364883e-05  -2.2781912e-03
  -2.6070042e-04  -8.1972816e-04  -2.4077706e-04  -2.2932040e-03
  -9.5777946e-05  -8.4219915e-04  -1.9205424e-04  -2.2744380e-03
  -1.4825328e-04  -7.7853134e-04  -3.4642066e-05  -2.1505825e-03
  -9.9526184e-05  -8.9463146e-04  -2.1828961e-04  -2.2369060e-03
  -1.5949799e-04  -9.2459278e-04  -3.4642066e-05  -2.2932040e-03
  -1.7449094e-04  -8.6092497e-04  -1.5902521e-05  -2.2669316e-03
  -5.8202340e-06  -7.9351200e-04  -1.0210443e-04  -2.2068805e-03
  -1.3700856e-04  -7.1486354e-04  -1.5082725e-04  -2.1430761e-03
  -2.0072861e-04  -8.3845398e-04  -1.2459188e-04  -2.2331528e-03
  -5.4547328e-05  -9.3582827e-04   1.1152638e-04  -2.2068805e-03
  -1.8948390e-04  -1.1006155e-03  -3.6071015e-04  -2.3082168e-03
  -1.6699447e-04  -7.7853134e-04  -3.4571851e-04  -2.3570083e-03
   1.1787162e-04  -7.3358936e-04   1.1902220e-04  -2.1580889e-03
   1.5910224e-04  -8.3470882e-04   1.4080751e-05  -1.9967014e-03
  -1.3316710e-05  -6.8864738e-04  -9.1088500e-07  -2.0154674e-03
  -7.3288518e-05  -7.2235387e-04   3.6568205e-05  -2.1168037e-03
   1.5535400e-04  -5.7629243e-04   1.0332842e-05  -1.8503268e-03
   1.6762420e-06  -7.7478618e-04  -2.1454170e-04  -1.9066247e-03
  -1.6699447e-04  -8.0100233e-04  -4.5885793e-05  -2.1806081e-03
   5.4244800e-06  -6.3996024e-04   1.0028266e-04  -1.8953651e-03
  -6.9540280e-05  -7.0737321e-04  -1.5832306e-04  -1.9967014e-03
  -4.7050852e-05  -8.9463146e-04  -1.6581888e-04  -2.0042078e-03
   5.4244800e-06  -8.8339596e-04  -2.3702915e-04  -1.6964457e-03
  -7.3288518e-05  -6.8490222e-04  -1.0585234e-04  -1.8540799e-03
  -5.8295566e-05  -7.8602167e-04  -3.4642066e-05  -2.0567526e-03
  -2.8693808e-04  -7.8602167e-04   7.0299386e-05  -2.0980378e-03
  -3.2067223e-04  -7.3733453e-04   2.2771156e-04  -2.0117142e-03
   3.1662146e-05  -7.7478618e-04  -7.2121156e-05  -1.9066247e-03
  -2.1946980e-04  -9.2084761e-04  -3.0074361e-04  -1.9591695e-03
  -3.2057900e-05  -9.6953476e-04  -3.4571851e-04  -2.0304802e-03
   8.7885716e-05  -8.1972816e-04  -3.4946642e-04  -1.9967014e-03
  -3.1317575e-04  -8.2721849e-04  -2.7825615e-04  -2.1806081e-03
  -5.8295566e-05  -8.4594431e-04  -4.6587940e-06  -2.2293996e-03
  -2.9818280e-04  -9.3582827e-04  -9.0860701e-05  -2.0830250e-03
  -3.2067223e-04  -7.6729585e-04  -1.5457515e-04  -2.2106337e-03
  -2.7944161e-04  -6.2872474e-04  -1.3208770e-04  -2.2969572e-03
  -3.6565108e-04  -9.0961212e-04  -3.9444133e-04  -2.0980378e-03
  -9.9526184e-05  -8.2721849e-04  -1.5082725e-04  -2.0830250e-03
  -4.4811232e-04  -8.7216047e-04  -2.5951661e-04  -2.3307360e-03
  -2.8693808e-04  -1.0706542e-03  -2.7076033e-04  -2.1280633e-03
  -2.8309662e-05  -9.7327992e-04  -7.5869065e-05  -2.0567526e-03
  -2.3821099e-04  -9.9575091e-04  -2.9324779e-04  -2.1881145e-03
  -2.9443456e-04  -1.0069864e-03  -3.4946642e-04  -2.0830250e-03
  -3.6939932e-04  -1.1380672e-03  -2.9324779e-04  -2.2594252e-03
  -1.8198742e-04  -1.1904995e-03  -1.2459188e-04  -2.2594252e-03
  -2.5320394e-04  -8.4219915e-04  -3.1573524e-04  -1.9967014e-03
  -2.2696628e-04  -8.1223783e-04  -3.2697897e-04  -2.0304802e-03
  -2.2321804e-04  -1.1155962e-03  -1.9955006e-04  -1.9967014e-03
  -5.3057355e-04  -9.2459278e-04  -2.3328124e-04  -2.0680122e-03
  -2.2696628e-04  -8.4594431e-04  -2.2203752e-04  -2.0605058e-03
  -3.5815461e-04  -1.1193414e-03  -2.8575197e-04  -2.1243101e-03
  -4.3311937e-04  -1.0444381e-03  -1.3208770e-04  -2.2256465e-03
  -5.4547328e-05  -9.2084761e-04  -3.6071015e-04  -1.8578331e-03
  -2.5695218e-04  -1.0893800e-03  -3.6445806e-04  -2.0529994e-03
  -3.2442046e-04  -1.0219671e-03   3.2820296e-05  -2.0042078e-03
  -2.8318985e-04  -8.7216047e-04  -1.4333143e-04  -2.0342334e-03
  -2.3446275e-04  -1.0332026e-03  -1.0960025e-04  -2.0079610e-03
  -1.6324623e-04  -8.4594431e-04  -8.7112792e-05  -1.6288881e-03
  -1.8198742e-04  -8.0100233e-04  -1.8455843e-04  -2.1243101e-03
  -1.3316710e-05  -9.2084761e-04   1.7828660e-05  -1.8765991e-03
  -2.0447685e-04  -8.9463146e-04  -1.7706261e-04  -1.8203012e-03
  -1.6324623e-04  -8.9088629e-04  -4.2137884e-05  -1.9291439e-03
  -3.6190284e-04  -7.8602167e-04   8.5291022e-05  -1.7790160e-03
  -2.0822509e-04  -9.3582827e-04  -2.1828961e-04  -2.0980378e-03
  -6.9540280e-05  -8.6467014e-04  -1.3208770e-04  -2.0079610e-03
  -2.9818280e-04  -7.4482486e-04  -3.7195388e-04  -2.3082168e-03
   2.6405290e-04  -8.3096365e-04  -3.3072688e-04  -2.2631784e-03
  -4.4436408e-04  -9.0961212e-04   5.5307750e-05  -2.0642590e-03
   6.2763199e-04  -7.6355068e-04  -2.2203752e-04  -2.1430761e-03
  -7.4047488e-04  -8.2347332e-04  -9.8356519e-05  -1.9629227e-03
  -5.8295566e-05  -8.6092497e-04   7.7795204e-05  -1.9516631e-03
  -5.8295566e-05  -8.6092497e-04  -9.1088500e-07  -1.9891950e-03
  -1.5725837e-03  -1.0406929e-03   6.5849330e-06  -2.3269828e-03
   9.1923558e-03  -3.9277935e-04  -1.1709606e-04  -2.4358255e-03
   9.4809701e-03   5.3602157e-04  -5.0313069e-04  -1.9516631e-03
   2.3143391e-03   9.7046071e-04   3.3640092e-04  -1.8390672e-03
  -4.6011600e-03  -5.6880210e-04   4.6277567e-03  -2.8449240e-03
  -6.1229446e-03  -2.1942037e-03   3.9756206e-03  -2.8674431e-03
   5.5490685e-03  -2.3252845e-03  -1.9610673e-03  -1.4637475e-03
   1.1714920e-02  -6.3621507e-04  -3.6701138e-03  -1.1559853e-03
   1.6179071e-02   2.3486814e-03  -1.8823612e-03  -1.7564968e-03
   1.3405375e-02   2.5659010e-03   1.8842873e-03  -2.8111452e-03
   7.6780677e-03   8.3188961e-04   2.4614653e-03  -3.2802948e-03
   6.6886261e-04  -1.6211935e-03   1.2996135e-03  -2.7435876e-03
  -1.3675644e-02  -3.9544313e-03   5.5003174e-04  -2.5972130e-03
  -1.9886475e-02  -4.6060900e-03  -1.3276707e-03  -2.9199879e-03
  -1.5624728e-02  -3.9918829e-03  -7.5604433e-03  -1.9216375e-03
  -2.0291284e-02  -4.0143539e-03  -1.7499898e-02   9.3829293e-05
  -1.6261928e-02  -5.1266679e-03  -1.4756429e-02  -1.1597385e-03
   2.4455181e-02  -3.4413437e-03  -8.5648829e-03  -4.8528844e-03
   4.7203237e-02   3.4684858e-03  -1.4434108e-02  -4.4888242e-03
   1.3202970e-02   7.6480899e-03  -1.7559865e-02  -2.7923792e-03
  -3.5224264e-02   4.0115347e-03   1.4382862e-03  -6.5343166e-03
  -3.9422291e-02  -2.0930843e-03   1.2948115e-02  -7.1986325e-03
  -2.3548503e-02  -7.7033414e-03  -9.9591051e-03   2.6271747e-05
  -1.5748420e-02  -4.7446611e-03  -2.4958237e-02   5.8212079e-03
   4.5970160e-03   3.0377918e-03  -1.0528787e-02   3.2540212e-03
   1.9031481e-02   5.8878624e-03   9.1589787e-03  -3.1676989e-03
   2.1700226e-02   4.9702969e-03   8.3344387e-03  -2.5446682e-03
   1.2951839e-02  -1.0594187e-03   9.2451806e-03  -1.4599943e-03
  -3.1580884e-03  -4.8682515e-03   3.0893103e-02  -5.9450647e-03
  -2.1352036e-02  -4.4862447e-03   3.4569802e-02  -7.0635174e-03
  -2.3016253e-02  -4.0330797e-03   1.5402995e-02  -3.2652820e-03
   1.3248043e-03  -2.2691070e-03  -2.5270016e-03   1.4975250e-03
   1.4424896e-02  -1.0706542e-03  -4.8769405e-03   3.1789572e-03
   1.0425526e-02  -5.3884078e-04   8.7354650e-03   2.6272316e-04
  -5.8304889e-04  -1.3403061e-03   1.6681032e-02  -2.4508383e-03
  -8.4955793e-03  -2.9432367e-03   1.0452007e-02  -1.5500710e-03
  -2.8994600e-03  -2.6885655e-03   1.2142314e-02  -2.0454930e-03
   5.2492094e-03  -4.4895682e-04   1.9716838e-02  -4.6727309e-03
   3.1164620e-03   2.0640489e-03   1.1842482e-02  -3.8732999e-03
  -6.5426541e-04   3.0490273e-03   3.1660722e-03  -1.5162922e-03
   4.6457431e-03   1.5135096e-03   1.0522515e-03  -4.8416305e-04
   6.3436949e-03   2.0270189e-04  -1.3389144e-03  -1.8390728e-04
  -2.4609161e-03   1.8772123e-04  -5.7689428e-03   7.6940475e-04
  -7.8996095e-03  -1.2728931e-03  -7.5417038e-03   7.0560040e-04
  -3.5441569e-03  -2.1567521e-03  -3.3822270e-04  -2.3119700e-03
  -1.8574498e-03  -1.6511548e-03   2.0454474e-03  -4.0909854e-03
  -3.9339737e-03  -1.3178351e-03  -1.7024616e-03  -4.1360237e-03
  -7.9295021e-04  -8.7216047e-04  -4.1648378e-03  -3.8282616e-03
   5.1704964e-03  -1.3065996e-03  -6.6234661e-03  -3.2315032e-03
   2.5204922e-03  -2.7222720e-03  -9.4943644e-03  -2.3419956e-03
  -7.4048420e-03  -2.9394915e-03  -1.3950628e-02  -5.6298018e-04
  -9.4663729e-03  -2.2915780e-03  -1.3463400e-02  -5.8549936e-04
  -4.9797321e-03  -2.1417714e-03  -1.0678704e-02  -1.3886835e-03
  -8.6416674e-04  -1.0369477e-03  -1.0959797e-02  -1.4374751e-03
   1.9245223e-03   4.0868596e-04  -5.9226071e-03  -2.6234853e-03
   3.4463070e-03   7.1578949e-04   1.7081356e-03  -4.7440416e-03
   3.9373261e-03   6.2965070e-04   1.9292623e-03  -4.8979227e-03
   2.1906472e-03   4.6298000e-07  -3.0741963e-03  -2.9725327e-03
   1.4372514e-03  -6.4370540e-04  -5.2779668e-03  -1.8803523e-03
  -3.0567927e-04  -3.5907286e-04  -5.1580337e-03  -1.0921810e-03
  -3.7315688e-03  -1.2687263e-04  -6.5110288e-03  -4.2035870e-04
  -2.6445798e-03  -6.3996024e-04  -6.3761041e-03  -2.6647762e-04
   6.9510027e-04  -2.0668681e-03  -2.1259753e-03  -1.2160365e-03
   1.1823712e-03  -2.4825814e-03   3.4696528e-03  -3.2577756e-03
   3.6525533e-04  -1.4751320e-03   6.1419120e-03  -4.0421938e-03
   2.7903653e-03  -1.3215803e-03   5.7446336e-03  -3.5993166e-03
   5.7702145e-03  -1.3702674e-03   3.8931666e-03  -2.9124815e-03
   2.7116523e-03  -1.3515416e-03   1.2021679e-03  -1.9103779e-03
  -3.9939455e-03  -1.1118510e-03  -5.9682842e-04  -8.2945717e-04
  -5.3358147e-03  -7.8976684e-04  -1.0803087e-03  -5.7799297e-04
   5.1893309e-04  -9.8826058e-04  -1.2114855e-03  -9.0827431e-04
   5.0468046e-03  -6.7366672e-04  -1.1365273e-03  -8.3696356e-04
   3.7386695e-03  -2.0926626e-04  -1.5902521e-05  -1.3323856e-03
   7.2883441e-04   1.4277925e-04   3.3347281e-03  -2.7173153e-03
   3.3901766e-04  -5.5714495e-05   5.8945500e-03  -3.6443549e-03
   1.6171668e-03  -5.7629243e-04   3.9119061e-03  -3.1789585e-03
   1.6096703e-03  -4.6768265e-04   7.6741046e-04  -1.8428204e-03
   7.6641002e-05  -5.9501826e-04   9.2786840e-05  -1.3211260e-03
  -1.7262615e-03  -7.2984420e-04  -9.4608610e-05  -1.1634917e-03
  -1.7749886e-03  -9.2084761e-04  -4.5815578e-04  -8.5948274e-04
  -4.2562289e-04  -1.4339352e-03  -7.5869065e-05  -1.2648280e-03
   3.6900357e-04  -1.4526610e-03   1.2246554e-03  -2.0267270e-03
   1.5160576e-04  -1.2466770e-03   3.4171821e-03  -2.7886260e-03
  -5.4181827e-04  -9.8826058e-04   3.8669312e-03  -2.8974687e-03
   3.8024828e-04  -7.5980552e-04   1.7868417e-03  -2.7023025e-03
   1.4372514e-03  -7.6355068e-04   1.9772829e-04  -2.4508383e-03
   3.5410384e-05  -7.1111837e-04  -7.9171968e-04  -1.8916119e-03
  -1.5276049e-03  -8.0100233e-04  -1.7624281e-03  -1.6026158e-03
  -1.5238566e-03  -9.7327992e-04  -1.8823612e-03  -1.3549047e-03
  -3.6190284e-04  -5.9501826e-04  -2.1746981e-03  -1.6326413e-03
   8.0379917e-04  -5.0513430e-04  -2.3396061e-03  -1.8841055e-03
   8.4128155e-04  -8.4594431e-04  -1.1327794e-03  -2.0042078e-03
   2.3031876e-04  -7.2235387e-04   6.9994810e-04  -2.6309917e-03
   5.5266723e-04  -6.1748925e-04   1.1759325e-03  -2.9800391e-03
   1.4859785e-03  -6.4745057e-04  -1.9205424e-04  -2.9049751e-03
   1.4072655e-03  -7.6729585e-04  -1.8036551e-03  -2.0792718e-03
   5.5266723e-04  -8.2347332e-04  -2.2908833e-03  -1.7527436e-03
  -5.6430770e-04  -7.5980552e-04  -1.7811677e-03  -1.8540799e-03
  -4.1062994e-04  -9.7327992e-04  -1.3838893e-03  -1.9366503e-03
   8.1879213e-04  -1.3702674e-03  -6.5679496e-04  -2.6497577e-03
   1.1074065e-03  -1.3178351e-03   2.9142602e-04  -2.6985493e-03
   1.1673783e-03  -9.6204443e-04   6.1749410e-04  -2.9012219e-03
   1.1823712e-03  -7.3733453e-04   5.3878801e-04  -2.8411708e-03
   1.3435454e-03  -5.0513430e-04  -3.2697897e-04  -2.5634342e-03
   1.3060631e-03  -8.9463146e-04  -1.5113182e-03  -2.4170595e-03
   2.4156347e-04  -8.0100233e-04  -1.8373863e-03  -1.6814329e-03
  -4.5186056e-04  -7.1111837e-04  -1.9685631e-03  -1.9854418e-03
  -1.4825328e-04  -1.0893800e-03  -2.2833875e-03  -1.9291439e-03
   7.5507208e-04  -5.2760529e-04  -2.2084293e-03  -1.8991183e-03
   1.0849170e-03  -7.0737321e-04  -1.7174532e-03  -2.2556720e-03
   6.4637318e-04  -6.5868606e-04  -1.2189813e-03  -2.1580889e-03
   5.1893309e-04  -3.4034704e-04  -1.3913851e-03  -2.7736132e-03
   7.9630270e-04  -6.0250859e-04  -1.4625954e-03  -2.4245659e-03
   6.7635908e-04  -2.6169857e-04  -2.0510171e-03  -1.9741823e-03
  -5.0433589e-04  -4.9015364e-04  -3.1266670e-03  -2.0229738e-03
  -1.4301507e-03  -5.8752793e-04  -2.6619263e-03  -1.7827692e-03
  -1.0928093e-03  -5.6505694e-04  -1.9723110e-03  -2.0867782e-03
  -2.3446275e-04  -9.5829926e-04  -1.6649825e-03  -2.0379866e-03
  -2.0719960e-06  -1.0182219e-03  -1.6050159e-03  -2.0454930e-03
  -1.1077090e-04  -8.9088629e-04  -9.0415695e-04  -2.2819444e-03
   3.3901766e-04  -6.0250859e-04   3.7388001e-04  -2.2969572e-03
   2.7154938e-04  -7.8602167e-04   1.1527429e-04  -2.5334086e-03
  -3.8814051e-04  -8.8714113e-04  -1.5457515e-04  -2.2106337e-03
  -6.6551012e-04  -8.3845398e-04  -2.7450824e-04  -1.7339776e-03
  -9.0914559e-04  -9.4331860e-04  -4.9633702e-05  -1.7865224e-03
  -8.7166321e-04  -9.4706377e-04   3.8137583e-04  -1.7001989e-03
  -1.5574975e-04  -9.9575091e-04   3.2140929e-04  -1.8690927e-03
   2.7904585e-04  -8.8339596e-04   1.0822348e-03  -2.0229738e-03
   2.8654233e-04  -8.3845398e-04   1.7118835e-03  -1.9591695e-03
   1.8908814e-04  -9.0961212e-04   2.2628262e-03  -2.3232296e-03
  -1.2951209e-04  -1.0631639e-03   2.0117162e-03  -2.2143869e-03
   7.6641002e-05  -8.1972816e-04   1.0522515e-03  -1.9704291e-03
   3.8774476e-04  -8.7216047e-04   8.0488955e-04  -1.8353140e-03
   1.8908814e-04  -1.1155962e-03   4.2635074e-04  -1.6739265e-03
  -1.4075680e-04  -8.3470882e-04   2.3895529e-04  -1.9028715e-03
  -1.9698037e-04  -8.5717981e-04   5.4253592e-04  -1.8353140e-03
  -8.0784994e-05  -8.6467014e-04   9.0983100e-04  -1.9216375e-03
   5.7899812e-05  -8.8339596e-04   1.1571930e-03  -2.0229738e-03
   1.9283638e-04  -7.1111837e-04   1.2321512e-03  -2.0792718e-03
   5.4244800e-06  -6.6243123e-04   1.0859827e-03  -2.1881145e-03
   3.5775885e-04  -8.9088629e-04   1.1534451e-03  -2.0154674e-03
   3.7275180e-04  -8.5717981e-04   9.3606636e-04  -2.0379866e-03
  -2.1946980e-04  -7.7853134e-04   1.2277011e-04  -1.8841055e-03
  -3.7314756e-04  -7.5606035e-04  -5.3381611e-05  -1.8540799e-03
  -4.7060175e-04  -8.1972816e-04   1.7898875e-04  -1.9629227e-03
  -1.7074271e-04  -6.8864738e-04   1.0777848e-04  -2.0267270e-03
  -1.1826737e-04  -7.4107969e-04   4.4064023e-05  -1.9441567e-03
  -3.5815461e-04  -8.0100233e-04  -9.8356519e-05  -1.7489904e-03
  -7.7036756e-05  -8.1223783e-04  -3.1948315e-04  -2.0454930e-03
   1.6659871e-04  -7.5606035e-04  -3.9444133e-04  -2.0567526e-03
  -1.2951209e-04  -5.1262463e-04  -8.2919877e-04  -1.9591695e-03
  -9.1664207e-04  -7.6355068e-04  -1.1365273e-03  -2.0492462e-03
  -1.1715223e-03  -9.6578959e-04  -1.1327794e-03  -1.7715096e-03
  -9.4287973e-04  -9.9949608e-04  -1.1102919e-03  -1.9178843e-03
  -8.2293612e-04  -1.0219671e-03  -1.1365273e-03  -2.1655953e-03
  -2.9068632e-04  -8.8714113e-04  -1.3951330e-03  -1.7902756e-03
  -1.7449094e-04  -9.0961212e-04  -1.3913851e-03  -1.9141311e-03
  -4.9309117e-04  -7.6729585e-04  -1.4625954e-03  -2.2631784e-03
  -8.7915969e-04  -8.9088629e-04  -1.3913851e-03  -2.1280633e-03
  -1.2614800e-03  -1.2316963e-03  -1.0765608e-03  -2.0680122e-03
  -9.5037621e-04  -1.0144767e-03  -9.3788814e-04  -1.9291439e-03
  -8.5292202e-04  -9.6953476e-04  -6.7178660e-04  -1.9704291e-03
  -7.6296431e-04  -1.0294574e-03  -8.5168623e-04  -2.1055441e-03
  -6.5426541e-04  -9.2833794e-04  -7.9171968e-04  -2.1430761e-03
  -6.0928655e-04  -1.0069864e-03  -1.9955006e-04  -2.3194764e-03
  -4.0688170e-04  -8.9837662e-04  -1.5457515e-04  -2.2369060e-03
  -6.1303479e-04  -7.8227651e-04  -2.2953333e-04  -2.1843613e-03
  -4.4436408e-04  -7.5980552e-04  -6.4625338e-05  -2.0454930e-03
  -3.3941342e-04  -8.5717981e-04   8.5291022e-05  -2.0192206e-03
  -1.7823918e-04  -8.7965080e-04   8.5291022e-05  -2.0379866e-03
   1.2536810e-04  -5.1636979e-04   6.5849330e-06  -1.6964457e-03
  -2.0813186e-05  -7.2984420e-04   2.1271993e-04  -1.9554163e-03
  -1.5949799e-04  -8.3096365e-04   7.4867091e-04  -2.2256465e-03
  -1.8198742e-04  -5.8378276e-04   1.0372599e-03  -2.2218933e-03
   5.4151574e-05  -8.2347332e-04   1.0522515e-03  -2.1768549e-03
  -2.3446275e-04  -7.6355068e-04   8.2362909e-04  -2.0304802e-03
  -4.4436408e-04  -7.4482486e-04   9.1357891e-04  -2.2068805e-03
  -1.7064948e-05  -8.6092497e-04   1.4907569e-03  -2.1843613e-03
  -1.0327442e-04  -1.0182219e-03   1.2958656e-03  -2.2256465e-03
  -1.7449094e-04  -9.2084761e-04   1.4120508e-03  -2.3532552e-03
   8.4137478e-05  -7.9725717e-04   1.8243208e-03  -2.2293996e-03
  -2.7569337e-04  -1.0893800e-03   1.1946721e-03  -2.1505825e-03
  -6.2427950e-04  -9.1710245e-04   1.0559995e-03  -2.2181401e-03
  -3.8439227e-04  -1.0182219e-03   1.3670759e-03  -2.3194764e-03
  -4.1062994e-04  -1.0481832e-03   1.2171595e-03  -2.1468293e-03
  -4.8559470e-04  -9.3957344e-04   1.1459493e-03  -1.9854418e-03
  -3.6939932e-04  -9.7702509e-04   7.4867091e-04  -1.8390672e-03
  -2.5320394e-04  -8.2347332e-04   3.4389674e-04  -1.8315608e-03
  -1.3700856e-04  -9.8826058e-04   4.5633401e-04  -2.0755186e-03
  -5.4181827e-04  -7.4107969e-04   4.1510701e-04  -2.0792718e-03
  -9.3538326e-04  -6.3621507e-04   5.1559841e-05  -1.7902756e-03
  -6.7300660e-04  -8.2347332e-04  -9.0860701e-05  -1.6063689e-03
  -6.0179008e-04  -7.9725717e-04   1.0777848e-04  -2.1355697e-03
  -5.8304889e-04  -7.4482486e-04  -3.8389975e-05  -2.2594252e-03
  -4.7434998e-04  -6.8490222e-04  -4.4316415e-04  -1.9441567e-03
  -3.5065813e-04  -1.0107316e-03  -5.4435769e-04  -2.0229738e-03
  -3.9938522e-04  -8.6841530e-04  -3.0823942e-04  -1.8090416e-03
  -1.0665716e-03  -6.0250859e-04  -2.0329797e-04  -2.0229738e-03
  -7.8170550e-04  -9.2084761e-04  -3.6820597e-04  -2.2631784e-03
  -5.3807003e-04  -1.0594187e-03  -4.2442460e-04  -1.9929482e-03
  -6.9549603e-04  -8.8714113e-04  -3.2697897e-04  -1.9741823e-03
  -4.3302614e-05  -7.5231519e-04  -2.7450824e-04  -2.1806081e-03
  -1.9698037e-04  -7.8227651e-04  -2.8949988e-04  -2.3532552e-03
  -4.7434998e-04  -8.8339596e-04  -1.5082725e-04  -1.9666759e-03
  -5.2307708e-04  -7.8227651e-04   6.2803568e-05  -1.7039521e-03
  -6.1678303e-04  -7.0737321e-04   2.9142602e-04  -1.8578331e-03
  -2.7194513e-04  -9.8451542e-04   8.5291022e-05  -1.7715096e-03
  -3.5065813e-04  -1.0706542e-03  -1.1334816e-04  -1.9404035e-03
  -4.5560879e-04  -8.3470882e-04   2.8018229e-04  -2.1393229e-03
  -1.6699447e-04  -7.5606035e-04   2.4645111e-04  -1.9666759e-03
   1.1037514e-04  -9.2833794e-04  -9.8356519e-05  -2.0942846e-03
  -7.7036756e-05  -7.2984420e-04   1.4080751e-05  -2.2406592e-03
  -3.5440637e-04  -7.5606035e-04   2.3145947e-04  -2.0454930e-03
  -2.8318985e-04  -9.8451542e-04   2.9517393e-04  -2.0605058e-03
  -6.2043804e-05  -7.6729585e-04   2.1576569e-05  -1.9854418e-03
   2.1157757e-04  -8.6467014e-04  -3.0074361e-04  -1.8390672e-03
  -1.2951209e-04  -9.2084761e-04  -1.1709606e-04  -1.9441567e-03
  -3.8439227e-04  -8.7965080e-04  -2.2953333e-04  -2.0567526e-03
  -3.3566518e-04  -8.3470882e-04  -1.2084397e-04  -2.2969572e-03
  -3.8814051e-04  -9.0961212e-04  -2.7825615e-04  -2.0867782e-03
  -3.1317575e-04  -1.0406929e-03  -7.4299687e-04  -2.0304802e-03
  -4.4436408e-04  -1.0107316e-03  -2.6326452e-04  -2.3607615e-03
  -3.2816870e-04  -9.5455410e-04  -6.3805542e-04  -2.2856976e-03
  -1.8948390e-04  -7.5980552e-04  -1.0090984e-03  -2.1993741e-03
