  -1.5200152e-04  -8.2347332e-04  -2.6326452e-04  -1.8615863e-03
  -1.8573566e-04  -8.1598299e-04   2.1576569e-05  -1.5538242e-03
  -1.1077090e-04  -9.8077025e-04  -9.4608610e-05  -1.6514073e-03
  -1.1451914e-04  -8.8714113e-04  -1.4333143e-04  -1.5275518e-03
  -2.7194513e-04  -8.8339596e-04  -1.5082725e-04  -1.9291439e-03
  -2.4945570e-04  -6.7366672e-04  -2.4827288e-04  -1.4975262e-03
  -1.2951209e-04  -6.5868606e-04  -3.8389975e-05  -1.5650838e-03
  -4.4061584e-04  -6.4745057e-04  -5.3381611e-05  -1.8615863e-03
  -2.2321804e-04  -6.3621507e-04  -6.4625338e-05  -1.5237986e-03
   2.4531171e-04  -7.1111837e-04  -4.9633702e-05  -1.6889393e-03
  -1.2201561e-04  -7.8976684e-04  -8.4067030e-06  -1.9554163e-03
  -2.8318985e-04  -8.7216047e-04   1.7828660e-05  -1.9554163e-03
  -3.3941342e-04  -9.1710245e-04  -5.7129520e-05  -1.7377308e-03
  -2.2321804e-04  -1.1530478e-03  -9.8356519e-05  -2.0079610e-03
  -2.4561424e-05  -9.3957344e-04  -1.2833979e-04  -1.9629227e-03
  -1.4825328e-04  -8.1972816e-04   5.1559841e-05  -1.7715096e-03
   7.6641002e-05  -9.5455410e-04  -1.0585234e-04  -2.1505825e-03
  -1.8198742e-04  -8.0849266e-04  -1.8830634e-04  -2.2481656e-03
  -2.8318985e-04  -5.5756661e-04  -7.5869065e-05  -2.1843613e-03
  -4.3302614e-05  -6.8490222e-04  -1.3958352e-04  -2.1806081e-03
  -3.4316165e-04  -7.2235387e-04  -1.3208770e-04  -2.1918677e-03
  -2.4195923e-04  -6.2497958e-04  -1.7331470e-04  -2.2106337e-03
  -3.5806138e-05  -8.5343464e-04  -7.5869065e-05  -2.1430761e-03
  -4.3302614e-05  -7.8976684e-04   1.5650129e-04  -2.0942846e-03
   2.4165670e-05  -8.5717981e-04   2.1646784e-04  -2.4696043e-03
  -1.1451914e-04  -7.6355068e-04  -2.4077706e-04  -2.3645147e-03
  -2.0822509e-04  -8.3096365e-04  -3.8319760e-04  -2.2444124e-03
  -1.3700856e-04  -9.9949608e-04  -1.5902521e-05  -2.6985493e-03
  -1.8573566e-04  -7.7104101e-04  -2.7146248e-05  -2.6084725e-03
  -1.7449094e-04  -8.4219915e-04   3.2820296e-05  -2.5521746e-03
  -1.1451914e-04  -7.4482486e-04  -1.3208770e-04  -2.5334086e-03
  -2.1197332e-04  -6.6243123e-04  -1.1334816e-04  -2.6722769e-03
  -1.7074271e-04  -8.1972816e-04   1.8273666e-04  -2.6722769e-03
  -1.9323213e-04  -8.8714113e-04  -1.8081052e-04  -2.5596810e-03
  -1.8198742e-04  -7.2609903e-04  -1.7706261e-04  -2.7323280e-03
   7.2892764e-05  -7.8602167e-04  -1.3583561e-04  -2.4508383e-03
  -1.8198742e-04  -7.8602167e-04  -2.8575197e-04  -2.5484214e-03
  -3.9563699e-04  -6.3621507e-04  -1.7331470e-04  -2.7360812e-03
   1.6669194e-05  -8.3470882e-04  -2.2578543e-04  -2.8749495e-03
   2.7913908e-05  -5.8752793e-04  -1.8455843e-04  -2.6647705e-03
  -2.1572156e-04  -5.4258595e-04  -6.0877429e-05  -2.3044636e-03
  -1.2201561e-04  -7.2235387e-04   1.4525757e-04  -2.4846170e-03
  -9.5684720e-06  -5.8752793e-04  -3.4642066e-05  -2.1543357e-03
   5.7899812e-05  -6.2872474e-04  -1.5082725e-04  -2.3982935e-03
   1.4036105e-04  -7.2609903e-04   2.8370240e-06  -2.4433319e-03
  -6.9540280e-05  -8.4968948e-04  -9.4608610e-05  -1.9891950e-03
  -2.2321804e-04  -5.8378276e-04  -7.9616974e-05  -2.2106337e-03
  -5.0799090e-05  -6.4745057e-04  -4.5885793e-05  -2.1017910e-03
  -9.9526184e-05  -9.3582827e-04  -1.9650430e-05  -2.0454930e-03
  -9.5777946e-05  -5.2011496e-04  -1.0960025e-04  -2.0379866e-03
  -1.3316710e-05  -6.7366672e-04   1.4150966e-04  -2.1280633e-03
  -9.5777946e-05  -9.4331860e-04  -8.7112792e-05  -2.3194764e-03
  -2.7194513e-04  -8.1972816e-04  -2.1454170e-04  -2.1393229e-03
  -2.0072861e-04  -6.9988288e-04   1.7898875e-04  -2.1017910e-03
  -7.7036756e-05  -7.2235387e-04  -1.8081052e-04  -2.0642590e-03
  -3.6190284e-04  -7.7478618e-04  -4.2137884e-05  -2.1318165e-03
  -2.1946980e-04  -4.6019232e-04   3.2820296e-05  -2.0267270e-03
   1.0287867e-04  -8.5343464e-04   1.0777848e-04  -1.9328971e-03
   3.5410384e-05  -9.8077025e-04   1.5275338e-04  -2.1430761e-03
  -1.8573566e-04  -8.2721849e-04  -1.9955006e-04  -1.8127948e-03
  -1.4075680e-04  -1.0818897e-03  -5.3381611e-05  -1.8578331e-03
  -1.3326033e-04  -6.7741189e-04  -1.2154612e-05  -1.9816886e-03
  -2.1946980e-04  -7.2609903e-04  -1.6581888e-04  -1.8428204e-03
  -2.0813186e-05  -1.1717737e-03  -1.7706261e-04  -2.1318165e-03
  -1.7449094e-04  -9.2459278e-04  -9.0860701e-05  -1.9291439e-03
  -3.3566518e-04  -7.7104101e-04  -3.9818924e-04  -1.7452372e-03
  -1.9698037e-04  -1.0519284e-03  -4.3566833e-04  -1.9704291e-03
  -1.7823918e-04  -9.5829926e-04  -3.0894157e-05  -1.8390672e-03
  -3.5065813e-04  -9.8077025e-04  -1.3208770e-04  -1.8315608e-03
  -2.2696628e-04  -9.1710245e-04  -3.5321433e-04  -2.0605058e-03
  -5.0799090e-05  -8.1972816e-04  -3.6445806e-04  -1.8465736e-03
  -2.4195923e-04  -1.1230865e-03  -3.1948315e-04  -1.8841055e-03
  -2.6070042e-04  -8.0474750e-04  -1.5082725e-04  -1.9779355e-03
  -2.5695218e-04  -8.7965080e-04  -2.6701242e-04  -1.7452372e-03
  -3.9563699e-04  -1.0519284e-03  -2.0704588e-04  -1.9441567e-03
  -2.4945570e-04  -5.8378276e-04   8.1543113e-05  -1.9967014e-03
  -2.0447685e-04  -7.5606035e-04  -1.4707934e-04  -1.9066247e-03
  -5.3807003e-04  -1.0107316e-03  -1.9205424e-04  -1.8315608e-03
  -3.3566518e-04  -8.3845398e-04  -2.2953333e-04  -1.7602500e-03
  -9.5777946e-05  -9.6578959e-04  -1.2833979e-04  -1.7039521e-03
  -2.0447685e-04  -9.0212179e-04   5.1559841e-05  -1.5313050e-03
  -1.8573566e-04  -7.8976684e-04  -2.1828961e-04  -1.6664201e-03
  -1.1451914e-04  -9.5455410e-04  -9.0860701e-05  -1.5538242e-03
   6.5396288e-05  -8.4219915e-04  -1.2459188e-04  -1.5425646e-03
  -1.1077090e-04  -8.7216047e-04  -1.9205424e-04  -1.6589137e-03
  -1.6699447e-04  -7.6355068e-04  -1.0585234e-04  -1.4487347e-03
  -2.0719960e-06  -7.8602167e-04  -1.8830634e-04  -1.6063689e-03
  -9.2029708e-05  -8.9463146e-04   7.4047295e-05  -1.6701733e-03
  -1.3700856e-04  -7.7478618e-04   7.7795204e-05  -1.7527436e-03
  -1.5949799e-04  -8.9837662e-04  -8.3364883e-05  -1.6964457e-03
  -1.6699447e-04  -7.3733453e-04  -4.2137884e-05  -1.6776797e-03
  -2.4195923e-04  -6.8115705e-04   4.4064023e-05  -1.8690927e-03
  -1.9698037e-04  -7.5231519e-04  -1.1709606e-04  -1.6814329e-03
  -1.2201561e-04  -8.4594431e-04  -2.1454170e-04  -1.8052884e-03
  -7.7036756e-05  -9.6204443e-04  -2.2203752e-04  -1.9479099e-03
   6.1648050e-05  -9.0212179e-04  -1.4333143e-04  -1.9479099e-03
  -1.5200152e-04  -9.5829926e-04   1.4150966e-04  -1.9253907e-03
  -2.6070042e-04  -8.3096365e-04  -1.0960025e-04  -1.8540799e-03
  -2.4561424e-05  -8.8339596e-04  -9.8356519e-05  -1.8465736e-03
  -1.9698037e-04  -1.0818897e-03  -4.9633702e-05  -2.0454930e-03
  -3.5815461e-04  -9.2459278e-04  -1.5832306e-04  -2.0417398e-03
  -2.9818280e-04  -7.7478618e-04   1.4080751e-05  -2.1655953e-03
  -9.5777946e-05  -7.0362804e-04  -1.3958352e-04  -2.5822002e-03
   1.2536810e-04  -8.7590563e-04   1.0028266e-04  -2.0192206e-03
  -8.0784994e-05  -1.0669090e-03   3.2140929e-04  -1.9929482e-03
  -1.0327442e-04  -8.6841530e-04   3.2820296e-05  -2.3532552e-03
  -9.2029708e-05  -8.4594431e-04  -9.8356519e-05  -2.3307360e-03
  -2.0447685e-04  -8.1223783e-04  -9.4608610e-05  -2.5334086e-03
  -1.2576385e-04  -7.4857002e-04  -1.5902521e-05  -2.4921234e-03
  -9.5684720e-06  -9.8451542e-04   2.1576569e-05  -2.5784470e-03
  -1.6324623e-04  -7.7104101e-04   1.8273666e-04  -2.4583447e-03
  -2.7944161e-04  -6.6617639e-04   9.6534749e-05  -2.5146426e-03
  -2.0813186e-05  -9.1710245e-04  -4.2137884e-05  -2.7473408e-03
   3.1662146e-05  -8.3096365e-04   4.7811932e-05  -2.5634342e-03
  -6.2043804e-05  -8.9463146e-04  -8.4067030e-06  -2.5409150e-03
  -2.5695218e-04  -9.3957344e-04   4.7811932e-05  -2.5822002e-03
  -3.3566518e-04  -8.3470882e-04  -1.5457515e-04  -2.4020467e-03
  -2.0447685e-04  -7.2235387e-04  -1.2084397e-04  -2.6309917e-03
  -1.1451914e-04  -6.6617639e-04   8.9038931e-05  -2.8261580e-03
   1.2920956e-05  -7.4857002e-04  -1.0960025e-04  -2.5183958e-03
   9.9130430e-05  -6.7366672e-04  -1.5082725e-04  -2.7473408e-03
  -5.8202340e-06  -7.1860870e-04  -7.2121156e-05  -2.7173153e-03
  -2.4570747e-04  -6.6617639e-04   6.5849330e-06  -2.4358255e-03
  -1.5200152e-04  -6.8490222e-04   3.2820296e-05  -2.4470851e-03
   3.9158622e-05  -6.0250859e-04  -8.4067030e-06  -2.3119700e-03
   2.7913908e-05  -5.1636979e-04  -1.2833979e-04  -2.3570083e-03
  -9.5684720e-06  -7.9725717e-04  -8.4067030e-06  -2.2181401e-03
  -9.9526184e-05  -7.0362804e-04   1.6774502e-04  -2.1393229e-03
  -1.3316710e-05  -6.7366672e-04  -1.6581888e-04  -2.2781912e-03
   4.2906860e-05  -7.1111837e-04  -2.3702915e-04  -2.2819444e-03
  -5.4547328e-05  -6.1374408e-04  -2.2203752e-04  -2.2556720e-03
  -4.7050852e-05  -7.0737321e-04  -2.3702915e-04  -2.1993741e-03
  -8.4533232e-05  -8.9463146e-04   1.2651802e-04  -2.1993741e-03
  -7.3288518e-05  -8.0474750e-04  -2.7146248e-05  -1.9554163e-03
   6.1648050e-05  -6.6617639e-04  -2.0329797e-04  -1.8278076e-03
   8.4137478e-05  -8.2721849e-04   5.9055659e-05  -2.2106337e-03
  -1.2951209e-04  -9.5829926e-04  -5.7129520e-05  -2.2068805e-03
  -2.6070042e-04  -8.9088629e-04  -1.9205424e-04  -1.8916119e-03
  -2.2696628e-04  -5.9876342e-04  -1.4333143e-04  -1.9178843e-03
  -1.1077090e-04  -6.6243123e-04  -1.5832306e-04  -2.0154674e-03
  -5.4547328e-05  -6.3246991e-04  -1.4707934e-04  -1.9141311e-03
  -2.6070042e-04  -6.2123441e-04  -1.4333143e-04  -1.9479099e-03
  -2.8309662e-05  -9.3208311e-04   1.6774502e-04  -2.0304802e-03
  -1.3316710e-05  -9.8826058e-04   2.0897202e-04  -1.7902756e-03
  -3.0942751e-04  -8.6092497e-04  -2.2953333e-04  -1.9028715e-03
  -1.0702266e-04  -6.4370540e-04  -1.1334816e-04  -1.8653395e-03
  -1.7823918e-04  -7.8602167e-04  -1.2154612e-05  -1.6814329e-03
  -2.8693808e-04  -9.2833794e-04  -2.6701242e-04  -1.9366503e-03
  -1.5200152e-04  -9.2459278e-04  -4.2067669e-04  -1.6589137e-03
  -2.9068632e-04  -8.8714113e-04  -2.7076033e-04  -1.5500710e-03
  -4.1437818e-04  -7.3358936e-04  -1.2459188e-04  -2.0004546e-03
  -2.7569337e-04  -8.1598299e-04  -1.4333143e-04  -1.9328971e-03
  -2.9818280e-04  -1.1081059e-03  -1.1334816e-04  -1.7414840e-03
  -2.5695218e-04  -9.5080893e-04  -3.6445806e-04  -1.9328971e-03
  -1.8573566e-04  -7.9725717e-04  -1.8455843e-04  -1.8728459e-03
  -3.5815461e-04  -1.1380672e-03  -1.0210443e-04  -1.7640032e-03
  -1.7074271e-04  -9.3582827e-04  -3.2323106e-04  -1.8916119e-03
  -5.8202340e-06  -9.1335728e-04  -2.3702915e-04  -1.7452372e-03
  -2.7194513e-04  -9.9575091e-04  -3.9818924e-04  -1.8653395e-03
  -3.1692399e-04  -9.0212179e-04  -2.7450824e-04  -2.0454930e-03
  -1.8948390e-04  -1.0481832e-03  -3.0823942e-04  -1.6889393e-03
  -2.4195923e-04  -9.0586695e-04  -2.9324779e-04  -1.6739265e-03
  -2.3071451e-04  -8.4594431e-04  -6.0877429e-05  -1.8278076e-03
  -8.8281470e-05  -9.8451542e-04  -1.8081052e-04  -1.7790160e-03
  -4.7050852e-05  -9.7702509e-04  -1.6581888e-04  -1.5725902e-03
  -1.6699447e-04  -8.5717981e-04  -1.5457515e-04  -1.3211260e-03
  -1.7449094e-04  -9.9200575e-04   4.4064023e-05  -1.5650838e-03
  -4.3302614e-05  -9.2833794e-04  -8.7112792e-05  -1.6326413e-03
  -1.7064948e-05  -9.3208311e-04  -1.9205424e-04  -1.5388114e-03
  -5.4547328e-05  -8.3096365e-04   1.7828660e-05  -1.6889393e-03
  -1.2951209e-04  -6.8864738e-04  -1.6207097e-04  -1.6138753e-03
  -3.1317575e-04  -8.3845398e-04   5.5307750e-05  -1.7339776e-03
  -1.8948390e-04  -6.2123441e-04  -1.9650430e-05  -1.8278076e-03
   1.4036105e-04  -8.9463146e-04  -2.3702915e-04  -1.5988626e-03
  -1.4825328e-04  -9.1710245e-04  -1.3583561e-04  -1.8578331e-03
  -2.4945570e-04  -7.9725717e-04  -1.6956679e-04  -1.9479099e-03
   7.2892764e-05  -8.9837662e-04  -2.7146248e-05  -1.8916119e-03
  -2.8309662e-05  -7.4857002e-04  -2.6701242e-04  -1.9629227e-03
  -1.1451914e-04  -1.0519284e-03   5.5307750e-05  -1.6551605e-03
  -1.5200152e-04  -1.0332026e-03   1.3776175e-04  -2.1693485e-03
  -2.6444866e-04  -6.9239255e-04  -2.4452497e-04  -2.1505825e-03
  -2.4195923e-04  -7.7478618e-04   2.8370240e-06  -2.0717654e-03
   2.0417432e-05  -8.5717981e-04  -7.5869065e-05  -2.3457488e-03
  -1.2576385e-04  -6.0625375e-04   6.5849330e-06  -1.9929482e-03
  -4.3686760e-04  -6.8864738e-04  -3.9818924e-04  -2.2781912e-03
   2.1157757e-04  -8.9837662e-04  -4.9633702e-05  -2.1130505e-03
   2.8279409e-04  -8.2721849e-04   6.6551477e-05  -2.3757743e-03
  -2.1572156e-04  -8.4219915e-04   1.1527429e-04  -1.8916119e-03
  -2.5320394e-04  -7.7104101e-04   1.4150966e-04  -2.4057999e-03
  -3.2057900e-05  -8.6092497e-04  -1.6207097e-04  -1.7640032e-03
  -9.2029708e-05  -9.0212179e-04   3.6263629e-04  -1.8765991e-03
  -3.7314756e-04  -6.8115705e-04   2.6144274e-04  -2.7210685e-03
  -6.0553831e-04  -9.0586695e-04   9.9603291e-04   1.5012156e-05
  -4.0688170e-04  -1.0406929e-03  -7.2050941e-04  -7.1873729e-03
   1.6659871e-04  -6.9239255e-04   2.5739026e-03  -5.3708255e-03
  -1.2952141e-03  -6.8115705e-04   1.8093292e-03   2.9575186e-03
  -8.7915969e-04  -7.2984420e-04  -4.0711401e-03  -3.2953076e-03
   2.2318779e-03  -7.7853134e-04   8.8359564e-04  -4.5263562e-03
   8.7501570e-04  -8.8339596e-04   3.8669312e-03  -2.5897066e-03
  -3.3455003e-03  -9.3582827e-04   8.9109146e-04  -1.1071937e-03
  -2.4346785e-03  -1.2466770e-03  -2.9130362e-03  -1.2760876e-03
   2.4305345e-03  -9.3957344e-04   1.7568584e-03  -3.9070787e-03
   1.0474346e-03  -5.7629243e-04   4.2941928e-03  -3.2352564e-03
  -3.8814983e-03  -6.5868606e-04  -1.3838893e-03  -2.2669316e-03
  -1.2352423e-03  -7.7478618e-04  -2.3171186e-03  -1.4374751e-03
   2.9552878e-03  -1.1118510e-03   1.7006398e-03  -2.9162347e-03
   4.5896128e-04  -4.9015364e-04   3.4621570e-03  -3.4942270e-03
  -2.6858104e-03  -2.5420824e-04  -6.7553451e-04  -1.9028715e-03
  -7.3672664e-04  -9.2084761e-04  -1.3426623e-03  -1.5500710e-03
   2.2318779e-03  -1.0219671e-03   4.9756101e-04  -2.1881145e-03
   3.1278000e-04  -7.2609903e-04   1.1984200e-03  -2.5484214e-03
  -2.2360218e-03  -2.9540506e-04  -4.9938278e-04  -2.1731017e-03
  -8.0784994e-05  -9.2084761e-04  -1.6537388e-03  -1.8503268e-03
   2.2168849e-03  -1.3964836e-03   2.3145947e-04  -2.2181401e-03
   8.4137478e-05  -7.9351200e-04   7.0369601e-04  -2.5634342e-03
  -1.8237157e-03  -5.3135045e-04  -2.8575197e-04  -2.1543357e-03
  -1.3326033e-04  -8.1972816e-04  -6.0432423e-04  -2.2781912e-03
   1.6021739e-03  -1.0107316e-03  -9.1165277e-04  -2.3419956e-03
   8.8251217e-04  -6.0250859e-04  -7.6923223e-04  -2.0379866e-03
  -4.8559470e-04  -5.3135045e-04   7.7795204e-05  -2.0454930e-03
   4.8894718e-04  -8.2347332e-04   1.2209074e-03  -1.8540799e-03
   1.2610842e-03  -8.6841530e-04   2.0716828e-03  -1.6701733e-03
  -5.0799090e-05  -8.1972816e-04   2.2515824e-03  -1.7339776e-03
  -1.1302916e-03  -6.9988288e-04   3.2110471e-03  -1.9328971e-03
  -6.5426541e-04  -7.7853134e-04   3.7732335e-03  -2.1693485e-03
  -2.5695218e-04  -1.0069864e-03   3.1285931e-03  -2.3570083e-03
  -9.6911740e-04  -1.0818897e-03   1.5207402e-03  -2.0980378e-03
  -1.0403339e-03  -8.2721849e-04   1.2134116e-03  -2.1055441e-03
  -1.1265434e-03  -7.2235387e-04   9.9978082e-04  -2.4921234e-03
  -1.0478304e-03  -8.5717981e-04   8.1543113e-05  -2.3007104e-03
  -2.4945570e-04  -9.4331860e-04  -7.3550105e-04  -1.8503268e-03
   1.3286457e-04  -8.3470882e-04  -1.8673696e-03  -1.4599943e-03
   2.6030466e-04  -5.8003760e-04  -2.5045141e-03  -1.6814329e-03
  -7.7036756e-05  -8.4594431e-04  -3.3702811e-03  -1.9216375e-03
  -3.9563699e-04  -8.8339596e-04  -4.2997625e-03  -1.8991183e-03
  -4.8184646e-04  -6.5119573e-04  -4.1985690e-03  -2.0567526e-03
  -8.4542555e-04  -9.0212179e-04  -4.7345200e-03  -2.0867782e-03
  -8.4167731e-04  -9.5829926e-04  -5.2554793e-03  -2.1280633e-03
  -5.9429360e-04  -7.1486354e-04  -5.1055629e-03  -2.4095531e-03
  -3.5815461e-04  -7.2984420e-04  -5.7127242e-03  -2.5559278e-03
  -2.4195923e-04  -1.1380672e-03  -6.0537839e-03  -2.2181401e-03
  -4.5935703e-04  -8.7216047e-04  -5.5665558e-03  -2.2781912e-03
  -2.2696628e-04  -5.9501826e-04  -4.7495116e-03  -2.2143869e-03
   3.6150709e-04  -1.0556735e-03  -4.4309393e-03  -1.8841055e-03
   7.7756151e-04  -8.0474750e-04  -3.5426849e-03  -2.0079610e-03
   9.4998046e-04  -7.5980552e-04  -2.0547650e-03  -1.9366503e-03
   9.4248398e-04  -1.0781445e-03  -4.7314742e-04  -1.5575774e-03
   1.3435454e-03  -7.9725717e-04   8.8734355e-04  -1.5538242e-03
   1.6658939e-03  -7.2609903e-04   2.1353972e-03  -1.8578331e-03
   1.5496985e-03  -6.7741189e-04   3.5258715e-03  -1.6776797e-03
   1.0661758e-03  -6.4370540e-04   4.1967472e-03  -1.7715096e-03
   1.1673783e-03  -6.6992156e-04   4.7139586e-03  -2.1168037e-03
   1.8233199e-03  -7.1486354e-04   3.7170148e-03  -2.0379866e-03
   9.7246988e-04  -8.4594431e-04   1.4682694e-03  -1.5087858e-03
   1.2536810e-04  -8.0474750e-04   1.3558322e-03  -1.3248792e-03
   3.9149299e-04  -1.0631639e-03   2.1691284e-03  -2.1318165e-03
   9.5372869e-04  -9.2459278e-04   1.8130771e-03  -2.0792718e-03
   1.0586794e-03  -9.1335728e-04   2.7643438e-04  -1.8240544e-03
   3.2027647e-04  -1.0069864e-03  -2.8949988e-04  -1.8052884e-03
   2.5280819e-04  -3.9277935e-04   9.4356218e-04  -1.8127948e-03
   3.9524123e-04  -5.7629243e-04   1.0934785e-03  -2.3495020e-03
  -7.7036756e-05  -8.1598299e-04   4.1135910e-04  -2.0529994e-03
  -3.5440637e-04  -6.6992156e-04  -7.5869065e-05  -2.1768549e-03
  -3.0942751e-04  -6.9613771e-04   1.3401384e-04  -2.2894508e-03
  -4.8559470e-04  -7.1111837e-04   2.4270320e-04  -2.0830250e-03
  -2.5695218e-04  -8.0849266e-04  -8.4044250e-04  -2.3194764e-03
   4.6270952e-04  -7.0737321e-04  -1.5787806e-03  -2.3457488e-03
   2.7904585e-04  -5.9127309e-04  -1.6687304e-03  -2.4733575e-03
  -3.8064403e-04  -6.8864738e-04  -1.9085966e-03  -2.0792718e-03
  -1.0178445e-03  -7.8227651e-04  -2.4183122e-03  -2.2143869e-03
  -8.9040440e-04  -6.8864738e-04  -2.8305822e-03  -2.2669316e-03
  -1.8573566e-04  -8.8714113e-04  -2.3808331e-03  -2.2106337e-03
  -1.3700856e-04  -7.5980552e-04  -1.6424950e-03  -2.8599367e-03
  -3.2442046e-04  -4.5270199e-04  -1.7661760e-03  -2.5371618e-03
  -8.1543964e-04  -6.6992156e-04  -2.2234209e-03  -2.4208127e-03
  -4.6685351e-04  -8.1598299e-04  -2.0135380e-03  -2.5746938e-03
   5.4151574e-05  -8.5343464e-04  -1.2227292e-03  -2.8224048e-03
  -6.0553831e-04  -7.9351200e-04  -9.2664441e-04  -3.1301669e-03
  -6.5426541e-04  -7.1111837e-04  -1.3389144e-03  -2.6947961e-03
  -8.0784994e-05  -9.0212179e-04  -1.1927459e-03  -2.5972130e-03
   2.5280819e-04  -1.0893800e-03  -8.0296341e-04  -2.4921234e-03
  -3.2057900e-05  -9.2084761e-04  -7.4674478e-04  -2.7098089e-03
  -2.5695218e-04  -9.1335728e-04  -2.9324779e-04  -2.9199879e-03
  -2.3071451e-04  -8.5717981e-04  -2.7146248e-05  -2.5146426e-03
  -4.1437818e-04  -9.2833794e-04   2.5769484e-04  -2.7773664e-03
  -3.0193104e-04  -7.7853134e-04   1.0260162e-03  -2.6910429e-03
  -2.3446275e-04  -4.6019232e-04   1.2733782e-03  -2.3832807e-03
   3.3901766e-04  -8.6841530e-04   1.1946721e-03  -2.3945403e-03
   6.6136613e-04  -7.2984420e-04   1.6144379e-03  -2.1618421e-03
  -1.3316710e-05  -7.7478618e-04   1.8093292e-03  -2.4733575e-03
   7.6641002e-05  -9.9200575e-04   1.7006398e-03  -2.5296554e-03
   3.2777295e-04  -7.2609903e-04   1.0859827e-03  -2.4696043e-03
  -8.8281470e-05  -7.5231519e-04   3.2515720e-04  -2.4846170e-03
  -2.7569337e-04  -7.1486354e-04   4.1135910e-04  -1.9253907e-03
   1.2911633e-04  -8.7965080e-04   5.8751083e-04  -1.9779355e-03
   2.0033286e-04  -8.3096365e-04   8.0863746e-04  -2.0192206e-03
  -2.7944161e-04  -8.3470882e-04   3.6638420e-04  -1.7865224e-03
  -2.3071451e-04  -8.9463146e-04   4.0316114e-05  -2.0079610e-03
  -3.4316165e-04  -6.1748925e-04   6.2873783e-04  -2.1956209e-03
  -3.5440637e-04  -5.6880210e-04   5.0505683e-04  -2.2369060e-03
  -1.3326033e-04  -4.7517298e-04   4.4883819e-04  -2.1693485e-03
  -2.7194513e-04  -6.0625375e-04   4.0011538e-04  -2.0417398e-03
  -2.5320394e-04  -6.8864738e-04   4.4509029e-04  -1.8315608e-03
  -3.3566518e-04  -7.8227651e-04   1.0485036e-03  -2.0417398e-03
  -1.7449094e-04  -9.2084761e-04   6.1749410e-04  -2.1280633e-03
  -8.4533232e-05  -7.3733453e-04   1.9398038e-04  -1.7564968e-03
  -2.1572156e-04  -7.3733453e-04   2.9142602e-04  -2.0417398e-03
  -2.9818280e-04  -7.5231519e-04   4.0761120e-04  -2.2556720e-03
  -5.7555241e-04  -6.8864738e-04   5.8001501e-04  -1.9028715e-03
  -6.3552422e-04  -5.9127309e-04   3.5888838e-04  -1.8090416e-03
  -5.3807003e-04  -8.9463146e-04   5.0505683e-04  -1.9366503e-03
  -3.3941342e-04  -1.1230865e-03   6.1374619e-04  -1.7902756e-03
  -5.1932884e-04  -8.0100233e-04   2.3145947e-04  -1.6288881e-03
  -6.4302069e-04  -8.5717981e-04  -4.2137884e-05  -1.8353140e-03
  -3.9563699e-04  -8.9837662e-04   1.1902220e-04  -1.9253907e-03
  -3.3191694e-04  -9.0961212e-04   4.4883819e-04  -2.0680122e-03
  -2.1197332e-04  -1.0406929e-03   2.3520738e-04  -2.2218933e-03
  -5.0058765e-04  -1.0032412e-03   1.3026593e-04  -1.9704291e-03
  -7.9295021e-04  -1.0594187e-03   2.2771156e-04  -1.8240544e-03
  -5.1932884e-04  -9.3582827e-04   1.2277011e-04  -1.7114585e-03
  -2.4570747e-04  -9.4706377e-04   3.2515720e-04  -1.8428204e-03
  -3.2442046e-04  -1.0931252e-03   4.6382983e-04  -1.8615863e-03
  -5.2682532e-04  -9.5080893e-04   4.4883819e-04  -1.4975262e-03
  -6.2053127e-04  -9.4706377e-04   5.6502337e-04  -1.6063689e-03
  -5.0433589e-04  -1.0107316e-03   4.9756101e-04  -1.6401477e-03
  -6.7300660e-04  -1.1530478e-03   4.0386329e-04  -1.6326413e-03
  -7.5171960e-04  -9.9575091e-04   4.9381310e-04  -1.6889393e-03
  -5.3807003e-04  -8.2721849e-04   4.3759447e-04  -1.7489904e-03
  -1.0515786e-03  -1.0406929e-03   1.5275338e-04  -1.9141311e-03
  -6.1678303e-04  -7.7104101e-04   2.7268647e-04  -1.5350582e-03
  -2.0719960e-06  -8.4968948e-04   3.8512374e-04  -1.4487347e-03
  -2.9068632e-04  -7.5606035e-04   3.4014883e-04  -1.6701733e-03
  -4.7060175e-04  -6.0999892e-04   5.5752756e-04  -1.5688370e-03
  -5.0808413e-04  -1.0556735e-03   6.1374619e-04  -1.6326413e-03
  -3.2442046e-04  -7.4107969e-04   7.7115837e-04  -1.6176285e-03
  -7.7795726e-04  -5.1636979e-04   4.3384656e-04  -1.7677564e-03
  -6.3177598e-04  -6.5494090e-04   4.7882147e-04  -2.0267270e-03
  -2.4195923e-04  -8.1598299e-04   7.0369601e-04  -1.8015352e-03
  -3.3941342e-04  -7.5980552e-04   2.4270320e-04  -1.7264713e-03
  -2.9443456e-04  -8.2347332e-04   4.9756101e-04  -1.8165480e-03
  -7.1048898e-04  -1.1942447e-03   5.9500665e-04  -1.7302244e-03
  -5.9054536e-04  -9.5455410e-04   7.6366255e-04  -1.6138753e-03
  -1.5574975e-04  -7.1486354e-04   6.9620019e-04  -1.5575774e-03
  -9.2029708e-05  -7.1860870e-04   6.4372946e-04  -1.7564968e-03
  -1.6699447e-04  -7.1486354e-04   9.0233518e-04  -1.8165480e-03
  -3.0942751e-04  -7.4482486e-04   6.5872110e-04  -1.9216375e-03
  -3.8064403e-04  -8.9088629e-04   1.0335120e-03  -2.1505825e-03
  -4.9683941e-04  -8.7965080e-04   9.1357891e-04  -2.1918677e-03
  -3.7314756e-04  -7.3733453e-04   7.5616673e-04  -2.1543357e-03
  -2.3071451e-04  -7.3358936e-04   1.0897306e-03  -2.0417398e-03
  -3.2067223e-04  -8.9088629e-04   7.6741046e-04  -2.1993741e-03
  -2.6070042e-04  -1.1118510e-03   4.7507356e-04  -2.1243101e-03
  -3.9554376e-05  -8.1972816e-04   6.5122528e-04  -2.2556720e-03
  -2.6819689e-04  -7.1486354e-04   7.2618346e-04  -2.7586004e-03
  -5.6055946e-04  -9.5080893e-04   4.7507356e-04  -2.4057999e-03
  -3.5440637e-04  -9.6204443e-04   5.4253592e-04  -2.3119700e-03
  -1.7823918e-04  -6.6617639e-04   3.4764465e-04  -2.6760301e-03
  -1.1451914e-04  -5.6505694e-04   7.0299386e-05  -2.6047194e-03
  -9.5777946e-05  -8.5343464e-04   1.8273666e-04  -2.6722769e-03
  -3.5815461e-04  -8.0849266e-04   2.5324478e-05  -2.5897066e-03
  -3.1317575e-04  -7.8602167e-04   5.1559841e-05  -2.4208127e-03
  -3.2057900e-05  -8.6467014e-04  -9.0860701e-05  -2.7135621e-03
  -5.5681122e-04  -9.4706377e-04  -4.6190369e-04  -2.5784470e-03
  -3.5815461e-04  -7.6355068e-04  -4.5065997e-04  -2.4057999e-03
   5.4244800e-06  -7.1111837e-04  -5.4435769e-04  -2.7473408e-03
  -4.3686760e-04  -1.1642833e-03  -6.1556796e-04  -2.6122257e-03
  -1.5574975e-04  -8.5717981e-04  -7.0176987e-04  -2.5334086e-03
  -2.8693808e-04  -7.6355068e-04  -6.7928241e-04  -2.5859534e-03
  -1.2951209e-04  -9.8077025e-04  -5.7434096e-04  -2.3607615e-03
   2.1532581e-04  -6.9239255e-04  -9.0415695e-04  -2.3044636e-03
  -1.2951209e-04  -8.8714113e-04  -6.9052614e-04  -2.1505825e-03
   1.5910224e-04  -9.7327992e-04  -4.3566833e-04  -2.2706848e-03
   2.2282228e-04  -6.1374408e-04  -7.2050941e-04  -2.3269828e-03
   2.6780114e-04  -6.0625375e-04  -5.8558469e-04  -2.1956209e-03
   2.9029057e-04  -8.0474750e-04  -4.4691206e-04  -2.4620979e-03
  -2.8309662e-05  -6.1374408e-04  -9.0860701e-05  -2.2856976e-03
   1.2911633e-04  -5.9876342e-04  -1.0585234e-04  -2.2256465e-03
   9.1633954e-05  -9.2459278e-04  -4.0943297e-04  -2.2894508e-03
   1.8159167e-04  -5.5382144e-04  -1.5902521e-05  -2.1731017e-03
   2.6030466e-04  -3.6656319e-04  -2.7146248e-05  -2.4470851e-03
  -1.3316710e-05  -7.7853134e-04  -3.8389975e-05  -2.1693485e-03
   2.1532581e-04  -7.6729585e-04   1.0777848e-04  -2.0492462e-03
   3.0903176e-04  -9.2833794e-04   1.6399711e-04  -2.2894508e-03
   1.6659871e-04  -1.0594187e-03   1.1152638e-04  -2.0379866e-03
   2.4156347e-04  -8.1972816e-04   3.6568205e-05  -2.0792718e-03
   2.1532581e-04  -8.9088629e-04   4.0761120e-04  -2.1243101e-03
   1.0662691e-04  -8.0100233e-04   3.6568205e-05  -2.1318165e-03
   1.4785752e-04  -7.9725717e-04  -3.2697897e-04  -2.1843613e-03
   1.5910224e-04  -8.5717981e-04  -3.6445806e-04  -2.2744380e-03
   8.7885716e-05  -6.2497958e-04  -4.4316415e-04  -2.3945403e-03
   1.4785752e-04  -7.4107969e-04  -3.1573524e-04  -2.0042078e-03
   8.4137478e-05  -9.3957344e-04  -8.3294668e-04  -2.0942846e-03
  -2.0813186e-05  -8.0100233e-04  -9.0040905e-04  -2.2706848e-03
  -3.9554376e-05  -7.6355068e-04  -8.1795505e-04  -1.9216375e-03
  -2.8309662e-05  -7.9351200e-04  -1.0878045e-03  -1.8653395e-03
  -1.4075680e-04  -7.4107969e-04  -1.1065440e-03  -1.8578331e-03
  -4.3302614e-05  -9.2833794e-04  -1.1889980e-03  -1.9404035e-03
   1.2536810e-04  -8.8714113e-04  -1.0353338e-03  -1.8916119e-03
  -9.2029708e-05  -8.7590563e-04  -9.3788814e-04  -2.0042078e-03
  -8.4533232e-05  -9.0961212e-04  -7.9171968e-04  -2.2744380e-03
  -1.2576385e-04  -8.7965080e-04  -7.4674478e-04  -2.1355697e-03
  -1.2201561e-04  -1.0931252e-03  -9.4538395e-04  -1.9253907e-03
   1.6762420e-06  -9.2459278e-04  -9.5662768e-04  -1.7452372e-03
  -9.5684720e-06  -8.6841530e-04  -8.1795505e-04  -2.0379866e-03
  -3.5806138e-05  -8.4594431e-04  -6.5679496e-04  -1.9967014e-03
  -1.6699447e-04  -8.8339596e-04  -7.8047596e-04  -1.7152117e-03
   1.1037514e-04  -1.1305768e-03  -8.1795505e-04  -1.8578331e-03
   9.1633954e-05  -9.6578959e-04  -5.5934933e-04  -1.7977820e-03
  -2.6819689e-04  -9.6953476e-04  -6.2306378e-04  -1.7827692e-03
  -1.9323213e-04  -9.2084761e-04  -7.9546759e-04  -1.6776797e-03
  -2.0813186e-05  -8.8714113e-04  -6.8677823e-04  -1.5388114e-03
