  -3.2057900e-05  -8.1223783e-04   7.7795204e-05  -2.6722769e-03
  -2.0822509e-04  -8.6467014e-04  -1.8830634e-04  -2.5559278e-03
  -2.6070042e-04  -8.3845398e-04   2.5324478e-05  -2.3382424e-03
  -1.0327442e-04  -9.2084761e-04  -4.5885793e-05  -2.2369060e-03
  -2.6070042e-04  -1.0481832e-03  -3.7944969e-04  -2.3795275e-03
  -4.2187465e-04  -6.6243123e-04   1.3026593e-04  -2.5183958e-03
  -1.5574975e-04  -7.9725717e-04  -1.5832306e-04  -2.3532552e-03
  -1.1077090e-04  -9.0212179e-04  -7.9616974e-05  -2.3344892e-03
  -5.4547328e-05  -7.6729585e-04   9.2786840e-05  -2.4583447e-03
   1.7409519e-04  -8.1598299e-04  -9.0860701e-05  -2.3082168e-03
   1.7034695e-04  -7.7853134e-04   1.1527429e-04  -2.0117142e-03
   1.6285048e-04  -7.9725717e-04   2.2396365e-04  -2.1318165e-03
   2.0417432e-05  -6.5868606e-04   1.9772829e-04  -2.0680122e-03
  -1.0327442e-04  -5.0887946e-04  -1.6207097e-04  -1.9253907e-03
   5.0403336e-05  -7.2235387e-04  -3.3072688e-04  -2.0792718e-03
   8.4137478e-05  -9.7327992e-04  -1.1334816e-04  -2.0980378e-03
  -1.1451914e-04  -9.4706377e-04  -1.0960025e-04  -2.4358255e-03
  -3.2057900e-05  -8.1598299e-04  -1.7331470e-04  -2.3457488e-03
   5.4244800e-06  -6.7366672e-04  -2.0704588e-04  -1.9929482e-03
  -1.4075680e-04  -6.4370540e-04  -3.0074361e-04  -1.8953651e-03
   7.6641002e-05  -6.3246991e-04  -2.9699570e-04  -2.0605058e-03
   3.9158622e-05  -5.3135045e-04  -2.3328124e-04  -2.1318165e-03
  -1.1826737e-04  -8.9837662e-04  -1.0210443e-04  -1.9629227e-03
   9.1727180e-06  -1.0856349e-03  -1.6581888e-04  -2.0792718e-03
  -5.4547328e-05  -8.8714113e-04  -6.0877429e-05  -1.9253907e-03
  -4.7050852e-05  -9.5455410e-04  -1.9650430e-05  -2.0342334e-03
  -1.6324623e-04  -7.8976684e-04  -3.2323106e-04  -1.9967014e-03
  -1.7449094e-04  -6.9988288e-04  -1.6581888e-04  -1.8578331e-03
   1.6762420e-06  -8.4968948e-04  -2.8200406e-04  -2.0942846e-03
  -2.6819689e-04  -8.2721849e-04  -2.8575197e-04  -1.8728459e-03
  -2.3821099e-04  -8.7965080e-04  -9.4608610e-05  -2.0642590e-03
  -1.4450504e-04  -9.6204443e-04  -2.4827288e-04  -2.3194764e-03
  -1.5574975e-04  -1.0444381e-03  -1.3583561e-04  -1.9854418e-03
  -2.0447685e-04  -8.6841530e-04  -1.8830634e-04  -1.9967014e-03
  -2.8318985e-04  -6.5494090e-04  -6.0877429e-05  -2.0755186e-03
  -1.1826737e-04  -1.0856349e-03  -4.2137884e-05  -2.0004546e-03
  -3.0193104e-04  -1.0856349e-03  -2.7450824e-04  -2.0267270e-03
  -6.9540280e-05  -8.6467014e-04  -1.6581888e-04  -2.1430761e-03
  -4.7050852e-05  -9.0961212e-04   5.5307750e-05  -2.1505825e-03
  -2.7569337e-04  -7.5606035e-04   2.9072387e-05  -1.9216375e-03
  -1.8948390e-04  -1.0743994e-03  -2.5951661e-04  -2.0454930e-03
  -2.4570747e-04  -1.0669090e-03  -6.4625338e-05  -2.1618421e-03
   8.0389240e-05  -9.1335728e-04  -1.5082725e-04  -1.9554163e-03
  -1.7449094e-04  -8.7216047e-04  -1.9580215e-04  -2.1505825e-03
  -4.2187465e-04  -6.6992156e-04  -5.7129520e-05  -2.1355697e-03
  -2.0822509e-04  -1.1979898e-03  -3.1573524e-04  -1.9516631e-03
  -3.5065813e-04  -1.1530478e-03  -1.3208770e-04  -2.0792718e-03
  -3.7314756e-04  -8.9463146e-04  -3.1198733e-04  -2.0304802e-03
  -3.0567927e-04  -1.1305768e-03  -4.0943297e-04  -1.9929482e-03
  -3.1692399e-04  -9.0212179e-04  -2.8575197e-04  -1.8803523e-03
  -3.9188875e-04  -8.9837662e-04  -4.7689533e-04  -1.8315608e-03
  -2.4195923e-04  -8.5343464e-04  -2.2203752e-04  -1.8052884e-03
  -2.4945570e-04  -8.3845398e-04  -2.5202079e-04  -1.6851861e-03
  -3.6190284e-04  -9.7327992e-04  -3.1948315e-04  -1.8090416e-03
  -1.5200152e-04  -1.0069864e-03  -1.5832306e-04  -1.7377308e-03
  -2.4561424e-05  -9.9200575e-04  -2.1079379e-04  -1.5838498e-03
  -9.9526184e-05  -5.5007628e-04  -2.1079379e-04  -1.6889393e-03
  -3.6939932e-04  -6.8115705e-04  -3.6445806e-04  -1.7752628e-03
  -2.2696628e-04  -8.9837662e-04  -3.1573524e-04  -1.7414840e-03
  -1.5949799e-04  -9.4706377e-04  -2.0704588e-04  -1.7677564e-03
  -2.3446275e-04  -1.0631639e-03  -2.2203752e-04  -1.7752628e-03
  -1.5200152e-04  -8.6841530e-04  -1.8830634e-04  -1.7790160e-03
  -2.4195923e-04  -7.8602167e-04  -2.8575197e-04  -1.8465736e-03
  -4.7050852e-05  -6.9988288e-04  -2.2578543e-04  -1.7414840e-03
  -1.9698037e-04  -1.1006155e-03  -2.8200406e-04  -1.7414840e-03
  -2.5320394e-04  -8.0100233e-04  -1.9955006e-04  -1.8803523e-03
  -1.0702266e-04  -5.1262463e-04  -7.2121156e-05  -1.8953651e-03
  -2.5320394e-04  -9.4331860e-04  -1.7331470e-04  -1.8991183e-03
   4.6655098e-05  -7.0737321e-04  -2.2203752e-04  -1.9816886e-03
  -1.7449094e-04  -9.4331860e-04  -2.7450824e-04  -2.1618421e-03
  -3.5065813e-04  -8.9463146e-04  -9.8356519e-05  -2.0454930e-03
   1.2161986e-04  -8.1598299e-04  -2.4827288e-04  -1.9967014e-03
   1.2920956e-05  -9.7327992e-04  -4.3566833e-04  -2.2444124e-03
  -1.5200152e-04  -6.4745057e-04  -4.2137884e-05  -2.0905314e-03
  -1.6324623e-04  -8.3845398e-04   1.5275338e-04  -1.9629227e-03
  -2.4570747e-04  -8.3470882e-04  -1.8081052e-04  -2.0980378e-03
  -2.7194513e-04  -7.2984420e-04  -2.1454170e-04  -2.3044636e-03
  -1.1826737e-04  -7.5980552e-04  -3.4642066e-05  -2.4283191e-03
  -3.3566518e-04  -8.4594431e-04  -5.7129520e-05  -2.3570083e-03
  -2.7944161e-04  -8.8714113e-04   2.9072387e-05  -2.2369060e-03
   9.1633954e-05  -7.0737321e-04  -1.1709606e-04  -2.2969572e-03
  -2.7569337e-04  -7.6355068e-04  -2.3702915e-04  -2.4808638e-03
  -5.0799090e-05  -8.5343464e-04  -2.3328124e-04  -2.5108894e-03
  -1.1451914e-04  -1.0931252e-03  -2.1454170e-04  -2.3307360e-03
  -2.8693808e-04  -9.0212179e-04  -1.8081052e-04  -2.3307360e-03
  -1.4075680e-04  -7.2609903e-04  -2.0329797e-04  -2.6009662e-03
  -3.0942751e-04  -9.4331860e-04  -4.5885793e-05  -2.4808638e-03
   5.4244800e-06  -9.1710245e-04  -1.2833979e-04  -2.6722769e-03
  -6.5792042e-05  -7.7853134e-04  -2.7450824e-04  -2.6084725e-03
  -1.0702266e-04  -8.0474750e-04  -2.6326452e-04  -2.1731017e-03
   4.2906860e-05  -9.9200575e-04  -2.4452497e-04  -2.2969572e-03
  -4.7050852e-05  -8.2721849e-04  -3.0894157e-05  -2.3007104e-03
  -4.3302614e-05  -7.6355068e-04  -2.3398339e-05  -2.3344892e-03
  -3.2057900e-05  -6.8864738e-04  -1.2833979e-04  -2.1580889e-03
   2.3031876e-04  -7.4482486e-04  -9.1088500e-07  -2.1693485e-03
   6.5396288e-05  -7.8602167e-04  -8.3364883e-05  -2.2256465e-03
  -2.9443456e-04  -6.3996024e-04  -2.1079379e-04  -2.0755186e-03
  -3.5806138e-05  -8.0100233e-04  -1.7331470e-04  -2.3157232e-03
   6.1648050e-05  -6.2497958e-04   1.0332842e-05  -2.0192206e-03
   5.7899812e-05  -6.6992156e-04   5.5307750e-05  -1.9854418e-03
  -8.4533232e-05  -8.5343464e-04  -2.3702915e-04  -2.1881145e-03
  -3.6190284e-04  -7.3733453e-04  -1.8081052e-04  -2.0454930e-03
  -3.0942751e-04  -8.2721849e-04  -5.7129520e-05  -2.1168037e-03
  -2.8693808e-04  -9.5829926e-04  -2.6326452e-04  -2.0117142e-03
  -1.0702266e-04  -7.5606035e-04  -2.7076033e-04  -2.0379866e-03
  -9.5684720e-06  -5.8003760e-04   1.0332842e-05  -2.0342334e-03
   2.7913908e-05  -8.2721849e-04  -4.2137884e-05  -2.0229738e-03
   5.0403336e-05  -7.6729585e-04  -9.4608610e-05  -2.1655953e-03
  -3.6190284e-04  -7.9725717e-04   1.6774502e-04  -2.2256465e-03
  -3.3191694e-04  -8.8714113e-04   4.0316114e-05  -2.0717654e-03
  -5.4547328e-05  -9.1710245e-04  -9.8356519e-05  -1.9028715e-03
  -6.5792042e-05  -9.2833794e-04  -2.2203752e-04  -1.9891950e-03
  -2.4561424e-05  -5.6505694e-04  -2.2953333e-04  -1.9028715e-03
  -2.8318985e-04  -9.8826058e-04  -1.3583561e-04  -2.0642590e-03
  -2.6444866e-04  -1.0594187e-03  -3.9444133e-04  -2.2181401e-03
   5.4244800e-06  -6.8864738e-04  -1.5082725e-04  -2.0079610e-03
  -1.5200152e-04  -9.5455410e-04   5.5307750e-05  -2.0229738e-03
  -2.2321804e-04  -7.8227651e-04  -3.1573524e-04  -2.0492462e-03
  -2.3071451e-04  -7.7478618e-04  -2.7076033e-04  -2.0042078e-03
  -9.5777946e-05  -9.9949608e-04  -1.2833979e-04  -2.0192206e-03
  -2.6070042e-04  -8.6841530e-04  -1.5457515e-04  -1.8728459e-03
  -5.0433589e-04  -8.8714113e-04  -1.4333143e-04  -2.0042078e-03
  -2.1572156e-04  -1.0444381e-03  -4.3192042e-04  -2.1806081e-03
  -4.9309117e-04  -9.7327992e-04  -3.7570179e-04  -1.9666759e-03
  -4.6685351e-04  -9.3582827e-04  -1.0210443e-04  -2.0192206e-03
  -1.2576385e-04  -1.0032412e-03  -2.5202079e-04  -1.7827692e-03
  -4.1812641e-04  -1.1081059e-03  -6.4625338e-05  -1.7339776e-03
  -3.3566518e-04  -1.0856349e-03   7.4047295e-05  -2.0454930e-03
  -1.2576385e-04  -9.2084761e-04  -1.8830634e-04  -1.7790160e-03
  -3.2816870e-04  -1.0519284e-03  -1.9580215e-04  -1.9441567e-03
  -3.8439227e-04  -9.0586695e-04  -3.0074361e-04  -2.0755186e-03
  -2.8318985e-04  -8.7216047e-04  -2.7076033e-04  -1.9141311e-03
  -3.8064403e-04  -9.1710245e-04  -1.3958352e-04  -2.1092973e-03
  -1.6699447e-04  -7.4482486e-04  -3.0449151e-04  -1.9779355e-03
  -2.4561424e-05  -8.1223783e-04  -2.6701242e-04  -1.8090416e-03
  -1.7823918e-04  -9.3208311e-04  -1.9580215e-04  -1.7377308e-03
  -1.8948390e-04  -9.8451542e-04  -2.9324779e-04  -1.5388114e-03
  -3.9563699e-04  -7.7478618e-04  -2.5202079e-04  -1.5838498e-03
  -3.2442046e-04  -7.3358936e-04  -4.5885793e-05  -1.9141311e-03
  -8.8281470e-05  -6.3996024e-04  -1.6581888e-04  -1.8991183e-03
  -1.6699447e-04  -7.5231519e-04  -3.2697897e-04  -1.6138753e-03
  -1.1826737e-04  -8.0474750e-04  -2.4827288e-04  -1.9103779e-03
  -1.6699447e-04  -5.0887946e-04  -1.3208770e-04  -1.9967014e-03
  -3.3566518e-04  -8.3096365e-04  -2.0704588e-04  -1.8315608e-03
  -3.8814051e-04  -8.1223783e-04  -3.4571851e-04  -1.9891950e-03
  -3.1317575e-04  -7.9725717e-04  -4.5885793e-05  -1.8878587e-03
   3.9158622e-05  -1.0931252e-03  -2.8575197e-04  -1.8465736e-03
  -6.2043804e-05  -6.6243123e-04  -1.6207097e-04  -1.7865224e-03
  -1.3700856e-04  -5.9876342e-04   2.8767811e-04  -1.9291439e-03
  -9.5777946e-05  -8.3470882e-04  -2.4077706e-04  -2.0942846e-03
  -2.1197332e-04  -7.8976684e-04  -1.5082725e-04  -1.7602500e-03
  -4.7050852e-05  -8.4594431e-04  -9.1088500e-07  -1.9891950e-03
  -2.1946980e-04  -8.1223783e-04  -1.0210443e-04  -2.3232296e-03
  -1.6699447e-04  -9.8451542e-04   1.0777848e-04  -1.9253907e-03
  -3.0193104e-04  -9.7702509e-04  -2.2953333e-04  -1.8841055e-03
  -1.2201561e-04  -9.8826058e-04  -1.0210443e-04  -2.1318165e-03
   3.1652823e-04  -9.9575091e-04  -5.7129520e-05  -2.2406592e-03
  -2.1197332e-04  -5.1636979e-04  -2.5576870e-04  -2.3682679e-03
  -1.9698037e-04  -7.3358936e-04   1.0403057e-04  -2.1768549e-03
  -2.0072861e-04  -1.1268317e-03  -9.8356519e-05  -2.3795275e-03
  -2.7569337e-04  -8.4968948e-04  -2.4827288e-04  -2.5484214e-03
  -1.0327442e-04  -8.0474750e-04  -3.3447479e-04  -2.3795275e-03
  -2.5320394e-04  -8.0849266e-04  -3.0823942e-04  -2.3269828e-03
  -1.3700856e-04  -7.5231519e-04  -1.5457515e-04  -2.3344892e-03
  -1.3700856e-04  -1.0893800e-03  -3.4946642e-04  -2.4433319e-03
  -3.7314756e-04  -9.6578959e-04  -2.1828961e-04  -2.2106337e-03
  -3.9563699e-04  -7.0362804e-04  -1.1709606e-04  -2.4057999e-03
   1.1037514e-04  -9.2084761e-04  -1.2833979e-04  -2.4320723e-03
  -1.2576385e-04  -8.9088629e-04  -1.2833979e-04  -2.2894508e-03
  -5.2682532e-04  -7.6355068e-04  -3.8389975e-05  -2.5559278e-03
   1.2920956e-05  -6.6992156e-04  -1.5082725e-04  -2.3982935e-03
  -7.3288518e-05  -8.3096365e-04  -3.3822270e-04  -2.3307360e-03
  -8.4533232e-05  -9.6953476e-04  -1.5457515e-04  -2.1092973e-03
   9.9130430e-05  -6.3621507e-04  -8.3364883e-05  -2.2293996e-03
  -1.1077090e-04  -7.0362804e-04  -9.1088500e-07  -2.2856976e-03
  -5.0799090e-05  -9.0212179e-04   7.4047295e-05  -1.8765991e-03
   1.1787162e-04  -7.6355068e-04  -1.5902521e-05  -2.2969572e-03
   4.2906860e-05  -7.5980552e-04  -4.2137884e-05  -2.1393229e-03
  -1.2951209e-04  -6.0250859e-04   8.5291022e-05  -2.0755186e-03
  -1.3700856e-04  -6.8864738e-04   1.3776175e-04  -2.5033830e-03
  -1.8573566e-04  -6.5494090e-04  -1.4707934e-04  -2.0417398e-03
   1.2911633e-04  -4.7517298e-04   1.2277011e-04  -2.1655953e-03
   9.1727180e-06  -9.5829926e-04   2.6893856e-04  -2.3457488e-03
   1.6659871e-04  -6.0625375e-04  -1.7706261e-04  -2.0192206e-03
  -1.2576385e-04  -8.1598299e-04  -1.9580215e-04  -2.2369060e-03
  -1.2201561e-04  -7.5606035e-04  -6.8373247e-05  -2.1168037e-03
  -1.4825328e-04  -6.8864738e-04   7.0299386e-05  -1.9103779e-03
  -5.4547328e-05  -1.0107316e-03  -2.8575197e-04  -2.1843613e-03
   4.5896128e-04  -4.3023100e-04  -5.3381611e-05  -2.1205569e-03
  -9.4287973e-04  -1.3290706e-03  -1.3583561e-04  -1.8653395e-03
   1.1149029e-03  -1.1189197e-04  -1.2459188e-04  -1.9816886e-03
  -1.4001648e-03  -1.2017350e-03  -3.0823942e-04  -2.1168037e-03
   8.9375689e-04   1.2700739e-03  -4.2817251e-04  -2.1243101e-03
   1.4661035e-02   4.7455870e-03  -3.4197060e-04  -1.8390672e-03
   1.8469245e-02   2.4797622e-03  -1.6649825e-03  -1.0621554e-03
   4.3796182e-03  -2.6136622e-03   2.9411977e-03  -8.8950832e-04
  -1.5605987e-02  -1.3025221e-02   8.4393802e-03  -1.4675007e-03
  -1.0969416e-02  -5.3438875e-03   8.8216669e-03  -1.8503268e-03
   1.6314008e-02  -3.0106497e-03   3.5888838e-04  -1.6889450e-04
   2.2161259e-02  -8.9130297e-03  -7.6279057e-03   2.0867769e-03
  -4.5486847e-03  -5.1116872e-03   4.8631728e-04   1.2385544e-03
  -3.0366548e-02  -1.5579423e-02   1.0148427e-02  -1.2986068e-03
  -3.7840535e-02  -1.6216101e-02   1.0980462e-02  -2.1205569e-03
  -1.2101384e-02  -9.4148818e-03   3.0723745e-03  -1.5951094e-03
   2.5414730e-02  -7.0404472e-03  -4.1723336e-03  -1.7152117e-03
   3.1749252e-02  -4.7891814e-04  -5.0793276e-03  -2.1430761e-03
   1.0582952e-02   6.2361627e-03   4.4216217e-03  -4.4925774e-03
  -1.4886325e-02   8.1387065e-03   1.7936582e-02  -7.6227437e-03
  -2.7000630e-02  -3.2278692e-03   1.6969621e-02  -7.6490161e-03
  -1.0081084e-02  -7.5160832e-03   3.2935011e-03  -5.3257872e-03
   1.3900143e-02  -7.9725717e-04  -1.5453540e-02  -2.2519188e-03
   7.9554373e-03   4.4122673e-03  -2.3732671e-02  -4.2786509e-04
   4.2671711e-03   8.1050000e-03  -1.8208253e-02  -1.0846746e-03
   4.2596746e-03   4.7193709e-03  -9.3332043e-03  -2.3044636e-03
  -9.2452269e-03  -1.4376804e-03  -7.5417038e-03  -2.0755186e-03
  -2.2015474e-02  -3.1304950e-03  -1.6285575e-02   5.3295334e-04
  -1.9983929e-02  -1.9170615e-03  -1.7155090e-02   1.5613293e-03
  -1.6100661e-03  -1.8571389e-03  -7.0619714e-03  -8.4071676e-04
   1.4203750e-02  -1.8796099e-03  -2.9580111e-03  -2.2181401e-03
   7.2732580e-03  -1.0481832e-03  -5.2142523e-03  -1.5763434e-03
  -7.6784634e-03  -1.2316963e-03  -1.1065440e-03  -2.1017910e-03
   1.6846351e-03  -4.5644715e-04   1.2595811e-02  -6.1364777e-03
   7.3219851e-03  -5.2386012e-04   1.2363441e-02  -6.5080442e-03
   5.1742447e-03  -1.2054801e-03  -2.0360255e-03  -2.2631784e-03
   6.8871894e-03  -6.9988288e-04  -3.0891879e-03  -1.4825134e-03
  -8.2293612e-04  -1.1268317e-03   3.5108798e-03  -2.7623536e-03
  -8.4431040e-03  -1.5125837e-03   2.3602718e-03  -2.6535109e-03
  -9.0952974e-03  -1.3627771e-03  -6.3611125e-03  -1.2760933e-04
  -5.2645981e-03  -1.6137031e-03  -9.2507503e-03   1.5125378e-03
   2.4942545e-03  -8.3096365e-04  -2.4857746e-03  -2.8149041e-04
   1.5571950e-03   1.3154375e-04   1.7524084e-04  -1.2986068e-03
  -5.4032830e-03  -4.2648583e-04   1.0634953e-03  -1.3173728e-03
  -2.5771115e-03  -1.4039739e-03   7.7685045e-03  -3.0513498e-03
  -8.2668436e-04  -1.8945905e-03   1.0804311e-02  -3.9783895e-03
   1.0924135e-03  -6.0250859e-04   5.5834735e-03  -2.8524304e-03
   9.1886076e-03   1.0528543e-03   1.3895634e-03  -2.1618421e-03
   9.4322431e-03   4.1617629e-04   3.8594354e-03  -2.5596810e-03
  -7.5921607e-04  -1.0444381e-03   5.7896085e-03  -3.1038946e-03
  -1.0002371e-02  -1.6923516e-03   3.8032167e-03  -2.4433319e-03
  -1.0639571e-02  -2.1230456e-03   9.0608309e-04  -1.3173728e-03
  -5.1183236e-04  -1.6623903e-03  -1.3726456e-03  -1.4374751e-03
   5.2379647e-03  -6.6949990e-05  -2.0247817e-03  -1.2122833e-03
   7.5507208e-04   8.3937994e-04  -2.0435213e-03  -9.7958505e-04
  -2.1946980e-04   5.2853124e-04   2.1646784e-04  -1.6476541e-03
  -1.3851718e-03  -7.5980552e-04   4.0505787e-03  -2.2293996e-03
  -4.5411882e-03  -1.9208067e-03   5.1674556e-03  -2.7736132e-03
  -2.9481871e-03  -1.8384130e-03   5.0512704e-03  -2.8599367e-03
   7.2508618e-04  -9.8826058e-04   4.4103780e-03  -2.8974687e-03
   5.0730423e-03  -1.4934362e-04   1.2321512e-03  -2.8787027e-03
   6.4111632e-03   2.1019222e-04   4.7132565e-04  -2.6159789e-03
   1.3585384e-03  -2.7293407e-04   2.1016661e-03  -2.7961324e-03
  -3.5254157e-03  -1.3702674e-03   2.3040532e-03  -2.9425071e-03
  -5.5869466e-03  -1.8384130e-03  -3.4571851e-04  -2.2631784e-03
  -2.9219494e-03  -1.3964836e-03  -3.0779442e-03  -1.8390672e-03
   1.9657530e-03  -4.2274067e-04  -3.2353564e-03  -2.1768549e-03
   1.6546492e-03   2.8135035e-04  -3.2503480e-03  -2.1130505e-03
   1.6669194e-05   9.0346940e-05  -3.7225845e-03  -1.9328971e-03
   2.9403881e-04  -5.9127309e-04  -3.4040123e-03  -2.0304802e-03
  -6.5051717e-04  -1.4938579e-03  -1.4513517e-03  -2.2781912e-03
  -1.8049745e-03  -1.4002287e-03  -4.8064324e-04  -2.7773664e-03
  -6.1303479e-04  -8.1223783e-04  -1.8336384e-03  -2.7661068e-03
   2.6179464e-03  -4.6019232e-04  -4.2060648e-03  -2.2031273e-03
   3.7086836e-03  -5.5714495e-05  -6.0013132e-03  -2.1468293e-03
   9.4998046e-04  -4.7142781e-04  -4.4984017e-03  -2.3007104e-03
  -1.9323213e-04  -8.6841530e-04  -1.1102919e-03  -2.9988050e-03
   4.4396833e-04  -1.2017350e-03  -1.5675368e-03  -3.1489329e-03
  -5.1558060e-04  -1.3403061e-03  -4.5396287e-03  -2.1092973e-03
  -1.7823918e-04  -5.9876342e-04  -5.3116979e-03  -2.0042078e-03
   1.1523853e-03  -2.9540506e-04  -3.9099800e-03  -1.9967014e-03
   4.8145071e-04  -2.8416956e-04  -3.4827183e-03  -1.7865224e-03
  -3.6190284e-04  -3.9277935e-04  -4.4346872e-03  -1.5725902e-03
  -1.2989623e-03  -9.3957344e-04  -3.7300803e-03  -1.3886835e-03
  -1.6325555e-03  -1.0069864e-03  -1.6237555e-03  -1.9666759e-03
   6.9144526e-05  -6.7366672e-04  -6.3430751e-04  -2.0454930e-03
   1.3660349e-03  -5.9876342e-04  -7.8047596e-04  -1.6776797e-03
   1.9545082e-03  -7.3733453e-04   4.3759447e-04  -1.8090416e-03
   1.5796844e-03  -6.9988288e-04   2.9636851e-03  -2.3232296e-03
  -3.7689580e-04  -7.6729585e-04   4.3991343e-03  -2.3570083e-03
   1.7409519e-04  -1.0219671e-03   4.3279240e-03  -2.1993741e-03
   1.6733904e-03  -8.2721849e-04   3.9756206e-03  -2.1168037e-03
   9.2374279e-04  -8.7965080e-04   4.2379742e-03  -1.7977820e-03
   2.4905995e-04  -9.5829926e-04   3.8219563e-03  -1.7977820e-03
  -1.3776753e-03  -8.0100233e-04   1.6594128e-03  -1.2310492e-03
  -1.7075203e-03  -1.0332026e-03   6.1374619e-04  -8.7824873e-04
  -2.8318985e-04  -1.0631639e-03   1.8655478e-03  -1.4975262e-03
  -7.7046079e-04  -1.2242060e-03   3.1623243e-03  -1.7377308e-03
  -9.2413854e-04  -1.0781445e-03   2.7800376e-03  -1.6664201e-03
  -1.8573566e-04  -8.7590563e-04   1.8955311e-03  -1.4712539e-03
   3.8774476e-04  -1.1942447e-03   3.1698201e-03  -1.8015352e-03
   1.3510419e-03  -9.8077025e-04   5.6247005e-03  -2.5822002e-03
   7.7756151e-04  -7.9725717e-04   5.4448009e-03  -2.5671874e-03
  -3.9554376e-05  -6.2497958e-04   2.6601045e-03  -1.9854418e-03
   1.3023148e-03  -5.7254727e-04   1.5544714e-03  -1.6138753e-03
   1.1898677e-03  -9.2459278e-04   2.4727091e-03  -1.9141311e-03
  -7.6671255e-04  -8.4219915e-04   2.3190448e-03  -2.0154674e-03
  -1.5763320e-03  -8.5343464e-04   2.1271993e-04  -1.5725902e-03
  -2.0072861e-04  -9.8451542e-04  -1.4063768e-03  -1.3211260e-03
   1.1486371e-03  -8.3470882e-04  -9.9035886e-04  -1.1972705e-03
  -3.1692399e-04  -6.0625375e-04  -8.5918205e-04  -1.3624111e-03
  -1.2802212e-03  -4.9764397e-04  -1.3688977e-03  -1.3624111e-03
   2.4165670e-05  -8.0100233e-04  -1.2714520e-03  -1.4262155e-03
   8.4877803e-04  -1.1043607e-03  -1.5225619e-03  -1.8052884e-03
   2.4905995e-04  -1.0369477e-03  -1.9348319e-03  -1.8540799e-03
  -9.5684720e-06  -7.4107969e-04  -1.8748654e-03  -1.9704291e-03
   7.5507208e-04  -5.8003760e-04  -2.0810004e-03  -2.0567526e-03
   9.8371460e-04  -8.3845398e-04  -2.5569848e-03  -2.0567526e-03
   4.6270952e-04  -1.0669090e-03  -2.3208666e-03  -2.0304802e-03
  -1.8948390e-04  -8.6092497e-04  -1.7474365e-03  -2.0717654e-03
   3.1662146e-05  -7.0737321e-04  -1.9460757e-03  -2.1092973e-03
   3.4276590e-04  -6.6617639e-04  -2.9280278e-03  -1.6363945e-03
   3.6150709e-04  -7.2984420e-04  -3.1416586e-03  -1.6026158e-03
   4.2897537e-04  -8.0474750e-04  -2.8305822e-03  -1.8465736e-03
  -1.1003057e-03  -6.5494090e-04  -4.0486526e-03  -1.7414840e-03
  -1.6625414e-03  -5.9501826e-04  -4.3634770e-03  -1.6814329e-03
   3.2027647e-04  -6.9613771e-04  -2.0810004e-03  -1.8090416e-03
   1.0099523e-03  -1.0182219e-03  -8.0296341e-04  -2.3382424e-03
   2.6780114e-04  -7.0737321e-04  -1.6837220e-03  -2.0942846e-03
   3.0903176e-04  -6.0999892e-04  -1.8036551e-03  -1.6701733e-03
   7.5882032e-04  -1.0669090e-03  -7.1676150e-04  -2.1130505e-03
   2.4156347e-04  -9.1335728e-04   1.5275338e-04  -2.2218933e-03
  -1.3514377e-03  -1.1830092e-03  -1.0960025e-04  -2.0567526e-03
  -1.4039130e-03  -1.2017350e-03  -3.6820597e-04  -2.0079610e-03
   2.7913908e-05  -9.6578959e-04   1.1152638e-04  -2.2594252e-03
   4.4771656e-04  -8.9837662e-04  -4.9633702e-05  -2.3419956e-03
  -4.3302614e-05  -7.8976684e-04   3.0266974e-04  -2.1017910e-03
  -2.7194513e-04  -1.0743994e-03   8.3112491e-04  -1.9404035e-03
  -6.5792042e-05  -1.1642833e-03   1.4345383e-03  -2.2293996e-03
  -4.5186056e-04  -1.1193414e-03   1.8842873e-03  -2.5596810e-03
  -5.5306298e-04  -9.1710245e-04   1.5956983e-03  -2.1655953e-03
   1.1787162e-04  -8.3096365e-04   2.3827592e-03  -2.2631784e-03
   2.0408109e-04  -8.6467014e-04   1.9367581e-03  -2.2481656e-03
  -3.1317575e-04  -7.9725717e-04   1.1084702e-03  -2.0342334e-03
  -5.1932884e-04  -7.5231519e-04   2.1766242e-03  -2.3907871e-03
  -6.9924426e-04  -9.5829926e-04   2.7350627e-03  -2.2819444e-03
  -1.2052564e-03  -1.0332026e-03   3.0423912e-03  -2.4095531e-03
  -1.3326033e-04  -7.0737321e-04   3.6120734e-03  -2.5897066e-03
   9.7621812e-04  -8.0474750e-04   3.2972490e-03  -2.2293996e-03
  -3.3191694e-04  -4.1525034e-04   2.0641870e-03  -2.0004546e-03
  -1.0028515e-03  -4.9015364e-04   1.3370926e-03  -1.9066247e-03
  -1.9698037e-04  -1.0219671e-03   2.0716828e-03  -1.9967014e-03
  -2.6070042e-04  -6.2872474e-04   2.4914486e-03  -2.0454930e-03
  -6.2053127e-04  -7.4857002e-04   1.1009744e-03  -2.0154674e-03
   1.6669194e-05  -6.8115705e-04   2.1646784e-04  -1.8991183e-03
   9.3873574e-04  -4.3772133e-04   6.6621692e-04  -2.0417398e-03
   2.6405290e-04  -6.3246991e-04   4.1885492e-04  -2.2556720e-03
  -1.0965575e-03  -6.9239255e-04  -2.4452497e-04  -2.0192206e-03
  -7.6671255e-04  -9.1335728e-04  -3.6445806e-04  -2.2444124e-03
   1.4410929e-04  -7.6729585e-04  -7.3550105e-04  -2.2894508e-03
   2.0408109e-04  -5.6880210e-04  -1.9235882e-03  -2.0117142e-03
  -3.6190284e-04  -6.2123441e-04  -2.6656742e-03  -2.1993741e-03
  -3.8439227e-04  -5.5756661e-04  -2.3995726e-03  -2.2181401e-03
  -5.0808413e-04  -7.4482486e-04  -2.3770852e-03  -2.1280633e-03
  -7.2173369e-04  -9.0212179e-04  -2.4482955e-03  -2.0379866e-03
   2.4156347e-04  -9.1335728e-04  -1.7174532e-03  -2.0192206e-03
   4.8145071e-04  -9.3582827e-04  -1.6387471e-03  -2.2481656e-03
  -7.7036756e-05  -8.9463146e-04  -2.4407996e-03  -2.0605058e-03
   3.9158622e-05  -1.0631639e-03  -2.4632871e-03  -2.1393229e-03
   3.3152119e-04  -1.0069864e-03  -2.3883289e-03  -2.3570083e-03
  -7.2923017e-04  -8.4594431e-04  -3.4264997e-03  -2.0154674e-03
  -1.5013672e-03  -1.1792640e-03  -3.9099800e-03  -2.0267270e-03
  -3.6565108e-04  -1.1006155e-03  -2.6319430e-03  -2.1168037e-03
   2.9778704e-04  -9.1335728e-04  -1.3351665e-03  -2.4245659e-03
  -8.4533232e-05  -1.1567930e-03  -1.5750327e-03  -2.2969572e-03
  -7.1423722e-04  -9.7702509e-04  -2.1184795e-03  -2.0004546e-03
  -3.9938522e-04  -7.9351200e-04  -1.5075703e-03  -2.1956209e-03
   2.0033286e-04  -1.0069864e-03  -6.4929914e-04  -2.1468293e-03
  -6.0179008e-04  -1.0669090e-03  -5.3686187e-04  -2.2331528e-03
  -1.0290892e-03  -9.5455410e-04  -1.0803087e-03  -1.8615863e-03
  -7.5921607e-04  -1.0519284e-03  -4.5815578e-04  -1.9404035e-03
  -4.2562289e-04  -1.1343220e-03   5.4253592e-04  -2.1130505e-03
  -3.5815461e-04  -1.0444381e-03   1.1152638e-04  -1.7489904e-03
  -7.9669845e-04  -9.5080893e-04   3.6638420e-04  -1.9704291e-03
  -4.9309117e-04  -7.5606035e-04   1.2134116e-03  -2.0830250e-03
  -3.0942751e-04  -9.4706377e-04   1.5207402e-03  -2.0229738e-03
  -4.8184646e-04  -8.8714113e-04   1.5694630e-03  -1.8390672e-03
  -4.5935703e-04  -6.8864738e-04   1.6481691e-03  -1.7489904e-03
  -4.9309117e-04  -1.1343220e-03   2.0192121e-03  -2.0342334e-03
  -5.7180417e-04  -1.1230865e-03   1.4232945e-03  -2.0942846e-03
  -9.4287973e-04  -9.5080893e-04   8.0863746e-04  -1.6664201e-03
  -5.7930065e-04  -7.7853134e-04   1.6331774e-03  -1.6626669e-03
   1.6762420e-06  -5.3509562e-04   2.1878680e-03  -2.0229738e-03
  -7.5921607e-04  -5.8003760e-04   1.7081356e-03  -1.5800966e-03
  -8.4167731e-04  -6.3621507e-04   1.5619672e-03  -1.6063689e-03
   2.5655643e-04  -8.3470882e-04   2.1953638e-03  -1.9967014e-03
   5.7899812e-05  -8.6092497e-04   2.4652132e-03  -1.7452372e-03
  -6.1303479e-04  -7.5980552e-04   1.6069421e-03  -1.7414840e-03
  -5.4556651e-04  -7.8602167e-04   9.1732682e-04  -1.6589137e-03
  -3.2442046e-04  -8.9837662e-04   1.0110245e-03  -1.6739265e-03
  -5.5681122e-04  -9.1335728e-04   4.6008192e-04  -1.8953651e-03
  -9.7286564e-04  -9.3582827e-04   1.0028266e-04  -1.6589137e-03
  -3.5440637e-04  -8.6467014e-04  -1.1334816e-04  -1.8615863e-03
   2.3031876e-04  -7.1860870e-04  -4.0568506e-04  -2.1168037e-03
  -1.4825328e-04  -9.8451542e-04  -5.0687860e-04  -1.7640032e-03
  -5.3432179e-04  -1.0332026e-03  -1.1252836e-03  -1.9066247e-03
  -1.5200152e-04  -1.0968704e-03  -1.0053505e-03  -2.1806081e-03
   8.0389240e-05  -1.0294574e-03  -1.6125118e-03  -1.9854418e-03
  -3.3191694e-04  -8.2347332e-04  -2.3058749e-03  -1.9216375e-03
   1.2911633e-04  -9.2459278e-04  -1.3951330e-03  -2.1768549e-03
   7.2883441e-04  -6.8115705e-04  -1.3051832e-03  -2.4020467e-03
   5.0403336e-05  -8.6841530e-04  -2.4370517e-03  -2.2932040e-03
  -8.3792907e-04  -1.0931252e-03  -3.5164495e-03  -1.9554163e-03
  -4.1062994e-04  -8.0849266e-04  -3.1866335e-03  -2.0154674e-03
   1.0662691e-04  -8.9463146e-04  -2.5457411e-03  -2.3870339e-03
  -4.1062994e-04  -9.6578959e-04  -3.2053731e-03  -2.1993741e-03
  -5.8679712e-04  -9.7702509e-04  -3.0667004e-03  -2.2594252e-03
   2.0408109e-04  -9.2459278e-04  -1.7511844e-03  -2.6572641e-03
   6.3512846e-04  -7.4857002e-04  -1.0690650e-03  -2.5071362e-03
  -2.7944161e-04  -1.0032412e-03  -1.4438559e-03  -2.2631784e-03
  -3.3941342e-04  -9.7702509e-04  -1.5413015e-03  -2.2556720e-03
   2.7529762e-04  -6.3996024e-04  -8.0296341e-04  -2.6347449e-03
  -9.2029708e-05  -8.5717981e-04  -7.3550105e-04  -2.5296554e-03
