  -5.4181827e-04  -8.4968948e-04  -3.3072688e-04  -1.8127948e-03
  -3.0567927e-04  -8.3845398e-04  -3.0449151e-04  -1.9967014e-03
  -3.4316165e-04  -7.6729585e-04  -5.2936605e-04  -1.9028715e-03
  -1.0702266e-04  -8.4594431e-04  -2.4827288e-04  -1.8240544e-03
  -1.8948390e-04  -8.2721849e-04  -4.9633702e-05  -1.8165480e-03
  -3.8439227e-04  -8.3470882e-04  -1.5082725e-04  -1.9366503e-03
  -3.9554376e-05  -1.0631639e-03  -1.4333143e-04  -2.0680122e-03
   2.4165670e-05  -9.3957344e-04  -1.8455843e-04  -1.9629227e-03
   6.1648050e-05  -7.5606035e-04  -1.0210443e-04  -1.8015352e-03
  -2.3071451e-04  -9.6953476e-04   6.5849330e-06  -2.0755186e-03
  -2.9443456e-04  -9.5080893e-04  -1.6207097e-04  -1.8991183e-03
  -3.2067223e-04  -7.8976684e-04  -3.0894157e-05  -1.8203012e-03
  -5.1932884e-04  -8.1598299e-04  -1.2084397e-04  -2.1881145e-03
  -7.3288518e-05  -7.5606035e-04  -3.1198733e-04  -1.8953651e-03
  -5.0799090e-05  -9.1710245e-04  -7.5869065e-05  -2.0004546e-03
  -5.8295566e-05  -1.0294574e-03  -3.7570179e-04  -2.1580889e-03
   3.9158622e-05  -1.0556735e-03  -3.5321433e-04  -1.7001989e-03
  -9.2029708e-05  -9.2833794e-04   3.2820296e-05  -1.8015352e-03
  -1.4825328e-04  -6.6992156e-04  -3.6071015e-04  -1.9891950e-03
  -3.0942751e-04  -8.1223783e-04  -3.0074361e-04  -2.0154674e-03
  -3.3566518e-04  -9.5080893e-04  -1.5902521e-05  -2.1731017e-03
  -2.2321804e-04  -9.6578959e-04  -2.3702915e-04  -2.1430761e-03
   9.9130430e-05  -1.0818897e-03  -1.2084397e-04  -2.1355697e-03
  -2.4561424e-05  -1.1081059e-03  -1.0960025e-04  -2.1768549e-03
  -2.7569337e-04  -9.1335728e-04  -1.3208770e-04  -2.0342334e-03
  -3.5806138e-05  -7.9725717e-04  -2.1454170e-04  -2.0454930e-03
  -3.3191694e-04  -6.7366672e-04  -2.8200406e-04  -2.1205569e-03
  -2.5695218e-04  -7.7478618e-04  -8.4067030e-06  -1.9854418e-03
  -9.5684720e-06  -8.1223783e-04  -2.2578543e-04  -2.2481656e-03
  -2.2321804e-04  -7.1486354e-04  -1.5832306e-04  -2.3795275e-03
   3.5410384e-05  -9.0961212e-04  -4.5885793e-05  -2.3419956e-03
  -5.8295566e-05  -8.6467014e-04  -2.5202079e-04  -2.2932040e-03
  -2.2321804e-04  -8.3470882e-04  -1.6581888e-04  -2.0004546e-03
  -1.3700856e-04  -9.8826058e-04  -2.8949988e-04  -2.3232296e-03
  -5.4547328e-05  -8.5343464e-04  -7.5869065e-05  -2.3907871e-03
   1.1037514e-04  -8.8339596e-04   2.9072387e-05  -2.1731017e-03
  -1.1826737e-04  -9.2084761e-04   4.7811932e-05  -2.4508383e-03
  -2.7569337e-04  -6.6617639e-04   3.2820296e-05  -2.2481656e-03
  -2.1572156e-04  -8.0100233e-04  -3.4197060e-04  -1.8765991e-03
  -1.9323213e-04  -8.4594431e-04  -6.4625338e-05  -2.3907871e-03
  -9.9526184e-05  -8.3470882e-04  -6.0877429e-05  -2.5146426e-03
  -9.2029708e-05  -7.3358936e-04  -2.6326452e-04  -2.0454930e-03
  -1.8948390e-04  -4.7891814e-04  -1.6956679e-04  -2.2331528e-03
  -1.5949799e-04  -7.6729585e-04  -1.3583561e-04  -2.1393229e-03
  -4.7050852e-05  -9.0961212e-04   6.2803568e-05  -1.8878587e-03
  -5.8295566e-05  -6.7366672e-04   1.7828660e-05  -2.0117142e-03
  -1.2576385e-04  -5.9876342e-04  -1.3583561e-04  -1.9554163e-03
  -2.4561424e-05  -6.7741189e-04  -4.6587940e-06  -1.9441567e-03
   1.0287867e-04  -6.4370540e-04   2.2021575e-04  -2.0642590e-03
  -2.8309662e-05  -6.1374408e-04   2.0147620e-04  -1.9028715e-03
  -8.0784994e-05  -7.8976684e-04  -5.3381611e-05  -1.8540799e-03
   7.6641002e-05  -8.9837662e-04  -2.3702915e-04  -2.2293996e-03
   2.1907405e-04  -8.8339596e-04  -6.0877429e-05  -2.0605058e-03
   3.4276590e-04  -7.8976684e-04  -3.8389975e-05  -1.9216375e-03
  -4.7050852e-05  -6.8115705e-04  -4.5885793e-05  -2.0342334e-03
  -3.3191694e-04  -7.6355068e-04   1.0028266e-04  -1.9554163e-03
  -1.3326033e-04  -7.7853134e-04  -1.2459188e-04  -2.2106337e-03
  -1.0327442e-04  -8.0100233e-04   3.6568205e-05  -1.9741823e-03
   2.1532581e-04  -1.1717737e-03  -1.5902521e-05  -1.7189649e-03
   5.4244800e-06  -1.2242060e-03  -2.0329797e-04  -1.9967014e-03
  -3.3191694e-04  -9.0961212e-04  -2.2203752e-04  -2.0529994e-03
  -3.9554376e-05  -7.4482486e-04  -6.6803869e-04  -2.0379866e-03
  -1.5574975e-04  -7.0737321e-04  -1.6207097e-04  -1.9516631e-03
  -2.6444866e-04  -8.9088629e-04  -1.2459188e-04  -2.1055441e-03
  -3.2067223e-04  -8.3470882e-04  -2.8575197e-04  -2.0154674e-03
  -2.8693808e-04  -6.5119573e-04   1.2651802e-04  -1.8428204e-03
  -8.4533232e-05  -9.8826058e-04  -2.3702915e-04  -2.0079610e-03
  -9.2029708e-05  -1.0257122e-03   3.6568205e-05  -1.8015352e-03
  -2.6444866e-04  -9.8826058e-04  -7.2121156e-05  -2.1543357e-03
  -3.3191694e-04  -1.2691480e-03  -3.6071015e-04  -2.2856976e-03
  -1.8573566e-04  -1.0481832e-03  -1.9580215e-04  -1.8428204e-03
  -1.3700856e-04  -9.2833794e-04  -3.0449151e-04  -2.0117142e-03
  -2.6819689e-04  -9.5455410e-04  -7.5869065e-05  -2.0942846e-03
  -4.3686760e-04  -9.5829926e-04  -3.5321433e-04  -2.0529994e-03
  -2.1197332e-04  -9.9575091e-04  -4.2817251e-04  -2.1168037e-03
  -3.2816870e-04  -9.7702509e-04  -2.3328124e-04  -2.2031273e-03
  -3.2442046e-04  -1.2129705e-03  -2.3702915e-04  -2.0980378e-03
  -1.7449094e-04  -9.9949608e-04  -1.8830634e-04  -2.0567526e-03
  -5.8304889e-04  -9.9949608e-04  -3.0823942e-04  -2.1543357e-03
  -2.6819689e-04  -1.1230865e-03  -2.2203752e-04  -2.0342334e-03
  -1.1451914e-04  -7.7853134e-04  -3.7195388e-04  -2.0567526e-03
  -2.9443456e-04  -9.2084761e-04  -4.2817251e-04  -2.1130505e-03
  -2.4570747e-04  -8.8714113e-04  -2.2578543e-04  -2.0267270e-03
  -3.3191694e-04  -9.0212179e-04  -2.7825615e-04  -1.9854418e-03
  -3.2067223e-04  -7.7104101e-04  -1.9955006e-04  -2.0980378e-03
  -2.2321804e-04  -5.9127309e-04  -2.3398339e-05  -2.0117142e-03
  -6.2043804e-05  -9.8826058e-04  -1.4707934e-04  -1.7790160e-03
  -2.8318985e-04  -8.9463146e-04  -3.4197060e-04  -1.9779355e-03
  -2.2696628e-04  -9.2084761e-04  -1.3583561e-04  -1.8615863e-03
  -9.5777946e-05  -7.9725717e-04   5.5307750e-05  -1.7077053e-03
  -2.8318985e-04  -6.0999892e-04  -1.1709606e-04  -1.9816886e-03
  -3.2057900e-05  -8.4968948e-04  -3.1573524e-04  -1.6814329e-03
   4.2906860e-05  -7.4107969e-04  -1.0960025e-04  -1.8578331e-03
  -3.2057900e-05  -8.6467014e-04  -1.3208770e-04  -1.9929482e-03
  -1.0702266e-04  -8.7216047e-04  -1.1709606e-04  -1.7077053e-03
  -3.0942751e-04  -7.4482486e-04   9.6534749e-05  -2.1918677e-03
  -1.3326033e-04  -9.0586695e-04  -3.6445806e-04  -2.1092973e-03
   4.6655098e-05  -6.7366672e-04  -3.2697897e-04  -1.8765991e-03
  -1.4075680e-04  -7.7853134e-04  -1.0210443e-04  -2.1731017e-03
  -1.8948390e-04  -9.5829926e-04  -1.9580215e-04  -2.1505825e-03
  -1.4825328e-04  -6.6243123e-04  -1.5832306e-04  -2.0717654e-03
  -1.5200152e-04  -7.3358936e-04  -1.9650430e-05  -2.2481656e-03
  -1.4450504e-04  -7.4482486e-04   8.9038931e-05  -2.1543357e-03
  -3.3941342e-04  -9.0212179e-04  -2.1079379e-04  -2.0342334e-03
  -1.6699447e-04  -9.5455410e-04  -2.0704588e-04  -2.2519188e-03
  -1.1451914e-04  -8.5717981e-04  -2.8949988e-04  -2.0867782e-03
  -1.7823918e-04  -9.6204443e-04  -3.6071015e-04  -2.0117142e-03
   1.2536810e-04  -8.8714113e-04  -4.9633702e-05  -2.0867782e-03
  -2.1572156e-04  -9.0961212e-04  -2.3398339e-05  -2.0792718e-03
  -2.2696628e-04  -8.1223783e-04  -1.2154612e-05  -2.3645147e-03
  -8.4533232e-05  -8.6467014e-04  -9.0860701e-05  -2.3232296e-03
  -7.3288518e-05  -9.0212179e-04  -2.1828961e-04  -2.1055441e-03
  -8.4533232e-05  -1.0332026e-03  -1.9205424e-04  -2.1318165e-03
  -3.5440637e-04  -8.7965080e-04  -2.7450824e-04  -2.2068805e-03
   2.7904585e-04  -7.2235387e-04  -3.3072688e-04  -2.2481656e-03
  -1.3316710e-05  -9.8077025e-04  -1.2084397e-04  -2.2594252e-03
  -3.7314756e-04  -7.7104101e-04   3.2820296e-05  -2.3344892e-03
   3.1662146e-05  -1.0369477e-03  -1.5457515e-04  -2.4771107e-03
  -1.6699447e-04  -9.2459278e-04  -2.5951661e-04  -2.4245659e-03
  -1.7823918e-04  -9.2084761e-04  -1.4707934e-04  -2.2856976e-03
  -3.0193104e-04  -1.2054801e-03  -5.3381611e-05  -2.5409150e-03
  -4.7050852e-05  -8.0474750e-04   7.4047295e-05  -2.4808638e-03
  -5.4547328e-05  -1.0669090e-03  -1.9205424e-04  -2.2969572e-03
  -2.5695218e-04  -9.8077025e-04  -3.0449151e-04  -2.3645147e-03
  -5.0799090e-05  -7.1860870e-04   3.6568205e-05  -2.2143869e-03
  -2.1572156e-04  -6.6992156e-04  -1.0210443e-04  -2.0942846e-03
  -1.6324623e-04  -6.2872474e-04  -3.4642066e-05  -1.9441567e-03
  -5.8202340e-06  -7.5606035e-04   7.7795204e-05  -2.0192206e-03
  -2.8309662e-05  -6.8864738e-04  -9.8356519e-05  -1.9253907e-03
  -1.2576385e-04  -9.1335728e-04   1.2277011e-04  -2.0267270e-03
   6.1648050e-05  -6.4745057e-04   5.9055659e-05  -2.2369060e-03
   1.1412338e-04  -7.3358936e-04  -1.4333143e-04  -1.8428204e-03
  -2.8309662e-05  -1.0069864e-03  -3.4642066e-05  -1.9591695e-03
   9.9130430e-05  -5.5007628e-04  -8.7112792e-05  -1.9066247e-03
   1.1787162e-04  -6.8490222e-04  -1.2833979e-04  -1.8353140e-03
   7.2892764e-05  -7.4857002e-04   4.0316114e-05  -2.0642590e-03
  -1.5574975e-04  -4.9389880e-04   9.6534749e-05  -1.7977820e-03
  -1.9698037e-04  -6.9613771e-04  -2.0704588e-04  -1.8803523e-03
   2.7913908e-05  -8.8714113e-04  -3.3822270e-04  -1.9629227e-03
   3.8774476e-04  -9.7327992e-04  -2.8200406e-04  -1.9328971e-03
   2.4531171e-04  -9.8451542e-04  -4.0943297e-04  -1.9779355e-03
  -2.2696628e-04  -7.5231519e-04  -2.5576870e-04  -2.0192206e-03
  -5.8295566e-05  -9.9575091e-04  -1.4333143e-04  -2.0867782e-03
  -2.1946980e-04  -9.4331860e-04   2.5324478e-05  -1.9629227e-03
  -2.7194513e-04  -6.8115705e-04  -2.3398339e-05  -2.0905314e-03
  -8.0784994e-05  -9.8826058e-04  -2.1454170e-04  -2.1806081e-03
  -4.1437818e-04  -8.7216047e-04   4.4064023e-05  -2.0529994e-03
  -2.2696628e-04  -9.8451542e-04  -7.5869065e-05  -1.7414840e-03
  -1.3316710e-05  -1.0556735e-03  -1.2833979e-04  -1.8916119e-03
  -1.5949799e-04  -7.8602167e-04  -1.1334816e-04  -2.2181401e-03
  -3.9554376e-05  -8.7216047e-04  -3.7195388e-04  -1.9629227e-03
  -1.5574975e-04  -9.8451542e-04  -4.9938278e-04  -2.0942846e-03
  -1.1451914e-04  -9.5455410e-04  -3.3447479e-04  -2.2819444e-03
  -1.4825328e-04  -6.8864738e-04  -1.4333143e-04  -2.1280633e-03
  -2.6444866e-04  -8.5717981e-04  -2.8575197e-04  -2.0417398e-03
  -1.4450504e-04  -1.0032412e-03  -3.0823942e-04  -2.1092973e-03
  -2.1946980e-04  -8.0849266e-04  -7.5869065e-05  -2.1092973e-03
  -1.0327442e-04  -9.7327992e-04  -2.4077706e-04  -1.9779355e-03
  -3.2067223e-04  -9.4706377e-04  -4.8439115e-04  -2.0717654e-03
  -3.6939932e-04  -8.5717981e-04   2.5769484e-04  -1.8765991e-03
  -1.2576385e-04  -1.0519284e-03   2.7538022e-03  -1.3924367e-03
  -4.3302614e-05  -1.0369477e-03   7.0339143e-03  -1.5838498e-03
  -5.3057355e-04  -9.1710245e-04   8.2594806e-03  -2.0417398e-03
  -8.7541145e-04  -8.6841530e-04   5.9657602e-03  -1.9891950e-03
  -7.7036756e-05  -8.4968948e-04   5.1374724e-03  -1.7227181e-03
   5.1893309e-04  -1.0219671e-03   5.8233397e-03  -1.9404035e-03
   4.8145071e-04  -8.0849266e-04   6.5654257e-03  -2.1881145e-03
  -1.3252000e-03  -4.9015364e-04   4.1742597e-03  -1.5688370e-03
  -1.4676331e-03  -6.7366672e-04   1.7531105e-03  -1.0996874e-03
   4.7770247e-04  -1.0406929e-03   2.8325083e-03  -1.3323856e-03
   9.1727180e-06  -1.1305768e-03   2.5364235e-03  -1.6664201e-03
  -1.2127529e-03  -6.8115705e-04   1.5132444e-03  -1.8690927e-03
  -7.6671255e-04  -6.5868606e-04   6.0999828e-04  -1.9666759e-03
   1.2723289e-03  -7.3358936e-04  -7.4674478e-04  -2.0942846e-03
   5.9014961e-04  -5.5382144e-04  -2.2833875e-03  -2.3832807e-03
  -1.4863742e-03  -8.1972816e-04  -4.9256633e-03  -2.2481656e-03
  -1.4376472e-03  -1.0144767e-03  -7.2343753e-03  -2.1130505e-03
  -1.1302916e-03  -8.3470882e-04  -9.9178781e-03  -2.5934598e-03
  -1.0253410e-03  -8.6092497e-04  -1.2957432e-02  -2.4696043e-03
  -1.4413954e-03  -1.0818897e-03  -1.5374834e-02  -2.4583447e-03
  -1.6138143e-03  -8.1972816e-04  -1.7897176e-02  -2.7886260e-03
  -1.5688355e-03  -7.7853134e-04  -2.0370796e-02  -3.2202437e-03
  -1.3364447e-03  -1.0519284e-03  -2.2975593e-02  -3.6068229e-03
  -1.4376472e-03  -1.0481832e-03  -2.5509180e-02  -3.4116567e-03
  -2.0823441e-03  -1.1755188e-03  -2.6165064e-02  -3.5805506e-03
  -1.1227952e-03  -1.2391866e-03  -2.3320401e-02  -3.1639457e-03
  -9.9526184e-05  -1.2953641e-03  -1.6967695e-02  -2.4921234e-03
  -2.3071451e-04  -1.1642833e-03  -8.7372868e-03  -2.1768549e-03
   5.9389785e-04  -9.3957344e-04  -4.2442460e-04  -1.9591695e-03
   1.6696422e-03  -1.2391866e-03   7.1650911e-03  -2.0042078e-03
   2.6629252e-03  -9.4331860e-04   1.4143698e-02  -1.7602500e-03
   2.9515395e-03  -6.1374408e-04   1.9491964e-02  -2.0905314e-03
   2.2468708e-03  -7.4482486e-04   2.1883130e-02  -2.3907871e-03
   3.2888810e-03  -4.1150517e-04   2.3311083e-02  -2.0454930e-03
   3.5100270e-03  -4.4146649e-04   2.2284156e-02  -1.4675007e-03
   1.9919906e-03  -6.3621507e-04   1.9334552e-02  -8.5572955e-04
   1.5047197e-03  -7.8976684e-04   1.6999604e-02  -1.0508958e-03
   2.3068426e-03  -6.7366672e-04   1.3409108e-02  -1.3811771e-03
  -3.0193104e-04  -3.8528902e-04   7.8397147e-03  -6.9058888e-04
  -6.3778248e-03  -7.1486354e-04   2.9674330e-03   1.1634848e-04
  -3.2967732e-03  -1.0257122e-03   1.1284043e-02  -1.4599943e-03
   5.0730423e-03  -1.1230865e-03   2.2250425e-02  -4.2936580e-03
   3.5025305e-03  -8.4594431e-04   1.4720876e-02  -2.9087283e-03
  -1.1527811e-03  -7.0273500e-06   6.1419120e-03   1.1259528e-04
   2.8278477e-03   2.3266321e-04   1.0920496e-02  -1.4562411e-03
   5.2679506e-03  -5.0138913e-04   1.4878288e-02  -3.0926350e-03
  -2.6220904e-03  -9.8826058e-04   6.4117614e-03  -1.2122833e-03
  -6.5877262e-03  -1.2803834e-03  -9.1540068e-04  -4.8792193e-05
   5.2268132e-04  -1.2616576e-03   3.9793685e-03  -2.4095531e-03
   3.0265043e-03  -9.0586695e-04   2.3602718e-03  -3.4116567e-03
  -2.5771115e-03  -4.4521166e-04  -7.6728806e-03  -1.4900198e-03
  -1.4226542e-03   1.9146639e-04  -9.8729032e-03  -2.1505825e-03
   3.2476503e-03  -2.9915022e-04  -8.9846488e-03  -3.2878012e-03
  -1.5949799e-04  -7.9725717e-04  -1.2309044e-02  -2.8111452e-03
  -6.7001733e-03  -8.0849266e-04  -1.7852201e-02  -1.4299687e-03
  -4.9872285e-03  -1.2092253e-03  -1.6866501e-02  -1.4787603e-03
   3.5026238e-04  -1.1904995e-03  -1.0270182e-02  -3.5843038e-03
  -1.2877176e-03  -9.9575091e-04  -1.2226590e-02  -2.4808638e-03
  -7.2548193e-04  -6.6617639e-04  -1.2620120e-02  -1.8203012e-03
   2.9590360e-03  -4.4146649e-04  -5.7989261e-03  -3.1301669e-03
   3.1127138e-03  -6.7366672e-04  -2.9992381e-03  -3.3290864e-03
   1.4260067e-03  -8.0474750e-04  -4.2435439e-03  -3.4191631e-03
  -2.8507329e-03  -9.1710245e-04  -1.1004772e-02  -1.7377308e-03
  -3.5816393e-03  -1.2167156e-03  -1.2365263e-02  -1.2535684e-03
  -8.7541145e-04  -1.5425450e-03  -6.6047265e-03  -2.8449240e-03
  -4.2937113e-04  -1.2204608e-03  -7.9164947e-03  -2.7098089e-03
  -5.9429360e-04  -6.3621507e-04  -1.0686199e-02  -1.8615863e-03
   1.0062040e-03  -7.2235387e-04  -7.8677719e-03  -2.1543357e-03
   2.3068426e-03  -7.7478618e-04  -3.3815248e-03  -3.0851286e-03
  -4.5935703e-04  -6.8490222e-04  -2.7143970e-03  -2.6084725e-03
  -2.1385677e-03  -8.9463146e-04  -3.0329693e-03  -1.9216375e-03
   4.2906860e-05  -9.3957344e-04  -2.1454170e-04  -1.9479099e-03
   8.0005094e-04  -9.9200575e-04   2.0342037e-03  -1.8165480e-03
  -4.5186056e-04  -1.0669090e-03   2.4277341e-03  -1.6589137e-03
   1.6659871e-04  -7.4482486e-04   4.3129324e-03  -1.4187091e-03
   1.6509010e-03  -7.1486354e-04   7.5998486e-03  -1.7640032e-03
   1.4597408e-03  -8.4968948e-04   9.0727768e-03  -1.9741823e-03
   9.1633954e-05  -9.2084761e-04   8.8366585e-03  -1.8690927e-03
  -6.5801365e-04  -9.4706377e-04   7.8584543e-03  -2.0117142e-03
   4.7020599e-04  -7.3358936e-04   7.6897984e-03  -2.0529994e-03
   4.8519894e-04  -8.6092497e-04   7.0339143e-03  -1.6926925e-03
  -6.4676893e-04  -5.8752793e-04   4.9088499e-03  -1.3924367e-03
  -6.5426541e-04  -4.4521166e-04   4.2492179e-03  -1.5575774e-03
  -3.2442046e-04  -9.2084761e-04   3.7807293e-03  -1.4750071e-03
  -1.4826260e-03  -1.0519284e-03   2.9299540e-03  -1.4900198e-03
  -1.9061769e-03  -1.2242060e-03   4.5078236e-03  -1.9103779e-03
   4.8519894e-04  -1.0481832e-03   7.8996813e-03  -2.5183958e-03
   6.6511437e-04  -9.0961212e-04   7.3299991e-03  -2.4958766e-03
  -1.3926683e-03  -8.4594431e-04   3.7582418e-03  -1.4675007e-03
  -1.1190469e-03  -6.0999892e-04   4.1892514e-03  -1.1484789e-03
   1.0361899e-03  -9.5080893e-04   6.7003504e-03  -1.8390672e-03
   4.2897537e-04  -1.0406929e-03   6.1044329e-03  -1.6739265e-03
  -1.9286663e-03  -1.0069864e-03   3.1173494e-03  -9.4955947e-04
  -9.9160683e-04  -1.0631639e-03   2.6900878e-03  -1.3699175e-03
   9.2749103e-04  -8.8714113e-04   4.1967472e-03  -2.1580889e-03
   4.3647185e-04  -8.4594431e-04   2.2215992e-03  -1.9854418e-03
  -8.8665616e-04  -7.6729585e-04  -1.0090984e-03  -1.8615863e-03
   5.4244800e-06  -7.2235387e-04  -1.3951330e-03  -2.0942846e-03
   5.9014961e-04  -7.2235387e-04  -1.8111509e-03  -1.9291439e-03
  -1.0815645e-03  -7.5231519e-04  -4.5058975e-03  -2.0154674e-03
  -1.5875767e-03  -7.8227651e-04  -6.0650276e-03  -1.8690927e-03
  -2.9443456e-04  -6.8864738e-04  -5.5328246e-03  -1.9666759e-03
   3.0153528e-04  -7.3733453e-04  -5.5253288e-03  -2.4771107e-03
  -9.8785859e-04  -8.8714113e-04  -6.7733824e-03  -2.0867782e-03
  -9.7286564e-04  -1.0107316e-03  -6.3611125e-03  -2.1318165e-03
   6.4262494e-04  -1.1418123e-03  -3.4527351e-03  -2.7023025e-03
   2.6030466e-04  -1.0631639e-03  -3.1641461e-03  -2.8224048e-03
  -9.9160683e-04  -1.0519284e-03  -4.6033431e-03  -2.3307360e-03
  -4.7060175e-04  -1.1642833e-03  -3.8762488e-03  -2.0605058e-03
   5.4891899e-04  -1.0069864e-03  -2.5382453e-03  -2.5371618e-03
   5.1893309e-04  -1.1904995e-03  -2.2271688e-03  -2.4508383e-03
  -5.4181827e-04  -1.2017350e-03  -3.4302476e-03  -1.9591695e-03
  -8.7541145e-04  -8.9837662e-04  -3.4827183e-03  -2.0717654e-03
   8.5627451e-04  -9.6953476e-04  -1.5525452e-03  -2.9049751e-03
   5.4891899e-04  -8.1223783e-04  -2.1184795e-03  -2.9162347e-03
  -1.4301507e-03  -7.4482486e-04  -4.0449047e-03  -2.0229738e-03
  -9.0164912e-04  -8.5717981e-04  -3.1678940e-03  -2.1468293e-03
   5.5266723e-04  -7.6729585e-04  -1.3988809e-03  -2.7435876e-03
   1.8533990e-04  -5.8378276e-04  -1.8861091e-03  -2.4470851e-03
  -1.2839694e-03  -4.7142781e-04  -3.0179776e-03  -2.0079610e-03
  -1.0365857e-03  -5.8752793e-04  -1.8936049e-03  -2.3419956e-03
  -1.9323213e-04  -7.4857002e-04   1.0403057e-04  -2.4771107e-03
  -4.9683941e-04  -7.5231519e-04   2.6519065e-04  -2.3532552e-03
  -9.6536916e-04  -7.2609903e-04  -1.4707934e-04  -2.2819444e-03
  -5.3432179e-04  -9.3957344e-04   8.6485609e-04  -2.3157232e-03
   1.3661281e-04  -9.0212179e-04   2.1541368e-03  -2.5071362e-03
  -2.8693808e-04  -8.5343464e-04   2.3415322e-03  -2.2669316e-03
  -7.0674074e-04  -8.2347332e-04   1.9554976e-03  -2.0342334e-03
  -4.8934294e-04  -6.9239255e-04   2.6788440e-03  -2.0417398e-03
   2.3781524e-04  -1.0257122e-03   3.6720399e-03  -2.2293996e-03
   1.1037514e-04  -7.9725717e-04   3.0573829e-03  -2.0492462e-03
  -8.7541145e-04  -4.6393748e-04   1.6219337e-03  -1.7377308e-03
  -4.9683941e-04  -7.8227651e-04   1.5357318e-03  -1.9516631e-03
   5.0403336e-05  -8.7216047e-04   2.9711810e-03  -1.9591695e-03
  -2.7944161e-04  -7.7478618e-04   2.9524414e-03  -2.0492462e-03
  -2.2696628e-04  -6.1748925e-04   2.2103554e-03  -1.9253907e-03
   1.9283638e-04  -5.0138913e-04   2.5813984e-03  -1.5613306e-03
   7.8880622e-04  -4.6768265e-04   3.4434175e-03  -1.7339776e-03
   9.1999455e-04  -6.0250859e-04   3.5820901e-03  -1.8953651e-03
   6.5396288e-05  -6.5119573e-04   2.4052467e-03  -1.5237986e-03
  -2.5320394e-04  -6.9613771e-04   2.4727091e-03  -1.6701733e-03
   1.8533990e-04  -8.1598299e-04   3.3609635e-03  -2.1168037e-03
   3.5401061e-04  -8.7216047e-04   3.3234844e-03  -1.8615863e-03
   1.3661281e-04  -1.0519284e-03   2.6863399e-03  -1.9291439e-03
   2.3031876e-04  -8.0849266e-04   2.2478345e-03  -1.7414840e-03
   7.8505798e-04  -7.2984420e-04   2.3677676e-03  -1.7977820e-03
   5.5266723e-04  -1.0032412e-03   1.6856482e-03  -2.0192206e-03
  -2.4570747e-04  -7.8976684e-04   5.4253592e-04  -1.7227181e-03
  -3.1692399e-04  -6.4370540e-04  -5.7129520e-05  -2.0229738e-03
  -5.8295566e-05  -7.7853134e-04  -3.2323106e-04  -2.0154674e-03
  -6.2043804e-05  -7.6729585e-04  -1.3688977e-03  -1.8916119e-03
   1.0662691e-04  -7.7478618e-04  -2.5344974e-03  -1.9479099e-03
   7.2892764e-05  -8.8714113e-04  -3.0404651e-03  -2.1168037e-03
  -7.7036756e-05  -7.0362804e-04  -3.5839119e-03  -2.2406592e-03
  -1.8198742e-04  -7.5231519e-04  -3.9961819e-03  -2.0417398e-03
  -1.0178445e-03  -1.0856349e-03  -4.7420158e-03  -2.0342334e-03
  -1.1940117e-03  -8.8339596e-04  -4.0786359e-03  -2.2369060e-03
  -3.9188875e-04  -9.1710245e-04  -2.3246145e-03  -2.4508383e-03
  -1.8948390e-04  -8.3096365e-04  -2.3058749e-03  -2.3082168e-03
  -2.5320394e-04  -6.6617639e-04  -2.9017925e-03  -2.0980378e-03
  -1.2951209e-04  -8.0100233e-04  -2.9767506e-03  -2.0154674e-03
  -2.0072861e-04  -7.8976684e-04  -2.2908833e-03  -2.3082168e-03
  -3.4690989e-04  -1.1418123e-03  -1.6874699e-03  -2.6197321e-03
  -8.2668436e-04  -1.0968704e-03  -2.3845810e-03  -2.3570083e-03
  -1.2727247e-03  -1.1081059e-03  -2.8530696e-03  -2.1055441e-03
   1.6762420e-06  -1.0706542e-03  -1.8148988e-03  -2.3795275e-03
   5.3767428e-04  -8.4219915e-04  -1.7099574e-03  -2.4020467e-03
  -7.3672664e-04  -1.0069864e-03  -3.2953229e-03  -2.0454930e-03
  -7.4797136e-04  -8.4968948e-04  -2.7443803e-03  -1.9441567e-03
  -1.7823918e-04  -1.0032412e-03  -9.1914859e-04  -2.1355697e-03
  -1.5949799e-04  -7.5606035e-04  -8.5543414e-04  -2.3607615e-03
  -5.6805593e-04  -6.0999892e-04  -1.4813349e-03  -1.9366503e-03
  -2.9068632e-04  -9.4331860e-04  -1.3726456e-03  -1.6401477e-03
   7.4757560e-04  -7.3358936e-04  -4.9633702e-05  -1.7865224e-03
   4.4771656e-04  -7.6729585e-04   5.3504010e-04  -1.7752628e-03
  -2.1946980e-04  -5.8752793e-04  -4.2137884e-05  -1.6739265e-03
  -3.5065813e-04  -8.3096365e-04   6.3623364e-04  -1.7152117e-03
   5.4244800e-06  -1.2242060e-03   2.0267079e-03  -1.8878587e-03
   4.5146480e-04  -7.8976684e-04   2.1241535e-03  -1.9291439e-03
   3.5401061e-04  -8.0474750e-04   1.7493626e-03  -1.8765991e-03
   8.7876393e-04  -8.4219915e-04   1.9554976e-03  -1.7827692e-03
   8.8251217e-04  -7.3733453e-04   1.6406733e-03  -1.8503268e-03
  -1.2201561e-04  -7.8602167e-04   1.1234618e-03  -1.6626669e-03
  -2.0447685e-04  -9.4331860e-04   1.4157987e-03  -1.7489904e-03
  -8.8281470e-05  -1.0257122e-03   2.1803722e-03  -1.9816886e-03
  -3.9938522e-04  -8.1598299e-04   2.1129098e-03  -1.7564968e-03
   9.1727180e-06  -9.3957344e-04   1.8355645e-03  -2.0229738e-03
   6.8385556e-04  -8.6841530e-04   2.2853136e-03  -1.9704291e-03
   9.1249808e-04  -6.9239255e-04   1.9217664e-03  -1.9216375e-03
   2.9403881e-04  -8.6841530e-04   1.4945048e-03  -2.0342334e-03
  -3.7689580e-04  -8.4968948e-04   1.5469755e-03  -1.5838498e-03
  -6.9540280e-05  -8.7590563e-04   1.4495299e-03  -2.0605058e-03
  -2.7194513e-04  -9.1335728e-04   1.3970592e-03  -2.3269828e-03
  -2.2321804e-04  -6.5868606e-04   7.7865419e-04  -1.8428204e-03
   2.0033286e-04  -5.7254727e-04   5.0505683e-04  -2.1243101e-03
   6.5396288e-05  -5.8003760e-04   6.6996483e-04  -2.3570083e-03
   1.8908814e-04  -6.5868606e-04   2.7643438e-04  -2.4658511e-03
  -6.2043804e-05  -9.6953476e-04  -7.2121156e-05  -2.3082168e-03
  -2.7569337e-04  -9.2084761e-04  -3.9818924e-04  -2.0117142e-03
  -2.3821099e-04  -8.7965080e-04  -7.3175314e-04  -2.1318165e-03
  -3.1317575e-04  -9.3208311e-04  -1.1477710e-03  -2.3119700e-03
  -4.1062994e-04  -8.2347332e-04  -1.5562931e-03  -2.7023025e-03
  -4.8559470e-04  -6.8490222e-04  -1.7774198e-03  -2.3832807e-03
  -4.5186056e-04  -7.1111837e-04  -1.5900243e-03  -2.3119700e-03
  -3.6939932e-04  -8.8714113e-04  -9.3414023e-04  -2.7060557e-03
  -9.2029708e-05  -6.9988288e-04  -1.0878045e-03  -2.4095531e-03
  -2.9443456e-04  -8.8339596e-04  -1.3913851e-03  -2.3795275e-03
  -3.9188875e-04  -8.9088629e-04  -1.5787806e-03  -2.1881145e-03
   1.6762420e-06  -8.7216047e-04  -1.8861091e-03  -2.3982935e-03
   1.3286457e-04  -1.0182219e-03  -1.9798068e-03  -2.5334086e-03
  -2.2696628e-04  -5.3509562e-04  -2.3995726e-03  -2.0642590e-03
  -3.0942751e-04  -5.7629243e-04  -2.0922441e-03  -2.2444124e-03
   2.7154938e-04  -6.6617639e-04  -1.5525452e-03  -2.3007104e-03
   1.1412338e-04  -7.3358936e-04  -1.6162597e-03  -2.2481656e-03
  -9.2029708e-05  -6.3246991e-04  -1.7286969e-03  -2.1806081e-03
   2.6780114e-04  -5.9127309e-04  -1.6612346e-03  -2.1505825e-03
   4.6645775e-04  -8.3845398e-04  -1.3951330e-03  -2.2218933e-03
   3.0528352e-04  -5.8378276e-04  -1.2789479e-03  -2.0942846e-03
  -2.4195923e-04  -8.7590563e-04  -1.3239228e-03  -2.0079610e-03
  -1.7449094e-04  -7.0737321e-04  -1.2152334e-03  -1.9366503e-03
   7.2892764e-05  -5.5007628e-04  -8.8541741e-04  -2.0942846e-03
   2.0417432e-05  -8.8339596e-04  -7.5049269e-04  -2.0905314e-03
  -7.7036756e-05  -8.7590563e-04  -6.6429078e-04  -1.8803523e-03
   7.2892764e-05  -9.2084761e-04  -4.3192042e-04  -2.0042078e-03
   4.6270952e-04  -6.2123441e-04  -1.3583561e-04  -2.1205569e-03
   2.0782933e-04  -8.0474750e-04   5.1559841e-05  -2.1505825e-03
  -1.2951209e-04  -8.9463146e-04   1.6024920e-04  -2.2218933e-03
  -1.1077090e-04  -8.1598299e-04   5.1630056e-04  -2.0154674e-03
  -4.3302614e-05  -9.9949608e-04   1.0260162e-03  -1.8278076e-03
  -9.2029708e-05  -8.6841530e-04   1.1309576e-03  -1.9479099e-03
  -2.0822509e-04  -8.9463146e-04   1.2059158e-03  -1.9291439e-03
  -2.1197332e-04  -6.0250859e-04   1.3708238e-03  -1.9178843e-03
  -6.9540280e-05  -5.6505694e-04   1.3146052e-03  -2.0867782e-03
   2.7913908e-05  -8.7590563e-04   1.1871763e-03  -2.1843613e-03
  -5.2307708e-04  -6.9988288e-04   3.2140929e-04  -1.9328971e-03
  -7.1048898e-04  -7.8602167e-04   1.6024920e-04  -1.8353140e-03
  -3.7314756e-04  -1.1717737e-03   7.5991464e-04  -2.1580889e-03
  -5.7180417e-04  -1.0706542e-03   7.1119182e-04  -2.1168037e-03
  -3.7314756e-04  -7.4107969e-04   4.4883819e-04  -1.9291439e-03
  -3.6565108e-04  -9.0212179e-04   3.5888838e-04  -2.0192206e-03
  -4.5935703e-04  -8.2721849e-04   9.4356218e-04  -2.3682679e-03
  -1.5949799e-04  -6.5494090e-04   1.0634953e-03  -2.3682679e-03
  -6.0553831e-04  -9.4706377e-04   9.5855382e-04  -1.8503268e-03
  -3.0193104e-04  -8.6467014e-04   1.4008071e-03  -1.8615863e-03
   1.0287867e-04  -8.8339596e-04   1.1272097e-03  -2.0529994e-03
  -2.8693808e-04  -9.7327992e-04   6.6246901e-04  -2.0642590e-03
  -4.3686760e-04  -7.5980552e-04   5.0130892e-04  -1.9028715e-03
  -3.9188875e-04  -9.8077025e-04   5.8001501e-04  -1.8165480e-03
  -2.1197332e-04  -1.0594187e-03   1.0522515e-03  -2.2143869e-03
  -3.5815461e-04  -8.8714113e-04   6.0250246e-04  -2.0192206e-03
  -3.5065813e-04  -1.0481832e-03  -1.9650430e-05  -1.9328971e-03
