  -1.2576385e-04  -1.0406929e-03  -2.3398339e-05  -2.1843613e-03
  -5.8295566e-05  -8.0849266e-04   1.2277011e-04  -1.9816886e-03
  -9.5684720e-06  -7.7478618e-04   2.1646784e-04  -2.0079610e-03
  -1.4075680e-04  -8.6092497e-04  -2.9324779e-04  -2.0492462e-03
   9.1633954e-05  -6.3621507e-04  -5.0313069e-04  -1.9328971e-03
   9.5382192e-05  -6.2872474e-04  -4.1692878e-04  -1.8841055e-03
   2.0408109e-04  -6.4745057e-04  -2.5951661e-04  -1.9554163e-03
   3.1662146e-05  -8.7965080e-04  -6.0877429e-05  -2.0567526e-03
  -2.9818280e-04  -9.3957344e-04   5.5307750e-05  -1.8465736e-03
  -3.8064403e-04  -8.4219915e-04   1.2651802e-04  -2.1318165e-03
  -4.7809822e-04  -1.0069864e-03   6.6551477e-05  -2.4170595e-03
  -4.2562289e-04  -7.4107969e-04   1.7898875e-04  -2.0379866e-03
  -3.0567927e-04  -6.3246991e-04   3.2820296e-05  -2.1543357e-03
  -2.5695218e-04  -7.8227651e-04  -2.5576870e-04  -2.2031273e-03
  -2.4945570e-04  -7.4857002e-04  -2.6326452e-04  -1.8916119e-03
  -2.2696628e-04  -7.4107969e-04  -2.5576870e-04  -2.0905314e-03
  -3.3941342e-04  -6.8864738e-04  -2.1828961e-04  -2.0980378e-03
  -4.2187465e-04  -7.4107969e-04  -3.4571851e-04  -1.9216375e-03
  -2.7944161e-04  -8.7965080e-04  -3.8694551e-04  -1.9178843e-03
  -4.5186056e-04  -7.6355068e-04  -1.7706261e-04  -2.0267270e-03
  -4.8934294e-04  -6.3621507e-04  -3.0449151e-04  -2.0867782e-03
  -2.2696628e-04  -8.1598299e-04  -2.7450824e-04  -1.9666759e-03
  -2.8693808e-04  -9.7702509e-04  -1.4333143e-04  -2.0267270e-03
  -3.5815461e-04  -1.1343220e-03  -2.4452497e-04  -2.0642590e-03
  -2.3446275e-04  -9.2084761e-04  -3.2323106e-04  -2.0229738e-03
  -1.5949799e-04  -8.2347332e-04  -4.0568506e-04  -1.9741823e-03
  -3.7314756e-04  -9.3582827e-04  -9.8356519e-05  -2.0304802e-03
  -2.7569337e-04  -7.3358936e-04  -2.8200406e-04  -2.1768549e-03
  -2.0447685e-04  -9.4706377e-04  -5.4435769e-04  -2.1693485e-03
  -2.9443456e-04  -8.0474750e-04  -1.5457515e-04  -2.0605058e-03
  -3.2442046e-04  -8.5343464e-04  -1.4333143e-04  -2.0905314e-03
  -5.4181827e-04  -1.1118510e-03  -3.7195388e-04  -2.2481656e-03
  -2.1572156e-04  -7.7478618e-04  -3.8319760e-04  -1.9704291e-03
  -1.3700856e-04  -9.5455410e-04  -3.1948315e-04  -1.8690927e-03
  -4.6685351e-04  -1.1493027e-03  -3.4571851e-04  -2.0117142e-03
  -2.1197332e-04  -1.0219671e-03  -2.7146248e-05  -1.8353140e-03
  -1.7823918e-04  -8.7965080e-04   4.4064023e-05  -1.8503268e-03
  -3.4690989e-04  -7.7104101e-04  -3.0074361e-04  -1.9591695e-03
  -1.1077090e-04  -7.8227651e-04  -2.1454170e-04  -1.9816886e-03
  -3.3941342e-04  -7.0737321e-04  -4.0568506e-04  -2.0267270e-03
  -3.5065813e-04  -9.2084761e-04  -6.3055960e-04  -2.0529994e-03
  -1.4825328e-04  -9.5829926e-04  -2.4827288e-04  -1.9441567e-03
  -4.0688170e-04  -6.6617639e-04  -3.4642066e-05  -1.8165480e-03
  -3.5065813e-04  -8.9463146e-04   1.0777848e-04  -1.8991183e-03
  -1.9698037e-04  -8.4219915e-04   1.7149293e-04  -1.9967014e-03
   5.4244800e-06  -6.4370540e-04  -8.7112792e-05  -2.0267270e-03
   2.7913908e-05  -6.7366672e-04  -2.9699570e-04  -1.8765991e-03
   9.5382192e-05  -7.2609903e-04  -5.1812233e-04  -1.7902756e-03
   1.1412338e-04  -8.7216047e-04  -3.4197060e-04  -1.9891950e-03
   3.1662146e-05  -7.1860870e-04  -3.1573524e-04  -2.0192206e-03
  -4.3302614e-05  -8.6841530e-04  -3.7944969e-04  -2.0004546e-03
  -3.9563699e-04  -7.5980552e-04  -3.4642066e-05  -2.0492462e-03
  -2.9443456e-04  -6.3246991e-04  -9.8356519e-05  -2.1543357e-03
  -3.1317575e-04  -9.5455410e-04  -1.4333143e-04  -2.2556720e-03
  -2.6819689e-04  -7.2609903e-04  -1.8455843e-04  -2.1618421e-03
  -2.5695218e-04  -6.7741189e-04  -1.2833979e-04  -1.9816886e-03
  -4.2187465e-04  -8.4219915e-04   8.9038931e-05  -2.1918677e-03
  -1.2951209e-04  -9.0961212e-04   6.6551477e-05  -2.3682679e-03
  -1.5949799e-04  -8.7965080e-04  -3.4642066e-05  -1.9441567e-03
  -2.0822509e-04  -6.8490222e-04  -3.2697897e-04  -2.0942846e-03
  -2.1946980e-04  -8.0100233e-04  -1.9205424e-04  -2.1130505e-03
  -2.6819689e-04  -8.7590563e-04  -2.0704588e-04  -2.0229738e-03
  -2.7194513e-04  -8.8339596e-04  -3.6820597e-04  -2.5334086e-03
  -3.6565108e-04  -7.5606035e-04  -1.5082725e-04  -2.2856976e-03
  -2.9818280e-04  -7.0362804e-04  -2.6701242e-04  -2.2781912e-03
  -2.2321804e-04  -8.4968948e-04   2.1576569e-05  -2.3119700e-03
  -1.5949799e-04  -7.2609903e-04  -3.0894157e-05  -2.0004546e-03
  -2.7944161e-04  -7.1860870e-04  -3.3072688e-04  -2.3682679e-03
  -1.3326033e-04  -6.7741189e-04  -1.8081052e-04  -2.3307360e-03
  -5.4547328e-05  -7.4107969e-04  -3.5696224e-04  -2.0680122e-03
  -3.0193104e-04  -9.3957344e-04  -1.1709606e-04  -2.2143869e-03
  -2.3821099e-04  -7.0362804e-04  -4.2137884e-05  -2.3157232e-03
  -1.2201561e-04  -7.3358936e-04  -1.0585234e-04  -2.2068805e-03
  -1.2951209e-04  -8.2347332e-04  -7.5869065e-05  -1.8916119e-03
  -3.5065813e-04  -5.3135045e-04  -2.1454170e-04  -1.8203012e-03
  -2.4561424e-05  -5.9876342e-04   2.8370240e-06  -2.0042078e-03
   8.0389240e-05  -7.0737321e-04  -5.7129520e-05  -2.0454930e-03
  -1.4075680e-04  -7.7478618e-04  -5.7129520e-05  -1.9441567e-03
   2.7913908e-05  -6.7366672e-04  -1.2154612e-05  -1.9666759e-03
  -1.2576385e-04  -6.0999892e-04  -1.2833979e-04  -1.9779355e-03
  -9.5684720e-06  -7.5231519e-04   2.3895529e-04  -1.9366503e-03
  -2.9818280e-04  -7.4107969e-04   2.6144274e-04  -2.0229738e-03
  -2.6819689e-04  -6.9613771e-04  -1.6581888e-04  -1.8728459e-03
   2.7904585e-04  -4.6393748e-04  -2.7076033e-04  -1.9591695e-03
  -1.0327442e-04  -7.3733453e-04  -1.2833979e-04  -2.1205569e-03
  -3.2816870e-04  -9.4331860e-04   9.6534749e-05  -2.0192206e-03
  -2.1572156e-04  -9.3582827e-04   2.9517393e-04  -2.1318165e-03
  -2.3446275e-04  -8.2721849e-04   2.0522411e-04  -2.1318165e-03
  -2.7194513e-04  -7.4482486e-04   4.4064023e-05  -1.9291439e-03
  -2.1572156e-04  -1.1305768e-03  -1.2459188e-04  -1.9291439e-03
  -2.4561424e-05  -8.3845398e-04  -5.8183678e-04  -2.1505825e-03
   1.4785752e-04  -7.5980552e-04  -3.6445806e-04  -1.9253907e-03
   5.7899812e-05  -9.7702509e-04   5.1559841e-05  -1.8540799e-03
  -1.7823918e-04  -8.5717981e-04  -2.0329797e-04  -2.0680122e-03
  -3.8064403e-04  -9.1710245e-04  -1.8455843e-04  -1.9516631e-03
  -2.8693808e-04  -9.6953476e-04   3.2820296e-05  -2.0342334e-03
  -1.4450504e-04  -8.5343464e-04  -4.2137884e-05  -2.2143869e-03
  -2.5320394e-04  -6.5119573e-04  -3.0449151e-04  -2.0680122e-03
  -2.3821099e-04  -8.1972816e-04  -3.4946642e-04  -2.0079610e-03
  -1.7074271e-04  -8.6092497e-04  -1.5457515e-04  -2.1731017e-03
  -1.1077090e-04  -9.3957344e-04  -2.7076033e-04  -2.0192206e-03
  -2.9443456e-04  -1.0631639e-03  -3.7195388e-04  -2.2744380e-03
  -4.0313346e-04  -6.9239255e-04  -1.6207097e-04  -2.1993741e-03
  -3.5065813e-04  -7.8976684e-04  -4.6565160e-04  -1.8878587e-03
  -2.6819689e-04  -9.0212179e-04  -3.5696224e-04  -2.3382424e-03
  -2.0072861e-04  -8.4968948e-04   7.4047295e-05  -2.2781912e-03
  -1.8198742e-04  -1.1979898e-03  -3.3447479e-04  -2.2481656e-03
  -1.0702266e-04  -1.0743994e-03  -1.8081052e-04  -2.3269828e-03
  -3.8439227e-04  -8.7590563e-04  -1.4333143e-04  -2.0492462e-03
  -3.7689580e-04  -9.4706377e-04  -2.8949988e-04  -1.9854418e-03
  -1.4825328e-04  -1.0144767e-03  -5.3381611e-05  -1.9328971e-03
  -8.8281470e-05  -9.3582827e-04  -1.5457515e-04  -1.9291439e-03
  -2.2696628e-04  -8.1223783e-04  -2.8949988e-04  -2.1693485e-03
  -4.1062994e-04  -1.0257122e-03  -4.2067669e-04  -2.3382424e-03
  -1.8198742e-04  -9.3208311e-04  -3.1573524e-04  -2.1881145e-03
   1.2920956e-05  -7.1111837e-04  -3.5696224e-04  -1.9253907e-03
  -7.3288518e-05  -8.1223783e-04  -2.9699570e-04  -2.0755186e-03
  -2.9818280e-04  -7.7853134e-04  -1.6581888e-04  -2.0304802e-03
  -2.7944161e-04  -7.2984420e-04  -1.8830634e-04  -1.8203012e-03
  -1.4075680e-04  -8.4594431e-04  -1.2459188e-04  -1.9366503e-03
  -1.8573566e-04  -8.0474750e-04  -1.8455843e-04  -1.9216375e-03
  -3.3566518e-04  -8.6467014e-04  -3.8389975e-05  -2.0454930e-03
  -1.8198742e-04  -9.0212179e-04  -1.6207097e-04  -1.9103779e-03
  -1.7823918e-04  -5.6505694e-04  -3.4946642e-04  -2.0004546e-03
  -2.3821099e-04  -6.7741189e-04  -3.3072688e-04  -2.1543357e-03
  -7.3288518e-05  -8.8339596e-04  -1.8830634e-04  -1.7865224e-03
  -3.8814051e-04  -8.2347332e-04   8.5291022e-05  -1.9103779e-03
  -3.3566518e-04  -9.6578959e-04   1.4080751e-05  -2.0792718e-03
  -2.7569337e-04  -9.1335728e-04   2.1576569e-05  -2.0529994e-03
  -3.4690989e-04  -9.1335728e-04   3.6568205e-05  -1.9816886e-03
  -1.4450504e-04  -8.1223783e-04  -1.5832306e-04  -1.8653395e-03
  -6.9540280e-05  -5.0513430e-04  -2.2203752e-04  -1.9891950e-03
   4.6655098e-05  -8.1598299e-04  -4.0193715e-04  -2.1318165e-03
  -1.7064948e-05  -9.4331860e-04  -4.0568506e-04  -2.2444124e-03
   4.6655098e-05  -6.0625375e-04  -1.8830634e-04  -2.0379866e-03
  -1.0327442e-04  -7.5980552e-04  -2.2203752e-04  -1.9516631e-03
  -2.4195923e-04  -8.9837662e-04  -1.2833979e-04  -2.2256465e-03
  -2.2696628e-04  -7.4107969e-04   2.1576569e-05  -2.1806081e-03
  -4.4061584e-04  -7.9725717e-04  -2.7146248e-05  -2.2143869e-03
  -3.0193104e-04  -7.8227651e-04  -1.9205424e-04  -2.1655953e-03
  -2.4570747e-04  -9.7327992e-04  -1.8081052e-04  -2.0454930e-03
  -1.7449094e-04  -1.0556735e-03  -2.0704588e-04  -2.1393229e-03
  -2.3821099e-04  -7.5231519e-04  -2.3328124e-04  -2.0192206e-03
  -9.9526184e-05  -8.6841530e-04  -6.4625338e-05  -2.1430761e-03
  -7.7036756e-05  -8.3470882e-04  -2.1828961e-04  -2.4620979e-03
  -3.9563699e-04  -8.1972816e-04  -5.7129520e-05  -2.2781912e-03
   2.0417432e-05  -1.0182219e-03  -3.0894157e-05  -2.1130505e-03
  -3.2067223e-04  -8.9463146e-04  -2.4452497e-04  -2.2856976e-03
  -4.7050852e-05  -8.3096365e-04  -3.9444133e-04  -2.3307360e-03
  -5.8202340e-06  -8.4219915e-04  -8.4067030e-06  -2.3269828e-03
  -6.0179008e-04  -9.3957344e-04   1.0403057e-04  -2.3082168e-03
   5.4151574e-05  -8.9837662e-04  -2.7450824e-04  -2.2369060e-03
  -2.4195923e-04  -8.2347332e-04   2.7643438e-04  -2.3232296e-03
  -4.3311937e-04  -9.3582827e-04  -6.5679496e-04  -2.3382424e-03
  -4.7434998e-04  -6.9613771e-04  -4.5885793e-05  -2.2444124e-03
  -3.0942751e-04  -9.5080893e-04   7.9364582e-04  -2.1430761e-03
   3.0528352e-04  -1.0444381e-03  -7.9171968e-04  -1.9366503e-03
   2.4531171e-04  -3.7030836e-04  -8.4067030e-06  -1.9591695e-03
   1.1412338e-04  -5.5007628e-04   5.1630056e-04  -1.9854418e-03
   2.0417432e-05  -5.9127309e-04  -2.5576870e-04  -1.9854418e-03
   1.6285048e-04  -5.1636979e-04  -4.8813906e-04  -2.1017910e-03
   3.9158622e-05  -7.7478618e-04   2.1576569e-05  -1.8803523e-03
  -4.2562289e-04  -7.3733453e-04  -7.2121156e-05  -1.8728459e-03
  -5.5306298e-04  -8.5343464e-04  -1.3583561e-04  -2.2256465e-03
  -1.3316710e-05  -8.2347332e-04   4.4883819e-04  -2.2969572e-03
   2.7904585e-04  -9.6578959e-04  -2.2578543e-04  -2.0304802e-03
  -1.1826737e-04  -1.0556735e-03   2.1646784e-04  -1.9366503e-03
  -5.7555241e-04  -9.6953476e-04   7.2618346e-04  -2.1393229e-03
  -2.7569337e-04  -8.4594431e-04  -2.2203752e-04  -1.9741823e-03
   1.7034695e-04  -6.5494090e-04  -6.0432423e-04  -1.7977820e-03
   8.0389240e-05  -6.7741189e-04  -2.4452497e-04  -1.9141311e-03
   9.9130430e-05  -5.7254727e-04  -2.7825615e-04  -1.9441567e-03
  -1.3700856e-04  -8.3470882e-04  -2.1828961e-04  -2.1092973e-03
  -3.0567927e-04  -9.8077025e-04   1.2277011e-04  -2.0942846e-03
  -4.1812641e-04  -8.5343464e-04   4.4064023e-05  -1.9704291e-03
  -5.9429360e-04  -1.1305768e-03   1.2277011e-04  -2.0792718e-03
  -5.0433589e-04  -9.5829926e-04   2.1576569e-05  -1.9666759e-03
  -1.8198742e-04  -7.0737321e-04  -2.2953333e-04  -1.9216375e-03
   2.7913908e-05  -8.5343464e-04  -3.8694551e-04  -2.0492462e-03
  -1.5200152e-04  -7.2984420e-04   6.5849330e-06  -1.9629227e-03
  -4.1437818e-04  -8.8339596e-04   1.7828660e-05  -1.9779355e-03
  -3.6939932e-04  -9.3582827e-04  -6.0057633e-04  -2.1543357e-03
  -9.9526184e-05  -8.3470882e-04  -1.6207097e-04  -2.1881145e-03
  -4.1062994e-04  -1.0519284e-03  -3.5696224e-04  -2.1130505e-03
  -4.4436408e-04  -7.5980552e-04  -3.2323106e-04  -2.0079610e-03
  -7.7036756e-05  -8.2347332e-04   5.9055659e-05  -2.1318165e-03
  -5.8202340e-06  -9.7327992e-04  -4.9563487e-04  -2.2444124e-03
  -2.0813186e-05  -7.7104101e-04  -2.7450824e-04  -2.0567526e-03
  -3.5065813e-04  -9.0961212e-04  -2.9324779e-04  -2.0379866e-03
  -6.5051717e-04  -1.0182219e-03  -1.9580215e-04  -2.1468293e-03
  -5.5681122e-04  -1.1680285e-03  -1.2084397e-04  -1.9479099e-03
  -1.3700856e-04  -1.0219671e-03  -2.8200406e-04  -1.9291439e-03
  -1.7064948e-05  -1.1380672e-03  -1.8830634e-04  -2.2969572e-03
  -2.6070042e-04  -1.2354415e-03  -3.2323106e-04  -2.1168037e-03
  -3.2442046e-04  -8.6467014e-04  -8.7112792e-05  -1.9891950e-03
  -2.7569337e-04  -1.0743994e-03  -2.4077706e-04  -2.2969572e-03
   3.9158622e-05  -9.5829926e-04  -3.0449151e-04  -2.1092973e-03
  -3.4690989e-04  -8.4594431e-04  -2.4452497e-04  -2.0154674e-03
  -6.5792042e-05  -8.9837662e-04  -2.3702915e-04  -2.0755186e-03
   1.6284115e-03  -5.7254727e-04  -6.8373247e-05  -1.8653395e-03
   1.7371104e-03  -6.6992156e-04  -6.3805542e-04  -1.8540799e-03
   2.8279409e-04  -5.9501826e-04  -1.4333143e-04  -1.9066247e-03
  -9.7661388e-04  -7.6729585e-04   1.4382862e-03  -2.2369060e-03
  -4.2562289e-04  -1.1792640e-03   1.4532778e-03  -2.6347449e-03
   1.0661758e-03  -1.0931252e-03   4.0386329e-04  -2.3382424e-03
   2.0856966e-03  -5.8752793e-04  -1.1327794e-03  -1.9779355e-03
   1.6509010e-03   4.1659795e-05  -1.6762262e-03  -2.0417398e-03
   9.0125336e-04  -2.1301143e-04  -8.2170296e-04  -2.1092973e-03
   1.7933340e-03  -7.1111837e-04  -1.5862764e-03  -2.2781912e-03
   1.0586794e-03  -9.0212179e-04  -2.0997399e-03  -2.4470851e-03
  -2.3071451e-04  -9.7327992e-04  -1.1102919e-03  -2.2068805e-03
  -2.0813186e-05  -6.8115705e-04  -1.6949658e-03  -2.5371618e-03
   8.4502979e-04  -6.1748925e-04  -2.5120099e-03  -2.7098089e-03
   1.6996281e-03  -7.6729585e-04  -2.5494890e-03  -2.3870339e-03
   1.2123571e-03  -5.5382144e-04  -3.7975427e-03  -2.6159789e-03
   1.8908814e-04  -4.8640847e-04  -3.6813575e-03  -2.4921234e-03
  -4.9309117e-04  -7.4107969e-04  -3.4789704e-03  -2.2669316e-03
  -3.8814051e-04  -1.0257122e-03  -5.2105044e-03  -2.1655953e-03
  -8.8665616e-04  -1.1305768e-03  -4.1835773e-03  -2.0792718e-03
  -2.5396291e-03  -1.0182219e-03  -3.1753898e-03  -2.1806081e-03
  -3.4392062e-03  -1.1755188e-03  -4.6408222e-03  -2.1318165e-03
  -2.7082998e-03  -1.3665222e-03  -5.1880169e-03  -1.9741823e-03
  -1.7450027e-03  -1.2017350e-03  -5.1430420e-03  -1.7790160e-03
  -2.1947912e-03  -8.0474750e-04  -5.3978998e-03  -1.6138753e-03
  -2.0411135e-03  -5.6505694e-04  -4.4684184e-03  -1.5275518e-03
  -7.7795726e-04  -7.9725717e-04  -3.0667004e-03  -1.4750071e-03
  -4.2562289e-04  -9.9949608e-04  -2.2833875e-03  -1.0996874e-03
  -1.7262615e-03  -8.7590563e-04   1.2883698e-03  -1.4750071e-03
  -4.1063926e-03  -1.0107316e-03   4.8301438e-03  -2.3307360e-03
  -3.8365195e-03  -1.3215803e-03   6.0707017e-03  -2.2594252e-03
  -1.4376472e-03  -1.4002287e-03   7.8622022e-03  -2.1130505e-03
   2.4905995e-04  -1.1418123e-03   8.8141711e-03  -2.4095531e-03
   1.2048606e-03  -4.9015364e-04   8.6867422e-03  -2.5521746e-03
  -5.4547328e-05  -3.3285671e-04   5.9695082e-03  -1.7039521e-03
   1.6669194e-05  -5.2386012e-04   4.0955537e-03  -1.0208702e-03
   5.3392604e-04  -9.0586695e-04   7.3225033e-03  -1.4825134e-03
  -1.5163601e-03  -1.3140899e-03   1.0302091e-02  -2.1318165e-03
  -1.2689764e-03  -8.4594431e-04   1.1096648e-02  -2.3795275e-03
   6.9510027e-04  -5.0138913e-04   9.7286609e-03  -2.0154674e-03
   1.7858375e-03  -2.8416956e-04   6.6478797e-03  -1.6964457e-03
   1.8495576e-03  -1.4559846e-04   5.5909693e-03  -1.7077053e-03
   9.7621812e-04  -4.2274067e-04   6.9402166e-03  -1.8390672e-03
  -2.5695218e-04  -4.2648583e-04   5.6172047e-03  -1.6889393e-03
  -5.9054536e-04  -8.0474750e-04   2.6188775e-03  -1.2010237e-03
  -1.2201561e-04  -1.2129705e-03   2.5514151e-03  -1.3886835e-03
  -3.1692399e-04  -8.7216047e-04   1.8205729e-03  -1.6739265e-03
  -5.4547328e-05  -5.4633111e-04   2.5769484e-04  -1.8165480e-03
   7.2508618e-04  -5.0138913e-04  -9.0040905e-04  -2.0117142e-03
   1.1861194e-03  -4.5644715e-04  -2.9655069e-03  -1.8353140e-03
  -1.2201561e-04  -5.6131177e-04  -4.3185021e-03  -1.9929482e-03
  -2.2322736e-03  -7.0737321e-04  -4.3972081e-03  -1.9629227e-03
  -2.1460641e-03  -7.8227651e-04  -5.7427075e-03  -1.8090416e-03
  -5.6055946e-04  -1.0444381e-03  -7.2606106e-03  -1.8090416e-03
  -3.5815461e-04  -1.0144767e-03  -6.8633323e-03  -1.6701733e-03
  -1.2464870e-03  -7.3358936e-04  -6.0725235e-03  -2.0079610e-03
  -9.3163502e-04  -7.1486354e-04  -4.0036777e-03  -2.3907871e-03
  -6.6176188e-04  -1.0069864e-03  -3.6026514e-03  -2.3757743e-03
  -7.4797136e-04  -9.9949608e-04  -5.1392941e-03  -1.9066247e-03
  -9.2039031e-04  -8.5343464e-04  -4.1573420e-03  -2.1243101e-03
  -1.1640258e-03  -1.0481832e-03  -2.5494890e-03  -2.4808638e-03
  -8.6041850e-04  -6.9988288e-04  -2.5532369e-03  -2.1956209e-03
   2.7913908e-05  -7.4482486e-04  -3.1229191e-03  -2.3419956e-03
   3.0528352e-04  -1.0706542e-03  -3.1154233e-03  -2.0079610e-03
  -8.2668436e-04  -6.4745057e-04  -1.9835547e-03  -2.0680122e-03
  -1.1977599e-03  -7.7853134e-04  -2.8949988e-04  -2.5446682e-03
  -9.2788678e-04  -1.1455575e-03  -9.8356519e-05  -2.2819444e-03
  -7.1423722e-04  -1.0182219e-03  -2.7825615e-04  -2.2218933e-03
  -3.2442046e-04  -1.0219671e-03   8.8734355e-04  -2.1993741e-03
  -1.2201561e-04  -9.2459278e-04   1.8505562e-03  -2.1993741e-03
   2.4165670e-05  -8.4968948e-04   1.9442539e-03  -2.1918677e-03
   2.7154938e-04  -9.7702509e-04   1.9292623e-03  -2.0379866e-03
   5.0768837e-04  -8.3470882e-04   2.4089946e-03  -1.8240544e-03
   6.1648050e-05  -1.0856349e-03   3.1585764e-03  -1.9629227e-03
  -3.5065813e-04  -1.3477964e-03   3.3234844e-03  -2.1768549e-03
   2.6780114e-04  -9.7702509e-04   2.7125752e-03  -1.8765991e-03
   8.9000865e-04  -9.9949608e-04   2.1803722e-03  -2.1130505e-03
   4.8519894e-04  -9.5829926e-04   2.2553303e-03  -2.1993741e-03
  -7.7036756e-05  -7.6729585e-04   2.2590782e-03  -1.9141311e-03
   1.6285048e-04  -9.7327992e-04   2.0154642e-03  -2.1205569e-03
   7.4757560e-04  -9.0961212e-04   1.4232945e-03  -1.8052884e-03
   7.1009322e-04  -7.9725717e-04   6.8120855e-04  -1.5763434e-03
  -3.5806138e-05  -7.3358936e-04   8.0488955e-04  -1.9291439e-03
  -1.4825328e-04  -8.5343464e-04   6.4372946e-04  -1.9741823e-03
   4.1023418e-04  -9.2833794e-04  -2.3328124e-04  -1.9666759e-03
   4.9269542e-04  -6.7741189e-04  -1.0690650e-03  -1.9291439e-03
   4.9644366e-04  -6.6617639e-04  -1.5637889e-03  -2.0830250e-03
   8.0389240e-05  -4.6768265e-04  -1.6612346e-03  -2.1318165e-03
  -3.2442046e-04  -5.7254727e-04  -2.2384126e-03  -2.0267270e-03
  -2.0719960e-06  -7.9725717e-04  -3.0329693e-03  -2.0942846e-03
  -1.3326033e-04  -8.0474750e-04  -3.2091210e-03  -1.8728459e-03
  -4.4061584e-04  -8.9463146e-04  -2.5157578e-03  -1.9178843e-03
  -7.2923017e-04  -7.8602167e-04  -2.3958247e-03  -1.9779355e-03
  -3.8064403e-04  -8.7216047e-04  -2.4670350e-03  -2.0379866e-03
   5.6766018e-04  -8.2721849e-04  -2.0810004e-03  -2.0454930e-03
   2.7154938e-04  -7.6729585e-04  -2.4670350e-03  -1.8315608e-03
  -2.1572156e-04  -5.5007628e-04  -2.3471019e-03  -2.3194764e-03
   6.1648050e-05  -6.4370540e-04  -2.0547650e-03  -2.4620979e-03
  -3.5806138e-05  -1.2242060e-03  -2.5232536e-03  -2.0529994e-03
  -3.6565108e-04  -1.0444381e-03  -2.6656742e-03  -1.9741823e-03
  -4.7060175e-04  -1.0219671e-03  -1.7999072e-03  -2.2444124e-03
  -5.1932884e-04  -1.0369477e-03  -1.0315859e-03  -2.3457488e-03
  -3.1317575e-04  -8.7965080e-04  -1.4588475e-03  -2.1280633e-03
   1.6659871e-04  -9.6204443e-04  -1.6125118e-03  -2.2781912e-03
   3.2402471e-04  -7.6729585e-04  -8.6292996e-04  -2.3832807e-03
  -8.0784994e-05  -9.2833794e-04  -1.4333143e-04  -2.3832807e-03
  -9.2029708e-05  -8.9088629e-04  -1.2833979e-04  -2.2781912e-03
   2.7154938e-04  -7.0362804e-04  -2.9324779e-04  -2.1543357e-03
   4.9269542e-04  -9.3582827e-04   1.1152638e-04  -2.2894508e-03
   4.5146480e-04  -6.8115705e-04   4.5258610e-04  -2.2556720e-03
   2.7913908e-05  -5.2386012e-04   4.6757774e-04  -2.1468293e-03
   3.8399652e-04  -8.3845398e-04   6.7746064e-04  -1.9967014e-03
   6.8010732e-04  -9.2459278e-04   6.9245228e-04  -2.2031273e-03
   2.9029057e-04  -8.0474750e-04   6.6996483e-04  -2.4208127e-03
   1.3286457e-04  -6.7741189e-04   8.4236864e-04  -2.2744380e-03
   2.3031876e-04  -9.1710245e-04   4.7132565e-04  -2.2932040e-03
   6.0514256e-04  -1.1455575e-03   3.1016556e-04  -2.2894508e-03
   5.2642956e-04  -7.4857002e-04  -6.0877429e-05  -2.2369060e-03
   2.2282228e-04  -6.6243123e-04  -2.8575197e-04  -2.0755186e-03
   8.7885716e-05  -6.8490222e-04   1.1527429e-04  -2.0717654e-03
   3.1662146e-05  -6.6992156e-04  -4.0943297e-04  -1.9816886e-03
   3.2027647e-04  -8.7590563e-04  -6.7928241e-04  -1.8428204e-03
   5.1143661e-04  -7.2235387e-04  -8.4419041e-04  -2.1580889e-03
   1.5160576e-04  -6.5494090e-04  -9.9410677e-04  -1.9141311e-03
  -1.5200152e-04  -6.5494090e-04  -1.0053505e-03  -1.7865224e-03
  -4.7050852e-05  -6.4745057e-04  -1.3126790e-03  -2.0529994e-03
  -5.4547328e-05  -8.1972816e-04  -1.1440231e-03  -2.0605058e-03
  -2.7194513e-04  -1.1380672e-03  -1.4625954e-03  -2.0830250e-03
  -4.1812641e-04  -8.9837662e-04  -1.3126790e-03  -1.9366503e-03
   1.6669194e-05  -3.8528902e-04  -1.2527125e-03  -1.9141311e-03
   7.2133794e-04  -5.0138913e-04  -1.5075703e-03  -1.9929482e-03
   7.5507208e-04  -6.8864738e-04  -1.2377209e-03  -2.0192206e-03
  -3.2057900e-05  -8.9463146e-04  -1.1740064e-03  -1.9629227e-03
  -6.5801365e-04  -6.5868606e-04  -4.5815578e-04  -2.1168037e-03
  -3.9938522e-04  -8.3470882e-04  -1.1334816e-04  -2.2256465e-03
   9.5382192e-05  -1.0669090e-03  -1.0210443e-04  -1.9178843e-03
   2.2282228e-04  -4.8640847e-04  -2.4077706e-04  -1.9591695e-03
   1.3661281e-04  -6.8864738e-04  -1.8830634e-04  -2.0042078e-03
   2.0408109e-04  -7.6355068e-04   3.5514047e-04  -2.0267270e-03
   3.2402471e-04  -5.7629243e-04   9.2786840e-05  -2.0980378e-03
   1.1787162e-04  -8.1223783e-04   2.6144274e-04  -1.9441567e-03
  -1.1826737e-04  -9.3957344e-04   9.7354545e-04  -1.9141311e-03
  -1.6324623e-04  -8.4219915e-04   1.1871763e-03  -2.0792718e-03
   9.5382192e-05  -7.7104101e-04   8.3487282e-04  -2.1430761e-03
   4.5146480e-04  -9.0212179e-04   5.3504010e-04  -1.9779355e-03
   1.3286457e-04  -7.6729585e-04   4.7882147e-04  -2.0417398e-03
  -4.1437818e-04  -8.2721849e-04   6.3248574e-04  -1.8841055e-03
  -4.5186056e-04  -7.9725717e-04   7.5616673e-04  -1.8615863e-03
   2.5280819e-04  -9.1335728e-04   1.6399711e-04  -2.0567526e-03
   5.5266723e-04  -1.1305768e-03  -3.8389975e-05  -2.0304802e-03
  -3.0567927e-04  -8.4968948e-04   2.2771156e-04  -2.3307360e-03
  -6.1303479e-04  -1.1567930e-03   2.3520738e-04  -2.1505825e-03
  -2.3071451e-04  -1.0219671e-03  -9.0860701e-05  -2.1205569e-03
  -1.4825328e-04  -8.1223783e-04  -7.8797178e-04  -2.2218933e-03
  -2.5320394e-04  -1.1530478e-03  -1.2264771e-03  -1.9591695e-03
  -3.2816870e-04  -8.8339596e-04  -8.6292996e-04  -2.2218933e-03
  -5.4556651e-04  -8.1972816e-04  -5.5934933e-04  -2.1543357e-03
  -5.9054536e-04  -9.5455410e-04  -1.5038224e-03  -2.0454930e-03
  -2.9068632e-04  -1.1155962e-03  -1.7849156e-03  -2.0154674e-03
  -3.2816870e-04  -1.3103448e-03  -1.0578212e-03  -2.0117142e-03
  -6.2053127e-04  -1.0332026e-03  -1.3351665e-03  -2.3044636e-03
  -5.2682532e-04  -8.0100233e-04  -1.3951330e-03  -2.0680122e-03
  -2.0447685e-04  -1.0182219e-03  -1.1440231e-03  -1.8503268e-03
  -3.8439227e-04  -9.7327992e-04  -1.2227292e-03  -2.1168037e-03
  -7.7420902e-04  -6.3621507e-04  -9.1165277e-04  -2.1168037e-03
  -4.9683941e-04  -5.4633111e-04  -8.8166950e-04  -1.8315608e-03
   7.6641002e-05  -6.8115705e-04  -8.6667786e-04  -1.8991183e-03
  -1.5574975e-04  -8.1598299e-04  -5.2936605e-04  -1.9253907e-03
  -5.6055946e-04  -1.0444381e-03  -2.2578543e-04  -1.9967014e-03
  -4.8184646e-04  -9.9575091e-04   3.7388001e-04  -2.1731017e-03
  -5.4181827e-04  -8.1598299e-04   7.5241882e-04  -2.0042078e-03
  -5.1558060e-04  -1.0369477e-03   7.2243555e-04  -1.8841055e-03
  -4.3686760e-04  -7.0362804e-04   8.5361237e-04  -1.8803523e-03
  -3.8439227e-04  -5.9501826e-04   1.3970592e-03  -1.9404035e-03
  -1.8948390e-04  -8.0100233e-04   1.6069421e-03  -2.0042078e-03
   2.0033286e-04  -7.4857002e-04   8.4611655e-04  -1.9216375e-03
   2.7913908e-05  -1.0144767e-03   1.0260162e-03  -1.8090416e-03
  -5.7555241e-04  -1.0257122e-03   1.8318166e-03  -2.0605058e-03
  -7.2173369e-04  -9.5829926e-04   1.6331774e-03  -2.1055441e-03
  -5.9429360e-04  -8.2721849e-04   1.5882025e-03  -1.8615863e-03
  -3.3191694e-04  -8.9463146e-04   2.0229600e-03  -2.0942846e-03
  -4.5935703e-04  -9.0212179e-04   2.0491953e-03  -2.0079610e-03
  -5.1932884e-04  -8.2347332e-04   1.5244881e-03  -1.8690927e-03
  -3.1317575e-04  -9.7702509e-04   1.0634953e-03  -1.8765991e-03
  -3.2057900e-05  -7.3358936e-04   8.4986446e-04  -1.8390672e-03
  -1.4075680e-04  -8.8339596e-04   1.0072766e-03  -2.1580889e-03
  -6.0179008e-04  -8.4968948e-04   9.4731009e-04  -2.0529994e-03
  -5.9429360e-04  -7.4107969e-04   3.8137583e-04  -2.1055441e-03
  -5.2307708e-04  -9.7327992e-04   2.3895529e-04  -2.2894508e-03
  -2.5695218e-04  -7.4107969e-04   7.4047295e-05  -2.0905314e-03
  -3.4316165e-04  -8.8339596e-04  -3.0074361e-04  -2.1806081e-03
  -6.1678303e-04  -9.0586695e-04  -4.3566833e-04  -2.3157232e-03
  -5.7930065e-04  -7.4107969e-04  -5.9308051e-04  -2.3007104e-03
  -5.1183236e-04  -9.6578959e-04  -8.9666114e-04  -2.1731017e-03
  -4.8184646e-04  -8.8714113e-04  -1.0578212e-03  -2.1280633e-03
  -8.0419493e-04  -6.9613771e-04  -1.0765608e-03  -2.1468293e-03
  -8.1169140e-04  -7.9725717e-04  -1.0878045e-03  -2.3007104e-03
  -7.1423722e-04  -7.7853134e-04  -1.1552669e-03  -2.3945403e-03
  -7.9295021e-04  -6.8490222e-04  -1.3913851e-03  -2.1355697e-03
  -7.2548193e-04  -8.4219915e-04  -1.3539060e-03  -2.0905314e-03
  -8.0794317e-04  -5.3884078e-04  -8.2545087e-04  -2.1768549e-03
  -6.2802774e-04  -5.5382144e-04  -6.8677823e-04  -2.1130505e-03
  -3.3941342e-04  -8.7216047e-04  -7.9171968e-04  -1.9891950e-03
  -3.3941342e-04  -6.5494090e-04  -5.0687860e-04  -1.8953651e-03
  -3.0942751e-04  -7.5606035e-04  -2.7825615e-04  -1.9704291e-03
  -3.2442046e-04  -5.9876342e-04  -9.4608610e-05  -1.8203012e-03
  -3.3191694e-04  -5.2760529e-04   1.0403057e-04  -1.7602500e-03
  -1.7823918e-04  -9.2833794e-04   5.2379637e-04  -1.9216375e-03
  -2.7944161e-04  -8.1223783e-04   8.9858727e-04  -1.7940288e-03
  -5.4181827e-04  -6.7366672e-04   1.0522515e-03  -1.9103779e-03
  -3.5815461e-04  -7.2609903e-04   1.1946721e-03  -1.9666759e-03
   5.7899812e-05  -5.7629243e-04   1.1047223e-03  -1.8765991e-03
