  -2.9068632e-04  -6.5868606e-04  -4.9633702e-05  -1.6851861e-03
  -4.7050852e-05  -5.8752793e-04   7.4047295e-05  -1.8015352e-03
  -2.0719960e-06  -6.1374408e-04   2.7268647e-04  -1.9291439e-03
  -4.0688170e-04  -6.9613771e-04  -4.9633702e-05  -1.7640032e-03
  -2.3071451e-04  -5.8752793e-04  -7.2121156e-05  -1.8540799e-03
   5.4151574e-05  -5.4258595e-04  -9.4608610e-05  -1.8728459e-03
   1.9658462e-04  -6.4370540e-04  -3.4946642e-04  -1.9479099e-03
  -9.5684720e-06  -7.6729585e-04  -1.5082725e-04  -1.8803523e-03
  -4.3302614e-05  -6.8864738e-04   8.9038931e-05  -1.9028715e-03
  -1.6699447e-04  -7.7478618e-04   1.7149293e-04  -2.0755186e-03
  -1.6324623e-04  -7.5231519e-04  -9.4608610e-05  -2.0454930e-03
  -1.5574975e-04  -6.7741189e-04  -1.0960025e-04  -2.1430761e-03
  -3.3566518e-04  -6.2123441e-04   7.4047295e-05  -2.2744380e-03
   8.7885716e-05  -5.0513430e-04  -1.4333143e-04  -2.3682679e-03
   7.2892764e-05  -7.4107969e-04  -2.3328124e-04  -2.3382424e-03
  -2.3071451e-04  -8.3845398e-04   4.7811932e-05  -2.3645147e-03
  -1.0327442e-04  -7.1486354e-04   1.3776175e-04  -2.6047194e-03
  -1.2576385e-04  -8.2721849e-04   8.5291022e-05  -2.3870339e-03
  -1.6699447e-04  -8.4594431e-04   1.6399711e-04  -2.2894508e-03
  -2.3071451e-04  -6.8115705e-04  -9.0860701e-05  -2.3757743e-03
  -2.9068632e-04  -5.9127309e-04  -4.2137884e-05  -2.2181401e-03
  -1.1826737e-04  -6.3996024e-04   8.5291022e-05  -2.2819444e-03
  -5.4547328e-05  -7.1486354e-04  -1.0960025e-04  -2.2744380e-03
  -1.4825328e-04  -7.0362804e-04   4.0316114e-05  -2.3382424e-03
  -2.7569337e-04  -5.7629243e-04  -1.9650430e-05  -2.3645147e-03
  -1.4825328e-04  -6.0250859e-04  -2.5202079e-04  -2.2481656e-03
  -1.7449094e-04  -8.3845398e-04  -1.5902521e-05  -2.2256465e-03
  -2.6444866e-04  -8.3845398e-04   1.0777848e-04  -2.2894508e-03
  -5.4547328e-05  -8.8339596e-04  -2.2203752e-04  -2.4958766e-03
  -2.5320394e-04  -5.8003760e-04  -6.4625338e-05  -2.3007104e-03
  -1.7064948e-05  -4.4895682e-04   1.3776175e-04  -2.0454930e-03
   2.9403881e-04  -7.0737321e-04   1.0028266e-04  -2.1055441e-03
  -4.3302614e-05  -3.8903418e-04   2.7268647e-04  -1.9554163e-03
  -1.1077090e-04  -5.4633111e-04   2.5019902e-04  -1.9404035e-03
  -2.0719960e-06  -6.5494090e-04   1.0028266e-04  -2.2481656e-03
   1.7034695e-04  -5.1262463e-04  -2.1828961e-04  -2.1468293e-03
   2.0033286e-04  -7.8227651e-04  -6.4625338e-05  -1.8690927e-03
  -2.8309662e-05  -4.1150517e-04   2.8393020e-04  -1.9291439e-03
  -1.3700856e-04  -2.4671791e-04   1.1527429e-04  -1.9479099e-03
  -1.8198742e-04  -5.4633111e-04   1.1902220e-04  -1.9291439e-03
  -8.4533232e-05  -5.5382144e-04   1.1527429e-04  -1.8878587e-03
   1.2920956e-05  -7.0362804e-04  -8.7112792e-05  -1.8916119e-03
  -2.0072861e-04  -6.9988288e-04  -1.2154612e-05  -1.9328971e-03
  -2.3071451e-04  -5.2011496e-04   1.7898875e-04  -1.8428204e-03
  -2.0719960e-06  -4.6019232e-04  -1.0585234e-04  -1.9404035e-03
  -3.5806138e-05  -6.3996024e-04  -1.2154612e-05  -1.9741823e-03
   1.6762420e-06  -6.8490222e-04   2.0147620e-04  -1.7339776e-03
   9.9130430e-05  -5.6880210e-04  -1.1709606e-04  -1.6739265e-03
  -2.9068632e-04  -6.0625375e-04   1.7524084e-04  -1.8315608e-03
  -3.6939932e-04  -5.6880210e-04  -3.4642066e-05  -2.0192206e-03
  -9.2029708e-05  -5.6880210e-04  -3.6071015e-04  -1.9253907e-03
  -2.9818280e-04  -5.8003760e-04  -1.0585234e-04  -1.7865224e-03
  -2.6444866e-04  -7.6355068e-04  -3.3447479e-04  -2.1393229e-03
   5.0403336e-05  -5.9501826e-04  -5.3381611e-05  -1.9479099e-03
  -7.7036756e-05  -5.5756661e-04   1.0028266e-04  -1.8015352e-03
  -3.4690989e-04  -8.3096365e-04  -7.9616974e-05  -2.0642590e-03
  -2.1946980e-04  -5.7629243e-04  -9.8356519e-05  -1.7902756e-03
  -1.3700856e-04  -6.8490222e-04  -1.6956679e-04  -1.8052884e-03
  -2.4945570e-04  -9.0212179e-04  -3.8389975e-05  -1.6964457e-03
  -1.3326033e-04  -7.0737321e-04  -3.4197060e-04  -1.7602500e-03
  -2.7194513e-04  -7.5231519e-04  -2.2953333e-04  -2.0417398e-03
  -1.7823918e-04  -9.1710245e-04   4.4064023e-05  -1.9404035e-03
  -6.5792042e-05  -7.1860870e-04  -3.0074361e-04  -1.8615863e-03
  -2.7569337e-04  -8.3470882e-04  -1.1709606e-04  -1.7302244e-03
  -1.7074271e-04  -1.1043607e-03  -4.2137884e-05  -2.1280633e-03
  -2.3071451e-04  -7.4857002e-04  -3.6820597e-04  -1.9816886e-03
  -4.1437818e-04  -6.2123441e-04  -2.5951661e-04  -1.6589137e-03
  -4.0688170e-04  -8.0100233e-04  -1.8081052e-04  -1.9816886e-03
  -4.1812641e-04  -7.8976684e-04  -1.0585234e-04  -1.8052884e-03
  -3.9938522e-04  -7.6729585e-04  -1.3583561e-04  -1.8953651e-03
  -2.6819689e-04  -8.8339596e-04  -1.5832306e-04  -1.9479099e-03
  -2.4195923e-04  -7.8976684e-04   1.4080751e-05  -1.7339776e-03
  -8.4533232e-05  -7.9351200e-04  -1.4333143e-04  -1.8278076e-03
  -8.0784994e-05  -7.4857002e-04   4.4064023e-05  -1.7564968e-03
  -3.3941342e-04  -5.0887946e-04   2.1576569e-05  -1.4149559e-03
  -1.6324623e-04  -7.2984420e-04  -3.6071015e-04  -1.4675007e-03
   5.0403336e-05  -5.8003760e-04  -3.3072688e-04  -1.8052884e-03
  -1.1826737e-04  -6.0250859e-04  -9.8356519e-05  -1.7302244e-03
  -2.6819689e-04  -8.7590563e-04   2.1271993e-04  -1.6739265e-03
  -1.0702266e-04  -8.6467014e-04  -2.7146248e-05  -1.7001989e-03
  -8.0784994e-05  -8.4968948e-04  -1.3958352e-04  -1.7677564e-03
  -1.2951209e-04  -6.0250859e-04   7.0299386e-05  -1.8841055e-03
   1.6669194e-05  -6.8864738e-04   4.7811932e-05  -1.7790160e-03
   1.8908814e-04  -5.3135045e-04   2.9072387e-05  -1.6213817e-03
   5.7899812e-05  -5.2386012e-04  -1.0960025e-04  -1.9291439e-03
  -4.5186056e-04  -7.9725717e-04  -6.8373247e-05  -2.1055441e-03
  -4.7809822e-04  -6.3621507e-04  -9.1088500e-07  -1.8690927e-03
  -1.0702266e-04  -5.5756661e-04  -5.7129520e-05  -1.9404035e-03
   9.1727180e-06  -7.1860870e-04  -4.2137884e-05  -1.8916119e-03
  -1.3700856e-04  -9.1335728e-04  -9.4608610e-05  -1.9479099e-03
  -3.0193104e-04  -8.3096365e-04  -1.2084397e-04  -2.0229738e-03
  -1.3326033e-04  -7.6355068e-04   2.0147620e-04  -1.9141311e-03
   1.2920956e-05  -6.5868606e-04   1.4150966e-04  -2.0304802e-03
  -1.1826737e-04  -6.5494090e-04  -1.5082725e-04  -2.1806081e-03
  -2.6070042e-04  -5.3509562e-04   8.9038931e-05  -2.0605058e-03
  -1.0702266e-04  -4.9764397e-04  -1.6956679e-04  -1.9816886e-03
  -2.4561424e-05  -6.5868606e-04  -5.3381611e-05  -2.3119700e-03
  -1.2201561e-04  -4.0026968e-04   2.4270320e-04  -2.2894508e-03
   1.4410929e-04  -4.5644715e-04  -1.8081052e-04  -2.2068805e-03
  -5.0799090e-05  -6.0250859e-04  -1.6956679e-04  -2.3570083e-03
  -1.4075680e-04  -8.9837662e-04  -5.3381611e-05  -2.2369060e-03
   1.5910224e-04  -7.9725717e-04   5.1559841e-05  -2.2481656e-03
  -1.9323213e-04  -4.9015364e-04  -2.7146248e-05  -2.2932040e-03
  -1.5574975e-04  -8.6092497e-04  -4.2137884e-05  -2.0792718e-03
  -3.5806138e-05  -8.0849266e-04   9.6534749e-05  -2.2181401e-03
  -5.8295566e-05  -7.3358936e-04  -6.8373247e-05  -2.3795275e-03
   1.6669194e-05  -7.8227651e-04   7.4047295e-05  -2.2819444e-03
  -1.5574975e-04  -7.0737321e-04   1.3026593e-04  -2.2781912e-03
   1.6669194e-05  -6.6243123e-04  -1.3583561e-04  -2.1243101e-03
  -1.0702266e-04  -7.3358936e-04  -7.2121156e-05  -2.4358255e-03
  -1.9323213e-04  -8.8339596e-04   1.7149293e-04  -2.5859534e-03
   5.4244800e-06  -7.8227651e-04   6.6551477e-05  -2.3495020e-03
  -5.4547328e-05  -5.4633111e-04   2.8370240e-06  -2.3119700e-03
   1.6762420e-06  -4.6768265e-04   5.5307750e-05  -2.0417398e-03
  -1.2951209e-04  -7.0362804e-04   1.0403057e-04  -2.0942846e-03
  -1.4825328e-04  -5.1636979e-04  -4.9633702e-05  -1.9441567e-03
   1.5535400e-04  -3.8528902e-04  -9.0860701e-05  -1.8203012e-03
   1.2536810e-04  -6.6243123e-04   1.7149293e-04  -2.0342334e-03
   3.1662146e-05  -6.5119573e-04  -6.8373247e-05  -2.0042078e-03
   2.9029057e-04  -5.2760529e-04  -1.9650430e-05  -1.9891950e-03
   2.4531171e-04  -4.8266331e-04   2.1576569e-05  -1.8015352e-03
   5.0403336e-05  -5.8003760e-04  -1.9650430e-05  -1.9291439e-03
   1.5910224e-04  -5.5756661e-04   1.9023247e-04  -2.2256465e-03
  -5.8295566e-05  -5.5756661e-04  -3.8389975e-05  -2.0642590e-03
  -1.3326033e-04  -7.5606035e-04   9.2786840e-05  -1.8690927e-03
  -1.7064948e-05  -7.8602167e-04   1.4150966e-04  -1.8090416e-03
  -9.5684720e-06  -6.8864738e-04  -5.7129520e-05  -1.7790160e-03
   4.2906860e-05  -6.2123441e-04  -1.1334816e-04  -2.0117142e-03
  -1.2201561e-04  -6.4745057e-04  -6.0877429e-05  -1.9854418e-03
  -4.7050852e-05  -6.5119573e-04   1.3026593e-04  -1.8127948e-03
  -2.6819689e-04  -6.6617639e-04  -6.4625338e-05  -1.8991183e-03
  -3.7689580e-04  -6.3996024e-04  -5.7129520e-05  -1.7902756e-03
   9.9130430e-05  -6.5494090e-04  -8.7112792e-05  -1.9028715e-03
   6.9144526e-05  -7.8602167e-04  -2.3328124e-04  -1.8916119e-03
  -1.2576385e-04  -6.0999892e-04  -2.1079379e-04  -1.9103779e-03
  -3.4690989e-04  -4.9764397e-04  -2.5951661e-04  -1.9066247e-03
  -2.6819689e-04  -7.4857002e-04  -6.4625338e-05  -1.7264713e-03
  -6.5792042e-05  -6.7741189e-04  -7.2121156e-05  -2.0154674e-03
  -1.3700856e-04  -4.9764397e-04  -3.4571851e-04  -1.8991183e-03
  -1.6699447e-04  -5.8752793e-04  -2.6701242e-04  -1.9216375e-03
  -3.7314756e-04  -6.2872474e-04   3.2820296e-05  -1.9854418e-03
  -2.9818280e-04  -7.2984420e-04  -2.4452497e-04  -1.6551605e-03
  -3.0942751e-04  -7.8227651e-04  -2.5576870e-04  -1.7827692e-03
  -2.3821099e-04  -7.7478618e-04   7.4047295e-05  -1.9666759e-03
  -1.7064948e-05  -8.5717981e-04  -1.3958352e-04  -1.9441567e-03
  -3.8064403e-04  -8.7216047e-04  -1.5082725e-04  -1.7489904e-03
  -1.8198742e-04  -8.0100233e-04  -2.0704588e-04  -1.9404035e-03
  -2.8309662e-05  -7.5606035e-04  -1.4707934e-04  -2.1130505e-03
  -1.8198742e-04  -8.3845398e-04  -1.2154612e-05  -1.8353140e-03
  -2.4561424e-05  -6.5494090e-04  -6.0877429e-05  -1.8052884e-03
  -2.4561424e-05  -6.0999892e-04  -1.1709606e-04  -1.8916119e-03
   2.1157757e-04  -7.5606035e-04  -2.8575197e-04  -1.9028715e-03
  -3.9554376e-05  -6.0625375e-04  -3.4642066e-05  -1.8503268e-03
  -2.8693808e-04  -8.4594431e-04  -1.1709606e-04  -1.8353140e-03
  -1.8573566e-04  -9.5080893e-04  -2.4077706e-04  -1.6326413e-03
  -1.8198742e-04  -5.9501826e-04   3.2820296e-05  -1.4787603e-03
  -6.5792042e-05  -5.6505694e-04  -8.7112792e-05  -1.5800966e-03
  -2.9443456e-04  -7.5606035e-04  -1.2459188e-04  -1.5838498e-03
  -3.2057900e-05  -5.9876342e-04   2.9072387e-05  -1.7489904e-03
  -8.4533232e-05  -6.2872474e-04  -6.4625338e-05  -1.8578331e-03
  -3.8064403e-04  -8.6841530e-04   3.2820296e-05  -1.7865224e-03
   5.0403336e-05  -4.9015364e-04   8.1543113e-05  -1.9291439e-03
  -2.0813186e-05  -7.3358936e-04  -3.4571851e-04  -1.8390672e-03
  -2.7569337e-04  -8.9463146e-04  -3.1573524e-04  -1.5538242e-03
  -2.1572156e-04  -6.3996024e-04  -9.8356519e-05  -1.7602500e-03
  -1.2951209e-04  -7.6355068e-04  -2.0704588e-04  -1.8653395e-03
  -1.7449094e-04  -5.7629243e-04   5.9055659e-05  -1.5275518e-03
  -2.8309662e-05  -6.5119573e-04   1.0934785e-03  -1.3999431e-03
  -2.2321804e-04  -6.4745057e-04   2.4839528e-03  -1.4262155e-03
  -1.7449094e-04  -7.1860870e-04   5.0512704e-03  -1.0771682e-03
   7.4382737e-04  -6.1374408e-04   8.1208079e-03  -8.1819758e-04
   8.9375689e-04  -3.8154385e-04   1.0961723e-02  -9.4205308e-04
   9.7621812e-04  -4.6393748e-04   1.4421043e-02  -8.4446996e-04
   1.0924135e-03  -4.4521166e-04   1.5099414e-02  -1.0621554e-03
   1.6021739e-03  -5.9876342e-04   1.4012521e-02  -1.3624111e-03
   2.0219765e-03  -5.0887946e-04   1.3195477e-02  -1.1747513e-03
   1.7783411e-03  -6.2497958e-04   1.3615243e-02  -7.0560167e-04
   2.2955979e-03  -5.2386012e-04   1.5444222e-02  -5.3295461e-04
   2.2468708e-03  -2.7293407e-04   1.5301802e-02  -8.2195078e-04
   2.2356261e-03  -2.2799209e-04   1.4050000e-02  -4.1285230e-04
   1.3323007e-03  -1.2312747e-04   8.9003730e-03  -1.0659086e-03
  -4.3686760e-04  -3.1787605e-04   1.6181858e-03  -2.8749495e-03
   1.6285048e-04  -4.0026968e-04  -6.7696345e-03  -3.8657935e-03
   9.7246988e-04  -6.3621507e-04  -2.1255303e-02  -5.0593102e-03
   8.0389240e-05  -6.5868606e-04  -3.9290241e-02  -6.9584279e-03
  -1.8911839e-03  -5.9127309e-04  -6.4558643e-02  -9.6832489e-03
  -6.4265519e-03  -7.9725717e-04  -9.2754163e-02  -9.0114266e-03
  -8.7354665e-03  -1.1193414e-03  -9.9609088e-02  -4.8378716e-03
  -4.5336917e-03  -1.7110774e-03  -7.9913827e-02  -4.1210109e-03
  -6.2616295e-03  -1.3702674e-03  -5.5739814e-02  -4.0459470e-03
  -1.2322530e-02  -6.3621507e-04  -3.8289549e-02  -1.8803523e-03
  -3.8440159e-03  -1.3777577e-03  -1.6199374e-02  -2.2256465e-03
   6.5798339e-03  -2.0518874e-03   9.3651137e-03  -4.8115992e-03
   2.7491347e-03  -1.2766383e-03   2.6526789e-02  -5.2357104e-03
   3.0265043e-03  -8.7590563e-04   4.0645162e-02  -4.2073345e-03
   1.0091933e-02  -1.1792640e-03   4.8422073e-02  -3.2615288e-03
   6.1375418e-03  -9.9200575e-04   4.6750506e-02  -3.6406074e-04
  -1.9361628e-03  -6.1374408e-04   4.5742318e-02   2.0942833e-03
  -3.8552607e-03  -4.8224165e-05   4.6345732e-02   1.9479086e-03
  -4.6199012e-03  -1.2687263e-04   4.0783835e-02   2.9124802e-03
   7.4757560e-04  -9.4331860e-04   3.1766366e-02   4.0384393e-03
   6.2874714e-03  -2.2008010e-05   3.1159205e-02   7.8817074e-04
  -6.3253495e-03   1.1464835e-03   2.4371741e-02   1.0358817e-03
  -1.2776067e-02  -2.2799209e-04   2.1081077e-02   3.3478511e-03
   8.6676025e-03  -2.4151684e-03   4.5704839e-02  -4.5901606e-03
   1.4900922e-02  -2.2166747e-03   5.6225220e-02  -9.8859215e-03
  -4.8073131e-03   5.0980542e-04   3.0263454e-02  -2.2106337e-03
  -3.5441569e-03   1.4048999e-03   1.3371628e-02   4.0159202e-03
   1.1043985e-02  -6.2872474e-04   1.5946442e-02   1.4374738e-03
   3.1662146e-05  -8.1223783e-04   7.7760003e-03   1.2460608e-03
  -1.8312215e-02   3.3003750e-04  -7.8977551e-03   5.7874291e-03
  -6.0292387e-03  -6.2123441e-04  -8.4262103e-03   2.2932027e-03
   7.0633566e-03  -1.3253254e-03  -2.9842464e-03  -4.2185941e-03
  -4.9085155e-03  -1.4934362e-04  -1.1135949e-02  -3.9971554e-03
  -3.2330532e-03   5.6972806e-04  -1.4033082e-02  -5.7498984e-03
   1.1797381e-02  -3.2911154e-04  -1.1874287e-02  -9.1015034e-03
   1.0279345e-02  -1.0369477e-03  -2.2462130e-02  -6.9809471e-03
  -3.2592908e-03  -3.5907286e-04  -3.2787619e-02  -2.6985493e-03
  -8.6754947e-03  -1.3061780e-04  -3.5872148e-02  -1.6476541e-03
  -2.3634619e-03  -7.2235387e-04  -3.3728344e-02  -2.5108894e-03
  -6.2091541e-03  -4.3772133e-04  -3.7075227e-02   1.1034393e-03
  -9.2077445e-03  -2.9915022e-04  -3.0036654e-02   1.1447245e-03
   4.7394491e-03  -9.3957344e-04  -8.0401757e-03  -5.5547322e-03
   9.5596831e-03  -2.2424692e-04  -1.0004080e-02  -7.1498409e-03
   2.4530239e-03   8.9555741e-04  -2.8649927e-02  -2.1881145e-03
   2.6854147e-03  -5.5714495e-05  -3.1681986e-02  -7.6189962e-04
   4.3383876e-03  -1.4676417e-03  -1.1255882e-02  -7.6490161e-03
  -7.1124795e-03  -1.3964836e-03  -5.5440683e-03  -8.8612987e-03
  -1.2067650e-02  -9.1710245e-04  -2.3222955e-02  -1.9591695e-03
   3.5512576e-03  -1.4226997e-03  -2.1345253e-02   3.5655308e-04
   1.1291369e-02  -1.3365609e-03  -1.1810572e-02  -1.5388114e-03
  -2.5808597e-03   2.4389870e-04  -8.0626631e-03  -9.4205308e-04
  -8.5143205e-03   4.2081450e-06  -1.9011007e-03   5.4796613e-04
   3.1764338e-03  -1.7635097e-03   8.6455152e-03  -1.8165480e-03
   3.0527420e-03  -1.7447839e-03   1.8513760e-02  -3.4679547e-03
  -3.9939455e-03  -7.2235387e-04   1.7865371e-02  -1.9404035e-03
   2.9590360e-03  -9.5080893e-04   1.9596905e-02  -1.2085301e-03
   8.8400214e-03  -1.9320422e-03   2.2632712e-02  -8.6323594e-04
   1.1787162e-04  -2.1717327e-03   1.9889242e-02   5.8925130e-04
  -7.2136819e-03  -1.8346679e-03   2.0485160e-02   6.8308122e-04
  -1.8686945e-03  -1.3065996e-03   2.1721970e-02  -3.7907353e-04
   6.2200031e-03  -1.1193414e-03   1.8701155e-02  -9.4955947e-04
   2.2768567e-03  -4.8640847e-04   1.1808750e-02  -3.3028197e-04
  -9.1365280e-03   6.7875950e-05   6.1756431e-03   1.2948523e-03
  -4.4999576e-03  -7.5606035e-04   1.3918823e-02  -6.7932929e-04
   8.1353527e-03  -1.4713869e-03   2.3431016e-02  -4.4625519e-03
   3.8773543e-03  -1.1567930e-03   1.5163129e-02  -2.8787027e-03
  -6.3290977e-03  -4.1150517e-04   5.8833062e-03   8.4446869e-04
  -1.0590751e-03  -8.6092497e-04   1.4199916e-02  -1.6063689e-03
   6.1000595e-03  -9.3208311e-04   1.8502516e-02  -4.6201861e-03
  -1.2314941e-03   1.9895672e-04   2.9262060e-03  -3.3028197e-04
  -3.8065336e-03   4.3864728e-04  -5.2817147e-03   2.7135608e-03
   1.4222584e-03  -3.8154385e-04   3.6345608e-03  -1.1634917e-03
  -2.9032082e-03  -7.6355068e-04   4.1705118e-03  -3.5242526e-03
  -5.7930997e-03   3.1880200e-04  -7.2193836e-03  -7.8817200e-04
   4.8556445e-03   1.6899540e-04  -1.0210215e-02  -8.3321037e-04
   1.0894056e-02  -5.0513430e-04  -4.4946538e-03  -4.1960749e-03
  -5.2307708e-04  -1.9054044e-04  -5.8064219e-03  -4.5451222e-03
  -9.0578150e-03  -7.1486354e-04  -1.1004772e-02  -3.0138178e-03
  -1.3401930e-03  -1.4339352e-03  -1.1566958e-02  -2.9725327e-03
   4.4620795e-03  -1.4713869e-03  -1.2260321e-02  -3.0363370e-03
  -1.4638848e-03  -1.9054044e-04  -1.6442988e-02  -1.6326413e-03
  -3.0831236e-03   4.0494080e-04  -1.5843322e-02  -1.3211260e-03
   3.0639867e-03  -6.1374408e-04  -9.4456416e-03  -2.3832807e-03
   3.6786977e-03  -7.2235387e-04  -6.9420384e-03  -3.6556145e-03
  -2.4234337e-03  -1.7930494e-04  -1.0273929e-02  -2.7923792e-03
  -4.6386424e-03  -1.2687263e-04  -1.3662039e-02  -8.7449553e-04
   3.6299706e-03  -7.9351200e-04  -7.3618042e-03  -3.3065672e-03
   6.3511914e-03  -9.8826058e-04  -3.8425176e-03  -5.0743230e-03
  -2.7157963e-03  -2.5795341e-04  -1.2339027e-02  -2.6985493e-03
  -3.7840441e-03   5.2895290e-05  -1.3946880e-02  -1.2873472e-03
   3.8960955e-03  -6.9613771e-04  -7.4854852e-03  -3.0663626e-03
   4.0460250e-03  -1.0893800e-03  -4.1685857e-03  -4.4212667e-03
  -5.0434521e-03  -3.5158253e-04  -7.1294338e-03  -2.2444124e-03
  -4.8785296e-03  -2.7293407e-04  -5.8064219e-03  -1.5913562e-03
   4.5557854e-03  -5.8378276e-04   1.7306231e-03  -3.0063114e-03
   4.1584722e-03  -6.0625375e-04   1.5732109e-03  -2.1618421e-03
  -1.3027106e-03  -5.3135045e-04   1.3445884e-03  -1.0546490e-03
  -1.7037720e-03  -6.0999892e-04   8.1657828e-03  -2.0867782e-03
   7.8130975e-04  -1.0856349e-03   1.2794450e-02  -3.2502692e-03
   2.9029057e-04  -1.2092253e-03   1.0279604e-02  -1.6401477e-03
  -1.0140963e-03  -1.4451707e-03   8.1845224e-03  -2.8149041e-04
   1.7333622e-03  -1.4601514e-03   1.2535845e-02  -1.2197897e-03
   1.6059221e-03  -6.3621507e-04   1.3277931e-02  -1.8390672e-03
   1.1298959e-03  -3.6988670e-05   9.1927099e-03  -1.6889393e-03
   2.0257248e-03  -2.1301143e-04   6.5729215e-03  -7.8441880e-04
  -1.1152987e-03  -9.2459278e-04   6.3517949e-03  -5.4046100e-04
  -4.1701127e-03  -1.3178351e-03   8.4955988e-03  -1.1597385e-03
  -3.5141710e-03  -1.6137031e-03   9.3388783e-03  -1.5575774e-03
   1.6434045e-03  -1.8009614e-03   1.0433268e-02  -1.9704291e-03
   3.5812435e-03  -1.0669090e-03   8.1357996e-03  -1.5763434e-03
  -4.9309117e-04  -2.8416956e-04   2.7687939e-03  -7.6565282e-04
  -1.0515786e-03  -3.8528902e-04   5.8008522e-03  -1.2535684e-03
   1.3285525e-03  -9.6953476e-04   9.8373502e-03  -2.6572641e-03
  -7.9669845e-04  -9.8451542e-04   5.5722298e-03  -2.1017910e-03
  -3.7840441e-03  -7.4107969e-04   2.6893856e-04  -5.0292903e-04
  -4.9309117e-04  -5.4633111e-04   6.4372946e-04  -1.1334661e-03
   1.5159644e-03  -1.5308879e-04   1.2808740e-03  -2.4358255e-03
   1.5160576e-04   2.7386002e-04  -2.3770852e-03  -2.0267270e-03
   1.4859785e-03   1.4277925e-04  -4.8469572e-03  -1.6176285e-03
   2.2693602e-03  -4.8266331e-04  -3.7788032e-03  -2.8937155e-03
  -5.2682532e-04  -4.7142781e-04  -3.1079274e-03  -3.4679547e-03
  -3.7015829e-03  -6.4370540e-04  -6.0275486e-03  -2.7135621e-03
  -1.9886381e-03  -1.1979898e-03  -8.5536392e-03  -2.4020467e-03
   2.5280819e-04  -8.5717981e-04  -8.9546655e-03  -1.9516631e-03
   4.6270952e-04  -1.4934362e-04  -7.8190491e-03  -2.0117142e-03
   2.9029057e-04  -3.1413088e-04  -6.8333490e-03  -2.3382424e-03
  -3.9563699e-04  -7.5231519e-04  -7.6091662e-03  -1.9141311e-03
   3.0528352e-04  -1.1455575e-03  -6.9870133e-03  -2.1205569e-03
  -1.9998829e-03  -1.0219671e-03  -7.9764612e-03  -2.0267270e-03
  -3.1580884e-03  -4.6768265e-04  -8.1376213e-03  -2.0755186e-03
   9.8371460e-04  -7.8227651e-04  -5.1243025e-03  -2.9912986e-03
   3.4088246e-03  -6.0999892e-04  -4.3297458e-03  -3.1864649e-03
   1.2498395e-03  -2.5795341e-04  -6.5897349e-03  -2.6722769e-03
  -1.9698969e-03  -4.4146649e-04  -9.3257085e-03  -1.5988626e-03
  -1.1527811e-03  -7.8227651e-04  -7.9427301e-03  -1.5913562e-03
  -6.2043804e-05  -1.1418123e-03  -5.8139177e-03  -2.3232296e-03
  -1.6625414e-03  -6.0625375e-04  -5.7726907e-03  -1.9404035e-03
  -2.5546221e-03  -4.6393748e-04  -4.1873252e-03  -1.6814329e-03
  -5.7180417e-04  -6.8115705e-04  -1.2789479e-03  -1.9554163e-03
   1.6059221e-03  -4.7142781e-04   6.3998155e-04  -1.9854418e-03
   1.0137005e-03  -6.8864738e-04   1.0709911e-03  -1.5876030e-03
   6.3887670e-04  -7.2235387e-04   3.3722072e-03  -1.4862666e-03
   8.1504389e-04  -7.9725717e-04   6.7415774e-03  -1.9967014e-03
   1.8908814e-04  -1.0406929e-03   7.4461843e-03  -1.6026158e-03
  -1.4338989e-03  -7.1111837e-04   7.1126204e-03  -6.8683568e-04
  -9.8411035e-04  -6.9613771e-04   8.3606741e-03  -9.3829988e-04
   6.9510027e-04  -7.4482486e-04   9.2489285e-03  -1.2911004e-03
   1.7034695e-04  -6.4370540e-04   7.7497649e-03  -1.0696618e-03
  -4.8934294e-04  -9.5080893e-04   5.9657602e-03  -6.9058888e-04
  -7.2173369e-04  -9.6578959e-04   5.9582644e-03  -1.0283766e-03
  -5.9054536e-04  -7.5606035e-04   7.4012094e-03  -2.0229738e-03
  -1.6325555e-03  -7.5231519e-04   8.0271102e-03  -2.0192206e-03
  -3.2442046e-04  -9.5455410e-04   8.9116167e-03  -2.3419956e-03
   1.4484961e-03  -8.1598299e-04   8.2220015e-03  -2.2481656e-03
  -2.0072861e-04  -6.6992156e-04   4.1180411e-03  -1.1672449e-03
  -3.5065813e-04  -8.1598299e-04   2.4764570e-03  -1.1034405e-03
  -3.6939932e-04  -5.8378276e-04   2.8924749e-03  -1.2272961e-03
  -8.8665616e-04  -7.0362804e-04   4.0468308e-03  -1.8765991e-03
  -1.8911839e-03  -8.1972816e-04   3.7357544e-03  -2.2444124e-03
  -1.9811417e-03  -8.3845398e-04   1.1047223e-03  -1.6851861e-03
   4.6645775e-04  -8.3470882e-04   1.1571930e-03  -2.0830250e-03
   1.6471527e-03  -2.5420824e-04   6.0250246e-04  -2.7398344e-03
   5.5266723e-04  -2.7667923e-04  -1.7774198e-03  -2.6422513e-03
   1.6285048e-04  -5.1636979e-04  -3.0179776e-03  -2.4395787e-03
   6.1648050e-05  -5.8378276e-04  -3.8312739e-03  -2.4846170e-03
  -1.8349604e-03  -6.8490222e-04  -4.8469572e-03  -2.6835365e-03
  -2.4084408e-03  -2.9915022e-04  -6.1999524e-03  -2.5484214e-03
  -1.6063179e-03  -4.3023100e-04  -7.1669129e-03  -2.0905314e-03
   4.0648595e-04  -7.5606035e-04  -5.4766059e-03  -2.6197321e-03
   1.1898677e-03  -5.6505694e-04  -4.0336610e-03  -3.0738690e-03
  -6.0179008e-04  -6.3996024e-04  -5.9975653e-03  -2.5409150e-03
   1.0436864e-03  -8.3470882e-04  -6.1362379e-03  -2.7360812e-03
   3.9898947e-04  -8.2721849e-04  -6.6534494e-03  -2.8036388e-03
  -3.3305073e-03  -8.1972816e-04  -7.4105270e-03  -2.3982935e-03
  -1.8349604e-03  -6.6617639e-04  -4.7607553e-03  -2.8787027e-03
   1.0549311e-03  -5.9501826e-04  -4.4196956e-03  -3.1752053e-03
   2.0444660e-03  -5.8752793e-04  -5.5028413e-03  -2.7848728e-03
   1.0361899e-03  -1.2312747e-04  -6.6946764e-03  -2.1806081e-03
  -6.5801365e-04  -1.7181461e-04  -6.4548102e-03  -1.6926925e-03
  -1.1003057e-03  -4.6768265e-04  -4.4084519e-03  -2.3194764e-03
  -1.4863742e-03  -7.2609903e-04  -4.4459310e-03  -2.3945403e-03
  -1.2427388e-03  -9.8451542e-04  -3.5876598e-03  -1.9816886e-03
   4.2906860e-05  -5.6131177e-04  -1.7137053e-03  -2.5146426e-03
   1.1936159e-03  -5.5007628e-04  -4.5065997e-04  -2.2706848e-03
   1.1598818e-03  -5.8752793e-04   2.4645111e-04  -2.0117142e-03
   6.3887670e-04  -6.4745057e-04   1.4270424e-03  -1.9741823e-03
   1.5160576e-04  -9.0212179e-04   3.5783422e-03  -1.9141311e-03
  -7.8545374e-04  -6.9613771e-04   4.8676229e-03  -1.9178843e-03
  -9.3163502e-04  -5.9501826e-04   5.6471880e-03  -1.4224623e-03
  -7.3288518e-05  -5.8752793e-04   5.8270876e-03  -1.4524879e-03
   1.1223994e-03  -6.0250859e-04   6.9701999e-03  -1.5463178e-03
   1.3435454e-03  -3.6281803e-04   7.7535128e-03  -1.7039521e-03
  -1.6699447e-04  -5.3509562e-04   6.2918283e-03  -1.6626669e-03
  -6.4302069e-04  -9.6578959e-04   5.5834735e-03  -1.2423088e-03
  -6.4302069e-04  -8.9088629e-04   5.5834735e-03  -1.6026158e-03
  -8.5667026e-04  -7.9725717e-04   5.8345834e-03  -1.9479099e-03
  -3.8064403e-04  -5.9127309e-04   5.8458272e-03  -1.7452372e-03
  -5.5306298e-04  -5.3509562e-04   5.0962454e-03  -1.6439009e-03
   1.0774205e-03  -5.6131177e-04   6.6591234e-03  -2.1130505e-03
   1.5422021e-03  -7.3358936e-04   6.8202835e-03  -2.2706848e-03
  -1.5538425e-03  -7.5980552e-04   2.3227927e-03  -1.2085301e-03
  -1.1865152e-03  -6.9988288e-04   9.8104127e-04  -7.2061446e-04
   1.2161986e-04  -1.0369477e-03   2.7837855e-03  -1.7452372e-03
  -1.1790187e-03  -8.4594431e-04   3.1023578e-03  -2.4095531e-03
  -1.5763320e-03  -3.8154385e-04   1.9967246e-03  -1.8615863e-03
   3.3526942e-04  -5.3884078e-04   1.2651802e-04  -1.7001989e-03
   2.2768567e-03  -7.6355068e-04   2.9072387e-05  -2.0755186e-03
  -2.0719960e-06  -4.7891814e-04  -6.3055960e-04  -2.0905314e-03
  -1.4638848e-03  -5.3884078e-04  -2.0735046e-03  -2.0417398e-03
   9.1727180e-06  -9.2833794e-04  -2.9355236e-03  -1.8765991e-03
  -1.2201561e-04  -7.7478618e-04  -4.5846036e-03  -1.8690927e-03
  -1.1003057e-03  -5.3135045e-04  -5.0193610e-03  -2.0454930e-03
  -1.9136734e-03  -5.9501826e-04  -4.8694447e-03  -1.9816886e-03
   3.2402471e-04  -5.9127309e-04  -3.7413241e-03  -2.2256465e-03
   1.8757952e-03  -7.6729585e-04  -3.1753898e-03  -2.6347449e-03
  -4.2937113e-04  -7.2609903e-04  -5.0381006e-03  -1.8315608e-03
   1.1412338e-04  -7.6729585e-04  -5.0306048e-03  -1.7677564e-03
   1.0511829e-03  -1.0631639e-03  -5.2592272e-03  -2.5671874e-03
  -1.3289482e-03  -6.1374408e-04  -7.0882068e-03  -1.7339776e-03
  -1.5988214e-03  -7.8602167e-04  -5.6752451e-03  -1.7152117e-03
   1.0961617e-03  -8.8339596e-04  -2.9205320e-03  -2.2932040e-03
   1.3960208e-03  -5.0138913e-04  -3.4677267e-03  -1.8540799e-03
  -5.8295566e-05  -7.5231519e-04  -5.2479835e-03  -1.1860109e-03
   4.1023418e-04  -5.6880210e-04  -4.2585355e-03  -1.1822577e-03
   6.6136613e-04  -4.8640847e-04  -1.8748654e-03  -2.2143869e-03
  -4.3311937e-04  -8.7216047e-04  -2.1522107e-03  -2.0267270e-03
  -9.6162092e-04  -6.9988288e-04  -3.4115081e-03  -1.4862666e-03
   4.2906860e-05  -5.7629243e-04  -2.2571521e-03  -1.7414840e-03
   7.8880622e-04  -7.3358936e-04  -5.1812233e-04  -2.0042078e-03
   5.0403336e-05  -4.9015364e-04   1.1152638e-04  -2.2519188e-03
