  -2.0822509e-04  -1.0107316e-03  -1.6581888e-04  -2.1881145e-03
  -1.0702266e-04  -9.5455410e-04  -1.6581888e-04  -2.0342334e-03
  -1.6324623e-04  -1.0294574e-03  -2.2578543e-04  -2.0004546e-03
  -2.7944161e-04  -1.0144767e-03  -2.3702915e-04  -2.2068805e-03
  -6.2043804e-05  -7.3733453e-04  -2.8575197e-04  -2.1355697e-03
  -2.2696628e-04  -1.1418123e-03  -3.5321433e-04  -2.0192206e-03
  -2.0072861e-04  -9.9200575e-04  -1.8830634e-04  -2.1130505e-03
  -2.2696628e-04  -7.8976684e-04  -2.8575197e-04  -2.1731017e-03
  -3.3941342e-04  -1.1006155e-03  -3.2323106e-04  -1.9328971e-03
  -3.2816870e-04  -9.2459278e-04  -1.5832306e-04  -1.7940288e-03
  -3.0567927e-04  -1.0182219e-03  -2.4827288e-04  -2.1543357e-03
  -3.2057900e-05  -9.4331860e-04  -4.2137884e-05  -2.1731017e-03
  -2.3821099e-04  -1.0257122e-03  -1.8830634e-04  -2.0755186e-03
  -3.6939932e-04  -1.1455575e-03  -2.1079379e-04  -2.2331528e-03
  -2.4570747e-04  -6.6617639e-04   1.0332842e-05  -2.0192206e-03
  -3.5440637e-04  -9.8451542e-04  -4.5065997e-04  -1.9328971e-03
  -2.8693808e-04  -1.2354415e-03  -3.1948315e-04  -1.9103779e-03
  -2.9818280e-04  -8.5343464e-04  -1.0585234e-04  -1.8615863e-03
  -1.2951209e-04  -8.1972816e-04  -3.3822270e-04  -1.8803523e-03
   1.5535400e-04  -7.7478618e-04  -1.8081052e-04  -1.8203012e-03
  -1.7449094e-04  -8.6467014e-04  -1.1709606e-04  -1.9779355e-03
  -1.4075680e-04  -9.2833794e-04  -1.1334816e-04  -1.7227181e-03
  -7.3288518e-05  -9.2084761e-04  -4.6587940e-06  -1.8390672e-03
  -2.5320394e-04  -9.8826058e-04  -1.1334816e-04  -2.1243101e-03
  -1.4450504e-04  -6.7741189e-04  -1.0585234e-04  -1.9554163e-03
  -2.8318985e-04  -1.0406929e-03  -4.9633702e-05  -2.0117142e-03
  -1.4450504e-04  -1.0669090e-03  -1.5832306e-04  -1.9366503e-03
  -9.2029708e-05  -7.0737321e-04  -2.4452497e-04  -2.0267270e-03
  -3.3191694e-04  -1.1118510e-03  -3.0074361e-04  -2.0717654e-03
  -5.4547328e-05  -7.5980552e-04  -4.9633702e-05  -1.8615863e-03
  -2.4561424e-05  -8.0849266e-04  -4.2137884e-05  -1.8765991e-03
  -2.3821099e-04  -1.0519284e-03  -1.4707934e-04  -2.1168037e-03
  -2.0447685e-04  -7.2984420e-04  -3.0894157e-05  -2.1881145e-03
  -2.3821099e-04  -7.7853134e-04  -2.8575197e-04  -2.0229738e-03
  -1.2201561e-04  -8.0474750e-04  -1.2459188e-04  -2.0755186e-03
  -2.6070042e-04  -8.6467014e-04   5.9055659e-05  -2.1693485e-03
  -3.0942751e-04  -7.5980552e-04  -2.2953333e-04  -2.1092973e-03
   5.0403336e-05  -8.6841530e-04  -2.5202079e-04  -2.1430761e-03
  -1.0702266e-04  -8.7590563e-04  -1.8081052e-04  -2.2068805e-03
  -7.7036756e-05  -6.5119573e-04  -1.8455843e-04  -2.0229738e-03
  -1.3316710e-05  -8.3470882e-04  -1.3583561e-04  -2.1806081e-03
  -2.6070042e-04  -9.7327992e-04  -1.0210443e-04  -2.3532552e-03
  -3.5806138e-05  -8.9837662e-04  -1.4333143e-04  -2.0792718e-03
  -1.1077090e-04  -8.7216047e-04  -5.3381611e-05  -2.2068805e-03
  -1.0327442e-04  -8.8339596e-04  -2.0329797e-04  -2.2669316e-03
   1.2911633e-04  -7.8602167e-04  -2.7825615e-04  -2.2519188e-03
  -9.5684720e-06  -7.9725717e-04  -8.4067030e-06  -2.3457488e-03
   3.5410384e-05  -7.3733453e-04  -9.4608610e-05  -2.0642590e-03
  -8.4533232e-05  -8.9463146e-04  -2.2953333e-04  -2.2856976e-03
  -1.5949799e-04  -9.9575091e-04  -1.1334816e-04  -2.4170595e-03
  -1.1451914e-04  -8.1223783e-04  -6.8373247e-05  -2.2706848e-03
  -1.3700856e-04  -9.9949608e-04  -1.4707934e-04  -2.3119700e-03
   1.6762420e-06  -8.7216047e-04   1.0332842e-05  -2.2406592e-03
  -9.2029708e-05  -7.4857002e-04   8.1543113e-05  -2.3307360e-03
  -8.4533232e-05  -1.1155962e-03  -8.7112792e-05  -2.2631784e-03
  -2.5320394e-04  -1.0931252e-03  -1.5832306e-04  -2.3832807e-03
  -2.8318985e-04  -6.8490222e-04   1.1902220e-04  -2.2031273e-03
  -3.2057900e-05  -7.5231519e-04   3.7013211e-04  -2.0079610e-03
  -1.5200152e-04  -8.5717981e-04  -6.4625338e-05  -2.2106337e-03
   5.0403336e-05  -6.3996024e-04  -2.0329797e-04  -1.9816886e-03
   2.7913908e-05  -6.0250859e-04   2.1576569e-05  -2.0529994e-03
   2.0417432e-05  -5.3884078e-04   9.2786840e-05  -2.0680122e-03
   1.7409519e-04  -7.4482486e-04   7.7795204e-05  -1.8540799e-03
  -1.4825328e-04  -7.8227651e-04   3.2820296e-05  -2.0642590e-03
  -1.5949799e-04  -5.7254727e-04   2.2021575e-04  -2.0867782e-03
  -6.9540280e-05  -7.3358936e-04  -9.1088500e-07  -1.9779355e-03
  -8.8281470e-05  -8.6841530e-04  -4.2137884e-05  -2.0379866e-03
  -8.8281470e-05  -7.5231519e-04   2.5324478e-05  -1.8540799e-03
  -2.2696628e-04  -4.9389880e-04  -2.8575197e-04  -1.8428204e-03
  -2.3446275e-04  -6.3246991e-04   4.4064023e-05  -2.0117142e-03
  -6.9540280e-05  -7.9725717e-04  -4.5885793e-05  -2.0867782e-03
  -2.3071451e-04  -7.5980552e-04  -1.3208770e-04  -2.1205569e-03
  -3.6190284e-04  -9.4706377e-04   9.6534749e-05  -2.1092973e-03
   2.4165670e-05  -9.3582827e-04  -2.3702915e-04  -2.0755186e-03
  -9.9526184e-05  -9.2459278e-04  -3.1573524e-04  -2.0117142e-03
  -1.6699447e-04  -8.7590563e-04  -2.5576870e-04  -2.0342334e-03
   9.5382192e-05  -8.1598299e-04  -4.6587940e-06  -1.9066247e-03
  -1.8198742e-04  -1.0556735e-03  -1.7706261e-04  -2.0980378e-03
  -6.5792042e-05  -9.1710245e-04  -1.7706261e-04  -2.1956209e-03
  -1.4450504e-04  -7.3358936e-04   6.5849330e-06  -1.8090416e-03
  -3.5065813e-04  -1.0406929e-03  -3.4571851e-04  -2.0717654e-03
  -2.4561424e-05  -1.0219671e-03  -1.6581888e-04  -2.2594252e-03
  -2.9068632e-04  -7.0362804e-04  -1.9580215e-04  -2.0867782e-03
  -2.5695218e-04  -8.9837662e-04  -1.3208770e-04  -2.1918677e-03
   3.5410384e-05  -1.0369477e-03   7.7795204e-05  -1.9366503e-03
  -2.1197332e-04  -8.1972816e-04  -8.7112792e-05  -1.8428204e-03
  -1.9323213e-04  -8.3470882e-04  -3.1198733e-04  -2.0492462e-03
  -3.1692399e-04  -9.6953476e-04  -4.0193715e-04  -2.0567526e-03
  -3.4316165e-04  -1.0893800e-03  -1.8830634e-04  -2.0417398e-03
  -6.2043804e-05  -1.0069864e-03  -2.4077706e-04  -1.9404035e-03
  -2.3071451e-04  -1.0556735e-03  -3.2323106e-04  -2.2444124e-03
  -3.0567927e-04  -9.9200575e-04  -2.5202079e-04  -2.3082168e-03
  -3.3191694e-04  -7.5980552e-04  -1.1709606e-04  -1.9816886e-03
  -2.7194513e-04  -1.0706542e-03  -1.5832306e-04  -1.9366503e-03
  -2.0447685e-04  -1.0032412e-03  -2.7450824e-04  -1.8878587e-03
  -4.2187465e-04  -9.2459278e-04  -5.0313069e-04  -1.9854418e-03
  -2.4570747e-04  -1.1006155e-03  -5.9682842e-04  -2.0267270e-03
  -1.5949799e-04  -9.0586695e-04  -3.3447479e-04  -2.1768549e-03
  -2.7944161e-04  -9.4331860e-04  -3.7944969e-04  -2.1956209e-03
  -2.4195923e-04  -9.4331860e-04  -4.5885793e-05  -2.1580889e-03
  -2.8309662e-05  -8.2721849e-04  -2.7146248e-05  -2.1130505e-03
  -8.8281470e-05  -8.5343464e-04  -3.7570179e-04  -1.6701733e-03
  -3.2816870e-04  -9.8826058e-04  -4.2137884e-05  -1.7077053e-03
  -2.1197332e-04  -8.8714113e-04  -1.5902521e-05  -1.8653395e-03
  -1.8198742e-04  -8.0849266e-04  -1.3208770e-04  -1.8315608e-03
  -7.3288518e-05  -9.9575091e-04  -1.9955006e-04  -2.0680122e-03
  -1.2201561e-04  -7.8602167e-04  -2.8200406e-04  -2.1205569e-03
  -2.4195923e-04  -8.7965080e-04  -6.0877429e-05  -1.9741823e-03
  -2.5320394e-04  -8.8339596e-04  -1.6207097e-04  -2.0379866e-03
  -1.4825328e-04  -7.2235387e-04  -3.8694551e-04  -1.9967014e-03
   5.0403336e-05  -9.7702509e-04  -3.3822270e-04  -1.8728459e-03
  -8.4533232e-05  -8.0849266e-04  -2.0329797e-04  -2.0154674e-03
  -1.9323213e-04  -9.3208311e-04  -9.4608610e-05  -2.0192206e-03
  -3.3191694e-04  -9.9200575e-04  -9.8356519e-05  -1.7940288e-03
  -2.5320394e-04  -6.6992156e-04  -6.0877429e-05  -1.9178843e-03
  -3.0193104e-04  -1.1006155e-03  -3.0894157e-05  -2.2331528e-03
  -4.2562289e-04  -8.4594431e-04  -1.4707934e-04  -2.1543357e-03
  -1.2576385e-04  -5.6131177e-04  -2.4827288e-04  -2.0980378e-03
  -4.7050852e-05  -1.1380672e-03  -1.8830634e-04  -2.0454930e-03
  -6.2043804e-05  -6.2872474e-04  -1.7331470e-04  -2.0154674e-03
  -2.6070042e-04  -6.3996024e-04  -1.6207097e-04  -2.1768549e-03
  -2.2321804e-04  -1.0781445e-03   2.9072387e-05  -2.0567526e-03
   2.4165670e-05  -8.3470882e-04  -3.0894157e-05  -2.1505825e-03
  -1.4450504e-04  -9.5455410e-04  -2.4077706e-04  -2.1881145e-03
  -1.1077090e-04  -6.1748925e-04  -2.4827288e-04  -2.2068805e-03
  -2.2696628e-04  -6.9988288e-04  -1.7706261e-04  -2.4996298e-03
  -2.3821099e-04  -1.0481832e-03  -6.0877429e-05  -2.1092973e-03
  -4.7050852e-05  -7.7104101e-04  -2.1079379e-04  -2.2143869e-03
  -3.0193104e-04  -9.0212179e-04  -3.3447479e-04  -2.5934598e-03
  -1.7823918e-04  -9.8826058e-04  -7.2121156e-05  -2.2369060e-03
  -6.5792042e-05  -6.5494090e-04  -8.7112792e-05  -2.4020467e-03
  -6.9540280e-05  -9.0586695e-04  -2.9324779e-04  -2.4020467e-03
  -2.0822509e-04  -1.2092253e-03  -7.2121156e-05  -2.1280633e-03
  -2.5695218e-04  -7.1486354e-04  -1.9650430e-05  -2.3682679e-03
  -2.0719960e-06  -8.3845398e-04  -2.3702915e-04  -2.5822002e-03
  -1.1451914e-04  -1.0556735e-03  -9.0860701e-05  -2.4283191e-03
   2.2282228e-04  -6.2497958e-04  -3.4642066e-05  -2.3419956e-03
  -3.2057900e-05  -8.1223783e-04  -1.2084397e-04  -2.4958766e-03
  -1.7449094e-04  -8.1972816e-04  -3.8389975e-05  -2.2143869e-03
   9.1727180e-06  -5.0887946e-04  -8.3364883e-05  -2.1355697e-03
  -2.0719960e-06  -6.0250859e-04  -5.3381611e-05  -2.0942846e-03
   4.0648595e-04  -7.2609903e-04   2.2396365e-04  -1.8015352e-03
   9.9130430e-05  -7.6355068e-04   1.4150966e-04  -2.0492462e-03
   1.7409519e-04  -7.2235387e-04  -1.3583561e-04  -1.9666759e-03
  -3.5806138e-05  -7.4857002e-04   1.4080751e-05  -1.8465736e-03
  -3.3566518e-04  -7.5606035e-04   6.6551477e-05  -1.9891950e-03
  -8.0784994e-05  -8.4219915e-04   1.4900547e-04  -1.9591695e-03
  -1.2951209e-04  -7.4857002e-04   1.6774502e-04  -2.0117142e-03
   9.1633954e-05  -6.3996024e-04  -4.6587940e-06  -1.9404035e-03
  -1.8198742e-04  -9.5080893e-04   2.6519065e-04  -1.9554163e-03
  -9.5777946e-05  -9.3208311e-04   8.1543113e-05  -2.1543357e-03
   1.9283638e-04  -9.3582827e-04  -1.1334816e-04  -2.1618421e-03
  -9.9526184e-05  -1.0144767e-03   1.0332842e-05  -2.1505825e-03
   1.5535400e-04  -6.1748925e-04  -7.2121156e-05  -2.1993741e-03
   1.7034695e-04  -6.8864738e-04  -1.6581888e-04  -2.0042078e-03
  -1.7823918e-04  -1.1081059e-03  -1.9955006e-04  -2.1393229e-03
   2.4165670e-05  -7.0737321e-04   1.1902220e-04  -2.2331528e-03
  -2.8309662e-05  -6.8864738e-04  -4.6587940e-06  -2.0004546e-03
  -3.4316165e-04  -1.0481832e-03  -3.4642066e-05  -2.0154674e-03
  -5.4547328e-05  -9.5455410e-04  -1.3583561e-04  -1.8765991e-03
  -4.7050852e-05  -1.0556735e-03  -4.3566833e-04  -1.8991183e-03
  -2.4561424e-05  -7.8602167e-04  -4.2137884e-05  -2.0492462e-03
   1.7784343e-04  -8.0474750e-04  -1.5457515e-04  -2.1130505e-03
  -2.4570747e-04  -8.7965080e-04  -1.6581888e-04  -2.1918677e-03
  -1.9323213e-04  -7.7478618e-04  -1.3958352e-04  -2.0192206e-03
  -5.0799090e-05  -1.2167156e-03  -3.7195388e-04  -2.0454930e-03
  -2.0072861e-04  -9.7702509e-04  -8.7112792e-05  -2.0567526e-03
  -1.7449094e-04  -6.9613771e-04  -3.0823942e-04  -1.8953651e-03
  -3.2067223e-04  -1.0406929e-03  -5.1812233e-04  -2.1055441e-03
  -4.3686760e-04  -1.2429318e-03  -2.4827288e-04  -1.9779355e-03
  -4.2187465e-04  -1.1979898e-03  -4.0568506e-04  -1.8503268e-03
  -3.5065813e-04  -8.4219915e-04  -4.1692878e-04  -2.0792718e-03
  -2.6819689e-04  -8.0474750e-04  -1.3958352e-04  -1.9779355e-03
  -1.2951209e-04  -1.0294574e-03  -3.1573524e-04  -2.1280633e-03
  -3.7314756e-04  -7.5231519e-04  -3.2697897e-04  -2.4057999e-03
  -4.6685351e-04  -9.0586695e-04  -1.9205424e-04  -2.2932040e-03
  -1.1077090e-04  -9.5455410e-04  -1.3208770e-04  -2.0079610e-03
  -5.8295566e-05  -7.2609903e-04   1.5275338e-04  -1.9704291e-03
  -2.2696628e-04  -1.0594187e-03   8.1543113e-05  -2.1543357e-03
  -3.5815461e-04  -9.3582827e-04  -3.0894157e-05  -2.1168037e-03
  -1.1826737e-04  -9.2459278e-04  -2.0704588e-04  -2.0605058e-03
  -9.2029708e-05  -1.0818897e-03  -3.9818924e-04  -1.9816886e-03
  -3.6939932e-04  -1.0294574e-03  -1.3583561e-04  -1.8878587e-03
  -1.2951209e-04  -9.3957344e-04  -1.2459188e-04  -2.0267270e-03
  -1.3700856e-04  -7.9725717e-04  -2.9699570e-04  -1.9516631e-03
  -2.8693808e-04  -9.9949608e-04  -1.0960025e-04  -1.8578331e-03
  -1.2201561e-04  -9.5455410e-04  -1.9650430e-05  -1.9741823e-03
  -3.6939932e-04  -7.9351200e-04  -3.7570179e-04  -1.9253907e-03
  -1.5200152e-04  -1.0032412e-03  -2.0329797e-04  -1.9929482e-03
  -2.6070042e-04  -9.9949608e-04  -1.5832306e-04  -2.0004546e-03
  -1.7823918e-04  -7.8602167e-04  -1.6581888e-04  -2.0454930e-03
  -1.3316710e-05  -9.8451542e-04  -5.7129520e-05  -2.2631784e-03
  -1.0327442e-04  -8.4594431e-04  -4.0193715e-04  -2.0379866e-03
   1.4785752e-04  -6.3996024e-04   1.0403057e-04  -1.7414840e-03
  -6.2053127e-04  -7.3358936e-04  -1.8830634e-04  -1.7752628e-03
   3.8024828e-04  -8.1972816e-04  -1.6207097e-04  -2.0229738e-03
  -7.5921607e-04  -9.6204443e-04   1.0403057e-04  -2.0454930e-03
   4.4396833e-04  -4.4895682e-04  -3.3822270e-04  -2.0229738e-03
   7.7567807e-03   7.9818312e-04  -3.4642066e-05  -2.2744380e-03
   7.2320273e-03   1.2625836e-03  -4.6939951e-04  -1.8653395e-03
  -6.5801365e-04  -7.9725717e-04   1.9442539e-03  -1.9704291e-03
  -7.3935973e-03  -2.6024267e-03   4.5453027e-03  -2.6647705e-03
  -8.4318593e-03  -2.9170206e-03   2.1391452e-03  -2.1693485e-03
  -6.6551012e-04  -2.1342811e-03  -1.9573194e-03  -1.4975262e-03
   1.0114422e-02   5.6972806e-04  -3.8687530e-03  -1.2272961e-03
   1.2172205e-02   1.8281035e-03  -1.7062095e-03  -1.8728459e-03
   5.1030282e-03   8.7683159e-04   8.8734355e-04  -2.9575199e-03
  -2.3709584e-03  -9.9200575e-04   2.5289277e-03  -3.1189073e-03
  -5.4257724e-03  -2.9170206e-03   2.6563566e-03  -2.9988050e-03
  -4.1513715e-03  -2.6698397e-03  -1.4333143e-04  -2.3907871e-03
  -1.8462051e-03  -1.8271775e-03  -2.9355236e-03  -1.8015352e-03
   8.5252627e-04  -1.2167156e-03  -4.0936275e-03  -2.0304802e-03
  -3.0567927e-04  -1.0406929e-03  -5.1580337e-03  -1.9441567e-03
  -4.8410473e-03  -2.7821946e-03  -4.8731926e-03  -2.0492462e-03
  -6.6551944e-03  -4.1828863e-03  -2.7593719e-03  -3.0063114e-03
  -6.7301592e-03  -3.5087566e-03  -4.1948211e-03  -3.0851286e-03
  -4.8934294e-04  -6.3996024e-04  -5.8851280e-03  -3.1789585e-03
   1.0121919e-02   2.7269431e-03  -4.7420158e-03  -3.8170020e-03
   1.0268100e-02   3.3711115e-03  -5.1692774e-03  -3.1414265e-03
  -1.7787368e-03   1.0715802e-03  -6.2973980e-03  -2.1993741e-03
  -1.2693606e-02  -1.4526610e-03  -4.7457637e-03  -1.3811771e-03
  -1.3240849e-02  -2.7522333e-03  -1.2751999e-03  -1.2798408e-03
  -5.7930997e-03  -2.4114233e-03  -2.1147316e-03  -1.1672449e-03
   2.4905063e-03  -4.0733835e-05  -4.1910731e-03  -1.2760933e-04
   7.3894533e-03   2.1951297e-03  -2.1079379e-04  -1.0809214e-03
   7.8954655e-03   2.3823879e-03   5.4560446e-03  -2.5859534e-03
   3.3301116e-03   4.3864728e-04   9.7586442e-03  -3.0738690e-03
  -2.0411135e-03  -2.0556326e-03   1.1812498e-02  -3.1827117e-03
  -5.5906949e-03  -3.2990274e-03   1.1373993e-02  -2.7323280e-03
  -7.0562559e-03  -3.0668272e-03   8.8891293e-03  -2.2218933e-03
  -3.7765477e-03  -1.8159420e-03   3.0011642e-03  -1.0133638e-03
   2.1868990e-03  -7.8602167e-04   1.2246554e-03  -4.6539706e-04
   5.2379647e-03  -6.6243123e-04   4.1517723e-03  -1.2648280e-03
   2.7491347e-03  -8.7216047e-04   7.0339143e-03  -2.3269828e-03
  -1.9324146e-03  -1.3852481e-03   8.3531783e-03  -2.9312475e-03
  -4.1288820e-03  -1.9133163e-03   6.0182310e-03  -2.5033830e-03
  -2.8994600e-03  -1.1230865e-03   5.0362788e-03  -2.1693485e-03
  -5.0058765e-04   2.8135035e-04   2.9899205e-03  -1.7152117e-03
   1.5609433e-03   1.2251319e-03  -9.1540068e-04  -8.4071676e-04
   3.2139162e-03   1.3262514e-03  -2.5382453e-03  -6.5681011e-04
   3.0190078e-03   2.4764387e-04  -1.4663433e-03  -1.1522321e-03
  -4.8934294e-04  -8.4219915e-04   1.6631607e-03  -1.8052884e-03
  -4.7998166e-03  -1.3552868e-03   2.2403387e-03  -2.2256465e-03
  -4.6273977e-03  -1.4226997e-03   1.9554976e-03  -2.5559278e-03
  -3.0567927e-04  -8.1223783e-04   1.3858154e-03  -2.7210685e-03
   2.5804640e-03  -1.4934362e-04  -9.6412350e-04  -2.0755186e-03
   2.2431226e-03  -3.9652451e-04  -1.9873027e-03  -1.7377308e-03
   3.5775885e-04  -1.5200740e-03  -1.4588475e-03  -2.1355697e-03
  -1.9923864e-03  -2.6398783e-03  -8.7792159e-04  -2.0755186e-03
  -3.8215265e-03  -2.8496076e-03  -1.4326121e-03  -1.9816886e-03
  -3.4879333e-03  -2.1380262e-03  -2.8680613e-03  -2.1731017e-03
  -7.2923017e-04  -9.4331860e-04  -3.2128689e-03  -2.2293996e-03
   1.6021739e-03  -4.6768265e-04  -3.5651723e-03  -2.4771107e-03
   1.2535877e-03  -7.7104101e-04  -4.7944865e-03  -2.7473408e-03
  -2.1572156e-04  -7.8602167e-04  -4.7082846e-03  -2.2894508e-03
   2.4165670e-05  -9.8451542e-04  -3.5539286e-03  -2.2781912e-03
   1.0549311e-03  -9.3957344e-04  -3.1753898e-03  -2.1655953e-03
   7.3258265e-04  -2.0177593e-04  -4.9556466e-03  -1.3398920e-03
  -3.3191694e-04  -2.2008010e-05  -5.7127242e-03  -1.5425646e-03
  -3.2442046e-04  -1.3061780e-04  -2.6206993e-03  -1.9741823e-03
   5.6391194e-04  -3.1787605e-04  -5.8933260e-04  -2.5221490e-03
   9.3498750e-04  -8.0100233e-04  -1.5675368e-03  -2.7135621e-03
   1.6509010e-03  -8.5717981e-04  -1.6275034e-03  -2.1843613e-03
   1.5609433e-03  -1.0519284e-03  -1.0840566e-03  -2.2594252e-03
  -2.8318985e-04  -1.2654028e-03  -8.3669459e-04  -2.3795275e-03
  -2.0673511e-03  -1.2616576e-03  -1.9580215e-04  -2.0980378e-03
  -2.1348194e-03  -1.4152094e-03  -6.1931587e-04  -1.8165480e-03
  -2.0447685e-04  -1.6811161e-03  -8.3669459e-04  -1.9178843e-03
   1.0549311e-03  -1.4152094e-03  -4.8439115e-04  -1.8878587e-03
   1.1786230e-03  -9.0961212e-04  -4.5885793e-05  -2.0042078e-03
   8.0379917e-04  -1.0369477e-03   4.3759447e-04  -2.2744380e-03
  -1.1077090e-04  -5.8378276e-04   4.4883819e-04  -2.0454930e-03
  -4.5560879e-04  -4.4521166e-04   3.9261956e-04  -2.0004546e-03
  -6.6925836e-04  -6.3246991e-04  -5.7129520e-05  -2.0567526e-03
  -4.8184646e-04  -4.4146649e-04  -2.2578543e-04  -1.7790160e-03
   4.9269542e-04  -4.6019232e-04  -4.5440787e-04  -1.5876030e-03
   9.9121107e-04  -3.2162121e-04  -4.5065997e-04  -1.6889393e-03
   5.8640137e-04  -6.9613771e-04   2.3520738e-04  -1.6701733e-03
  -1.8198742e-04  -5.6880210e-04   1.2059158e-03  -1.8690927e-03
  -4.7434998e-04  -4.3023100e-04   1.9704892e-03  -2.1655953e-03
  -3.4690989e-04  -7.7104101e-04   1.6856482e-03  -2.0605058e-03
  -7.7036756e-05  -7.2235387e-04   2.0229600e-03  -1.9441567e-03
   2.8279409e-04  -1.2279511e-03   2.9749289e-03  -2.2181401e-03
  -8.8281470e-05  -1.2766383e-03   2.7013315e-03  -2.1956209e-03
  -5.9054536e-04  -1.2354415e-03   1.4682694e-03  -2.0342334e-03
   1.8533990e-04  -1.4489159e-03   1.3183531e-03  -2.2556720e-03
   8.3378508e-04  -1.0669090e-03   1.8468083e-03  -2.1618421e-03
   5.0403336e-05  -1.0781445e-03   1.5319839e-03  -2.2181401e-03
  -6.1303479e-04  -9.5829926e-04   1.2733782e-03  -2.1243101e-03
  -1.2576385e-04  -7.1111837e-04   1.0634953e-03  -2.1393229e-03
   8.3378508e-04  -8.6467014e-04   6.3998155e-04  -2.2819444e-03
   1.2123571e-03  -6.9988288e-04  -5.2561815e-04  -2.1993741e-03
   1.2385948e-03  -5.5756661e-04  -1.5862764e-03  -2.2594252e-03
   9.9121107e-04  -6.2872474e-04  -1.4625954e-03  -1.9854418e-03
   1.7784343e-04  -6.3246991e-04  -1.4251163e-03  -2.2856976e-03
  -3.2442046e-04  -6.5119573e-04  -1.4700912e-03  -2.4358255e-03
  -1.9323213e-04  -8.0474750e-04  -1.7024616e-03  -2.1731017e-03
   3.3152119e-04  -8.1223783e-04  -1.7586802e-03  -2.2969572e-03
   6.7635908e-04  -6.6243123e-04  -1.5712848e-03  -2.3832807e-03
   7.1758970e-04  -8.7965080e-04  -1.6087638e-03  -2.6197321e-03
   5.0019190e-04  -9.2459278e-04  -1.2077376e-03  -2.5146426e-03
  -1.5949799e-04  -7.8976684e-04  -1.5900243e-03  -2.3457488e-03
  -3.9188875e-04  -7.1860870e-04  -1.9460757e-03  -2.2106337e-03
  -1.0702266e-04  -7.1860870e-04  -1.4063768e-03  -2.2331528e-03
   2.4165670e-05  -9.0212179e-04  -1.2976874e-03  -2.4395787e-03
   5.5266723e-04  -7.4107969e-04  -1.3014353e-03  -2.2669316e-03
   7.8880622e-04  -5.9501826e-04  -2.0959920e-03  -2.2706848e-03
  -2.0719960e-06  -8.5717981e-04  -2.4970183e-03  -2.1580889e-03
  -2.6070042e-04  -8.7216047e-04  -1.5263098e-03  -2.3232296e-03
  -2.2321804e-04  -7.1111837e-04  -1.3614019e-03  -2.4208127e-03
  -4.9683941e-04  -9.3582827e-04  -2.0322776e-03  -1.8203012e-03
  -2.2321804e-04  -7.6355068e-04  -2.4932704e-03  -1.8315608e-03
   4.1023418e-04  -5.2011496e-04  -1.7999072e-03  -2.0004546e-03
   5.9764608e-04  -6.9988288e-04  -7.4299687e-04  -1.9967014e-03
  -3.5806138e-05  -4.5644715e-04  -6.6429078e-04  -1.7940288e-03
  -3.3191694e-04  -4.9389880e-04  -5.4810560e-04  -1.7001989e-03
  -9.5777946e-05  -7.4857002e-04   1.3026593e-04  -2.1055441e-03
  -2.5320394e-04  -7.0362804e-04   7.8989791e-04  -2.0079610e-03
  -3.5815461e-04  -8.4219915e-04   6.7746064e-04  -1.8353140e-03
  -2.1572156e-04  -8.3845398e-04   7.4492301e-04  -1.7865224e-03
   2.3406700e-04  -9.3582827e-04   1.4270424e-03  -1.8127948e-03
   3.9149299e-04  -8.4219915e-04   1.6594128e-03  -2.1017910e-03
  -4.3302614e-05  -6.4370540e-04   1.7381189e-03  -1.9816886e-03
  -2.3446275e-04  -9.4706377e-04   1.8318166e-03  -1.8728459e-03
  -1.5949799e-04  -8.4594431e-04   1.7868417e-03  -2.1318165e-03
  -6.2043804e-05  -8.8714113e-04   1.6706565e-03  -1.9516631e-03
  -2.4561424e-05  -1.0743994e-03   1.1422014e-03  -1.8841055e-03
   1.8159167e-04  -9.0961212e-04   7.9364582e-04  -2.1580889e-03
   7.2892764e-05  -9.3582827e-04   9.5105800e-04  -1.8953651e-03
  -8.4533232e-05  -9.8826058e-04   7.3742719e-04  -1.7189649e-03
   6.5396288e-05  -1.0556735e-03   6.2498992e-04  -1.8278076e-03
  -1.6324623e-04  -8.4219915e-04   8.1988119e-04  -2.0755186e-03
   1.1037514e-04  -7.8976684e-04   9.2107473e-04  -2.1956209e-03
   4.1398242e-04  -9.5455410e-04   7.6741046e-04  -1.8240544e-03
  -5.8202340e-06  -7.3733453e-04   2.0147620e-04  -1.7902756e-03
  -2.6819689e-04  -7.5980552e-04   1.5275338e-04  -2.0004546e-03
  -3.2067223e-04  -8.5717981e-04   3.8512374e-04  -2.0567526e-03
  -2.4945570e-04  -7.6355068e-04  -3.0894157e-05  -2.0642590e-03
  -2.0447685e-04  -1.0032412e-03  -4.5440787e-04  -2.0154674e-03
  -1.4450504e-04  -1.1081059e-03  -4.8064324e-04  -2.2293996e-03
  -1.5574975e-04  -9.1335728e-04  -5.3686187e-04  -2.1843613e-03
  -5.0058765e-04  -8.6841530e-04  -7.0551778e-04  -2.0605058e-03
  -6.3177598e-04  -9.1710245e-04  -8.1045923e-04  -2.2181401e-03
  -4.1437818e-04  -1.0669090e-03  -6.8303032e-04  -2.0042078e-03
  -4.4436408e-04  -1.0069864e-03  -8.4044250e-04  -1.8465736e-03
  -6.0179008e-04  -8.1972816e-04  -9.8661095e-04  -1.8278076e-03
  -3.5440637e-04  -1.0144767e-03  -7.3175314e-04  -1.9929482e-03
  -2.8318985e-04  -9.7327992e-04  -9.7536723e-04  -2.1993741e-03
  -5.0058765e-04  -7.8227651e-04  -1.1140399e-03  -1.9704291e-03
  -1.8198742e-04  -9.2459278e-04  -1.1927459e-03  -1.9178843e-03
  -3.8064403e-04  -8.2721849e-04  -1.5937722e-03  -2.0680122e-03
  -7.0674074e-04  -7.6729585e-04  -1.3426623e-03  -2.0192206e-03
  -3.5815461e-04  -8.8339596e-04  -1.0878045e-03  -1.8690927e-03
  -5.0433589e-04  -8.9837662e-04  -1.1627627e-03  -2.0004546e-03
  -3.8814051e-04  -8.1972816e-04  -9.9035886e-04  -1.9967014e-03
  -1.1826737e-04  -7.6729585e-04  -6.7928241e-04  -1.8015352e-03
  -3.8064403e-04  -7.6729585e-04  -4.8813906e-04  -1.9328971e-03
  -4.1437818e-04  -8.2347332e-04  -4.0193715e-04  -1.9554163e-03
  -2.9443456e-04  -9.3208311e-04  -3.0894157e-05  -1.9516631e-03
  -4.6310527e-04  -8.1598299e-04   2.9892183e-04  -2.1768549e-03
  -6.5426541e-04  -9.0586695e-04   3.8137583e-04  -2.2969572e-03
  -5.4931474e-04  -9.7702509e-04   5.2004847e-04  -2.0529994e-03
  -3.0942751e-04  -8.6092497e-04   7.6366255e-04  -1.8240544e-03
  -1.4825328e-04  -7.1860870e-04   9.2857055e-04  -2.0867782e-03
  -4.5186056e-04  -7.7478618e-04   7.0744392e-04  -2.2068805e-03
  -3.3566518e-04  -1.0968704e-03   6.8870437e-04  -1.9216375e-03
  -1.7064948e-05  -1.0294574e-03   8.3487282e-04  -1.9554163e-03
  -3.9938522e-04  -9.3208311e-04   6.8870437e-04  -2.1130505e-03
  -4.4811232e-04  -9.5080893e-04   6.4747737e-04  -2.1618421e-03
  -4.4436408e-04  -7.7104101e-04   8.5736028e-04  -2.1956209e-03
  -1.8573566e-04  -6.0250859e-04   9.2107473e-04  -2.1655953e-03
   2.5655643e-04  -6.8864738e-04   7.4492301e-04  -2.1393229e-03
   1.6669194e-05  -7.4857002e-04   5.0505683e-04  -2.2256465e-03
  -1.5574975e-04  -7.6729585e-04   4.4509029e-04  -2.3757743e-03
  -5.6055946e-04  -9.1335728e-04   6.3623364e-04  -2.1580889e-03
  -6.7675484e-04  -9.3582827e-04   5.3504010e-04  -2.0755186e-03
  -3.7689580e-04  -9.6578959e-04   4.2635074e-04  -2.2706848e-03
  -4.8934294e-04  -6.8864738e-04   2.7643438e-04  -2.2894508e-03
  -2.9818280e-04  -6.0625375e-04   3.5139256e-04  -2.4320723e-03
  -2.4570747e-04  -9.6578959e-04   5.1255265e-04  -2.3344892e-03
  -1.3700856e-04  -8.2347332e-04   2.1271993e-04  -2.1505825e-03
  -1.5949799e-04  -8.7216047e-04   2.2021575e-04  -2.3007104e-03
  -7.0299250e-04  -9.3582827e-04   7.7795204e-05  -2.3419956e-03
  -7.0299250e-04  -6.6617639e-04   8.5291022e-05  -2.3419956e-03
  -7.1798545e-04  -8.8339596e-04   3.6638420e-04  -2.0867782e-03
  -5.3057355e-04  -7.2609903e-04   1.6024920e-04  -2.0342334e-03
  -2.1946980e-04  -7.6729585e-04  -4.2137884e-05  -2.2068805e-03
  -2.6070042e-04  -7.4857002e-04  -9.8356519e-05  -2.0905314e-03
  -2.9818280e-04  -3.4034704e-04  -1.6207097e-04  -2.0905314e-03
  -3.9188875e-04  -6.7741189e-04  -3.6820597e-04  -1.8052884e-03
  -1.9323213e-04  -6.4745057e-04  -4.9563487e-04  -2.0117142e-03
  -3.3941342e-04  -8.9463146e-04  -5.0687860e-04  -2.2444124e-03
  -3.6939932e-04  -9.1710245e-04  -6.7553451e-04  -1.7302244e-03
  -1.5949799e-04  -6.7741189e-04  -5.5185351e-04  -2.0567526e-03
  -1.8948390e-04  -8.1972816e-04  -3.0074361e-04  -2.1956209e-03
  -7.3288518e-05  -5.5007628e-04  -3.9444133e-04  -1.9967014e-03
  -2.7569337e-04  -8.6092497e-04  -1.8455843e-04  -2.1168037e-03
  -2.3446275e-04  -8.7590563e-04   1.7524084e-04  -1.9141311e-03
  -3.3941342e-04  -7.4107969e-04   2.1646784e-04  -2.0042078e-03
  -3.3566518e-04  -9.6953476e-04   8.1543113e-05  -2.1393229e-03
   6.5396288e-05  -9.2459278e-04   1.1527429e-04  -2.0680122e-03
  -1.6699447e-04  -1.0107316e-03   2.5394693e-04  -1.9967014e-03
  -2.3446275e-04  -1.1680285e-03   1.8273666e-04  -2.0342334e-03
  -2.8309662e-05  -1.0144767e-03   3.8137583e-04  -2.0980378e-03
   2.4165670e-05  -9.6204443e-04   2.8767811e-04  -2.1393229e-03
  -1.7074271e-04  -1.0069864e-03   2.8018229e-04  -2.2744380e-03
  -3.4316165e-04  -5.0513430e-04   5.0880474e-04  -2.0942846e-03
   2.0417432e-05  -8.2721849e-04  -8.3364883e-05  -2.0192206e-03
   2.9403881e-04  -1.1567930e-03  -1.7706261e-04  -2.0154674e-03
  -7.7036756e-05  -7.1486354e-04   1.4080751e-05  -1.9328971e-03
  -2.2696628e-04  -9.2084761e-04  -2.8949988e-04  -2.1993741e-03
