   1.5535400e-04  -5.7629243e-04  -3.5696224e-04  -1.8841055e-03
   1.1037514e-04  -5.5382144e-04  -1.2084397e-04  -1.7489904e-03
   1.2920956e-05  -7.7853134e-04  -1.8081052e-04  -1.6589137e-03
   2.0417432e-05  -6.0999892e-04   6.6551477e-05  -1.8240544e-03
  -8.0784994e-05  -7.2235387e-04   2.5394693e-04  -2.0342334e-03
  -3.9188875e-04  -9.9575091e-04   1.3401384e-04  -2.0867782e-03
  -3.7314756e-04  -7.2235387e-04   1.7828660e-05  -1.8578331e-03
   1.2920956e-05  -6.2872474e-04  -3.8389975e-05  -1.8953651e-03
   1.8159167e-04  -8.2721849e-04  -4.9633702e-05  -2.1618421e-03
  -1.2201561e-04  -8.9837662e-04  -2.8949988e-04  -2.0304802e-03
  -2.0822509e-04  -7.0362804e-04  -2.4827288e-04  -2.0079610e-03
  -9.5777946e-05  -7.5980552e-04  -1.9205424e-04  -1.9103779e-03
  -6.9540280e-05  -7.7104101e-04  -1.6207097e-04  -1.9891950e-03
  -3.0193104e-04  -8.8339596e-04  -5.3381611e-05  -2.1280633e-03
  -3.2067223e-04  -9.9200575e-04  -1.9650430e-05  -2.0192206e-03
   5.4244800e-06  -6.9239255e-04  -2.4077706e-04  -2.0342334e-03
  -1.7823918e-04  -7.5606035e-04  -3.2323106e-04  -2.0004546e-03
  -3.5065813e-04  -8.9463146e-04  -8.4067030e-06  -2.1543357e-03
  -1.6699447e-04  -1.0669090e-03  -2.4452497e-04  -2.2293996e-03
  -2.4195923e-04  -1.1081059e-03  -4.5815578e-04  -2.1543357e-03
  -3.6190284e-04  -1.1006155e-03  -2.1828961e-04  -2.1843613e-03
  -1.8948390e-04  -1.0182219e-03  -2.1454170e-04  -2.2894508e-03
  -2.6070042e-04  -8.7216047e-04  -1.9580215e-04  -2.0079610e-03
  -5.1932884e-04  -1.0444381e-03  -2.7146248e-05  -1.9891950e-03
  -4.5560879e-04  -9.2459278e-04  -3.0449151e-04  -2.3344892e-03
  -3.2442046e-04  -1.0406929e-03  -4.0943297e-04  -2.0605058e-03
  -3.8814051e-04  -1.0144767e-03  -2.2203752e-04  -2.2143869e-03
  -2.3071451e-04  -6.9988288e-04  -6.8373247e-05  -2.2481656e-03
   3.9158622e-05  -1.0893800e-03  -2.3398339e-05  -1.9516631e-03
  -2.4570747e-04  -1.1867543e-03  -3.9069342e-04  -2.0980378e-03
  -3.2442046e-04  -9.0961212e-04   4.7811932e-05  -1.9554163e-03
  -3.0567927e-04  -1.0706542e-03   7.0299386e-05  -1.7377308e-03
  -3.8439227e-04  -7.7853134e-04  -1.7706261e-04  -1.7414840e-03
  -8.8281470e-05  -7.1111837e-04   2.7643438e-04  -1.7564968e-03
  -3.6190284e-04  -1.2504221e-03  -1.2084397e-04  -1.9441567e-03
  -3.9938522e-04  -9.4331860e-04  -2.2203752e-04  -2.0867782e-03
   1.0287867e-04  -7.8976684e-04  -1.0585234e-04  -1.8991183e-03
   5.4151574e-05  -8.8339596e-04  -3.3447479e-04  -2.0004546e-03
  -2.4561424e-05  -5.8003760e-04  -2.3328124e-04  -1.9141311e-03
  -4.7050852e-05  -7.1860870e-04  -2.8200406e-04  -1.7640032e-03
  -2.7944161e-04  -7.1111837e-04  -7.2121156e-05  -1.9854418e-03
  -4.6685351e-04  -8.1972816e-04   1.3776175e-04  -1.9891950e-03
  -3.7689580e-04  -8.0100233e-04  -4.9633702e-05  -2.1393229e-03
  -1.5574975e-04  -5.2760529e-04  -2.1454170e-04  -2.2293996e-03
   5.7899812e-05  -9.1335728e-04  -6.7178660e-04  -2.2293996e-03
   6.1648050e-05  -6.8115705e-04  -5.9308051e-04  -1.9929482e-03
  -2.4945570e-04  -5.7629243e-04  -7.9616974e-05  -1.7640032e-03
  -3.2816870e-04  -9.0961212e-04  -2.3398339e-05  -2.0192206e-03
  -3.1692399e-04  -8.3096365e-04  -1.2154612e-05  -1.8127948e-03
  -2.4945570e-04  -8.4219915e-04  -2.1828961e-04  -1.8315608e-03
  -9.9526184e-05  -7.8976684e-04  -1.0960025e-04  -2.1993741e-03
  -1.1451914e-04  -9.3582827e-04  -6.4625338e-05  -2.0267270e-03
   3.1662146e-05  -8.1223783e-04  -4.2817251e-04  -2.0867782e-03
  -1.5574975e-04  -6.7741189e-04  -1.7331470e-04  -2.1505825e-03
  -2.3071451e-04  -7.2984420e-04  -7.9616974e-05  -2.1280633e-03
  -5.8295566e-05  -8.4219915e-04  -2.5951661e-04  -2.2256465e-03
  -3.1692399e-04  -9.7327992e-04  -1.9650430e-05  -2.1205569e-03
  -1.3326033e-04  -7.6355068e-04   7.4047295e-05  -2.1205569e-03
  -3.5806138e-05  -7.8976684e-04  -8.3364883e-05  -2.1693485e-03
  -3.0942751e-04  -7.3733453e-04  -1.0210443e-04  -2.0980378e-03
  -1.2576385e-04  -8.6467014e-04  -2.2578543e-04  -2.0942846e-03
  -6.2043804e-05  -9.8077025e-04  -5.3381611e-05  -2.1355697e-03
  -9.2029708e-05  -8.1972816e-04   2.6519065e-04  -2.0942846e-03
  -8.8281470e-05  -9.6578959e-04  -1.5457515e-04  -2.1881145e-03
  -1.2201561e-04  -8.4594431e-04  -1.5832306e-04  -2.1618421e-03
  -9.9526184e-05  -7.5231519e-04   1.0028266e-04  -2.0004546e-03
  -2.0822509e-04  -7.7104101e-04  -1.3958352e-04  -2.1543357e-03
  -1.0702266e-04  -7.1111837e-04  -1.4707934e-04  -2.2369060e-03
  -1.2201561e-04  -7.0737321e-04  -2.6701242e-04  -2.0905314e-03
  -1.9323213e-04  -7.3358936e-04  -2.3702915e-04  -1.9891950e-03
   2.4165670e-05  -6.9613771e-04   1.7828660e-05  -1.8916119e-03
   6.5396288e-05  -5.8752793e-04  -6.8373247e-05  -1.8390672e-03
  -3.5806138e-05  -9.3957344e-04  -8.3364883e-05  -1.8765991e-03
  -5.0799090e-05  -7.1111837e-04   5.9055659e-05  -1.8765991e-03
  -8.0784994e-05  -4.3023100e-04  -8.4067030e-06  -1.9103779e-03
  -6.5792042e-05  -8.8714113e-04  -2.4452497e-04  -1.8203012e-03
   1.3286457e-04  -8.8339596e-04  -1.8455843e-04  -1.7489904e-03
   5.4244800e-06  -6.6243123e-04  -9.0860701e-05  -1.8240544e-03
  -3.5806138e-05  -4.6768265e-04  -6.4625338e-05  -1.7752628e-03
   5.7899812e-05  -5.7254727e-04   1.4900547e-04  -1.8428204e-03
  -2.2321804e-04  -8.0100233e-04   1.5650129e-04  -1.7602500e-03
  -1.1826737e-04  -6.4370540e-04   7.4047295e-05  -1.8090416e-03
  -1.2951209e-04  -6.4745057e-04   1.7149293e-04  -2.0642590e-03
  -3.2816870e-04  -9.3957344e-04  -9.1088500e-07  -1.8841055e-03
   1.6762420e-06  -6.5119573e-04  -2.0704588e-04  -1.9366503e-03
   1.3286457e-04  -4.8266331e-04  -1.7331470e-04  -1.9779355e-03
   1.5160576e-04  -9.2084761e-04  -3.7195388e-04  -1.9291439e-03
   2.0417432e-05  -7.1860870e-04  -3.5321433e-04  -2.1618421e-03
  -2.0447685e-04  -7.4857002e-04   2.7268647e-04  -1.9216375e-03
  -2.6819689e-04  -8.6092497e-04   4.5258610e-04  -1.9366503e-03
  -3.7314756e-04  -5.3884078e-04  -5.3381611e-05  -1.9741823e-03
  -2.5695218e-04  -7.6729585e-04  -1.2084397e-04  -1.9066247e-03
  -3.7689580e-04  -8.7216047e-04   1.0777848e-04  -2.1768549e-03
  -2.3821099e-04  -7.2609903e-04  -1.5832306e-04  -1.8916119e-03
   6.9144526e-05  -9.6953476e-04  -3.7195388e-04  -1.9404035e-03
  -9.2029708e-05  -1.1043607e-03  -2.8575197e-04  -2.1430761e-03
  -2.0447685e-04  -7.9351200e-04  -3.0823942e-04  -2.1580889e-03
  -3.1317575e-04  -5.9127309e-04  -3.4197060e-04  -2.1956209e-03
  -2.0072861e-04  -7.6729585e-04  -2.8949988e-04  -2.0342334e-03
  -3.1317575e-04  -1.0107316e-03  -4.3192042e-04  -2.1618421e-03
  -3.3191694e-04  -9.1335728e-04  -6.0807214e-04  -2.1318165e-03
  -3.9554376e-05  -9.1710245e-04  -1.9580215e-04  -2.2031273e-03
  -3.8439227e-04  -9.0212179e-04   1.0332842e-05  -2.0867782e-03
  -3.9563699e-04  -7.0737321e-04  -3.3072688e-04  -2.1355697e-03
  -2.3071451e-04  -7.8976684e-04  -2.7076033e-04  -2.3645147e-03
  -3.3191694e-04  -6.2872474e-04  -1.9955006e-04  -2.0079610e-03
  -1.6699447e-04  -8.6841530e-04  -2.2578543e-04  -2.1993741e-03
  -2.6819689e-04  -1.1493027e-03  -7.9616974e-05  -2.1768549e-03
  -3.0942751e-04  -8.5343464e-04  -4.5885793e-05  -2.1168037e-03
  -2.7569337e-04  -1.0032412e-03  -1.2084397e-04  -2.4808638e-03
  -4.5560879e-04  -8.8714113e-04  -1.5082725e-04  -2.0905314e-03
  -3.2816870e-04  -7.2609903e-04  -1.2084397e-04  -1.9291439e-03
  -5.4547328e-05  -9.4331860e-04  -1.7331470e-04  -2.1543357e-03
  -1.9323213e-04  -8.0100233e-04  -5.3381611e-05  -1.9216375e-03
  -2.3071451e-04  -7.2609903e-04  -1.3583561e-04  -1.8015352e-03
  -5.4547328e-05  -7.5980552e-04  -3.4571851e-04  -1.7640032e-03
  -1.6324623e-04  -8.7965080e-04  -1.0585234e-04  -1.6514073e-03
   9.1633954e-05  -9.5455410e-04  -3.8389975e-05  -1.6776797e-03
   5.0403336e-05  -6.2872474e-04  -2.8949988e-04  -1.7564968e-03
  -2.2696628e-04  -6.9239255e-04  -3.6071015e-04  -1.9779355e-03
  -3.2057900e-05  -8.7590563e-04  -2.6701242e-04  -1.9629227e-03
  -5.8295566e-05  -8.4594431e-04  -3.6445806e-04  -2.0980378e-03
   3.9158622e-05  -8.5343464e-04  -2.2953333e-04  -1.9779355e-03
  -2.0447685e-04  -7.4482486e-04   4.7811932e-05  -1.7264713e-03
  -4.2937113e-04  -9.2833794e-04   2.1576569e-05  -2.2894508e-03
  -2.3446275e-04  -8.3470882e-04  -2.3398339e-05  -2.2519188e-03
  -2.5695218e-04  -6.4745057e-04  -1.6956679e-04  -1.9216375e-03
  -9.9526184e-05  -8.6092497e-04  -2.0329797e-04  -1.9891950e-03
  -1.5574975e-04  -8.9837662e-04  -3.0823942e-04  -1.9629227e-03
   4.2906860e-05  -8.1972816e-04  -3.5696224e-04  -1.9404035e-03
   5.7899812e-05  -7.6729585e-04  -1.0210443e-04  -2.0117142e-03
  -3.0942751e-04  -8.2721849e-04  -1.9650430e-05  -2.0792718e-03
  -4.3302614e-05  -7.6729585e-04   1.7828660e-05  -2.0417398e-03
  -1.2576385e-04  -7.4857002e-04  -4.9633702e-05  -2.0117142e-03
  -2.6819689e-04  -8.4219915e-04   6.5849330e-06  -2.1130505e-03
  -1.5200152e-04  -9.8826058e-04  -4.6587940e-06  -2.3945403e-03
  -1.7449094e-04  -9.4706377e-04  -1.6207097e-04  -2.0454930e-03
  -2.2696628e-04  -6.2872474e-04  -9.1088500e-07  -1.8540799e-03
  -2.8318985e-04  -7.8227651e-04  -8.3364883e-05  -2.1768549e-03
  -1.2951209e-04  -8.9088629e-04  -2.2203752e-04  -2.2781912e-03
  -1.5200152e-04  -8.6092497e-04  -2.9699570e-04  -2.2444124e-03
  -9.5684720e-06  -8.4219915e-04  -2.4452497e-04  -2.1393229e-03
  -5.4547328e-05  -5.9876342e-04  -1.0960025e-04  -2.2969572e-03
  -1.5949799e-04  -8.1598299e-04  -2.4452497e-04  -2.1243101e-03
   4.6655098e-05  -9.3208311e-04  -2.1454170e-04  -2.0755186e-03
  -2.6444866e-04  -7.5231519e-04  -1.6207097e-04  -2.1243101e-03
  -1.5949799e-04  -7.6729585e-04  -7.9616974e-05  -1.8878587e-03
  -1.3700856e-04  -7.3733453e-04  -2.1454170e-04  -2.0154674e-03
  -3.1692399e-04  -7.4482486e-04  -2.1079379e-04  -2.0717654e-03
  -2.4561424e-05  -7.5980552e-04  -1.0960025e-04  -2.0905314e-03
  -2.1572156e-04  -8.9088629e-04  -2.3702915e-04  -2.1843613e-03
  -1.5574975e-04  -9.0586695e-04  -1.2154612e-05  -2.1280633e-03
  -9.5684720e-06  -5.9127309e-04  -6.4625338e-05  -1.7377308e-03
  -5.8295566e-05  -5.9127309e-04   1.4525757e-04  -1.6964457e-03
   2.3781524e-04  -9.3582827e-04   3.1016556e-04  -1.9103779e-03
   2.6780114e-04  -8.4594431e-04   2.9072387e-05  -1.6814329e-03
  -3.9554376e-05  -5.7629243e-04  -1.2154612e-05  -1.7489904e-03
  -1.7074271e-04  -7.3358936e-04  -7.9616974e-05  -1.7489904e-03
   1.2920956e-05  -6.8490222e-04  -1.0960025e-04  -1.6363945e-03
  -7.7036756e-05  -5.1262463e-04  -3.9444133e-04  -1.8165480e-03
  -3.5815461e-04  -6.9613771e-04  -1.0210443e-04  -1.8165480e-03
  -2.3821099e-04  -7.5980552e-04   2.0147620e-04  -1.9591695e-03
  -7.3288518e-05  -7.7104101e-04  -2.9324779e-04  -1.9066247e-03
   5.0403336e-05  -7.4857002e-04  -3.7944969e-04  -1.7152117e-03
   2.6030466e-04  -6.2872474e-04  -4.0193715e-04  -2.0154674e-03
   2.0417432e-05  -6.7741189e-04  -4.2442460e-04  -2.0942846e-03
  -1.0702266e-04  -6.5868606e-04  -2.1079379e-04  -1.9141311e-03
   8.0389240e-05  -7.3358936e-04  -3.0823942e-04  -1.8841055e-03
  -2.0072861e-04  -9.3208311e-04  -2.1828961e-04  -1.7865224e-03
  -3.3941342e-04  -8.9837662e-04   2.1576569e-05  -1.8240544e-03
  -2.8318985e-04  -7.7104101e-04  -9.4608610e-05  -1.9103779e-03
  -3.2442046e-04  -7.4857002e-04   5.3878801e-04  -1.9103779e-03
  -2.4945570e-04  -1.0219671e-03   5.0325309e-03  -1.5500710e-03
   5.4244800e-06  -9.2084761e-04   1.2745728e-02  -1.3061132e-03
  -3.2067223e-04  -5.9501826e-04   1.3465326e-02  -1.4900198e-03
  -1.2464870e-03  -7.2235387e-04   1.7078310e-02  -1.3136253e-04
  -9.5412445e-04  -9.2459278e-04   2.8400744e-02   1.1071925e-03
  -1.8424569e-03  -1.1006155e-03   2.9956126e-02   1.5012725e-04
  -4.1513715e-03  -1.0893800e-03   2.7572456e-02  -7.3562724e-04
  -3.3267591e-03  -1.1230865e-03   2.3757084e-02  -7.8817769e-05
  -2.0448617e-03  -1.1717737e-03   2.0417697e-02  -5.6298587e-05
  -3.6191217e-03  -1.0182219e-03   1.7887859e-02  -6.3804412e-04
  -5.7106385e-03  -6.4370540e-04   9.1777183e-03  -1.5275518e-03
  -6.2166506e-03  -6.0999892e-04  -3.0629525e-03  -1.7940288e-03
  -5.8118409e-03  -1.2466770e-03  -1.9707416e-02  -1.3211260e-03
  -6.6214603e-03  -1.4002287e-03  -3.9455149e-02  -3.9858958e-03
  -7.8621271e-03  -1.3065996e-03  -5.8700662e-02  -2.8561835e-03
  -6.6439497e-03  -1.5163288e-03  -6.8257830e-02  -4.1059981e-03
  -6.1341894e-03  -1.7747452e-03  -7.0000607e-02  -4.0834790e-03
  -8.1919720e-03  -1.6586451e-03  -6.6848616e-02  -3.2465160e-03
  -6.0404834e-03  -1.4676417e-03  -5.2482881e-02  -6.0276350e-03
  -1.5276049e-03  -1.5837418e-03  -3.7356320e-02  -2.1318165e-03
   3.1651891e-03  -1.3140899e-03  -2.0247115e-02  -5.5509790e-03
   6.9659024e-03  -1.0219671e-03  -1.4326121e-03   1.7452360e-03
   9.2260900e-03  -4.0401484e-04   1.3723932e-02  -1.2907245e-02
   1.4368672e-02   3.1505684e-04   3.1957509e-02  -1.7591235e-02
   1.4818461e-02  -1.5683395e-04   3.6841035e-02   1.8664648e-02
   1.2164709e-02  -1.1904995e-03   3.7365742e-02  -1.6589137e-03
   1.3345404e-02  -1.1904995e-03   4.5180132e-02  -1.1529822e-02
   1.0624183e-02  -1.4185329e-04   4.1004961e-02   1.5087846e-03
   8.9712098e-03   5.2895290e-05   2.9573839e-02  -4.6990033e-03
   1.6329001e-02  -1.9054044e-04   2.4278044e-02   2.6272316e-04
   6.4074150e-03   4.6298000e-07   1.1711305e-02  -2.1693485e-03
  -1.3904287e-02  -4.2648583e-04   9.4175844e-03   2.3870327e-03
  -1.6737861e-03  -1.5050934e-03   2.9274006e-02  -3.8770531e-03
   1.6523909e-02  -1.3178351e-03   3.1061759e-02  -2.5897066e-03
   7.9779267e-03   7.6073147e-04   1.2123575e-02  -3.2277557e-04
  -9.5684720e-06   2.1239715e-03  -3.8762488e-03  -1.2576964e-02
   6.0475841e-03   1.5284903e-03   5.2274222e-03   2.0717641e-03
   3.0002666e-03  -4.8640847e-04   6.9627040e-03   2.2781899e-03
  -1.2858528e-02  -1.9807293e-03  -1.6735325e-02  -3.8732999e-03
  -1.2603648e-02  -1.5912321e-03  -2.6033887e-02  -4.1285799e-05
   2.9815255e-03  -9.2459278e-04  -1.6712837e-02  -3.1526861e-03
   1.7483552e-03  -5.3884078e-04  -2.0576931e-02  -1.8878587e-03
  -1.1228045e-02  -6.2497958e-04  -3.4121874e-02  -2.2969572e-03
  -1.0602089e-02  -1.8608840e-03  -2.4782085e-02  -3.4529476e-04
  -8.2668436e-04  -2.5125427e-03  -8.5648829e-03  -2.5446682e-03
   2.8503371e-03  -1.1717737e-03  -9.4868686e-03  -8.6548729e-03
  -3.4204651e-03   3.8996014e-04  -3.2450307e-02  -5.2206977e-03
  -9.7549873e-03   5.6640455e-05  -4.6729840e-02   3.1301657e-03
  -5.3545559e-03  -1.6811161e-03  -3.0179074e-02   4.0159145e-04
  -7.8883647e-03  -2.3477555e-03  -1.9981014e-02  -5.9225455e-03
  -1.9253022e-02  -1.7972162e-03  -3.0771244e-02  -4.1547897e-03
  -7.8283929e-03  -1.4152094e-03  -3.1918104e-02  -5.0705698e-03
   1.0691651e-02  -8.1598299e-04  -1.7511142e-02  -8.2570966e-05
   3.8399652e-04  -5.0138913e-04  -6.7696345e-03   1.9103766e-03
  -1.5924587e-02  -9.4331860e-04  -3.7338282e-03  -4.2598792e-03
  -2.8394882e-03  -1.6286838e-03   6.5616778e-03  -1.8728459e-03
   1.6321504e-02  -1.4039739e-03   2.0181579e-02  -1.1184533e-03
   1.0627931e-02   5.1729575e-04   2.2651451e-02  -2.8974687e-03
   2.7941136e-03   1.1914255e-03   2.3892009e-02  -7.6189962e-04
   9.2410829e-03  -4.3023100e-04   3.3190571e-02   3.1526792e-04
   1.0204380e-02  -1.9844745e-03   3.8550081e-02  -3.5280058e-03
   2.6141981e-03  -1.3515416e-03   3.0896851e-02  -3.3140736e-03
   1.4185102e-03   9.4092105e-05   2.4540397e-02   1.7189636e-03
   9.9569964e-03  -2.9498340e-05   2.4649087e-02  -1.6739265e-03
   1.2408344e-02   1.5775991e-04   2.2385350e-02  -2.9162347e-03
  -3.3941342e-04  -1.4185329e-04   1.0766832e-02   3.7907227e-04
  -9.4176459e-03  -1.4638965e-03   6.0519622e-03  -5.0292903e-04
  -5.6169325e-03  -2.0406519e-03   1.6126342e-02  -1.0171170e-03
   2.9702807e-03  -1.3477964e-03   2.1156035e-02  -6.4705123e-03
   7.8092560e-03   4.5362794e-04   1.2453391e-02  -5.3895915e-03
   4.9718398e-03   7.8320246e-04  -3.3440457e-03   3.8808051e-03
   1.7633481e-03  -3.6988670e-05  -2.7106491e-03  -7.2812085e-04
  -2.6970551e-03  -6.9613771e-04   4.6315046e-03  -5.0217782e-03
  -8.7579560e-03  -1.4526610e-03  -4.9331591e-03  -2.3007104e-03
  -5.4145277e-03  -1.6099580e-03  -1.7829714e-02   3.6330941e-03
   3.1127138e-03  -1.1043607e-03  -2.0936731e-02   3.4717066e-03
   5.0019190e-04  -7.0695155e-05  -1.4842631e-02  -6.0388946e-03
  -8.6267676e-03  -2.0177593e-04  -1.1199663e-02  -5.6635749e-03
  -5.3358147e-03  -1.6586451e-03  -8.7822617e-03  -2.7248217e-03
  -8.0419493e-04  -2.0219261e-03  -1.2057934e-02  -6.6431650e-04
  -7.2774020e-03  -1.1343220e-03  -1.6026970e-02  -1.0246234e-03
  -4.9197603e-03  -1.7555978e-04  -9.0596069e-03  -4.5113434e-03
   2.1943955e-03  -4.1150517e-04  -1.1004772e-02  -3.7832232e-03
  -4.0764067e-03  -1.5387998e-03  -2.2971845e-02  -1.7001989e-03
  -1.0347209e-02  -1.6399193e-03  -2.4677144e-02   1.2910991e-03
  -6.4902720e-03  -1.1904995e-03  -1.3575837e-02  -1.9028715e-03
  -1.1677740e-03  -1.1043607e-03  -9.8991386e-03  -5.9788435e-03
  -1.1040540e-03  -1.0818897e-03  -1.6540433e-02  -1.4937730e-03
  -1.7599956e-03  -1.3290706e-03  -1.5003791e-02   1.5538229e-03
  -1.2015082e-03  -1.3740126e-03   5.6877128e-04  -9.8333825e-04
  -4.2638186e-03  -1.2017350e-03   8.7916836e-03  -5.7123665e-03
  -4.0951479e-03  -1.1904995e-03   4.7701773e-03  -4.3724751e-03
   3.7086836e-03  -1.1155962e-03   8.3981532e-03   3.7531907e-04
   6.7072740e-03  -3.7405352e-04   1.7569287e-02  -1.4112027e-03
   9.8371460e-04   2.6636969e-04   2.1006119e-02  -3.7832232e-03
   4.0273771e-04  -4.1899550e-04   1.7955321e-02  -3.0551030e-03
   5.8039487e-03  -1.1006155e-03   1.6628561e-02  -1.6138810e-04
   5.6015438e-03  -1.1530478e-03   1.8809844e-02   4.5037732e-05
   6.1638727e-04  -6.3621507e-04   1.6954629e-02  -1.7865224e-03
   2.5017510e-03  -4.0401484e-04   1.3292922e-02  -2.1393229e-03
   6.2574855e-03  -6.2123441e-04   9.2414327e-03  -1.8728459e-03
   1.7633481e-03  -5.8378276e-04   6.9814436e-03  -7.3562724e-04
  -1.7599956e-03  -8.1972816e-04   1.0976715e-02  -2.6384981e-03
  -1.9624005e-03  -9.2833794e-04   1.2037373e-02  -1.2648280e-03
  -3.7689580e-04  -1.0369477e-03   1.0924244e-02  -1.9216375e-03
   2.1231789e-03  -9.0961212e-04   9.7623921e-03  -2.4545915e-03
   1.4035173e-03  -5.6131177e-04   9.8523419e-03   3.6781324e-03
   2.2657052e-04  -1.6432428e-04   9.2264411e-03  -3.1789585e-03
  -3.2067223e-04  -1.5683395e-04   4.3129324e-03  -5.2732424e-03
  -2.1946980e-04  -8.3470882e-04   7.1493973e-04  -1.4374751e-03
  -2.4945570e-04  -9.4331860e-04  -1.6687304e-03  -3.9295979e-03
  -2.4871538e-03  -9.5829926e-04  -4.1723336e-03   6.3803717e-05
  -3.5816393e-03  -8.6841530e-04  -9.1308172e-03  -5.1869189e-03
  -1.4976190e-03  -9.3582827e-04  -1.1060990e-02  -1.3774239e-03
  -1.7187650e-03  -1.3215803e-03  -1.1923009e-02   4.6051721e-03
  -4.7136072e-03  -1.2429318e-03  -1.3871922e-02  -4.6990033e-03
  -4.9609909e-03  -1.2878738e-03  -9.6780119e-03  -2.0154674e-03
  -3.3867309e-03  -1.1268317e-03  -6.8595844e-03  -2.3082168e-03
  -1.2502353e-03  -8.1972816e-04  -7.0432319e-03  -4.2786452e-03
  -5.4181827e-04  -7.2609903e-04  -8.9246822e-03  -1.6776797e-03
  -4.0839032e-03  -3.1413088e-04  -1.3343467e-02  -1.6476541e-03
  -3.4729404e-03  -6.5119573e-04  -9.2282628e-03  -9.4205308e-04
   1.9395153e-03  -1.4863675e-03  -2.8905487e-03  -3.5542782e-03
   1.5160576e-04  -1.1530478e-03  -7.0432319e-03  -3.0926350e-03
  -5.0659415e-03  -9.8826058e-04  -1.3081113e-02  -2.4395844e-04
  -2.8957117e-03  -8.7965080e-04  -1.0517544e-02  -5.7799297e-04
   2.6891629e-03  -6.3246991e-04  -2.8568175e-03  -2.2706848e-03
   8.1879213e-04  -1.2129705e-03  -1.7024616e-03  -3.4604483e-03
  -4.8935226e-03  -1.3777577e-03  -4.1386024e-03  -2.7360812e-03
  -2.5133915e-03  -1.2766383e-03   6.6996483e-04  -7.0184847e-04
   3.1951750e-03  -9.9949608e-04   7.2325535e-03  -1.9141311e-03
   2.3293320e-03  -6.8490222e-04   6.0781975e-03  -2.7323280e-03
  -3.8439227e-04  -5.0513430e-04   3.8931666e-03  -3.1226605e-03
   1.1711265e-03  -5.5007628e-04   8.3944053e-03  -1.1860109e-03
   3.5512576e-03  -9.6953476e-04   1.0890513e-02  -3.0175710e-03
   2.3855556e-03  -1.0931252e-03   7.6073444e-03  -5.7048601e-03
   1.1786230e-03  -1.1230865e-03   4.6240088e-03  -2.0004546e-03
   1.9507600e-03  -7.6355068e-04   5.3436073e-03  -1.3136196e-03
   1.2385948e-03  -8.0474750e-04   6.8390230e-03   3.9558690e-03
   1.3060631e-03  -9.0212179e-04   5.8158439e-03  -1.1484789e-03
   1.1149029e-03  -9.4331860e-04   6.5466861e-03  -4.1435301e-03
   1.0699241e-03  -1.3103448e-03   7.3487387e-03  -1.2010237e-03
   3.0153528e-04  -5.9876342e-04   5.5534903e-03  -4.7628076e-03
  -1.2914659e-03  -4.5644715e-04   4.8114043e-03  -5.9300576e-04
   1.5496985e-03  -6.8115705e-04   6.5391903e-03  -2.6384981e-03
   2.4755133e-03  -3.8154385e-04   7.3150075e-03  -1.8390672e-03
   7.4757560e-04  -4.2648583e-04   5.1936910e-03  -1.5463178e-03
  -1.4075680e-04  -2.7667923e-04   2.3677676e-03  -1.7865224e-03
   1.0211970e-03  -6.4370540e-04   1.4270424e-03   9.4205182e-04
   1.8570541e-03  -8.8339596e-04   1.7081356e-03  -4.0684662e-03
  -3.5065813e-04  -6.0999892e-04  -1.6424950e-03  -1.6926925e-03
  -1.4189060e-03  -5.0887946e-04  -5.3079500e-03  -3.4529476e-04
  -5.9429360e-04  -4.7891814e-04  -4.7532595e-03  -2.5521746e-03
  -2.0719960e-06  -7.9725717e-04  -5.6415139e-03  -1.4187091e-03
  -1.8836875e-03  -8.8714113e-04  -7.4367623e-03  -1.9741823e-03
  -3.4954298e-03  -6.6243123e-04  -7.2081399e-03  -1.8803523e-03
  -3.7053311e-03  -8.3470882e-04  -6.6234661e-03  -2.2481656e-03
  -2.9481871e-03  -1.1717737e-03  -5.5403204e-03  -2.7998856e-03
  -1.5051154e-03  -1.1567930e-03  -5.3641687e-03  -2.2631784e-03
  -5.8679712e-04  -8.9837662e-04  -5.6415139e-03  -2.1806081e-03
   2.7154938e-04  -3.5158253e-04  -5.2592272e-03  -2.0079610e-03
   6.1638727e-04  -3.2536638e-04  -5.5927911e-03  -2.1055441e-03
  -4.2937113e-04  -7.6355068e-04  -7.4517540e-03  -1.5650838e-03
  -2.8282434e-03  -1.0968704e-03  -7.6129141e-03  -9.3454669e-04
  -2.3597137e-03  -1.2616576e-03  -4.1161150e-03  -1.6776797e-03
  -5.0799090e-05  -1.2354415e-03  -1.1889980e-03  -2.4283191e-03
   4.5896128e-04  -1.2953641e-03  -1.8373863e-03  -2.4921234e-03
  -1.1826737e-04  -6.0250859e-04  -3.6101473e-03  -1.4224623e-03
  -8.4533232e-05  -3.4783737e-04  -2.4145643e-03  -1.8465736e-03
   1.3286457e-04  -7.8227651e-04   1.5582193e-03  -2.9687795e-03
  -1.1377881e-03  -9.8826058e-04   2.4052467e-03  -2.6572641e-03
  -9.9910330e-04  -1.1717737e-03   1.1496972e-03  -2.0755186e-03
   1.0099523e-03  -8.5343464e-04   2.4989444e-03  -1.6739265e-03
   2.6179464e-03  -9.5829926e-04   4.7589335e-03  -2.5521746e-03
   1.9695012e-03  -9.2459278e-04   5.0175393e-03  -2.4808638e-03
   4.9644366e-04  -6.9988288e-04   3.4434175e-03  -1.8015352e-03
   2.9403881e-04  -1.2504221e-03   3.3384760e-03  -1.8578331e-03
  -1.3316710e-05  -1.3103448e-03   4.8076564e-03  -1.9629227e-03
   2.0408109e-04  -8.4594431e-04   5.2723971e-03  -2.3194764e-03
   7.1009322e-04  -8.2347332e-04   4.4403613e-03  -1.8841055e-03
   2.4455274e-03  -9.1710245e-04   5.1786994e-03  -2.3495020e-03
   3.1089655e-03  -4.6393748e-04   5.3998260e-03  -2.7435876e-03
  -1.9323213e-04  -5.7254727e-04   3.3497198e-03  -2.0042078e-03
  -2.0860923e-03  -1.0519284e-03   2.2403387e-03  -1.9666759e-03
  -6.5051717e-04  -1.1567930e-03   3.3422239e-03  -2.1430761e-03
   1.0586794e-03  -1.2841286e-03   4.2154867e-03  -2.5671874e-03
   7.6631679e-04  -7.3733453e-04   1.8880353e-03  -2.0042078e-03
  -1.0327442e-04  -3.8154385e-04  -8.7417368e-04  -1.3999431e-03
   1.1786230e-03  -5.1636979e-04  -5.5185351e-04  -1.9854418e-03
   1.3847761e-03  -8.3096365e-04   7.7795204e-05  -2.0567526e-03
  -9.6536916e-04  -1.1268317e-03  -2.0622608e-03  -1.9253907e-03
  -2.2285254e-03  -7.0362804e-04  -3.7113408e-03  -1.7001989e-03
  -8.0794317e-04  -6.7741189e-04  -3.7300803e-03  -1.8916119e-03
   2.1907405e-04  -8.9463146e-04  -4.5546203e-03  -2.1205569e-03
  -1.3851718e-03  -7.3358936e-04  -5.6302702e-03  -1.7339776e-03
  -1.6063179e-03  -6.0250859e-04  -4.1648378e-03  -1.9704291e-03
  -3.7689580e-04  -5.0887946e-04  -1.7474365e-03  -2.4883702e-03
  -3.6190284e-04  -7.2609903e-04  -2.3733373e-03  -2.5559278e-03
  -8.8290793e-04  -7.2235387e-04  -4.6258306e-03  -1.9328971e-03
  -9.3163502e-04  -4.7517298e-04  -5.3491770e-03  -1.6926925e-03
  -3.4690989e-04  -3.8154385e-04  -4.7532595e-03  -2.2481656e-03
  -1.0065998e-03  -3.5907286e-04  -4.8282177e-03  -2.0192206e-03
  -1.1227952e-03  -6.8864738e-04  -4.8619489e-03  -1.5725902e-03
   2.9778704e-04  -7.1860870e-04  -2.9055404e-03  -1.9103779e-03
   1.1786230e-03  -7.6355068e-04  -1.3539060e-03  -2.3645147e-03
   7.2133794e-04  -7.4857002e-04  -1.4925787e-03  -2.4095531e-03
  -5.7180417e-04  -8.0100233e-04  -1.0653170e-03  -2.1843613e-03
  -5.0808413e-04  -1.3964836e-03  -2.6326452e-04  -2.2519188e-03
  -1.7823918e-04  -1.0481832e-03   3.6638420e-04  -2.4245659e-03
  -1.7449094e-04  -1.0594187e-03   2.8393020e-04  -2.1243101e-03
   8.3378508e-04  -1.1979898e-03  -4.4316415e-04  -1.7865224e-03
   1.8907882e-03  -4.7891814e-04   3.6568205e-05  -1.8653395e-03
   1.9732494e-03  -6.4745057e-04   1.2658824e-03  -1.9816886e-03
   6.8385556e-04  -1.0743994e-03   1.8280687e-03  -2.1393229e-03
  -1.8198742e-04  -1.2279511e-03   1.9779851e-03  -2.1655953e-03
   2.9778704e-04  -1.3028544e-03   2.1316493e-03  -2.0642590e-03
   7.9630270e-04  -1.0406929e-03   2.4652132e-03  -2.2706848e-03
   8.7876393e-04  -7.0737321e-04   1.9629934e-03  -2.3307360e-03
   8.9000865e-04  -7.7478618e-04   1.5282360e-03  -2.1505825e-03
   1.1186512e-03  -8.8339596e-04   1.7418668e-03  -2.2631784e-03
   6.9135203e-04  -8.7590563e-04   1.2021679e-03  -2.3757743e-03
  -3.7314756e-04  -8.9463146e-04   5.8751083e-04  -2.2106337e-03
  -2.9818280e-04  -7.0737321e-04   1.0777848e-04  -2.2406592e-03
   8.4877803e-04  -5.7629243e-04  -6.8373247e-05  -2.1430761e-03
   1.0549311e-03  -6.8490222e-04  -1.9580215e-04  -2.0755186e-03
   3.9524123e-04  -7.5606035e-04  -6.4555123e-04  -2.1956209e-03
  -4.6310527e-04  -5.2386012e-04  -1.0053505e-03  -2.0004546e-03
  -7.1423722e-04  -5.2386012e-04  -1.3801414e-03  -1.8578331e-03
  -9.9526184e-05  -5.1262463e-04  -2.0210338e-03  -1.9291439e-03
  -1.8198742e-04  -4.7142781e-04  -2.8605655e-03  -1.7001989e-03
  -1.8948390e-04  -4.2648583e-04  -3.0629525e-03  -1.5800966e-03
   1.6285048e-04  -3.5907286e-04  -2.3096228e-03  -1.9441567e-03
  -1.4450504e-04  -7.3358936e-04  -1.8748654e-03  -1.7827692e-03
  -6.8050307e-04  -8.7965080e-04  -2.3058749e-03  -1.6664201e-03
  -6.0179008e-04  -8.3845398e-04  -2.2758916e-03  -1.8953651e-03
  -1.1826737e-04  -6.6617639e-04  -1.9198403e-03  -1.8578331e-03
  -5.8202340e-06  -6.8490222e-04  -2.3246145e-03  -1.7902756e-03
  -2.8309662e-05  -8.2721849e-04  -2.9430195e-03  -1.5200454e-03
   2.4165670e-05  -6.8490222e-04  -2.8568175e-03  -1.7339776e-03
