  -1.1826737e-04  -1.1230865e-03  -3.1198733e-04  -2.2556720e-03
  -1.4075680e-04  -8.0849266e-04  -2.2578543e-04  -2.3044636e-03
  -1.7074271e-04  -5.2760529e-04  -4.0568506e-04  -2.2594252e-03
  -2.0719960e-06  -6.5868606e-04  -2.6326452e-04  -2.4620979e-03
   2.4165670e-05  -6.5868606e-04   2.5324478e-05  -2.5409150e-03
  -3.2816870e-04  -8.0849266e-04  -3.5696224e-04  -2.5859534e-03
  -2.3446275e-04  -7.3358936e-04  -2.1454170e-04  -2.2856976e-03
  -6.9540280e-05  -9.5455410e-04  -2.4452497e-04  -2.3682679e-03
  -2.0072861e-04  -7.8976684e-04  -2.4452497e-04  -2.5934598e-03
  -1.5200152e-04  -6.5868606e-04   9.6534749e-05  -2.2706848e-03
  -2.9443456e-04  -8.7216047e-04  -1.8455843e-04  -2.1618421e-03
  -1.0327442e-04  -7.4107969e-04  -1.2084397e-04  -2.2481656e-03
   3.1662146e-05  -8.0100233e-04   2.0897202e-04  -2.1693485e-03
  -1.8948390e-04  -8.1598299e-04  -1.5832306e-04  -2.0529994e-03
   9.1727180e-06  -7.4107969e-04  -1.0210443e-04  -1.9629227e-03
  -3.9554376e-05  -8.0849266e-04   1.1152638e-04  -2.0680122e-03
  -1.1077090e-04  -7.7853134e-04  -9.0860701e-05  -2.0755186e-03
  -8.0784994e-05  -8.8339596e-04   1.1902220e-04  -1.7114585e-03
  -5.4547328e-05  -1.0631639e-03   1.3401384e-04  -1.9704291e-03
  -2.0813186e-05  -7.1486354e-04  -2.0329797e-04  -2.2406592e-03
   7.6641002e-05  -6.5119573e-04  -1.8830634e-04  -2.1130505e-03
   6.5396288e-05  -9.3582827e-04   2.3895529e-04  -2.2181401e-03
  -2.2696628e-04  -8.0474750e-04   4.4064023e-05  -2.0379866e-03
  -4.7050852e-05  -6.6243123e-04  -2.5202079e-04  -1.8615863e-03
  -2.1572156e-04  -7.8976684e-04   1.3401384e-04  -2.0117142e-03
  -3.0942751e-04  -8.8339596e-04  -1.0960025e-04  -2.0154674e-03
  -3.9554376e-05  -7.1860870e-04  -1.8830634e-04  -1.9891950e-03
  -1.8948390e-04  -8.9088629e-04  -2.0329797e-04  -2.0680122e-03
  -1.7064948e-05  -1.0294574e-03  -3.1948315e-04  -2.0117142e-03
   4.6655098e-05  -8.1223783e-04  -8.7112792e-05  -2.0004546e-03
  -9.9526184e-05  -7.3733453e-04  -2.5202079e-04  -1.8916119e-03
  -1.0702266e-04  -7.7104101e-04  -1.2459188e-04  -2.0079610e-03
  -3.9563699e-04  -7.6729585e-04  -2.7146248e-05  -2.0304802e-03
  -3.2816870e-04  -6.3246991e-04  -9.4608610e-05  -1.8015352e-03
  -5.0799090e-05  -8.4968948e-04  -7.2121156e-05  -2.1543357e-03
  -3.5065813e-04  -9.5829926e-04  -5.3381611e-05  -2.1956209e-03
  -2.6070042e-04  -6.3621507e-04  -1.3208770e-04  -1.9591695e-03
  -2.0447685e-04  -8.4594431e-04  -3.5321433e-04  -2.0079610e-03
  -5.4556651e-04  -1.1455575e-03  -3.0449151e-04  -2.1993741e-03
  -2.1197332e-04  -8.3845398e-04  -3.1948315e-04  -2.2631784e-03
  -2.4195923e-04  -8.8714113e-04  -2.1079379e-04  -2.0267270e-03
  -4.0688170e-04  -1.0631639e-03  -1.1709606e-04  -2.0079610e-03
  -1.4450504e-04  -8.3845398e-04  -1.9955006e-04  -2.1205569e-03
  -3.6190284e-04  -1.0481832e-03  -2.4827288e-04  -2.1092973e-03
  -2.9068632e-04  -9.2459278e-04  -3.2323106e-04  -2.0417398e-03
  -2.4561424e-05  -7.1111837e-04  -5.5934933e-04  -1.9328971e-03
  -2.3821099e-04  -9.1710245e-04  -5.5185351e-04  -1.8503268e-03
  -3.2816870e-04  -8.1598299e-04  -1.2459188e-04  -1.9554163e-03
  -3.2442046e-04  -9.0212179e-04  -1.3208770e-04  -2.0267270e-03
  -2.5320394e-04  -1.0182219e-03  -1.0585234e-04  -2.0229738e-03
  -2.0822509e-04  -9.7702509e-04  -2.5202079e-04  -2.2068805e-03
  -3.0942751e-04  -9.7702509e-04  -4.9563487e-04  -2.0642590e-03
  -2.1572156e-04  -9.2084761e-04  -1.3958352e-04  -1.9366503e-03
  -2.6070042e-04  -8.5343464e-04  -4.5885793e-05  -2.1956209e-03
  -1.5574975e-04  -8.5343464e-04  -3.0894157e-05  -1.6701733e-03
  -5.8202340e-06  -6.5868606e-04  -4.9633702e-05  -1.6589137e-03
  -1.6324623e-04  -6.5119573e-04  -3.0823942e-04  -2.1505825e-03
  -2.3446275e-04  -8.6092497e-04  -3.6820597e-04  -1.7602500e-03
  -2.6070042e-04  -6.8115705e-04  -2.8575197e-04  -1.8503268e-03
  -1.7449094e-04  -6.8490222e-04  -2.4077706e-04  -2.0417398e-03
  -1.3326033e-04  -6.4370540e-04  -2.7450824e-04  -1.9629227e-03
  -1.1826737e-04  -7.4857002e-04  -9.0860701e-05  -1.9816886e-03
  -1.9323213e-04  -9.7327992e-04  -7.5869065e-05  -1.8540799e-03
  -3.5440637e-04  -7.0362804e-04  -1.4707934e-04  -1.7752628e-03
  -4.2562289e-04  -6.9613771e-04   1.3401384e-04  -2.0192206e-03
  -3.1692399e-04  -7.4857002e-04  -8.4067030e-06  -2.0942846e-03
  -1.0327442e-04  -8.3470882e-04  -1.8081052e-04  -1.9554163e-03
  -4.3302614e-05  -9.3208311e-04  -1.9205424e-04  -2.2106337e-03
   4.2906860e-05  -8.1972816e-04  -2.3702915e-04  -2.0154674e-03
  -6.2043804e-05  -8.7216047e-04  -2.3328124e-04  -2.0004546e-03
  -9.9526184e-05  -8.9088629e-04  -2.5576870e-04  -2.1543357e-03
  -1.5949799e-04  -7.8976684e-04  -1.8081052e-04  -2.0267270e-03
  -2.6070042e-04  -6.3246991e-04  -4.1318088e-04  -2.0417398e-03
   3.5410384e-05  -7.3358936e-04  -2.7076033e-04  -2.0717654e-03
  -3.2057900e-05  -8.7590563e-04  -1.7706261e-04  -2.2706848e-03
  -1.1826737e-04  -7.8602167e-04  -2.7076033e-04  -2.0529994e-03
  -1.1077090e-04  -8.4968948e-04  -1.3958352e-04  -2.2781912e-03
  -8.8281470e-05  -8.8339596e-04  -2.5951661e-04  -2.4283191e-03
  -6.9540280e-05  -9.0212179e-04  -1.2084397e-04  -2.0042078e-03
  -3.1692399e-04  -7.5606035e-04  -1.2459188e-04  -2.2856976e-03
  -5.8295566e-05  -7.5980552e-04  -1.6956679e-04  -2.2781912e-03
   1.6762420e-06  -9.8451542e-04  -2.4452497e-04  -2.1243101e-03
  -2.3071451e-04  -7.2235387e-04  -9.8356519e-05  -2.3907871e-03
  -3.5815461e-04  -7.9725717e-04  -7.5869065e-05  -2.3495020e-03
  -2.4945570e-04  -8.2721849e-04  -3.7195388e-04  -2.3307360e-03
  -2.0719960e-06  -8.7965080e-04  -6.0877429e-05  -2.3232296e-03
  -3.1692399e-04  -9.5829926e-04  -1.9205424e-04  -2.2406592e-03
  -2.5695218e-04  -4.6393748e-04  -2.9324779e-04  -2.3495020e-03
   7.6641002e-05  -8.6841530e-04  -1.9205424e-04  -2.2594252e-03
  -1.8573566e-04  -9.0586695e-04  -1.7331470e-04  -2.1881145e-03
  -2.8693808e-04  -5.9127309e-04   9.6534749e-05  -2.1055441e-03
   1.9658462e-04  -1.0182219e-03   2.9072387e-05  -2.3044636e-03
   1.5535400e-04  -9.1335728e-04   1.0777848e-04  -2.2669316e-03
  -2.2321804e-04  -8.9088629e-04  -2.7146248e-05  -1.7752628e-03
  -2.4561424e-05  -9.7327992e-04  -1.5457515e-04  -2.0942846e-03
   8.7885716e-05  -6.3246991e-04   3.2820296e-05  -1.9704291e-03
  -1.1826737e-04  -5.8378276e-04   1.4900547e-04  -1.8278076e-03
  -2.3446275e-04  -7.2609903e-04   2.9142602e-04  -2.2331528e-03
  -1.1451914e-04  -6.2872474e-04   7.0299386e-05  -1.9704291e-03
  -1.7074271e-04  -6.5494090e-04   9.2786840e-05  -1.8878587e-03
  -1.8948390e-04  -7.9351200e-04   1.1902220e-04  -1.9891950e-03
  -9.2029708e-05  -7.3358936e-04  -6.0877429e-05  -2.0304802e-03
  -1.7449094e-04  -7.8602167e-04  -7.2121156e-05  -1.9591695e-03
   1.8908814e-04  -1.0032412e-03  -4.1318088e-04  -1.8578331e-03
   1.3661281e-04  -9.8077025e-04  -2.5202079e-04  -1.9891950e-03
  -4.2562289e-04  -7.0737321e-04   8.1543113e-05  -1.9253907e-03
  -1.6324623e-04  -4.7891814e-04   3.2820296e-05  -1.9704291e-03
  -5.8202340e-06  -7.5231519e-04   1.2651802e-04  -2.1918677e-03
  -7.3288518e-05  -1.0219671e-03  -1.0960025e-04  -2.1580889e-03
   1.5535400e-04  -7.4482486e-04  -2.5576870e-04  -1.8240544e-03
  -5.8202340e-06  -9.1335728e-04  -1.5457515e-04  -1.9967014e-03
  -3.5806138e-05  -8.3470882e-04  -2.2203752e-04  -2.0755186e-03
  -5.8295566e-05  -7.0737321e-04  -2.1454170e-04  -1.9103779e-03
  -3.3566518e-04  -1.0669090e-03  -1.5457515e-04  -2.1993741e-03
  -1.8948390e-04  -7.8976684e-04  -2.4077706e-04  -2.0942846e-03
  -1.0702266e-04  -8.1223783e-04  -2.2203752e-04  -2.0454930e-03
  -2.0447685e-04  -1.0257122e-03  -2.0704588e-04  -2.0267270e-03
  -8.8281470e-05  -9.2459278e-04  -4.3566833e-04  -2.0867782e-03
  -1.5574975e-04  -7.8976684e-04  -2.8200406e-04  -2.2369060e-03
  -3.6565108e-04  -8.0849266e-04  -1.3958352e-04  -1.9479099e-03
  -2.0447685e-04  -9.5829926e-04  -1.6207097e-04  -2.0267270e-03
  -4.3302614e-05  -8.2721849e-04   2.8370240e-06  -1.9366503e-03
  -1.1451914e-04  -9.1335728e-04  -2.7076033e-04  -1.7640032e-03
  -1.4825328e-04  -9.6953476e-04  -3.3447479e-04  -2.3382424e-03
  -2.9068632e-04  -8.8339596e-04  -1.6581888e-04  -2.3645147e-03
  -3.0193104e-04  -9.0961212e-04  -3.3072688e-04  -1.9291439e-03
  -2.0822509e-04  -9.6204443e-04  -1.3958352e-04  -2.1055441e-03
  -2.9443456e-04  -9.6578959e-04  -3.1198733e-04  -2.1168037e-03
  -2.7944161e-04  -1.0294574e-03  -5.2561815e-04  -2.0267270e-03
  -2.0822509e-04  -9.3957344e-04  -2.4452497e-04  -1.9291439e-03
  -4.1812641e-04  -7.8227651e-04  -3.0449151e-04  -1.9291439e-03
  -3.8439227e-04  -9.2833794e-04  -9.4608610e-05  -2.1918677e-03
  -1.4825328e-04  -8.4594431e-04   2.8370240e-06  -1.9741823e-03
  -4.0688170e-04  -8.4594431e-04  -2.7076033e-04  -1.9479099e-03
  -3.5815461e-04  -8.5717981e-04  -3.6071015e-04  -2.0267270e-03
  -1.8573566e-04  -7.7104101e-04  -3.0074361e-04  -1.8991183e-03
  -1.7449094e-04  -9.6204443e-04  -5.7129520e-05  -1.8578331e-03
   1.2911633e-04  -9.7327992e-04  -1.2833979e-04  -1.9441567e-03
  -2.3071451e-04  -6.8115705e-04  -3.1198733e-04  -1.9629227e-03
  -3.3191694e-04  -3.9652451e-04  -2.5576870e-04  -1.6026158e-03
   1.6669194e-05  -6.5119573e-04  -1.9955006e-04  -1.7489904e-03
  -9.9526184e-05  -9.8077025e-04  -2.8200406e-04  -1.8916119e-03
   1.2911633e-04  -9.0212179e-04  -4.3566833e-04  -1.9404035e-03
  -2.4561424e-05  -9.3957344e-04  -2.1454170e-04  -2.0267270e-03
  -2.2696628e-04  -8.6467014e-04   8.1543113e-05  -1.7339776e-03
  -1.8948390e-04  -8.5343464e-04   5.9055659e-05  -1.8991183e-03
  -4.2562289e-04  -7.5231519e-04  -1.8455843e-04  -2.1168037e-03
  -1.1826737e-04  -5.7629243e-04  -1.4333143e-04  -2.0454930e-03
  -7.3288518e-05  -9.9575091e-04  -2.7146248e-05  -1.9141311e-03
  -8.4533232e-05  -1.0706542e-03  -1.5832306e-04  -2.0717654e-03
   5.4151574e-05  -7.7853134e-04  -5.3381611e-05  -2.0492462e-03
  -1.5200152e-04  -9.8077025e-04  -1.7706261e-04  -1.8503268e-03
  -3.2057900e-05  -8.8714113e-04  -1.6956679e-04  -1.9929482e-03
  -1.2576385e-04  -6.8490222e-04  -1.3958352e-04  -1.9141311e-03
  -2.1572156e-04  -9.3582827e-04  -1.5457515e-04  -2.0117142e-03
  -3.2442046e-04  -9.4331860e-04  -1.2154612e-05  -2.0154674e-03
  -3.5440637e-04  -1.0032412e-03  -3.1948315e-04  -2.1806081e-03
  -9.5777946e-05  -8.9837662e-04  -3.4946642e-04  -2.2631784e-03
  -1.7823918e-04  -6.2872474e-04  -7.2121156e-05  -2.0042078e-03
  -3.2057900e-05  -8.5717981e-04  -1.4333143e-04  -2.1243101e-03
  -1.8198742e-04  -7.5606035e-04  -1.6956679e-04  -2.2293996e-03
  -2.3071451e-04  -6.6992156e-04  -1.3208770e-04  -2.3495020e-03
   5.4244800e-06  -8.1972816e-04  -2.1079379e-04  -2.0267270e-03
  -1.1826737e-04  -7.1486354e-04  -6.4625338e-05  -2.0042078e-03
   2.0417432e-05  -1.0332026e-03   5.9055659e-05  -2.4170595e-03
  -1.6699447e-04  -9.8826058e-04  -9.0860701e-05  -2.2556720e-03
  -2.0447685e-04  -7.1860870e-04  -1.3583561e-04  -2.3307360e-03
   1.4036105e-04  -9.1710245e-04  -1.8455843e-04  -2.4433319e-03
  -1.6324623e-04  -7.7478618e-04  -2.8575197e-04  -2.4095531e-03
  -2.4570747e-04  -7.5606035e-04  -1.2833979e-04  -2.3682679e-03
  -1.4075680e-04  -8.3096365e-04  -1.3583561e-04  -2.1655953e-03
  -3.3941342e-04  -7.4482486e-04  -1.2459188e-04  -2.3082168e-03
  -8.4533232e-05  -7.6729585e-04  -3.4642066e-05  -2.4245659e-03
   7.2892764e-05  -8.5717981e-04  -7.9616974e-05  -2.3682679e-03
  -1.6324623e-04  -9.2833794e-04   9.6534749e-05  -2.1168037e-03
  -1.3326033e-04  -6.7741189e-04  -6.8373247e-05  -1.8015352e-03
   1.6669194e-05  -6.3621507e-04  -1.0210443e-04  -2.0042078e-03
   5.4244800e-06  -8.7216047e-04   1.3401384e-04  -2.0079610e-03
  -1.7074271e-04  -6.9613771e-04   1.1152638e-04  -1.8278076e-03
  -3.2057900e-05  -6.7366672e-04   2.6519065e-04  -1.9479099e-03
   9.9130430e-05  -7.9725717e-04   1.3026593e-04  -1.9479099e-03
  -4.1062994e-04  -6.5868606e-04  -1.3958352e-04  -2.0192206e-03
  -2.9068632e-04  -8.7965080e-04  -1.5902521e-05  -1.9854418e-03
   2.3031876e-04  -8.9463146e-04  -3.0894157e-05  -1.8015352e-03
  -5.4547328e-05  -7.8602167e-04  -1.4707934e-04  -2.0154674e-03
   4.6655098e-05  -8.2347332e-04  -9.8356519e-05  -1.9741823e-03
   5.0403336e-05  -6.1374408e-04  -1.7331470e-04  -1.8878587e-03
  -5.8295566e-05  -7.1860870e-04  -1.8081052e-04  -2.1017910e-03
  -6.2043804e-05  -7.1111837e-04  -9.0860701e-05  -1.8953651e-03
  -4.2937113e-04  -6.4745057e-04  -1.5832306e-04  -1.8503268e-03
  -2.4945570e-04  -8.3845398e-04  -1.3208770e-04  -2.0605058e-03
   7.2892764e-05  -7.7104101e-04  -2.7825615e-04  -2.0830250e-03
   4.1773066e-04  -9.0961212e-04  -3.1948315e-04  -2.2143869e-03
   5.4244800e-06  -1.0893800e-03  -1.3958352e-04  -2.0980378e-03
  -3.0567927e-04  -7.6729585e-04  -2.4827288e-04  -1.9103779e-03
  -2.6444866e-04  -6.5119573e-04  -2.2203752e-04  -2.0042078e-03
  -1.7823918e-04  -9.8077025e-04  -1.7706261e-04  -1.9328971e-03
  -2.4570747e-04  -8.7216047e-04  -2.7076033e-04  -2.0792718e-03
   6.3512846e-04  -3.7030836e-04  -2.2953333e-04  -2.2406592e-03
   4.0385286e-03  -1.1938230e-04  -1.0210443e-04  -2.1580889e-03
   3.8023896e-03   2.4015354e-04   1.1527429e-04  -2.2444124e-03
  -7.9669845e-04  -8.8714113e-04   1.7193793e-03  -2.4545915e-03
  -4.2113433e-03  -2.4226588e-03   3.6720399e-03  -2.7360812e-03
  -2.7532787e-03  -1.5987225e-03   2.6338691e-03  -2.7923792e-03
   3.1426997e-03  -4.6019232e-04  -8.3669459e-04  -2.3457488e-03
   8.1166115e-03   6.7084751e-04  -3.6926013e-03  -1.6439009e-03
   6.8084764e-03   9.1428324e-04  -2.9017925e-03  -1.5500710e-03
  -1.1077090e-04  -5.1262463e-04  -2.1079379e-04  -2.2744380e-03
  -5.1596475e-03  -1.6436645e-03   7.4492301e-04  -2.7736132e-03
  -3.4729404e-03  -2.6136622e-03  -1.8081052e-04  -2.6872897e-03
   1.3023148e-03  -2.1904585e-03  -2.7818594e-03  -2.5822002e-03
   3.2101680e-03  -5.0887946e-04  -4.8582009e-03  -2.3157232e-03
   2.8990642e-03  -3.3243505e-05  -5.1955128e-03  -2.1618421e-03
   6.9135203e-04  -3.9652451e-04  -5.4353789e-03  -2.4508383e-03
  -3.4841851e-03  -1.7897259e-03  -6.1699691e-03  -2.3757743e-03
  -8.1320002e-03  -3.3701855e-03  -6.5672475e-03  -2.2331528e-03
  -9.5038553e-03  -3.8458215e-03  -6.3611125e-03  -2.4208127e-03
  -7.5997504e-03  -3.6286019e-03  -7.7066118e-03  -2.1505825e-03
  -3.2218084e-03  -1.9807293e-03  -1.1042251e-02  -1.4900198e-03
   4.6494914e-03   5.2478608e-04  -1.4370394e-02  -6.7557609e-04
   7.0371190e-03   2.9104562e-03  -1.4790160e-02   9.3829293e-05
   6.2013551e-04   2.2288362e-03  -9.3069689e-03  -2.4020524e-04
  -8.7204736e-03  -8.0849266e-04  -8.5543414e-04  -1.7189649e-03
  -1.2067650e-02  -1.8196872e-03   5.4897758e-03  -3.0175710e-03
  -6.3890695e-03  -2.0481423e-03   7.9184208e-03  -3.3553588e-03
   3.1501962e-03  -7.4857002e-04   8.1133121e-03  -2.8937155e-03
   8.0229056e-03   1.2550933e-03   9.5262738e-03  -2.0567526e-03
   4.7844279e-03   1.4498418e-03   1.1853725e-02  -1.7940288e-03
   1.2685807e-03   1.1652093e-03   1.2726988e-02  -1.8052884e-03
  -7.1798545e-04  -6.4745057e-04   1.1696313e-02  -1.3849303e-03
  -2.3597137e-03  -2.6323880e-03   1.0054729e-02  -5.9675895e-04
  -2.7232928e-03  -2.9132754e-03   1.0725605e-02  -8.6324163e-05
   2.2768567e-03  -2.4601104e-03   1.5747803e-02  -1.8615863e-03
   8.1091150e-03  -1.2766383e-03   1.5380508e-02  -2.7473408e-03
   5.2117271e-03  -4.8640847e-04   7.0489059e-03  -6.3053773e-04
   3.3152119e-04  -7.8227651e-04   6.8277793e-03  -5.3670780e-04
  -1.6587932e-03  -1.4863675e-03   1.3191729e-02  -2.5071362e-03
  -2.0673511e-03  -1.9020808e-03   1.3135510e-02  -3.2315032e-03
  -7.6671255e-04  -1.4226997e-03   5.2686492e-03  -2.0454930e-03
   1.8120752e-03  -3.2911154e-04  -8.4793832e-04  -1.0696618e-03
   4.3871147e-03   5.4725707e-04   1.3933113e-03  -2.4020467e-03
   1.8757952e-03   1.0116575e-03  -4.0943297e-04  -2.7023025e-03
  -2.7795164e-03   5.6223773e-04  -7.8452844e-03  -1.5012794e-03
  -2.1760500e-03  -5.9876342e-04  -8.7522784e-03  -1.8165480e-03
  -1.8537016e-03  -1.0631639e-03  -6.4660539e-03  -2.7886260e-03
  -4.2675668e-03  -1.0406929e-03  -7.3693000e-03  -2.8411708e-03
  -4.1213856e-03  -5.5756661e-04  -1.0603745e-02  -2.1092973e-03
  -8.1543964e-04  -3.1787605e-04  -1.1454521e-02  -2.0417398e-03
   1.9245223e-03  -9.0961212e-04  -7.5866787e-03  -2.6947961e-03
  -1.3364447e-03  -1.0032412e-03  -5.4990934e-03  -2.9274943e-03
  -5.9842598e-03  -1.4601514e-03  -6.9532821e-03  -2.2444124e-03
  -4.9609909e-03  -2.4338943e-03  -5.8064219e-03  -2.0267270e-03
  -6.0928655e-04  -2.5724654e-03  -3.3290541e-03  -2.9312475e-03
   9.5372869e-04  -2.1679876e-03  -4.4871580e-03  -2.5746938e-03
  -1.6438002e-03  -1.5612708e-03  -6.9345425e-03  -1.6739265e-03
  -1.9361628e-03  -1.2017350e-03  -6.4360706e-03  -1.6964457e-03
   1.2536810e-04  -1.2242060e-03  -3.4564830e-03  -2.0792718e-03
  -3.0193104e-04  -1.1792640e-03  -2.2609000e-03  -2.3344892e-03
  -1.9024287e-03  -5.7629243e-04  -2.8155905e-03  -1.7152117e-03
  -9.0164912e-04   2.6262453e-04  -9.0415695e-04  -1.8991183e-03
   2.0707036e-03   3.1131167e-04   1.9105227e-03  -2.7586004e-03
   2.4792616e-03   1.9521156e-04   2.4989444e-03  -2.4658511e-03
   2.0033286e-04   2.2891804e-04   2.3377843e-03  -1.8578331e-03
  -5.4931474e-04  -1.0065648e-04   3.8144605e-03  -1.8878587e-03
   8.7126746e-04  -4.3023100e-04   5.9245332e-03  -2.1693485e-03
   1.7745928e-03  -6.8864738e-04   5.7109024e-03  -1.5275518e-03
   2.6291911e-03  -7.6355068e-04   4.9500769e-03  -1.2047769e-03
   3.0639867e-03  -9.7702509e-04   6.3368032e-03  -1.8428204e-03
   1.9882424e-03  -1.5462902e-03   7.5361341e-03  -2.0867782e-03
   2.6030466e-04  -1.6099580e-03   6.9327208e-03  -1.8878587e-03
  -1.4638848e-03  -1.5575257e-03   5.2461617e-03  -1.3361388e-03
  -2.8693808e-04  -1.6474096e-03   5.4260613e-03  -1.6626669e-03
   2.2243814e-03  -1.1418123e-03   6.7453253e-03  -2.4508383e-03
   2.2506190e-03  -7.9725717e-04   4.8338917e-03  -2.1055441e-03
   1.0511829e-03  -5.5756661e-04   2.6263733e-03  -1.7377308e-03
   3.5775885e-04  -2.3548242e-04   2.4652132e-03  -2.0717654e-03
   2.0417432e-05  -4.2648583e-04   1.7905896e-03  -2.2969572e-03
  -5.4556651e-04  -4.3023100e-04  -3.9069342e-04  -2.1993741e-03
  -6.7675484e-04  -2.5420824e-04  -3.2053731e-03  -2.0605058e-03
  -3.9554376e-05  -1.1938230e-04  -4.4534268e-03  -1.9591695e-03
   5.9014961e-04  -2.2799209e-04  -4.3934602e-03  -2.3419956e-03
  -6.1678303e-04  -4.9389880e-04  -5.3679166e-03  -2.3344892e-03
  -2.2922454e-03  -5.6131177e-04  -6.7996178e-03  -1.9929482e-03
  -2.3334760e-03  -9.6578959e-04  -6.4135832e-03  -2.1655953e-03
  -1.7637439e-03  -1.3365609e-03  -4.4346872e-03  -2.3157232e-03
  -7.2923017e-04  -1.1605382e-03  -3.6888533e-03  -2.5784470e-03
  -4.4061584e-04  -1.0219671e-03  -4.9856299e-03  -1.9741823e-03
  -5.4547328e-05  -1.2991093e-03  -4.9968736e-03  -1.7414840e-03
   5.4517075e-04  -1.4226997e-03  -3.6851054e-03  -2.5334086e-03
  -1.0215927e-03  -1.4938579e-03  -3.9474591e-03  -2.0942846e-03
  -2.4271820e-03  -1.5238192e-03  -4.8244698e-03  -1.7827692e-03
  -1.1152987e-03  -1.5013482e-03  -4.5508724e-03  -1.8240544e-03
   7.4757560e-04  -1.5163288e-03  -2.8268343e-03  -2.0755186e-03
   3.9149299e-04  -1.1155962e-03  -2.2046814e-03  -2.5334086e-03
  -6.2053127e-04  -1.0182219e-03  -2.9205320e-03  -1.9816886e-03
  -5.4931474e-04  -8.1223783e-04  -1.7137053e-03  -2.0117142e-03
  -2.4561424e-05  -4.5270199e-04  -1.7706261e-04  -2.4620979e-03
  -2.0072861e-04  -5.8378276e-04   6.2803568e-05  -2.3757743e-03
  -8.7541145e-04  -5.8003760e-04   1.7524084e-04  -2.2369060e-03
   2.1907405e-04  -4.5644715e-04   8.7609982e-04  -2.0004546e-03
   1.7633481e-03  -3.2911154e-04   1.8543041e-03  -2.1918677e-03
   1.4747338e-03  -2.9165989e-04   1.9817330e-03  -2.1580889e-03
   3.8399652e-04  -6.1374408e-04   2.1316493e-03  -1.7001989e-03
  -2.0813186e-05  -1.0294574e-03   3.3422239e-03  -2.0267270e-03
   2.4156347e-04  -9.6204443e-04   3.7882251e-03  -2.0004546e-03
   5.5266723e-04  -1.0818897e-03   2.7463064e-03  -1.5463178e-03
   1.1149029e-03  -1.2017350e-03   2.4389779e-03  -1.6551605e-03
   1.3023148e-03  -7.3733453e-04   2.7350627e-03  -1.5688370e-03
   9.1999455e-04  -6.9613771e-04   2.6713482e-03  -1.8578331e-03
   4.8145071e-04  -9.3208311e-04   2.5813984e-03  -2.0529994e-03
  -3.5806138e-05  -1.1230865e-03   2.0754307e-03  -1.9028715e-03
  -2.0072861e-04  -1.1867543e-03   1.8505562e-03  -2.1993741e-03
  -1.6699447e-04  -1.0219671e-03   1.6069421e-03  -2.1918677e-03
   1.7034695e-04  -8.2347332e-04   2.6893856e-04  -2.1505825e-03
   8.4502979e-04  -5.2011496e-04  -6.8303032e-04  -2.0379866e-03
   9.3873574e-04  -5.2386012e-04  -8.0671132e-04  -1.9704291e-03
   2.5655643e-04  -6.3621507e-04  -1.2377209e-03  -2.1768549e-03
  -5.0433589e-04  -5.2011496e-04  -1.6312513e-03  -2.2293996e-03
  -5.0433589e-04  -7.7478618e-04  -1.9760589e-03  -2.3607615e-03
  -5.2682532e-04  -8.1598299e-04  -2.2309167e-03  -2.2031273e-03
  -6.6551012e-04  -5.9127309e-04  -2.1971856e-03  -2.0980378e-03
  -3.7689580e-04  -8.1972816e-04  -2.4557913e-03  -2.2293996e-03
  -1.7449094e-04  -7.4857002e-04  -2.5832202e-03  -2.3532552e-03
  -1.1077090e-04  -6.8115705e-04  -2.5457411e-03  -2.5296554e-03
  -6.4302069e-04  -8.2347332e-04  -2.7481282e-03  -2.4658511e-03
  -8.5667026e-04  -8.9463146e-04  -2.6319430e-03  -2.4958766e-03
  -4.9309117e-04  -1.0706542e-03  -2.3058749e-03  -2.4057999e-03
  -4.2937113e-04  -1.0781445e-03  -2.3171186e-03  -2.2856976e-03
  -4.2187465e-04  -1.1455575e-03  -2.2009335e-03  -2.3645147e-03
  -4.3311937e-04  -1.1755188e-03  -1.7511844e-03  -2.2143869e-03
  -6.5792042e-05  -1.1717737e-03  -1.4063768e-03  -2.2218933e-03
  -9.5777946e-05  -1.1380672e-03  -1.3051832e-03  -2.1993741e-03
  -2.1197332e-04  -8.4219915e-04  -1.1889980e-03  -2.3232296e-03
  -1.7064948e-05  -8.6092497e-04  -4.6939951e-04  -2.4733575e-03
  -2.4195923e-04  -1.0294574e-03   1.9398038e-04  -2.2519188e-03
  -1.9323213e-04  -8.0100233e-04   2.2771156e-04  -2.3982935e-03
  -1.6324623e-04  -9.1335728e-04   2.4645111e-04  -2.4245659e-03
   2.7529762e-04  -9.0586695e-04   3.2890511e-04  -2.2706848e-03
   5.1893309e-04  -5.2386012e-04   8.5736028e-04  -2.2369060e-03
   1.7784343e-04  -6.9613771e-04   8.4236864e-04  -1.9929482e-03
   4.8519894e-04  -3.9277935e-04   4.4883819e-04  -2.0379866e-03
   4.9269542e-04  -2.0177593e-04   1.0147725e-03  -2.1918677e-03
   2.3406700e-04  -6.5119573e-04   1.1571930e-03  -2.0980378e-03
   2.0408109e-04  -4.8266331e-04   9.5105800e-04  -2.0567526e-03
   2.6780114e-04  -4.4146649e-04   1.0147725e-03  -2.0642590e-03
   3.8024828e-04  -6.7741189e-04   1.2171595e-03  -2.1580889e-03
   2.3031876e-04  -5.8378276e-04   1.3558322e-03  -2.0379866e-03
  -1.3316710e-05  -6.3996024e-04   8.4986446e-04  -2.0642590e-03
  -1.3316710e-05  -6.0625375e-04   5.6877128e-04  -2.1243101e-03
   1.6659871e-04  -6.0999892e-04   4.4509029e-04  -1.7940288e-03
   7.6641002e-05  -9.3582827e-04   1.3401384e-04  -2.0154674e-03
  -3.5806138e-05  -7.9351200e-04   1.3026593e-04  -2.0454930e-03
   2.1907405e-04  -7.0737321e-04   1.1902220e-04  -1.7527436e-03
   1.6285048e-04  -7.0362804e-04   5.1559841e-05  -1.8803523e-03
  -2.2321804e-04  -5.7254727e-04  -1.5902521e-05  -2.1393229e-03
  -4.2937113e-04  -6.2123441e-04   4.0316114e-05  -2.0717654e-03
  -6.3927246e-04  -7.5606035e-04  -3.4642066e-05  -1.8203012e-03
  -4.3686760e-04  -8.3096365e-04  -3.9444133e-04  -2.1430761e-03
  -2.6444866e-04  -4.4146649e-04  -5.1812233e-04  -2.2143869e-03
  -3.0567927e-04  -6.3996024e-04  -5.6684514e-04  -2.1017910e-03
  -1.8948390e-04  -8.9463146e-04  -6.1182005e-04  -2.0717654e-03
  -4.0313346e-04  -7.1860870e-04  -6.4555123e-04  -1.9028715e-03
  -3.0942751e-04  -9.5829926e-04  -4.9563487e-04  -2.0454930e-03
  -3.1317575e-04  -9.7327992e-04  -3.0074361e-04  -1.9554163e-03
  -5.0058765e-04  -8.1598299e-04  -5.2561815e-04  -1.9854418e-03
  -3.6190284e-04  -9.2084761e-04  -5.3311396e-04  -1.9554163e-03
  -4.7809822e-04  -1.0556735e-03  -3.7195388e-04  -1.9141311e-03
  -4.2562289e-04  -8.6092497e-04  -3.8694551e-04  -2.0867782e-03
  -4.0688170e-04  -1.0332026e-03  -3.4571851e-04  -1.8578331e-03
  -2.9443456e-04  -1.2242060e-03  -5.6309724e-04  -1.9366503e-03
  -2.1946980e-04  -9.9200575e-04  -4.3941624e-04  -2.0192206e-03
  -4.5560879e-04  -1.1493027e-03  -2.7076033e-04  -1.9929482e-03
  -2.8693808e-04  -1.2092253e-03  -6.4180332e-04  -2.1092973e-03
  -4.6310527e-04  -1.0631639e-03  -5.5934933e-04  -2.0567526e-03
  -6.1678303e-04  -8.4594431e-04  -3.6071015e-04  -2.1693485e-03
  -4.5935703e-04  -9.4706377e-04  -2.8575197e-04  -2.1205569e-03
  -4.3311937e-04  -1.0182219e-03  -3.1948315e-04  -1.9779355e-03
  -3.6939932e-04  -7.6355068e-04  -4.8813906e-04  -2.0792718e-03
  -5.5681122e-04  -9.3957344e-04  -2.4452497e-04  -1.9591695e-03
  -3.9938522e-04  -8.7216047e-04  -2.7146248e-05  -1.9741823e-03
  -2.4195923e-04  -7.6355068e-04   1.6399711e-04  -2.1355697e-03
  -3.5440637e-04  -7.1111837e-04   3.3265302e-04  -1.7790160e-03
  -2.3071451e-04  -5.4258595e-04   2.0522411e-04  -1.8240544e-03
  -2.2321804e-04  -7.4857002e-04   1.7149293e-04  -2.0042078e-03
  -5.4547328e-05  -7.8602167e-04   1.7524084e-04  -1.7227181e-03
   1.7034695e-04  -7.0362804e-04   1.7898875e-04  -1.8052884e-03
   9.1727180e-06  -7.4107969e-04   3.7762792e-04  -1.7827692e-03
  -2.3821099e-04  -8.5343464e-04   4.3009865e-04  -1.8803523e-03
  -4.4436408e-04  -8.9088629e-04   5.2004847e-04  -1.9516631e-03
  -2.5320394e-04  -8.3470882e-04   7.2243555e-04  -1.7489904e-03
   4.6655098e-05  -9.1335728e-04   6.0999828e-04  -1.9291439e-03
  -7.7036756e-05  -8.6841530e-04   5.2379637e-04  -1.7790160e-03
   5.7899812e-05  -8.7216047e-04   3.2890511e-04  -1.7940288e-03
  -1.7064948e-05  -1.0743994e-03   4.2260283e-04  -2.0004546e-03
  -1.6699447e-04  -1.0144767e-03   7.8989791e-04  -1.9066247e-03
  -2.3446275e-04  -7.8976684e-04   7.1493973e-04  -2.1881145e-03
  -3.8814051e-04  -9.0586695e-04   5.3129219e-04  -2.0042078e-03
  -2.4570747e-04  -8.6467014e-04   5.3504010e-04  -1.7865224e-03
  -3.6939932e-04  -6.9239255e-04   6.2873783e-04  -2.1993741e-03
  -1.3700856e-04  -8.5343464e-04   3.7013211e-04  -2.1430761e-03
  -1.1451914e-04  -9.6953476e-04   2.0897202e-04  -2.2894508e-03
  -2.8318985e-04  -8.0849266e-04   1.1527429e-04  -2.1693485e-03
  -4.4436408e-04  -6.8490222e-04  -6.4625338e-05  -1.9328971e-03
  -5.7930065e-04  -9.5829926e-04   1.1902220e-04  -2.2106337e-03
  -1.6699447e-04  -8.1598299e-04   6.2803568e-05  -1.9253907e-03
  -4.7434998e-04  -7.9351200e-04  -2.7450824e-04  -2.2218933e-03
  -5.4181827e-04  -1.0556735e-03  -2.1828961e-04  -2.4358255e-03
  -3.8814051e-04  -6.5494090e-04  -1.4707934e-04  -2.1017910e-03
  -4.7434998e-04  -9.5455410e-04  -5.4435769e-04  -2.2969572e-03
  -2.1197332e-04  -1.2654028e-03  -4.8813906e-04  -2.1543357e-03
  -3.5065813e-04  -8.1972816e-04  -3.9444133e-04  -1.9704291e-03
