   1.2920956e-05  -6.0625375e-04  -1.2459188e-04  -1.6739265e-03
  -2.0719960e-06  -7.7478618e-04  -2.3398339e-05  -1.8728459e-03
  -3.1692399e-04  -7.8976684e-04   2.3895529e-04  -2.0004546e-03
  -3.2057900e-05  -5.6131177e-04  -3.0894157e-05  -1.5425646e-03
   1.3286457e-04  -7.5606035e-04  -1.2154612e-05  -1.8465736e-03
  -2.0719960e-06  -8.2721849e-04   4.7811932e-05  -1.9479099e-03
  -2.4561424e-05  -5.6505694e-04   1.8648456e-04  -1.7452372e-03
  -2.0447685e-04  -6.8115705e-04  -6.8373247e-05  -2.0529994e-03
  -1.6324623e-04  -7.7478618e-04  -2.5951661e-04  -2.0492462e-03
  -7.7036756e-05  -6.5119573e-04   1.6774502e-04  -1.8315608e-03
  -1.3700856e-04  -6.6243123e-04  -9.0860701e-05  -1.9704291e-03
   2.7913908e-05  -6.8115705e-04  -1.5902521e-05  -2.0192206e-03
  -2.8309662e-05  -7.8602167e-04  -7.9616974e-05  -1.8803523e-03
  -9.5777946e-05  -7.1860870e-04  -2.4827288e-04  -1.9291439e-03
  -1.1077090e-04  -5.9127309e-04  -1.0960025e-04  -2.0830250e-03
  -3.0567927e-04  -7.2984420e-04  -4.1692878e-04  -2.2331528e-03
  -3.8814051e-04  -7.1486354e-04  -4.2137884e-05  -2.2293996e-03
  -1.7449094e-04  -5.9127309e-04  -1.8830634e-04  -2.2106337e-03
   5.7899812e-05  -7.6729585e-04  -4.1692878e-04  -1.9591695e-03
  -2.3071451e-04  -7.9351200e-04  -3.4197060e-04  -1.8878587e-03
  -3.1692399e-04  -7.5231519e-04  -4.0193715e-04  -2.3044636e-03
  -1.2201561e-04  -9.9200575e-04  -8.3364883e-05  -2.2331528e-03
  -2.5695218e-04  -8.0849266e-04  -4.1692878e-04  -1.9666759e-03
  -4.2187465e-04  -7.6355068e-04  -2.6701242e-04  -2.1881145e-03
  -2.4570747e-04  -9.4331860e-04  -1.6956679e-04  -2.2669316e-03
  -2.6444866e-04  -7.8227651e-04  -3.6445806e-04  -2.0605058e-03
  -5.2682532e-04  -8.2347332e-04  -7.2121156e-05  -2.1355697e-03
  -1.0702266e-04  -8.1598299e-04  -2.6701242e-04  -2.1393229e-03
  -1.0702266e-04  -9.3208311e-04  -2.3702915e-04  -2.0792718e-03
  -3.1692399e-04  -9.5455410e-04  -1.5832306e-04  -2.1355697e-03
  -1.5200152e-04  -6.3246991e-04  -4.3192042e-04  -2.2594252e-03
  -4.0688170e-04  -7.1111837e-04  -2.4077706e-04  -2.1543357e-03
  -2.8318985e-04  -7.7853134e-04  -2.7146248e-05  -1.8540799e-03
  -7.7036756e-05  -6.5868606e-04  -1.3208770e-04  -2.0154674e-03
  -1.7823918e-04  -7.1860870e-04   1.0403057e-04  -1.9066247e-03
  -1.5200152e-04  -8.9837662e-04  -1.0585234e-04  -1.8991183e-03
  -8.4533232e-05  -7.4482486e-04  -3.5321433e-04  -2.0529994e-03
  -1.4825328e-04  -5.3509562e-04   6.5849330e-06  -1.8015352e-03
  -4.7050852e-05  -7.4107969e-04  -7.5869065e-05  -2.0154674e-03
   1.2536810e-04  -7.4107969e-04  -1.3583561e-04  -2.0004546e-03
   6.5396288e-05  -8.7216047e-04  -3.4946642e-04  -1.6889393e-03
   9.1727180e-06  -7.8602167e-04  -3.1948315e-04  -2.0117142e-03
  -1.7449094e-04  -6.0999892e-04   9.2786840e-05  -2.0342334e-03
  -7.3288518e-05  -8.7216047e-04  -4.9633702e-05  -1.9554163e-03
  -1.0702266e-04  -6.7366672e-04  -3.0894157e-05  -2.0417398e-03
  -2.1572156e-04  -6.8490222e-04  -9.0860701e-05  -1.9328971e-03
  -4.3302614e-05  -7.8976684e-04  -2.7450824e-04  -2.2819444e-03
  -5.0799090e-05  -6.8115705e-04  -2.0704588e-04  -2.2218933e-03
   1.5535400e-04  -6.8115705e-04  -1.6581888e-04  -1.7527436e-03
   2.0417432e-05  -8.0474750e-04  -1.3583561e-04  -1.9291439e-03
  -3.5806138e-05  -8.8339596e-04   6.5849330e-06  -2.0492462e-03
   5.4151574e-05  -5.3884078e-04   4.4064023e-05  -1.9479099e-03
  -3.6190284e-04  -6.0250859e-04  -5.3381611e-05  -2.0905314e-03
  -6.2043804e-05  -7.8227651e-04   1.0777848e-04  -2.1205569e-03
   2.1532581e-04  -6.6243123e-04  -2.2203752e-04  -1.9066247e-03
  -1.9323213e-04  -7.2609903e-04  -2.4077706e-04  -1.8578331e-03
  -8.8281470e-05  -7.2235387e-04   3.2820296e-05  -2.0267270e-03
  -5.0799090e-05  -8.2347332e-04  -2.0329797e-04  -2.1731017e-03
  -2.4195923e-04  -9.8826058e-04  -1.1334816e-04  -2.0004546e-03
  -1.7449094e-04  -7.8976684e-04  -2.9699570e-04  -1.9103779e-03
  -1.9698037e-04  -7.5231519e-04  -2.5951661e-04  -2.1393229e-03
  -9.9526184e-05  -8.0849266e-04  -1.1709606e-04  -2.1806081e-03
  -1.4075680e-04  -6.6243123e-04  -2.7076033e-04  -2.1168037e-03
  -1.7074271e-04  -6.9613771e-04  -7.2121156e-05  -2.1881145e-03
  -1.4075680e-04  -5.9127309e-04  -1.5457515e-04  -2.0379866e-03
  -1.0702266e-04  -5.4633111e-04  -2.8949988e-04  -1.7339776e-03
   6.1648050e-05  -7.4857002e-04  -2.4452497e-04  -2.1130505e-03
  -5.4547328e-05  -6.8490222e-04  -1.7331470e-04  -2.4057999e-03
  -4.7050852e-05  -7.5980552e-04  -1.5082725e-04  -2.0942846e-03
  -5.4547328e-05  -1.0481832e-03  -2.4827288e-04  -2.0529994e-03
  -6.5792042e-05  -6.5494090e-04  -1.1334816e-04  -1.9441567e-03
   1.7784343e-04  -3.7779869e-04   1.0028266e-04  -1.9178843e-03
   2.5655643e-04  -6.9239255e-04   8.5291022e-05  -1.8540799e-03
  -1.1077090e-04  -5.3884078e-04   2.9072387e-05  -1.7302244e-03
  -4.3302614e-05  -5.3884078e-04   5.1559841e-05  -1.7790160e-03
   2.7904585e-04  -7.1486354e-04  -1.2154612e-05  -1.6851861e-03
  -1.4450504e-04  -4.6019232e-04   7.7795204e-05  -1.7977820e-03
  -9.2029708e-05  -5.6505694e-04   1.1152638e-04  -1.7977820e-03
  -1.2951209e-04  -7.3733453e-04  -1.9650430e-05  -1.7377308e-03
  -9.5777946e-05  -5.4258595e-04   1.0777848e-04  -1.8090416e-03
   2.6030466e-04  -6.4745057e-04   5.5307750e-05  -1.7452372e-03
  -1.8198742e-04  -6.5119573e-04   8.1543113e-05  -1.6476541e-03
  -6.5792042e-05  -6.7366672e-04   8.1543113e-05  -1.8991183e-03
   9.1727180e-06  -6.6617639e-04  -1.8455843e-04  -1.9516631e-03
  -6.2043804e-05  -3.8903418e-04  -1.1709606e-04  -1.7715096e-03
   2.3031876e-04  -7.7104101e-04  -2.7450824e-04  -1.9216375e-03
  -3.5806138e-05  -8.8714113e-04  -1.7331470e-04  -1.8953651e-03
  -1.1451914e-04  -6.3246991e-04  -4.2137884e-05  -1.9028715e-03
  -2.0813186e-05  -7.3358936e-04  -2.3702915e-04  -1.7377308e-03
  -1.4450504e-04  -6.8864738e-04  -1.2154612e-05  -1.8315608e-03
  -2.2321804e-04  -7.1486354e-04  -5.3381611e-05  -1.9141311e-03
  -1.0702266e-04  -7.6355068e-04  -4.9633702e-05  -1.7189649e-03
  -1.5949799e-04  -7.1111837e-04   3.2820296e-05  -2.0079610e-03
  -2.6444866e-04  -8.8714113e-04  -1.6581888e-04  -1.9141311e-03
   4.6655098e-05  -9.4706377e-04  -2.7076033e-04  -1.7114585e-03
  -1.8198742e-04  -6.6617639e-04  -1.3583561e-04  -1.7114585e-03
  -2.3821099e-04  -6.0625375e-04  -1.8830634e-04  -2.0154674e-03
  -3.9554376e-05  -7.0737321e-04  -2.8949988e-04  -2.2406592e-03
  -2.9443456e-04  -7.0362804e-04  -1.1709606e-04  -2.1318165e-03
  -1.4825328e-04  -6.3246991e-04  -2.4452497e-04  -2.1693485e-03
  -2.8318985e-04  -5.9876342e-04  -1.3958352e-04  -1.9779355e-03
  -3.6565108e-04  -8.1223783e-04  -2.0329797e-04  -2.1843613e-03
  -7.7036756e-05  -8.5717981e-04  -3.4197060e-04  -2.1017910e-03
  -2.2696628e-04  -8.0100233e-04  -2.2953333e-04  -1.8690927e-03
  -2.7944161e-04  -8.4594431e-04  -4.0568506e-04  -2.3007104e-03
  -2.9068632e-04  -9.1335728e-04  -3.2697897e-04  -2.2744380e-03
  -3.8439227e-04  -9.8451542e-04  -3.1948315e-04  -2.1393229e-03
  -2.9818280e-04  -1.0294574e-03  -3.0823942e-04  -2.0154674e-03
  -2.7944161e-04  -9.0961212e-04  -1.5457515e-04  -2.1580889e-03
  -2.3071451e-04  -5.5007628e-04  -2.1079379e-04  -2.2631784e-03
  -2.9818280e-04  -7.2609903e-04  -3.7570179e-04  -2.0567526e-03
  -2.9443456e-04  -8.9088629e-04  -3.5321433e-04  -2.1505825e-03
  -1.2201561e-04  -8.1598299e-04  -1.4707934e-04  -2.1918677e-03
  -2.3446275e-04  -8.6841530e-04  -2.8949988e-04  -2.1130505e-03
  -1.7064948e-05  -7.2984420e-04  -9.8356519e-05  -1.7489904e-03
   1.8533990e-04  -8.4594431e-04   1.0777848e-04  -1.8728459e-03
  -1.1451914e-04  -7.4482486e-04  -1.2459188e-04  -1.8916119e-03
  -1.1451914e-04  -7.8602167e-04  -4.2137884e-05  -1.7114585e-03
   7.2892764e-05  -8.1598299e-04  -1.6581888e-04  -2.0267270e-03
  -9.5777946e-05  -5.5382144e-04  -1.5457515e-04  -1.8578331e-03
  -2.0447685e-04  -8.8339596e-04  -1.5832306e-04  -1.8315608e-03
  -2.1197332e-04  -7.1860870e-04  -3.0074361e-04  -2.0379866e-03
  -3.5065813e-04  -6.1374408e-04  -1.8455843e-04  -2.0980378e-03
  -1.7449094e-04  -8.4219915e-04  -2.1079379e-04  -1.8127948e-03
  -5.8295566e-05  -7.2609903e-04  -1.5832306e-04  -1.8615863e-03
  -1.4075680e-04  -8.9088629e-04  -1.4707934e-04  -2.3044636e-03
  -2.1572156e-04  -8.3845398e-04   1.4900547e-04  -1.8991183e-03
  -2.9068632e-04  -7.9725717e-04   2.8767811e-04  -1.9178843e-03
  -1.5574975e-04  -8.3096365e-04   2.8370240e-06  -2.1618421e-03
  -1.8573566e-04  -7.7853134e-04  -1.8081052e-04  -1.8878587e-03
  -2.3446275e-04  -7.3733453e-04  -3.3072688e-04  -1.9929482e-03
   5.7899812e-05  -4.8640847e-04  -2.5576870e-04  -2.1505825e-03
   5.4244800e-06  -6.0999892e-04  -2.1454170e-04  -2.0567526e-03
  -1.2201561e-04  -7.4107969e-04  -1.0960025e-04  -1.9516631e-03
   2.7913908e-05  -7.6355068e-04  -2.9324779e-04  -2.0117142e-03
  -9.5777946e-05  -9.9575091e-04  -1.6207097e-04  -1.9554163e-03
  -9.5777946e-05  -8.0100233e-04   8.5291022e-05  -1.7414840e-03
  -9.9526184e-05  -7.0362804e-04  -3.0823942e-04  -2.0117142e-03
  -6.2043804e-05  -8.2721849e-04  -1.1334816e-04  -2.1430761e-03
  -2.0719960e-06  -5.0513430e-04  -1.6581888e-04  -2.1017910e-03
  -2.8693808e-04  -5.2386012e-04  -3.3447479e-04  -2.1243101e-03
  -2.0813186e-05  -7.5231519e-04  -1.1709606e-04  -1.8127948e-03
   9.5382192e-05  -7.7853134e-04  -2.7146248e-05  -2.0079610e-03
  -2.6819689e-04  -8.0474750e-04  -4.6587940e-06  -2.0792718e-03
  -1.0702266e-04  -7.6355068e-04  -1.3958352e-04  -1.9441567e-03
  -1.0702266e-04  -8.0849266e-04  -4.2137884e-05  -2.2932040e-03
  -2.7944161e-04  -5.9876342e-04  -2.2953333e-04  -2.1806081e-03
  -1.8198742e-04  -6.8115705e-04  -1.0585234e-04  -1.8615863e-03
  -1.1451914e-04  -8.6841530e-04   1.1902220e-04  -1.8428204e-03
  -1.8573566e-04  -7.6729585e-04  -2.0329797e-04  -2.0379866e-03
  -1.9698037e-04  -7.3733453e-04  -1.0960025e-04  -2.3119700e-03
   2.7913908e-05  -6.1374408e-04   1.1152638e-04  -2.2068805e-03
  -2.0447685e-04  -8.7965080e-04   1.2277011e-04  -1.9854418e-03
  -1.1826737e-04  -7.4857002e-04   2.5324478e-05  -1.9141311e-03
   6.9144526e-05  -3.2162121e-04   2.3520738e-04  -1.9704291e-03
  -9.9526184e-05  -5.2386012e-04   2.3520738e-04  -2.0117142e-03
   2.7154938e-04  -5.1636979e-04  -4.5885793e-05  -1.8315608e-03
   3.1662146e-05  -5.8752793e-04   2.3145947e-04  -1.7039521e-03
  -9.9526184e-05  -7.2984420e-04   1.9772829e-04  -1.7452372e-03
   1.9658462e-04  -4.6768265e-04   8.5291022e-05  -1.9404035e-03
   3.1662146e-05  -4.8266331e-04   1.6024920e-04  -1.7977820e-03
  -1.7823918e-04  -4.7891814e-04  -2.7146248e-05  -1.6063689e-03
  -1.3700856e-04  -4.3023100e-04  -6.8373247e-05  -1.8765991e-03
   7.2892764e-05  -5.9127309e-04  -1.7706261e-04  -1.8278076e-03
  -2.5695218e-04  -6.0999892e-04  -8.3364883e-05  -1.8916119e-03
  -2.9818280e-04  -7.2984420e-04  -4.2137884e-05  -1.8240544e-03
  -1.1826737e-04  -6.7741189e-04  -2.4077706e-04  -1.4562411e-03
  -2.0447685e-04  -6.2123441e-04  -5.3381611e-05  -1.7940288e-03
  -7.3288518e-05  -8.1972816e-04  -2.7450824e-04  -1.8315608e-03
   9.1633954e-05  -8.3470882e-04  -3.4571851e-04  -1.7677564e-03
  -2.8309662e-05  -8.1223783e-04  -1.3958352e-04  -1.9404035e-03
  -3.0567927e-04  -7.9351200e-04  -2.7076033e-04  -1.9591695e-03
  -2.0719960e-06  -6.8864738e-04   1.0028266e-04  -2.0492462e-03
  -2.0719960e-06  -7.1486354e-04   2.1271993e-04  -1.7715096e-03
  -3.2067223e-04  -6.5868606e-04   1.1571930e-03  -1.7677564e-03
  -1.9698037e-04  -7.2984420e-04   1.9592455e-03  -2.0229738e-03
  -1.8573566e-04  -9.4331860e-04   2.4502216e-03  -2.0529994e-03
   1.0662691e-04  -8.0474750e-04   5.8420792e-03  -1.7001989e-03
  -1.4450504e-04  -8.1972816e-04   8.1620349e-03  -1.5538242e-03
  -3.6939932e-04  -6.5494090e-04   1.0050981e-02  -1.4900198e-03
   5.7899812e-05  -7.5606035e-04   1.3304166e-02  -1.2460620e-03
  -4.3311937e-04  -9.7327992e-04   1.3817630e-02  -1.5425646e-03
  -6.3552422e-04  -4.3772133e-04   1.2700753e-02  -1.3473984e-03
  -1.4601366e-03  -7.8602167e-04   9.8935689e-03  -1.2423088e-03
  -2.2772525e-03  -9.8077025e-04   8.1732786e-03  -1.3811771e-03
  -9.0914559e-04  -5.1262463e-04   1.1928683e-02  -1.5087858e-03
  -1.2201561e-04  -6.8490222e-04   1.5013213e-02  -1.7677564e-03
  -9.5037621e-04  -4.6019232e-04   1.2427155e-02  -1.1071937e-03
  -1.8874357e-03  -2.5795341e-04   7.0451580e-03  -8.4822315e-04
  -2.3372243e-03  -6.1748925e-04   1.9667413e-03  -1.3136196e-03
  -4.1926021e-03  -1.0406929e-03  -4.6970409e-03  -1.6551605e-03
  -7.2061854e-03  -1.1717737e-03  -1.5108732e-02  -1.6138753e-03
  -7.0974865e-03  -1.2017350e-03  -2.5198103e-02  -1.8503268e-03
  -3.9302254e-03  -1.3065996e-03  -3.6018316e-02  -2.9087283e-03
  -5.9542739e-03  -1.1418123e-03  -5.3794649e-02  -2.9950518e-03
  -1.1276772e-02  -1.3590319e-03  -6.8606385e-02  -2.8411708e-03
  -9.1515210e-03  -1.9095712e-03  -6.4865972e-02  -3.9708831e-03
  -5.3508076e-03  -2.3440103e-03  -4.9342133e-02  -4.7177693e-03
  -4.6273977e-03  -2.1867134e-03  -3.2978762e-02  -4.0234278e-03
  -9.5684720e-06  -1.5650160e-03  -1.4479083e-02  -3.3553588e-03
   7.2282791e-03  -1.4601514e-03   4.3579073e-03  -3.5767974e-03
   9.4284948e-03  -9.9575091e-04   1.9105929e-02  -3.0963882e-03
   9.7470950e-03  -2.0926626e-04   2.9907403e-02  -2.3007104e-03
   1.1741158e-02  -3.9277935e-04   3.6657387e-02  -2.1168037e-03
   1.3892646e-02  -4.6019232e-04   3.9801883e-02  -1.9741823e-03
   1.4274967e-02  -4.0026968e-04   3.9547025e-02  -1.6176285e-03
   9.1436287e-03   4.6298000e-07   3.3704035e-02  -9.0827431e-04
   1.0530477e-02   9.0304774e-04   3.0218479e-02  -1.9891950e-03
   1.1351341e-02   4.8733443e-04   2.0919917e-02  -1.7414840e-03
  -2.3409725e-03   6.7875950e-05   5.5235070e-03   1.3136183e-03
  -8.0045601e-03  -1.0814681e-04   1.5039448e-02  -1.0884335e-04
   1.8083270e-03  -6.2497958e-04   3.2564670e-02  -5.0442974e-03
   1.0260604e-02  -1.9428560e-04   2.9337721e-02  -6.1627501e-03
   8.6526095e-03   9.9293170e-04   1.2562080e-02  -1.9629227e-03
   5.2192235e-03   1.8543197e-03   3.3834509e-03  -1.6514130e-04
   4.3308911e-03   1.2251319e-03   1.2580820e-02  -3.7869764e-03
  -2.8507329e-03  -4.9015364e-04   6.8802500e-03  -3.9671299e-03
  -9.2339822e-03  -1.6399193e-03  -1.3635804e-02  -3.1902238e-04
  -3.9077360e-03  -1.3477964e-03  -1.7803479e-02  -2.4020524e-04
   2.8016100e-03  -2.2050176e-04  -1.6570417e-02  -2.3982935e-03
  -1.2764729e-03   8.6601775e-05  -2.3710183e-02  -1.8353140e-03
  -7.1424654e-03  -8.9837662e-04  -2.9320803e-02  -6.7182289e-04
  -8.5592994e-03  -1.9694938e-03  -2.5940189e-02  -1.3436452e-03
  -1.0051098e-02  -2.5724654e-03  -1.7331242e-02  -2.8111452e-03
  -5.8568198e-03  -2.2241650e-03  -9.9628530e-03  -4.1885685e-03
   1.8233199e-03  -8.7965080e-04  -1.3193551e-02  -4.0009086e-03
   4.8443997e-03   7.5366280e-05  -1.8249480e-02  -3.2615288e-03
   5.6016370e-04   1.7648573e-04  -2.2791946e-02  -2.5183958e-03
  -1.0557110e-02  -8.7216047e-04  -2.8170195e-02  -1.7264713e-03
  -1.5564756e-02  -2.4563653e-03  -2.4058739e-02  -2.2894508e-03
  -9.1140386e-03  -2.6586042e-03  -2.2679508e-02  -2.9012219e-03
  -5.6055946e-04  -1.8533937e-03  -2.3815125e-02  -2.3419956e-03
   2.9665325e-03  -6.4745057e-04  -2.1105386e-02  -1.2835940e-03
   2.0033286e-04   1.7274057e-04  -1.5607204e-02  -1.2122833e-03
  -3.0044106e-03  -7.8602167e-04  -3.2353564e-03  -2.3682679e-03
  -3.5329122e-03  -2.1417714e-03   5.5872214e-03  -2.7060557e-03
  -1.4638848e-03  -2.2953232e-03   1.0133435e-02  -2.1055441e-03
   4.2521781e-03  -1.2616576e-03   1.6962125e-02  -2.1655953e-03
   7.9254514e-03   8.6601775e-05   2.0912421e-02  -2.2932040e-03
   7.5131452e-03   7.9443796e-04   2.2621468e-02  -2.1430761e-03
   6.3024643e-03   2.4389870e-04   2.5087592e-02  -1.7264713e-03
   3.8098860e-03  -1.0369477e-03   2.6264435e-02  -1.7602500e-03
   1.7708446e-03  -1.5949773e-03   2.5200029e-02  -2.2406592e-03
   2.7603794e-03  -8.7216047e-04   2.0762505e-02  -1.1634917e-03
   7.1533143e-03   3.1880200e-04   1.4615934e-02  -7.3187405e-04
   8.3864846e-03   9.2551873e-04   9.1214996e-03  -6.9434208e-04
   1.2723289e-03   9.1802840e-04   4.7289503e-03   3.1151472e-04
  -3.4129686e-03   1.2030826e-04   8.9078688e-03  -8.5197635e-04
  -1.1152987e-03  -4.4895682e-04   1.4522236e-02  -3.0475966e-03
   4.2522714e-04  -3.2162121e-04   1.0545705e-02  -2.9087283e-03
   1.4185102e-03   1.5443640e-05   6.1906348e-03  -1.4637475e-03
   3.1352032e-03   3.5999882e-04   7.7272775e-03  -2.0755186e-03
   2.0444660e-03  -1.4185329e-04   1.0680630e-02  -3.5129930e-03
  -1.7862333e-03  -7.1486354e-04   5.7708690e-03  -2.5559278e-03
  -3.3904791e-03  -1.1305768e-03  -2.0060422e-03  -1.0959342e-03
  -6.3177598e-04  -1.3777577e-03  -3.2728354e-03  -1.3323856e-03
   1.0736723e-03  -1.0069864e-03  -4.5883515e-03  -1.9741823e-03
  -8.4917378e-04  -8.3096365e-04  -1.0873595e-02  -1.4036963e-03
  -2.0111276e-03  -9.9949608e-04  -1.4651487e-02  -5.0292903e-04
  -2.8319917e-03  -1.4414255e-03  -1.2578893e-02  -1.1334661e-03
  -5.5719537e-03  -1.9807293e-03  -1.0513796e-02  -1.9216375e-03
  -6.1379376e-03  -1.7897259e-03  -8.7260430e-03  -2.2631784e-03
  -2.7682716e-03  -1.4788772e-03  -7.9689654e-03  -2.8636899e-03
   7.2508618e-04  -1.1680285e-03  -7.7590825e-03  -2.9950518e-03
  -1.1302916e-03  -3.5907286e-04  -9.3594397e-03  -2.8636899e-03
  -5.7143867e-03  -5.1636979e-04  -1.1229646e-02  -2.4170595e-03
  -3.9452184e-03  -1.4002287e-03  -7.4817372e-03  -3.1226605e-03
  -1.1115504e-03  -1.4489159e-03  -7.9277384e-03  -3.7119125e-03
  -4.2300845e-03  -9.6953476e-04  -1.6000734e-02  -1.4675007e-03
  -5.0734380e-03  -7.8227651e-04  -1.8077076e-02  -3.6781394e-04
  -6.2427950e-04  -7.6729585e-04  -1.1525731e-02  -1.9366503e-03
   4.7395423e-04  -1.1830092e-03  -7.9839571e-03  -2.5334086e-03
  -3.4054721e-03  -1.4414255e-03  -9.3107168e-03  -1.2648280e-03
  -3.8702536e-03  -9.3957344e-04  -6.2336836e-03  -9.7207866e-04
   1.4410929e-04  -9.6953476e-04   2.0604391e-03  -2.4733575e-03
   1.4784820e-03  -9.1335728e-04   6.7265858e-03  -2.8862091e-03
  -1.8948390e-04  -6.8864738e-04   6.7340816e-03  -2.1468293e-03
   2.4156347e-04  -8.0474750e-04   1.0545705e-02  -2.1355697e-03
   2.6141981e-03  -6.4370540e-04   1.6246275e-02  -2.9575199e-03
   2.7716241e-03  -8.6841530e-04   1.6287502e-02  -2.8073920e-03
   2.1419201e-03  -1.0144767e-03   1.3352889e-02  -1.3886835e-03
   2.7041558e-03  -7.8976684e-04   1.1819994e-02  -1.1860109e-03
   3.5699988e-03  -5.6505694e-04   1.1546397e-02  -1.6288881e-03
   3.6674530e-03  -2.6169857e-04   9.1214996e-03  -1.3211260e-03
   4.5896128e-04  -4.7142781e-04   3.7245107e-03  -2.8899680e-04
  -9.3913150e-04  -8.0100233e-04   4.5827818e-03  -2.0642647e-04
   2.1156825e-03  -6.4745057e-04   1.1257808e-02  -2.3495020e-03
   2.3555697e-03  -4.4895682e-04   1.0433268e-02  -2.7135621e-03
  -4.0313346e-04  -3.8903418e-04   4.5265632e-03  -1.1184533e-03
  -6.9174779e-04  -2.4671791e-04   5.2424138e-03  -1.3061132e-03
   1.5834327e-03  -3.2162121e-04   1.1381489e-02  -3.1189073e-03
   1.4335032e-03  -6.3246991e-04   1.1827490e-02  -3.8170020e-03
  -1.9099251e-03  -7.5231519e-04   4.5303111e-03  -1.8428204e-03
  -1.7450027e-03  -6.9988288e-04   1.3183531e-03  -1.1372193e-03
   1.8270681e-03  -6.0999892e-04   3.3272323e-03  -2.3945403e-03
   1.0811688e-03  -7.2984420e-04  -3.0449151e-04  -1.8841055e-03
  -1.9061769e-03  -7.3358936e-04  -7.2306273e-03  -5.9675895e-04
  -1.0965575e-03  -6.9613771e-04  -8.3362605e-03  -5.9300576e-04
  -1.3326033e-04  -1.0107316e-03  -6.5747433e-03  -1.7602500e-03
  -2.5771115e-03  -8.4594431e-04  -8.4711852e-03  -1.8653395e-03
  -4.6423906e-03  -7.8227651e-04  -1.1162184e-02  -1.1597385e-03
  -3.7203241e-03  -1.2429318e-03  -9.2282628e-03  -2.0079610e-03
  -2.1685536e-03  -9.3957344e-04  -5.8626406e-03  -2.9537667e-03
  -2.7795164e-03  -5.9127309e-04  -5.5703037e-03  -2.7548472e-03
  -3.1468437e-03  -6.0999892e-04  -6.1849607e-03  -2.3832807e-03
  -1.1190469e-03  -6.0250859e-04  -4.5808557e-03  -2.5746938e-03
  -7.8545374e-04  -7.4482486e-04  -3.1491544e-03  -2.8787027e-03
  -1.7225132e-03  -5.5382144e-04  -4.2960146e-03  -2.3570083e-03
  -1.9811417e-03  -6.1748925e-04  -7.2531148e-03  -1.2911004e-03
  -1.8686945e-03  -9.3208311e-04  -7.6991160e-03  -8.9701471e-04
   3.1662146e-05  -1.2466770e-03  -2.9130362e-03  -1.7452372e-03
   7.1009322e-04  -1.3253254e-03  -1.1140399e-03  -2.3532552e-03
  -1.3700856e-04  -7.1860870e-04  -3.2840792e-03  -1.5800966e-03
   2.7913908e-05  -8.6841530e-04  -3.1004316e-03  -1.2723344e-03
   4.8894718e-04  -9.0586695e-04   8.1543113e-05  -2.0417398e-03
  -2.1572156e-04  -7.4857002e-04   3.3946947e-03  -2.6647705e-03
  -2.0973370e-03  -1.2092253e-03   3.3197365e-03  -2.5334086e-03
  -1.1003057e-03  -7.4482486e-04   3.3572156e-03  -1.8503268e-03
   1.4972232e-03  -6.5119573e-04   5.8720625e-03  -2.3945403e-03
   1.6771386e-03  -6.8115705e-04   5.6846671e-03  -2.6985493e-03
   1.7409519e-04  -2.2424692e-04   2.3752634e-03  -1.1972705e-03
  -3.8814051e-04  -6.0999892e-04   2.7463064e-03  -1.0884278e-03
   1.0774205e-03  -8.8714113e-04   6.1606515e-03  -1.9141311e-03
   1.8832917e-03  -7.0362804e-04   7.5211425e-03  -1.7489904e-03
   2.3218356e-03  -3.7405352e-04   6.2206181e-03  -1.5162922e-03
   2.2093884e-03  -1.6057912e-04   2.7875334e-03  -8.7074234e-04
   1.4072655e-03  -2.2424692e-04   2.8062730e-03  -6.2303133e-04
   1.4372514e-03  -4.0026968e-04   5.9695082e-03  -1.5575774e-03
   1.5160576e-04  -5.5007628e-04   6.2730888e-03  -2.1280633e-03
  -1.0965575e-03  -6.9613771e-04   5.6321963e-03  -1.8578331e-03
   2.4156347e-04  -7.3733453e-04   5.7671211e-03  -1.8503268e-03
   2.1006895e-03  -2.6918890e-04   6.5991569e-03  -2.3232296e-03
   2.1344237e-03   1.1698475e-05   6.2618451e-03  -2.4057999e-03
   5.3017780e-04  -2.3922758e-04   3.6570483e-03  -1.9967014e-03
  -8.2293612e-04  -4.0026968e-04   2.0566912e-03  -1.5951094e-03
  -3.6939932e-04  -7.2609903e-04   1.6481691e-03  -1.9704291e-03
   7.6641002e-05  -8.0849266e-04  -8.2170296e-04  -2.2819444e-03
  -5.1183236e-04  -5.4633111e-04  -4.4571747e-03  -1.4262155e-03
   1.7034695e-04  -6.3621507e-04  -5.4953455e-03  -1.2911004e-03
   3.7275180e-04  -5.9127309e-04  -5.5328246e-03  -1.7977820e-03
  -1.4563883e-03  -8.7216047e-04  -6.6122224e-03  -1.6926925e-03
  -2.5321326e-03  -1.0406929e-03  -7.4030312e-03  -1.8503268e-03
  -2.3522172e-03  -8.9837662e-04  -7.1444254e-03  -2.0755186e-03
  -1.9698969e-03  -1.0032412e-03  -5.5815474e-03  -2.4470851e-03
  -1.4976190e-03  -7.3733453e-04  -4.6220827e-03  -2.6122257e-03
  -1.2239976e-03  -5.8003760e-04  -4.5471245e-03  -2.4320723e-03
  -1.0365857e-03  -8.6467014e-04  -3.6813575e-03  -2.4921234e-03
  -1.0965575e-03  -1.0818897e-03  -2.9392715e-03  -2.5671874e-03
  -1.0328374e-03  -9.9949608e-04  -2.5344974e-03  -2.5071362e-03
  -4.6310527e-04  -1.0069864e-03  -3.0179776e-03  -2.1693485e-03
   5.7899812e-05  -1.1043607e-03  -3.9886861e-03  -2.0454930e-03
   8.1129565e-04  -1.0631639e-03  -3.5764161e-03  -1.7302244e-03
   7.1009322e-04  -9.7702509e-04  -3.3103145e-03  -1.7940288e-03
  -6.2427950e-04  -9.9575091e-04  -3.8312739e-03  -1.8991183e-03
  -7.4047488e-04  -1.0257122e-03  -2.7931031e-03  -1.5838498e-03
  -4.3302614e-05  -9.2084761e-04  -1.0503254e-03  -2.3119700e-03
   2.4905995e-04  -9.9200575e-04  -2.4827288e-04  -2.4958766e-03
   7.2892764e-05  -9.6953476e-04   2.5019902e-04  -2.1580889e-03
  -3.8439227e-04  -8.8339596e-04   8.5736028e-04  -2.3532552e-03
   3.6150709e-04  -6.5868606e-04   2.1691284e-03  -2.5071362e-03
   6.9884851e-04  -3.5532770e-04   2.8362562e-03  -2.6347449e-03
   2.0033286e-04  -6.0625375e-04   2.6001380e-03  -2.2669316e-03
   2.9029057e-04  -8.0100233e-04   3.0948619e-03  -2.1092973e-03
   7.7006503e-04  -6.4745057e-04   3.3946947e-03  -2.1168037e-03
   1.7071245e-03  -7.3733453e-04   3.1923076e-03  -1.7752628e-03
   1.9320188e-03  -9.3208311e-04   3.1510806e-03  -1.7564968e-03
   1.6284115e-03  -7.7104101e-04   2.8624916e-03  -1.5838498e-03
   1.4409996e-03  -7.2984420e-04   2.6788440e-03  -1.5350582e-03
   1.2535877e-03  -8.6092497e-04   2.4764570e-03  -1.8728459e-03
   1.1074065e-03  -7.5231519e-04   1.5357318e-03  -1.5876030e-03
   5.2268132e-04  -8.0100233e-04   1.2171595e-03  -1.6814329e-03
  -2.0719960e-06  -8.7216047e-04   1.8917832e-03  -2.2519188e-03
  -4.3686760e-04  -6.3996024e-04   1.8393124e-03  -2.3907871e-03
  -1.9698037e-04  -4.7142781e-04   9.1357891e-04  -2.4020467e-03
   5.6766018e-04  -4.6393748e-04   2.2771156e-04  -2.0680122e-03
   1.2911633e-04  -4.7517298e-04  -3.0074361e-04  -2.2181401e-03
  -3.5815461e-04  -6.2497958e-04  -9.8661095e-04  -2.3945403e-03
  -2.4945570e-04  -6.9988288e-04  -1.9235882e-03  -2.0942846e-03
  -3.9554376e-05  -7.2235387e-04  -2.8568175e-03  -1.9967014e-03
  -1.1077090e-04  -6.5119573e-04  -3.6138952e-03  -1.7339776e-03
  -3.8064403e-04  -5.3135045e-04  -3.5351891e-03  -1.7414840e-03
   5.5266723e-04  -6.6992156e-04  -2.1297232e-03  -2.0267270e-03
   8.3753332e-04  -6.3246991e-04  -2.6394388e-03  -2.0567526e-03
  -3.2442046e-04  -6.7741189e-04  -3.9886861e-03  -1.7564968e-03
  -6.8425131e-04  -8.2721849e-04  -3.2203647e-03  -1.9591695e-03
  -5.9804184e-04  -8.3470882e-04  -2.4258080e-03  -2.4921234e-03
  -1.1565293e-03  -7.5606035e-04  -2.5607327e-03  -2.3795275e-03
  -1.2802212e-03  -9.7327992e-04  -3.3178103e-03  -2.2894508e-03
  -4.8184646e-04  -1.2354415e-03  -2.8905487e-03  -2.3307360e-03
  -3.6939932e-04  -7.4107969e-04  -1.6087638e-03  -2.3795275e-03
  -5.0058765e-04  -7.4482486e-04  -1.8373863e-03  -2.3307360e-03
   1.4785752e-04  -8.6467014e-04  -1.8411342e-03  -2.1693485e-03
   3.1278000e-04  -7.3733453e-04  -1.5000745e-03  -2.2293996e-03
   1.4410929e-04  -8.5717981e-04  -1.6537388e-03  -2.0154674e-03
   9.1633954e-05  -6.8864738e-04  -1.3951330e-03  -1.9666759e-03
   2.7154938e-04  -8.0849266e-04  -1.5150661e-03  -2.1130505e-03
   7.2883441e-04  -7.9725717e-04  -8.7792159e-04  -1.9967014e-03
   2.0408109e-04  -7.9725717e-04  -1.5457515e-04  -2.0567526e-03
  -9.5777946e-05  -7.8976684e-04  -3.4197060e-04  -1.9591695e-03
   3.3152119e-04  -4.9389880e-04   4.6757774e-04  -2.0042078e-03
   4.2897537e-04  -5.5382144e-04   1.0222683e-03  -2.1092973e-03
   2.9029057e-04  -4.3772133e-04   1.3333447e-03  -1.9366503e-03
  -4.7050852e-05  -5.5382144e-04   1.6106900e-03  -1.9591695e-03
   7.2892764e-05  -6.5868606e-04   1.3146052e-03  -1.9816886e-03
   5.3017780e-04  -4.7517298e-04   1.5057485e-03  -2.0942846e-03
   1.1149029e-03  -5.5007628e-04   1.5357318e-03  -1.9328971e-03
   9.3873574e-04  -5.0513430e-04   1.1159660e-03  -1.5725902e-03
   3.8024828e-04  -7.1486354e-04   1.0672432e-03  -1.6326413e-03
   6.8760380e-04  -7.6729585e-04   1.2696303e-03  -1.6326413e-03
   8.9000865e-04  -6.4370540e-04   1.0110245e-03  -1.6326413e-03
   7.4007913e-04  -7.4482486e-04   6.4372946e-04  -1.5951094e-03
