  -3.7314756e-04  -1.0069864e-03  -7.9616974e-05  -2.1393229e-03
  -2.5695218e-04  -8.6467014e-04  -2.5951661e-04  -2.1618421e-03
  -2.1572156e-04  -1.0144767e-03  -2.4077706e-04  -1.9967014e-03
  -2.0072861e-04  -1.0444381e-03  -2.7825615e-04  -1.9441567e-03
  -2.7194513e-04  -9.9200575e-04  -1.2833979e-04  -2.2293996e-03
  -2.9818280e-04  -1.2691480e-03  -9.8356519e-05  -1.9741823e-03
  -4.5560879e-04  -1.0144767e-03  -1.3583561e-04  -1.9178843e-03
  -4.2187465e-04  -8.0474750e-04  -1.3958352e-04  -2.2293996e-03
  -3.8814051e-04  -8.9463146e-04  -3.1198733e-04  -2.0342334e-03
  -4.4061584e-04  -1.1118510e-03  -3.6820597e-04  -2.0192206e-03
  -1.9698037e-04  -9.8077025e-04  -3.7570179e-04  -2.0454930e-03
  -8.4533232e-05  -9.5080893e-04  -4.0568506e-04  -1.9891950e-03
  -4.3302614e-05  -1.1567930e-03  -3.1198733e-04  -1.9441567e-03
  -3.0193104e-04  -7.5606035e-04  -3.3447479e-04  -1.9929482e-03
  -3.5815461e-04  -8.3096365e-04  -2.7825615e-04  -2.2669316e-03
  -1.4825328e-04  -9.2459278e-04  -4.6190369e-04  -2.0454930e-03
  -4.5560879e-04  -9.6204443e-04  -4.6565160e-04  -2.0192206e-03
  -4.2187465e-04  -1.1380672e-03  -4.5885793e-05  -1.9891950e-03
  -3.3566518e-04  -9.4706377e-04  -2.2953333e-04  -1.9216375e-03
  -3.1692399e-04  -9.6204443e-04  -1.6956679e-04  -2.0492462e-03
  -1.4075680e-04  -8.8339596e-04  -5.7129520e-05  -1.8428204e-03
  -3.5440637e-04  -8.1598299e-04  -3.4571851e-04  -1.8728459e-03
  -1.4825328e-04  -8.4968948e-04  -7.5869065e-05  -1.8503268e-03
   3.1662146e-05  -9.0961212e-04  -1.6207097e-04  -1.9328971e-03
  -1.2951209e-04  -7.8976684e-04  -2.1079379e-04  -2.0154674e-03
  -1.7064948e-05  -7.5231519e-04   5.1559841e-05  -1.9328971e-03
  -2.1572156e-04  -9.8451542e-04  -2.0704588e-04  -1.9929482e-03
  -4.6685351e-04  -8.3845398e-04   7.4047295e-05  -1.9666759e-03
  -3.4316165e-04  -8.5343464e-04   2.5769484e-04  -2.0342334e-03
  -3.0193104e-04  -8.7965080e-04  -4.9633702e-05  -2.1505825e-03
  -1.6324623e-04  -8.2347332e-04  -7.9616974e-05  -2.0830250e-03
   1.1412338e-04  -7.7478618e-04  -1.6581888e-04  -2.0154674e-03
   6.1648050e-05  -5.8378276e-04  -2.1828961e-04  -1.9554163e-03
  -3.5806138e-05  -9.1710245e-04  -3.7944969e-04  -1.9704291e-03
  -2.9068632e-04  -1.0631639e-03  -7.5869065e-05  -2.0717654e-03
  -4.2562289e-04  -8.0474750e-04   1.1152638e-04  -1.7977820e-03
  -2.7944161e-04  -8.9088629e-04  -2.5576870e-04  -2.1731017e-03
  -2.0072861e-04  -9.6204443e-04  -9.4608610e-05  -2.2594252e-03
  -3.2057900e-05  -9.9200575e-04  -2.7076033e-04  -1.8390672e-03
  -5.8295566e-05  -7.9725717e-04  -4.0943297e-04  -2.1843613e-03
   1.2920956e-05  -6.3996024e-04  -1.9955006e-04  -2.1580889e-03
  -1.3700856e-04  -9.8077025e-04  -2.8575197e-04  -2.2781912e-03
  -2.5320394e-04  -7.2235387e-04   4.7811932e-05  -2.3344892e-03
   7.6641002e-05  -6.5119573e-04  -8.4067030e-06  -2.3870339e-03
  -2.2321804e-04  -9.5455410e-04  -2.1079379e-04  -2.5746938e-03
  -3.8439227e-04  -7.0362804e-04  -9.1088500e-07  -2.2218933e-03
   6.5396288e-05  -1.0182219e-03  -2.6326452e-04  -2.2293996e-03
  -6.9540280e-05  -9.5455410e-04  -1.2084397e-04  -2.3495020e-03
  -1.4825328e-04  -7.5606035e-04  -2.3328124e-04  -2.4208127e-03
   3.5410384e-05  -1.0594187e-03  -2.1079379e-04  -2.2068805e-03
  -9.5777946e-05  -6.7366672e-04   1.5650129e-04  -2.1806081e-03
  -8.8281470e-05  -7.5980552e-04  -2.4827288e-04  -2.5521746e-03
  -1.2576385e-04  -1.1043607e-03  -1.9650430e-05  -2.3645147e-03
  -1.1451914e-04  -8.9088629e-04   2.1576569e-05  -2.3870339e-03
  -7.7036756e-05  -7.6355068e-04  -2.1454170e-04  -2.3457488e-03
  -1.7823918e-04  -8.9463146e-04   2.9072387e-05  -2.3757743e-03
  -9.5684720e-06  -8.6092497e-04  -1.4707934e-04  -2.3907871e-03
   1.6659871e-04  -5.4258595e-04  -2.2203752e-04  -1.9103779e-03
  -9.9526184e-05  -6.8490222e-04   7.0299386e-05  -2.2256465e-03
  -8.8281470e-05  -7.1860870e-04   8.9038931e-05  -2.2631784e-03
   9.9130430e-05  -6.7366672e-04   2.9072387e-05  -1.9516631e-03
   1.2911633e-04  -8.8339596e-04  -7.2121156e-05  -1.9479099e-03
   1.7034695e-04  -1.0406929e-03  -2.0704588e-04  -1.8728459e-03
   5.0403336e-05  -1.1118510e-03  -6.0877429e-05  -1.9891950e-03
   1.1037514e-04  -5.1262463e-04  -1.7331470e-04  -1.8240544e-03
  -1.5949799e-04  -4.3772133e-04  -9.0860701e-05  -1.9704291e-03
  -1.8948390e-04  -6.8864738e-04   3.6568205e-05  -2.0680122e-03
  -1.6699447e-04  -7.3358936e-04  -2.2203752e-04  -1.8653395e-03
  -3.2067223e-04  -8.4219915e-04  -1.9955006e-04  -2.1130505e-03
   1.2161986e-04  -5.5007628e-04  -2.0329797e-04  -2.2556720e-03
   4.2906860e-05  -7.0737321e-04  -3.4197060e-04  -2.1993741e-03
   1.6669194e-05  -6.2123441e-04  -3.3822270e-04  -1.9779355e-03
   2.3031876e-04  -7.7853134e-04   2.9072387e-05  -1.8578331e-03
   2.4156347e-04  -9.2833794e-04  -6.0877429e-05  -2.0417398e-03
  -5.0799090e-05  -4.0401484e-04  -3.1948315e-04  -1.9967014e-03
  -5.5306298e-04  -7.8227651e-04   1.1527429e-04  -1.8615863e-03
  -5.0433589e-04  -8.6467014e-04   5.9055659e-05  -1.9516631e-03
  -2.6070042e-04  -8.0100233e-04  -4.6587940e-06  -1.9967014e-03
   9.1633954e-05  -1.1155962e-03  -1.0960025e-04  -2.1243101e-03
  -4.3302614e-05  -7.5231519e-04  -3.9818924e-04  -2.1092973e-03
  -2.1572156e-04  -7.0362804e-04  -5.3381611e-05  -1.9629227e-03
   6.9144526e-05  -1.0257122e-03  -6.4625338e-05  -2.0567526e-03
  -1.4450504e-04  -8.9837662e-04  -2.8200406e-04  -2.0717654e-03
  -3.2816870e-04  -8.9463146e-04  -2.8949988e-04  -2.0454930e-03
  -2.0072861e-04  -1.1155962e-03  -2.2953333e-04  -2.0004546e-03
  -3.2442046e-04  -9.4706377e-04  -1.6581888e-04  -2.1543357e-03
  -4.9309117e-04  -9.6204443e-04  -2.3328124e-04  -2.2068805e-03
  -2.8318985e-04  -1.0631639e-03  -1.8830634e-04  -2.0529994e-03
  -2.3446275e-04  -9.5829926e-04  -6.4625338e-05  -2.1430761e-03
  -3.1317575e-04  -9.5080893e-04  -5.3381611e-05  -2.0755186e-03
  -2.4945570e-04  -7.5980552e-04  -2.5576870e-04  -2.0792718e-03
  -2.9818280e-04  -9.9200575e-04  -2.8949988e-04  -2.2444124e-03
  -3.4690989e-04  -9.9575091e-04  -2.1454170e-04  -2.1355697e-03
  -6.0928655e-04  -8.4968948e-04  -3.0074361e-04  -1.9441567e-03
  -2.7569337e-04  -9.2833794e-04  -1.5457515e-04  -2.0192206e-03
  -3.9554376e-05  -7.1486354e-04  -1.9580215e-04  -2.0905314e-03
  -4.2937113e-04  -1.1343220e-03  -1.9955006e-04  -2.0042078e-03
  -2.7944161e-04  -9.4331860e-04  -1.9650430e-05  -1.9178843e-03
  -2.5695218e-04  -6.7366672e-04  -3.1198733e-04  -1.9404035e-03
  -2.7194513e-04  -9.9949608e-04  -1.9580215e-04  -2.1243101e-03
  -3.6190284e-04  -7.7853134e-04  -1.6207097e-04  -1.9516631e-03
  -3.2816870e-04  -1.0182219e-03  -2.3702915e-04  -1.7264713e-03
  -2.0072861e-04  -9.2084761e-04   5.9055659e-05  -1.9216375e-03
  -2.2321804e-04  -6.3621507e-04  -1.6207097e-04  -1.9591695e-03
   4.2906860e-05  -9.3208311e-04  -1.5457515e-04  -1.8653395e-03
  -1.7449094e-04  -8.0474750e-04  -2.0329797e-04  -1.8878587e-03
  -6.9540280e-05  -6.9988288e-04  -4.7314742e-04  -1.9441567e-03
  -1.3700856e-04  -8.1972816e-04  -1.8081052e-04  -1.8728459e-03
  -3.8064403e-04  -9.8077025e-04  -4.9633702e-05  -1.8803523e-03
   2.7913908e-05  -9.5829926e-04  -1.1334816e-04  -2.0680122e-03
  -4.3302614e-05  -6.8490222e-04   1.1527429e-04  -1.9891950e-03
  -3.7689580e-04  -7.2609903e-04   1.1527429e-04  -1.9441567e-03
  -5.3432179e-04  -8.8339596e-04   4.0316114e-05  -1.8991183e-03
  -2.7944161e-04  -7.7104101e-04   1.0403057e-04  -1.9404035e-03
  -1.4450504e-04  -7.4482486e-04  -2.6701242e-04  -1.9178843e-03
  -1.1826737e-04  -8.9463146e-04  -4.7314742e-04  -1.9929482e-03
   9.1633954e-05  -8.0474750e-04  -1.0585234e-04  -2.3007104e-03
  -8.8281470e-05  -7.3358936e-04  -1.8081052e-04  -1.9216375e-03
  -1.4450504e-04  -7.2984420e-04  -2.6701242e-04  -1.8728459e-03
  -1.3700856e-04  -9.0586695e-04   1.1527429e-04  -2.1393229e-03
  -2.3446275e-04  -1.0594187e-03  -8.3364883e-05  -2.1655953e-03
  -6.5792042e-05  -6.4370540e-04  -2.0704588e-04  -2.1693485e-03
  -6.9540280e-05  -8.4968948e-04  -1.9205424e-04  -2.1618421e-03
  -1.5949799e-04  -9.4706377e-04  -2.8949988e-04  -2.3532552e-03
  -2.4945570e-04  -7.4107969e-04   8.5291022e-05  -2.1168037e-03
  -2.1572156e-04  -1.0594187e-03  -6.4625338e-05  -2.1693485e-03
  -1.1451914e-04  -7.9725717e-04  -4.6939951e-04  -2.3720211e-03
  -2.7569337e-04  -8.7590563e-04  -3.3822270e-04  -2.0867782e-03
  -2.3446275e-04  -1.0594187e-03  -7.2121156e-05  -2.3119700e-03
  -1.2951209e-04  -6.8115705e-04   1.4080751e-05  -2.2932040e-03
  -1.1826737e-04  -6.8864738e-04  -7.2121156e-05  -2.2106337e-03
  -2.7194513e-04  -7.5231519e-04  -9.0860701e-05  -2.2519188e-03
  -1.7449094e-04  -7.0362804e-04  -1.6956679e-04  -2.1580889e-03
  -1.0702266e-04  -8.4968948e-04  -2.5202079e-04  -2.4208127e-03
  -3.0942751e-04  -8.6467014e-04  -1.2459188e-04  -2.2894508e-03
  -9.2029708e-05  -6.9988288e-04   2.8370240e-06  -2.5183958e-03
  -2.0072861e-04  -9.6578959e-04  -1.6207097e-04  -2.4808638e-03
  -2.7569337e-04  -9.9575091e-04  -1.5832306e-04  -2.1130505e-03
  -2.0822509e-04  -8.2721849e-04   9.2786840e-05  -2.4696043e-03
  -7.7036756e-05  -8.1598299e-04   1.2651802e-04  -2.2031273e-03
   4.2906860e-05  -7.4857002e-04   4.7811932e-05  -2.0304802e-03
  -6.9540280e-05  -7.7104101e-04   1.0332842e-05  -2.1993741e-03
   2.7913908e-05  -6.1374408e-04   1.4900547e-04  -1.8728459e-03
  -2.6070042e-04  -8.3470882e-04   7.4047295e-05  -1.8052884e-03
  -1.8573566e-04  -6.8864738e-04  -1.0585234e-04  -1.9741823e-03
  -3.9554376e-05  -5.2760529e-04   1.2277011e-04  -2.0379866e-03
  -2.7194513e-04  -8.5343464e-04   1.2277011e-04  -2.0905314e-03
  -6.5792042e-05  -5.0513430e-04  -1.8081052e-04  -1.9366503e-03
   7.6641002e-05  -5.7254727e-04  -1.8455843e-04  -1.8615863e-03
  -9.2029708e-05  -8.5343464e-04   3.6568205e-05  -2.1505825e-03
  -4.7050852e-05  -6.3621507e-04  -7.9616974e-05  -2.1618421e-03
  -1.7064948e-05  -5.2760529e-04  -6.4625338e-05  -1.9741823e-03
  -2.9068632e-04  -6.9613771e-04   1.7149293e-04  -2.0042078e-03
   1.6669194e-05  -7.1860870e-04  -1.8830634e-04  -1.6814329e-03
  -5.8202340e-06  -6.3996024e-04  -3.2323106e-04  -1.7640032e-03
  -6.5792042e-05  -8.6092497e-04  -3.0894157e-05  -2.1243101e-03
   1.3286457e-04  -7.8227651e-04  -1.0960025e-04  -1.7940288e-03
  -2.6070042e-04  -7.7853134e-04  -3.6445806e-04  -2.1806081e-03
  -9.9526184e-05  -7.8976684e-04  -5.3381611e-05  -2.3194764e-03
  -1.8948390e-04  -6.8490222e-04  -7.2121156e-05  -1.6626669e-03
  -3.0193104e-04  -8.5343464e-04  -1.7706261e-04  -2.0229738e-03
  -1.1826737e-04  -8.5343464e-04  -1.6207097e-04  -2.2631784e-03
  -1.2951209e-04  -8.6092497e-04  -2.0329797e-04  -1.9366503e-03
   1.0287867e-04  -7.7104101e-04  -1.5902521e-05  -1.8615863e-03
  -1.4075680e-04  -8.2721849e-04  -3.6445806e-04  -1.8165480e-03
  -1.9698037e-04  -1.1118510e-03   2.8370240e-06  -2.2444124e-03
  -4.1437818e-04  -1.0406929e-03  -8.8541741e-04  -2.3194764e-03
  -3.9563699e-04  -1.0069864e-03  -3.3072688e-04  -1.8991183e-03
  -3.2057900e-05  -1.0294574e-03  -9.0860701e-05  -2.0905314e-03
  -3.0567927e-04  -1.0069864e-03  -1.4888308e-03  -1.9028715e-03
  -5.8202340e-06  -9.9949608e-04   1.6406733e-03  -1.3286324e-03
  -6.9540280e-05  -8.9088629e-04   4.4366134e-03  -1.4637475e-03
  -5.4556651e-04  -8.4219915e-04   7.3899657e-03  -1.6138753e-03
  -1.1040540e-03  -8.1598299e-04   1.0575688e-02  -1.2423088e-03
  -1.4338989e-03  -9.2084761e-04   1.1583876e-02  -1.2047769e-03
  -1.3514377e-03  -1.1642833e-03   1.2071104e-02  -1.5613306e-03
  -2.0298688e-03  -1.1567930e-03   1.1179102e-02  -1.6476541e-03
  -2.3109866e-03  -1.0069864e-03   8.9116167e-03  -1.5800966e-03
  -2.1535606e-03  -9.8451542e-04   6.5054591e-03  -1.6138753e-03
  -2.0411135e-03  -8.1972816e-04   5.2798929e-03  -1.4599943e-03
  -2.4684126e-03  -6.9988288e-04   4.4216217e-03  -1.2160365e-03
  -2.2772525e-03  -9.5080893e-04   4.8226480e-03  -1.4074495e-03
  -5.6055946e-04  -9.3957344e-04   3.9756206e-03  -1.4112027e-03
  -1.1452846e-03  -7.5231519e-04  -2.5576870e-04  -1.0734150e-03
  -3.4204651e-03  -7.9725717e-04  -4.3185021e-03  -1.0884278e-03
  -3.1880743e-03  -7.2984420e-04  -7.0282403e-03  -1.9366503e-03
  -3.4579474e-03  -9.4331860e-04  -1.0243946e-02  -2.8749495e-03
  -4.8148096e-03  -1.1792640e-03  -1.6559173e-02  -3.0551030e-03
  -3.4017239e-03  -1.3065996e-03  -2.6048878e-02  -3.5355122e-03
  -1.7749886e-03  -1.1567930e-03  -3.4736531e-02  -4.0271810e-03
  -1.6400520e-03  -9.8826058e-04  -3.9215283e-02  -3.7644572e-03
  -1.4301507e-03  -1.1830092e-03  -3.6962789e-02  -3.1076477e-03
   8.8626041e-04  -5.9501826e-04  -2.8260145e-02  -2.8787027e-03
   2.6591770e-03  -8.1598299e-04  -1.8995314e-02  -2.5033830e-03
   3.9410744e-03  -9.5829926e-04  -1.0236450e-02  -1.6889393e-03
   5.9126476e-03  -6.3996024e-04  -9.1914859e-04  -1.5275518e-03
   5.5902991e-03  -1.3665222e-03   8.4918509e-03  -1.8240544e-03
   5.0580493e-03  -1.1979898e-03   1.7528060e-02  -2.5259022e-03
   3.2926292e-03  -1.0519284e-03   2.1984323e-02  -2.6872897e-03
   4.7694350e-03  -8.1598299e-04   2.4405473e-02  -2.8224048e-03
   5.7289839e-03  -3.9277935e-04   2.2996259e-02  -2.5409150e-03
   3.8960955e-03  -4.0401484e-04   1.8858567e-02  -2.0717654e-03
   5.1480070e-03  -1.4185329e-04   1.7318177e-02  -2.2706848e-03
   4.5896128e-04  -3.1413088e-04   1.1969910e-02  -6.7932929e-04
   1.3960208e-03  -6.6617639e-04   1.3255443e-02  -1.2047769e-03
   6.6810364e-03  -1.0818897e-03   1.5890223e-02  -3.1264137e-03
   1.3173078e-03  -6.8864738e-04   7.4424364e-03  -1.3511516e-03
  -2.4195923e-04  -1.9054044e-04   6.2543492e-03  -9.8709144e-04
   3.5887400e-03  -3.7030836e-04   1.0287099e-02  -2.8599367e-03
   4.3871147e-03  -9.3166145e-05   8.7279692e-03  -3.3403460e-03
   3.8399652e-04  -3.3243505e-05   1.5994463e-03  -2.3607615e-03
  -2.9669283e-03  -2.9165989e-04  -3.6288868e-03  -1.7039521e-03
  -1.2015082e-03  -7.5231519e-04  -1.5263098e-03  -3.2840480e-03
  -1.6438002e-03  -8.4219915e-04  -4.9518987e-03  -3.4942270e-03
  -3.0343965e-03  -7.1860870e-04  -1.2485196e-02  -2.1618421e-03
  -3.5029263e-03  -8.3096365e-04  -1.5648431e-02  -1.6814329e-03
  -2.9481871e-03  -5.9876342e-04  -1.2826255e-02  -2.1017910e-03
  -3.7689580e-04  -8.7590563e-04  -8.2800419e-03  -3.3928907e-03
  -3.9938522e-04  -8.0849266e-04  -1.1525731e-02  -2.6910429e-03
  -3.5065813e-04  -3.1038572e-04  -1.4524058e-02  -1.9216375e-03
  -1.4976190e-03  -5.0887946e-04  -1.3088609e-02  -2.0717654e-03
  -4.2713151e-03  -6.9239255e-04  -1.1113461e-02  -2.3269828e-03
  -1.5838284e-03  -1.1717737e-03  -7.8415365e-03  -3.4379291e-03
  -1.1115504e-03  -1.4077191e-03  -1.0311409e-02  -2.6309917e-03
  -4.2713151e-03  -9.8451542e-04  -1.3841939e-02  -1.3549047e-03
  -2.9594318e-03  -9.1335728e-04  -9.9478614e-03  -1.9779355e-03
  -6.5801365e-04  -1.0144767e-03  -5.5703037e-03  -2.3832807e-03
  -1.9698037e-04  -1.0818897e-03  -5.2779668e-03  -1.9591695e-03
  -1.0440822e-03  -1.0893800e-03  -4.7944865e-03  -1.6551605e-03
  -7.1048898e-04  -1.1118510e-03  -1.1327794e-03  -1.6964457e-03
   9.8746284e-04  -1.1567930e-03   4.3579073e-03  -2.5521746e-03
   8.1879213e-04  -1.1155962e-03   5.8795583e-03  -2.1806081e-03
   7.6631679e-04  -1.2279511e-03   5.4335572e-03  -1.5050326e-03
   1.5534468e-03  -1.2466770e-03   9.8223586e-03  -2.4508383e-03
   2.0369695e-03  -1.0332026e-03   1.1179102e-02  -2.3532552e-03
   2.3330803e-03  -6.3621507e-04   1.0804311e-02  -3.0175710e-03
   1.6096703e-03  -7.6355068e-04   8.7242213e-03  -2.2594252e-03
   1.0399382e-03  -1.0706542e-03   5.6546838e-03  -5.3670780e-04
   1.2236018e-03  -8.4968948e-04   8.7317171e-03  -2.0342334e-03
   1.3472937e-03  -9.0212179e-04   7.0076789e-03  -2.0117142e-03
   4.1398242e-04  -8.4219915e-04   3.7807293e-03  -1.7114585e-03
  -7.0299250e-04  -8.2347332e-04   3.4171821e-03  -1.6514073e-03
   2.9778704e-04  -9.4331860e-04   3.5708464e-03  -1.4825134e-03
   1.3622866e-03  -7.5606035e-04   5.4260613e-03  -2.8224048e-03
   1.1523853e-03  -4.7142781e-04   2.5701547e-03  -2.2556720e-03
   2.1907405e-04  -3.9652451e-04   1.1902220e-04  -1.8315608e-03
  -4.4811232e-04  -6.2497958e-04   6.3248574e-04  -2.0492462e-03
  -3.7689580e-04  -6.5119573e-04   3.6638420e-04  -1.9704291e-03
  -9.6536916e-04  -9.2833794e-04  -4.8064324e-04  -2.3157232e-03
  -1.3589342e-03  -7.8227651e-04  -2.8755571e-03  -1.8540799e-03
  -1.0703198e-03  -4.9389880e-04  -2.8193385e-03  -2.0454930e-03
  -8.4917378e-04  -7.7478618e-04  -1.7999072e-03  -2.5334086e-03
  -1.1003057e-03  -6.3996024e-04  -3.4714746e-03  -2.1280633e-03
  -1.2839694e-03  -8.6092497e-04  -4.5133933e-03  -2.0905314e-03
  -1.0290892e-03  -1.0182219e-03  -4.1198629e-03  -2.1393229e-03
  -1.4488919e-03  -8.7590563e-04  -3.3065666e-03  -1.9741823e-03
  -2.0673511e-03  -1.2429318e-03  -3.3702811e-03  -2.1130505e-03
  -1.8499533e-03  -1.1979898e-03  -4.1311066e-03  -1.7902756e-03
  -1.2239976e-03  -1.0369477e-03  -3.5201974e-03  -1.8165480e-03
  -1.1377881e-03  -1.1343220e-03  -2.2046814e-03  -2.2556720e-03
  -1.3664306e-03  -1.1792640e-03  -1.5712848e-03  -2.0567526e-03
  -1.0740681e-03  -1.2242060e-03  -1.7886635e-03  -2.2218933e-03
  -7.1423722e-04  -1.0706542e-03  -1.9947985e-03  -2.0492462e-03
  -3.3566518e-04  -1.2354415e-03  -1.1627627e-03  -1.7564968e-03
  -5.2682532e-04  -1.2092253e-03  -1.5832306e-04  -2.0642590e-03
  -9.6536916e-04  -8.4968948e-04   1.1902220e-04  -1.8916119e-03
  -3.0567927e-04  -1.1380672e-03   3.9261956e-04  -1.8953651e-03
  -1.7064948e-05  -9.6578959e-04   1.1684367e-03  -1.9591695e-03
  -1.5200152e-04  -9.2084761e-04   1.7793459e-03  -1.8315608e-03
  -6.5792042e-05  -1.2279511e-03   2.1316493e-03  -1.8765991e-03
   3.6900357e-04  -8.6841530e-04   2.4014988e-03  -1.6589137e-03
   9.4248398e-04  -9.8077025e-04   2.5101881e-03  -1.8315608e-03
   9.1727180e-06  -9.6578959e-04   2.0491953e-03  -2.0867782e-03
  -6.4676893e-04  -8.0100233e-04   1.7943375e-03  -1.9554163e-03
  -9.2029708e-05  -9.1710245e-04   2.6338691e-03  -2.0942846e-03
  -3.2057900e-05  -9.3208311e-04   2.8887270e-03  -2.0717654e-03
  -3.6190284e-04  -8.6092497e-04   2.7163231e-03  -1.8465736e-03
  -4.1437818e-04  -7.2235387e-04   2.8287604e-03  -1.8728459e-03
  -1.7823918e-04  -1.0406929e-03   2.7275669e-03  -2.0680122e-03
  -2.1572156e-04  -9.9575091e-04   2.4839528e-03  -2.1806081e-03
  -4.8934294e-04  -8.3845398e-04   1.8055813e-03  -2.0042078e-03
  -7.8545374e-04  -9.4706377e-04   1.4645215e-03  -2.0567526e-03
  -6.7675484e-04  -9.0212179e-04   1.5619672e-03  -2.0379866e-03
  -6.7300660e-04  -1.0107316e-03   9.6230173e-04  -1.8765991e-03
  -7.7795726e-04  -9.4331860e-04   1.6024920e-04  -1.8991183e-03
  -4.0688170e-04  -7.4482486e-04  -2.8200406e-04  -1.7902756e-03
  -2.6819689e-04  -6.6243123e-04  -4.3566833e-04  -2.0042078e-03
  -3.9563699e-04  -7.6355068e-04  -6.2306378e-04  -2.1543357e-03
  -6.6925836e-04  -6.5868606e-04  -1.2264771e-03  -1.9441567e-03
  -8.1169140e-04  -5.4258595e-04  -1.4738391e-03  -1.9291439e-03
  -8.9790088e-04  -7.0362804e-04  -1.0803087e-03  -2.2068805e-03
  -1.0253410e-03  -9.0961212e-04  -8.4793832e-04  -2.2519188e-03
  -1.0178445e-03  -8.7216047e-04  -1.0540733e-03  -2.0830250e-03
  -5.7180417e-04  -5.2386012e-04  -1.2227292e-03  -2.1168037e-03
  -3.8439227e-04  -7.3733453e-04  -9.6412350e-04  -2.1580889e-03
  -4.8559470e-04  -8.4968948e-04  -4.6939951e-04  -2.2744380e-03
  -4.4436408e-04  -7.3358936e-04  -1.5457515e-04  -2.1017910e-03
  -8.4917378e-04  -1.0294574e-03  -1.0960025e-04  -2.0680122e-03
  -6.3927246e-04  -9.4706377e-04   6.9994810e-04  -2.1318165e-03
  -1.5949799e-04  -7.7853134e-04   9.7354545e-04  -2.0567526e-03
  -9.5777946e-05  -9.9949608e-04   3.9261956e-04  -2.1055441e-03
  -3.5806138e-05  -1.0818897e-03   9.0608309e-04  -2.0642590e-03
  -2.9068632e-04  -1.0332026e-03   1.5807067e-03  -2.2932040e-03
  -6.9924426e-04  -8.1972816e-04   2.0454474e-03  -2.1806081e-03
  -5.2682532e-04  -7.7104101e-04   2.0154642e-03  -2.1393229e-03
  -2.6444866e-04  -8.5717981e-04   1.3783196e-03  -2.1055441e-03
   2.7913908e-05  -9.3208311e-04   1.5207402e-03  -1.8315608e-03
   3.6525533e-04  -9.9200575e-04   1.7980854e-03  -2.0379866e-03
   2.6780114e-04  -3.2162121e-04   1.1646888e-03  -1.8578331e-03
   3.9898947e-04  -5.9501826e-04   8.4236864e-04  -1.8803523e-03
   1.6762420e-06  -1.1904995e-03   1.0784869e-03  -2.0342334e-03
  -5.9804184e-04  -6.8115705e-04   1.0222683e-03  -1.9066247e-03
  -4.6310527e-04  -7.6729585e-04   1.0634953e-03  -2.2894508e-03
   5.1143661e-04  -8.8714113e-04   7.9739373e-04  -2.2481656e-03
   8.7126746e-04  -7.5980552e-04   3.1016556e-04  -1.9028715e-03
  -3.1317575e-04  -7.5980552e-04   4.0011538e-04  -2.1393229e-03
  -1.0028515e-03  -9.1710245e-04   5.8751083e-04  -2.3119700e-03
  -9.2413854e-04  -1.0107316e-03   4.4883819e-04  -2.2293996e-03
  -1.4450504e-04  -7.4482486e-04  -2.0329797e-04  -2.1618421e-03
   3.4276590e-04  -9.3957344e-04  -7.9546759e-04  -2.1505825e-03
  -9.5684720e-06  -8.2347332e-04  -6.2681169e-04  -2.0267270e-03
  -6.5792042e-05  -5.3884078e-04  -5.8558469e-04  -1.7114585e-03
  -1.5949799e-04  -7.8976684e-04  -9.1165277e-04  -1.9253907e-03
  -3.9938522e-04  -8.7590563e-04  -9.8286304e-04  -2.2519188e-03
  -9.0164912e-04  -9.7327992e-04  -6.8677823e-04  -2.2519188e-03
  -9.4287973e-04  -9.0212179e-04  -6.3430751e-04  -2.3720211e-03
  -1.9698037e-04  -8.2347332e-04  -8.5543414e-04  -2.1280633e-03
  -6.9540280e-05  -7.8227651e-04  -7.6173641e-04  -2.1168037e-03
  -2.2696628e-04  -5.5007628e-04  -7.5049269e-04  -2.1618421e-03
  -5.1183236e-04  -7.9351200e-04  -5.0687860e-04  -2.1543357e-03
  -6.6925836e-04  -8.4219915e-04  -4.5440787e-04  -2.4508383e-03
  -1.7074271e-04  -7.4107969e-04  -8.3294668e-04  -2.1355697e-03
  -1.3700856e-04  -1.2242060e-03  -4.5440787e-04  -2.0717654e-03
   5.7899812e-05  -9.7702509e-04  -1.5457515e-04  -2.1618421e-03
   6.1648050e-05  -7.0737321e-04  -3.7944969e-04  -2.0004546e-03
  -1.8573566e-04  -1.2167156e-03  -1.5902521e-05  -2.0079610e-03
   1.0662691e-04  -9.4331860e-04   3.1391347e-04  -2.0755186e-03
  -2.1572156e-04  -7.6729585e-04   3.1391347e-04  -2.3419956e-03
  -1.5200152e-04  -1.1118510e-03   3.7762792e-04  -2.1993741e-03
   2.4531171e-04  -1.1455575e-03  -9.1088500e-07  -2.0117142e-03
   1.4410929e-04  -1.0257122e-03   1.6774502e-04  -2.2594252e-03
   5.4244800e-06  -8.6467014e-04   2.1576569e-05  -2.2556720e-03
  -1.2951209e-04  -1.1755188e-03  -5.5185351e-04  -2.0867782e-03
  -1.0702266e-04  -1.2541673e-03  -3.0449151e-04  -2.1393229e-03
  -2.2696628e-04  -1.0444381e-03  -5.7434096e-04  -2.0642590e-03
  -1.4450504e-04  -9.0212179e-04  -7.6548432e-04  -2.1205569e-03
  -6.2043804e-05  -7.2235387e-04  -8.9291323e-04  -2.0154674e-03
  -8.4533232e-05  -7.2984420e-04  -8.8541741e-04  -1.9178843e-03
   2.5655643e-04  -8.2721849e-04  -5.9682842e-04  -2.2819444e-03
   1.6669194e-05  -9.3957344e-04  -9.6787141e-04  -1.9291439e-03
  -2.4945570e-04  -6.1748925e-04  -9.8286304e-04  -1.9441567e-03
  -8.8281470e-05  -6.8490222e-04  -9.7536723e-04  -2.2293996e-03
   9.1633954e-05  -9.2084761e-04  -1.1140399e-03  -2.0192206e-03
   3.0528352e-04  -8.8339596e-04  -1.1365273e-03  -2.2744380e-03
  -2.7944161e-04  -8.9463146e-04  -1.1665106e-03  -2.1205569e-03
  -3.9938522e-04  -7.0362804e-04  -1.0953003e-03  -1.9479099e-03
   1.4036105e-04  -9.4706377e-04  -1.0016026e-03  -2.1092973e-03
   3.0153528e-04  -9.7327992e-04  -1.0878045e-03  -2.0980378e-03
   4.2897537e-04  -8.6092497e-04  -1.3014353e-03  -1.9854418e-03
   2.4905995e-04  -9.2459278e-04  -1.0503254e-03  -1.9779355e-03
  -9.5684720e-06  -7.4482486e-04  -1.0615691e-03  -2.2181401e-03
  -1.7074271e-04  -7.7478618e-04  -8.0296341e-04  -1.9591695e-03
  -2.4945570e-04  -7.8976684e-04  -6.6054287e-04  -1.9141311e-03
  -2.8693808e-04  -7.7853134e-04  -1.2976874e-03  -2.0342334e-03
  -5.8202340e-06  -9.7702509e-04  -1.1702585e-03  -2.1017910e-03
   3.0153528e-04  -1.0144767e-03  -9.9410677e-04  -2.2444124e-03
   2.9778704e-04  -6.7366672e-04  -9.5662768e-04  -2.1543357e-03
   1.9658462e-04  -6.1374408e-04  -6.9802196e-04  -2.1806081e-03
  -5.4547328e-05  -8.7590563e-04  -5.3686187e-04  -2.0454930e-03
   3.5410384e-05  -7.2984420e-04  -3.4571851e-04  -2.1843613e-03
   1.3286457e-04  -8.1223783e-04  -3.0823942e-04  -2.4170595e-03
   1.8533990e-04  -9.7327992e-04  -4.2442460e-04  -2.2669316e-03
   2.8279409e-04  -7.5980552e-04  -3.0449151e-04  -2.2218933e-03
   2.5655643e-04  -8.5343464e-04  -1.5457515e-04  -2.3832807e-03
   5.0394013e-04  -8.3096365e-04  -2.0704588e-04  -2.3419956e-03
   3.1278000e-04  -8.1972816e-04   1.7828660e-05  -2.2406592e-03
  -9.5777946e-05  -1.0182219e-03  -9.8356519e-05  -2.2669316e-03
   2.0033286e-04  -9.5829926e-04  -1.1709606e-04  -2.2744380e-03
   1.5535400e-04  -8.7965080e-04   2.4645111e-04  -2.4395787e-03
   5.4244800e-06  -1.0257122e-03  -1.1334816e-04  -2.4095531e-03
   1.9283638e-04  -9.8826058e-04  -3.9818924e-04  -2.3194764e-03
   8.4137478e-05  -7.2609903e-04  -1.7331470e-04  -2.2331528e-03
   5.7899812e-05  -1.0369477e-03  -1.7331470e-04  -2.2631784e-03
  -1.3700856e-04  -8.5343464e-04  -4.6565160e-04  -2.4883702e-03
   1.2920956e-05  -5.6880210e-04  -5.8933260e-04  -2.2706848e-03
   3.0528352e-04  -1.0893800e-03  -2.7825615e-04  -2.1693485e-03
   1.7409519e-04  -8.9088629e-04  -2.8949988e-04  -2.1280633e-03
   1.8908814e-04  -6.3621507e-04  -5.4060978e-04  -2.0154674e-03
   1.5535400e-04  -5.8752793e-04  -6.4555123e-04  -2.0680122e-03
   2.3781524e-04  -5.9501826e-04  -9.1540068e-04  -2.0492462e-03
  -9.2029708e-05  -8.1223783e-04  -8.9291323e-04  -2.0642590e-03
  -4.0688170e-04  -8.0100233e-04  -6.4555123e-04  -1.7077053e-03
  -1.7074271e-04  -8.7216047e-04  -6.6803869e-04  -1.8428204e-03
   1.3661281e-04  -5.3135045e-04  -9.4538395e-04  -2.1956209e-03
   3.9149299e-04  -4.9389880e-04  -1.0690650e-03  -1.9441567e-03
   9.1633954e-05  -8.5343464e-04  -9.2289650e-04  -2.0680122e-03
   7.6641002e-05  -6.3246991e-04  -8.6667786e-04  -2.0117142e-03
  -1.6699447e-04  -6.3996024e-04  -9.3414023e-04  -2.0417398e-03
  -5.4931474e-04  -8.7216047e-04  -9.1165277e-04  -2.0529994e-03
  -2.4561424e-05  -8.7216047e-04  -7.5049269e-04  -1.8765991e-03
   2.7913908e-05  -8.1223783e-04  -9.2664441e-04  -2.0492462e-03
   1.0662691e-04  -8.1598299e-04  -8.2170296e-04  -2.0605058e-03
   1.8533990e-04  -7.1111837e-04  -5.5185351e-04  -2.1918677e-03
   1.2920956e-05  -6.8864738e-04  -8.0671132e-04  -1.9854418e-03
   1.1412338e-04  -9.0586695e-04  -5.4060978e-04  -1.8052884e-03
  -7.3288518e-05  -9.8826058e-04  -1.8830634e-04  -1.8503268e-03
   1.6669194e-05  -8.8339596e-04  -4.7689533e-04  -1.8127948e-03
   1.1787162e-04  -7.0362804e-04  -3.8319760e-04  -2.0342334e-03
   2.4165670e-05  -7.7853134e-04   1.2277011e-04  -1.8916119e-03
  -4.7050852e-05  -8.6841530e-04   4.4064023e-05  -1.9366503e-03
  -1.9698037e-04  -8.0849266e-04  -2.3398339e-05  -2.2444124e-03
