  -1.7074271e-04  -7.3733453e-04  -8.4067030e-06  -2.0642590e-03
  -3.1317575e-04  -1.1193414e-03  -1.0210443e-04  -2.1168037e-03
  -1.8198742e-04  -1.0743994e-03  -1.8455843e-04  -1.9328971e-03
   9.1727180e-06  -7.2984420e-04  -1.1334816e-04  -2.1543357e-03
  -1.8573566e-04  -8.7590563e-04  -1.9650430e-05  -2.1393229e-03
  -2.3446275e-04  -8.5717981e-04  -3.8389975e-05  -1.9854418e-03
  -1.2951209e-04  -7.2984420e-04  -1.6581888e-04  -2.2969572e-03
  -1.3326033e-04  -7.3733453e-04  -1.3958352e-04  -2.1806081e-03
  -2.4945570e-04  -8.9463146e-04  -7.2121156e-05  -2.0867782e-03
  -2.4570747e-04  -8.5343464e-04   3.6568205e-05  -2.0642590e-03
  -3.5806138e-05  -7.5231519e-04  -1.1709606e-04  -2.2894508e-03
  -1.4825328e-04  -8.9463146e-04  -2.4452497e-04  -2.4733575e-03
  -4.0313346e-04  -7.5231519e-04  -2.4452497e-04  -2.1881145e-03
  -2.6444866e-04  -8.0100233e-04  -3.2697897e-04  -2.3307360e-03
  -1.2201561e-04  -9.6204443e-04  -2.5951661e-04  -2.2781912e-03
  -1.9698037e-04  -7.8976684e-04  -4.6190369e-04  -2.1355697e-03
  -3.7314756e-04  -8.3470882e-04  -2.8200406e-04  -2.2481656e-03
  -1.2201561e-04  -7.7478618e-04   1.4080751e-05  -2.1768549e-03
  -1.1826737e-04  -8.0474750e-04  -2.7825615e-04  -2.2481656e-03
  -3.1317575e-04  -8.4594431e-04  -2.7076033e-04  -2.3982935e-03
  -1.9323213e-04  -9.6204443e-04  -4.2137884e-05  -2.4057999e-03
  -2.0822509e-04  -1.0893800e-03   7.7795204e-05  -2.1993741e-03
  -2.1572156e-04  -7.2235387e-04  -1.1334816e-04  -2.1318165e-03
  -2.9443456e-04  -8.1972816e-04  -4.6190369e-04  -2.3982935e-03
  -1.7064948e-05  -1.1830092e-03  -4.3192042e-04  -2.3757743e-03
  -9.5777946e-05  -1.0332026e-03  -5.3381611e-05  -2.0792718e-03
  -1.1451914e-04  -8.3096365e-04   3.2820296e-05  -2.1055441e-03
   1.3661281e-04  -9.9575091e-04  -8.7112792e-05  -2.0680122e-03
  -1.8198742e-04  -7.3358936e-04  -5.7129520e-05  -1.9516631e-03
   8.4137478e-05  -6.9239255e-04  -6.0877429e-05  -1.9441567e-03
  -2.0813186e-05  -1.1305768e-03  -5.3381611e-05  -1.7264713e-03
  -3.3941342e-04  -7.7853134e-04  -1.5082725e-04  -1.8728459e-03
   8.0389240e-05  -6.3996024e-04  -4.5885793e-05  -1.9929482e-03
  -8.0784994e-05  -8.3845398e-04  -2.7146248e-05  -1.8315608e-03
  -3.1317575e-04  -9.0961212e-04  -9.8356519e-05  -1.8878587e-03
  -1.7064948e-05  -8.6467014e-04  -9.1088500e-07  -1.9591695e-03
  -4.7050852e-05  -6.6992156e-04   1.4080751e-05  -2.0942846e-03
  -4.3302614e-05  -7.4482486e-04  -5.7129520e-05  -2.0192206e-03
   2.7913908e-05  -8.1972816e-04  -2.5202079e-04  -1.8278076e-03
  -7.3288518e-05  -7.0737321e-04  -1.3208770e-04  -1.7977820e-03
   4.2906860e-05  -8.0474750e-04  -2.3328124e-04  -1.9854418e-03
  -3.9554376e-05  -8.5717981e-04  -1.4707934e-04  -2.0830250e-03
   3.5410384e-05  -6.5868606e-04   1.4525757e-04  -2.1055441e-03
  -2.0822509e-04  -9.6204443e-04  -1.8830634e-04  -2.2181401e-03
  -4.4811232e-04  -8.6092497e-04  -2.1079379e-04  -2.0417398e-03
  -9.2029708e-05  -7.4857002e-04  -1.2084397e-04  -2.1205569e-03
  -3.0942751e-04  -9.5080893e-04  -1.1709606e-04  -2.2556720e-03
  -1.4450504e-04  -7.8976684e-04  -1.6581888e-04  -2.3007104e-03
   6.5396288e-05  -9.7702509e-04  -1.9205424e-04  -2.0154674e-03
  -2.8318985e-04  -8.6467014e-04  -6.8373247e-05  -1.8540799e-03
  -1.3700856e-04  -8.1598299e-04  -2.2203752e-04  -2.1956209e-03
  -2.6070042e-04  -1.0594187e-03  -3.9444133e-04  -2.1243101e-03
  -6.0179008e-04  -8.3096365e-04  -4.9563487e-04  -2.1468293e-03
  -4.1062994e-04  -6.2123441e-04  -3.4571851e-04  -2.0792718e-03
  -8.8281470e-05  -1.0556735e-03  -4.3566833e-04  -2.2143869e-03
  -2.2321804e-04  -1.0781445e-03  -6.6429078e-04  -2.3645147e-03
  -5.1558060e-04  -8.1223783e-04  -7.3550105e-04  -2.1655953e-03
  -2.7194513e-04  -1.1530478e-03  -6.2306378e-04  -2.1731017e-03
  -2.2321804e-04  -8.8714113e-04  -1.0585234e-04  -2.2519188e-03
  -3.5065813e-04  -8.8714113e-04  -3.6071015e-04  -2.2932040e-03
  -3.5815461e-04  -9.7702509e-04  -5.3311396e-04  -2.1205569e-03
  -5.1183236e-04  -8.4219915e-04  -3.3072688e-04  -2.4245659e-03
  -2.9443456e-04  -1.1155962e-03  -3.5321433e-04  -2.2293996e-03
  -1.0327442e-04  -9.3957344e-04  -3.0823942e-04  -2.0605058e-03
  -1.9323213e-04  -1.1567930e-03  -4.5815578e-04  -2.3457488e-03
  -2.8693808e-04  -1.0332026e-03  -3.0449151e-04  -2.0267270e-03
  -5.2682532e-04  -8.4968948e-04  -3.4946642e-04  -2.3795275e-03
  -3.2442046e-04  -1.2541673e-03  -2.2578543e-04  -2.0755186e-03
  -1.5574975e-04  -9.3208311e-04  -1.0960025e-04  -1.8240544e-03
  -3.0567927e-04  -8.4219915e-04  -2.2953333e-04  -2.1956209e-03
  -1.4825328e-04  -1.0631639e-03  -4.5885793e-05  -1.8841055e-03
  -1.8198742e-04  -9.3208311e-04  -3.0074361e-04  -2.1693485e-03
  -2.1197332e-04  -8.2347332e-04  -1.7331470e-04  -2.0942846e-03
  -2.4570747e-04  -7.7853134e-04  -2.3398339e-05  -1.9666759e-03
  -2.0072861e-04  -7.8227651e-04  -1.6207097e-04  -2.2894508e-03
  -9.5777946e-05  -1.0107316e-03  -1.9955006e-04  -2.0980378e-03
  -1.9698037e-04  -1.0032412e-03  -9.8356519e-05  -1.9929482e-03
  -1.9698037e-04  -1.0144767e-03  -3.8389975e-05  -1.9967014e-03
  -3.1692399e-04  -8.4219915e-04  -2.8200406e-04  -1.8278076e-03
  -1.9698037e-04  -4.4146649e-04  -1.2833979e-04  -1.9366503e-03
  -1.4825328e-04  -9.7702509e-04  -1.5082725e-04  -2.2256465e-03
  -1.5574975e-04  -1.0594187e-03  -1.6581888e-04  -1.9741823e-03
  -1.1077090e-04  -7.2609903e-04  -2.5951661e-04  -2.0905314e-03
  -2.4945570e-04  -8.8714113e-04  -2.7076033e-04  -2.2143869e-03
  -1.4075680e-04  -8.3845398e-04   3.6568205e-05  -1.8841055e-03
  -2.5320394e-04  -7.9725717e-04  -2.0329797e-04  -2.0342334e-03
  -2.4195923e-04  -9.1710245e-04  -1.3583561e-04  -2.1243101e-03
  -3.2442046e-04  -9.6953476e-04  -2.2953333e-04  -2.1768549e-03
  -3.8814051e-04  -8.2721849e-04  -3.2323106e-04  -2.0792718e-03
  -1.8948390e-04  -1.0369477e-03  -1.5832306e-04  -2.0567526e-03
  -3.3941342e-04  -1.2991093e-03  -3.7195388e-04  -2.2293996e-03
  -1.2576385e-04  -9.6204443e-04  -5.7129520e-05  -2.0454930e-03
  -1.9698037e-04  -8.5717981e-04  -1.3958352e-04  -2.1393229e-03
  -3.3566518e-04  -1.0369477e-03  -2.3328124e-04  -2.2932040e-03
  -1.1451914e-04  -7.3358936e-04  -9.8356519e-05  -2.2781912e-03
  -3.2816870e-04  -7.1486354e-04  -4.3941624e-04  -2.3645147e-03
  -2.7569337e-04  -8.6841530e-04  -1.4707934e-04  -2.2669316e-03
  -6.9540280e-05  -7.2609903e-04  -8.7112792e-05  -2.0830250e-03
  -2.3446275e-04  -9.2459278e-04  -3.5321433e-04  -2.3194764e-03
  -3.1317575e-04  -9.9949608e-04  -1.6956679e-04  -2.3607615e-03
  -5.0799090e-05  -8.7590563e-04  -1.0585234e-04  -2.0379866e-03
  -8.4533232e-05  -8.5717981e-04  -3.1948315e-04  -2.1655953e-03
  -2.9068632e-04  -9.0212179e-04  -1.8455843e-04  -2.2369060e-03
  -2.7569337e-04  -6.8490222e-04   1.7828660e-05  -2.2744380e-03
  -3.7314756e-04  -8.7216047e-04   8.1543113e-05  -2.2444124e-03
  -1.0702266e-04  -1.0332026e-03   4.7811932e-05  -2.1618421e-03
   1.6285048e-04  -7.2609903e-04  -2.6326452e-04  -2.3307360e-03
   3.1662146e-05  -9.3208311e-04  -3.0894157e-05  -2.0154674e-03
   5.4244800e-06  -6.1748925e-04   2.9072387e-05  -1.9141311e-03
  -1.0327442e-04  -6.9988288e-04  -1.0210443e-04  -2.0567526e-03
  -1.7064948e-05  -9.0961212e-04  -1.1709606e-04  -1.9967014e-03
   2.7913908e-05  -6.6992156e-04  -1.2459188e-04  -2.0867782e-03
  -2.4945570e-04  -9.2833794e-04   3.2820296e-05  -1.9141311e-03
  -1.4825328e-04  -7.3733453e-04  -2.0329797e-04  -1.9441567e-03
   3.1662146e-05  -6.5494090e-04  -1.9205424e-04  -2.1318165e-03
   3.9158622e-05  -6.7741189e-04  -1.3208770e-04  -1.8916119e-03
  -9.5777946e-05  -7.3733453e-04  -9.4608610e-05  -1.8240544e-03
  -1.0327442e-04  -9.0961212e-04  -6.0877429e-05  -1.9704291e-03
  -2.0719960e-06  -8.1598299e-04  -2.8200406e-04  -1.8991183e-03
  -1.0702266e-04  -7.1860870e-04  -6.0877429e-05  -1.7940288e-03
  -3.2816870e-04  -5.7254727e-04  -7.9616974e-05  -2.0342334e-03
  -4.8559470e-04  -6.6243123e-04  -1.9580215e-04  -2.1618421e-03
  -4.3302614e-05  -1.0069864e-03  -1.1334816e-04  -1.9891950e-03
   2.7913908e-05  -1.0182219e-03  -1.3958352e-04  -2.1618421e-03
  -2.4570747e-04  -7.5606035e-04  -6.0877429e-05  -2.1468293e-03
  -6.9540280e-05  -7.8227651e-04  -2.8949988e-04  -1.9103779e-03
  -5.8295566e-05  -8.3470882e-04  -3.3072688e-04  -2.1430761e-03
  -1.6324623e-04  -7.5231519e-04  -2.4827288e-04  -2.1280633e-03
  -3.3941342e-04  -7.9725717e-04  -1.1334816e-04  -2.0192206e-03
  -1.6699447e-04  -1.0818897e-03   2.1271993e-04  -2.1618421e-03
  -1.7823918e-04  -1.0069864e-03  -3.0894157e-05  -2.0642590e-03
  -2.8693808e-04  -7.4107969e-04  -2.2953333e-04  -2.1618421e-03
  -1.1826737e-04  -1.0556735e-03  -8.3364883e-05  -2.1017910e-03
  -3.9938522e-04  -1.0406929e-03  -1.2154612e-05  -2.0042078e-03
  -2.4570747e-04  -8.2721849e-04  -1.3958352e-04  -2.1918677e-03
  -2.0072861e-04  -9.7702509e-04  -2.1079379e-04  -2.1243101e-03
  -3.4690989e-04  -8.6092497e-04  -1.2084397e-04  -2.1618421e-03
  -2.9443456e-04  -7.5606035e-04  -1.5832306e-04  -2.1280633e-03
  -4.2562289e-04  -1.1193414e-03  -3.4197060e-04  -2.0792718e-03
  -2.9818280e-04  -1.1305768e-03  -2.5202079e-04  -2.1693485e-03
  -3.9938522e-04  -9.4706377e-04  -4.5885793e-05  -2.3495020e-03
  -3.5815461e-04  -1.1155962e-03  -3.2697897e-04  -2.3757743e-03
  -2.3446275e-04  -9.9949608e-04  -1.9955006e-04  -2.0867782e-03
  -3.9563699e-04  -9.4706377e-04  -5.3381611e-05  -2.1055441e-03
  -3.8064403e-04  -1.0743994e-03  -2.3328124e-04  -2.2969572e-03
  -2.6070042e-04  -9.9575091e-04  -6.0877429e-05  -2.3419956e-03
  -3.0942751e-04  -9.2459278e-04  -1.1709606e-04  -2.2181401e-03
  -3.2067223e-04  -9.5829926e-04  -2.2953333e-04  -2.1918677e-03
  -1.9698037e-04  -1.0182219e-03  -3.9444133e-04  -2.1618421e-03
  -3.9188875e-04  -9.2833794e-04  -4.4691206e-04  -2.1655953e-03
  -4.2562289e-04  -8.4594431e-04  -3.6820597e-04  -2.0905314e-03
  -1.5949799e-04  -7.9725717e-04  -3.0074361e-04  -1.7602500e-03
  -2.1946980e-04  -7.4107969e-04  -2.0329797e-04  -1.8765991e-03
  -3.2067223e-04  -9.1335728e-04  -3.6445806e-04  -2.0379866e-03
  -1.0327442e-04  -1.1230865e-03  -1.0960025e-04  -2.0229738e-03
  -2.1946980e-04  -9.6578959e-04  -2.3702915e-04  -2.0004546e-03
  -3.9938522e-04  -8.7965080e-04  -5.0687860e-04  -2.0605058e-03
  -9.9526184e-05  -1.0182219e-03  -3.2697897e-04  -2.0454930e-03
   1.2920956e-05  -7.7853134e-04  -3.6820597e-04  -1.8428204e-03
  -3.5815461e-04  -8.0474750e-04  -2.7146248e-05  -2.0379866e-03
  -4.3311937e-04  -9.1710245e-04  -1.0960025e-04  -2.0267270e-03
  -2.2321804e-04  -8.9463146e-04  -3.3447479e-04  -1.8841055e-03
  -3.3566518e-04  -8.1598299e-04  -8.3364883e-05  -2.0680122e-03
  -1.6324623e-04  -7.5606035e-04  -1.9580215e-04  -2.2331528e-03
  -2.0813186e-05  -1.1268317e-03  -3.3822270e-04  -2.0792718e-03
  -9.5777946e-05  -9.0586695e-04  -9.4608610e-05  -1.9816886e-03
  -1.8198742e-04  -8.7590563e-04  -1.5457515e-04  -2.2256465e-03
  -2.6444866e-04  -9.0961212e-04  -2.8575197e-04  -2.1768549e-03
  -1.9323213e-04  -7.2984420e-04  -6.0877429e-05  -2.0942846e-03
  -5.3432179e-04  -1.0294574e-03  -2.2953333e-04  -2.0042078e-03
  -4.3686760e-04  -8.1972816e-04   6.2803568e-05  -2.2031273e-03
  -2.8309662e-05  -9.3582827e-04   8.1543113e-05  -2.1543357e-03
  -2.6444866e-04  -1.1792640e-03  -3.4571851e-04  -2.0154674e-03
  -1.4450504e-04  -8.0100233e-04  -2.2203752e-04  -2.3570083e-03
  -6.2043804e-05  -7.8227651e-04  -1.8081052e-04  -2.1843613e-03
  -2.5320394e-04  -8.4968948e-04  -8.3364883e-05  -2.2068805e-03
   1.7034695e-04  -8.3096365e-04  -2.6326452e-04  -2.1580889e-03
   6.5396288e-05  -1.0781445e-03  -3.3822270e-04  -2.2218933e-03
  -3.2067223e-04  -1.0594187e-03  -2.1454170e-04  -2.3570083e-03
  -2.9443456e-04  -8.1972816e-04  -2.2203752e-04  -2.1918677e-03
  -3.5065813e-04  -9.8826058e-04  -3.0823942e-04  -2.3870339e-03
  -2.2696628e-04  -9.3957344e-04  -1.0585234e-04  -2.1806081e-03
  -3.3191694e-04  -6.2497958e-04  -3.0894157e-05  -2.1168037e-03
  -3.5440637e-04  -9.3957344e-04  -4.8064324e-04  -2.2293996e-03
  -2.2321804e-04  -1.0144767e-03  -1.2833979e-04  -2.3382424e-03
  -2.5320394e-04  -8.4594431e-04   2.5324478e-05  -2.1505825e-03
  -2.2696628e-04  -9.4706377e-04  -1.3208770e-04  -2.1055441e-03
  -1.1451914e-04  -8.0849266e-04  -8.7112792e-05  -2.4808638e-03
   8.7885716e-05  -9.1710245e-04  -2.1828961e-04  -2.1280633e-03
  -2.6444866e-04  -9.0586695e-04  -1.0210443e-04  -2.0567526e-03
  -2.8693808e-04  -8.0849266e-04  -8.4067030e-06  -2.0867782e-03
   1.2911633e-04  -9.2459278e-04   1.0028266e-04  -1.9741823e-03
  -1.2951209e-04  -6.6243123e-04  -1.4707934e-04  -1.9178843e-03
  -7.7036756e-05  -7.7478618e-04  -1.5082725e-04  -2.0867782e-03
  -4.7050852e-05  -7.8976684e-04  -1.1709606e-04  -2.2181401e-03
  -1.9323213e-04  -6.0250859e-04  -2.2578543e-04  -1.7414840e-03
  -2.6444866e-04  -9.5080893e-04   1.0777848e-04  -2.1130505e-03
  -1.4825328e-04  -5.6131177e-04  -8.3364883e-05  -2.1693485e-03
  -2.0813186e-05  -5.8752793e-04  -3.8389975e-05  -1.8240544e-03
   5.7140842e-04  -1.0481832e-03   7.7795204e-05  -2.1017910e-03
   2.3555697e-03  -5.1636979e-04  -2.3398339e-05  -1.9291439e-03
   1.4709855e-03  -2.8791473e-04   5.5307750e-05  -2.0830250e-03
  -1.1677740e-03  -3.2162121e-04   4.8631728e-04  -2.0192206e-03
  -1.3626824e-03  -1.0107316e-03   1.1084702e-03  -1.7602500e-03
   1.5496985e-03  -1.3515416e-03   2.5394693e-04  -2.0267270e-03
   3.7199283e-03  -4.8266331e-04  -1.0953003e-03  -1.5725902e-03
   2.4867580e-03   9.7837270e-05  -6.3430751e-04  -1.3886835e-03
   1.5796844e-03   1.1698475e-05   1.0372599e-03  -1.8315608e-03
   1.2648324e-03  -8.5343464e-04   1.2621344e-03  -1.6851861e-03
   1.2385948e-03  -1.3440513e-03   4.7507356e-04  -1.4262155e-03
   2.4905995e-04  -1.2391866e-03   7.9364582e-04  -1.4149559e-03
   4.2897537e-04  -8.9837662e-04   1.4982527e-03  -1.5275518e-03
   2.9290501e-03  -6.4745057e-04   9.0983100e-04  -1.6926925e-03
   3.2701398e-03  -7.8976684e-04  -2.8949988e-04  -1.4975262e-03
   2.1681578e-03  -7.2984420e-04   5.5377965e-04  -1.4224623e-03
  -6.2053127e-04  -9.2459278e-04   2.0979182e-03  -1.9816886e-03
  -2.8957117e-03  -1.2354415e-03   1.8805394e-03  -2.1318165e-03
  -2.7645234e-03  -1.5500353e-03   4.2635074e-04  -1.7302244e-03
  -1.7862333e-03  -1.5912321e-03  -3.9444133e-04  -1.7602500e-03
  -1.9324146e-03  -1.2017350e-03  -1.2833979e-04  -2.2481656e-03
  -3.0194036e-03  -9.6578959e-04  -8.8166950e-04  -2.5484214e-03
  -2.2435183e-03  -7.7853134e-04  -1.2414688e-03  -2.4133063e-03
  -2.1048335e-03  -1.0631639e-03  -4.0193715e-04  -2.6460045e-03
  -2.5471256e-03  -1.1418123e-03   4.4883819e-04  -3.4041503e-03
  -1.7712403e-03  -8.2347332e-04   1.1759325e-03  -3.5617846e-03
  -1.3776753e-03  -8.3470882e-04   8.9483937e-04  -3.4566951e-03
  -1.3252000e-03  -9.6578959e-04   9.9603291e-04  -3.6856401e-03
  -1.2989623e-03  -1.0968704e-03   8.7984773e-04  -3.5392654e-03
  -1.7824850e-03  -7.7853134e-04  -7.8422387e-04  -3.0138178e-03
  -1.9361628e-03  -7.0737321e-04  -2.5419932e-03  -2.4658511e-03
  -2.3109866e-03  -9.9949608e-04  -3.6888533e-03  -2.0154674e-03
  -3.4317098e-03  -1.1081059e-03  -4.4159477e-03  -1.8127948e-03
  -3.7503100e-03  -9.7327992e-04  -4.8994279e-03  -1.8240544e-03
  -2.0898406e-03  -8.0849266e-04  -4.3409895e-03  -1.8390672e-03
  -4.7809822e-04  -8.4594431e-04  -3.2915750e-03  -1.9591695e-03
  -1.0478304e-03  -8.6092497e-04  -2.3845810e-03  -2.4245659e-03
  -1.7412544e-03  -1.1867543e-03  -1.1477710e-03  -2.4883702e-03
  -7.1048898e-04  -1.0893800e-03  -6.0877429e-05  -2.6009662e-03
   1.3885243e-03  -1.1230865e-03   8.9038931e-05  -2.9087283e-03
   1.9057811e-03  -1.4114642e-03  -5.8183678e-04  -2.3495020e-03
  -6.5792042e-05  -9.5455410e-04  -5.2936605e-04  -2.2894508e-03
  -1.4189060e-03  -5.8752793e-04  -1.8081052e-04  -2.5409150e-03
   1.8908814e-04  -6.1374408e-04  -1.0240900e-03  -2.1655953e-03
   3.2402471e-04  -6.5494090e-04  -2.7931031e-03  -1.7489904e-03
  -1.7450027e-03  -7.7478618e-04  -2.8643134e-03  -1.4487347e-03
  -2.3859514e-03  -9.6204443e-04  -1.1777543e-03  -1.8203012e-03
  -1.6138143e-03  -5.3509562e-04  -1.1027961e-03  -1.9328971e-03
  -2.7569337e-04  -7.4857002e-04  -1.6987137e-03  -1.5388114e-03
  -1.9698037e-04  -1.2316963e-03  -4.0943297e-04  -1.6288881e-03
  -3.2067223e-04  -7.3358936e-04   1.9292623e-03  -1.9891950e-03
  -8.4533232e-05  -8.2721849e-04   2.6788440e-03  -2.5484214e-03
   5.4142251e-04  -1.1268317e-03   2.3640197e-03  -2.4996298e-03
   1.0436864e-03  -1.0594187e-03   2.5776505e-03  -2.1393229e-03
   3.3152119e-04  -1.0931252e-03   2.9486935e-03  -2.4921234e-03
  -6.2043804e-05  -9.3957344e-04   2.4877007e-03  -2.4320723e-03
  -1.3700856e-04  -1.0594187e-03   7.6741046e-04  -1.9253907e-03
  -3.2442046e-04  -1.2841286e-03  -2.0704588e-04  -1.7414840e-03
  -9.3913150e-04  -1.0032412e-03   1.7898875e-04  -1.7039521e-03
  -1.3664306e-03  -7.5980552e-04   3.4389674e-04  -1.9854418e-03
  -8.6416674e-04  -6.2872474e-04  -3.0074361e-04  -1.8916119e-03
  -1.3326033e-04  -8.3096365e-04  -6.9802196e-04  -1.7001989e-03
   1.7784343e-04  -9.2459278e-04   1.9023247e-04  -2.2406592e-03
  -2.4195923e-04  -6.7366672e-04   1.1309576e-03  -2.3457488e-03
   1.3661281e-04  -7.4482486e-04   9.0233518e-04  -2.4245659e-03
   9.8746284e-04  -7.8976684e-04   4.1885492e-04  -2.3570083e-03
   7.1009322e-04  -9.3957344e-04   5.8376292e-04  -2.1393229e-03
   4.2906860e-05  -1.0069864e-03   7.4867091e-04  -2.5746938e-03
  -1.1077090e-04  -8.9837662e-04   1.6024920e-04  -2.3457488e-03
   2.6030466e-04  -1.2354415e-03  -8.0296341e-04  -2.1843613e-03
   2.4165670e-05  -1.2391866e-03  -1.4588475e-03  -2.1205569e-03
  -8.3418083e-04  -9.1335728e-04  -1.5900243e-03  -1.9103779e-03
  -8.1169140e-04  -1.1118510e-03  -1.6012680e-03  -2.0642590e-03
   5.0403336e-05  -1.0818897e-03  -1.9985464e-03  -1.7039521e-03
   4.9644366e-04  -8.0100233e-04  -2.3770852e-03  -1.7640032e-03
   5.3392604e-04  -6.2497958e-04  -1.7062095e-03  -2.1393229e-03
   3.8399652e-04  -6.7741189e-04  -8.3294668e-04  -2.2481656e-03
   7.1758970e-04  -8.2721849e-04  -1.1402752e-03  -2.2819444e-03
   1.2348465e-03  -6.6243123e-04  -1.1815022e-03  -2.0042078e-03
   8.1129565e-04  -6.3621507e-04  -7.2800523e-04  -2.0042078e-03
   5.4142251e-04  -5.8752793e-04  -8.2545087e-04  -2.0792718e-03
   4.9644366e-04  -7.0362804e-04  -9.1914859e-04  -2.3570083e-03
   5.2268132e-04  -8.5343464e-04  -1.1964939e-03  -2.1918677e-03
   4.0273771e-04  -7.3733453e-04  -1.2489646e-03  -1.5538242e-03
  -2.7944161e-04  -8.3845398e-04  -9.2289650e-04  -1.8428204e-03
  -4.4436408e-04  -7.6729585e-04  -7.8797178e-04  -1.8015352e-03
   1.6762420e-06  -9.4331860e-04  -7.5424059e-04  -1.5763434e-03
   3.0903176e-04  -1.2279511e-03  -3.3447479e-04  -1.8653395e-03
   1.5535400e-04  -1.0968704e-03   4.1135910e-04  -1.9479099e-03
   1.2536810e-04  -8.8339596e-04   7.1119182e-04  -1.8765991e-03
   4.4771656e-04  -7.6729585e-04   1.0447557e-03  -1.8203012e-03
   7.4382737e-04  -9.7702509e-04   1.3520843e-03  -2.0792718e-03
   5.7140842e-04  -7.7478618e-04   1.8580520e-03  -2.0042078e-03
   1.7409519e-04  -7.4857002e-04   2.1616326e-03  -1.9816886e-03
   4.7770247e-04  -9.8451542e-04   1.6631607e-03  -2.2406592e-03
   5.4891899e-04  -6.4745057e-04   1.2471428e-03  -1.8728459e-03
  -7.3288518e-05  -5.3135045e-04   8.9483937e-04  -1.7940288e-03
  -4.4436408e-04  -6.2123441e-04   8.6860400e-04  -1.7940288e-03
  -4.3311937e-04  -7.4107969e-04   1.1272097e-03  -1.7902756e-03
  -4.3311937e-04  -8.8714113e-04   1.1347055e-03  -2.1243101e-03
  -8.0784994e-05  -8.7965080e-04   1.0747390e-03  -1.8015352e-03
   2.1907405e-04  -7.7478618e-04   1.3633280e-03  -2.0192206e-03
  -5.4547328e-05  -9.2084761e-04   1.7755980e-03  -2.2406592e-03
   5.4151574e-05  -9.9949608e-04   1.6331774e-03  -1.8165480e-03
   1.4785752e-04  -7.7853134e-04   1.2096637e-03  -2.0379866e-03
   2.2282228e-04  -9.0212179e-04   1.0747390e-03  -2.0004546e-03
  -9.5777946e-05  -9.9200575e-04   8.2737700e-04  -2.2218933e-03
  -4.0313346e-04  -9.3208311e-04   1.9772829e-04  -2.2106337e-03
   2.4905995e-04  -1.0369477e-03  -2.8575197e-04  -1.8353140e-03
   9.9130430e-05  -1.0406929e-03  -4.4316415e-04  -2.1731017e-03
  -3.8814051e-04  -8.7216047e-04  -6.8677823e-04  -2.1130505e-03
  -2.6070042e-04  -9.0212179e-04  -9.0415695e-04  -1.9891950e-03
  -1.4825328e-04  -1.0706542e-03  -1.0278380e-03  -1.9328971e-03
  -1.6699447e-04  -1.0219671e-03  -1.3539060e-03  -1.9854418e-03
   1.6669194e-05  -8.1598299e-04  -1.2976874e-03  -2.2669316e-03
   2.0033286e-04  -7.4482486e-04  -9.3039232e-04  -2.1393229e-03
   3.6150709e-04  -7.6729585e-04  -1.0165942e-03  -1.8390672e-03
   6.1638727e-04  -7.4107969e-04  -1.2414688e-03  -1.9141311e-03
   1.5160576e-04  -8.9837662e-04  -1.1140399e-03  -2.2106337e-03
  -2.2321804e-04  -8.7590563e-04  -1.0615691e-03  -1.9666759e-03
   1.4410929e-04  -9.7702509e-04  -1.1777543e-03  -1.7452372e-03
   2.1157757e-04  -9.6578959e-04  -1.3801414e-03  -2.0529994e-03
   2.7913908e-05  -6.5119573e-04  -1.4251163e-03  -1.9141311e-03
  -5.4547328e-05  -7.4857002e-04  -1.1402752e-03  -1.8015352e-03
  -3.1692399e-04  -6.4370540e-04  -1.2039897e-03  -1.9291439e-03
  -2.3071451e-04  -8.1972816e-04  -1.1964939e-03  -1.6701733e-03
  -5.8202340e-06  -8.3845398e-04  -8.5543414e-04  -1.9741823e-03
   1.3286457e-04  -7.1111837e-04  -7.4299687e-04  -2.0567526e-03
  -5.0799090e-05  -1.0444381e-03  -4.5440787e-04  -1.8953651e-03
  -1.4825328e-04  -7.5231519e-04   6.2803568e-05  -2.1768549e-03
   2.2657052e-04  -9.6578959e-04   1.1902220e-04  -2.0042078e-03
  -2.0719960e-06  -1.0144767e-03   1.1527429e-04  -1.9779355e-03
  -9.2029708e-05  -6.7366672e-04   2.3520738e-04  -2.0529994e-03
  -2.3446275e-04  -9.8451542e-04   4.3759447e-04  -1.9929482e-03
  -2.2321804e-04  -7.5606035e-04   6.6621692e-04  -1.9216375e-03
  -1.2201561e-04  -8.2347332e-04   3.7762792e-04  -1.9666759e-03
  -2.5320394e-04  -8.3470882e-04   4.6382983e-04  -2.1918677e-03
  -6.2043804e-05  -7.1111837e-04   6.2498992e-04  -2.0492462e-03
  -3.9188875e-04  -1.0257122e-03   6.6621692e-04  -2.0117142e-03
  -2.8318985e-04  -6.5119573e-04   7.7490628e-04  -2.0229738e-03
  -2.2321804e-04  -6.7366672e-04   8.1988119e-04  -2.0680122e-03
  -3.5065813e-04  -7.6355068e-04   1.0747390e-03  -2.1393229e-03
  -1.8948390e-04  -6.9988288e-04   9.6230173e-04  -2.1092973e-03
  -2.0822509e-04  -1.1155962e-03   1.1159660e-03  -2.3119700e-03
   1.6669194e-05  -8.3470882e-04   8.5736028e-04  -2.1881145e-03
  -3.1692399e-04  -8.4594431e-04   4.4883819e-04  -2.1731017e-03
  -2.2696628e-04  -9.6578959e-04   7.4492301e-04  -2.3645147e-03
  -1.4825328e-04  -7.7478618e-04   4.5258610e-04  -2.2481656e-03
  -7.8545374e-04  -1.0481832e-03   2.9142602e-04  -2.2706848e-03
  -4.9683941e-04  -9.0961212e-04   2.5019902e-04  -2.3194764e-03
  -3.6565108e-04  -9.3957344e-04  -2.3328124e-04  -2.4358255e-03
  -3.6939932e-04  -1.1193414e-03  -2.8200406e-04  -2.3457488e-03
  -7.3288518e-05  -8.7590563e-04  -3.3447479e-04  -2.1843613e-03
  -4.5186056e-04  -8.0100233e-04  -4.9188696e-04  -2.4057999e-03
  -4.0313346e-04  -8.3096365e-04  -4.1318088e-04  -2.1168037e-03
  -1.4450504e-04  -8.8714113e-04  -5.5185351e-04  -2.1243101e-03
  -3.3566518e-04  -7.3358936e-04  -5.5185351e-04  -2.1806081e-03
  -1.8573566e-04  -5.6505694e-04  -5.7808887e-04  -1.8615863e-03
  -9.9526184e-05  -8.3096365e-04  -1.0016026e-03  -2.1543357e-03
  -9.2029708e-05  -9.2084761e-04  -1.2189813e-03  -2.0680122e-03
  -1.9323213e-04  -8.1223783e-04  -1.0653170e-03  -2.0267270e-03
  -5.0433589e-04  -8.6841530e-04  -8.8166950e-04  -2.1393229e-03
  -3.5440637e-04  -9.2084761e-04  -7.7672805e-04  -2.0454930e-03
  -4.8184646e-04  -7.7478618e-04  -7.7672805e-04  -2.2143869e-03
  -5.1183236e-04  -6.4745057e-04  -8.2919877e-04  -2.1806081e-03
   6.1648050e-05  -8.9088629e-04  -6.8303032e-04  -2.0267270e-03
  -1.9698037e-04  -9.6578959e-04  -5.8183678e-04  -2.0379866e-03
  -4.4811232e-04  -8.2347332e-04  -4.8813906e-04  -2.1731017e-03
  -2.8318985e-04  -7.9725717e-04  -2.3702915e-04  -2.1092973e-03
  -2.0822509e-04  -9.3582827e-04  -2.5576870e-04  -2.1092973e-03
  -3.1692399e-04  -8.5717981e-04  -2.7076033e-04  -2.1430761e-03
  -6.3552422e-04  -7.1860870e-04   5.1559841e-05  -2.2856976e-03
  -2.9818280e-04  -9.9575091e-04   2.8767811e-04  -2.3532552e-03
  -2.6070042e-04  -8.7965080e-04   3.4764465e-04  -1.9291439e-03
  -4.0688170e-04  -7.4857002e-04   3.3265302e-04  -2.1055441e-03
  -3.8814051e-04  -9.7327992e-04   3.6263629e-04  -2.1543357e-03
  -3.6939932e-04  -9.3582827e-04   6.1749410e-04  -1.9854418e-03
  -2.2696628e-04  -8.5343464e-04   6.2124201e-04  -2.4620979e-03
  -5.4556651e-04  -9.3957344e-04   3.2140929e-04  -2.1956209e-03
  -4.3686760e-04  -9.9575091e-04   4.0011538e-04  -1.9666759e-03
  -5.9804184e-04  -9.9200575e-04   5.1630056e-04  -2.4208127e-03
  -8.1169140e-04  -1.0444381e-03   3.6638420e-04  -2.2256465e-03
  -3.8439227e-04  -1.1193414e-03   1.0332842e-05  -1.9404035e-03
  -4.9683941e-04  -1.1567930e-03  -4.0193715e-04  -2.0042078e-03
  -5.6430770e-04  -1.1680285e-03  -5.4435769e-04  -2.1993741e-03
  -6.7300660e-04  -1.0706542e-03  -7.1676150e-04  -2.3044636e-03
  -8.7541145e-04  -1.0669090e-03  -7.4299687e-04  -2.3119700e-03
  -5.3807003e-04  -1.2279511e-03  -7.1301360e-04  -2.3532552e-03
  -3.4316165e-04  -1.0856349e-03  -7.4674478e-04  -2.0717654e-03
  -4.8184646e-04  -7.7478618e-04  -8.8541741e-04  -2.1618421e-03
  -2.7569337e-04  -9.8826058e-04  -9.5662768e-04  -2.3194764e-03
  -9.2029708e-05  -1.1230865e-03  -6.7553451e-04  -2.2256465e-03
  -3.2816870e-04  -6.3246991e-04  -7.0926569e-04  -2.2932040e-03
  -4.2187465e-04  -7.2609903e-04  -8.1045923e-04  -2.1017910e-03
  -2.9818280e-04  -1.1605382e-03  -7.3550105e-04  -2.1993741e-03
  -3.1692399e-04  -1.0332026e-03  -6.9802196e-04  -2.3570083e-03
  -4.6310527e-04  -1.0556735e-03  -9.8661095e-04  -2.0980378e-03
  -3.8814051e-04  -9.3208311e-04  -7.4674478e-04  -2.1168037e-03
  -4.3311937e-04  -6.6617639e-04  -1.9580215e-04  -2.1168037e-03
  -4.2187465e-04  -1.0669090e-03  -5.4060978e-04  -2.0192206e-03
  -3.4316165e-04  -1.0556735e-03  -4.0568506e-04  -2.0042078e-03
  -3.1317575e-04  -9.2084761e-04  -1.4707934e-04  -1.7377308e-03
  -5.4547328e-05  -1.0893800e-03  -1.9580215e-04  -1.9929482e-03
  -1.8573566e-04  -8.6841530e-04  -1.8081052e-04  -2.2143869e-03
  -1.6699447e-04  -9.8451542e-04  -2.8200406e-04  -2.0417398e-03
  -8.4533232e-05  -8.6841530e-04   2.9072387e-05  -2.0529994e-03
  -2.1946980e-04  -8.3845398e-04   8.5291022e-05  -1.9929482e-03
  -2.6819689e-04  -1.0669090e-03  -1.0585234e-04  -2.3495020e-03
  -4.5935703e-04  -8.8714113e-04   8.1543113e-05  -2.3570083e-03
  -2.7944161e-04  -9.9949608e-04  -9.0860701e-05  -1.9554163e-03
  -2.6444866e-04  -9.5455410e-04  -2.6326452e-04  -2.0004546e-03
  -4.7434998e-04  -7.8602167e-04  -8.7112792e-05  -1.9479099e-03
