  -1.7064948e-05  -8.9088629e-04   1.1152638e-04  -1.9816886e-03
  -4.6685351e-04  -8.2721849e-04  -3.0449151e-04  -2.0267270e-03
  -4.1812641e-04  -7.6729585e-04  -3.3072688e-04  -2.2068805e-03
  -1.9698037e-04  -7.4482486e-04  -3.0449151e-04  -2.1243101e-03
  -1.6699447e-04  -8.2721849e-04  -2.1079379e-04  -2.0792718e-03
  -2.4570747e-04  -9.4331860e-04  -2.9699570e-04  -2.4133063e-03
  -3.0193104e-04  -8.6841530e-04  -1.5457515e-04  -2.0980378e-03
  -2.2321804e-04  -7.5231519e-04  -2.5951661e-04  -2.1806081e-03
  -1.9698037e-04  -6.0999892e-04  -1.2084397e-04  -2.4358255e-03
  -1.7074271e-04  -9.3582827e-04  -1.5082725e-04  -2.1205569e-03
  -2.9443456e-04  -9.5455410e-04  -1.8830634e-04  -2.1693485e-03
  -1.8573566e-04  -7.8602167e-04  -3.4642066e-05  -2.0492462e-03
  -1.4075680e-04  -1.0556735e-03  -3.4946642e-04  -1.9704291e-03
  -2.5320394e-04  -7.4857002e-04  -2.1079379e-04  -2.1843613e-03
  -3.9554376e-05  -6.4370540e-04  -2.4452497e-04  -2.0079610e-03
  -1.0327442e-04  -8.3096365e-04   3.2820296e-05  -1.9291439e-03
  -1.2951209e-04  -6.5119573e-04  -7.9616974e-05  -2.0642590e-03
  -5.0799090e-05  -8.0849266e-04  -5.2936605e-04  -1.9816886e-03
  -2.9818280e-04  -7.6355068e-04  -1.5832306e-04  -1.7452372e-03
  -2.9818280e-04  -7.3733453e-04  -2.7450824e-04  -1.9103779e-03
   1.6669194e-05  -8.0474750e-04  -1.8455843e-04  -1.8803523e-03
   1.2920956e-05  -7.5980552e-04  -1.0210443e-04  -1.9028715e-03
  -7.7036756e-05  -9.2084761e-04  -9.4608610e-05  -2.1168037e-03
   2.6405290e-04  -9.3582827e-04   1.1902220e-04  -1.7602500e-03
  -5.8295566e-05  -9.0961212e-04  -2.3398339e-05  -1.9929482e-03
  -3.5440637e-04  -5.8752793e-04  -3.0894157e-05  -1.7640032e-03
  -9.2029708e-05  -6.2872474e-04  -1.0960025e-04  -1.6251349e-03
  -1.7449094e-04  -8.3845398e-04  -2.7146248e-05  -1.9967014e-03
  -9.5684720e-06  -8.9837662e-04  -5.7129520e-05  -1.7715096e-03
   1.4036105e-04  -9.5829926e-04  -1.9205424e-04  -2.0379866e-03
   1.4410929e-04  -6.0625375e-04  -9.0860701e-05  -1.7602500e-03
  -2.0072861e-04  -6.3996024e-04  -4.9633702e-05  -1.7001989e-03
  -3.9938522e-04  -5.4258595e-04  -1.0210443e-04  -2.2256465e-03
   3.9158622e-05  -7.0737321e-04  -1.3208770e-04  -2.0342334e-03
  -2.4561424e-05  -8.2347332e-04   1.3026593e-04  -1.9028715e-03
  -1.4825328e-04  -5.6880210e-04  -1.3208770e-04  -1.8390672e-03
  -3.9554376e-05  -8.3470882e-04  -2.5951661e-04  -1.8428204e-03
  -2.3446275e-04  -6.5494090e-04   8.1543113e-05  -1.9967014e-03
  -2.4945570e-04  -8.2721849e-04  -1.3208770e-04  -2.2143869e-03
  -1.5574975e-04  -8.3845398e-04  -1.3958352e-04  -2.1806081e-03
  -2.2321804e-04  -8.5717981e-04  -1.9205424e-04  -2.0830250e-03
  -1.7064948e-05  -1.0743994e-03  -2.3328124e-04  -2.1655953e-03
  -3.2067223e-04  -5.4258595e-04   1.6024920e-04  -2.0117142e-03
  -2.9443456e-04  -6.5494090e-04  -8.4067030e-06  -2.0605058e-03
   1.1037514e-04  -7.8976684e-04  -1.7706261e-04  -2.2181401e-03
  -2.8318985e-04  -7.5980552e-04   1.0777848e-04  -1.9854418e-03
  -2.0813186e-05  -6.3996024e-04  -2.7146248e-05  -1.8916119e-03
  -6.2043804e-05  -5.8378276e-04  -1.8455843e-04  -2.1168037e-03
  -1.3326033e-04  -7.1860870e-04  -1.1709606e-04  -2.0004546e-03
   7.6641002e-05  -5.6505694e-04  -1.1334816e-04  -2.2331528e-03
  -2.3446275e-04  -7.1111837e-04  -8.7112792e-05  -2.3645147e-03
  -6.9540280e-05  -7.1111837e-04  -1.3958352e-04  -1.8503268e-03
  -2.4570747e-04  -7.1486354e-04  -1.2084397e-04  -1.9591695e-03
  -1.4825328e-04  -6.7741189e-04  -1.5457515e-04  -2.0492462e-03
   4.2906860e-05  -4.5644715e-04  -5.7129520e-05  -1.9141311e-03
  -2.4561424e-05  -5.4633111e-04   7.4047295e-05  -1.9253907e-03
   1.9658462e-04  -6.8864738e-04   7.0299386e-05  -1.8165480e-03
  -5.4547328e-05  -7.2609903e-04   5.9055659e-05  -1.7902756e-03
  -6.9540280e-05  -5.9501826e-04  -6.8373247e-05  -1.7640032e-03
  -3.2057900e-05  -5.1636979e-04  -2.7146248e-05  -1.6401477e-03
  -1.6699447e-04  -7.0362804e-04  -1.0960025e-04  -1.7940288e-03
  -1.2576385e-04  -7.0362804e-04  -1.5902521e-05  -1.9366503e-03
  -1.2201561e-04  -6.8490222e-04   8.5291022e-05  -1.7414840e-03
  -3.2057900e-05  -7.7104101e-04  -1.6956679e-04  -1.7790160e-03
  -1.0327442e-04  -6.5119573e-04   5.5307750e-05  -1.8052884e-03
  -2.4561424e-05  -6.8864738e-04   2.4270320e-04  -1.7677564e-03
   9.1727180e-06  -5.4633111e-04   2.8370240e-06  -1.8165480e-03
  -2.0447685e-04  -4.2274067e-04   4.7811932e-05  -1.7902756e-03
  -5.0799090e-05  -7.0737321e-04   1.7898875e-04  -1.8315608e-03
  -4.3302614e-05  -7.4857002e-04  -4.9633702e-05  -1.9141311e-03
  -1.5200152e-04  -7.6729585e-04  -1.2459188e-04  -1.9816886e-03
  -1.1077090e-04  -7.9351200e-04  -1.8830634e-04  -1.9216375e-03
  -1.5574975e-04  -6.3996024e-04  -1.1709606e-04  -1.9479099e-03
  -4.7050852e-05  -5.8752793e-04   4.4064023e-05  -1.9253907e-03
  -1.2576385e-04  -6.8864738e-04  -2.6326452e-04  -1.9404035e-03
  -3.4690989e-04  -8.1972816e-04   8.5291022e-05  -2.0755186e-03
  -1.2576385e-04  -8.4219915e-04   5.5307750e-05  -2.0229738e-03
  -5.4547328e-05  -7.4482486e-04  -3.9444133e-04  -2.0342334e-03
  -1.8948390e-04  -7.2609903e-04  -1.3208770e-04  -1.9704291e-03
  -1.7823918e-04  -8.1972816e-04  -1.0960025e-04  -2.1731017e-03
  -2.4570747e-04  -8.0474750e-04  -1.5082725e-04  -2.3269828e-03
  -3.3941342e-04  -8.1223783e-04  -3.2323106e-04  -2.1055441e-03
  -4.5186056e-04  -9.2459278e-04  -2.9324779e-04  -2.0980378e-03
  -3.1692399e-04  -1.0032412e-03  -1.5082725e-04  -2.0304802e-03
  -3.5815461e-04  -9.4331860e-04  -1.6207097e-04  -2.0980378e-03
  -2.3446275e-04  -7.8976684e-04  -5.7129520e-05  -2.1655953e-03
  -2.4945570e-04  -8.1223783e-04  -1.5457515e-04  -2.2556720e-03
  -4.5186056e-04  -8.4594431e-04  -9.8356519e-05  -2.2669316e-03
  -1.4825328e-04  -7.3733453e-04  -2.3328124e-04  -2.0342334e-03
  -2.0822509e-04  -6.6243123e-04  -3.3447479e-04  -2.0079610e-03
  -1.3326033e-04  -7.2609903e-04  -1.6956679e-04  -2.0830250e-03
  -2.5695218e-04  -8.5343464e-04  -2.1828961e-04  -2.2293996e-03
  -3.3191694e-04  -7.9351200e-04  -1.9955006e-04  -2.0567526e-03
  -2.1197332e-04  -7.7853134e-04  -3.1198733e-04  -1.9741823e-03
  -3.4690989e-04  -9.6578959e-04  -2.8575197e-04  -2.1768549e-03
  -1.3700856e-04  -8.6467014e-04  -1.5457515e-04  -1.9629227e-03
  -1.9698037e-04  -5.9876342e-04  -9.8356519e-05  -1.8653395e-03
  -2.6819689e-04  -6.3996024e-04   2.9072387e-05  -1.8765991e-03
  -1.5574975e-04  -6.7741189e-04  -2.5202079e-04  -1.7489904e-03
  -1.3326033e-04  -7.4107969e-04  -1.9955006e-04  -1.8878587e-03
  -2.0822509e-04  -8.0849266e-04   1.1527429e-04  -1.8878587e-03
  -8.4533232e-05  -6.9988288e-04  -1.9955006e-04  -1.9028715e-03
   7.2892764e-05  -7.5231519e-04  -1.4333143e-04  -1.8690927e-03
  -1.1451914e-04  -7.5980552e-04   2.1576569e-05  -1.7339776e-03
  -2.2321804e-04  -6.5868606e-04  -2.8200406e-04  -2.0567526e-03
  -1.1077090e-04  -6.1374408e-04  -1.3208770e-04  -1.8953651e-03
   2.7913908e-05  -6.7366672e-04  -3.8389975e-05  -1.8428204e-03
  -2.6444866e-04  -8.1598299e-04  -1.9955006e-04  -2.1693485e-03
  -4.4811232e-04  -6.6243123e-04  -2.3398339e-05  -1.7039521e-03
  -1.6324623e-04  -6.9239255e-04  -6.4625338e-05  -1.6889393e-03
  -4.3302614e-05  -9.0586695e-04  -2.5576870e-04  -2.0905314e-03
  -6.2043804e-05  -6.4745057e-04  -1.8455843e-04  -2.0567526e-03
  -1.4825328e-04  -7.1111837e-04  -3.7570179e-04  -1.8353140e-03
  -1.6324623e-04  -9.0212179e-04  -3.2323106e-04  -1.9216375e-03
   1.2920956e-05  -8.0474750e-04   7.0299386e-05  -2.1843613e-03
   5.4151574e-05  -7.4107969e-04  -1.4333143e-04  -1.9554163e-03
  -1.7074271e-04  -5.7629243e-04  -2.7076033e-04  -1.9741823e-03
  -3.2816870e-04  -7.5606035e-04  -1.7331470e-04  -1.9929482e-03
  -2.7569337e-04  -7.4107969e-04  -2.5576870e-04  -2.0792718e-03
  -2.0447685e-04  -7.1111837e-04  -1.5082725e-04  -2.1168037e-03
  -1.2201561e-04  -8.6467014e-04  -1.4707934e-04  -1.7827692e-03
  -1.2576385e-04  -7.2984420e-04  -4.6587940e-06  -2.1843613e-03
  -2.3071451e-04  -7.1111837e-04   8.1543113e-05  -2.1918677e-03
  -1.5200152e-04  -6.3996024e-04  -2.1454170e-04  -1.9066247e-03
  -1.2576385e-04  -7.1860870e-04  -9.4608610e-05  -2.1505825e-03
  -9.5777946e-05  -7.1486354e-04  -1.3208770e-04  -1.9816886e-03
  -1.4825328e-04  -7.1860870e-04  -3.4642066e-05  -2.2256465e-03
  -3.4690989e-04  -7.3358936e-04   1.3401384e-04  -2.2969572e-03
   2.7913908e-05  -5.0138913e-04  -9.4608610e-05  -1.8916119e-03
  -2.0813186e-05  -6.1374408e-04   1.3776175e-04  -2.2031273e-03
  -4.7434998e-04  -8.0474750e-04   3.2820296e-05  -2.3307360e-03
  -2.1946980e-04  -9.0586695e-04  -9.0860701e-05  -2.1168037e-03
  -8.4533232e-05  -7.1860870e-04   1.8648456e-04  -2.0417398e-03
  -1.8198742e-04  -6.3246991e-04   7.4047295e-05  -2.1430761e-03
  -6.9540280e-05  -7.7853134e-04  -6.8373247e-05  -2.2106337e-03
   4.2906860e-05  -7.5231519e-04   9.6534749e-05  -1.9816886e-03
  -2.8309662e-05  -7.5980552e-04  -1.5902521e-05  -1.6476541e-03
   4.6655098e-05  -6.9988288e-04   7.7795204e-05  -1.7001989e-03
   7.6641002e-05  -6.8864738e-04   1.4900547e-04  -1.7602500e-03
  -1.9323213e-04  -4.9389880e-04  -2.3328124e-04  -1.5763434e-03
   5.4151574e-05  -3.7405352e-04   1.4150966e-04  -1.8878587e-03
   1.8908814e-04  -5.2386012e-04   1.3776175e-04  -1.7527436e-03
  -6.9540280e-05  -4.8266331e-04  -1.7331470e-04  -1.5275518e-03
  -1.6324623e-04  -5.6131177e-04  -7.2121156e-05  -1.7977820e-03
  -3.5806138e-05  -7.2235387e-04  -4.5885793e-05  -1.7902756e-03
   1.5160576e-04  -6.3621507e-04   5.5307750e-05  -1.8503268e-03
  -1.3316710e-05  -5.6131177e-04  -1.4333143e-04  -1.6701733e-03
   1.4410929e-04  -4.7142781e-04  -4.5885793e-05  -1.7152117e-03
   5.4151574e-05  -6.5119573e-04  -3.0894157e-05  -2.0192206e-03
  -2.2696628e-04  -8.1598299e-04  -1.8081052e-04  -1.8653395e-03
  -1.7823918e-04  -4.0026968e-04   2.1576569e-05  -1.8578331e-03
  -1.4825328e-04  -4.5270199e-04  -5.7129520e-05  -1.8353140e-03
   2.4165670e-05  -8.8714113e-04  -1.8830634e-04  -1.8353140e-03
  -5.8295566e-05  -1.0369477e-03  -3.1198733e-04  -2.1055441e-03
  -6.2043804e-05  -8.8714113e-04  -7.2121156e-05  -2.1843613e-03
  -1.7074271e-04  -7.4482486e-04   8.1543113e-05  -2.0717654e-03
  -1.1826737e-04  -6.1374408e-04  -1.0960025e-04  -1.9967014e-03
  -9.2029708e-05  -5.8378276e-04   6.6551477e-05  -2.0079610e-03
  -3.8439227e-04  -9.3957344e-04  -4.6587940e-06  -1.8503268e-03
  -1.9698037e-04  -6.4370540e-04   6.5849330e-06  -1.7602500e-03
  -2.5695218e-04  -6.4370540e-04  -7.9616974e-05  -2.0079610e-03
  -2.9068632e-04  -9.7702509e-04  -2.2578543e-04  -2.0154674e-03
  -1.5200152e-04  -6.2497958e-04  -2.3398339e-05  -2.0379866e-03
  -1.5574975e-04  -8.0474750e-04  -2.3398339e-05  -2.0905314e-03
  -5.8295566e-05  -7.9725717e-04   1.2651802e-04  -1.9704291e-03
  -9.5777946e-05  -8.5343464e-04   1.7828660e-05  -1.9854418e-03
  -2.1197332e-04  -1.0481832e-03  -2.1454170e-04  -2.0342334e-03
  -2.7944161e-04  -6.5868606e-04  -2.0704588e-04  -2.1618421e-03
  -8.8281470e-05  -8.6092497e-04  -3.3822270e-04  -2.0942846e-03
  -3.2067223e-04  -9.5455410e-04  -1.6581888e-04  -2.1355697e-03
  -3.2067223e-04  -9.1335728e-04  -3.7944969e-04  -2.3344892e-03
   1.5160576e-04  -1.0444381e-03  -4.6565160e-04  -2.0980378e-03
  -3.2816870e-04  -8.0474750e-04  -1.2084397e-04  -1.9816886e-03
  -4.4811232e-04  -6.5494090e-04  -4.8439115e-04  -1.9629227e-03
  -1.8573566e-04  -7.5231519e-04   1.9367581e-03  -1.6739265e-03
  -1.0327442e-04  -9.8077025e-04   5.5235070e-03  -1.5237986e-03
  -3.6565108e-04  -9.2084761e-04   6.6029048e-03  -1.4524879e-03
  -8.7166321e-04  -7.5980552e-04   8.1283037e-03  -1.4074495e-03
  -3.8814051e-04  -8.0474750e-04   8.4993467e-03  -1.6476541e-03
  -7.0674074e-04  -7.2984420e-04   7.5811090e-03  -1.6889393e-03
  -1.5238566e-03  -8.1972816e-04   7.2288056e-03  -1.5800966e-03
  -1.3926683e-03  -7.4107969e-04   6.7228379e-03  -1.5012794e-03
  -1.0253410e-03  -5.2386012e-04   7.1426037e-03  -1.2986068e-03
  -1.2052564e-03  -6.3621507e-04   6.9926873e-03  -1.4862666e-03
  -1.8686945e-03  -7.3358936e-04   5.9545165e-03  -1.2010237e-03
  -1.3252000e-03  -8.0474750e-04   6.9701999e-03  -8.0318479e-04
  -9.2413854e-04  -6.2497958e-04   7.8659501e-03  -1.4449815e-03
  -2.0223723e-03  -6.0250859e-04   5.1786994e-03  -1.6138753e-03
  -3.3305073e-03  -7.3733453e-04   9.7729336e-04  -1.3999431e-03
  -3.0456413e-03  -7.3733453e-04  -2.7143970e-03  -2.0192206e-03
  -1.7787368e-03  -9.5829926e-04  -5.9863216e-03  -2.5822002e-03
  -2.9107047e-03  -8.0849266e-04  -1.2297800e-02  -2.6309917e-03
  -3.9414701e-03  -6.2123441e-04  -2.0468242e-02  -2.8824559e-03
  -2.1198265e-03  -9.1335728e-04  -2.8593709e-02  -3.8357680e-03
  -1.4863742e-03  -1.2017350e-03  -4.1842567e-02  -4.7215225e-03
  -2.2172807e-03  -1.2991093e-03  -5.1017448e-02  -3.5730442e-03
  -7.7795726e-04  -1.5238192e-03  -4.5148223e-02  -2.0830250e-03
   1.0774205e-03  -1.4414255e-03  -3.0373965e-02  -2.1618421e-03
   2.4531171e-04  -1.1642833e-03  -1.7282519e-02  -1.8428204e-03
   6.7635908e-04  -1.1193414e-03  -7.9764612e-03  -1.3023600e-03
   5.4890967e-03  -1.0519284e-03   2.4614653e-03  -2.0492462e-03
   7.2620132e-03  -1.1904995e-03   1.4027513e-02  -3.3816311e-03
   3.1501962e-03  -6.4370540e-04   2.1766945e-02  -3.6593677e-03
   1.2385948e-03  -2.3173725e-04   2.4754028e-02  -3.1151541e-03
   4.1959546e-03  -5.9876342e-04   2.6699193e-02  -2.6347449e-03
   7.2919992e-03  -3.1787605e-04   2.6969042e-02  -2.4545915e-03
   4.7094632e-03   3.1505684e-04   2.2718913e-02  -1.5988626e-03
   1.8120752e-03   5.5100223e-04   1.7254462e-02  -3.7532033e-04
   6.4111632e-03  -8.5675815e-05   1.6887167e-02  -8.2195078e-04
   5.3166777e-03  -8.2721849e-04   1.4286118e-02  -5.5922698e-04
  -2.6070042e-04  -5.3135045e-04   1.1194093e-02  -3.7538290e-06
   1.2873219e-03  -7.4440320e-05   1.4765851e-02  -1.6701733e-03
   2.2318779e-03   1.9188805e-05   1.2730736e-02  -2.6384981e-03
   2.3555697e-03   7.1621115e-05   9.8823251e-03  -2.4057999e-03
   1.7745928e-03  -2.0177593e-04   9.9647791e-03  -2.5972130e-03
  -5.2307708e-04  -5.9459660e-05   7.3000158e-03  -2.8636899e-03
  -9.0914559e-04   4.9150125e-05   4.2417221e-03  -2.4583447e-03
  -5.0808413e-04  -6.3246991e-04  -2.5270016e-03  -1.2610748e-03
   1.1036582e-03  -8.6092497e-04  -6.5447600e-03  -7.4313364e-04
   4.1023418e-04  -6.9239255e-04  -7.9914529e-03  -1.0396362e-03
  -2.2285254e-03  -6.4370540e-04  -1.1758101e-02  -1.2573216e-03
  -3.0456413e-03  -8.5343464e-04  -1.3463400e-02  -1.2047769e-03
  -3.7353170e-03  -1.1268317e-03  -1.3856930e-02  -1.4975262e-03
  -3.7165759e-03  -9.8826058e-04  -1.0599998e-02  -2.6159789e-03
  -3.1131095e-03  -9.1710245e-04  -8.1676046e-03  -3.2652820e-03
  -7.8920198e-04  -8.4594431e-04  -8.7747659e-03  -3.5692910e-03
  -8.8281470e-05  -3.5158253e-04  -1.2443969e-02  -2.7510940e-03
  -2.8844670e-03  -3.4783737e-04  -1.6390517e-02  -1.3398920e-03
  -1.7562474e-03  -7.5606035e-04  -1.2623868e-02  -2.1468293e-03
  -1.1190469e-03  -8.9837662e-04  -1.2162876e-02  -2.5446682e-03
  -3.2480461e-03  -1.0406929e-03  -1.6888989e-02  -1.1109469e-03
  -1.9811417e-03  -1.0144767e-03  -1.6705341e-02  -8.9701471e-04
   6.0139432e-04  -1.0069864e-03  -1.2132892e-02  -2.2444124e-03
   4.6655098e-05  -7.9725717e-04  -7.9764612e-03  -3.0926350e-03
  -3.6116252e-03  -7.8976684e-04  -7.1181901e-03  -2.6647705e-03
  -3.6266181e-03  -1.0893800e-03  -5.2367398e-03  -2.3570083e-03
   1.2920956e-05  -1.0369477e-03   2.2021575e-04  -2.9800391e-03
   8.8251217e-04  -1.0669090e-03   2.7650460e-03  -2.9462603e-03
   3.9524123e-04  -8.4594431e-04   3.3084928e-03  -1.9554163e-03
   1.8795435e-03  -1.0182219e-03   6.7115941e-03  -1.6964457e-03
   3.6562083e-03  -1.1493027e-03   1.0006006e-02  -1.8728459e-03
   2.0819483e-03  -8.4219915e-04   1.1077908e-02  -1.3323856e-03
   4.5521304e-04  -1.1043607e-03   1.1242816e-02  -1.0884278e-03
   2.3555697e-03  -1.0893800e-03   1.3592755e-02  -1.9141311e-03
   3.0977208e-03  -6.3996024e-04   1.4192420e-02  -2.4958766e-03
   7.1384146e-04  -2.5420824e-04   1.0463251e-02  -2.0004546e-03
  -2.4945570e-04  -2.1675659e-04   9.4775510e-03  -1.5988626e-03
   1.2723289e-03  -2.9540506e-04   1.1265304e-02  -2.6835365e-03
   4.2522714e-04  -3.9652451e-04   9.1289954e-03  -2.5334086e-03
  -9.1289383e-04  -4.1525034e-04   4.9538248e-03  -1.0621554e-03
   4.7395423e-04  -2.0552110e-04   4.3579073e-03  -1.1935173e-03
   1.8083270e-03  -2.0552110e-04   6.0819454e-03  -1.6551605e-03
   2.0707036e-03  -2.2799209e-04   6.8577626e-03  -2.0792718e-03
   1.2920956e-05  -5.1262463e-04   3.3834509e-03  -1.7489904e-03
  -1.4413954e-03  -8.1598299e-04   6.2124201e-04  -1.1522321e-03
  -2.3821099e-04  -8.2721849e-04   2.5701547e-03  -1.9516631e-03
  -3.7689580e-04  -9.8451542e-04   2.4951965e-03  -2.5221490e-03
  -1.6700379e-03  -1.0182219e-03  -9.0860701e-05  -2.3382424e-03
  -1.6363038e-03  -8.0849266e-04  -1.8373863e-03  -2.0454930e-03
  -2.1946980e-04  -7.8976684e-04  -2.1821939e-03  -2.2031273e-03
  -1.4825328e-04  -9.0212179e-04  -3.7750552e-03  -2.0680122e-03
  -1.6775344e-03  -8.7965080e-04  -6.3723562e-03  -1.3549047e-03
  -2.6183421e-03  -1.0406929e-03  -7.2268794e-03  -1.3436452e-03
  -2.2547630e-03  -1.1904995e-03  -5.6415139e-03  -1.6551605e-03
  -5.4547328e-05  -9.4331860e-04  -3.9999298e-03  -2.2331528e-03
   4.3272361e-04  -8.4968948e-04  -6.5110288e-03  -2.1505825e-03
  -2.1385677e-03  -7.4482486e-04  -9.2957252e-03  -1.2986068e-03
  -2.5546221e-03  -6.0999892e-04  -7.4517540e-03  -1.8953651e-03
  -1.1302916e-03  -8.8714113e-04  -3.7675594e-03  -2.9988050e-03
  -1.4039130e-03  -1.0594187e-03  -4.2547876e-03  -2.7923792e-03
  -1.8649463e-03  -9.8826058e-04  -6.9158030e-03  -1.8728459e-03
  -1.1902634e-03  -4.9764397e-04  -6.1587254e-03  -1.7902756e-03
  -2.5320394e-04  -4.5270199e-04  -3.9849382e-03  -2.2406592e-03
  -3.2816870e-04  -8.2721849e-04  -3.8087864e-03  -1.8127948e-03
  -1.5276049e-03  -8.5343464e-04  -4.4534268e-03  -1.4900198e-03
  -1.7824850e-03  -1.2092253e-03  -2.6094555e-03  -1.8503268e-03
  -6.8050307e-04  -1.1455575e-03   4.9006519e-04  -2.0379866e-03
  -4.0688170e-04  -9.0212179e-04   1.1459493e-03  -2.1017910e-03
  -3.8064403e-04  -8.8339596e-04   1.0185204e-03  -1.8653395e-03
   6.9135203e-04  -7.7853134e-04   3.4096863e-03  -1.9516631e-03
   5.4142251e-04  -8.1223783e-04   6.0557101e-03  -2.4395787e-03
  -7.6296431e-04  -9.8826058e-04   5.9470207e-03  -1.9328971e-03
  -1.9698037e-04  -1.0369477e-03   5.2386659e-03  -1.6476541e-03
   1.5047197e-03  -6.1374408e-04   5.8982979e-03  -2.0980378e-03
   1.3885243e-03  -5.7254727e-04   5.5347507e-03  -1.8841055e-03
   3.8774476e-04  -4.9389880e-04   4.3204282e-03  -1.4187091e-03
   4.1773066e-04  -5.6505694e-04   4.1030495e-03  -1.5913562e-03
   9.5372869e-04  -8.7965080e-04   4.4740925e-03  -1.9178843e-03
   5.2268132e-04  -4.7142781e-04   4.8301438e-03  -1.8991183e-03
  -9.9535507e-04  -5.2011496e-04   4.3054366e-03  -2.1806081e-03
  -6.8799955e-04  -7.3733453e-04   4.5453027e-03  -2.1918677e-03
   1.4297549e-03  -5.7254727e-04   5.7371378e-03  -2.1092973e-03
   1.4934750e-03  -5.6131177e-04   4.2079909e-03  -2.3607615e-03
  -2.9818280e-04  -4.1899550e-04   1.6331774e-03  -1.6476541e-03
  -4.2937113e-04  -4.0026968e-04   1.8805394e-03  -1.5350582e-03
   4.9644366e-04  -9.0961212e-04   2.4539695e-03  -2.1130505e-03
  -1.5200152e-04  -1.1792640e-03   1.6219337e-03  -1.9028715e-03
  -9.2039031e-04  -9.6953476e-04   1.7898875e-04  -1.5838498e-03
  -4.5935703e-04  -7.8602167e-04  -6.6054287e-04  -1.6176285e-03
   1.7034695e-04  -3.9277935e-04  -7.2121156e-05  -1.9591695e-03
   2.2282228e-04  -4.7891814e-04  -6.6054287e-04  -1.7527436e-03
  -8.0419493e-04  -6.2497958e-04  -1.7774198e-03  -1.7602500e-03
  -1.3064588e-03  -5.1262463e-04  -1.6125118e-03  -1.9441567e-03
  -8.9790088e-04  -8.6092497e-04  -1.7361928e-03  -2.0417398e-03
  -1.0178445e-03  -7.1486354e-04  -2.9580111e-03  -2.1130505e-03
  -1.0253410e-03  -5.9501826e-04  -3.8387697e-03  -1.5650838e-03
  -9.3538326e-04  -5.5007628e-04  -3.8874925e-03  -1.5838498e-03
  -7.6671255e-04  -4.5644715e-04  -3.5314412e-03  -1.6814329e-03
  -3.6939932e-04  -6.8864738e-04  -2.4857746e-03  -1.7302244e-03
  -5.6430770e-04  -7.2984420e-04  -2.4595392e-03  -1.8015352e-03
  -8.7541145e-04  -7.4107969e-04  -2.5232536e-03  -1.9516631e-03
  -4.3311937e-04  -6.1748925e-04  -2.2571521e-03  -2.2519188e-03
  -4.8184646e-04  -9.4331860e-04  -2.8418259e-03  -1.6964457e-03
  -8.7541145e-04  -8.1223783e-04  -2.2871354e-03  -1.7677564e-03
  -4.2937113e-04  -3.5532770e-04  -1.3201749e-03  -2.1618421e-03
  -5.3057355e-04  -7.7853134e-04  -1.1327794e-03  -1.9929482e-03
  -7.3672664e-04  -1.0369477e-03  -1.1777543e-03  -1.8127948e-03
  -1.7074271e-04  -1.1343220e-03  -9.9410677e-04  -1.7489904e-03
   2.3031876e-04  -7.7478618e-04  -1.0960025e-04  -2.0492462e-03
  -2.0813186e-05  -6.9239255e-04   6.4747737e-04  -1.8690927e-03
  -3.5815461e-04  -9.1335728e-04   8.9858727e-04  -1.8690927e-03
   5.4151574e-05  -8.8714113e-04   1.3633280e-03  -2.0980378e-03
   1.8908814e-04  -1.0669090e-03   1.8580520e-03  -1.9216375e-03
   9.5382192e-05  -8.1598299e-04   2.0716828e-03  -2.0154674e-03
   3.0903176e-04  -7.0737321e-04   1.9779851e-03  -1.7452372e-03
   2.6780114e-04  -6.9239255e-04   1.9929767e-03  -1.7602500e-03
   2.4531171e-04  -7.6729585e-04   2.5214319e-03  -2.0867782e-03
   1.9283638e-04  -6.4370540e-04   2.4689611e-03  -1.7827692e-03
   2.1157757e-04  -4.1899550e-04   2.0342037e-03  -2.0342334e-03
   2.0033286e-04  -6.9988288e-04   2.0454474e-03  -2.1393229e-03
   2.1157757e-04  -5.1636979e-04   2.0566912e-03  -1.9479099e-03
   4.5146480e-04  -5.2011496e-04   1.6893961e-03  -2.2669316e-03
   1.8159167e-04  -6.8490222e-04   1.2134116e-03  -1.9441567e-03
  -1.4825328e-04  -6.6243123e-04   1.0485036e-03  -2.0117142e-03
  -2.0719960e-06  -7.9725717e-04   9.0608309e-04  -2.3382424e-03
   8.0389240e-05  -7.1111837e-04   8.6110818e-04  -1.7827692e-03
  -4.3302614e-05  -7.8976684e-04   6.9245228e-04  -2.0004546e-03
   1.1037514e-04  -8.7965080e-04   4.4883819e-04  -2.1918677e-03
  -1.4450504e-04  -6.5868606e-04   3.8137583e-04  -2.0192206e-03
  -4.4061584e-04  -7.4482486e-04  -1.5902521e-05  -2.1993741e-03
  -2.1572156e-04  -9.5829926e-04  -2.5202079e-04  -1.8803523e-03
  -9.4287973e-04  -1.0332026e-03  -5.2936605e-04  -1.8953651e-03
  -6.3927246e-04  -8.5717981e-04  -8.5543414e-04  -1.9891950e-03
   1.8533990e-04  -6.3996024e-04  -1.2302250e-03  -1.8090416e-03
  -6.2043804e-05  -8.1972816e-04  -1.7474365e-03  -1.7790160e-03
   7.2892764e-05  -6.3621507e-04  -1.5338057e-03  -1.7977820e-03
  -2.8693808e-04  -6.3996024e-04  -1.5075703e-03  -2.0942846e-03
  -3.2442046e-04  -8.0849266e-04  -1.8448821e-03  -2.0567526e-03
  -3.7314756e-04  -5.9876342e-04  -2.0585129e-03  -1.9291439e-03
  -2.7569337e-04  -6.5494090e-04  -1.5750327e-03  -2.0867782e-03
   4.0273771e-04  -6.3996024e-04  -1.2302250e-03  -2.0229738e-03
   6.1648050e-05  -5.2760529e-04  -1.9085966e-03  -2.0117142e-03
   3.1662146e-05  -7.6729585e-04  -1.9160924e-03  -2.0192206e-03
   1.3286457e-04  -1.1043607e-03  -2.0510171e-03  -1.8878587e-03
   7.6641002e-05  -8.8714113e-04  -2.1709502e-03  -1.9366503e-03
   2.0417432e-05  -6.6992156e-04  -1.8561258e-03  -1.7865224e-03
  -1.2201561e-04  -7.4857002e-04  -1.6987137e-03  -1.6814329e-03
   1.5160576e-04  -8.6467014e-04  -1.2489646e-03  -1.8615863e-03
   1.4785752e-04  -9.0586695e-04  -1.2414688e-03  -1.8090416e-03
  -5.8295566e-05  -7.2609903e-04  -1.0765608e-03  -1.7640032e-03
  -3.6190284e-04  -8.3096365e-04  -6.3430751e-04  -2.0755186e-03
  -1.8573566e-04  -8.0849266e-04  -4.1692878e-04  -2.3007104e-03
   2.7154938e-04  -8.8714113e-04  -2.8575197e-04  -1.9666759e-03
   2.4156347e-04  -7.4857002e-04  -1.0585234e-04  -2.0605058e-03
   2.6780114e-04  -5.3135045e-04  -2.3398339e-05  -2.1468293e-03
   3.9524123e-04  -7.6729585e-04  -9.4608610e-05  -1.8353140e-03
   1.9283638e-04  -7.8227651e-04   2.6893856e-04  -1.9178843e-03
  -1.7449094e-04  -9.0212179e-04   3.8887165e-04  -1.9028715e-03
  -3.2057900e-05  -7.3733453e-04   5.5003174e-04  -2.2444124e-03
   3.0903176e-04  -7.3358936e-04   6.2124201e-04  -2.3307360e-03
   4.4022009e-04  -7.7104101e-04   3.7762792e-04  -1.8165480e-03
   5.2268132e-04  -6.3621507e-04   5.5377965e-04  -1.9178843e-03
   3.5401061e-04  -7.9351200e-04   5.3504010e-04  -2.0492462e-03
  -2.4561424e-05  -7.3733453e-04   5.0880474e-04  -2.0830250e-03
   1.2536810e-04  -7.5606035e-04   3.8512374e-04  -1.9666759e-03
   4.6270952e-04  -6.6243123e-04   6.2803568e-05  -1.9178843e-03
   1.3661281e-04  -5.3509562e-04   5.9055659e-05  -2.2106337e-03
   3.6525533e-04  -5.6880210e-04   2.1646784e-04  -1.9141311e-03
   6.2763199e-04  -6.9988288e-04   1.2277011e-04  -1.7902756e-03
  -1.7064948e-05  -6.6992156e-04  -8.4067030e-06  -2.0117142e-03
  -8.8281470e-05  -6.8864738e-04  -9.1088500e-07  -2.0379866e-03
   2.3406700e-04  -7.2235387e-04  -3.5696224e-04  -1.9366503e-03
   3.3901766e-04  -4.4895682e-04  -3.5696224e-04  -1.8353140e-03
   2.8279409e-04  -4.3023100e-04  -1.2459188e-04  -1.6889393e-03
   2.9403881e-04  -3.8154385e-04  -5.6309724e-04  -1.5876030e-03
   2.1907405e-04  -4.7517298e-04  -6.4929914e-04  -1.8803523e-03
   5.7899812e-05  -5.8003760e-04  -4.6565160e-04  -1.7902756e-03
   5.7899812e-05  -7.0362804e-04  -8.4044250e-04  -1.8165480e-03
   2.4905995e-04  -5.8752793e-04  -8.3294668e-04  -1.7640032e-03
   5.1143661e-04  -3.7779869e-04  -7.3550105e-04  -1.6363945e-03
   1.1412338e-04  -7.2235387e-04  -8.5543414e-04  -1.8916119e-03
   1.2161986e-04  -6.5119573e-04  -7.3550105e-04  -1.7790160e-03
   3.9158622e-05  -5.5756661e-04  -6.5304705e-04  -1.8615863e-03
  -1.8948390e-04  -6.0250859e-04  -7.0176987e-04  -2.0004546e-03
   1.9283638e-04  -5.8003760e-04  -8.8916532e-04  -1.8953651e-03
  -1.0327442e-04  -5.2011496e-04  -8.1420714e-04  -1.8203012e-03
   3.0903176e-04  -6.5494090e-04  -8.8541741e-04  -1.8615863e-03
   4.3647185e-04  -1.0257122e-03  -8.4793832e-04  -1.8165480e-03
  -2.4945570e-04  -8.3096365e-04  -5.7808887e-04  -1.7077053e-03
  -2.0813186e-05  -5.7254727e-04  -5.7434096e-04  -1.8841055e-03
  -1.3326033e-04  -5.9127309e-04  -5.9682842e-04  -2.0117142e-03
  -1.3700856e-04  -6.8490222e-04  -6.8677823e-04  -2.2706848e-03
  -8.0784994e-05  -7.2984420e-04  -4.8813906e-04  -2.1280633e-03
  -2.5695218e-04  -7.4857002e-04  -4.9563487e-04  -1.7865224e-03
   3.1662146e-05  -6.2872474e-04  -4.4316415e-04  -2.0755186e-03
   2.1157757e-04  -7.4482486e-04  -4.6565160e-04  -1.9704291e-03
  -9.5684720e-06  -8.3096365e-04  -6.2681169e-04  -1.9779355e-03
  -2.3821099e-04  -6.5868606e-04  -4.7689533e-04  -2.1017910e-03
   4.2906860e-05  -9.6953476e-04  -5.6684514e-04  -2.0492462e-03
   1.6659871e-04  -9.0586695e-04  -3.0074361e-04  -2.4133063e-03
  -1.3316710e-05  -7.7853134e-04  -3.3072688e-04  -2.2781912e-03
