  -1.3700856e-04  -8.7216047e-04  -2.2203752e-04  -2.3269828e-03
  -4.6685351e-04  -1.2991093e-03  -1.7331470e-04  -2.1280633e-03
  -1.2576385e-04  -5.1262463e-04  -1.9205424e-04  -2.0379866e-03
   1.2161986e-04  -8.0100233e-04  -3.1198733e-04  -2.2669316e-03
  -9.5777946e-05  -1.0069864e-03  -1.3958352e-04  -2.1280633e-03
  -2.8309662e-05  -5.9876342e-04  -1.6581888e-04  -2.2406592e-03
  -5.4547328e-05  -7.1486354e-04  -1.6207097e-04  -2.3419956e-03
  -3.0942751e-04  -8.2347332e-04   1.0028266e-04  -1.9816886e-03
   7.6641002e-05  -8.3096365e-04   3.2820296e-05  -2.0529994e-03
   1.1412338e-04  -5.9127309e-04   1.0332842e-05  -1.9741823e-03
  -9.5684720e-06  -7.6355068e-04   2.5324478e-05  -2.0342334e-03
   1.9283638e-04  -7.9725717e-04   5.9055659e-05  -2.1505825e-03
   1.5910224e-04  -6.9239255e-04  -4.2137884e-05  -1.8878587e-03
   2.3031876e-04  -7.8227651e-04  -1.5832306e-04  -1.9704291e-03
   2.7913908e-05  -7.3733453e-04   6.6551477e-05  -2.0229738e-03
   8.7885716e-05  -5.3135045e-04   1.1152638e-04  -2.1430761e-03
   6.5396288e-05  -5.0887946e-04  -1.3208770e-04  -2.1918677e-03
  -2.2696628e-04  -8.2721849e-04  -2.8200406e-04  -1.8690927e-03
   1.2911633e-04  -7.8602167e-04  -2.5951661e-04  -2.1993741e-03
   2.0417432e-05  -7.5231519e-04  -4.0568506e-04  -2.2819444e-03
  -8.4533232e-05  -5.6131177e-04  -3.7944969e-04  -1.9028715e-03
   2.1532581e-04  -6.2872474e-04  -2.3398339e-05  -2.0680122e-03
  -1.6324623e-04  -7.6355068e-04   1.2277011e-04  -2.0492462e-03
  -4.9683941e-04  -6.8115705e-04   2.4270320e-04  -1.8540799e-03
  -2.7569337e-04  -8.2347332e-04   2.9892183e-04  -1.9629227e-03
   4.2906860e-05  -8.0100233e-04  -9.1088500e-07  -2.0867782e-03
  -7.7036756e-05  -9.1710245e-04  -8.7112792e-05  -1.9704291e-03
  -1.0702266e-04  -7.0737321e-04  -2.1079379e-04  -2.2406592e-03
   8.0389240e-05  -7.7104101e-04  -4.3192042e-04  -2.2293996e-03
  -1.3326033e-04  -7.4857002e-04   6.5849330e-06  -1.7114585e-03
  -1.1077090e-04  -6.8864738e-04   5.1559841e-05  -1.9554163e-03
  -1.5949799e-04  -9.3957344e-04  -1.6207097e-04  -2.2106337e-03
  -3.6190284e-04  -5.9876342e-04  -6.8373247e-05  -2.1130505e-03
  -3.2067223e-04  -7.9351200e-04  -3.5321433e-04  -2.0267270e-03
  -4.0313346e-04  -9.7702509e-04  -3.0823942e-04  -2.0154674e-03
  -4.8559470e-04  -1.1380672e-03  -2.8949988e-04  -2.1393229e-03
  -2.1197332e-04  -1.1680285e-03  -2.7450824e-04  -2.0980378e-03
  -5.8202340e-06  -7.5606035e-04   1.3776175e-04  -2.0042078e-03
  -2.4945570e-04  -9.5455410e-04  -1.8830634e-04  -2.1468293e-03
  -3.5065813e-04  -9.2833794e-04  -3.5696224e-04  -2.1618421e-03
  -2.9818280e-04  -8.9088629e-04  -1.0585234e-04  -2.2444124e-03
  -1.7449094e-04  -9.0586695e-04  -1.9205424e-04  -2.4583447e-03
  -1.8573566e-04  -6.7741189e-04  -3.2323106e-04  -2.0980378e-03
  -2.8693808e-04  -7.3733453e-04  -3.8319760e-04  -2.0117142e-03
  -1.4825328e-04  -7.6355068e-04   2.9072387e-05  -2.2781912e-03
  -1.7074271e-04  -8.8339596e-04  -1.1334816e-04  -2.1205569e-03
  -2.0072861e-04  -9.2833794e-04  -3.7195388e-04  -1.8728459e-03
  -2.1946980e-04  -9.0586695e-04  -1.9650430e-05  -1.8578331e-03
  -2.9068632e-04  -9.1335728e-04  -1.1334816e-04  -2.0454930e-03
  -3.9938522e-04  -8.8714113e-04  -3.3822270e-04  -2.1505825e-03
  -3.3941342e-04  -1.0406929e-03  -4.3192042e-04  -1.9741823e-03
  -1.5574975e-04  -8.1972816e-04  -2.0329797e-04  -1.8503268e-03
  -1.8948390e-04  -7.7104101e-04  -2.3328124e-04  -1.8278076e-03
  -1.4825328e-04  -1.0182219e-03  -1.9955006e-04  -1.9291439e-03
  -1.4450504e-04  -7.5606035e-04   1.7828660e-05  -1.9178843e-03
  -1.9323213e-04  -7.7853134e-04  -1.5082725e-04  -1.7114585e-03
  -2.0072861e-04  -9.8826058e-04  -1.3208770e-04  -2.0605058e-03
   2.4165670e-05  -1.0294574e-03  -2.7825615e-04  -1.9704291e-03
   1.6669194e-05  -1.0893800e-03  -2.7825615e-04  -1.7189649e-03
  -4.5560879e-04  -7.3733453e-04  -1.7706261e-04  -1.9141311e-03
  -4.5935703e-04  -7.4107969e-04   2.5324478e-05  -1.9328971e-03
  -3.3941342e-04  -8.1598299e-04  -1.0960025e-04  -2.0117142e-03
  -2.4561424e-05  -6.6243123e-04  -3.1198733e-04  -1.9028715e-03
   8.0389240e-05  -8.3845398e-04  -7.9616974e-05  -1.9404035e-03
  -3.2057900e-05  -8.5717981e-04  -3.6445806e-04  -1.9779355e-03
   3.5775885e-04  -8.4594431e-04  -2.9699570e-04  -1.8803523e-03
  -9.5684720e-06  -6.8115705e-04  -2.4827288e-04  -2.0755186e-03
  -2.3446275e-04  -7.1860870e-04  -3.5696224e-04  -2.1468293e-03
   4.2906860e-05  -7.8227651e-04   4.0316114e-05  -1.9103779e-03
  -2.2696628e-04  -8.6467014e-04   1.2277011e-04  -1.7452372e-03
  -2.0822509e-04  -1.2541673e-03  -1.5457515e-04  -1.8390672e-03
  -4.7050852e-05  -9.6953476e-04  -3.5696224e-04  -1.9854418e-03
  -1.8198742e-04  -7.5606035e-04  -1.4333143e-04  -2.0154674e-03
  -1.5949799e-04  -8.0849266e-04  -1.7331470e-04  -2.0529994e-03
  -1.7064948e-05  -7.1860870e-04  -3.8319760e-04  -2.1355697e-03
  -1.3316710e-05  -7.8976684e-04  -2.1828961e-04  -2.1956209e-03
  -1.0702266e-04  -9.2459278e-04  -1.3958352e-04  -2.1843613e-03
  -2.7944161e-04  -8.8339596e-04  -1.2084397e-04  -2.1580889e-03
  -2.5695218e-04  -9.5080893e-04  -1.3958352e-04  -2.3119700e-03
  -7.3288518e-05  -9.6578959e-04  -3.0894157e-05  -2.2706848e-03
  -1.1826737e-04  -6.5868606e-04   1.0332842e-05  -2.1092973e-03
  -2.1946980e-04  -8.5717981e-04  -9.4608610e-05  -2.2706848e-03
   3.5410384e-05  -8.0100233e-04  -1.8455843e-04  -2.2856976e-03
   7.2892764e-05  -4.6019232e-04  -2.3328124e-04  -2.2293996e-03
  -3.2057900e-05  -8.4594431e-04  -1.7331470e-04  -2.3307360e-03
  -6.9540280e-05  -9.5829926e-04  -2.4452497e-04  -2.2106337e-03
  -1.0702266e-04  -7.9351200e-04  -2.0329797e-04  -2.1693485e-03
   1.2161986e-04  -9.5080893e-04  -2.5202079e-04  -2.3495020e-03
  -3.5806138e-05  -7.2984420e-04  -2.4452497e-04  -2.4057999e-03
   1.3661281e-04  -7.4857002e-04   1.4080751e-05  -2.0905314e-03
  -2.0719960e-06  -8.3845398e-04   8.1543113e-05  -1.8916119e-03
  -2.5320394e-04  -4.5270199e-04  -1.5082725e-04  -1.9666759e-03
   1.4036105e-04  -8.3096365e-04  -3.3447479e-04  -1.9216375e-03
   5.7899812e-05  -9.2459278e-04  -6.4625338e-05  -2.0755186e-03
  -1.5574975e-04  -3.9277935e-04   9.6534749e-05  -2.2293996e-03
  -3.6939932e-04  -5.4633111e-04   1.6774502e-04  -2.0042078e-03
   1.0662691e-04  -8.4968948e-04  -6.0877429e-05  -1.8991183e-03
   2.9029057e-04  -7.1111837e-04  -3.5321433e-04  -2.1468293e-03
   6.5396288e-05  -5.5007628e-04  -1.2833979e-04  -2.0680122e-03
   1.6659871e-04  -7.3733453e-04  -2.5202079e-04  -1.9704291e-03
  -2.4195923e-04  -9.1335728e-04  -1.2833979e-04  -2.0680122e-03
  -3.3566518e-04  -6.8490222e-04   2.2021575e-04  -1.9816886e-03
  -9.9526184e-05  -6.8490222e-04  -2.7146248e-05  -1.9516631e-03
  -9.9526184e-05  -1.1193414e-03   1.4080751e-05  -1.8278076e-03
   9.1727180e-06  -1.0519284e-03  -5.3381611e-05  -1.8615863e-03
   8.7885716e-05  -8.4968948e-04  -3.3072688e-04  -1.9479099e-03
  -1.1451914e-04  -9.0212179e-04  -1.0210443e-04  -1.9328971e-03
  -1.4450504e-04  -9.0212179e-04   3.6568205e-05  -1.8803523e-03
  -2.0822509e-04  -8.6841530e-04  -3.0894157e-05  -1.9328971e-03
  -2.2696628e-04  -8.3845398e-04   1.4080751e-05  -1.9854418e-03
  -1.7449094e-04  -8.2721849e-04   1.0403057e-04  -1.8728459e-03
   1.6669194e-05  -8.4594431e-04  -1.8455843e-04  -2.0379866e-03
   4.6655098e-05  -1.0294574e-03  -1.8081052e-04  -2.1280633e-03
  -1.4825328e-04  -9.5829926e-04   8.5291022e-05  -2.0454930e-03
  -1.1077090e-04  -7.4107969e-04  -7.9616974e-05  -2.0192206e-03
  -3.6939932e-04  -9.4706377e-04  -1.5457515e-04  -1.9854418e-03
  -1.2951209e-04  -1.0931252e-03  -2.7450824e-04  -2.0117142e-03
  -2.8309662e-05  -9.1710245e-04  -1.9955006e-04  -2.0267270e-03
  -2.4570747e-04  -8.6092497e-04  -2.4077706e-04  -1.9178843e-03
  -2.0072861e-04  -8.0849266e-04  -2.9699570e-04  -2.1355697e-03
  -3.6565108e-04  -8.1223783e-04  -2.4077706e-04  -2.4208127e-03
  -2.2321804e-04  -8.7965080e-04  -3.9818924e-04  -2.0229738e-03
  -2.2696628e-04  -7.9725717e-04  -2.2578543e-04  -1.8953651e-03
  -3.0942751e-04  -1.1043607e-03  -2.1828961e-04  -2.0529994e-03
  -2.0822509e-04  -1.1343220e-03  -2.0329797e-04  -1.8653395e-03
  -2.9443456e-04  -6.8864738e-04  -1.9650430e-05  -1.9741823e-03
  -4.5935703e-04  -8.6092497e-04  -8.3364883e-05  -2.1280633e-03
  -3.3191694e-04  -9.7702509e-04  -1.9205424e-04  -2.0830250e-03
  -1.8573566e-04  -9.3208311e-04  -1.0585234e-04  -1.9816886e-03
  -3.3191694e-04  -9.2084761e-04  -3.4642066e-05  -2.1430761e-03
  -2.1197332e-04  -5.3884078e-04  -2.3328124e-04  -2.2556720e-03
  -3.2067223e-04  -7.6729585e-04  -3.0449151e-04  -1.8165480e-03
  -3.8814051e-04  -1.0519284e-03  -4.9633702e-05  -1.8315608e-03
  -4.7050852e-05  -8.1972816e-04   1.4150966e-04  -1.7227181e-03
  -1.1077090e-04  -9.3957344e-04  -1.0210443e-04  -1.6926925e-03
  -1.4075680e-04  -9.8077025e-04  -1.8455843e-04  -1.9704291e-03
  -5.4547328e-05  -8.3470882e-04  -2.2578543e-04  -1.9404035e-03
  -9.5777946e-05  -7.4107969e-04  -3.0823942e-04  -2.0304802e-03
  -1.8198742e-04  -7.9351200e-04  -1.5832306e-04  -1.8353140e-03
  -2.6070042e-04  -7.7104101e-04   2.9072387e-05  -1.9291439e-03
  -2.0447685e-04  -5.6505694e-04   4.4064023e-05  -1.9891950e-03
  -4.0313346e-04  -7.9351200e-04  -1.5832306e-04  -1.9291439e-03
  -3.4690989e-04  -6.8490222e-04   6.6551477e-05  -1.9516631e-03
  -9.9526184e-05  -5.4258595e-04  -2.3398339e-05  -2.0229738e-03
  -3.9554376e-05  -6.4370540e-04  -1.1709606e-04  -2.1693485e-03
   1.8533990e-04  -7.5980552e-04  -1.2084397e-04  -2.0342334e-03
   2.4531171e-04  -1.0107316e-03  -4.6939951e-04  -2.1768549e-03
  -1.3316710e-05  -4.6768265e-04  -6.4625338e-05  -2.0867782e-03
  -4.4811232e-04  -6.7741189e-04  -4.9633702e-05  -2.2106337e-03
  -4.0313346e-04  -1.0444381e-03  -1.3958352e-04  -2.1505825e-03
  -1.8948390e-04  -4.8266331e-04   4.4064023e-05  -2.0642590e-03
  -2.0822509e-04  -8.2347332e-04  -1.0585234e-04  -2.3044636e-03
  -1.2201561e-04  -1.0594187e-03  -3.0894157e-05  -2.0942846e-03
  -1.6699447e-04  -6.1748925e-04  -1.9955006e-04  -2.0492462e-03
   7.2892764e-05  -7.5980552e-04  -2.2203752e-04  -1.9554163e-03
  -2.0813186e-05  -1.0781445e-03  -7.9616974e-05  -2.1017910e-03
  -3.8064403e-04  -7.7853134e-04  -1.3208770e-04  -2.2331528e-03
  -2.8318985e-04  -5.5007628e-04  -2.0329797e-04  -2.3570083e-03
  -4.4436408e-04  -6.7741189e-04  -5.3381611e-05  -2.3570083e-03
  -3.4316165e-04  -9.4331860e-04  -8.7112792e-05  -2.1243101e-03
  -1.2576385e-04  -9.6204443e-04  -2.1828961e-04  -2.0755186e-03
  -1.9698037e-04  -5.6880210e-04  -4.2137884e-05  -2.1130505e-03
  -5.0799090e-05  -6.3996024e-04  -2.1079379e-04  -2.4395787e-03
  -7.7036756e-05  -9.6204443e-04  -4.2137884e-05  -2.2444124e-03
  -1.5949799e-04  -7.8976684e-04  -1.2459188e-04  -2.1318165e-03
  -1.4825328e-04  -6.7366672e-04  -2.0704588e-04  -2.2819444e-03
  -9.5777946e-05  -1.0332026e-03  -3.0894157e-05  -2.2744380e-03
  -2.0719960e-06  -7.7104101e-04  -1.0210443e-04  -2.4133063e-03
  -1.0327442e-04  -4.7517298e-04  -2.3328124e-04  -2.1505825e-03
  -3.0567927e-04  -9.3208311e-04  -1.0960025e-04  -2.1430761e-03
  -2.6070042e-04  -7.4857002e-04   1.3401384e-04  -2.3232296e-03
   5.7899812e-05  -4.7891814e-04  -5.2561815e-04  -1.9066247e-03
  -3.5806138e-05  -7.1486354e-04   4.7811932e-05  -1.9066247e-03
  -2.7569337e-04  -7.3733453e-04  -2.2953333e-04  -2.0454930e-03
   5.4151574e-05  -7.2235387e-04  -3.1198733e-04  -1.8090416e-03
   1.1037514e-04  -7.7104101e-04   1.4150966e-04  -1.9479099e-03
  -2.3071451e-04  -7.5606035e-04  -2.1828961e-04  -1.9291439e-03
   1.3661281e-04  -6.0625375e-04  -4.5885793e-05  -2.0379866e-03
  -1.3316710e-05  -5.8752793e-04  -5.8558469e-04  -1.5688370e-03
   4.2906860e-05  -7.2609903e-04   5.0737579e-03  -1.1484789e-03
   5.5641547e-04  -6.3621507e-04   1.0766832e-02  -1.8916119e-03
  -1.0890610e-03  -6.9613771e-04   9.4625593e-03  -1.5275518e-03
  -2.0186240e-03  -8.9837662e-04   8.7691962e-03  -1.1559853e-03
  -5.6430770e-04  -9.0586695e-04   9.3950970e-03  -1.1447257e-03
  -5.4931474e-04  -7.5606035e-04   1.1186597e-02  -1.4224623e-03
  -2.3259796e-03  -4.8266331e-04   1.2543341e-02  -1.9516631e-03
  -2.4946503e-03  -5.6131177e-04   8.2220015e-03  -1.3061132e-03
  -1.6587932e-03  -7.8227651e-04   5.3061283e-03  -7.9192520e-04
  -1.4751295e-03  -8.7216047e-04   9.4250803e-03  -8.6323594e-04
  -1.3964165e-03  -6.8490222e-04   1.2344701e-02  -1.3098664e-03
  -2.2547630e-03  -4.5270199e-04   1.0778075e-02  -1.2986068e-03
  -3.0343965e-03  -8.4968948e-04   5.2311701e-03  -5.9675895e-04
  -2.2060359e-03  -1.2054801e-03   1.5619672e-03  -4.3537148e-04
  -2.8732223e-03  -9.2084761e-04   1.2808740e-03  -2.0755186e-03
  -6.6514462e-03  -9.0961212e-04  -5.1430420e-03  -3.2690352e-03
  -7.5885057e-03  -1.4152094e-03  -1.8658002e-02  -3.3140736e-03
  -4.2975527e-03  -1.3477964e-03  -3.5025120e-02  -4.5601350e-03
  -3.0681307e-03  -1.1043607e-03  -4.8641274e-02  -4.9879994e-03
  -4.1513715e-03  -8.8714113e-04  -5.3333656e-02  -4.8904163e-03
  -2.4684126e-03  -6.6617639e-04  -5.0444018e-02  -4.1848153e-03
   2.7753724e-03  -9.7327992e-04  -4.0751925e-02  -2.9387539e-03
   5.7514733e-03  -1.2242060e-03  -2.7424361e-02  -2.1092973e-03
   4.6494914e-03  -1.6361741e-03  -1.5078749e-02  -1.1860109e-03
   4.3983594e-03  -1.7110774e-03  -1.9460757e-03  -1.2986068e-03
   6.1337936e-03  -1.4339352e-03   1.0466999e-02  -1.7940288e-03
   7.6143476e-03  -1.2803834e-03   2.0185327e-02  -2.6685237e-03
   5.5303273e-03  -7.3358936e-04   2.6395612e-02  -2.7848728e-03
   5.3991390e-03  -8.2721849e-04   3.1792601e-02  -3.2390096e-03
   5.6015438e-03  -5.3135045e-04   3.1916282e-02  -3.5692910e-03
   3.0939726e-03   1.5775991e-04   2.6035813e-02  -2.6197321e-03
   6.9696507e-03  -1.2687263e-04   2.2351618e-02  -2.1881145e-03
   4.0310321e-03  -3.0664055e-04   1.3915075e-02  -2.6647762e-04
   5.6391194e-04  -6.3996024e-04   1.2640786e-02  -5.1794182e-04
   5.1030282e-03  -8.6092497e-04   1.6235031e-02  -1.6439009e-03
   2.2131367e-03  -7.8976684e-04   1.0062225e-02  -7.5070260e-06
   3.5887400e-03  -5.7254727e-04   1.1190345e-02  -6.9434208e-04
   5.9014029e-03  -1.3061780e-04   1.2573324e-02  -2.2631784e-03
   2.6741699e-03   3.2254717e-04   9.1177517e-03  -2.5334086e-03
   2.5655643e-04   5.3227641e-04   5.6059610e-03  -2.2744380e-03
  -2.4084408e-03  -1.0772515e-05   7.7795204e-05  -2.1355697e-03
  -1.6213108e-03  -5.4633111e-04  -4.2442460e-04  -3.0551030e-03
  -3.2330532e-03  -9.1710245e-04  -5.3154458e-03  -2.8974687e-03
  -4.6986142e-03  -7.6355068e-04  -1.3474644e-02  -1.9666759e-03
  -4.3425316e-03  -7.0362804e-04  -1.7342486e-02  -1.3211260e-03
  -2.9144529e-03  -7.4107969e-04  -1.7664806e-02  -1.4937730e-03
   2.6780114e-04  -5.4633111e-04  -1.4055570e-02  -2.1130505e-03
  -7.1423722e-04  -8.1223783e-04  -1.3946880e-02  -1.9441567e-03
   3.8399652e-04  -6.2497958e-04  -1.4175503e-02  -2.4470851e-03
  -2.6333351e-03  -7.8227651e-04  -1.5828331e-02  -1.9028715e-03
  -5.8830574e-03  -9.5080893e-04  -1.5164951e-02  -1.7715096e-03
  -2.3071451e-04  -1.1493027e-03  -7.3355688e-03  -3.8470276e-03
  -1.0440822e-03  -1.3740126e-03  -1.0809880e-02  -3.2915544e-03
  -6.4640343e-03  -8.7216047e-04  -1.8290707e-02  -1.3136196e-03
  -5.5082336e-03  -1.0107316e-03  -1.4539050e-02  -1.6213817e-03
  -3.2067223e-04  -1.4264449e-03  -7.9277384e-03  -2.9875454e-03
  -1.6324623e-04  -1.5163288e-03  -6.8745760e-03  -2.7698600e-03
  -2.6933069e-03  -1.3927384e-03  -9.9178781e-03  -1.1409725e-03
  -9.6162092e-04  -1.1118510e-03  -5.1243025e-03  -1.3849303e-03
   2.9815255e-03  -5.1262463e-04   3.1923076e-03  -2.7586004e-03
   3.1127138e-03  -1.4039739e-03   5.1786994e-03  -2.3232296e-03
  -2.0561064e-03  -1.6211935e-03   5.7521294e-03  -1.3211260e-03
   5.2268132e-04  -1.1189197e-04   1.0946731e-02  -2.0755186e-03
   4.8893786e-03  -6.8864738e-04   1.6459905e-02  -3.4979802e-03
   3.3600975e-03  -1.0743994e-03   1.4308606e-02  -2.7435876e-03
   3.2402471e-04  -9.4706377e-04   1.2505861e-02  -1.7152117e-03
  -1.6400520e-03  -8.4968948e-04   1.3023073e-02  -2.2406592e-03
   2.0819483e-03  -8.6467014e-04   1.1407724e-02  -2.3982935e-03
   4.3571288e-03  -1.1530478e-03   9.1852141e-03  -2.3194764e-03
   2.3180873e-03  -4.9389880e-04   4.5078236e-03  -1.5463178e-03
  -1.2352423e-03  -2.7293407e-04   3.2335346e-03  -1.1372193e-03
  -3.0193104e-04  -3.8154385e-04   6.5504340e-03  -2.2293996e-03
   2.6516805e-03  -8.3096365e-04   5.7746169e-03  -2.6234853e-03
   1.1936159e-03  -7.6729585e-04   2.3790113e-03  -2.1355697e-03
  -6.0553831e-04  -1.6432428e-04   2.0416995e-03  -1.9479099e-03
  -1.1115504e-03  -1.1563714e-04   3.0386433e-03  -2.4545915e-03
   4.1023418e-04  -3.0289539e-04   2.0754307e-03  -2.5746938e-03
   2.1532581e-04  -6.8864738e-04  -8.5543414e-04  -2.0417398e-03
  -1.4938707e-03  -6.8115705e-04  -2.7406324e-03  -1.9666759e-03
  -1.9586522e-03  -5.3884078e-04  -2.0285297e-03  -2.3007104e-03
  -1.4001648e-03  -6.2872474e-04  -3.1529024e-03  -2.1993741e-03
   1.2536810e-04  -7.4857002e-04  -5.8139177e-03  -1.5500710e-03
   5.5641547e-04  -6.8864738e-04  -5.6227744e-03  -1.6138753e-03
  -7.9295021e-04  -6.5119573e-04  -4.0861317e-03  -2.1055441e-03
  -2.2997419e-03  -6.2123441e-04  -4.2885188e-03  -1.9404035e-03
  -1.8499533e-03  -7.4857002e-04  -5.5890432e-03  -1.8653395e-03
  -8.9415264e-04  -1.1118510e-03  -5.4203873e-03  -2.1655953e-03
  -1.8424569e-03  -1.0369477e-03  -4.0973754e-03  -2.2932040e-03
  -2.7720199e-03  -8.8339596e-04  -2.4520434e-03  -2.4395787e-03
  -1.5276049e-03  -8.9088629e-04  -2.0772525e-03  -2.3495020e-03
  -1.8198742e-04  -9.0586695e-04  -3.7150887e-03  -1.9479099e-03
  -1.2201561e-04  -8.7590563e-04  -4.2323001e-03  -1.7077053e-03
  -1.1752705e-03  -6.7366672e-04  -3.1041795e-03  -1.6664201e-03
  -1.4676331e-03  -7.2235387e-04  -2.1821939e-03  -2.0454930e-03
  -3.8439227e-04  -1.1792640e-03  -2.2084293e-03  -1.9253907e-03
   4.2906860e-05  -1.2466770e-03  -1.7961593e-03  -1.6101221e-03
  -4.1062994e-04  -8.0474750e-04   2.9072387e-05  -1.9479099e-03
  -7.1048898e-04  -8.0100233e-04   1.7568584e-03  -2.0304802e-03
  -1.1077090e-04  -8.7590563e-04   2.7238190e-03  -2.1881145e-03
   4.7770247e-04  -6.0250859e-04   3.1960555e-03  -2.0492462e-03
   2.4531171e-04  -8.7965080e-04   4.0056038e-03  -1.9028715e-03
  -4.2187465e-04  -1.0406929e-03   5.1974389e-03  -2.3570083e-03
   2.9778704e-04  -8.4219915e-04   5.2311701e-03  -2.2519188e-03
   1.2011124e-03  -8.8714113e-04   2.9786768e-03  -1.5763434e-03
   6.6511437e-04  -8.1972816e-04   1.6069421e-03  -1.2760876e-03
  -4.7050852e-05  -9.0212179e-04   3.1210973e-03  -1.8953651e-03
  -8.2293612e-04  -9.6953476e-04   3.7919730e-03  -2.0605058e-03
  -7.6296431e-04  -1.0631639e-03   3.4808966e-03  -1.8465736e-03
   3.3526942e-04  -1.1792640e-03   3.4921403e-03  -1.9629227e-03
   7.7381327e-04  -1.0144767e-03   4.1330327e-03  -2.0755186e-03
  -2.0822509e-04  -7.5980552e-04   4.3466636e-03  -2.2669316e-03
  -7.4797136e-04  -7.1111837e-04   2.7350627e-03  -2.1205569e-03
  -5.8304889e-04  -1.1081059e-03   1.5582193e-03  -2.0454930e-03
  -4.3311937e-04  -1.1418123e-03   1.5282360e-03  -1.9479099e-03
  -4.9683941e-04  -1.1118510e-03   1.5844546e-03  -1.9929482e-03
  -1.0178445e-03  -1.1867543e-03   2.4270320e-04  -2.0004546e-03
  -3.5440637e-04  -8.3845398e-04  -1.2714520e-03  -1.5313050e-03
   6.3887670e-04  -6.7366672e-04  -1.2864437e-03  -1.6889393e-03
   7.6641002e-05  -5.2386012e-04  -1.2527125e-03  -1.8315608e-03
  -1.3889201e-03  -5.6131177e-04  -1.3539060e-03  -1.6138753e-03
  -1.8349604e-03  -7.6729585e-04  -1.3351665e-03  -1.9253907e-03
  -1.1602775e-03  -6.8864738e-04  -1.2152334e-03  -2.2106337e-03
  -9.6162092e-04  -7.2609903e-04  -1.3913851e-03  -2.1618421e-03
  -1.1302916e-03  -7.0362804e-04  -1.6275034e-03  -1.9516631e-03
  -1.2127529e-03  -5.6131177e-04  -1.4288642e-03  -1.9404035e-03
  -7.6671255e-04  -6.7741189e-04  -1.4588475e-03  -2.0192206e-03
  -7.3288518e-05  -1.0369477e-03  -1.6424950e-03  -1.8165480e-03
  -1.9698037e-04  -9.3957344e-04  -1.7924114e-03  -1.6213817e-03
  -9.1664207e-04  -6.8864738e-04  -1.2302250e-03  -1.5650838e-03
  -7.6671255e-04  -8.0474750e-04  -8.7112792e-05  -1.7790160e-03
  -6.9540280e-05  -9.2084761e-04   2.7643438e-04  -1.9741823e-03
  -3.7314756e-04  -1.2991093e-03   4.7507356e-04  -1.9516631e-03
  -1.1452846e-03  -1.3627771e-03   8.6110818e-04  -2.1055441e-03
  -1.0853128e-03  -8.7216047e-04   1.4757653e-03  -2.3532552e-03
   5.4244800e-06  -8.2347332e-04   1.5432276e-03  -2.2631784e-03
   5.7890489e-04  -1.1455575e-03   9.5105800e-04  -1.8353140e-03
   1.0287867e-04  -9.3582827e-04   1.5094964e-03  -1.6551605e-03
  -8.2293612e-04  -6.2123441e-04   1.6594128e-03  -2.0267270e-03
  -5.1558060e-04  -7.6729585e-04   1.4307904e-03  -2.1806081e-03
   6.0139432e-04  -9.2084761e-04   9.9603291e-04  -2.0304802e-03
   3.8399652e-04  -1.0107316e-03   3.3265302e-04  -1.8090416e-03
   6.1648050e-05  -8.9088629e-04   1.1646888e-03  -1.8841055e-03
  -1.2951209e-04  -6.3996024e-04   1.4270424e-03  -2.3870339e-03
   1.2920956e-05  -6.4745057e-04   8.6860400e-04  -2.3419956e-03
   5.7899812e-05  -9.9575091e-04   1.0110245e-03  -2.2031273e-03
  -6.3927246e-04  -9.0961212e-04   1.1159660e-03  -2.2293996e-03
  -7.2923017e-04  -7.1111837e-04   1.0522515e-03  -2.2481656e-03
  -4.6310527e-04  -1.0332026e-03   9.3231846e-04  -2.2706848e-03
  -6.9540280e-05  -1.0332026e-03   4.4883819e-04  -2.1543357e-03
   5.0403336e-05  -8.9088629e-04   2.3145947e-04  -2.1918677e-03
  -4.6685351e-04  -7.7104101e-04  -2.0329797e-04  -2.1355697e-03
  -5.0058765e-04  -9.4706377e-04  -3.0074361e-04  -2.0192206e-03
  -9.5777946e-05  -9.9949608e-04  -2.9699570e-04  -2.0680122e-03
  -2.4561424e-05  -8.1972816e-04  -9.8661095e-04  -2.0267270e-03
  -2.2321804e-04  -1.0631639e-03  -4.9938278e-04  -2.1956209e-03
  -3.3566518e-04  -6.2872474e-04  -4.6565160e-04  -2.4208127e-03
  -3.0942751e-04  -4.4521166e-04  -6.3805542e-04  -2.1843613e-03
  -1.4825328e-04  -7.3358936e-04  -5.0313069e-04  -2.0642590e-03
   2.7913908e-05  -7.7853134e-04  -7.0926569e-04  -2.0792718e-03
  -2.9443456e-04  -8.4594431e-04  -1.3208770e-04  -2.0942846e-03
  -5.0433589e-04  -3.1413088e-04  -4.0943297e-04  -2.0342334e-03
  -5.4547328e-05  -5.3135045e-04  -6.3055960e-04  -2.0267270e-03
   3.9898947e-04  -6.9988288e-04  -2.4077706e-04  -2.0867782e-03
   1.8159167e-04  -5.6131177e-04  -5.3686187e-04  -1.7977820e-03
  -5.0799090e-05  -9.3957344e-04  -4.9563487e-04  -1.8803523e-03
   1.7409519e-04  -7.5606035e-04  -1.6581888e-04  -2.0192206e-03
  -2.4561424e-05  -9.9200575e-04  -4.2137884e-05  -1.8765991e-03
   1.4036105e-04  -9.3582827e-04   1.6774502e-04  -1.9141311e-03
   2.9778704e-04  -8.7216047e-04   2.1646784e-04  -1.7865224e-03
  -9.5777946e-05  -9.5829926e-04   3.9261956e-04  -2.0117142e-03
   2.5655643e-04  -5.1262463e-04   4.3009865e-04  -2.1168037e-03
   2.5655643e-04  -8.6092497e-04   2.9072387e-05  -1.7189649e-03
   1.5910224e-04  -1.0893800e-03  -7.9616974e-05  -1.9441567e-03
   5.1143661e-04  -8.7216047e-04  -1.2459188e-04  -1.9216375e-03
   1.9283638e-04  -7.4107969e-04  -3.7195388e-04  -1.7902756e-03
   2.6030466e-04  -7.7853134e-04  -5.2561815e-04  -1.9253907e-03
   3.1278000e-04  -7.9725717e-04  -3.9818924e-04  -2.0042078e-03
   4.6655098e-05  -6.8864738e-04  -3.5696224e-04  -2.3194764e-03
  -1.0702266e-04  -8.1598299e-04  -1.5457515e-04  -2.2181401e-03
  -2.9818280e-04  -8.4594431e-04  -3.4197060e-04  -2.1130505e-03
  -1.7064948e-05  -8.5717981e-04  -1.1327794e-03  -1.9516631e-03
  -1.7074271e-04  -9.9575091e-04  -8.5543414e-04  -1.9929482e-03
  -1.8948390e-04  -9.2833794e-04  -6.5679496e-04  -2.2218933e-03
  -1.2951209e-04  -7.0737321e-04  -1.0240900e-03  -2.0229738e-03
  -2.5320394e-04  -8.8714113e-04  -9.8286304e-04  -2.0267270e-03
   2.1907405e-04  -1.1193414e-03  -1.0615691e-03  -1.8878587e-03
   5.4244800e-06  -9.6204443e-04  -9.3414023e-04  -2.1318165e-03
  -2.4570747e-04  -9.3208311e-04  -9.6412350e-04  -2.3607615e-03
  -1.9698037e-04  -1.0032412e-03  -1.3726456e-03  -1.8428204e-03
  -1.0702266e-04  -9.2459278e-04  -1.3051832e-03  -1.9967014e-03
   3.6900357e-04  -8.5717981e-04  -1.0465775e-03  -2.1580889e-03
   9.5382192e-05  -9.9200575e-04  -1.2976874e-03  -1.9929482e-03
  -2.6444866e-04  -8.9088629e-04  -1.4925787e-03  -2.1731017e-03
  -3.0567927e-04  -7.1486354e-04  -1.3389144e-03  -2.1205569e-03
  -2.9818280e-04  -1.0182219e-03  -1.2864437e-03  -2.1393229e-03
  -5.8202340e-06  -9.6953476e-04  -1.1102919e-03  -2.2556720e-03
  -5.8295566e-05  -7.4482486e-04  -1.1477710e-03  -2.1843613e-03
  -9.5684720e-06  -9.3957344e-04  -1.2489646e-03  -2.1055441e-03
   4.0273771e-04  -8.8339596e-04  -9.6037559e-04  -1.9854418e-03
   4.0648595e-04  -7.1111837e-04  -5.7434096e-04  -1.8803523e-03
   4.2906860e-05  -6.7366672e-04  -6.1931587e-04  -1.8953651e-03
  -1.5200152e-04  -7.0362804e-04  -6.7928241e-04  -1.8165480e-03
  -1.1826737e-04  -9.0212179e-04  -1.9580215e-04  -1.7114585e-03
   2.6405290e-04  -9.9575091e-04  -1.6207097e-04  -2.1393229e-03
   5.5641547e-04  -8.7965080e-04  -2.1454170e-04  -2.2331528e-03
   2.6405290e-04  -9.7702509e-04  -9.1088500e-07  -1.8841055e-03
   2.1157757e-04  -7.3733453e-04  -7.9616974e-05  -1.7527436e-03
   3.3526942e-04  -6.1374408e-04  -8.4067030e-06  -1.8090416e-03
   1.0287867e-04  -1.0332026e-03   1.8273666e-04  -2.1543357e-03
  -2.5320394e-04  -7.7478618e-04  -2.7146248e-05  -1.9666759e-03
  -1.8573566e-04  -8.4219915e-04  -1.6207097e-04  -1.8390672e-03
   4.5521304e-04  -9.8077025e-04   4.7811932e-05  -2.3757743e-03
   8.2628860e-04  -6.9613771e-04  -4.0943297e-04  -2.1092973e-03
   6.2388375e-04  -8.8714113e-04  -5.9308051e-04  -1.7302244e-03
   6.9144526e-05  -9.2833794e-04  -2.0329797e-04  -2.0792718e-03
  -2.4945570e-04  -9.3582827e-04  -3.3447479e-04  -2.0154674e-03
   3.9158622e-05  -8.6092497e-04  -3.7195388e-04  -2.1806081e-03
   1.5910224e-04  -7.3358936e-04  -3.8319760e-04  -2.3157232e-03
   3.5410384e-05  -6.9239255e-04  -6.1931587e-04  -2.1543357e-03
  -2.6070042e-04  -7.4482486e-04  -8.8916532e-04  -2.2669316e-03
  -2.1572156e-04  -7.8602167e-04  -8.1420714e-04  -2.0154674e-03
   3.1652823e-04  -8.1223783e-04  -9.0040905e-04  -1.9967014e-03
   1.3661281e-04  -8.9463146e-04  -1.3763935e-03  -1.9591695e-03
  -8.8281470e-05  -5.3884078e-04  -1.0803087e-03  -2.0117142e-03
  -3.5806138e-05  -8.9088629e-04  -9.0415695e-04  -2.1843613e-03
  -1.7074271e-04  -9.9200575e-04  -1.5637889e-03  -2.1618421e-03
   2.0417432e-05  -5.7254727e-04  -1.3988809e-03  -2.4996298e-03
   8.0389240e-05  -8.4968948e-04  -1.0803087e-03  -2.4470851e-03
  -3.5065813e-04  -7.5606035e-04  -1.2677041e-03  -2.3607615e-03
  -2.7194513e-04  -7.3358936e-04  -9.0415695e-04  -2.3157232e-03
  -1.5949799e-04  -7.5231519e-04  -1.1027961e-03  -2.3269828e-03
  -2.5695218e-04  -7.7104101e-04  -1.0465775e-03  -2.4133063e-03
