  -9.2029708e-05  -9.7327992e-04  -2.4827288e-04  -2.2406592e-03
  -6.9540280e-05  -9.0586695e-04   1.7828660e-05  -1.8991183e-03
  -1.5200152e-04  -7.6355068e-04   2.3145947e-04  -1.9741823e-03
  -3.3941342e-04  -6.9613771e-04   2.1271993e-04  -2.2031273e-03
  -3.1317575e-04  -6.6243123e-04   1.6399711e-04  -2.0192206e-03
   5.4244800e-06  -7.9725717e-04  -2.5951661e-04  -1.8015352e-03
   6.9144526e-05  -5.2386012e-04  -7.5869065e-05  -2.0117142e-03
  -2.8309662e-05  -5.9876342e-04  -1.9955006e-04  -2.2669316e-03
   1.6669194e-05  -7.5980552e-04  -3.4571851e-04  -1.9253907e-03
  -1.7823918e-04  -6.3246991e-04  -1.5902521e-05  -1.8878587e-03
  -3.5065813e-04  -8.8714113e-04  -2.5951661e-04  -2.0942846e-03
  -2.6444866e-04  -9.8826058e-04  -3.0894157e-05  -2.1092973e-03
  -1.3700856e-04  -9.0212179e-04  -9.8356519e-05  -2.1055441e-03
  -2.7569337e-04  -8.1598299e-04  -3.5321433e-04  -2.0980378e-03
  -2.5695218e-04  -8.6841530e-04  -1.9955006e-04  -2.1468293e-03
  -2.3821099e-04  -9.8826058e-04  -3.1948315e-04  -2.1318165e-03
  -2.7944161e-04  -8.4219915e-04  -1.7706261e-04  -2.1092973e-03
  -1.8198742e-04  -9.5455410e-04  -1.4333143e-04  -2.0867782e-03
  -3.1692399e-04  -9.9575091e-04  -2.5951661e-04  -2.0905314e-03
  -3.4690989e-04  -8.3845398e-04  -2.4077706e-04  -2.0980378e-03
  -2.2696628e-04  -9.9200575e-04  -1.8830634e-04  -1.9253907e-03
  -2.2321804e-04  -1.0219671e-03  -8.7112792e-05  -1.9666759e-03
  -4.4436408e-04  -9.7327992e-04  -1.4333143e-04  -2.1543357e-03
  -3.1317575e-04  -9.0586695e-04  -4.7689533e-04  -2.1430761e-03
  -2.1946980e-04  -8.7965080e-04  -4.3941624e-04  -2.1205569e-03
  -2.0822509e-04  -1.0444381e-03  -1.8081052e-04  -2.1580889e-03
  -1.7823918e-04  -9.9949608e-04  -3.5321433e-04  -2.0830250e-03
  -3.3191694e-04  -9.6953476e-04  -2.6326452e-04  -2.0492462e-03
  -1.7823918e-04  -1.0706542e-03  -1.3208770e-04  -2.0792718e-03
  -3.3941342e-04  -9.9200575e-04  -3.1198733e-04  -2.0529994e-03
  -3.2057900e-05  -8.5343464e-04  -3.2697897e-04  -2.2068805e-03
   5.7899812e-05  -8.6841530e-04  -2.6326452e-04  -2.2181401e-03
  -3.4690989e-04  -8.5343464e-04  -3.5696224e-04  -2.1468293e-03
  -9.5777946e-05  -7.6355068e-04  -3.0449151e-04  -2.0755186e-03
  -3.9938522e-04  -8.4594431e-04  -8.7112792e-05  -1.9516631e-03
  -5.6055946e-04  -9.9575091e-04  -3.0894157e-05  -1.9929482e-03
  -3.6565108e-04  -9.6204443e-04  -2.7146248e-05  -1.8278076e-03
  -5.8679712e-04  -9.8826058e-04  -4.5885793e-05  -1.7940288e-03
  -3.6190284e-04  -1.0032412e-03  -2.1454170e-04  -1.8728459e-03
   2.1532581e-04  -5.6505694e-04  -4.8439115e-04  -1.8690927e-03
   1.3286457e-04  -6.5119573e-04  -5.2936605e-04  -2.0942846e-03
  -2.6444866e-04  -9.3957344e-04  -4.6565160e-04  -1.9516631e-03
  -2.9443456e-04  -7.7104101e-04  -3.2697897e-04  -1.8278076e-03
  -4.2562289e-04  -1.0219671e-03  -8.4067030e-06  -1.9441567e-03
  -2.8693808e-04  -1.0444381e-03   1.3026593e-04  -2.0417398e-03
  -8.0784994e-05  -6.8115705e-04  -2.2578543e-04  -2.1543357e-03
  -1.4825328e-04  -5.9501826e-04  -4.9938278e-04  -2.0529994e-03
   1.3286457e-04  -6.6617639e-04  -3.7195388e-04  -2.1430761e-03
   3.5410384e-05  -9.5080893e-04  -3.3072688e-04  -2.0942846e-03
  -2.6819689e-04  -1.0631639e-03  -1.6207097e-04  -2.0004546e-03
  -3.6190284e-04  -1.0219671e-03   6.6551477e-05  -2.1243101e-03
  -6.2053127e-04  -1.0332026e-03   1.9772829e-04  -1.9178843e-03
  -3.2816870e-04  -6.8115705e-04   5.5307750e-05  -1.7377308e-03
  -1.4450504e-04  -8.3845398e-04  -2.1828961e-04  -2.1655953e-03
  -3.1692399e-04  -9.4331860e-04  -1.4707934e-04  -2.2444124e-03
  -6.5792042e-05  -7.6729585e-04  -9.0860701e-05  -2.1731017e-03
  -1.0702266e-04  -8.9837662e-04  -1.3583561e-04  -2.2969572e-03
  -3.2057900e-05  -6.6617639e-04  -2.8575197e-04  -2.0304802e-03
   1.1037514e-04  -8.8339596e-04  -2.4077706e-04  -2.2444124e-03
  -3.4316165e-04  -8.5343464e-04  -4.9633702e-05  -2.1843613e-03
  -3.1692399e-04  -6.8115705e-04  -2.6701242e-04  -2.0454930e-03
  -1.2576385e-04  -8.7216047e-04  -1.4333143e-04  -2.2256465e-03
  -1.4450504e-04  -8.3096365e-04  -4.9633702e-05  -2.0492462e-03
  -2.2696628e-04  -1.0781445e-03  -1.8455843e-04  -2.1881145e-03
  -2.7944161e-04  -9.3957344e-04  -9.4608610e-05  -2.2293996e-03
   6.1648050e-05  -7.4857002e-04  -1.5832306e-04  -2.1881145e-03
  -1.4075680e-04  -9.6953476e-04  -1.4707934e-04  -2.2556720e-03
  -2.4945570e-04  -9.0586695e-04  -1.8830634e-04  -2.2369060e-03
  -3.0567927e-04  -9.4331860e-04  -1.9205424e-04  -2.2894508e-03
  -4.1062994e-04  -8.9088629e-04  -1.4333143e-04  -2.2031273e-03
   1.4036105e-04  -6.9613771e-04  -7.5869065e-05  -2.2181401e-03
   6.9144526e-05  -9.4331860e-04  -4.6587940e-06  -2.2143869e-03
   2.4165670e-05  -8.0849266e-04   2.9072387e-05  -1.9178843e-03
   1.9283638e-04  -6.6617639e-04   1.1902220e-04  -1.8540799e-03
   4.2906860e-05  -6.7741189e-04   6.2803568e-05  -2.0192206e-03
   5.0403336e-05  -5.8752793e-04   2.5324478e-05  -2.0042078e-03
  -8.0784994e-05  -7.8976684e-04   4.7811932e-05  -1.9629227e-03
   3.1662146e-05  -4.2648583e-04   9.2786840e-05  -1.9554163e-03
  -5.0799090e-05  -4.3397616e-04  -1.5832306e-04  -1.7977820e-03
  -2.7194513e-04  -7.5606035e-04  -1.4333143e-04  -2.0417398e-03
  -1.8948390e-04  -6.6992156e-04   6.6551477e-05  -2.3044636e-03
  -4.1437818e-04  -7.9725717e-04  -8.7112792e-05  -1.9216375e-03
  -2.3446275e-04  -7.3358936e-04  -8.7112792e-05  -1.8765991e-03
  -3.9554376e-05  -8.9088629e-04  -2.2578543e-04  -1.9629227e-03
  -1.9323213e-04  -1.0369477e-03  -1.5832306e-04  -1.9216375e-03
  -1.8198742e-04  -9.5455410e-04   5.5307750e-05  -1.9741823e-03
  -2.6444866e-04  -9.4706377e-04   8.5291022e-05  -1.7940288e-03
  -9.5777946e-05  -7.4107969e-04  -2.0704588e-04  -1.8127948e-03
  -1.5200152e-04  -7.1860870e-04  -4.6565160e-04  -2.1017910e-03
  -3.3191694e-04  -7.4857002e-04  -2.4077706e-04  -2.2444124e-03
   2.4165670e-05  -7.6729585e-04  -3.7944969e-04  -2.1017910e-03
   5.7899812e-05  -8.5717981e-04  -2.4452497e-04  -2.0342334e-03
  -9.5777946e-05  -9.3208311e-04   1.7149293e-04  -1.7715096e-03
  -1.3700856e-04  -9.3957344e-04  -1.9650430e-05  -1.7677564e-03
  -3.6565108e-04  -7.5980552e-04  -2.2578543e-04  -2.3044636e-03
  -2.9443456e-04  -8.8339596e-04  -2.1079379e-04  -2.1393229e-03
  -5.0799090e-05  -1.0294574e-03  -4.7689533e-04  -2.0154674e-03
  -1.5574975e-04  -7.8227651e-04  -4.6939951e-04  -2.2068805e-03
  -2.3821099e-04  -7.7104101e-04  -1.8081052e-04  -2.1017910e-03
  -2.8693808e-04  -9.8826058e-04  -3.5321433e-04  -2.0417398e-03
  -3.9188875e-04  -8.5717981e-04  -4.2067669e-04  -2.0117142e-03
  -2.7944161e-04  -9.1710245e-04  -3.4946642e-04  -2.1168037e-03
  -3.2816870e-04  -1.1680285e-03  -1.0210443e-04  -2.2969572e-03
  -4.3311937e-04  -9.8826058e-04  -1.2084397e-04  -2.2293996e-03
  -2.7944161e-04  -8.9837662e-04  -3.8694551e-04  -2.2369060e-03
  -2.3446275e-04  -9.6953476e-04  -2.1828961e-04  -2.2406592e-03
  -2.2696628e-04  -7.6355068e-04  -3.9818924e-04  -1.8991183e-03
  -1.4825328e-04  -7.9725717e-04  -3.5321433e-04  -1.9178843e-03
  -2.0822509e-04  -1.2054801e-03  -7.2121156e-05  -2.1655953e-03
  -3.1317575e-04  -9.7702509e-04  -1.5832306e-04  -2.1017910e-03
  -3.3941342e-04  -7.7853134e-04   1.9398038e-04  -2.1505825e-03
  -1.7449094e-04  -9.3957344e-04  -4.9633702e-05  -2.2031273e-03
  -1.3700856e-04  -8.4594431e-04  -8.1795505e-04  -2.1205569e-03
  -2.3071451e-04  -7.9725717e-04  -1.8081052e-04  -2.1168037e-03
  -2.3071451e-04  -6.2123441e-04  -2.2203752e-04  -1.9516631e-03
  -7.0674074e-04  -7.5606035e-04  -3.0449151e-04  -1.8690927e-03
  -7.4797136e-04  -8.8714113e-04   5.5752756e-04  -2.0229738e-03
  -3.2067223e-04  -8.8339596e-04  -2.7450824e-04  -1.9854418e-03
  -1.8948390e-04  -9.5829926e-04  -3.3822270e-04  -1.8353140e-03
   9.1633954e-05  -7.8976684e-04   1.2651802e-04  -1.7677564e-03
  -3.2057900e-05  -6.3996024e-04  -5.7434096e-04  -1.8127948e-03
   1.0287867e-04  -6.2872474e-04  -6.4180332e-04  -1.8127948e-03
  -1.6699447e-04  -9.9575091e-04  -3.8389975e-05  -1.9891950e-03
  -6.8050307e-04  -1.0594187e-03   2.0147620e-04  -2.1130505e-03
  -2.3446275e-04  -9.8451542e-04   3.2140929e-04  -2.0004546e-03
  -2.6819689e-04  -1.0032412e-03   3.8887165e-04  -2.1618421e-03
  -5.8202340e-06  -6.7366672e-04  -4.5440787e-04  -1.9854418e-03
  -4.7050852e-05  -7.3358936e-04  -3.1948315e-04  -1.9028715e-03
  -3.8439227e-04  -1.0294574e-03   1.7898875e-04  -2.3795275e-03
  -3.3941342e-04  -1.0219671e-03   4.8256938e-04  -2.1055441e-03
  -4.0688170e-04  -7.9725717e-04   3.1391347e-04  -1.9066247e-03
   8.0389240e-05  -7.3358936e-04  -8.9666114e-04  -2.1993741e-03
   9.1727180e-06  -8.4219915e-04  -2.1454170e-04  -2.0792718e-03
  -1.3326033e-04  -7.8227651e-04  -1.8830634e-04  -2.2181401e-03
  -2.0072861e-04  -9.7327992e-04  -7.9171968e-04  -2.0830250e-03
  -2.6819689e-04  -1.0556735e-03   1.9023247e-04  -1.9516631e-03
  -2.0719960e-06  -6.3621507e-04   1.7524084e-04  -2.2819444e-03
  -1.1451914e-04  -6.9988288e-04  -3.2323106e-04  -2.1168037e-03
  -2.6070042e-04  -8.9088629e-04  -8.7112792e-05  -2.1580889e-03
  -1.9323213e-04  -8.9837662e-04  -2.7076033e-04  -2.2781912e-03
  -1.2576385e-04  -8.9837662e-04  -6.0432423e-04  -2.1843613e-03
  -2.9818280e-04  -6.0250859e-04  -4.9633702e-05  -2.1618421e-03
  -1.1826737e-04  -7.1111837e-04  -3.1198733e-04  -2.0867782e-03
  -2.0072861e-04  -9.5829926e-04  -3.3447479e-04  -2.1205569e-03
  -1.8573566e-04  -1.0257122e-03  -1.0585234e-04  -2.1055441e-03
  -1.0327442e-04  -1.1193414e-03  -3.2323106e-04  -2.1993741e-03
  -3.5065813e-04  -7.3733453e-04   1.5275338e-04  -2.2744380e-03
  -9.2029708e-05  -6.5868606e-04  -5.8933260e-04  -2.1318165e-03
  -1.0327442e-04  -7.6729585e-04  -2.8200406e-04  -2.0942846e-03
  -3.5806138e-05  -7.4482486e-04   3.4389674e-04  -2.3495020e-03
  -1.5200152e-04  -1.0519284e-03  -6.5304705e-04  -2.2856976e-03
  -2.5695218e-04  -7.5606035e-04  -1.4707934e-04  -2.1580889e-03
   1.6762420e-06  -6.9239255e-04   2.9517393e-04  -2.2068805e-03
  -1.2951209e-04  -8.3470882e-04  -5.4060978e-04  -2.0267270e-03
  -1.1826737e-04  -4.9764397e-04  -4.5885793e-05  -1.9516631e-03
   2.0417432e-05  -5.2386012e-04   5.0880474e-04  -1.8765991e-03
   9.9130430e-05  -6.0625375e-04  -2.2203752e-04  -2.0379866e-03
   5.4244800e-06  -7.5980552e-04  -6.0877429e-05  -1.9854418e-03
  -1.8573566e-04  -8.0100233e-04   7.0299386e-05  -1.8240544e-03
   3.9158622e-05  -8.3470882e-04  -1.6956679e-04  -2.1430761e-03
   2.5280819e-04  -8.3470882e-04  -1.1334816e-04  -2.0980378e-03
  -9.2029708e-05  -6.6617639e-04   1.0028266e-04  -1.9441567e-03
   5.7899812e-05  -6.4370540e-04   6.2803568e-05  -1.9779355e-03
   8.7885716e-05  -6.9988288e-04  -2.8200406e-04  -1.8916119e-03
  -2.1572156e-04  -7.8227651e-04   1.4345383e-03  -1.3961899e-03
   3.8399652e-04  -6.3996024e-04   6.0032393e-03  -1.0546490e-03
   5.7899812e-05  -6.3621507e-04   9.1102559e-03  -1.6926925e-03
  -6.0928655e-04  -5.5382144e-04   7.8434627e-03  -1.7302244e-03
   3.9524123e-04  -6.4745057e-04   7.9221687e-03  -1.2798408e-03
   1.9095294e-03  -8.4968948e-04   8.9041209e-03  -1.6476541e-03
   1.4372514e-03  -6.5494090e-04   8.4243885e-03  -1.9967014e-03
  -1.0327442e-04  -7.1486354e-04   6.8727542e-03  -1.8465736e-03
   4.5146480e-04  -6.9988288e-04   4.0543267e-03  -1.3661643e-03
   5.7890489e-04  -9.8451542e-04   3.2747616e-03  -1.2873472e-03
  -7.1048898e-04  -9.5829926e-04   3.7657377e-03  -1.2047769e-03
  -1.4075680e-04  -4.6393748e-04   6.4417447e-03  -1.5425646e-03
   1.3173078e-03  -6.5494090e-04   6.6253922e-03  -2.0267270e-03
   1.0586794e-03  -4.1525034e-04   1.4307904e-03  -1.2873472e-03
   4.2522714e-04  -3.3660187e-04  -2.1634544e-03  -1.4187091e-03
   1.4785752e-04  -6.4370540e-04  -3.5839119e-03  -2.3269828e-03
  -6.8050307e-04  -6.9613771e-04  -7.4704935e-03  -2.9312475e-03
  -1.4451436e-03  -9.7702509e-04  -1.5254901e-02  -3.1076477e-03
  -1.4863742e-03  -1.0294574e-03  -2.3444082e-02  -3.3853843e-03
  -1.3551859e-03  -1.0332026e-03  -3.1292203e-02  -4.4625519e-03
  -2.7232928e-03  -1.0032412e-03  -3.9672528e-02  -4.6164329e-03
  -3.4017239e-03  -1.1118510e-03  -4.6669874e-02  -4.2448664e-03
  -2.1685536e-03  -1.3665222e-03  -4.6733588e-02  -3.6631209e-03
  -1.4938707e-03  -1.5125837e-03  -3.9473888e-02  -2.9687795e-03
  -2.9631800e-03  -1.4863675e-03  -2.9785544e-02  -2.3870339e-03
  -3.1955708e-03  -1.2092253e-03  -1.9092759e-02  -1.7227181e-03
  -1.7074271e-04  -1.4414255e-03  -6.2261877e-03  -2.3457488e-03
   2.8654233e-04  -1.4826224e-03   7.0189227e-03  -3.0175710e-03
   9.5382192e-05  -1.1680285e-03   1.6283754e-02  -2.9274943e-03
   1.2685807e-03  -1.3403061e-03   2.3670882e-02  -3.0776222e-03
   3.5250200e-03  -1.3290706e-03   2.8633114e-02  -2.8261580e-03
   3.2401539e-03  -9.3957344e-04   2.9214040e-02  -1.5800966e-03
   8.0005094e-04  -8.7216047e-04   2.9330225e-02  -8.5197635e-04
   4.5896128e-04  -7.5980552e-04   2.9420175e-02  -6.0801855e-04
  -2.6970551e-03  -7.2984420e-04   2.5252500e-02   1.5012725e-04
  -1.7064948e-05  -8.4968948e-04   2.1452120e-02  -2.1768606e-04
  -8.4167731e-04  -8.1972816e-04   1.8738634e-02  -1.7640089e-04
  -6.6252085e-03  -8.3845398e-04   1.2097339e-02   4.0909784e-04
  -2.6858104e-03  -1.2841286e-03   1.7460597e-02  -1.4074495e-03
   5.2642956e-04  -1.8833550e-03   2.7029009e-02  -3.3591119e-03
   3.3113704e-03  -1.2429318e-03   2.2126744e-02  -2.7961324e-03
   4.5332960e-03  -3.5532770e-04   1.8191439e-02  -1.9779355e-03
   3.9785568e-03   1.2030826e-04   1.6770982e-02  -1.8465736e-03
   1.4185102e-03   1.2030826e-04   1.0560697e-02  -1.1785045e-03
  -3.6416111e-03  -3.0664055e-04   5.7821127e-03  -7.8441880e-04
  -4.0614138e-03  -9.3957344e-04   2.9337019e-03  -9.7583185e-04
  -2.9107047e-03  -1.3927384e-03  -1.2414688e-03  -1.4374751e-03
  -1.7562474e-03  -7.2235387e-04  -5.6040348e-03  -1.5237986e-03
   9.5382192e-05  -2.1301143e-04  -9.8953906e-03  -2.0004546e-03
   2.1681578e-03  -1.4185329e-04  -1.1743110e-02  -3.0926350e-03
   1.8420611e-03  -3.0664055e-04  -1.3193551e-02  -3.3215800e-03
   4.6655098e-05  -4.7891814e-04  -1.6862753e-02  -3.5617846e-03
  -2.4496714e-03  -1.0481832e-03  -1.7544873e-02  -3.2840480e-03
  -2.4721608e-03  -1.4002287e-03  -1.7762252e-02  -2.9199879e-03
   1.2920956e-05  -7.7104101e-04  -1.8062084e-02  -2.6347449e-03
  -1.5051154e-03  -5.3509562e-04  -2.0160913e-02  -1.0734150e-03
  -9.7661388e-04  -1.9428560e-04  -1.8744204e-02  -8.4446996e-04
   2.8690783e-03  -6.3621507e-04  -8.0139403e-03  -2.6497577e-03
   1.7858375e-03  -9.8077025e-04  -8.3774875e-03  -3.0851286e-03
  -2.4721608e-03  -2.9540506e-04  -1.6206869e-02  -1.5500710e-03
  -4.9309117e-04  -5.9127309e-04  -1.1615681e-02  -1.9103779e-03
   3.9635638e-03  -1.2504221e-03  -5.6415139e-03  -4.0947386e-03
   1.5721880e-03  -1.4376804e-03  -7.3580563e-03  -4.0421938e-03
  -2.1723018e-03  -8.9088629e-04  -1.0195223e-02  -2.5634342e-03
  -1.7064948e-05  -1.1193414e-03  -8.0101924e-03  -2.7848728e-03
   2.7041558e-03  -1.9432777e-03  -3.3927685e-03  -3.1639457e-03
  -8.6041850e-04  -1.4451707e-03  -5.9413467e-03  -1.7715096e-03
  -2.9669283e-03  -9.9949608e-04  -7.4105270e-03  -8.4446996e-04
  -1.5574975e-04  -1.0182219e-03  -3.5321433e-04  -1.3211260e-03
   7.5507208e-04  -1.1979898e-03   3.0348954e-03  -2.0567526e-03
  -1.1602775e-03  -1.1155962e-03   3.5970818e-03  -1.7114585e-03
  -1.0403339e-03  -8.3845398e-04   7.0601497e-03  -1.5350582e-03
   2.3930521e-03  -1.0257122e-03   1.1295287e-02  -2.6647705e-03
   2.8953160e-03  -1.0294574e-03   1.1853725e-02  -2.7248217e-03
   1.2423430e-03  -9.2833794e-04   1.0185906e-02  -2.0942846e-03
  -1.2951209e-04  -7.6729585e-04   9.3988449e-03  -1.7640032e-03
  -1.4751295e-03  -8.9463146e-04   7.5811090e-03  -1.3586579e-03
  -9.5037621e-04  -1.2391866e-03   8.1957661e-03  -1.5313050e-03
  -1.3514377e-03  -8.8339596e-04   5.5384986e-03  -1.1334661e-03
  -2.8657258e-03  -4.1899550e-04   1.6594128e-03  -3.4904795e-04
  -1.8462051e-03  -5.7254727e-04   4.8413875e-03  -8.8200193e-04
   1.1223994e-03  -9.5829926e-04   9.7998712e-03  -2.2519188e-03
   1.5571950e-03  -6.9239255e-04   9.6949297e-03  -2.8636899e-03
  -1.0515786e-03  -3.0664055e-04   4.1517723e-03  -1.4637475e-03
  -1.3926683e-03  -5.6880210e-04   3.3834509e-03  -1.0546490e-03
   7.9255446e-04  -7.4857002e-04   8.1845224e-03  -2.5071362e-03
   3.0528352e-04  -5.0513430e-04   8.9078688e-03  -2.4696043e-03
  -1.8724428e-03  -3.4783737e-04   3.4921403e-03  -1.4112027e-03
  -7.2173369e-04  -5.5382144e-04   2.0829265e-03  -1.2723344e-03
   1.4709855e-03  -6.0625375e-04   5.9357770e-03  -2.1355697e-03
   1.5535400e-04  -4.4895682e-04   3.7882251e-03  -2.0154674e-03
  -1.6662897e-03  -3.1413088e-04   4.7507356e-04  -1.1897641e-03
  -2.6444866e-04  -4.8266331e-04   1.8730436e-03  -1.9366503e-03
   1.4709855e-03  -8.2347332e-04   2.4089946e-03  -2.6084725e-03
   5.3017780e-04  -3.8903418e-04   1.4080751e-05  -2.0755186e-03
  -3.4316165e-04  -2.3173725e-04  -2.5869681e-03  -1.7001989e-03
   1.3922725e-03  -3.5907286e-04  -3.1116754e-03  -1.9066247e-03
   1.8383129e-03  -2.3173725e-04  -3.2690875e-03  -2.2819444e-03
  -5.3807003e-04  -9.6578959e-04  -5.3304375e-03  -2.0717654e-03
  -1.2239976e-03  -1.1193414e-03  -6.6721889e-03  -1.7940288e-03
  -4.3302614e-05  -1.0556735e-03  -5.2292439e-03  -2.2293996e-03
   2.7913908e-05  -1.3665222e-03  -5.4316310e-03  -2.3007104e-03
  -6.2043804e-05  -9.0586695e-04  -6.7996178e-03  -1.8165480e-03
   8.1504389e-04  -1.1193414e-03  -5.0793276e-03  -2.2068805e-03
   1.0774205e-03  -1.1567930e-03  -3.3702811e-03  -2.6685237e-03
   2.5655643e-04  -8.3470882e-04  -4.0673921e-03  -2.4358255e-03
  -8.8281470e-05  -1.4601514e-03  -4.1311066e-03  -2.4433319e-03
   1.3286457e-04  -1.4414255e-03  -3.0667004e-03  -2.3495020e-03
  -1.8948390e-04  -1.3403061e-03  -3.1191712e-03  -2.3194764e-03
  -5.8679712e-04  -1.5275643e-03  -3.5614244e-03  -2.0942846e-03
  -3.7314756e-04  -1.1006155e-03  -3.5726682e-03  -1.8203012e-03
   5.4891899e-04  -1.1081059e-03  -3.7225845e-03  -2.2856976e-03
  -6.6925836e-04  -8.9463146e-04  -5.1280504e-03  -2.1055441e-03
  -1.7150168e-03  -6.9239255e-04  -4.3897123e-03  -1.9816886e-03
   3.3901766e-04  -1.3178351e-03  -6.3055960e-04  -2.7811196e-03
  -1.8198742e-04  -1.2167156e-03  -1.2002418e-03  -2.6760301e-03
  -1.2314941e-03  -9.4706377e-04  -4.1048712e-03  -1.7865224e-03
  -3.0567927e-04  -9.2833794e-04  -3.0367172e-03  -1.8240544e-03
   1.6285048e-04  -7.1486354e-04  -1.4333143e-04  -2.3419956e-03
  -4.0688170e-04  -6.0625375e-04  -9.5662768e-04  -2.2894508e-03
  -1.7824850e-03  -5.1636979e-04  -2.6431867e-03  -1.8090416e-03
  -7.8545374e-04  -8.2721849e-04  -1.1402752e-03  -1.6776797e-03
   2.8654233e-04  -9.2459278e-04   6.9245228e-04  -2.3795275e-03
  -8.7541145e-04  -7.5231519e-04   1.1946721e-03  -2.4283191e-03
  -1.4226542e-03  -6.8864738e-04   6.2124201e-04  -1.9328971e-03
  -3.3941342e-04  -7.5231519e-04   2.1204056e-03  -2.1881145e-03
   4.4396833e-04  -9.4331860e-04   3.6120734e-03  -2.2932040e-03
  -4.8184646e-04  -4.7891814e-04   2.5176840e-03  -1.8090416e-03
  -1.8198742e-04  -2.9165989e-04   2.2703220e-03  -1.7564968e-03
   5.6016370e-04  -6.3246991e-04   2.4614653e-03  -2.0079610e-03
  -4.7809822e-04  -8.8714113e-04   1.8468083e-03  -1.5876030e-03
  -8.6791497e-04  -1.1642833e-03   2.0791786e-03  -1.5951094e-03
  -2.0813186e-05  -9.8826058e-04   3.3422239e-03  -2.1843613e-03
   1.2161986e-04  -8.5717981e-04   3.4584091e-03  -2.2594252e-03
  -3.3566518e-04  -6.3621507e-04   2.4314821e-03  -1.8803523e-03
   6.0514256e-04  -4.9764397e-04   3.5333673e-03  -1.7865224e-03
   1.6096703e-03  -7.2984420e-04   5.1637077e-03  -2.5934598e-03
   8.3378508e-04  -4.4895682e-04   3.0124080e-03  -2.1618421e-03
  -5.3807003e-04  -6.1374408e-04   1.0072766e-03  -1.3774239e-03
  -4.8934294e-04  -8.5343464e-04   2.0342037e-03  -2.0680122e-03
   5.0394013e-04  -6.9239255e-04   2.7762897e-03  -2.2068805e-03
   9.9130430e-05  -1.0669090e-03   1.7456147e-03  -1.8428204e-03
  -3.9938522e-04  -1.0706542e-03  -1.5902521e-05  -1.6101221e-03
   2.7154938e-04  -7.3358936e-04   3.0641765e-04  -1.9629227e-03
   8.3378508e-04  -7.1486354e-04   1.7231273e-03  -2.3269828e-03
   3.3901766e-04  -8.6467014e-04   5.8376292e-04  -2.0942846e-03
  -2.7194513e-04  -8.6092497e-04  -1.0653170e-03  -2.1205569e-03
   2.1907405e-04  -8.8339596e-04  -6.1931587e-04  -2.1243101e-03
   1.0287867e-04  -1.0107316e-03  -6.7178660e-04  -2.3720211e-03
  -6.0928655e-04  -8.3470882e-04  -2.4445476e-03  -2.3570083e-03
  -5.3432179e-04  -9.2459278e-04  -2.8643134e-03  -1.8203012e-03
   1.4036105e-04  -9.6578959e-04  -2.3958247e-03  -2.1430761e-03
   5.7899812e-05  -9.6204443e-04  -2.7443803e-03  -2.3907871e-03
  -1.4301507e-03  -1.0032412e-03  -3.0592046e-03  -1.9328971e-03
  -9.2413854e-04  -6.4370540e-04  -2.0810004e-03  -2.0680122e-03
   7.9630270e-04  -9.3582827e-04  -9.3039232e-04  -2.5033830e-03
   1.9283638e-04  -9.1710245e-04  -2.2121772e-03  -2.3457488e-03
  -5.9054536e-04  -3.8528902e-04  -3.3627853e-03  -1.8615863e-03
  -2.8318985e-04  -6.3996024e-04  -2.3583456e-03  -1.8878587e-03
  -4.7050852e-05  -7.2235387e-04  -1.5675368e-03  -2.2969572e-03
  -1.0328374e-03  -6.9239255e-04  -3.1603982e-03  -2.1168037e-03
  -1.6213108e-03  -6.2497958e-04  -4.4271914e-03  -1.7339776e-03
  -6.3552422e-04  -7.4857002e-04  -2.6844137e-03  -2.0529994e-03
  -7.7036756e-05  -9.0586695e-04  -1.1740064e-03  -2.4133063e-03
   8.7885716e-05  -5.3135045e-04  -1.6237555e-03  -2.2781912e-03
  -1.8948390e-04  -7.8227651e-04  -2.0397734e-03  -2.0192206e-03
  -1.2576385e-04  -8.3470882e-04  -1.1065440e-03  -1.9554163e-03
  -2.4945570e-04  -5.8752793e-04  -1.2833979e-04  -2.2706848e-03
  -8.4917378e-04  -7.5231519e-04  -1.0210443e-04  -2.0680122e-03
  -4.4811232e-04  -7.3733453e-04  -7.6548432e-04  -1.7489904e-03
  -1.8198742e-04  -8.9088629e-04  -8.6667786e-04  -1.9103779e-03
   2.6405290e-04  -9.5455410e-04  -1.7331470e-04  -1.8278076e-03
   1.4036105e-04  -7.5231519e-04   3.5888838e-04  -1.9216375e-03
  -5.2307708e-04  -9.3582827e-04   8.8734355e-04  -1.8127948e-03
  -2.5695218e-04  -1.0369477e-03   1.5394797e-03  -1.9479099e-03
   5.7899812e-05  -8.5343464e-04   2.4052467e-03  -2.1393229e-03
   3.9158622e-05  -8.9463146e-04   1.8692957e-03  -1.8315608e-03
  -1.5200152e-04  -7.2609903e-04   1.0185204e-03  -1.9366503e-03
   3.9158622e-05  -7.4107969e-04   1.0260162e-03  -1.7339776e-03
  -1.7064948e-05  -1.0294574e-03   1.0709911e-03  -1.9253907e-03
  -5.6430770e-04  -9.3208311e-04   1.4907569e-03  -1.9816886e-03
  -7.2173369e-04  -1.0818897e-03   1.3221010e-03  -1.7001989e-03
  -1.4075680e-04  -1.1343220e-03   2.0866744e-03  -2.0042078e-03
   5.3767428e-04  -9.0212179e-04   2.7238190e-03  -1.8991183e-03
  -4.7050852e-05  -9.3582827e-04   1.4307904e-03  -1.9103779e-03
  -2.8318985e-04  -7.1860870e-04   1.3408405e-03  -1.8841055e-03
   2.3406700e-04  -7.6355068e-04   1.9667413e-03  -2.0680122e-03
  -3.0942751e-04  -1.0968704e-03   1.0485036e-03  -1.9441567e-03
  -1.0065998e-03  -1.1380672e-03   3.1016556e-04  -1.5650838e-03
  -7.4047488e-04  -1.0294574e-03   9.8478918e-04  -1.9666759e-03
  -1.5574975e-04  -9.1335728e-04   1.0035287e-03  -2.1017910e-03
  -1.8573566e-04  -7.8602167e-04   3.8137583e-04  -2.0042078e-03
  -2.1946980e-04  -6.9613771e-04   1.9398038e-04  -1.7677564e-03
  -1.8198742e-04  -8.6467014e-04   4.7811932e-05  -2.0229738e-03
  -4.6310527e-04  -7.7104101e-04   4.0011538e-04  -2.2856976e-03
  -5.3432179e-04  -9.3582827e-04   4.0011538e-04  -1.8503268e-03
  -4.2562289e-04  -9.3208311e-04  -2.5202079e-04  -1.7865224e-03
  -3.0942751e-04  -7.7478618e-04  -2.7146248e-05  -1.8390672e-03
  -5.2307708e-04  -1.0781445e-03   3.2890511e-04  -1.9328971e-03
  -4.2937113e-04  -8.8339596e-04  -1.6581888e-04  -2.0229738e-03
  -1.1451914e-04  -8.4219915e-04  -6.4180332e-04  -1.7940288e-03
  -1.0327442e-04  -9.2833794e-04  -4.5065997e-04  -1.8878587e-03
  -1.7074271e-04  -9.6578959e-04  -2.1079379e-04  -2.0905314e-03
  -5.5306298e-04  -8.5717981e-04  -6.7928241e-04  -1.9854418e-03
  -6.6176188e-04  -8.7965080e-04  -5.8183678e-04  -1.8278076e-03
  -3.7689580e-04  -9.9200575e-04  -3.1198733e-04  -1.8503268e-03
  -3.5806138e-05  -7.5980552e-04  -8.9291323e-04  -2.1918677e-03
   2.5280819e-04  -6.6243123e-04  -1.1440231e-03  -2.1280633e-03
   1.2161986e-04  -6.8115705e-04  -1.3988809e-03  -2.0417398e-03
  -1.3316710e-05  -9.5080893e-04  -1.5075703e-03  -2.2031273e-03
  -3.9554376e-05  -7.4857002e-04  -1.1702585e-03  -2.1280633e-03
  -4.1062994e-04  -8.5717981e-04  -9.9410677e-04  -2.1243101e-03
  -2.9443456e-04  -1.1380672e-03  -9.7161932e-04  -2.0980378e-03
  -3.9554376e-05  -8.0474750e-04  -7.7672805e-04  -2.0529994e-03
   8.7885716e-05  -7.4482486e-04  -8.2545087e-04  -2.0192206e-03
   3.6150709e-04  -6.8490222e-04  -1.4700912e-03  -1.9741823e-03
  -2.2321804e-04  -8.6092497e-04  -1.3726456e-03  -1.9666759e-03
  -2.9068632e-04  -9.2833794e-04  -7.4299687e-04  -2.2594252e-03
   5.4151574e-05  -7.0362804e-04  -4.8439115e-04  -2.3457488e-03
  -2.1572156e-04  -8.0849266e-04  -8.8166950e-04  -1.9891950e-03
  -1.7064948e-05  -8.8714113e-04  -1.2602083e-03  -2.1243101e-03
   8.4137478e-05  -7.2235387e-04  -7.8422387e-04  -2.1543357e-03
   1.6669194e-05  -7.3358936e-04  -5.1812233e-04  -2.2143869e-03
  -1.7823918e-04  -7.4857002e-04  -6.7178660e-04  -2.4095531e-03
  -2.3821099e-04  -5.4633111e-04  -5.4810560e-04  -1.9516631e-03
  -6.5792042e-05  -5.0887946e-04  -1.6207097e-04  -1.9516631e-03
  -4.0688170e-04  -7.0362804e-04  -2.7825615e-04  -2.2369060e-03
  -1.1077090e-04  -9.3208311e-04  -3.9444133e-04  -2.2331528e-03
  -9.5684720e-06  -8.3845398e-04   9.6534749e-05  -2.1768549e-03
  -6.2043804e-05  -7.2984420e-04   3.6263629e-04  -2.1430761e-03
  -1.1826737e-04  -7.5606035e-04   4.4509029e-04  -2.3382424e-03
  -3.1692399e-04  -8.8714113e-04   4.3009865e-04  -2.0529994e-03
   2.8654233e-04  -1.1830092e-03   5.6127546e-04  -2.0304802e-03
  -3.2057900e-05  -1.0481832e-03   8.9109146e-04  -2.2631784e-03
  -7.7036756e-05  -5.8752793e-04   7.8615000e-04  -1.9854418e-03
   1.7034695e-04  -6.3621507e-04   9.1357891e-04  -2.0717654e-03
  -1.4075680e-04  -7.4857002e-04   1.1309576e-03  -1.9704291e-03
  -1.7064948e-05  -5.7254727e-04   9.3981427e-04  -1.8503268e-03
  -2.8309662e-05  -7.9351200e-04   1.2658824e-03  -1.8090416e-03
   1.1037514e-04  -6.9988288e-04   1.4645215e-03  -1.8240544e-03
   1.6669194e-05  -6.6243123e-04   1.1047223e-03  -2.1017910e-03
   2.0408109e-04  -8.0100233e-04   8.9109146e-04  -1.8578331e-03
   4.7770247e-04  -6.6992156e-04   8.6485609e-04  -1.8916119e-03
  -2.4561424e-05  -9.6204443e-04   8.0114164e-04  -1.8315608e-03
  -2.6819689e-04  -8.9088629e-04   5.3504010e-04  -1.6514073e-03
  -1.8948390e-04  -6.6243123e-04   4.4883819e-04  -2.1430761e-03
  -2.4561424e-05  -7.0737321e-04   1.1902220e-04  -2.1055441e-03
