  -1.8948390e-04  -1.0069864e-03   1.7828660e-05  -1.9216375e-03
  -9.2029708e-05  -6.7366672e-04   1.7149293e-04  -1.9666759e-03
   1.0662691e-04  -4.8266331e-04  -2.4077706e-04  -2.0192206e-03
  -1.3316710e-05  -6.5868606e-04   4.0316114e-05  -2.0079610e-03
   1.4036105e-04  -6.1748925e-04  -2.2953333e-04  -2.1468293e-03
  -1.2201561e-04  -6.5868606e-04  -1.6956679e-04  -1.9854418e-03
  -2.0072861e-04  -6.6617639e-04   1.7898875e-04  -1.9066247e-03
   1.6659871e-04  -7.0737321e-04  -2.0329797e-04  -2.1693485e-03
  -4.3302614e-05  -8.3096365e-04  -2.3398339e-05  -1.8353140e-03
   1.1037514e-04  -6.3621507e-04  -4.1692878e-04  -2.1956209e-03
   3.4651414e-04  -8.0100233e-04  -3.0823942e-04  -2.2181401e-03
  -1.6699447e-04  -1.0631639e-03   4.4064023e-05  -1.8991183e-03
  -6.2043804e-05  -6.1374408e-04  -3.1948315e-04  -2.2143869e-03
  -1.5200152e-04  -8.3096365e-04   1.0028266e-04  -1.9404035e-03
  -3.9938522e-04  -8.7216047e-04  -1.3958352e-04  -2.1655953e-03
  -2.8318985e-04  -3.7405352e-04  -2.2578543e-04  -2.2369060e-03
  -7.7036756e-05  -7.7104101e-04  -1.0960025e-04  -1.9704291e-03
   2.8279409e-04  -7.7478618e-04  -5.6684514e-04  -2.0417398e-03
  -4.3302614e-05  -8.8714113e-04  -1.8455843e-04  -1.8615863e-03
  -2.4570747e-04  -9.5455410e-04  -9.8356519e-05  -2.1580889e-03
  -1.1826737e-04  -7.1111837e-04  -8.3364883e-05  -2.1318165e-03
  -4.3302614e-05  -8.0849266e-04   6.5849330e-06  -1.9328971e-03
  -8.0784994e-05  -8.8339596e-04  -3.0074361e-04  -2.1881145e-03
  -3.8814051e-04  -1.0406929e-03  -1.2459188e-04  -2.1618421e-03
  -2.8693808e-04  -6.7366672e-04  -1.0585234e-04  -2.2106337e-03
   1.6762420e-06  -7.9725717e-04  -4.2442460e-04  -2.0192206e-03
   1.5160576e-04  -1.0069864e-03  -3.8694551e-04  -1.8578331e-03
  -1.3316710e-05  -8.7590563e-04  -1.8455843e-04  -2.1505825e-03
  -3.5440637e-04  -1.0594187e-03  -2.5576870e-04  -2.0680122e-03
  -2.8693808e-04  -8.3096365e-04  -2.2203752e-04  -2.1618421e-03
  -2.0447685e-04  -1.0069864e-03  -3.9069342e-04  -2.1843613e-03
  -3.5065813e-04  -1.1305768e-03  -4.3941624e-04  -2.0980378e-03
  -5.5306298e-04  -8.5717981e-04  -1.5082725e-04  -2.3269828e-03
  -3.5440637e-04  -9.1335728e-04  -3.1198733e-04  -2.1243101e-03
  -1.3326033e-04  -9.6578959e-04  -3.3447479e-04  -2.3795275e-03
  -1.7823918e-04  -1.0444381e-03  -4.2817251e-04  -2.3082168e-03
  -2.0072861e-04  -1.0369477e-03  -2.7076033e-04  -1.9967014e-03
  -3.8064403e-04  -8.9463146e-04  -2.7146248e-05  -2.3382424e-03
  -1.8573566e-04  -8.7216047e-04  -3.6820597e-04  -2.1693485e-03
  -2.1946980e-04  -9.0961212e-04  -4.1692878e-04  -1.9591695e-03
  -2.3821099e-04  -8.4968948e-04  -3.2323106e-04  -1.9479099e-03
   2.0417432e-05  -7.4107969e-04  -2.8575197e-04  -2.1130505e-03
  -1.8198742e-04  -8.4594431e-04  -4.8064324e-04  -2.0229738e-03
  -1.5949799e-04  -9.1335728e-04  -3.6820597e-04  -1.9479099e-03
  -2.4945570e-04  -8.3845398e-04  -2.7076033e-04  -1.9178843e-03
  -2.3446275e-04  -8.9837662e-04  -2.8575197e-04  -1.7640032e-03
  -1.1826737e-04  -8.0849266e-04   7.4047295e-05  -2.0304802e-03
  -2.7944161e-04  -9.1335728e-04   7.7795204e-05  -1.8465736e-03
  -4.8184646e-04  -9.6953476e-04   1.0777848e-04  -1.8916119e-03
  -5.2682532e-04  -7.2235387e-04  -1.4333143e-04  -2.0942846e-03
   1.4036105e-04  -8.4968948e-04  -2.9699570e-04  -1.7602500e-03
   1.2161986e-04  -8.6467014e-04  -3.4571851e-04  -1.7377308e-03
  -1.9323213e-04  -7.2235387e-04  -4.9188696e-04  -1.9479099e-03
   9.1727180e-06  -1.0332026e-03  -3.0074361e-04  -1.9929482e-03
  -4.2187465e-04  -1.2242060e-03  -2.1454170e-04  -1.9516631e-03
  -5.6055946e-04  -8.6841530e-04   1.8273666e-04  -2.1243101e-03
  -2.6819689e-04  -8.4594431e-04   1.0777848e-04  -2.1017910e-03
  -1.8573566e-04  -9.1335728e-04  -1.4707934e-04  -2.0304802e-03
  -2.2696628e-04  -8.9088629e-04  -2.3398339e-05  -2.1918677e-03
  -3.5065813e-04  -8.9837662e-04  -1.3583561e-04  -2.1768549e-03
  -9.2029708e-05  -7.6729585e-04  -1.8830634e-04  -2.3007104e-03
   9.5382192e-05  -8.7590563e-04  -2.6701242e-04  -2.1243101e-03
  -2.0447685e-04  -7.7478618e-04  -1.7331470e-04  -2.0529994e-03
  -3.2816870e-04  -7.8602167e-04  -7.9616974e-05  -2.4020467e-03
  -5.8295566e-05  -8.5717981e-04  -1.6581888e-04  -2.0905314e-03
  -1.0327442e-04  -9.1710245e-04  -1.1334816e-04  -2.0192206e-03
  -1.7449094e-04  -9.2833794e-04  -1.6956679e-04  -2.2143869e-03
  -8.4533232e-05  -6.9239255e-04  -2.5951661e-04  -2.0680122e-03
  -3.0942751e-04  -8.6841530e-04  -8.3364883e-05  -2.2218933e-03
  -1.1826737e-04  -8.9837662e-04  -9.4608610e-05  -2.0905314e-03
  -1.5574975e-04  -9.5455410e-04  -3.1573524e-04  -1.9929482e-03
  -4.4811232e-04  -9.8451542e-04  -2.9699570e-04  -2.3194764e-03
  -2.4945570e-04  -6.9239255e-04  -1.2459188e-04  -2.1393229e-03
  -2.7944161e-04  -8.0474750e-04  -4.2137884e-05  -2.2181401e-03
  -8.4533232e-05  -7.4107969e-04  -7.2121156e-05  -2.3757743e-03
  -1.8948390e-04  -1.0257122e-03  -3.0449151e-04  -2.1393229e-03
  -5.0058765e-04  -1.2803834e-03  -2.7076033e-04  -2.3344892e-03
  -2.5695218e-04  -5.7629243e-04   3.6568205e-05  -2.1993741e-03
  -3.0942751e-04  -7.4857002e-04  -3.3447479e-04  -2.1130505e-03
  -1.1077090e-04  -9.2459278e-04  -7.2121156e-05  -2.2744380e-03
   2.3406700e-04  -5.9501826e-04   7.4047295e-05  -2.0454930e-03
  -4.7050852e-05  -7.1860870e-04  -2.7825615e-04  -2.0680122e-03
  -2.8318985e-04  -7.1860870e-04   4.0316114e-05  -2.0417398e-03
  -2.4195923e-04  -8.1223783e-04  -2.1079379e-04  -1.9441567e-03
  -1.4075680e-04  -7.8976684e-04   8.9038931e-05  -1.9066247e-03
  -1.2576385e-04  -7.7478618e-04   5.5307750e-05  -2.0079610e-03
  -7.3288518e-05  -7.2609903e-04  -3.9818924e-04  -2.0529994e-03
   1.5910224e-04  -6.5494090e-04  -8.4067030e-06  -1.8991183e-03
  -2.0719960e-06  -6.4370540e-04  -4.9633702e-05  -1.9591695e-03
  -2.2321804e-04  -6.6243123e-04  -4.6587940e-06  -1.8690927e-03
  -3.5065813e-04  -8.7216047e-04   2.5324478e-05  -1.9967014e-03
  -3.7314756e-04  -8.0474750e-04   1.3026593e-04  -1.9028715e-03
   5.4244800e-06  -8.9463146e-04  -1.2154612e-05  -1.8653395e-03
   6.1648050e-05  -8.4968948e-04  -1.7331470e-04  -2.1806081e-03
  -6.2043804e-05  -5.3509562e-04   4.4064023e-05  -2.0004546e-03
  -1.2576385e-04  -6.0625375e-04  -4.1692878e-04  -2.1430761e-03
  -1.3316710e-05  -7.9725717e-04  -4.3941624e-04  -2.1580889e-03
   7.2892764e-05  -7.7104101e-04  -1.0210443e-04  -2.0079610e-03
  -2.4945570e-04  -7.7853134e-04  -1.6207097e-04  -2.1205569e-03
  -3.4316165e-04  -7.7104101e-04  -9.0860701e-05  -1.9779355e-03
  -4.4061584e-04  -6.8864738e-04  -1.2833979e-04  -2.1055441e-03
  -3.0193104e-04  -9.9575091e-04  -1.7331470e-04  -2.0454930e-03
   6.1648050e-05  -1.1118510e-03  -1.9650430e-05  -1.9554163e-03
  -6.2043804e-05  -8.7216047e-04   7.0299386e-05  -2.0755186e-03
  -2.1946980e-04  -7.2984420e-04  -4.9633702e-05  -1.8991183e-03
  -3.4690989e-04  -8.7965080e-04  -2.0704588e-04  -2.1280633e-03
  -3.2067223e-04  -1.0594187e-03  -1.6207097e-04  -2.0417398e-03
  -4.0313346e-04  -8.8339596e-04  -3.3822270e-04  -1.9366503e-03
  -2.9818280e-04  -8.5717981e-04  -3.5321433e-04  -2.1130505e-03
  -1.9323213e-04  -8.7965080e-04  -1.8830634e-04  -1.8578331e-03
  -5.2682532e-04  -9.1335728e-04  -5.2936605e-04  -2.1393229e-03
  -2.6819689e-04  -9.9575091e-04  -3.1948315e-04  -2.0942846e-03
  -3.3941342e-04  -8.9837662e-04   5.5307750e-05  -1.9666759e-03
  -5.3432179e-04  -9.7327992e-04  -9.4608610e-05  -2.2331528e-03
  -1.7449094e-04  -9.6204443e-04  -7.5869065e-05  -2.1393229e-03
  -1.3326033e-04  -8.9837662e-04  -2.1828961e-04  -2.1618421e-03
  -3.7689580e-04  -1.0257122e-03  -3.3447479e-04  -2.1655953e-03
  -4.7809822e-04  -9.9200575e-04  -2.1828961e-04  -2.1881145e-03
  -2.6070042e-04  -1.0369477e-03  -2.8575197e-04  -2.1017910e-03
  -2.6070042e-04  -1.0743994e-03  -3.0449151e-04  -1.9704291e-03
  -3.4690989e-04  -1.0706542e-03  -2.2578543e-04  -2.0605058e-03
  -1.9323213e-04  -1.1493027e-03  -2.5951661e-04  -2.2481656e-03
  -1.5949799e-04  -9.9949608e-04  -3.0074361e-04  -2.1205569e-03
  -2.6070042e-04  -7.7853134e-04  -1.7331470e-04  -1.8390672e-03
  -7.7036756e-05  -7.8227651e-04  -7.9616974e-05  -1.8428204e-03
   4.6655098e-05  -8.4968948e-04  -2.1454170e-04  -1.8390672e-03
  -1.4450504e-04  -8.4594431e-04  -1.0210443e-04  -1.9028715e-03
  -1.4825328e-04  -8.0849266e-04   1.2651802e-04  -1.9479099e-03
  -4.2937113e-04  -9.3208311e-04  -4.2137884e-05  -2.0642590e-03
  -4.5560879e-04  -9.4706377e-04  -4.2137884e-05  -1.9891950e-03
  -1.8573566e-04  -8.1598299e-04  -6.4625338e-05  -1.8803523e-03
  -1.2951209e-04  -1.0556735e-03  -4.6565160e-04  -1.9291439e-03
   7.6641002e-05  -8.5717981e-04  -4.9563487e-04  -1.7977820e-03
  -2.4561424e-05  -5.8752793e-04  -5.5560142e-04  -1.9178843e-03
  -3.9554376e-05  -8.5717981e-04  -4.7689533e-04  -2.1055441e-03
  -1.1077090e-04  -8.2347332e-04  -1.7706261e-04  -2.1205569e-03
  -2.9818280e-04  -7.8602167e-04  -3.3447479e-04  -2.0304802e-03
  -2.6070042e-04  -8.6092497e-04  -5.3381611e-05  -1.9141311e-03
  -3.1692399e-04  -7.8602167e-04   4.4064023e-05  -1.7827692e-03
  -1.8198742e-04  -8.4968948e-04  -2.9324779e-04  -2.0154674e-03
  -1.5949799e-04  -7.7104101e-04  -3.0449151e-04  -2.0717654e-03
  -3.9554376e-05  -7.4107969e-04  -3.5321433e-04  -1.8015352e-03
   1.4410929e-04  -1.0032412e-03  -3.1198733e-04  -2.0942846e-03
  -7.3288518e-05  -9.4331860e-04  -2.5202079e-04  -2.1168037e-03
  -1.1826737e-04  -7.9725717e-04   5.9055659e-05  -2.0379866e-03
  -1.9323213e-04  -6.9239255e-04  -6.0877429e-05  -2.1993741e-03
  -8.8281470e-05  -6.9613771e-04  -3.8319760e-04  -2.0680122e-03
  -2.4561424e-05  -1.0369477e-03  -1.2459188e-04  -2.1881145e-03
  -2.7194513e-04  -1.0406929e-03  -1.1334816e-04  -2.3007104e-03
  -5.0799090e-05  -8.1972816e-04  -3.0894157e-05  -2.1505825e-03
  -2.1572156e-04  -8.7965080e-04  -3.0894157e-05  -2.3457488e-03
  -3.5065813e-04  -9.0212179e-04  -1.5902521e-05  -2.2293996e-03
  -1.7449094e-04  -6.4370540e-04  -1.1709606e-04  -2.0417398e-03
  -1.7823918e-04  -5.5007628e-04  -2.7450824e-04  -2.2894508e-03
  -1.3326033e-04  -7.4107969e-04   1.0028266e-04  -2.1130505e-03
  -2.9068632e-04  -8.7216047e-04   6.6551477e-05  -2.1318165e-03
  -1.0702266e-04  -9.7327992e-04  -7.2121156e-05  -2.2932040e-03
  -1.4450504e-04  -9.3957344e-04  -1.6207097e-04  -2.2106337e-03
  -2.6819689e-04  -8.7216047e-04  -9.8356519e-05  -2.2519188e-03
  -1.9698037e-04  -9.1335728e-04  -2.5202079e-04  -2.1768549e-03
  -1.8198742e-04  -9.2459278e-04  -6.3805542e-04  -2.2256465e-03
   1.2911633e-04  -9.0961212e-04  -8.7112792e-05  -2.1092973e-03
  -5.8202340e-06  -8.1972816e-04  -2.3328124e-04  -2.1393229e-03
  -2.4195923e-04  -9.2084761e-04  -3.3822270e-04  -2.2781912e-03
   1.1037514e-04  -9.2459278e-04  -1.8081052e-04  -1.9178843e-03
   6.9144526e-05  -8.4219915e-04  -4.5440787e-04  -2.0717654e-03
  -9.9526184e-05  -7.9725717e-04   4.4064023e-05  -2.0454930e-03
   1.3286457e-04  -6.3621507e-04  -3.6071015e-04  -1.8278076e-03
   7.6641002e-05  -7.1111837e-04   9.2786840e-05  -2.0680122e-03
   1.2911633e-04  -7.1111837e-04  -7.5798850e-04  -1.9967014e-03
  -2.3821099e-04  -6.1374408e-04   6.5916610e-03  -1.5763434e-03
   6.1638727e-04  -6.0999892e-04   2.7527481e-02  -1.0809214e-03
   2.0594589e-03  -5.0887946e-04   3.5195703e-02  -8.7449553e-04
   1.8383129e-03  -3.5158253e-04   3.1800097e-02  -4.9166944e-04
   1.6583974e-03  -6.7366672e-04   3.0964313e-02  -4.6915026e-04
   4.6655098e-05  -6.8490222e-04   2.5050113e-02  -4.6164386e-04
  -6.6176188e-04  -4.4146649e-04   2.3236125e-02  -4.5789067e-04
   4.1023418e-04  -7.8976684e-04   1.9581914e-02  -1.7564968e-03
   1.2798254e-03  -4.5644715e-04   2.5101881e-03  -2.5596810e-03
   9.7621812e-04  -1.0814681e-04  -8.6173537e-03  -2.2819444e-03
   1.3286457e-04  -4.8224165e-05  -1.5142463e-02  -2.0867782e-03
   1.2385948e-03   1.2030826e-04  -2.5213095e-02  -2.5446682e-03
  -3.2067223e-04  -5.6505694e-04  -3.2551501e-02  -2.9500135e-03
  -8.7541145e-04  -7.5980552e-04  -4.1868802e-02  -3.5129930e-03
  -2.5958527e-03  -4.2648583e-04  -5.6039646e-02  -3.6631209e-03
  -7.1687031e-03  -6.5119573e-04  -7.2050714e-02  -2.6122257e-03
  -4.6873695e-03  -1.0144767e-03  -7.6844289e-02  -4.4062539e-03
  -5.0809345e-03  -1.6099580e-03  -7.6810558e-02  -6.5305634e-03
  -9.3839117e-03  -1.8421582e-03  -8.0191172e-02  -5.4158639e-03
  -5.5044854e-03  -2.1754779e-03  -6.6286429e-02  -5.4646555e-03
  -1.9586522e-03  -2.3664813e-03  -4.2018719e-02  -5.9713371e-03
  -3.3455003e-03  -2.1642424e-03  -2.5036943e-02  -3.6856401e-03
   4.0648595e-04  -2.5799557e-03  -3.6888533e-03  -1.8503268e-03
   5.7064945e-03  -2.6398783e-03   2.0241546e-02  -1.9891950e-03
   4.2296887e-03  -2.1679876e-03   3.7789256e-02  -1.7264713e-03
   4.2859123e-03  -1.4114642e-03   5.5674277e-02  -2.5521746e-03
   8.9299792e-03  -9.9949608e-04   6.4680503e-02  -2.4020467e-03
   8.7800496e-03  -1.2129705e-03   6.3788500e-02  -1.1409725e-03
   6.8272176e-03  -1.2654028e-03   6.5812371e-02  -1.3211260e-03
   1.6134186e-03  -7.4857002e-04   5.7814333e-02  -2.7398401e-04
  -4.7735790e-03  -5.6505694e-04   4.3557288e-02   8.3320910e-04
  -1.8761910e-03  -4.9764397e-04   3.4329936e-02   1.0884265e-03
  -1.0290892e-03   5.6223773e-04   1.7340664e-02   2.6009649e-03
  -4.7211036e-03   9.2177357e-04   1.0695621e-02   4.4663038e-03
   1.7183692e-03   4.5362794e-04   3.4581045e-02  -1.1597385e-03
   1.3772703e-02  -1.4517680e-05   5.2023814e-02  -7.8554420e-03
   7.0820978e-03   4.1243113e-04   3.2489712e-02  -3.1864649e-03
  -5.3882900e-03   1.4723128e-03   1.1115387e-02   1.9516618e-03
   5.0394013e-04   6.1841520e-04   1.7977809e-02  -2.8149041e-04
   5.1143661e-04  -1.3777577e-03   2.1838155e-02  -2.2819444e-03
  -1.2000182e-02  -1.9058260e-03  -6.0575318e-03   2.6760288e-03
  -1.0118566e-02  -1.8384130e-03  -1.5067505e-02   4.2073332e-03
   1.3772796e-03  -1.2991093e-03  -1.0960025e-04  -2.9725327e-03
  -1.8162192e-03   7.6073147e-04  -1.2462708e-02  -3.6068229e-03
  -6.0629728e-03   1.1502286e-03  -2.4159932e-02  -1.5725902e-03
   4.2746676e-03  -2.5046308e-04  -1.5614700e-02  -5.5172002e-03
   5.6989980e-03  -1.3740126e-03  -1.3695770e-02  -7.1798665e-03
  -6.4752790e-03  -1.6848613e-03  -2.7349403e-02  -4.3049176e-03
  -1.1456687e-02  -1.1455575e-03  -3.3698361e-02  -1.1297129e-03
  -3.3042697e-03  -1.5725063e-03  -3.0321495e-02  -1.8653395e-03
  -9.6162092e-04  -1.9994551e-03  -3.0358974e-02  -1.4449815e-03
  -1.0587096e-02  -1.3627771e-03  -3.2963771e-02   1.5463165e-03
  -2.8807188e-03  -1.0968704e-03  -1.7342486e-02  -2.1580889e-03
   1.0837832e-02  -1.1605382e-03  -3.6888533e-03  -6.5831082e-03
   8.4052258e-03  -1.0772515e-05  -1.4374142e-02  -5.2582296e-03
   4.4583312e-03   4.7235377e-04  -1.4805151e-02  -3.5204994e-03
   2.9327984e-03  -7.6729585e-04  -1.2721314e-02  -4.5676414e-03
   3.3526942e-04  -1.8571389e-03  -1.0105274e-02  -5.0217782e-03
  -4.9684873e-03  -3.0218852e-03  -1.6585408e-02  -1.5425646e-03
  -6.5689850e-03  -2.9731980e-03  -2.3414098e-02   6.7182163e-04
  -1.1826737e-04  -1.7672549e-03  -1.0000332e-02  -1.8878587e-03
   2.7266453e-03  -6.9613771e-04  -4.5883515e-03  -4.0984918e-03
  -1.5988214e-03  -1.0440164e-04  -6.2711626e-03  -2.5071362e-03
   4.1622204e-03  -4.0401484e-04  -3.9212237e-03  -2.1505825e-03
   1.2104737e-02  -1.2017350e-03   7.9633957e-03  -4.7628076e-03
   4.6869737e-03  -1.0257122e-03   1.0549453e-02  -4.2748920e-03
  -2.4871538e-03  -5.5714495e-05   2.5476672e-03  -1.7414840e-03
   1.3435454e-03  -6.8490222e-04   1.0125939e-02  -2.2143869e-03
   4.2971570e-03  -1.1193414e-03   1.1872465e-02  -2.4883702e-03
  -4.3125457e-03  -1.2391866e-03   6.9926873e-03  -3.6406074e-04
  -6.5052649e-03  -1.4564062e-03   8.9378521e-03   3.3778141e-05
   8.2254036e-04  -1.3440513e-03   1.2738232e-02  -1.6589137e-03
   1.2385948e-03  -1.2242060e-03   1.3367881e-02  -2.2293996e-03
  -4.0313346e-04   4.5404960e-05   8.2932117e-03  -1.7377308e-03
   2.3781524e-04   4.7235377e-04   1.1463943e-02  -2.1280633e-03
   8.4128155e-04   1.6525024e-04   1.1002950e-02  -2.5559278e-03
  -1.7037720e-03  -7.8185485e-05   6.2168701e-03  -1.3248792e-03
  -6.0030010e-03  -7.2984420e-04   2.1616326e-03   4.6539580e-04
  -6.2091541e-03  -4.6768265e-04   5.9875455e-04   2.0267201e-04
  -3.2480461e-03  -6.6243123e-04   8.8628939e-03  -1.6026158e-03
   1.2161054e-03  -1.4976030e-03   8.2519847e-03  -1.7302244e-03
   2.9515395e-03  -1.1493027e-03   7.9184208e-03  -1.8878587e-03
  -1.0965575e-03  -7.0695155e-05   8.2519847e-03  -2.3194764e-03
  -5.1932884e-04   5.0606025e-04   5.6284484e-03  -1.7715096e-03
   1.8159167e-04  -3.4409220e-04   8.1432954e-03  -2.1580889e-03
  -4.2150915e-03  -9.1710245e-04   4.3803947e-03  -8.5197635e-04
  -6.7976275e-03  -1.1979898e-03   2.1728763e-03   2.3269758e-04
  -4.4699717e-03  -1.2204608e-03   6.7040983e-03  -1.0508958e-03
   2.5242404e-03  -5.5756661e-04   7.5961007e-03  -1.1372193e-03
   6.0963112e-03  -6.5868606e-04   1.3708238e-03  -1.3136196e-03
   6.1113042e-03  -4.1525034e-04   5.5459944e-03  -2.2293996e-03
   3.4987823e-03  -3.4409220e-04   9.1214996e-03  -3.3440992e-03
   3.6150709e-04  -7.4107969e-04   4.4253696e-03  -3.5880570e-03
   1.0287867e-04  -1.4826224e-03   3.0273996e-03  -2.4583447e-03
  -2.8309662e-05  -1.8533937e-03  -4.1760815e-03  -2.0042078e-03
   4.1023418e-04  -8.0849266e-04  -4.7045367e-03  -2.1280633e-03
   1.2048606e-03  -3.5907286e-04  -5.8364052e-03  -1.7152117e-03
   1.6621457e-03  -6.6992156e-04  -1.0540031e-02  -9.6832546e-04
   2.6030466e-04  -1.0968704e-03  -1.0749914e-02  -1.3211260e-03
  -2.6145939e-03  -1.5874870e-03  -1.0450081e-02  -2.4883702e-03
  -1.8424569e-03  -1.6548999e-03  -6.1887086e-03  -3.4867206e-03
  -3.4316165e-04  -1.4676417e-03  -7.0619714e-03  -3.6518613e-03
   3.2101680e-03  -1.0669090e-03  -9.0558590e-03  -3.4491887e-03
   7.5543758e-03  -9.7327992e-04  -6.5634995e-03  -3.7081593e-03
   4.0647662e-03  -1.0107316e-03  -6.1249942e-03  -3.7607040e-03
   1.6285048e-04  -5.2386012e-04  -7.1144422e-03  -3.3440992e-03
  -4.6311459e-03  -5.5756661e-04  -1.2927449e-02  -1.7114585e-03
  -8.8928925e-03  -1.3777577e-03  -1.7046401e-02   1.5012725e-04
  -4.3987552e-03  -2.1829682e-03  -9.0783465e-03  -1.3961899e-03
   7.7006503e-04  -1.8271775e-03  -3.2803313e-03  -3.9220915e-03
   4.0273771e-04  -4.3023100e-04  -1.0360131e-02  -2.6084725e-03
   9.2374279e-04   3.1505684e-04  -1.5539742e-02  -1.4787603e-03
   3.8173825e-03  -1.4185329e-04  -7.4592498e-03  -3.4604483e-03
  -7.4422312e-04  -9.6204443e-04  -2.5982118e-03  -4.5301094e-03
  -9.8786791e-03  -1.2316963e-03  -7.8153012e-03  -2.8937155e-03
  -8.8516619e-03  -1.4226997e-03  -8.9958925e-03  -1.1034405e-03
   1.3323007e-03  -1.4376804e-03  -5.1467899e-03  -1.0884278e-03
   2.9028125e-03  -5.8378276e-04  -2.6581784e-03  -1.1372193e-03
  -1.0740681e-03   2.2933970e-05  -2.8155905e-03  -2.3269885e-04
   9.9130430e-05  -4.0026968e-04   4.4366134e-03  -9.9459784e-04
   3.1662146e-05  -1.1530478e-03   1.3536536e-02  -3.0776222e-03
  -3.3267591e-03  -1.4226997e-03   1.4807078e-02  -2.8974687e-03
  -4.8935226e-03  -8.1972816e-04   1.4840809e-02  -1.9967014e-03
   1.2835736e-03  -6.3621507e-04   1.3772655e-02  -2.0792718e-03
   5.9426335e-03  -9.2833794e-04   1.2074852e-02  -1.4036963e-03
   4.1472275e-03  -4.4521166e-04   8.9603395e-03  -5.2544821e-04
   1.1711265e-03  -2.5795341e-04   6.9402166e-03  -2.2519814e-05
  -3.7390653e-03  -7.4857002e-04   5.4935237e-03  -3.2652877e-04
  -2.2060359e-03  -1.5238192e-03   1.1853725e-02  -2.1956209e-03
   2.6141981e-03  -1.5949773e-03   1.8056515e-02  -4.0984918e-03
   1.1748747e-03  -3.4783737e-04   1.1572632e-02  -3.0475966e-03
   1.1037514e-04   3.3752783e-04   6.1793911e-03  -8.5948274e-04
   4.2071993e-03  -1.1938230e-04   8.3569262e-03  -1.4787603e-03
   6.8647000e-03  -1.1792640e-03   1.3450335e-02  -2.4395787e-03
   2.0408109e-04  -1.4638965e-03   6.6853588e-03  -1.1897641e-03
  -6.8388581e-03  -8.2721849e-04  -4.3566833e-04   3.9408505e-04
  -2.2060359e-03  -9.2084761e-04   3.6907795e-03  -1.1334661e-03
   4.2371852e-03  -1.2354415e-03   6.2955762e-03  -3.4041503e-03
   2.4755133e-03  -1.0856349e-03   7.8240210e-04  -2.1881145e-03
   8.7126746e-04  -7.0362804e-04  -4.1835773e-03  -1.8353140e-03
   4.4583312e-03  -5.6131177e-04   1.5650129e-04  -4.0909854e-03
   2.7228970e-03  -6.2123441e-04  -2.7256407e-03  -4.3311900e-03
  -4.0014419e-03  -6.1374408e-04  -1.2796272e-02  -2.1505825e-03
  -5.8343303e-03  -9.5829926e-04  -1.4389134e-02  -1.0734150e-03
  -5.9580222e-03  -1.4526610e-03  -1.2934945e-02  -1.8841055e-03
  -4.2375809e-03  -1.5500353e-03  -1.2410238e-02  -2.0267270e-03
  -1.6737861e-03  -1.2092253e-03  -1.3156071e-02  -1.2122833e-03
   2.3781524e-04  -6.8115705e-04  -1.0712435e-02  -1.9441567e-03
   5.0617975e-03  -3.7779869e-04  -2.2121772e-03  -4.0647130e-03
   2.7154006e-03  -4.7891814e-04  -5.2742188e-03  -4.3236836e-03
  -5.2908358e-03  -5.0887946e-04  -1.3553350e-02  -2.0605058e-03
  -4.0201831e-03  -1.0706542e-03  -9.6180454e-03  -1.8803523e-03
   1.2498395e-03  -1.9395325e-03  -1.5225619e-03  -4.4925774e-03
   2.0417432e-05  -1.1230865e-03  -6.0312965e-03  -3.3290864e-03
  -4.2938045e-03  -9.6911310e-05  -1.7807227e-02   4.3912342e-04
  -2.5696150e-03  -6.6949990e-05  -1.3482140e-02  -1.7640089e-04
   2.0632071e-03  -7.1860870e-04  -2.7781115e-03  -3.0626094e-03
  -1.1902634e-03  -1.5575257e-03  -1.9273361e-03  -3.3666183e-03
  -4.5486847e-03  -1.0107316e-03  -4.1685857e-03  -1.9591695e-03
   1.3098113e-03  -7.9351200e-04  -1.4333143e-04  -2.5296554e-03
   6.6585469e-03  -8.0100233e-04   6.2918283e-03  -3.8883127e-03
   1.8757952e-03  -2.6544374e-04   4.1217890e-03  -2.0830250e-03
  -3.2817802e-03  -5.9127309e-04   7.8615000e-04  -2.7023082e-04
   1.4036105e-04  -1.2167156e-03   6.7678128e-03  -1.1972705e-03
   1.7595999e-03  -1.6024676e-03   1.0699369e-02  -1.8240544e-03
  -1.9323213e-04  -1.0481832e-03   7.3787219e-03  -1.2986068e-03
   8.9375689e-04  -5.6880210e-04   7.7160337e-03  -1.3173728e-03
   4.0535215e-03  -5.3884078e-04   8.9041209e-03  -2.3457488e-03
   4.1959546e-03  -1.8679527e-04   8.9790791e-03  -3.2352564e-03
  -2.1197332e-04  -4.8640847e-04   6.4379968e-03  -2.4433319e-03
  -3.0906201e-03  -9.2459278e-04   1.3370926e-03  -1.0396362e-03
  -1.6887791e-03  -1.2279511e-03   4.5228153e-03  -1.1222065e-03
   1.8083270e-03  -1.3065996e-03   7.4311927e-03  -2.0042078e-03
   2.6891629e-03  -8.2347332e-04   4.5790339e-03  -1.8615863e-03
   9.6497341e-04  -3.8154385e-04   1.8880353e-03  -1.2047769e-03
   6.4637318e-04  -4.6768265e-04   1.6631607e-03  -1.5500710e-03
   4.0648595e-04  -9.3582827e-04   5.7221462e-03  -2.6835365e-03
  -1.4264024e-03  -1.0406929e-03   5.1224807e-03  -2.8148984e-03
  -3.0643824e-03  -9.2459278e-04   9.1357891e-04  -1.7039521e-03
  -1.7037720e-03  -7.3733453e-04  -9.1088500e-07  -1.6739265e-03
   1.0624276e-03  -5.5007628e-04  -4.9633702e-05  -2.0905314e-03
   8.7126746e-04  -5.1262463e-04  -9.0040905e-04  -1.5087858e-03
  -1.5613390e-03  -6.4745057e-04  -3.2953229e-03  -1.1484789e-03
  -2.6183421e-03  -1.0032412e-03  -3.3590373e-03  -1.4825134e-03
  -2.2397701e-03  -1.1043607e-03  -1.3539060e-03  -2.0379866e-03
  -1.8462051e-03  -1.0294574e-03  -1.9085966e-03  -2.3945403e-03
  -6.7300660e-04  -8.7965080e-04  -2.7331365e-03  -2.4057999e-03
   1.0099523e-03  -6.0250859e-04  -2.5869681e-03  -2.3344892e-03
   1.0699241e-03  -5.6131177e-04  -2.2084293e-03  -2.3720211e-03
   9.9130430e-05  -9.3957344e-04  -1.5075703e-03  -2.4170595e-03
  -1.7599956e-03  -1.2242060e-03  -2.6244472e-03  -1.9629227e-03
  -3.3829827e-03  -1.0257122e-03  -4.5658640e-03  -1.2911004e-03
  -2.1498124e-03  -1.0968704e-03  -4.0261652e-03  -1.4487347e-03
  -5.5306298e-04  -1.1867543e-03  -3.0292214e-03  -1.8991183e-03
   2.6780114e-04  -6.6992156e-04  -2.3321103e-03  -2.2819444e-03
   1.0062040e-03  -5.8752793e-04  -9.7161932e-04  -2.6535109e-03
   1.7033763e-03  -9.3957344e-04  -7.1676150e-04  -2.9800391e-03
   2.0182283e-03  -8.5343464e-04   1.0403057e-04  -2.9988050e-03
   9.3873574e-04  -9.0586695e-04  -6.9802196e-04  -2.3194764e-03
  -3.7689580e-04  -1.0743994e-03  -2.1672023e-03  -1.8765991e-03
  -1.1040540e-03  -9.8451542e-04  -1.3239228e-03  -1.5425646e-03
  -6.2053127e-04  -9.5455410e-04  -1.6837220e-03  -1.4750071e-03
   7.4382737e-04  -9.5080893e-04  -1.5975201e-03  -1.6213817e-03
   1.3997690e-03  -9.0586695e-04  -9.7161932e-04  -1.7302244e-03
   1.1149029e-03  -8.5343464e-04  -9.0860701e-05  -2.3532552e-03
   3.8399652e-04  -8.3096365e-04   1.3071094e-03  -2.7060557e-03
   1.7409519e-04  -7.7478618e-04   7.9739373e-04  -2.5108894e-03
   4.7395423e-04  -7.0737321e-04  -4.4316415e-04  -2.0942846e-03
   7.3258265e-04  -7.7104101e-04  -1.2302250e-03  -2.0680122e-03
   8.3378508e-04  -9.8077025e-04  -1.2976874e-03  -1.8127948e-03
   3.5775885e-04  -1.0781445e-03  -1.6649825e-03  -1.5951094e-03
  -8.4533232e-05  -8.5343464e-04  -1.6612346e-03  -2.0980378e-03
  -6.5426541e-04  -9.5080893e-04  -6.5304705e-04  -1.8953651e-03
  -1.4751295e-03  -1.0893800e-03  -1.6207097e-04  -2.1881145e-03
  -1.7037720e-03  -7.1860870e-04   3.8887165e-04  -2.4808638e-03
  -1.0253410e-03  -7.1486354e-04  -4.3566833e-04  -2.0717654e-03
   8.7885716e-05  -7.7478618e-04  -1.0315859e-03  -2.2706848e-03
   7.2892764e-05  -5.3884078e-04  -8.7042577e-04  -1.9629227e-03
  -1.0253410e-03  -6.6992156e-04  -1.3051832e-03  -1.6288881e-03
  -1.8686945e-03  -9.8077025e-04  -4.0943297e-04  -1.6514073e-03
  -1.6325555e-03  -9.3582827e-04  -4.5885793e-05  -1.8916119e-03
  -1.0778163e-03  -1.0332026e-03   5.0130892e-04  -2.1318165e-03
  -3.3566518e-04  -1.0219671e-03   1.4832611e-03  -1.8503268e-03
   2.9778704e-04  -5.0138913e-04   1.5057485e-03  -2.0830250e-03
   2.1157757e-04  -6.5494090e-04   1.6556649e-03  -2.1055441e-03
   3.4651414e-04  -5.0513430e-04   1.7081356e-03  -1.9554163e-03
  -6.1303479e-04  -4.8266331e-04   1.6556649e-03  -2.0154674e-03
  -1.9736452e-03  -1.0631639e-03   1.1984200e-03  -1.6589137e-03
  -1.8012262e-03  -7.7104101e-04   1.5507234e-03  -1.5538242e-03
  -6.6176188e-04  -7.8602167e-04   2.6900878e-03  -1.7564968e-03
   7.3258265e-04  -7.4857002e-04   3.2335346e-03  -1.9929482e-03
   1.3210560e-03  -5.0887946e-04   3.2672658e-03  -2.1055441e-03
   1.5684397e-03  -8.1598299e-04   3.4659049e-03  -2.1580889e-03
   1.2985666e-03  -9.2833794e-04   3.8856707e-03  -2.3720211e-03
   3.4651414e-04  -8.9088629e-04   3.2897532e-03  -2.4996298e-03
  -1.4075680e-04  -9.4706377e-04   2.2628262e-03  -2.4057999e-03
  -5.6805593e-04  -8.8714113e-04   1.1609409e-03  -2.0529994e-03
  -1.9698037e-04  -8.7965080e-04   7.9364582e-04  -2.0117142e-03
   7.3633089e-04  -9.7327992e-04   5.9875455e-04  -2.0304802e-03
   7.1384146e-04  -7.1860870e-04   2.1576569e-05  -1.7715096e-03
   6.4637318e-04  -7.0362804e-04  -1.0585234e-04  -1.9216375e-03
