   1.6762420e-06  -7.6729585e-04  -9.8356519e-05  -1.8841055e-03
   7.6641002e-05  -8.1598299e-04   1.4080751e-05  -2.1130505e-03
  -8.0784994e-05  -5.6505694e-04   3.6568205e-05  -2.1731017e-03
  -5.8295566e-05  -6.6992156e-04  -1.7706261e-04  -1.9328971e-03
   1.2920956e-05  -9.2833794e-04   2.5324478e-05  -2.1430761e-03
  -9.5777946e-05  -7.8227651e-04  -1.2154612e-05  -1.9516631e-03
  -1.6324623e-04  -9.1335728e-04  -1.6581888e-04  -1.8578331e-03
  -8.4533232e-05  -6.3621507e-04  -2.3398339e-05  -1.8390672e-03
  -1.4450504e-04  -7.4107969e-04   8.1543113e-05  -1.8390672e-03
  -9.2029708e-05  -8.8339596e-04   1.6399711e-04  -2.0905314e-03
   1.2911633e-04  -5.6505694e-04  -1.2459188e-04  -2.1318165e-03
  -8.4533232e-05  -8.3470882e-04   2.5324478e-05  -2.0867782e-03
  -1.5949799e-04  -9.9200575e-04   1.9023247e-04  -2.1430761e-03
  -2.2696628e-04  -7.0362804e-04  -1.2459188e-04  -2.2068805e-03
  -1.1826737e-04  -5.2760529e-04   3.2820296e-05  -1.8991183e-03
   7.6641002e-05  -4.6768265e-04  -7.5869065e-05  -2.0042078e-03
  -2.1946980e-04  -5.5756661e-04  -8.7112792e-05  -2.0717654e-03
  -1.7064948e-05  -7.2609903e-04  -1.3958352e-04  -1.8803523e-03
  -1.8948390e-04  -8.3845398e-04  -1.2833979e-04  -2.0154674e-03
  -4.7060175e-04  -1.0631639e-03   5.5307750e-05  -1.9666759e-03
  -1.0702266e-04  -9.6953476e-04  -6.4625338e-05  -2.0605058e-03
  -2.9818280e-04  -7.7478618e-04  -3.4642066e-05  -2.0192206e-03
  -3.3566518e-04  -7.2235387e-04  -3.1573524e-04  -2.0942846e-03
  -8.0784994e-05  -6.3621507e-04  -2.8575197e-04  -2.0942846e-03
  -4.7050852e-05  -9.5455410e-04  -1.7331470e-04  -1.9967014e-03
  -3.9554376e-05  -9.5080893e-04  -2.6701242e-04  -2.0342334e-03
  -1.8198742e-04  -8.2721849e-04  -1.5832306e-04  -1.9028715e-03
  -3.0567927e-04  -1.1979898e-03  -9.4608610e-05  -2.0079610e-03
  -2.6444866e-04  -1.1567930e-03  -1.2084397e-04  -1.9816886e-03
  -8.4533232e-05  -1.0406929e-03  -3.3072688e-04  -2.1468293e-03
  -2.5320394e-04  -9.6204443e-04  -1.3208770e-04  -2.1543357e-03
  -3.2067223e-04  -6.9613771e-04  -2.6326452e-04  -1.9967014e-03
  -6.2043804e-05  -8.9837662e-04  -4.4316415e-04  -2.0117142e-03
  -2.2321804e-04  -1.0182219e-03   9.6534749e-05  -1.9328971e-03
  -2.8693808e-04  -8.9463146e-04   9.2786840e-05  -2.2444124e-03
  -1.2201561e-04  -9.6578959e-04  -2.2953333e-04  -2.1580889e-03
  -2.5320394e-04  -9.7327992e-04  -2.5202079e-04  -2.0417398e-03
  -3.8439227e-04  -9.7702509e-04  -1.5457515e-04  -2.2293996e-03
  -2.8318985e-04  -9.8451542e-04  -1.7706261e-04  -2.0004546e-03
  -1.8198742e-04  -9.8451542e-04  -2.2953333e-04  -2.0304802e-03
  -5.8295566e-05  -1.0519284e-03  -1.7331470e-04  -2.1393229e-03
  -1.8573566e-04  -1.0631639e-03  -1.8455843e-04  -2.0942846e-03
  -1.9698037e-04  -1.0406929e-03  -1.6207097e-04  -2.2406592e-03
  -6.5792042e-05  -7.8602167e-04  -7.9616974e-05  -2.2068805e-03
  -2.8318985e-04  -6.9239255e-04  -9.4608610e-05  -1.8916119e-03
  -1.4075680e-04  -8.6467014e-04  -1.5082725e-04  -1.7452372e-03
  -3.2057900e-05  -7.2235387e-04  -4.5885793e-05  -1.8765991e-03
  -1.3316710e-05  -8.9837662e-04  -1.7331470e-04  -1.8728459e-03
   8.0389240e-05  -1.1305768e-03  -4.7314742e-04  -1.8916119e-03
  -2.4561424e-05  -6.2123441e-04  -2.0329797e-04  -2.0755186e-03
  -5.4547328e-05  -5.5382144e-04  -1.5902521e-05  -1.8878587e-03
   2.7913908e-05  -9.4706377e-04  -2.2953333e-04  -1.6288881e-03
   1.3661281e-04  -7.8602167e-04  -1.5902521e-05  -1.8428204e-03
  -9.5777946e-05  -8.0474750e-04   6.2803568e-05  -1.9629227e-03
  -3.8064403e-04  -8.2721849e-04  -1.1709606e-04  -1.9704291e-03
  -3.8439227e-04  -6.5119573e-04   6.2803568e-05  -2.0379866e-03
  -1.3316710e-05  -7.3358936e-04  -7.9616974e-05  -1.9141311e-03
   2.7904585e-04  -7.7478618e-04  -3.6820597e-04  -1.9929482e-03
   1.5160576e-04  -9.2084761e-04  -3.7570179e-04  -2.0642590e-03
   1.4036105e-04  -8.3096365e-04  -3.0823942e-04  -2.0492462e-03
   1.1787162e-04  -7.2609903e-04  -1.9955006e-04  -2.1580889e-03
  -9.9526184e-05  -6.9613771e-04  -1.6581888e-04  -2.0567526e-03
  -4.9309117e-04  -6.9988288e-04  -9.4608610e-05  -2.0567526e-03
  -1.9323213e-04  -1.0107316e-03  -4.9633702e-05  -2.1543357e-03
   3.1652823e-04  -8.7965080e-04  -4.2137884e-05  -1.9741823e-03
  -8.4533232e-05  -8.2347332e-04  -1.5832306e-04  -2.0454930e-03
  -2.2696628e-04  -9.3582827e-04  -1.9205424e-04  -2.3832807e-03
   2.7913908e-05  -8.1598299e-04  -6.4625338e-05  -2.2744380e-03
  -1.0327442e-04  -8.4968948e-04  -9.4608610e-05  -2.3945403e-03
  -1.5200152e-04  -7.8976684e-04  -7.2121156e-05  -2.5972130e-03
   1.6762420e-06  -6.6243123e-04  -9.4608610e-05  -2.2181401e-03
  -2.1197332e-04  -7.3733453e-04  -4.5885793e-05  -2.2594252e-03
  -2.2696628e-04  -8.0849266e-04   5.5307750e-05  -2.3645147e-03
  -1.9698037e-04  -8.2347332e-04  -9.0860701e-05  -2.2594252e-03
  -8.4533232e-05  -8.2721849e-04  -1.4333143e-04  -2.3007104e-03
   1.6762420e-06  -8.0100233e-04  -4.2137884e-05  -2.3344892e-03
  -3.1317575e-04  -8.2721849e-04  -7.5869065e-05  -2.5071362e-03
   1.2920956e-05  -8.3845398e-04  -1.9205424e-04  -2.4320723e-03
  -7.3288518e-05  -8.7590563e-04  -1.0585234e-04  -2.2481656e-03
  -2.3446275e-04  -7.5606035e-04  -3.0894157e-05  -2.2594252e-03
   8.7885716e-05  -7.6355068e-04  -1.1334816e-04  -2.3382424e-03
  -1.1826737e-04  -9.3582827e-04  -1.3208770e-04  -2.3532552e-03
  -2.8309662e-05  -7.5980552e-04  -1.5832306e-04  -2.1168037e-03
  -4.3302614e-05  -7.9351200e-04  -8.3364883e-05  -2.0154674e-03
  -9.5684720e-06  -7.4107969e-04  -3.0894157e-05  -2.0680122e-03
   1.1787162e-04  -6.2497958e-04  -6.4625338e-05  -2.0267270e-03
  -2.0813186e-05  -8.4968948e-04  -4.2137884e-05  -2.0867782e-03
   2.3781524e-04  -6.7366672e-04   2.1576569e-05  -1.9741823e-03
   2.4165670e-05  -5.6131177e-04   1.3776175e-04  -1.9103779e-03
  -5.4547328e-05  -6.6617639e-04   3.2820296e-05  -1.9591695e-03
  -1.3316710e-05  -6.0250859e-04   6.5849330e-06  -2.0004546e-03
  -2.3821099e-04  -7.5231519e-04   2.3520738e-04  -2.1055441e-03
   1.1787162e-04  -8.1223783e-04   1.6024920e-04  -2.0454930e-03
   6.9144526e-05  -7.6729585e-04  -1.8830634e-04  -2.0867782e-03
   3.5410384e-05  -9.8826058e-04  -1.8830634e-04  -2.1243101e-03
   1.8908814e-04  -8.4594431e-04   3.2820296e-05  -2.0154674e-03
  -2.4561424e-05  -4.5644715e-04  -7.9616974e-05  -1.9891950e-03
  -2.6444866e-04  -6.4370540e-04   8.1543113e-05  -2.0492462e-03
  -2.7944161e-04  -8.0474750e-04   2.4270320e-04  -2.0454930e-03
  -2.6444866e-04  -8.6841530e-04  -1.2459188e-04  -2.1243101e-03
  -2.5695218e-04  -1.0856349e-03  -1.7331470e-04  -2.1505825e-03
   1.6285048e-04  -9.0212179e-04  -1.8455843e-04  -2.0942846e-03
   6.9144526e-05  -7.5606035e-04  -2.8949988e-04  -2.1505825e-03
  -1.5949799e-04  -8.7216047e-04  -1.6581888e-04  -1.9741823e-03
  -1.5949799e-04  -9.0212179e-04  -1.4707934e-04  -1.9554163e-03
  -2.9818280e-04  -8.4594431e-04   1.4080751e-05  -2.0905314e-03
  -3.3566518e-04  -8.7216047e-04   5.1559841e-05  -2.0417398e-03
  -3.9938522e-04  -8.7965080e-04  -4.9633702e-05  -2.0567526e-03
  -3.2442046e-04  -6.8115705e-04  -2.1079379e-04  -1.9704291e-03
  -2.9818280e-04  -7.4107969e-04  -5.3686187e-04  -1.8653395e-03
  -1.4825328e-04  -9.7327992e-04  -3.1198733e-04  -1.9666759e-03
  -3.5815461e-04  -9.6204443e-04  -1.8455843e-04  -2.2594252e-03
  -4.8559470e-04  -9.2459278e-04  -2.1828961e-04  -2.1693485e-03
  -1.0327442e-04  -9.5829926e-04  -9.0860701e-05  -1.8615863e-03
  -1.8948390e-04  -9.7327992e-04  -2.6701242e-04  -2.1393229e-03
  -2.7569337e-04  -9.2833794e-04  -2.4827288e-04  -2.0905314e-03
  -4.2187465e-04  -9.0961212e-04  -2.4077706e-04  -1.9854418e-03
  -3.7689580e-04  -9.0586695e-04  -2.9324779e-04  -2.1468293e-03
  -1.6699447e-04  -8.4594431e-04  -2.4827288e-04  -1.9178843e-03
  -3.7689580e-04  -6.9239255e-04  -3.7570179e-04  -2.1130505e-03
  -4.4436408e-04  -8.2721849e-04  -1.9955006e-04  -2.0492462e-03
  -5.3807003e-04  -1.0893800e-03  -1.9650430e-05  -1.8728459e-03
  -4.1062994e-04  -9.6578959e-04  -1.6956679e-04  -2.1055441e-03
  -6.5792042e-05  -9.1710245e-04  -2.7825615e-04  -2.0492462e-03
  -1.3700856e-04  -9.9200575e-04  -2.0704588e-04  -2.0267270e-03
  -2.5695218e-04  -1.0257122e-03  -4.2137884e-05  -1.7377308e-03
  -1.8573566e-04  -9.4331860e-04  -1.6956679e-04  -1.7527436e-03
  -2.4561424e-05  -9.4331860e-04  -3.0823942e-04  -2.0192206e-03
   3.9158622e-05  -7.5231519e-04  -2.4077706e-04  -1.9741823e-03
  -9.2029708e-05  -5.9876342e-04  -2.2203752e-04  -1.9779355e-03
  -2.0822509e-04  -9.9200575e-04  -2.1079379e-04  -2.0229738e-03
  -2.7194513e-04  -7.1111837e-04  -2.2203752e-04  -2.0229738e-03
  -4.5560879e-04  -6.8490222e-04   2.1576569e-05  -1.8315608e-03
  -2.5320394e-04  -8.4968948e-04   2.1576569e-05  -1.9028715e-03
  -4.7050852e-05  -6.7741189e-04  -3.9444133e-04  -1.8916119e-03
  -2.0719960e-06  -8.1598299e-04  -2.9324779e-04  -2.0567526e-03
   4.4771656e-04  -7.1860870e-04  -1.3958352e-04  -1.9967014e-03
   1.2161986e-04  -8.9837662e-04   5.5307750e-05  -1.8127948e-03
  -3.0193104e-04  -6.9613771e-04   1.3776175e-04  -2.0529994e-03
  -2.4945570e-04  -5.0887946e-04  -2.0704588e-04  -1.9516631e-03
  -3.5815461e-04  -8.6092497e-04   1.4080751e-05  -2.0942846e-03
  -1.0327442e-04  -7.7104101e-04  -1.2154612e-05  -1.9967014e-03
  -6.9540280e-05  -9.2833794e-04  -2.8200406e-04  -2.0117142e-03
  -5.0799090e-05  -9.2084761e-04  -2.3328124e-04  -2.1843613e-03
   9.1727180e-06  -5.1636979e-04  -3.6071015e-04  -1.9253907e-03
  -1.8573566e-04  -8.0100233e-04  -1.7331470e-04  -1.9891950e-03
  -9.9526184e-05  -1.0594187e-03  -1.2833979e-04  -1.9178843e-03
  -2.0822509e-04  -9.2833794e-04  -1.2459188e-04  -1.9216375e-03
  -3.8814051e-04  -8.4594431e-04   1.1902220e-04  -2.1318165e-03
   6.1648050e-05  -7.1486354e-04  -9.4608610e-05  -2.1993741e-03
  -3.2057900e-05  -8.6092497e-04  -2.5951661e-04  -2.2781912e-03
  -5.3807003e-04  -7.8976684e-04  -1.6207097e-04  -2.3344892e-03
  -1.2576385e-04  -7.0362804e-04  -2.4077706e-04  -2.2594252e-03
  -4.3302614e-05  -1.0406929e-03  -3.1198733e-04  -2.3344892e-03
  -1.4450504e-04  -9.7327992e-04  -4.2137884e-05  -2.4020467e-03
  -3.9554376e-05  -7.3733453e-04  -9.0860701e-05  -2.1092973e-03
  -2.7944161e-04  -7.5231519e-04  -3.9818924e-04  -2.1768549e-03
   2.1907405e-04  -7.0737321e-04  -1.7331470e-04  -2.3044636e-03
   2.5655643e-04  -7.6729585e-04  -9.4608610e-05  -2.2556720e-03
  -4.1062994e-04  -8.4594431e-04  -5.7129520e-05  -2.2856976e-03
  -1.0327442e-04  -7.3358936e-04   2.8370240e-06  -2.2331528e-03
  -9.5684720e-06  -8.1598299e-04  -8.7112792e-05  -2.3344892e-03
  -2.5320394e-04  -8.4219915e-04   5.5307750e-05  -2.3982935e-03
  -5.4547328e-05  -6.8115705e-04   6.5849330e-06  -2.4846170e-03
   3.9158622e-05  -7.7478618e-04  -1.7706261e-04  -2.2369060e-03
   5.7899812e-05  -8.0849266e-04  -2.2203752e-04  -1.9666759e-03
   8.4137478e-05  -7.4107969e-04   1.0777848e-04  -2.1055441e-03
  -2.0813186e-05  -6.2497958e-04   1.8273666e-04  -1.8916119e-03
  -2.0719960e-06  -5.7629243e-04  -1.5082725e-04  -1.9028715e-03
  -5.8202340e-06  -7.7478618e-04   9.2786840e-05  -2.1918677e-03
  -1.5574975e-04  -8.2721849e-04  -9.4608610e-05  -1.9704291e-03
   1.6659871e-04  -8.0474750e-04  -1.7706261e-04  -1.9666759e-03
   2.0033286e-04  -7.5231519e-04  -2.1828961e-04  -2.1918677e-03
  -3.5806138e-05  -6.3246991e-04  -3.3072688e-04  -2.0529994e-03
  -6.5792042e-05  -3.6656319e-04   2.1271993e-04  -2.1017910e-03
  -1.1451914e-04  -5.0513430e-04  -2.3328124e-04  -1.9629227e-03
  -5.8202340e-06  -9.5829926e-04   2.2771156e-04  -1.8465736e-03
  -2.6444866e-04  -8.1223783e-04  -4.4316415e-04  -2.2181401e-03
  -1.8198742e-04  -7.1860870e-04   1.7006398e-03  -2.0042078e-03
   3.6525533e-04  -7.9351200e-04   7.5024029e-03  -1.6439009e-03
   4.9644366e-04  -7.2609903e-04   9.2751639e-03  -1.5200454e-03
   4.7770247e-04  -7.4482486e-04   1.3105527e-02  -1.1672449e-03
   2.6030466e-04  -8.3096365e-04   1.4630926e-02  -1.0884278e-03
  -2.3071451e-04  -6.5868606e-04   1.4357328e-02  -9.9084464e-04
  -4.5560879e-04  -6.0999892e-04   1.8326364e-02  -8.4446996e-04
  -6.0553831e-04  -8.4968948e-04   2.0436437e-02  -8.8200193e-04
  -1.2989623e-03  -8.4219915e-04   1.8487524e-02  -6.1927814e-04
  -2.3522172e-03  -9.3957344e-04   1.5170625e-02  -4.1285230e-04
  -1.2727247e-03  -8.3470882e-04   1.7756682e-02  -1.1559853e-03
   3.9149299e-04  -6.2123441e-04   1.8157708e-02  -1.5350582e-03
  -2.1610571e-03  -6.6617639e-04   1.0035989e-02  -4.1285230e-04
  -4.0314278e-03  -8.7216047e-04   2.9899205e-03  -4.7665665e-04
  -3.8702536e-03  -1.1680285e-03  -3.5351891e-03  -1.6363945e-03
  -5.3320664e-03  -1.0332026e-03  -1.6158147e-02  -2.3307360e-03
  -7.1049830e-03  -1.2316963e-03  -3.4635338e-02  -2.5409150e-03
  -9.6125542e-03  -1.6698806e-03  -5.3817136e-02  -3.0551030e-03
  -9.6575331e-03  -1.3777577e-03  -6.8767545e-02  -4.7252757e-03
  -1.2157608e-02  -1.3740126e-03  -8.3163264e-02  -4.9579739e-03
  -1.6539298e-02  -1.6211935e-03  -8.9167414e-02  -4.7628076e-03
  -1.1351737e-02  -2.0069455e-03  -7.2245605e-02  -6.3091248e-03
  -6.8238652e-03  -2.4488749e-03  -4.8232752e-02  -6.0989458e-03
  -2.4871538e-03  -2.3477555e-03  -2.5310540e-02  -3.7757168e-03
   6.5423516e-03  -2.4638556e-03  -4.3566833e-04  -2.5146426e-03
   1.2018527e-02  -1.2841286e-03   2.1444624e-02  -1.9854418e-03
   1.7378508e-02   3.6748915e-04   3.9217209e-02  -1.3736707e-03
   1.9694919e-02   2.0644705e-04   4.7837400e-02  -7.5064003e-04
   1.7685863e-02  -4.6019232e-04   5.3414288e-02  -1.0884335e-04
   1.5054600e-02  -7.0737321e-04   5.6986045e-02  -7.9192520e-04
   1.3589039e-02  -2.5753175e-05   5.3841550e-02  -1.9103779e-03
   1.1246390e-02   4.2366662e-04   4.2631554e-02  -1.5388114e-03
   8.4202188e-03   4.4239245e-04   2.9307737e-02  -6.8308249e-04
  -4.8559470e-04   1.0907276e-04   2.2868830e-02   1.2835927e-03
  -8.7654524e-03  -1.4901127e-03   3.0731943e-02   2.6272316e-04
   8.2253104e-03  -2.8833141e-03   5.2301159e-02  -6.6093805e-03
   1.5073341e-02  -2.0968294e-03   4.1623366e-02  -5.6110301e-03
   3.4388105e-03   4.0119563e-04   9.5112822e-03   1.7414828e-03
   9.0199369e-03   2.1838942e-03   7.4087052e-03   6.1552368e-04
   1.2063506e-02   2.5546655e-03   8.7467087e-03  -2.6985493e-03
   1.1898677e-03   9.2177357e-04  -7.4442582e-03  -1.1747513e-03
  -1.0515880e-02  -1.3253254e-03  -2.5175616e-02   8.8950706e-04
  -1.0894452e-02  -2.0968294e-03  -2.5599129e-02  -2.0492462e-03
  -7.5510233e-03  -1.6324290e-03  -2.1015437e-02  -5.8212092e-03
  -1.2925997e-02  -4.9764397e-04  -3.5864652e-02  -3.5767974e-03
  -9.0090879e-03   1.2779859e-04  -4.1404062e-02  -2.1618421e-03
  -7.0787453e-03   1.9521156e-04  -3.3263603e-02  -3.3778779e-03
  -9.8561897e-03  -2.8042440e-04  -2.2237255e-02  -4.8979227e-03
  -3.0718789e-03  -9.5829926e-04  -1.5794599e-02  -5.9225455e-03
  -4.2187465e-04  -8.0474750e-04  -3.2341618e-02  -2.6197321e-03
   1.5871809e-03  -5.5714495e-05  -4.1981240e-02  -2.0267327e-04
  -3.8252748e-03   3.4876332e-04  -3.9275249e-02  -8.5948274e-04
  -1.0433418e-02  -7.1860870e-04  -3.5032616e-02  -1.4900198e-03
  -4.6873695e-03  -2.6773300e-03  -2.6933385e-02  -2.2856976e-03
  -2.3372243e-03  -3.2503402e-03  -2.4242386e-02  -1.8465736e-03
  -4.9422497e-03  -2.1267907e-03  -1.4913841e-02  -1.5688370e-03
  -4.7398448e-03  -5.6505694e-04   7.8240210e-04  -3.2427628e-03
   2.5204922e-03  -4.8224165e-05   1.2037373e-02  -4.5563818e-03
   6.1600313e-03  -8.9837662e-04   1.6621066e-02  -3.3741247e-03
   3.9298297e-03  -1.6174483e-03   2.2089265e-02  -2.5484214e-03
   2.4605204e-03  -1.4339352e-03   3.2587158e-02  -3.3178268e-03
   3.5137752e-03  -1.8346679e-03   3.3872691e-02  -2.7811196e-03
   9.4734737e-03  -2.0106906e-03   2.6148250e-02  -7.0184847e-04
   1.0309331e-02  -1.4638965e-03   1.9387022e-02   1.2460608e-03
   8.9412239e-03  -9.8826058e-04   2.2389097e-02  -5.7048658e-04
   7.2432721e-03   3.0424300e-05   2.2254173e-02  -2.2068805e-03
  -2.1947912e-03  -1.5013482e-03   1.0328326e-02  -4.2411189e-04
  -5.5906949e-03  -2.1979489e-03   1.2329710e-02  -1.4750071e-03
   2.3031876e-04  -1.8262845e-05   2.2531518e-02  -4.5789010e-03
   1.6509010e-03   6.4463136e-04   2.0353983e-02  -5.3070212e-03
   3.0977208e-03   8.6559609e-04   1.0781823e-02  -2.8674431e-03
   3.8398720e-03   4.1243113e-04   6.2018785e-03  -1.6026158e-03
  -4.3311937e-04   2.2933970e-05   8.1432954e-03  -2.9612731e-03
  -2.4721608e-03  -2.2008010e-05   2.5176840e-03  -2.2143869e-03
  -1.8686945e-03  -5.9501826e-04  -8.8272366e-03  -2.8149041e-04
   3.0564902e-03  -6.0250859e-04  -1.4872614e-02   1.3886766e-04
   4.7094632e-03   1.0158243e-04  -1.4115536e-02  -9.8709144e-04
  -2.1160782e-03   6.3714103e-04  -1.2605129e-02  -1.9516631e-03
  -6.6327050e-03  -2.0552110e-04  -1.3564594e-02  -2.1055441e-03
  -5.0921792e-03  -1.4901127e-03  -1.0869847e-02  -2.9725327e-03
  -1.9211699e-03  -2.1417714e-03  -4.8731926e-03  -4.1022450e-03
  -4.5636776e-03  -1.3702674e-03  -5.4128915e-03  -4.0046618e-03
  -6.7976275e-03  -2.2424692e-04  -1.1480756e-02  -2.4508383e-03
  -1.7112685e-03  -2.8042440e-04  -1.4242965e-02  -1.2272961e-03
   3.3900834e-03  -5.1262463e-04  -1.1863043e-02  -1.6926925e-03
   3.4650482e-03  -6.6243123e-04  -8.3887312e-03  -2.4320723e-03
  -4.4399858e-03  -8.6092497e-04  -1.4168007e-02  -1.1409725e-03
  -9.1440245e-03  -1.6099580e-03  -1.6832770e-02  -1.2760933e-04
  -2.2660077e-03  -2.6473687e-03  -8.0851506e-03  -2.0567526e-03
   1.5571950e-03  -2.1230456e-03  -3.8612572e-03  -3.3065672e-03
  -1.8986804e-03  -1.1081059e-03  -4.1386024e-03  -2.6047194e-03
  -4.2788116e-03  -6.9239255e-04  -4.0748880e-03  -2.0342334e-03
  -1.3514377e-03  -8.6092497e-04   7.1119182e-04  -2.5709406e-03
   1.2535877e-03  -1.2803834e-03   7.6073444e-03  -3.4679547e-03
  -2.5808597e-03  -9.7702509e-04   5.8608188e-03  -2.2293996e-03
  -2.7607752e-03  -1.2391866e-03   4.6839754e-03  -1.2047769e-03
   3.4050763e-03  -1.5912321e-03   1.0452007e-02  -2.2106337e-03
   5.7252357e-03  -1.2728931e-03   1.1257808e-02  -2.0117142e-03
   2.9253019e-03  -1.0144767e-03   7.1351079e-03  -1.0321298e-03
   8.3003684e-04  -7.6355068e-04   5.7071545e-03  -7.6565282e-04
   2.4530239e-03  -9.9949608e-04   7.6035965e-03  -1.3173728e-03
   3.6861942e-03  -1.1755188e-03   9.5562571e-03  -2.2856976e-03
   4.2147890e-04  -1.0144767e-03   5.9994914e-03  -1.6213817e-03
  -2.4421749e-03  -6.1374408e-04   2.8924749e-03  -8.9701471e-04
  -2.9818280e-04  -5.3509562e-04   7.4274448e-03  -2.5521746e-03
   1.5459503e-03  -8.9463146e-04   1.0699369e-02  -3.8620403e-03
  -7.4047488e-04  -7.7478618e-04   7.0114269e-03  -2.9162347e-03
  -2.6708175e-03  -6.1748925e-04   2.5401714e-03  -1.7377308e-03
  -6.0928655e-04  -4.7517298e-04   2.2141033e-03  -1.8503268e-03
   2.0144800e-03  -6.0250859e-04   3.1998034e-03  -2.2969572e-03
   1.6883833e-03  -9.6578959e-04   6.7746064e-04  -1.5800966e-03
   2.9029057e-04  -8.3845398e-04  -2.5682286e-03  -5.5922698e-04
  -2.8693808e-04  -6.9613771e-04  -1.4063768e-03  -9.4205308e-04
  -4.4436408e-04  -8.3096365e-04   5.3504010e-04  -2.0154674e-03
  -1.4526401e-03  -8.8714113e-04  -7.5798850e-04  -2.1993741e-03
  -2.7832646e-03  -6.6992156e-04  -2.8080947e-03  -1.8052884e-03
  -2.3634619e-03  -7.7478618e-04  -2.4145643e-03  -2.0042078e-03
  -2.0860923e-03  -1.3103448e-03  -5.9308051e-04  -2.7023025e-03
  -3.5554016e-03  -1.3178351e-03  -1.9160924e-03  -2.3495020e-03
  -3.3754862e-03  -1.1830092e-03  -4.2023169e-03  -1.5275518e-03
  -9.0164912e-04  -1.0594187e-03  -3.7900469e-03  -1.5725902e-03
   9.8371460e-04  -6.9988288e-04  -3.5314412e-03  -1.7827692e-03
   3.5775885e-04  -4.0026968e-04  -4.9893778e-03  -1.4937730e-03
  -1.3177035e-03  -3.8903418e-04  -5.9938174e-03  -9.5331267e-04
  -1.1227952e-03  -1.1493027e-03  -3.2466001e-03  -1.7715096e-03
  -7.9669845e-04  -1.6211935e-03  -9.5662768e-04  -2.4020467e-03
  -1.7487509e-03  -1.1493027e-03  -1.6012680e-03  -1.9216375e-03
  -1.9736452e-03  -9.5455410e-04  -2.3471019e-03  -1.9441567e-03
  -8.6041850e-04  -8.6841530e-04  -1.6837220e-03  -2.1918677e-03
   4.6655098e-05  -3.2536638e-04   7.8989791e-04  -2.4020467e-03
  -7.7036756e-05  -3.0664055e-04   1.7149293e-04  -1.9554163e-03
  -4.6685351e-04  -5.3135045e-04   4.2260283e-04  -2.7510940e-03
  -1.9323213e-04  -7.9351200e-04   1.5694630e-03  -2.1843613e-03
   2.0417432e-05  -1.2953641e-03   1.5619672e-03  -6.1927814e-04
  -5.3807003e-04  -1.0968704e-03   3.4921403e-03  -2.2143869e-03
   2.4905995e-04  -8.7216047e-04   2.1766242e-03  -1.8916119e-03
   1.0062040e-03  -1.1230865e-03   2.7762897e-03  -1.8015352e-03
   7.1758970e-04  -1.1118510e-03   4.3878906e-03  -2.5221490e-03
   1.2161986e-04  -7.2609903e-04   3.7957209e-03  -1.7827692e-03
  -6.8799955e-04  -7.7853134e-04   4.9613206e-03  -2.7848728e-03
   2.7904585e-04  -1.2167156e-03   4.1442765e-03  -2.4395787e-03
  -2.3821099e-04  -1.2429318e-03   4.1929993e-03  -2.0942846e-03
  -1.6100661e-03  -1.0219671e-03   4.3241761e-03  -2.5596810e-03
  -5.3807003e-04  -6.9613771e-04   2.7388106e-03  -1.9891950e-03
   8.0754741e-04  -6.1748925e-04   3.0236517e-03  -2.4170595e-03
   1.3772796e-03  -9.3208311e-04   2.1503889e-03  -2.3307360e-03
   4.1398242e-04  -7.2235387e-04   1.4832611e-03  -2.0567526e-03
  -5.2307708e-04  -5.7629243e-04   1.7606063e-03  -2.0830250e-03
  -2.0719960e-06  -8.9463146e-04   8.1988119e-04  -1.8353140e-03
   5.5641547e-04  -6.9239255e-04   7.1119182e-04  -1.9816886e-03
   1.8533990e-04  -7.2609903e-04   1.4525757e-04  -1.9141311e-03
  -7.2923017e-04  -5.2386012e-04  -2.3328124e-04  -2.0492462e-03
  -9.7661388e-04  -1.9054044e-04  -1.6956679e-04  -2.1017910e-03
  -5.0058765e-04  -8.6092497e-04  -1.3913851e-03  -1.8428204e-03
  -7.7795726e-04  -1.2167156e-03  -1.7024616e-03  -1.9779355e-03
  -1.0553269e-03  -1.0107316e-03  -1.5750327e-03  -2.0717654e-03
  -6.2053127e-04  -7.4482486e-04  -1.9273361e-03  -1.9328971e-03
  -6.0928655e-04  -7.1486354e-04  -2.6506825e-03  -1.8878587e-03
  -2.9443456e-04  -7.7853134e-04  -3.5389370e-03  -1.7377308e-03
  -4.1812641e-04  -9.0961212e-04  -2.7443803e-03  -1.8916119e-03
  -8.6416674e-04  -8.6467014e-04  -2.0285297e-03  -2.1881145e-03
  -5.1558060e-04  -6.2123441e-04  -2.2121772e-03  -2.0342334e-03
  -1.2576385e-04  -9.0586695e-04  -1.7436886e-03  -2.0267270e-03
   5.7899812e-05  -8.2721849e-04  -8.5168623e-04  -2.0117142e-03
  -4.0313346e-04  -5.3509562e-04   2.9072387e-05  -2.2932040e-03
  -7.9295021e-04  -4.4521166e-04   7.4047295e-05  -2.4395787e-03
  -1.9698037e-04  -7.0362804e-04  -8.3364883e-05  -2.1092973e-03
   3.3901766e-04  -1.0669090e-03   2.7643438e-04  -2.1017910e-03
   2.5280819e-04  -8.0474750e-04   5.4628383e-04  -2.1731017e-03
   1.5535400e-04  -8.4219915e-04   5.3504010e-04  -2.2444124e-03
   1.2536810e-04  -1.0257122e-03   2.9892183e-04  -1.8728459e-03
   6.3512846e-04  -1.0332026e-03   4.6757774e-04  -1.8052884e-03
   1.0211970e-03  -1.0631639e-03   1.0147725e-03  -2.0642590e-03
   3.6900357e-04  -1.0856349e-03   1.0897306e-03  -1.8728459e-03
  -2.8309662e-05  -9.9949608e-04   1.2771261e-03  -2.0492462e-03
   1.5160576e-04  -9.8077025e-04   1.5169923e-03  -2.3757743e-03
   2.8279409e-04  -1.2391866e-03   1.1646888e-03  -2.3157232e-03
  -1.0702266e-04  -1.0219671e-03   8.5361237e-04  -2.2481656e-03
  -1.3326033e-04  -9.6204443e-04   2.8018229e-04  -2.3419956e-03
   4.4771656e-04  -9.9200575e-04  -2.5202079e-04  -2.0379866e-03
   5.3767428e-04  -9.6578959e-04  -8.6667786e-04  -1.8953651e-03
   4.3647185e-04  -1.1380672e-03  -1.7624281e-03  -2.1055441e-03
   4.0648595e-04  -9.1710245e-04  -1.5487973e-03  -2.1618421e-03
   2.3031876e-04  -9.9200575e-04  -1.4513517e-03  -2.0980378e-03
  -2.1946980e-04  -9.4331860e-04  -1.9123445e-03  -1.9629227e-03
  -2.9443456e-04  -7.5231519e-04  -1.9235882e-03  -2.1505825e-03
  -4.5560879e-04  -1.1043607e-03  -1.7324448e-03  -2.3157232e-03
  -7.2173369e-04  -1.1118510e-03  -1.4850828e-03  -2.1956209e-03
  -2.8318985e-04  -7.5606035e-04  -1.1590148e-03  -2.1280633e-03
   2.0782933e-04  -8.0474750e-04  -1.0090984e-03  -2.2856976e-03
   1.9283638e-04  -1.0069864e-03  -1.4663433e-03  -2.3532552e-03
  -4.1437818e-04  -9.3208311e-04  -1.7511844e-03  -2.1881145e-03
  -3.5440637e-04  -7.0362804e-04  -1.3164269e-03  -1.9891950e-03
   9.9130430e-05  -9.0212179e-04  -1.3688977e-03  -1.8127948e-03
   1.9658462e-04  -1.0594187e-03  -1.5487973e-03  -1.9516631e-03
   1.7784343e-04  -6.3621507e-04  -1.4288642e-03  -1.9141311e-03
  -1.1451914e-04  -7.6355068e-04  -1.3351665e-03  -1.6776797e-03
   2.7913908e-05  -8.0474750e-04  -9.3414023e-04  -2.1168037e-03
   1.8908814e-04  -6.6992156e-04  -1.0728129e-03  -2.4320723e-03
  -3.2442046e-04  -1.0556735e-03  -1.1590148e-03  -2.2031273e-03
  -5.2307708e-04  -8.5717981e-04  -1.0128463e-03  -2.0605058e-03
   1.0662691e-04  -6.2123441e-04  -8.0296341e-04  -2.2781912e-03
   5.9014961e-04  -7.5231519e-04  -6.4555123e-04  -2.4470851e-03
   5.1893309e-04  -5.5007628e-04  -1.3464102e-03  -2.0417398e-03
   3.2027647e-04  -5.4633111e-04  -9.9035886e-04  -1.9028715e-03
   4.6645775e-04  -7.3733453e-04  -3.5696224e-04  -1.9741823e-03
   5.1518485e-04  -7.8976684e-04  -4.8813906e-04  -2.0755186e-03
   6.1648050e-05  -9.0961212e-04  -1.3208770e-04  -2.1318165e-03
   2.0417432e-05  -9.0212179e-04   1.7828660e-05  -2.1055441e-03
   1.0287867e-04  -7.7104101e-04   4.3384656e-04  -2.2031273e-03
   1.0662691e-04  -8.5343464e-04   4.5258610e-04  -2.1768549e-03
   6.2388375e-04  -9.2833794e-04  -2.4077706e-04  -2.4620979e-03
   8.7876393e-04  -8.0100233e-04   1.0332842e-05  -2.2781912e-03
   3.6150709e-04  -9.9949608e-04   1.5650129e-04  -2.1318165e-03
  -1.3326033e-04  -1.0369477e-03  -2.2203752e-04  -2.2932040e-03
  -2.0813186e-05  -8.2347332e-04  -1.6956679e-04  -1.9967014e-03
   4.0273771e-04  -7.0737321e-04  -3.4197060e-04  -2.0417398e-03
   3.0153528e-04  -5.4633111e-04  -6.1556796e-04  -2.2631784e-03
  -9.5684720e-06  -8.8339596e-04  -5.8183678e-04  -2.4020467e-03
   1.1037514e-04  -9.8826058e-04  -5.7059305e-04  -2.2256465e-03
   2.8654233e-04  -9.1710245e-04  -6.6803869e-04  -2.1393229e-03
   1.5535400e-04  -1.1680285e-03  -7.0551778e-04  -2.3344892e-03
  -4.1812641e-04  -1.2316963e-03  -6.4180332e-04  -2.1956209e-03
  -6.2802774e-04  -1.1006155e-03  -9.7536723e-04  -2.2744380e-03
  -2.6444866e-04  -8.9837662e-04  -1.0765608e-03  -2.4358255e-03
   2.7529762e-04  -9.9575091e-04  -1.4138726e-03  -2.2106337e-03
   6.5386965e-04  -9.5080893e-04  -1.7699239e-03  -2.3570083e-03
  -2.0719960e-06  -7.8227651e-04  -1.3763935e-03  -2.4358255e-03
  -4.1062994e-04  -8.5717981e-04  -1.4588475e-03  -2.3269828e-03
  -1.5949799e-04  -7.2235387e-04  -1.3951330e-03  -2.5897066e-03
  -2.1946980e-04  -8.4219915e-04  -1.3201749e-03  -2.3007104e-03
   4.6655098e-05  -8.0100233e-04  -9.0415695e-04  -2.1693485e-03
   2.7913908e-05  -4.7142781e-04  -5.5185351e-04  -2.2143869e-03
