  -3.2057900e-05  -1.1755188e-03  -1.7706261e-04  -1.8165480e-03
  -2.9068632e-04  -8.7216047e-04  -3.9818924e-04  -2.0942846e-03
  -1.8948390e-04  -6.7741189e-04  -2.7825615e-04  -2.0079610e-03
  -1.0327442e-04  -7.5606035e-04  -1.7706261e-04  -2.0042078e-03
  -2.3821099e-04  -7.7478618e-04  -2.5951661e-04  -2.1956209e-03
  -1.8573566e-04  -8.7216047e-04  -2.6326452e-04  -1.7827692e-03
  -1.2951209e-04  -1.1642833e-03  -2.6326452e-04  -1.9291439e-03
  -4.9683941e-04  -1.0294574e-03  -1.5082725e-04  -2.1806081e-03
  -3.2442046e-04  -9.5080893e-04   4.4064023e-05  -2.0342334e-03
  -5.0799090e-05  -8.4594431e-04  -2.7825615e-04  -1.9891950e-03
  -1.6699447e-04  -8.0100233e-04  -3.1198733e-04  -2.0079610e-03
  -4.5935703e-04  -9.3582827e-04  -1.5457515e-04  -2.0492462e-03
  -6.0928655e-04  -9.6953476e-04  -2.5202079e-04  -2.0830250e-03
  -2.7944161e-04  -9.5455410e-04  -1.0210443e-04  -1.9441567e-03
  -2.8318985e-04  -8.7965080e-04  -1.8455843e-04  -1.9704291e-03
  -1.1826737e-04  -1.0406929e-03  -1.2833979e-04  -2.0379866e-03
  -8.4533232e-05  -1.0818897e-03  -2.2953333e-04  -1.9741823e-03
  -3.7314756e-04  -9.9200575e-04  -1.9205424e-04  -1.8878587e-03
  -9.9526184e-05  -9.6953476e-04   9.6534749e-05  -1.7339776e-03
  -1.0327442e-04  -9.9575091e-04  -2.1454170e-04  -2.0417398e-03
  -2.0072861e-04  -7.3733453e-04  -8.7112792e-05  -2.0830250e-03
   1.6669194e-05  -4.3397616e-04  -9.0860701e-05  -1.7865224e-03
  -1.7064948e-05  -7.4482486e-04  -1.2833979e-04  -1.6176285e-03
  -1.7823918e-04  -1.1305768e-03   1.9772829e-04  -1.7001989e-03
  -1.3700856e-04  -9.1710245e-04  -1.2084397e-04  -1.9779355e-03
  -1.2951209e-04  -8.4219915e-04  -7.9616974e-05  -1.7564968e-03
  -1.8573566e-04  -1.0818897e-03   3.2820296e-05  -2.0529994e-03
   1.2920956e-05  -7.5980552e-04  -3.2323106e-04  -2.2781912e-03
  -9.9526184e-05  -5.7629243e-04  -2.1079379e-04  -1.8315608e-03
  -2.0447685e-04  -7.7104101e-04  -1.2084397e-04  -1.9704291e-03
   5.7899812e-05  -7.6355068e-04  -1.9955006e-04  -2.0567526e-03
  -9.9526184e-05  -7.2984420e-04  -1.5457515e-04  -1.8315608e-03
  -1.3326033e-04  -6.9239255e-04  -2.5202079e-04  -2.0492462e-03
  -1.1451914e-04  -8.2721849e-04  -1.4333143e-04  -2.1806081e-03
  -3.5440637e-04  -1.0294574e-03   5.5307750e-05  -2.0117142e-03
  -1.6324623e-04  -7.5231519e-04  -1.6207097e-04  -2.0717654e-03
  -1.6699447e-04  -6.4745057e-04  -3.1198733e-04  -1.9666759e-03
  -2.9443456e-04  -8.1598299e-04  -3.2323106e-04  -2.0755186e-03
  -1.4825328e-04  -8.2347332e-04  -2.1828961e-04  -2.2369060e-03
  -1.0702266e-04  -9.0212179e-04  -3.0894157e-05  -2.0755186e-03
   1.6669194e-05  -8.8714113e-04  -1.5832306e-04  -2.0942846e-03
   2.4165670e-05  -8.9837662e-04  -1.8830634e-04  -2.0529994e-03
  -1.3326033e-04  -6.6617639e-04  -1.9650430e-05  -2.2556720e-03
  -1.1077090e-04  -6.5119573e-04   1.4080751e-05  -2.2856976e-03
  -9.5684720e-06  -9.8077025e-04  -3.0823942e-04  -2.1055441e-03
  -1.9323213e-04  -7.5606035e-04  -3.9818924e-04  -2.2481656e-03
  -1.6699447e-04  -6.2123441e-04  -4.5885793e-05  -2.3082168e-03
   1.6762420e-06  -9.5829926e-04  -5.3381611e-05  -2.3232296e-03
  -2.0072861e-04  -9.6204443e-04  -2.7450824e-04  -2.3682679e-03
  -5.0799090e-05  -5.1636979e-04  -1.6207097e-04  -2.3870339e-03
   5.4244800e-06  -8.3845398e-04  -1.7706261e-04  -2.3344892e-03
  -1.1077090e-04  -1.1493027e-03  -2.8949988e-04  -2.2669316e-03
  -5.0799090e-05  -7.2235387e-04  -1.0585234e-04  -2.3907871e-03
  -1.7074271e-04  -8.3845398e-04  -1.3208770e-04  -2.4208127e-03
  -6.5792042e-05  -8.9088629e-04  -9.0860701e-05  -2.0680122e-03
  -9.5777946e-05  -6.7366672e-04  -1.6207097e-04  -2.1618421e-03
  -2.2696628e-04  -5.7254727e-04  -2.3328124e-04  -2.4320723e-03
   4.2906860e-05  -6.0999892e-04  -1.0960025e-04  -1.9891950e-03
   2.2657052e-04  -6.9239255e-04  -1.2833979e-04  -2.0830250e-03
   1.7784343e-04  -6.0625375e-04   2.6519065e-04  -2.3532552e-03
  -5.8202340e-06  -7.7478618e-04   2.5324478e-05  -2.0680122e-03
  -6.2043804e-05  -7.2609903e-04  -2.1454170e-04  -2.1243101e-03
   1.8533990e-04  -5.9501826e-04   5.5307750e-05  -1.8540799e-03
   1.6285048e-04  -7.9351200e-04  -2.7450824e-04  -1.8278076e-03
  -1.1451914e-04  -7.7853134e-04  -1.0585234e-04  -2.1243101e-03
  -1.4450504e-04  -5.9127309e-04  -8.3364883e-05  -1.9741823e-03
  -9.2029708e-05  -8.4594431e-04  -8.7112792e-05  -2.1430761e-03
  -1.2576385e-04  -9.2833794e-04   2.0522411e-04  -2.0905314e-03
  -3.9554376e-05  -7.9725717e-04  -9.1088500e-07  -2.0192206e-03
  -1.1826737e-04  -1.0594187e-03  -4.2137884e-05  -2.1655953e-03
  -2.4570747e-04  -8.3845398e-04  -2.2578543e-04  -2.1017910e-03
   1.6762420e-06  -8.6467014e-04  -7.9616974e-05  -1.9779355e-03
   9.5382192e-05  -8.7216047e-04   7.7795204e-05  -2.0642590e-03
   3.1662146e-05  -7.7104101e-04  -2.7146248e-05  -2.1092973e-03
  -1.2951209e-04  -9.4706377e-04   6.2803568e-05  -2.0905314e-03
  -2.4570747e-04  -5.5382144e-04  -9.4608610e-05  -2.1055441e-03
  -1.5200152e-04  -7.6729585e-04  -9.4608610e-05  -1.8428204e-03
  -1.7823918e-04  -9.6578959e-04  -3.1573524e-04  -2.1055441e-03
   1.6669194e-05  -8.2721849e-04  -3.2697897e-04  -2.1130505e-03
   1.1412338e-04  -9.4331860e-04   2.1576569e-05  -2.0154674e-03
  -5.8202340e-06  -8.4594431e-04  -7.5869065e-05  -2.2894508e-03
  -1.4075680e-04  -8.0100233e-04  -7.5869065e-05  -1.9479099e-03
  -3.2442046e-04  -8.6092497e-04  -7.5869065e-05  -2.0004546e-03
  -2.8693808e-04  -9.9575091e-04  -6.8373247e-05  -2.1430761e-03
  -3.9563699e-04  -9.2459278e-04  -1.3583561e-04  -1.8540799e-03
  -9.9526184e-05  -8.8339596e-04  -1.5902521e-05  -2.0792718e-03
  -7.7036756e-05  -1.0519284e-03   1.1152638e-04  -2.1355697e-03
  -2.7569337e-04  -1.0481832e-03  -3.4571851e-04  -1.9066247e-03
   1.1787162e-04  -8.8714113e-04  -4.3192042e-04  -2.0755186e-03
  -1.7823918e-04  -8.6841530e-04  -2.4077706e-04  -2.1468293e-03
  -2.3446275e-04  -8.9088629e-04  -3.2697897e-04  -1.9516631e-03
  -1.6699447e-04  -1.0369477e-03  -3.9069342e-04  -1.8278076e-03
  -3.2442046e-04  -9.8826058e-04  -2.0329797e-04  -2.0980378e-03
  -1.6699447e-04  -6.3996024e-04  -1.6581888e-04  -2.0229738e-03
  -5.2307708e-04  -1.0743994e-03  -3.2697897e-04  -1.8653395e-03
  -4.8934294e-04  -1.0481832e-03  -3.9444133e-04  -2.0567526e-03
  -2.4945570e-04  -5.6880210e-04  -4.0943297e-04  -1.9253907e-03
  -3.9563699e-04  -8.9837662e-04  -3.7570179e-04  -2.0755186e-03
  -2.1946980e-04  -8.0474750e-04  -2.2578543e-04  -2.0867782e-03
  -1.3326033e-04  -6.9239255e-04  -9.8356519e-05  -1.8578331e-03
  -1.1451914e-04  -9.9575091e-04  -1.4707934e-04  -1.9178843e-03
   1.2920956e-05  -9.5080893e-04  -1.5082725e-04  -1.8540799e-03
  -7.7036756e-05  -8.9463146e-04  -8.3364883e-05  -1.8428204e-03
  -1.3700856e-04  -1.0818897e-03  -1.5902521e-05  -1.9516631e-03
  -1.2951209e-04  -8.7590563e-04  -2.6701242e-04  -1.8841055e-03
  -1.2201561e-04  -4.8266331e-04  -3.1198733e-04  -1.7865224e-03
  -1.4075680e-04  -6.3246991e-04  -7.9616974e-05  -1.9779355e-03
  -2.2696628e-04  -8.4594431e-04  -1.3958352e-04  -2.0830250e-03
  -1.0702266e-04  -8.2721849e-04   3.2820296e-05  -1.9929482e-03
  -3.9554376e-05  -8.3096365e-04  -7.9616974e-05  -2.0755186e-03
  -2.1197332e-04  -8.0100233e-04  -2.9324779e-04  -1.9929482e-03
  -8.4533232e-05  -9.2084761e-04  -2.7146248e-05  -1.9291439e-03
  -8.4533232e-05  -9.6953476e-04  -9.0860701e-05  -2.1355697e-03
  -2.6070042e-04  -6.2872474e-04  -2.0329797e-04  -1.9028715e-03
   1.6762420e-06  -7.4482486e-04  -4.2137884e-05  -1.7564968e-03
  -1.5949799e-04  -9.3208311e-04  -1.2459188e-04  -2.0942846e-03
  -2.1197332e-04  -7.4482486e-04  -2.9324779e-04  -2.2481656e-03
  -1.3326033e-04  -8.4594431e-04  -1.0960025e-04  -2.0605058e-03
  -3.3191694e-04  -7.5980552e-04  -6.8373247e-05  -2.0004546e-03
   3.9158622e-05  -6.6992156e-04  -2.1079379e-04  -2.2444124e-03
  -3.5806138e-05  -8.7965080e-04  -1.2833979e-04  -2.2143869e-03
  -2.5320394e-04  -7.8602167e-04  -2.4077706e-04  -2.1956209e-03
  -1.5949799e-04  -8.0100233e-04  -3.1948315e-04  -2.1092973e-03
  -1.7449094e-04  -1.0032412e-03  -1.1334816e-04  -2.1881145e-03
  -7.3288518e-05  -8.6841530e-04  -4.2137884e-05  -2.5709406e-03
  -1.0327442e-04  -8.4219915e-04  -1.7706261e-04  -2.3382424e-03
  -2.4195923e-04  -8.7590563e-04  -1.7331470e-04  -2.2143869e-03
  -2.8318985e-04  -6.1748925e-04  -2.1454170e-04  -2.2444124e-03
  -1.0327442e-04  -7.3733453e-04  -9.4608610e-05  -2.2369060e-03
  -1.0327442e-04  -1.1155962e-03   1.2651802e-04  -2.3870339e-03
  -2.0813186e-05  -7.7853134e-04  -2.6326452e-04  -2.3645147e-03
  -3.9554376e-05  -5.2011496e-04  -1.3208770e-04  -2.4395787e-03
  -1.4825328e-04  -7.2609903e-04  -4.5885793e-05  -2.4620979e-03
   1.6669194e-05  -8.3845398e-04  -3.1573524e-04  -2.4170595e-03
  -5.8202340e-06  -7.9725717e-04   5.1559841e-05  -2.3269828e-03
  -5.0799090e-05  -7.8976684e-04  -1.2459188e-04  -2.3044636e-03
   2.4165670e-05  -9.1335728e-04  -1.6956679e-04  -2.5221490e-03
   1.6669194e-05  -8.3845398e-04  -9.8356519e-05  -2.4658511e-03
  -2.8309662e-05  -8.3096365e-04  -9.4608610e-05  -2.0529994e-03
   1.0662691e-04  -6.0999892e-04   1.9398038e-04  -1.9891950e-03
  -1.7064948e-05  -5.8752793e-04  -1.3958352e-04  -2.2031273e-03
  -1.2576385e-04  -7.7478618e-04  -4.2137884e-05  -2.1881145e-03
  -5.4547328e-05  -5.6880210e-04   1.7524084e-04  -2.1430761e-03
  -3.9554376e-05  -7.2235387e-04  -1.2154612e-05  -2.0680122e-03
   2.7913908e-05  -8.6092497e-04  -1.5902521e-05  -1.9366503e-03
  -2.4561424e-05  -7.7853134e-04  -2.7146248e-05  -1.8690927e-03
   1.3286457e-04  -8.0849266e-04  -1.2084397e-04  -2.0042078e-03
   7.2892764e-05  -8.6841530e-04  -1.7331470e-04  -2.1243101e-03
  -1.9323213e-04  -6.6992156e-04  -1.0960025e-04  -2.0492462e-03
  -1.5574975e-04  -6.1374408e-04  -2.1079379e-04  -2.0042078e-03
  -1.3700856e-04  -8.1598299e-04  -1.4707934e-04  -2.0079610e-03
  -1.0327442e-04  -8.1598299e-04   5.1559841e-05  -2.0117142e-03
  -2.0813186e-05  -8.8339596e-04   1.4080751e-05  -2.1130505e-03
  -5.8295566e-05  -8.0849266e-04  -5.3381611e-05  -2.1806081e-03
  -2.8309662e-05  -9.2459278e-04   6.2803568e-05  -1.9028715e-03
  -7.3288518e-05  -9.9200575e-04  -3.1948315e-04  -1.9028715e-03
  -1.2951209e-04  -7.0737321e-04  -4.6939951e-04  -1.9516631e-03
  -1.1077090e-04  -6.6243123e-04  -1.5902521e-05  -1.9216375e-03
  -3.3191694e-04  -7.8602167e-04  -2.0704588e-04  -2.1768549e-03
  -1.8573566e-04  -7.2235387e-04  -1.0960025e-04  -2.1956209e-03
  -2.1197332e-04  -7.2235387e-04   3.6568205e-05  -2.2293996e-03
  -3.7689580e-04  -1.0219671e-03  -6.0877429e-05  -2.0717654e-03
  -2.1946980e-04  -8.5343464e-04   1.0332842e-05  -2.0004546e-03
  -6.9540280e-05  -7.7853134e-04  -3.0823942e-04  -2.0942846e-03
  -9.2029708e-05  -9.1710245e-04  -1.7706261e-04  -1.8315608e-03
  -3.2816870e-04  -8.7590563e-04  -2.2953333e-04  -1.8503268e-03
  -2.5320394e-04  -9.6578959e-04  -5.4060978e-04  -2.1055441e-03
  -3.4316165e-04  -8.5343464e-04  -2.4827288e-04  -2.0905314e-03
  -1.0702266e-04  -6.8115705e-04  -3.8319760e-04  -1.9779355e-03
  -3.9188875e-04  -9.8077025e-04  -4.2817251e-04  -2.0342334e-03
   1.5984256e-03  -9.1710245e-04  -2.9324779e-04  -2.0042078e-03
   3.8736061e-03  -1.3436296e-04  -2.8575197e-04  -1.9779355e-03
   7.7006503e-04  -1.9054044e-04   3.1391347e-04  -2.0004546e-03
  -2.1460641e-03  -7.2609903e-04   1.7493626e-03  -2.2556720e-03
  -9.2039031e-04  -1.3852481e-03   2.4352300e-03  -2.7848728e-03
   2.7753724e-03  -1.5125837e-03   2.5394693e-04  -2.4320723e-03
   2.7303935e-03  -6.2497958e-04  -1.5975201e-03  -1.9216375e-03
   2.7341417e-03  -1.2312747e-04  -5.2936605e-04  -2.3645147e-03
   5.6165368e-03   1.5443640e-05  -2.0704588e-04  -2.5446682e-03
   4.3233947e-03  -2.4671791e-04  -1.7361928e-03  -2.3344892e-03
   1.6996281e-03  -8.0474750e-04  -1.3014353e-03  -2.4771107e-03
  -5.0433589e-04  -1.3552868e-03   6.4747737e-04  -2.8036388e-03
   3.5775885e-04  -1.2279511e-03  -6.4555123e-04  -2.7961324e-03
   4.0422768e-03  -8.0849266e-04  -4.4796621e-03  -2.3720211e-03
   4.6982185e-03  -7.5980552e-04  -6.3461208e-03  -2.4020467e-03
   2.4455274e-03  -2.0552110e-04  -6.2411794e-03  -2.8036388e-03
  -3.3117662e-03  -6.1374408e-04  -6.3273813e-03  -2.8524304e-03
  -9.2564716e-03  -1.7784904e-03  -8.2950335e-03  -2.5822002e-03
  -1.2449970e-02  -2.8945496e-03  -9.8654074e-03  -2.6535109e-03
  -1.6348138e-02  -4.0106087e-03  -1.0446333e-02  -3.1001414e-03
  -9.7362461e-03  -3.5799148e-03  -1.6784047e-02  -2.3082168e-03
   8.9074897e-03  -9.3582827e-04  -2.7083301e-02   1.4262085e-04
   1.4409903e-02   2.6295688e-03  -3.0538873e-02   2.9237398e-03
  -3.3679897e-03   2.9366723e-03  -2.0442007e-02   2.6272373e-03
  -1.9526644e-02  -4.5270199e-04  -2.3583456e-03  -9.4205308e-04
  -1.5467302e-02  -4.3926156e-03   8.5330779e-03  -2.6985493e-03
  -5.6281772e-03  -5.5311457e-03   9.3276346e-03  -2.7923792e-03
   1.2236018e-03  -2.1979489e-03   1.3476570e-02  -3.1601925e-03
   4.0722627e-03   2.1951297e-03   2.0507647e-02  -3.6593677e-03
   8.9187344e-03   3.9179056e-03   2.1969332e-02  -3.4754611e-03
   1.2067254e-02   1.6183743e-03   1.9180887e-02  -1.6851861e-03
   2.6666735e-03  -1.4339352e-03   1.8236414e-02  -1.2348024e-03
  -9.9536439e-03  -2.4601104e-03   2.1126052e-02  -1.2648280e-03
  -1.0759515e-02  -2.4526201e-03   2.0331495e-02  -9.5706587e-04
   6.7222670e-03  -1.7859807e-03   1.7925338e-02  -8.9701471e-04
   1.6527658e-02  -3.5532770e-04   1.1906196e-02   5.0292777e-04
   1.1924821e-02   9.2177357e-04   1.3806386e-02  -3.2652877e-04
   4.5407925e-03   1.8023090e-04   2.6485562e-02  -3.0288306e-03
  -5.4707512e-03  -1.6661354e-03   2.4637843e-02  -3.5467718e-03
  -6.0254905e-03  -2.9357464e-03   1.7764178e-02  -2.4320723e-03
   4.7770247e-04  -2.4226588e-03   1.3633982e-02  -2.4958766e-03
   4.9043715e-03   5.2895290e-05   1.0178410e-02  -3.2427628e-03
   5.1255176e-03   1.8206132e-03   3.3384760e-03  -2.4921234e-03
   3.0265043e-03   1.7082582e-03  -8.2350670e-03  -1.2348024e-03
   3.3152119e-04   9.7837270e-05  -1.1484504e-02  -7.3187405e-04
  -4.3537763e-03  -1.4713869e-03  -1.0540031e-02  -2.3044636e-03
  -9.1702621e-03  -1.9320422e-03  -1.2796272e-02  -2.9425071e-03
  -9.1477727e-03  -1.9058260e-03  -1.9654946e-02  -1.9441567e-03
  -2.2022877e-03  -9.0961212e-04  -2.1989893e-02  -2.3419956e-03
   1.4859785e-03   7.5366280e-05  -1.9849837e-02  -2.3344892e-03
  -1.3814236e-03   3.6374398e-04  -1.7271276e-02  -2.5596810e-03
  -5.5194783e-03  -2.4671791e-04  -1.4119284e-02  -2.8674431e-03
  -8.8254242e-03  -2.2091844e-03  -1.2627616e-02  -2.2932040e-03
  -5.5232266e-03  -3.0143948e-03  -7.0507277e-03  -3.1714521e-03
  -3.9554376e-05  -2.4488749e-03  -5.9226071e-03  -3.5355122e-03
  -1.4075680e-04  -1.3477964e-03  -1.3729502e-02  -1.3061132e-03
  -1.1077090e-04  -1.6806945e-04  -1.6334298e-02   4.9917457e-04
   2.2281296e-03  -7.2235387e-04  -7.9577217e-03  -8.2570397e-04
   6.6511437e-04  -1.5387998e-03  -5.8558469e-04  -2.5822002e-03
  -4.4849646e-03  -1.1343220e-03  -2.4033206e-03  -1.9328971e-03
  -5.0696898e-03  -1.0706542e-03  -3.7600636e-03  -1.6288881e-03
   1.2798254e-03  -1.1006155e-03   3.3572156e-03  -3.1939713e-03
   4.5407925e-03  -1.9054044e-04   9.0427935e-03  -4.0196746e-03
   1.2760772e-03   4.2366662e-04   7.1313599e-03  -2.9537667e-03
   1.0849170e-03   3.6748915e-04   5.9695082e-03  -2.0792718e-03
   2.0144800e-03  -2.2050176e-04   7.1163683e-03  -1.7452372e-03
   8.6002274e-04  -5.8003760e-04   7.9971269e-03  -1.6026158e-03
   1.5422021e-03  -6.0625375e-04   9.1852141e-03  -1.4412283e-03
   3.1352032e-03  -1.0257122e-03   9.8261065e-03  -1.3361388e-03
   5.3391672e-03  -9.6578959e-04   1.0575688e-02  -2.1318165e-03
   3.5437612e-03  -1.0032412e-03   1.0639403e-02  -1.4825134e-03
  -8.1543964e-04  -1.1904995e-03   9.9198042e-03  -1.0058574e-03
   2.7904585e-04  -1.3815029e-03   1.3802638e-02  -2.1130505e-03
   2.8128547e-03  -1.3740126e-03   1.5028204e-02  -2.7473408e-03
   2.4605204e-03  -8.0474750e-04   1.0122191e-02  -2.4170595e-03
   2.5729675e-03  -4.8266331e-04   6.3293074e-03  -1.3136196e-03
   3.4987823e-03  -2.2008010e-05   5.0662621e-03  -1.7790160e-03
   2.1306754e-03  -2.9915022e-04   4.1442765e-03  -2.3307360e-03
  -5.6430770e-04  -7.5231519e-04  -1.0578212e-03  -1.6926925e-03
  -1.5650872e-03  -4.7142781e-04  -4.3972081e-03  -1.6626669e-03
  -5.1932884e-04  -8.3096365e-04  -5.0568401e-03  -2.3082168e-03
  -3.7689580e-04  -6.2872474e-04  -8.1975879e-03  -2.6384981e-03
  -1.7300097e-03  -3.1787605e-04  -1.1604437e-02  -2.1580889e-03
  -2.2210289e-03  -6.0999892e-04  -1.2867482e-02  -2.0905314e-03
  -3.2780320e-03  -5.0513430e-04  -1.1623177e-02  -2.3344892e-03
  -3.6116252e-03  -9.8451542e-04  -1.0097778e-02  -2.7623536e-03
  -2.4759091e-03  -1.3552868e-03  -9.5280956e-03  -2.9312475e-03
  -2.8507329e-03  -1.2953641e-03  -1.0311409e-02  -2.2519188e-03
  -1.4076612e-03  -1.4301901e-03  -8.2125795e-03  -2.2856976e-03
   1.8720470e-03  -1.3103448e-03  -5.4841018e-03  -2.7661068e-03
   7.5882032e-04  -1.0968704e-03  -7.9389821e-03  -1.9441567e-03
  -2.1648053e-03  -1.2541673e-03  -1.0386367e-02  -9.4955947e-04
  -1.7112685e-03  -1.5725063e-03  -7.6466452e-03  -1.3436452e-03
  -7.1798545e-04  -1.4264449e-03  -3.8275260e-03  -2.1618421e-03
  -5.2682532e-04  -1.1904995e-03  -3.0966837e-03  -2.3194764e-03
   1.8908814e-04  -7.9351200e-04  -3.1828856e-03  -1.9666759e-03
   3.6150709e-04  -5.3135045e-04  -2.4370517e-03  -2.1580889e-03
   3.9149299e-04  -6.3246991e-04  -1.8830634e-04  -2.5033830e-03
   3.5410384e-05  -4.6768265e-04   1.3295968e-03  -2.2143869e-03
  -2.9068632e-04  -6.9613771e-04   1.3783196e-03  -2.1768549e-03
   8.1129565e-04  -9.4706377e-04   2.7575501e-03  -2.2031273e-03
   1.5047197e-03  -5.3135045e-04   3.9718727e-03  -2.0942846e-03
   2.1269272e-03  -4.5270199e-04   4.2567137e-03  -2.2181401e-03
   2.7866171e-03  -5.1636979e-04   3.7132669e-03  -1.8953651e-03
   2.1794025e-03  -4.3397616e-04   2.6713482e-03  -1.3624111e-03
   8.3753332e-04  -9.1710245e-04   3.7507460e-03  -1.6626669e-03
  -6.6925836e-04  -1.2466770e-03   5.6022131e-03  -2.0717654e-03
  -1.2951209e-04  -1.1455575e-03   5.9245332e-03  -2.2106337e-03
   1.9282706e-03  -8.2347332e-04   5.3773385e-03  -2.2744380e-03
   2.1456684e-03  -6.1748925e-04   4.0468308e-03  -1.7114585e-03
   1.2011124e-03  -5.2760529e-04   3.4246779e-03  -1.7790160e-03
   1.0361899e-03  -2.5795341e-04   4.1817556e-03  -2.1468293e-03
   1.1298959e-03  -8.1223783e-04   3.5221236e-03  -2.1468293e-03
   3.1278000e-04  -1.0968704e-03   1.3258489e-03  -1.9479099e-03
  -6.6176188e-04  -9.2084761e-04   8.1543113e-05  -1.5538242e-03
  -1.3316710e-05  -8.9837662e-04   7.2618346e-04  -2.2293996e-03
   1.0062040e-03  -4.4895682e-04   1.0403057e-04  -2.3495020e-03
   1.2910701e-03  -4.4146649e-04  -2.0959920e-03  -1.9066247e-03
   6.9884851e-04  -5.2386012e-04  -2.7931031e-03  -2.2218933e-03
  -9.9160683e-04  -5.9501826e-04  -2.2646479e-03  -2.4057999e-03
  -2.0523582e-03  -8.5343464e-04  -2.0135380e-03  -2.6197321e-03
  -2.0523582e-03  -7.6355068e-04  -3.6963492e-03  -2.5484214e-03
  -5.2307708e-04  -9.8077025e-04  -3.8387697e-03  -2.6872897e-03
   7.4757560e-04  -9.8451542e-04  -2.6844137e-03  -3.0213242e-03
  -3.6939932e-04  -4.3772133e-04  -4.1123671e-03  -2.5596810e-03
  -1.2015082e-03  -4.4521166e-04  -6.0987588e-03  -1.9216375e-03
  -3.6190284e-04  -6.8864738e-04  -5.9188592e-03  -1.8728459e-03
   3.5026238e-04  -8.9088629e-04  -3.6251389e-03  -2.5484214e-03
  -8.6041850e-04  -1.1418123e-03  -3.0966837e-03  -2.7173153e-03
  -1.7599956e-03  -1.1717737e-03  -4.2960146e-03  -2.4170595e-03
  -8.1543964e-04  -1.0332026e-03  -4.1011233e-03  -2.4170595e-03
   4.0273771e-04  -8.0100233e-04  -2.2646479e-03  -2.4508383e-03
   4.7395423e-04  -6.2872474e-04  -1.0353338e-03  -2.6159789e-03
  -7.9669845e-04  -5.7254727e-04  -1.2077376e-03  -2.5259022e-03
  -6.6176188e-04  -7.4482486e-04  -1.0840566e-03  -2.2331528e-03
   2.3781524e-04  -1.0818897e-03  -3.6820597e-04  -1.9854418e-03
   3.3526942e-04  -1.1792640e-03  -1.2833979e-04  -1.9554163e-03
   2.0782933e-04  -7.1111837e-04   1.1152638e-04  -1.9028715e-03
   1.9283638e-04  -6.9613771e-04   5.4628383e-04  -1.8428204e-03
   1.0924135e-03  -1.0519284e-03   8.4611655e-04  -2.1055441e-03
   1.0137005e-03  -7.1111837e-04   2.0454474e-03  -2.0830250e-03
   1.7784343e-04  -7.1486354e-04   2.1803722e-03  -2.0192206e-03
  -2.3071451e-04  -9.1335728e-04   2.1991117e-03  -2.1806081e-03
   1.0287867e-04  -6.8115705e-04   3.0348954e-03  -2.3419956e-03
   9.2749103e-04  -6.6617639e-04   2.4089946e-03  -2.4208127e-03
   2.7154938e-04  -8.7216047e-04   1.2209074e-03  -2.3607615e-03
   6.5396288e-05  -8.3470882e-04   1.3483364e-03  -2.1731017e-03
   2.7529762e-04  -6.9239255e-04   2.2290950e-03  -2.0567526e-03
   5.4151574e-05  -7.5606035e-04   1.1496972e-03  -2.1655953e-03
   4.3647185e-04  -7.2609903e-04   6.2803568e-05  -1.9291439e-03
   4.8519894e-04  -7.5980552e-04   4.0011538e-04  -1.7977820e-03
   1.1037514e-04  -8.2347332e-04   6.5872110e-04  -2.1280633e-03
  -3.0193104e-04  -5.6131177e-04   8.0863746e-04  -2.0079610e-03
  -4.0688170e-04  -7.5231519e-04   6.6551477e-05  -1.9441567e-03
  -2.3071451e-04  -9.2459278e-04   2.8370240e-06  -2.1956209e-03
  -3.5440637e-04  -6.4370540e-04   4.0761120e-04  -2.2369060e-03
  -9.9160683e-04  -8.6467014e-04  -2.1079379e-04  -2.4133063e-03
  -6.0179008e-04  -6.5119573e-04  -7.5049269e-04  -2.1092973e-03
   1.6285048e-04  -5.6505694e-04  -1.3014353e-03  -1.6551605e-03
  -1.2201561e-04  -8.8339596e-04  -1.0878045e-03  -1.9141311e-03
  -5.3432179e-04  -7.1111837e-04  -9.2664441e-04  -1.9141311e-03
  -6.5426541e-04  -9.7702509e-04  -1.1515189e-03  -1.7077053e-03
  -2.7944161e-04  -8.9088629e-04  -6.9802196e-04  -1.8090416e-03
  -3.0567927e-04  -7.4107969e-04  -5.3686187e-04  -1.9404035e-03
  -7.5171960e-04  -1.0369477e-03  -3.2323106e-04  -2.0417398e-03
  -8.6791497e-04  -8.7590563e-04  -3.3447479e-04  -2.1280633e-03
  -4.1062994e-04  -7.6729585e-04  -4.0193715e-04  -1.9178843e-03
  -2.2696628e-04  -9.3957344e-04  -1.8081052e-04  -1.9516631e-03
  -6.2427950e-04  -1.0481832e-03  -2.1828961e-04  -2.3119700e-03
  -3.8814051e-04  -8.2721849e-04   1.6399711e-04  -1.9291439e-03
  -3.3566518e-04  -9.1335728e-04   6.6551477e-05  -1.6514073e-03
  -2.4570747e-04  -1.0856349e-03  -4.9563487e-04  -1.9704291e-03
  -5.4547328e-05  -8.9088629e-04  -7.2121156e-05  -1.6851861e-03
  -5.2682532e-04  -1.1380672e-03   3.1016556e-04  -1.6138753e-03
  -4.2937113e-04  -1.0594187e-03   4.6008192e-04  -1.9929482e-03
  -2.6819689e-04  -9.6204443e-04   5.0880474e-04  -1.7865224e-03
  -4.3686760e-04  -1.2279511e-03   5.0130892e-04  -1.8953651e-03
  -4.3686760e-04  -8.5343464e-04   7.7490628e-04  -1.8841055e-03
  -5.0808413e-04  -9.0212179e-04   4.0386329e-04  -1.6851861e-03
  -4.1437818e-04  -1.1455575e-03   3.5139256e-04  -1.8578331e-03
  -5.8304889e-04  -9.6953476e-04   2.8767811e-04  -1.7339776e-03
  -5.0808413e-04  -8.8339596e-04  -1.8081052e-04  -1.6589137e-03
  -3.7314756e-04  -7.6729585e-04   4.7811932e-05  -1.7752628e-03
  -5.8679712e-04  -8.7216047e-04  -4.9633702e-05  -1.8465736e-03
  -3.4690989e-04  -7.3733453e-04  -3.7570179e-04  -1.8353140e-03
  -4.1062994e-04  -5.9501826e-04  -3.1198733e-04  -2.0492462e-03
  -4.8934294e-04  -6.1748925e-04  -4.6587940e-06  -2.0642590e-03
  -5.1558060e-04  -5.9127309e-04   8.5291022e-05  -1.6626669e-03
  -4.3686760e-04  -8.7590563e-04   1.3401384e-04  -1.7001989e-03
  -1.5574975e-04  -7.7478618e-04   3.8512374e-04  -2.0192206e-03
  -2.9818280e-04  -7.6729585e-04   1.1527429e-04  -2.0680122e-03
  -2.9818280e-04  -1.0556735e-03   1.3401384e-04  -1.7640032e-03
  -4.2562289e-04  -9.3957344e-04   3.8137583e-04  -1.9328971e-03
  -2.6070042e-04  -6.1374408e-04   3.7388001e-04  -2.1092973e-03
   1.0287867e-04  -4.3023100e-04   4.8631728e-04  -1.8015352e-03
   3.1662146e-05  -8.1972816e-04   6.2873783e-04  -2.1017910e-03
  -2.2696628e-04  -8.0849266e-04   8.3112491e-04  -2.0905314e-03
  -5.4931474e-04  -6.2872474e-04   8.6110818e-04  -1.8240544e-03
  -4.6310527e-04  -9.9575091e-04   1.2508907e-03  -2.0492462e-03
  -3.3566518e-04  -8.6841530e-04   1.4270424e-03  -2.2594252e-03
  -2.3821099e-04  -6.9988288e-04   1.0859827e-03  -2.3082168e-03
  -1.6699447e-04  -8.1223783e-04   1.2621344e-03  -2.1017910e-03
  -3.2442046e-04  -1.0032412e-03   1.1871763e-03  -2.1280633e-03
  -3.6190284e-04  -9.0212179e-04   8.9858727e-04  -2.2744380e-03
  -3.2442046e-04  -6.3621507e-04   9.1732682e-04  -2.2181401e-03
  -2.8693808e-04  -1.0594187e-03   7.0369601e-04  -2.2369060e-03
  -2.7194513e-04  -1.1193414e-03   6.0250246e-04  -2.2856976e-03
  -2.4570747e-04  -7.2609903e-04   4.9006519e-04  -2.3982935e-03
  -2.3446275e-04  -8.1598299e-04   1.9772829e-04  -2.6197321e-03
  -3.2816870e-04  -9.6204443e-04   3.2890511e-04  -2.5221490e-03
  -3.9563699e-04  -9.1335728e-04   3.7013211e-04  -2.3232296e-03
  -4.6685351e-04  -7.4107969e-04   1.7898875e-04  -2.3870339e-03
  -4.8934294e-04  -8.4594431e-04   2.5324478e-05  -2.3232296e-03
  -4.7434998e-04  -9.7702509e-04  -2.3398339e-05  -2.2744380e-03
  -4.1437818e-04  -5.8378276e-04   1.1152638e-04  -2.3832807e-03
  -3.9563699e-04  -6.7741189e-04  -1.6207097e-04  -2.1280633e-03
  -4.0688170e-04  -8.6092497e-04  -3.4197060e-04  -2.0905314e-03
  -2.5695218e-04  -7.4857002e-04  -1.6956679e-04  -2.1956209e-03
  -4.1812641e-04  -9.2084761e-04  -1.1334816e-04  -1.8353140e-03
  -3.3566518e-04  -8.7216047e-04  -1.5082725e-04  -1.9328971e-03
  -2.3821099e-04  -9.1335728e-04  -9.4608610e-05  -2.2068805e-03
  -3.5065813e-04  -8.3845398e-04  -9.1088500e-07  -2.1806081e-03
  -3.4690989e-04  -7.1486354e-04  -1.0960025e-04  -2.1092973e-03
  -3.3191694e-04  -7.4482486e-04   7.4047295e-05  -2.0642590e-03
   8.7885716e-05  -7.2235387e-04   9.2786840e-05  -2.0830250e-03
  -2.5320394e-04  -8.4968948e-04   8.5291022e-05  -2.1580889e-03
  -2.4570747e-04  -6.8115705e-04   2.9142602e-04  -2.0379866e-03
  -7.7036756e-05  -6.5494090e-04   3.6568205e-05  -1.9891950e-03
  -2.2321804e-04  -5.3509562e-04   1.3026593e-04  -2.2106337e-03
   3.2027647e-04  -5.0887946e-04   4.1885492e-04  -1.8353140e-03
  -2.1946980e-04  -9.0586695e-04   4.2635074e-04  -1.8278076e-03
  -1.2201561e-04  -7.5606035e-04   5.3504010e-04  -2.0079610e-03
   2.6405290e-04  -8.7965080e-04   3.3265302e-04  -1.7602500e-03
  -1.8573566e-04  -9.9575091e-04   3.8512374e-04  -1.8916119e-03
  -2.3071451e-04  -6.4745057e-04   6.8495646e-04  -1.8615863e-03
  -3.0942751e-04  -7.2235387e-04   3.5514047e-04  -2.1280633e-03
   1.0287867e-04  -8.0100233e-04   4.9006519e-04  -2.1430761e-03
   1.1037514e-04  -8.9837662e-04   5.0880474e-04  -1.9816886e-03
  -3.9554376e-05  -9.6204443e-04   2.8393020e-04  -2.1806081e-03
  -6.9540280e-05  -8.7590563e-04   6.6996483e-04  -1.9516631e-03
  -2.4945570e-04  -1.0032412e-03   2.7643438e-04  -2.1580889e-03
