  -2.0822509e-04  -9.2833794e-04  -1.4707934e-04  -2.2856976e-03
  -1.9698037e-04  -7.8602167e-04  -2.7146248e-05  -2.0117142e-03
  -1.6324623e-04  -6.9239255e-04   1.4080751e-05  -2.0980378e-03
  -4.3302614e-05  -7.6729585e-04  -2.3328124e-04  -2.0492462e-03
   7.2892764e-05  -8.0474750e-04  -8.4067030e-06  -1.9554163e-03
   5.4151574e-05  -8.9837662e-04  -1.9205424e-04  -2.0117142e-03
   9.5382192e-05  -7.5980552e-04  -1.4707934e-04  -2.0117142e-03
  -1.4075680e-04  -6.9239255e-04  -1.0960025e-04  -2.0642590e-03
   1.5910224e-04  -7.0737321e-04  -2.7450824e-04  -2.0755186e-03
   2.2282228e-04  -7.4857002e-04   1.0777848e-04  -1.8953651e-03
  -2.0813186e-05  -9.2459278e-04   8.5291022e-05  -1.9141311e-03
   4.6655098e-05  -7.2984420e-04  -1.1334816e-04  -2.2143869e-03
  -9.5684720e-06  -6.5119573e-04   3.6568205e-05  -1.9816886e-03
   1.1037514e-04  -8.7965080e-04   1.4525757e-04  -1.8916119e-03
  -5.8295566e-05  -5.9127309e-04  -2.2578543e-04  -2.1092973e-03
  -1.4450504e-04  -5.5007628e-04  -2.5951661e-04  -1.8165480e-03
  -1.4825328e-04  -7.8227651e-04  -4.9633702e-05  -1.7227181e-03
  -2.6070042e-04  -8.6092497e-04  -2.7450824e-04  -1.9929482e-03
  -1.9323213e-04  -8.9463146e-04  -2.5576870e-04  -2.0267270e-03
  -1.8198742e-04  -8.4968948e-04  -2.6326452e-04  -2.0267270e-03
  -2.9818280e-04  -7.4482486e-04  -1.3958352e-04  -2.1092973e-03
  -3.3941342e-04  -4.4895682e-04  -3.4642066e-05  -2.1768549e-03
  -1.3700856e-04  -7.8602167e-04  -2.6701242e-04  -2.0529994e-03
  -2.1946980e-04  -1.0294574e-03  -2.2953333e-04  -1.8015352e-03
  -4.7050852e-05  -9.0961212e-04  -6.0877429e-05  -2.0642590e-03
  -7.3288518e-05  -8.6841530e-04  -4.9633702e-05  -2.2218933e-03
  -3.7689580e-04  -8.5717981e-04  -1.2833979e-04  -2.0980378e-03
  -1.2201561e-04  -1.0406929e-03  -1.4333143e-04  -2.0905314e-03
  -3.8064403e-04  -8.7216047e-04  -1.3958352e-04  -2.1130505e-03
  -4.4061584e-04  -9.0212179e-04  -2.5202079e-04  -2.2181401e-03
  -2.3071451e-04  -1.0332026e-03  -4.9938278e-04  -2.0042078e-03
  -3.2067223e-04  -9.1335728e-04  -4.2817251e-04  -1.9967014e-03
  -1.0327442e-04  -8.7216047e-04  -2.1079379e-04  -2.0304802e-03
  -8.4533232e-05  -9.9200575e-04  -3.6071015e-04  -1.9891950e-03
  -2.5320394e-04  -1.0257122e-03  -3.1573524e-04  -2.2369060e-03
  -3.8064403e-04  -1.1081059e-03  -3.4946642e-04  -2.0942846e-03
  -4.3686760e-04  -1.1230865e-03  -4.9563487e-04  -2.1393229e-03
  -3.7689580e-04  -8.4219915e-04  -2.7450824e-04  -2.2406592e-03
  -2.5695218e-04  -1.0519284e-03  -3.8694551e-04  -1.9554163e-03
  -1.3326033e-04  -1.1455575e-03  -3.9444133e-04  -2.0042078e-03
  -3.4316165e-04  -9.6953476e-04  -3.8389975e-05  -2.0605058e-03
  -4.1437818e-04  -8.7590563e-04  -1.6956679e-04  -2.1618421e-03
  -2.2696628e-04  -9.3208311e-04  -3.5696224e-04  -2.1806081e-03
  -3.8064403e-04  -1.0332026e-03  -5.7129520e-05  -2.0980378e-03
  -8.8281470e-05  -8.9088629e-04  -1.9580215e-04  -1.9891950e-03
   2.4165670e-05  -8.0100233e-04  -3.7944969e-04  -1.7189649e-03
  -2.5320394e-04  -8.5343464e-04   5.5307750e-05  -1.9066247e-03
   5.4244800e-06  -7.9351200e-04  -1.7706261e-04  -2.0379866e-03
  -1.5200152e-04  -6.6992156e-04  -5.5185351e-04  -1.8803523e-03
  -2.1197332e-04  -8.7216047e-04  -2.6701242e-04  -1.9178843e-03
  -2.1197332e-04  -9.2459278e-04  -2.4077706e-04  -2.0792718e-03
  -2.2321804e-04  -1.0144767e-03  -3.3822270e-04  -2.1580889e-03
  -5.4547328e-05  -1.0069864e-03  -1.5457515e-04  -2.1168037e-03
  -1.8198742e-04  -9.5829926e-04  -1.2084397e-04  -2.0267270e-03
  -1.1077090e-04  -8.9463146e-04  -2.1828961e-04  -1.9591695e-03
  -3.5440637e-04  -6.1374408e-04  -2.4827288e-04  -1.9554163e-03
  -1.5200152e-04  -8.1223783e-04  -1.3208770e-04  -1.9028715e-03
  -4.3302614e-05  -7.5606035e-04  -1.9955006e-04  -1.8503268e-03
  -3.3941342e-04  -7.8976684e-04  -3.1198733e-04  -2.0942846e-03
  -5.4547328e-05  -7.9725717e-04  -2.2578543e-04  -2.1655953e-03
  -2.5320394e-04  -8.1598299e-04  -2.1079379e-04  -1.9629227e-03
  -2.3446275e-04  -1.0519284e-03  -1.5902521e-05  -2.2256465e-03
  -1.7449094e-04  -6.4745057e-04  -3.0074361e-04  -2.2068805e-03
  -3.6565108e-04  -6.6617639e-04  -4.9563487e-04  -2.0492462e-03
  -9.9526184e-05  -7.8227651e-04   3.6568205e-05  -2.1430761e-03
  -1.8948390e-04  -7.6355068e-04  -7.2121156e-05  -2.1168037e-03
  -2.0447685e-04  -7.5980552e-04  -3.2697897e-04  -2.0905314e-03
   9.1727180e-06  -5.8378276e-04  -1.3583561e-04  -2.0379866e-03
  -8.4533232e-05  -8.3096365e-04  -1.9650430e-05  -2.1881145e-03
   1.2920956e-05  -9.5455410e-04  -1.2833979e-04  -2.2406592e-03
  -2.0719960e-06  -8.3845398e-04  -2.9324779e-04  -2.4020467e-03
  -2.5320394e-04  -8.1223783e-04  -2.3328124e-04  -2.3945403e-03
  -2.3821099e-04  -8.4219915e-04  -2.4827288e-04  -2.0980378e-03
  -1.7074271e-04  -8.2347332e-04  -5.3381611e-05  -2.0792718e-03
  -7.3288518e-05  -8.1598299e-04  -1.2084397e-04  -2.0830250e-03
  -1.1451914e-04  -8.7965080e-04  -3.9069342e-04  -2.1843613e-03
   5.4244800e-06  -7.1486354e-04  -1.4707934e-04  -2.1618421e-03
  -1.4825328e-04  -7.1860870e-04  -2.2578543e-04  -2.0642590e-03
  -3.3941342e-04  -9.8077025e-04  -2.3328124e-04  -2.1017910e-03
  -1.0327442e-04  -7.7853134e-04  -2.6701242e-04  -2.1543357e-03
  -3.1317575e-04  -8.0849266e-04  -2.8949988e-04  -2.4358255e-03
  -1.2951209e-04  -1.1343220e-03  -1.0210443e-04  -2.2669316e-03
  -1.5200152e-04  -8.3845398e-04  -2.1828961e-04  -2.0004546e-03
  -1.6699447e-04  -7.1111837e-04   6.5849330e-06  -2.2819444e-03
   2.0782933e-04  -7.5231519e-04   4.7811932e-05  -2.0605058e-03
  -9.5684720e-06  -6.3996024e-04  -1.4333143e-04  -1.9479099e-03
  -3.2057900e-05  -8.0474750e-04  -7.9616974e-05  -2.0117142e-03
  -8.0784994e-05  -9.0586695e-04  -1.0210443e-04  -1.8653395e-03
  -9.5777946e-05  -8.8339596e-04  -1.5902521e-05  -2.0567526e-03
  -2.8309662e-05  -6.8115705e-04   1.2651802e-04  -2.0192206e-03
   3.9158622e-05  -5.2011496e-04  -1.2154612e-05  -2.1205569e-03
  -9.9526184e-05  -7.1486354e-04  -1.9955006e-04  -2.1092973e-03
  -1.3700856e-04  -5.9501826e-04  -4.6587940e-06  -1.7527436e-03
   1.2911633e-04  -6.5119573e-04  -9.0860701e-05  -1.8916119e-03
  -1.2201561e-04  -9.5455410e-04  -3.0074361e-04  -2.0717654e-03
  -2.4561424e-05  -8.5717981e-04   4.7811932e-05  -1.8540799e-03
  -1.1826737e-04  -8.6841530e-04  -7.5869065e-05  -2.0680122e-03
  -3.0567927e-04  -8.0849266e-04  -2.3328124e-04  -2.2068805e-03
  -6.2043804e-05  -8.1223783e-04  -9.8356519e-05  -1.9066247e-03
  -2.8318985e-04  -9.0212179e-04  -2.3328124e-04  -2.1130505e-03
  -2.8318985e-04  -7.2235387e-04  -1.6956679e-04  -1.9103779e-03
  -6.2043804e-05  -7.7104101e-04  -3.0449151e-04  -1.8841055e-03
  -1.3326033e-04  -8.9463146e-04  -3.7570179e-04  -2.1168037e-03
  -2.7194513e-04  -7.2609903e-04  -3.4571851e-04  -1.8615863e-03
  -1.3326033e-04  -7.8227651e-04  -2.3702915e-04  -1.9666759e-03
  -1.0327442e-04  -9.2084761e-04  -2.4827288e-04  -2.0454930e-03
  -1.5949799e-04  -7.5980552e-04  -3.4571851e-04  -2.2031273e-03
  -1.7064948e-05  -1.0144767e-03  -5.7129520e-05  -2.2932040e-03
  -2.4195923e-04  -1.0856349e-03  -3.2697897e-04  -2.0867782e-03
  -3.7314756e-04  -7.0362804e-04  -3.4946642e-04  -2.0830250e-03
  -1.1826737e-04  -8.6092497e-04  -1.0960025e-04  -2.3232296e-03
  -1.2951209e-04  -9.2084761e-04  -2.8200406e-04  -2.0567526e-03
  -4.1812641e-04  -1.0369477e-03  -2.1454170e-04  -1.9479099e-03
  -2.6444866e-04  -1.2054801e-03  -1.9955006e-04  -2.3007104e-03
  -2.0822509e-04  -8.5717981e-04  -4.6190369e-04  -2.0004546e-03
  -3.8439227e-04  -8.8339596e-04  -3.3822270e-04  -2.0154674e-03
  -1.7823918e-04  -1.0556735e-03  -1.6956679e-04  -2.1731017e-03
  -2.2321804e-04  -8.0474750e-04  -2.8200406e-04  -2.1243101e-03
  -2.0072861e-04  -7.5606035e-04  -7.2121156e-05  -2.0905314e-03
  -2.6444866e-04  -9.9575091e-04  -3.6071015e-04  -2.0942846e-03
  -3.2816870e-04  -1.0332026e-03  -3.2697897e-04  -2.1618421e-03
  -1.4450504e-04  -1.0856349e-03  -6.0877429e-05  -2.0529994e-03
  -5.1932884e-04  -1.0144767e-03  -3.5696224e-04  -2.1355697e-03
  -3.3941342e-04  -8.5343464e-04  -3.9069342e-04  -2.1881145e-03
  -1.0327442e-04  -9.5080893e-04  -5.0313069e-04  -2.2556720e-03
  -2.9443456e-04  -8.9088629e-04  -3.5321433e-04  -2.1580889e-03
   5.7899812e-05  -8.4594431e-04  -2.3702915e-04  -1.8953651e-03
  -2.3821099e-04  -8.4968948e-04  -2.8949988e-04  -1.9816886e-03
  -3.8439227e-04  -6.8490222e-04  -1.9955006e-04  -2.0942846e-03
  -4.7050852e-05  -6.3996024e-04  -8.7112792e-05  -1.9554163e-03
  -1.0327442e-04  -9.5829926e-04  -2.5576870e-04  -2.0192206e-03
  -1.0702266e-04  -9.1335728e-04  -3.6071015e-04  -2.0942846e-03
  -1.6324623e-04  -8.9463146e-04  -2.1079379e-04  -1.8765991e-03
  -8.8281470e-05  -1.1380672e-03  -3.8319760e-04  -2.0755186e-03
  -1.8573566e-04  -8.6841530e-04  -2.1828961e-04  -2.1017910e-03
  -2.0447685e-04  -8.1972816e-04  -3.0823942e-04  -2.0229738e-03
  -9.5684720e-06  -7.2984420e-04  -2.1454170e-04  -2.1655953e-03
  -1.3326033e-04  -7.3358936e-04   2.1576569e-05  -2.0867782e-03
  -3.0193104e-04  -9.8077025e-04  -2.9699570e-04  -2.0717654e-03
  -2.6070042e-04  -7.2235387e-04  -7.2121156e-05  -1.9516631e-03
  -1.6699447e-04  -7.4107969e-04  -1.9205424e-04  -2.1017910e-03
  -8.0784994e-05  -8.9837662e-04  -3.2323106e-04  -2.0492462e-03
  -2.8309662e-05  -7.0737321e-04  -2.3398339e-05  -2.0079610e-03
  -1.5949799e-04  -7.6355068e-04  -2.1454170e-04  -2.2031273e-03
  -1.3700856e-04  -8.1223783e-04  -2.8200406e-04  -1.9741823e-03
  -4.7050852e-05  -7.7478618e-04  -2.7076033e-04  -2.1881145e-03
  -6.9540280e-05  -1.1193414e-03  -2.1828961e-04  -2.1881145e-03
  -2.0072861e-04  -1.0481832e-03  -9.0860701e-05  -1.9178843e-03
  -2.9068632e-04  -6.6992156e-04  -3.0074361e-04  -2.0980378e-03
  -2.9818280e-04  -7.6355068e-04  -2.6701242e-04  -2.0830250e-03
  -1.7074271e-04  -9.1335728e-04  -1.5082725e-04  -2.2856976e-03
   1.3286457e-04  -8.6092497e-04  -3.0823942e-04  -2.5634342e-03
  -3.1692399e-04  -7.1860870e-04  -3.5696224e-04  -2.1393229e-03
  -4.8934294e-04  -8.1598299e-04  -2.3328124e-04  -2.1768549e-03
  -5.4547328e-05  -8.3096365e-04  -3.8389975e-05  -2.4208127e-03
  -2.6819689e-04  -7.6729585e-04  -1.5457515e-04  -2.1243101e-03
  -1.1826737e-04  -8.1972816e-04  -3.3447479e-04  -2.0792718e-03
   1.6762420e-06  -6.5868606e-04  -1.9955006e-04  -2.1017910e-03
  -3.1692399e-04  -7.0737321e-04  -2.8575197e-04  -2.1430761e-03
  -2.3446275e-04  -7.8227651e-04  -1.3208770e-04  -2.0492462e-03
  -3.0942751e-04  -7.9725717e-04  -1.0585234e-04  -2.3007104e-03
  -3.5440637e-04  -9.1710245e-04  -3.6071015e-04  -2.8599367e-03
  -1.5200152e-04  -8.8714113e-04   5.5307750e-05  -2.7961324e-03
  -1.2201561e-04  -9.2459278e-04  -4.5440787e-04  -2.4658511e-03
  -1.0702266e-04  -8.1223783e-04  -2.3702915e-04  -1.9779355e-03
   8.4137478e-05  -6.5868606e-04   2.3520738e-04  -1.7001989e-03
   1.2911633e-04  -7.8976684e-04  -4.8439115e-04  -2.0717654e-03
   1.1787162e-04  -8.4219915e-04   4.6757774e-04  -2.1205569e-03
  -1.7064948e-05  -5.2760529e-04   7.4047295e-05  -1.6476541e-03
  -1.8198742e-04  -5.5382144e-04  -6.0807214e-04  -1.6401477e-03
   2.1157757e-04  -7.4482486e-04   3.9636747e-04  -1.6626669e-03
   2.4165670e-05  -5.5756661e-04   4.7811932e-05  -1.5575774e-03
  -1.8948390e-04  -8.9088629e-04  -3.0449151e-04  -1.5763434e-03
   1.7034695e-04  -7.3733453e-04  -3.0894157e-05  -1.6251349e-03
   3.9158622e-05  -5.6880210e-04   2.2396365e-04  -1.7827692e-03
  -5.3057355e-04  -9.1710245e-04  -3.7570179e-04  -1.5313050e-03
   6.5386965e-04  -4.6393748e-04  -6.2306378e-04  -1.5125390e-03
   3.2064197e-03  -4.9015364e-04   8.1543113e-05  -1.8878587e-03
   2.5429816e-03  -4.1899550e-04  -4.6565160e-04  -1.8690927e-03
   9.2749103e-04  -7.0695155e-05   1.6024920e-04  -1.8653395e-03
   6.8760380e-04  -5.5007628e-04   1.6781523e-03  -2.2143869e-03
   8.1504389e-04  -7.8602167e-04   9.9978082e-04  -2.2218933e-03
  -6.5801365e-04  -1.0182219e-03   3.2820296e-05  -1.7977820e-03
  -1.9511558e-03  -1.2279511e-03   1.1152638e-04  -1.9141311e-03
   3.4538034e-03  -7.7853134e-04   1.5275338e-04  -2.0154674e-03
   8.2590446e-03  -3.2911154e-04  -1.7849156e-03  -1.5350582e-03
   6.2200031e-03   2.8135035e-04  -2.9355236e-03  -1.2798408e-03
   1.7745928e-03   2.8884068e-04   3.1766138e-04  -1.9441567e-03
  -1.2314941e-03  -8.0474750e-04   2.6638524e-03  -2.6910429e-03
  -1.9886381e-03  -1.5387998e-03   1.1197139e-03  -2.2068805e-03
  -1.0740681e-03  -1.7372936e-03  -1.4738391e-03  -1.7527436e-03
   5.0768837e-04  -1.4339352e-03  -2.3096228e-03  -1.8615863e-03
  -1.1152987e-03  -8.2721849e-04  -1.8748654e-03  -1.7640032e-03
  -5.5719537e-03  -8.3845398e-04  -3.4302476e-03  -1.8728459e-03
  -9.7587355e-03  -2.2204199e-03  -3.9587028e-03  -2.1168037e-03
  -6.4640343e-03  -3.6398374e-03  -3.1154233e-03  -2.6159789e-03
   4.0235356e-03  -2.6735848e-03  -3.2428522e-03  -3.0551030e-03
   9.3610265e-03   4.4613761e-04  -1.8898570e-03  -3.3140736e-03
   4.0347803e-03   2.4385654e-03   3.7388001e-04  -3.6068229e-03
  -4.2900563e-03   1.0865608e-03   1.6144379e-03  -3.2690352e-03
  -7.4460727e-03  -1.4451707e-03   4.2260283e-04  -2.8261580e-03
  -9.9049168e-03  -3.1941628e-03  -1.4700912e-03  -1.9554163e-03
  -1.0635823e-02  -2.8570979e-03  -9.6037559e-04  -1.4036963e-03
  -5.1858851e-03  -5.8003760e-04  -1.3614019e-03  -1.5838498e-03
   4.0535215e-03   1.0416189e-03  -3.0629525e-03  -7.4688684e-04
   9.8033186e-03   1.0491092e-03  -2.7106491e-03  -5.6673338e-04
   5.0805387e-03   3.4169465e-05   1.6631607e-03  -2.0379866e-03
  -4.2188397e-03  -7.8976684e-04   8.1732786e-03  -3.8582871e-03
  -7.6634705e-03  -1.6024676e-03   8.9715833e-03  -4.2598792e-03
  -2.5921045e-03  -2.2653618e-03   4.6240088e-03  -2.6835365e-03
   2.9965184e-03  -1.5650160e-03   4.1885492e-04  -1.3924367e-03
   3.7236766e-03  -5.6880210e-04  -3.4571851e-04  -9.3079349e-04
   9.0125336e-04  -1.8262845e-05   1.1459493e-03  -1.0058574e-03
  -2.0860923e-03  -7.8227651e-04   5.6877128e-04  -1.0546490e-03
  -3.2780320e-03  -2.3852071e-03   2.9072387e-05  -8.1069118e-04
  -4.4699717e-03  -2.5837009e-03   9.9603291e-04  -1.3061132e-03
  -4.2600704e-03  -2.2241650e-03   2.7350627e-03  -2.3044636e-03
  -1.3551859e-03  -1.1830092e-03   2.5251798e-03  -2.7248217e-03
   4.0272839e-03   4.5404960e-05   3.7762792e-04  -2.1956209e-03
   6.3624361e-03  -1.4185329e-04  -4.5065997e-04  -2.1918677e-03
   1.7670963e-03  -2.6918890e-04   1.6774502e-04  -2.5296554e-03
  -3.7802959e-03  -4.8640847e-04   7.2618346e-04  -2.4696043e-03
  -5.0659415e-03  -1.1118510e-03  -6.6803869e-04  -2.1993741e-03
  -2.4684126e-03  -1.3028544e-03  -2.7481282e-03  -1.5162922e-03
  -9.5777946e-05  -9.4706377e-04  -3.6588701e-03  -1.5951094e-03
   2.6030466e-04  -2.9165989e-04  -3.0329693e-03  -1.8916119e-03
   9.5382192e-05   4.9150125e-05  -1.5975201e-03  -2.2406592e-03
   9.2749103e-04  -8.1930650e-05  -6.4555123e-04  -2.6197321e-03
   1.2535877e-03  -7.4857002e-04  -9.0860701e-05  -2.5596810e-03
  -6.3927246e-04  -9.5455410e-04   6.2498992e-04  -2.6722769e-03
  -1.7150168e-03  -8.9088629e-04   1.2059158e-03  -2.5296554e-03
  -4.4436408e-04  -1.0669090e-03   1.1902220e-04  -2.3682679e-03
   1.1336441e-03  -7.5231519e-04  -1.8523779e-03  -1.7001989e-03
   1.1186512e-03  -1.1043607e-03  -2.2046814e-03  -1.2723344e-03
  -9.2413854e-04  -1.5350547e-03  -8.3294668e-04  -1.6701733e-03
  -2.5996009e-03  -1.1867543e-03   1.6024920e-04  -1.6701733e-03
  -1.5613390e-03  -1.3702674e-03  -4.8813906e-04  -1.8953651e-03
   5.7515666e-04  -1.4713869e-03  -7.8047596e-04  -2.2519188e-03
   1.4897267e-03  -9.5829926e-04   2.9892183e-04  -2.4283191e-03
   9.8371460e-04  -6.0625375e-04   8.0114164e-04  -2.7285749e-03
   6.8385556e-04  -6.8490222e-04   5.0505683e-04  -2.5259022e-03
   1.3585384e-03  -8.8339596e-04   1.0332842e-05  -2.3119700e-03
   7.4382737e-04  -7.4107969e-04  -6.0807214e-04  -2.2706848e-03
  -6.2802774e-04  -7.0362804e-04  -8.4419041e-04  -2.0942846e-03
  -8.6041850e-04  -6.6243123e-04  -1.0878045e-03  -2.1355697e-03
  -1.7823918e-04  -7.2984420e-04  -1.6874699e-03  -1.9404035e-03
   6.9135203e-04  -8.4594431e-04  -2.0622608e-03  -1.9591695e-03
   5.5266723e-04  -4.2274067e-04  -1.0840566e-03  -1.8503268e-03
   2.2657052e-04  -5.5382144e-04  -1.6956679e-04  -1.8841055e-03
   4.6645775e-04  -5.4633111e-04  -2.7450824e-04  -2.3382424e-03
   6.7261084e-04  -3.4034704e-04  -3.8694551e-04  -2.0905314e-03
   8.7876393e-04  -5.4258595e-04  -5.7808887e-04  -2.1017910e-03
   3.4276590e-04  -4.7142781e-04  -1.8830634e-04  -2.0942846e-03
  -7.4797136e-04  -7.5980552e-04  -2.0329797e-04  -2.0567526e-03
  -7.2923017e-04  -1.0669090e-03  -8.7417368e-04  -2.0567526e-03
  -3.8814051e-04  -1.1680285e-03  -9.4913186e-04  -1.4900198e-03
  -4.5186056e-04  -1.0818897e-03  -8.1420714e-04  -1.7152117e-03
  -2.5320394e-04  -9.0586695e-04  -4.6565160e-04  -1.9028715e-03
   2.1157757e-04  -7.6729585e-04  -3.5696224e-04  -1.6851861e-03
   7.5132384e-04  -5.1636979e-04  -1.7331470e-04  -1.8916119e-03
   2.9029057e-04  -6.6243123e-04   5.3129219e-04  -1.9291439e-03
  -3.5815461e-04  -8.6841530e-04   9.6230173e-04  -2.1355697e-03
  -2.3446275e-04  -7.8602167e-04   1.0747390e-03  -2.0342334e-03
   3.7275180e-04  -5.8003760e-04   8.2737700e-04  -2.1130505e-03
   7.7756151e-04  -5.1262463e-04   6.6246901e-04  -2.0417398e-03
   2.9403881e-04  -5.4258595e-04   8.5361237e-04  -1.5425646e-03
   4.6655098e-05  -6.9239255e-04   1.0410078e-03  -1.9629227e-03
   1.1787162e-04  -7.4482486e-04   9.6604964e-04  -1.9253907e-03
   3.8399652e-04  -6.0625375e-04   8.9109146e-04  -1.7602500e-03
   6.2388375e-04  -1.0294574e-03   1.2621344e-03  -1.8916119e-03
   4.1398242e-04  -9.0961212e-04   1.1571930e-03  -2.0755186e-03
   4.5896128e-04  -4.7142781e-04   1.0260162e-03  -2.2594252e-03
   9.6122517e-04  -7.4857002e-04   1.0222683e-03  -1.8540799e-03
   1.0324417e-03  -8.2721849e-04   5.5752756e-04  -1.9516631e-03
   2.7529762e-04  -1.0369477e-03   4.3009865e-04  -1.9441567e-03
  -3.8064403e-04  -9.9575091e-04   2.4645111e-04  -1.8127948e-03
  -3.8064403e-04  -9.6953476e-04  -5.3381611e-05  -1.9666759e-03
   2.9403881e-04  -1.2391866e-03  -6.4555123e-04  -1.9591695e-03
   6.5386965e-04  -9.7702509e-04  -1.2564604e-03  -1.9291439e-03
   3.1278000e-04  -9.0212179e-04  -1.2339729e-03  -1.9591695e-03
   7.6641002e-05  -9.9949608e-04  -1.2939395e-03  -2.2894508e-03
   9.5382192e-05  -1.0219671e-03  -1.5750327e-03  -2.2369060e-03
   1.5535400e-04  -1.1081059e-03  -2.0922441e-03  -2.1580889e-03
   7.6641002e-05  -1.0818897e-03  -2.2721437e-03  -2.3457488e-03
  -2.0072861e-04  -9.4331860e-04  -2.2196730e-03  -2.0605058e-03
  -3.6939932e-04  -8.5717981e-04  -2.2871354e-03  -2.0117142e-03
   1.5535400e-04  -8.6467014e-04  -2.0472692e-03  -2.1993741e-03
   2.5280819e-04  -8.9837662e-04  -2.0172859e-03  -2.0980378e-03
  -4.4811232e-04  -8.6841530e-04  -1.8598737e-03  -2.1956209e-03
  -4.2562289e-04  -7.5231519e-04  -1.3688977e-03  -2.3269828e-03
   3.0903176e-04  -7.3358936e-04  -1.2826958e-03  -2.1243101e-03
   5.5266723e-04  -8.7965080e-04  -1.1665106e-03  -1.9891950e-03
   6.1648050e-05  -7.9725717e-04  -7.2800523e-04  -2.1017910e-03
  -2.6070042e-04  -6.0625375e-04  -4.6939951e-04  -2.0717654e-03
  -3.5440637e-04  -8.7965080e-04  -3.1948315e-04  -2.0004546e-03
  -1.2951209e-04  -7.7853134e-04  -3.2697897e-04  -1.9629227e-03
   1.6285048e-04  -8.8339596e-04  -3.1948315e-04  -1.8540799e-03
   5.4244800e-06  -1.2092253e-03   1.8648456e-04  -1.9441567e-03
  -5.8202340e-06  -8.7965080e-04   4.0011538e-04  -2.0229738e-03
  -6.2043804e-05  -8.1972816e-04   2.9517393e-04  -1.9854418e-03
   2.0033286e-04  -8.2721849e-04   8.3487282e-04  -1.9741823e-03
   4.4771656e-04  -9.9949608e-04   1.3033614e-03  -2.0605058e-03
   9.1727180e-06  -8.1972816e-04   9.4356218e-04  -2.0192206e-03
   2.4165670e-05  -5.1636979e-04   9.8853709e-04  -1.8916119e-03
   3.4276590e-04  -8.9837662e-04   1.3595801e-03  -1.7977820e-03
   3.2777295e-04  -1.0706542e-03   1.2396470e-03  -1.7865224e-03
   1.1037514e-04  -9.1710245e-04   1.4157987e-03  -1.8765991e-03
  -2.0719960e-06  -5.6880210e-04   1.2883698e-03  -1.8728459e-03
   1.7784343e-04  -8.7965080e-04   1.0747390e-03  -1.9591695e-03
   2.8279409e-04  -9.3582827e-04   1.1197139e-03  -2.0154674e-03
   1.1412338e-04  -6.5119573e-04   6.8495646e-04  -1.9816886e-03
  -8.8281470e-05  -1.1043607e-03   6.2124201e-04  -1.8353140e-03
  -5.8295566e-05  -9.8077025e-04   6.9994810e-04  -1.9178843e-03
   1.2536810e-04  -1.0669090e-03   4.7132565e-04  -1.8991183e-03
   2.0782933e-04  -1.0032412e-03  -1.2459188e-04  -1.8653395e-03
  -2.0813186e-05  -6.4370540e-04  -3.5321433e-04  -2.4245659e-03
  -2.4195923e-04  -1.0332026e-03  -4.1318088e-04  -2.3119700e-03
  -2.3071451e-04  -8.9837662e-04  -1.0428296e-03  -1.8653395e-03
  -2.4945570e-04  -8.7216047e-04  -1.1027961e-03  -2.1017910e-03
  -2.6070042e-04  -8.9088629e-04  -1.1290315e-03  -2.2106337e-03
  -4.6685351e-04  -6.0250859e-04  -1.4438559e-03  -2.3044636e-03
  -6.2802774e-04  -7.5231519e-04  -1.7549323e-03  -2.5446682e-03
  -3.8814051e-04  -8.9463146e-04  -1.7549323e-03  -2.2519188e-03
  -3.0942751e-04  -8.4968948e-04  -1.6949658e-03  -2.2669316e-03
  -4.4436408e-04  -6.6617639e-04  -1.7961593e-03  -2.5259022e-03
  -7.5171960e-04  -6.5868606e-04  -1.3089311e-03  -2.2819444e-03
  -6.8050307e-04  -7.2609903e-04  -1.0915524e-03  -2.3795275e-03
  -2.4945570e-04  -9.8077025e-04  -1.1852501e-03  -2.5334086e-03
  -4.3686760e-04  -9.3582827e-04  -1.0016026e-03  -2.3757743e-03
  -3.5815461e-04  -6.9613771e-04  -5.9682842e-04  -2.1956209e-03
  -2.6819689e-04  -9.8826058e-04  -3.5321433e-04  -2.0942846e-03
  -3.9938522e-04  -6.4370540e-04  -3.2697897e-04  -1.9441567e-03
  -1.7074271e-04  -5.2011496e-04  -1.8830634e-04  -1.9591695e-03
  -3.0193104e-04  -8.6467014e-04   3.6568205e-05  -2.1355697e-03
  -2.3821099e-04  -7.8976684e-04   2.4645111e-04  -1.9854418e-03
  -2.2696628e-04  -7.5980552e-04   2.5769484e-04  -2.1355697e-03
  -2.3821099e-04  -5.9127309e-04   6.3623364e-04  -2.3232296e-03
  -8.8281470e-05  -7.4107969e-04   9.6230173e-04  -2.0229738e-03
  -3.0942751e-04  -7.9725717e-04   8.7984773e-04  -1.8615863e-03
   3.5410384e-05  -7.1486354e-04   8.9483937e-04  -2.0980378e-03
  -1.7064948e-05  -8.9463146e-04   8.4611655e-04  -2.1768549e-03
  -3.7689580e-04  -9.1335728e-04   1.0410078e-03  -2.0454930e-03
  -2.9818280e-04  -9.8077025e-04   1.0072766e-03  -1.8615863e-03
  -4.4436408e-04  -8.9463146e-04   6.4747737e-04  -1.8540799e-03
  -1.0702266e-04  -7.2235387e-04   6.7746064e-04  -2.0792718e-03
  -2.0447685e-04  -8.0474750e-04   5.7626710e-04  -1.8916119e-03
  -6.2802774e-04  -9.2833794e-04   4.3384656e-04  -1.9591695e-03
  -4.9309117e-04  -9.0212179e-04   4.0386329e-04  -2.1355697e-03
  -5.3432179e-04  -9.9575091e-04   2.5394693e-04  -2.0229738e-03
  -3.6190284e-04  -9.1710245e-04   2.8767811e-04  -2.1017910e-03
  -3.8064403e-04  -8.1223783e-04   1.6399711e-04  -1.9404035e-03
  -5.2307708e-04  -9.2459278e-04  -2.8575197e-04  -1.7977820e-03
  -5.9054536e-04  -8.3096365e-04  -3.0823942e-04  -1.8353140e-03
  -6.5426541e-04  -7.5606035e-04  -3.3447479e-04  -1.9253907e-03
  -5.9429360e-04  -7.6355068e-04  -8.1420714e-04  -2.1205569e-03
  -8.5667026e-04  -9.6204443e-04  -7.9546759e-04  -2.1430761e-03
  -6.3177598e-04  -7.9351200e-04  -9.4163604e-04  -2.4545915e-03
  -4.9309117e-04  -6.5868606e-04  -1.1815022e-03  -2.4095531e-03
  -7.4047488e-04  -9.8451542e-04  -9.0415695e-04  -2.0905314e-03
  -5.9804184e-04  -7.5606035e-04  -1.0765608e-03  -2.3232296e-03
  -5.6430770e-04  -8.1223783e-04  -1.0390817e-03  -2.1318165e-03
  -4.7809822e-04  -1.0182219e-03  -7.5049269e-04  -2.2781912e-03
  -4.3686760e-04  -9.1335728e-04  -9.7161932e-04  -2.4095531e-03
  -6.5051717e-04  -9.1335728e-04  -7.6548432e-04  -2.1693485e-03
  -8.0044669e-04  -8.5343464e-04  -5.7059305e-04  -2.3495020e-03
  -7.2548193e-04  -1.1118510e-03  -6.4929914e-04  -2.2369060e-03
  -6.5426541e-04  -8.3096365e-04  -1.6581888e-04  -2.4133063e-03
  -5.4931474e-04  -7.7853134e-04  -1.3958352e-04  -2.3194764e-03
  -4.6310527e-04  -1.0781445e-03  -3.7570179e-04  -2.0680122e-03
  -5.3807003e-04  -9.5455410e-04  -3.8389975e-05  -2.2669316e-03
  -5.5306298e-04  -1.2654028e-03   2.6519065e-04  -2.3119700e-03
  -5.7180417e-04  -1.0182219e-03   3.1016556e-04  -2.2781912e-03
  -3.4316165e-04  -1.0294574e-03   4.3384656e-04  -2.0792718e-03
  -1.4450504e-04  -1.1305768e-03   3.4014883e-04  -2.0605058e-03
  -3.2816870e-04  -7.1860870e-04   1.9023247e-04  -1.9028715e-03
  -4.2937113e-04  -8.9088629e-04   3.9636747e-04  -2.0342334e-03
  -3.4690989e-04  -8.9837662e-04   3.6568205e-05  -2.2293996e-03
  -3.1692399e-04  -9.4706377e-04  -4.6587940e-06  -2.0342334e-03
  -2.7194513e-04  -8.8714113e-04   2.9892183e-04  -2.2106337e-03
  -2.6444866e-04  -9.0961212e-04  -4.2137884e-05  -2.0867782e-03
  -4.4811232e-04  -8.9088629e-04  -1.2084397e-04  -1.8203012e-03
  -3.9563699e-04  -9.2833794e-04  -2.0329797e-04  -1.9103779e-03
  -2.1197332e-04  -1.2129705e-03  -3.1948315e-04  -2.1731017e-03
  -3.3191694e-04  -7.7853134e-04  -3.1198733e-04  -2.0304802e-03
  -6.3177598e-04  -1.0069864e-03  -4.6190369e-04  -2.1993741e-03
  -4.7434998e-04  -9.9575091e-04  -6.0057633e-04  -2.6047194e-03
  -1.9323213e-04  -7.0362804e-04  -6.4180332e-04  -2.1130505e-03
  -4.2187465e-04  -1.0481832e-03  -3.8694551e-04  -2.2856976e-03
  -4.3686760e-04  -6.7741189e-04  -4.7314742e-04  -2.3645147e-03
  -4.2187465e-04  -7.1486354e-04  -5.5934933e-04  -1.9741823e-03
  -5.3057355e-04  -9.3582827e-04  -3.1573524e-04  -2.3119700e-03
  -4.5560879e-04  -7.5231519e-04  -3.7195388e-04  -2.2331528e-03
  -2.3821099e-04  -7.8976684e-04  -2.8200406e-04  -2.1130505e-03
  -3.0193104e-04  -7.4107969e-04  -3.7195388e-04  -2.3757743e-03
  -4.2187465e-04  -7.1111837e-04  -4.9563487e-04  -2.2744380e-03
  -1.7823918e-04  -7.9725717e-04   4.0316114e-05  -2.2031273e-03
  -4.1062994e-04  -8.7216047e-04   1.6024920e-04  -2.1993741e-03
  -3.0193104e-04  -8.6467014e-04  -7.5869065e-05  -2.0980378e-03
   2.7913908e-05  -8.5717981e-04   1.6774502e-04  -2.2932040e-03
  -1.4825328e-04  -8.7590563e-04   3.2140929e-04  -2.5259022e-03
  -2.3071451e-04  -9.0586695e-04   2.8018229e-04  -2.4358255e-03
  -2.0813186e-05  -8.1598299e-04   2.8393020e-04  -2.2594252e-03
   2.2282228e-04  -7.7104101e-04   2.3895529e-04  -2.3232296e-03
   9.1633954e-05  -8.5343464e-04   3.0641765e-04  -2.3082168e-03
  -1.2576385e-04  -8.3845398e-04   3.7762792e-04  -2.3419956e-03
  -2.5320394e-04  -8.4219915e-04   2.7643438e-04  -2.1881145e-03
   1.6659871e-04  -7.2235387e-04   2.3895529e-04  -1.9741823e-03
   9.1633954e-05  -7.0737321e-04   1.9398038e-04  -2.2481656e-03
  -1.6699447e-04  -9.2833794e-04   1.9023247e-04  -2.1168037e-03
   5.7899812e-05  -9.6204443e-04   8.9038931e-05  -2.2781912e-03
  -1.2201561e-04  -9.2459278e-04   5.5307750e-05  -2.5634342e-03
