  -9.2029708e-05  -1.1081059e-03  -1.2459188e-04  -2.0755186e-03
  -1.5574975e-04  -9.6953476e-04  -2.5202079e-04  -1.8315608e-03
  -2.9443456e-04  -8.7965080e-04  -2.1454170e-04  -1.9103779e-03
  -3.0942751e-04  -9.8077025e-04  -1.5832306e-04  -2.0304802e-03
  -2.3071451e-04  -8.5717981e-04  -2.8575197e-04  -2.0867782e-03
  -1.8948390e-04  -8.1223783e-04  -1.9650430e-05  -2.0642590e-03
  -2.6070042e-04  -9.0212179e-04  -2.8949988e-04  -2.0792718e-03
  -2.2696628e-04  -8.5343464e-04  -2.9699570e-04  -2.0792718e-03
  -6.5792042e-05  -6.4745057e-04  -5.7129520e-05  -1.8390672e-03
  -4.7050852e-05  -7.4482486e-04  -3.2697897e-04  -1.6476541e-03
  -1.7064948e-05  -8.2721849e-04   3.6568205e-05  -1.6776797e-03
  -2.4195923e-04  -7.6355068e-04   2.5324478e-05  -1.8015352e-03
  -2.5320394e-04  -9.4331860e-04  -2.1828961e-04  -2.1430761e-03
   1.5160576e-04  -1.0182219e-03  -8.4067030e-06  -2.0642590e-03
   5.4244800e-06  -9.9200575e-04  -2.6326452e-04  -1.7715096e-03
  -3.3941342e-04  -8.9837662e-04  -1.5082725e-04  -1.9554163e-03
  -1.2576385e-04  -8.1223783e-04  -9.0860701e-05  -2.0417398e-03
  -7.7036756e-05  -7.0362804e-04  -7.9616974e-05  -1.7865224e-03
  -5.8295566e-05  -6.9613771e-04   6.5849330e-06  -1.8878587e-03
  -3.2057900e-05  -9.4706377e-04  -1.2084397e-04  -2.2406592e-03
  -2.8693808e-04  -9.2833794e-04   2.1646784e-04  -2.1430761e-03
  -1.7449094e-04  -8.6092497e-04  -1.8455843e-04  -2.1393229e-03
  -1.1826737e-04  -8.9088629e-04  -3.7570179e-04  -2.0830250e-03
  -1.4075680e-04  -7.7853134e-04  -4.2137884e-05  -1.9929482e-03
  -2.2321804e-04  -8.3845398e-04  -3.9069342e-04  -2.1881145e-03
  -1.2201561e-04  -9.9575091e-04  -2.9324779e-04  -2.0680122e-03
  -2.0813186e-05  -8.7590563e-04  -2.4827288e-04  -2.0342334e-03
  -3.2816870e-04  -6.6992156e-04  -4.0193715e-04  -2.2669316e-03
  -1.1077090e-04  -7.1860870e-04  -1.5832306e-04  -2.2969572e-03
  -3.5806138e-05  -8.4594431e-04  -9.1088500e-07  -2.1918677e-03
  -3.6939932e-04  -8.3470882e-04   1.0332842e-05  -2.3082168e-03
  -2.2321804e-04  -7.5231519e-04  -8.3364883e-05  -2.3832807e-03
   4.2906860e-05  -8.0100233e-04  -1.6581888e-04  -2.2481656e-03
  -1.6699447e-04  -1.0032412e-03  -1.4707934e-04  -2.2781912e-03
  -3.7689580e-04  -1.0743994e-03  -1.3208770e-04  -2.5221490e-03
  -1.4075680e-04  -1.0444381e-03  -2.0704588e-04  -2.3982935e-03
  -6.9540280e-05  -1.0144767e-03  -2.7146248e-05  -2.3119700e-03
  -1.7449094e-04  -8.7590563e-04  -7.9616974e-05  -2.4057999e-03
  -1.7074271e-04  -9.8451542e-04  -3.3072688e-04  -2.0905314e-03
  -1.5949799e-04  -9.7702509e-04  -9.0860701e-05  -2.3419956e-03
  -1.4450504e-04  -7.9351200e-04  -1.4333143e-04  -2.4208127e-03
  -2.9818280e-04  -8.5343464e-04  -3.3072688e-04  -2.2669316e-03
  -2.9068632e-04  -9.4706377e-04  -1.5457515e-04  -2.4846170e-03
  -3.2057900e-05  -1.1380672e-03  -1.5082725e-04  -2.4358255e-03
  -2.8309662e-05  -8.2347332e-04  -1.9955006e-04  -2.4658511e-03
  -1.0327442e-04  -7.0737321e-04   8.5291022e-05  -2.0454930e-03
  -3.9554376e-05  -9.3208311e-04   2.3895529e-04  -2.0717654e-03
  -2.4561424e-05  -7.4107969e-04   1.1902220e-04  -2.1655953e-03
   8.0389240e-05  -9.3582827e-04   5.9055659e-05  -1.9291439e-03
   1.4410929e-04  -8.1972816e-04   4.7811932e-05  -2.1655953e-03
  -6.5792042e-05  -6.5494090e-04  -1.7331470e-04  -1.9103779e-03
   8.4137478e-05  -8.4968948e-04  -2.8200406e-04  -2.0192206e-03
   1.5160576e-04  -6.8864738e-04   1.1527429e-04  -2.1130505e-03
  -2.9068632e-04  -5.5382144e-04   9.6534749e-05  -2.1505825e-03
  -2.0822509e-04  -5.9127309e-04  -1.3958352e-04  -2.4808638e-03
   1.3286457e-04  -9.9200575e-04   1.4080751e-05  -2.0942846e-03
   5.4151574e-05  -1.0968704e-03  -8.4067030e-06  -2.1318165e-03
  -7.3288518e-05  -6.1374408e-04  -1.2833979e-04  -2.3382424e-03
   2.0417432e-05  -5.6505694e-04  -3.0074361e-04  -2.1731017e-03
  -1.1451914e-04  -8.7216047e-04  -1.8830634e-04  -2.1092973e-03
  -2.6070042e-04  -8.6092497e-04   1.2277011e-04  -1.9891950e-03
  -1.3700856e-04  -7.8976684e-04   2.5324478e-05  -1.9854418e-03
  -1.3326033e-04  -8.5343464e-04   3.2820296e-05  -2.1318165e-03
  -3.9554376e-05  -8.2721849e-04   2.9072387e-05  -2.3307360e-03
  -5.8202340e-06  -9.3582827e-04  -6.0877429e-05  -2.1806081e-03
  -6.5792042e-05  -9.0961212e-04  -7.2121156e-05  -2.0942846e-03
  -8.0784994e-05  -7.6355068e-04  -2.1828961e-04  -2.2106337e-03
   9.1727180e-06  -8.7590563e-04  -1.5902521e-05  -2.2406592e-03
   2.0417432e-05  -9.4331860e-04  -9.8356519e-05  -2.1505825e-03
  -2.0072861e-04  -9.0586695e-04  -3.2323106e-04  -1.9704291e-03
  -1.5574975e-04  -9.1710245e-04  -1.2084397e-04  -2.1318165e-03
  -2.4570747e-04  -1.0257122e-03  -3.4197060e-04  -2.0192206e-03
  -3.8814051e-04  -8.0100233e-04  -5.1437442e-04  -1.8240544e-03
  -2.6070042e-04  -7.9351200e-04  -1.5457515e-04  -2.0154674e-03
  -2.3446275e-04  -1.0257122e-03  -1.3583561e-04  -1.9967014e-03
  -3.6565108e-04  -7.2984420e-04  -3.4197060e-04  -1.9779355e-03
  -4.3686760e-04  -9.2833794e-04  -9.4608610e-05  -2.2406592e-03
  -2.7569337e-04  -1.0406929e-03  -1.4707934e-04  -2.1280633e-03
  -3.3941342e-04  -8.3845398e-04  -4.3192042e-04  -2.1168037e-03
  -4.6685351e-04  -9.2459278e-04  -2.5951661e-04  -2.1843613e-03
  -4.1437818e-04  -8.5717981e-04  -3.2323106e-04  -1.9253907e-03
  -2.4570747e-04  -8.0100233e-04  -4.5815578e-04  -2.0642590e-03
  -2.5695218e-04  -8.1223783e-04  -1.3583561e-04  -2.0567526e-03
  -3.8064403e-04  -9.6578959e-04  -6.4625338e-05  -2.1843613e-03
  -1.7074271e-04  -9.2084761e-04  -1.9580215e-04  -2.3269828e-03
  -3.5440637e-04  -9.2459278e-04  -3.2323106e-04  -2.0192206e-03
  -4.1812641e-04  -1.0257122e-03  -2.8200406e-04  -1.8991183e-03
  -1.4825328e-04  -8.2721849e-04   6.5849330e-06  -2.0229738e-03
  -1.4075680e-04  -7.7478618e-04  -1.8455843e-04  -2.0042078e-03
  -2.6444866e-04  -8.2721849e-04  -2.4827288e-04  -1.9441567e-03
  -2.2321804e-04  -9.1710245e-04  -1.3583561e-04  -1.9516631e-03
   2.7913908e-05  -8.4219915e-04  -2.3702915e-04  -1.8278076e-03
  -7.3288518e-05  -6.3621507e-04  -2.1079379e-04  -1.9591695e-03
  -2.8309662e-05  -8.3096365e-04  -2.2203752e-04  -1.9103779e-03
   1.0662691e-04  -8.9463146e-04   6.6551477e-05  -1.9366503e-03
  -1.1077090e-04  -5.8003760e-04   3.6568205e-05  -2.0304802e-03
  -2.9443456e-04  -6.2497958e-04  -1.0210443e-04  -1.8878587e-03
  -1.8573566e-04  -7.8976684e-04   1.9772829e-04  -1.9028715e-03
  -1.2201561e-04  -1.0032412e-03  -1.9955006e-04  -1.8653395e-03
  -1.4825328e-04  -1.0144767e-03  -4.5815578e-04  -1.9366503e-03
  -8.4533232e-05  -9.2459278e-04  -2.8949988e-04  -1.9103779e-03
  -2.3071451e-04  -1.0556735e-03  -2.0704588e-04  -1.9479099e-03
  -2.0813186e-05  -6.9988288e-04   9.2786840e-05  -2.1355697e-03
   1.2920956e-05  -8.0100233e-04  -1.6207097e-04  -2.1130505e-03
  -4.0688170e-04  -7.5980552e-04  -2.1079379e-04  -2.0680122e-03
  -2.8318985e-04  -6.0999892e-04   1.3026593e-04  -2.1956209e-03
  -1.2951209e-04  -1.0444381e-03   4.4064023e-05  -2.1092973e-03
  -1.2201561e-04  -7.2235387e-04  -1.0585234e-04  -2.1505825e-03
  -1.8948390e-04  -7.8602167e-04  -1.8455843e-04  -2.1956209e-03
  -1.7074271e-04  -8.3470882e-04  -7.2121156e-05  -1.9666759e-03
   7.2892764e-05  -6.8864738e-04  -4.9633702e-05  -2.3082168e-03
   6.1648050e-05  -9.1710245e-04  -6.4625338e-05  -2.2218933e-03
  -5.0799090e-05  -8.1598299e-04  -1.2084397e-04  -2.0755186e-03
  -1.3700856e-04  -9.8077025e-04  -2.7450824e-04  -2.4733575e-03
  -3.9554376e-05  -8.4968948e-04  -1.4333143e-04  -2.2932040e-03
   6.5396288e-05  -6.8490222e-04  -1.2084397e-04  -2.1280633e-03
  -4.3302614e-05  -9.6578959e-04  -4.2137884e-05  -2.2894508e-03
  -2.6070042e-04  -8.0474750e-04   1.3401384e-04  -2.3157232e-03
  -1.9323213e-04  -7.1860870e-04  -1.6581888e-04  -2.3570083e-03
  -3.5806138e-05  -8.9463146e-04  -2.8949988e-04  -2.4395787e-03
  -2.4195923e-04  -8.0474750e-04  -7.5869065e-05  -2.3570083e-03
  -7.3288518e-05  -1.0182219e-03   1.0332842e-05  -2.4170595e-03
   5.4244800e-06  -9.5080893e-04  -1.2084397e-04  -2.3607615e-03
  -1.8573566e-04  -6.7366672e-04  -2.5202079e-04  -2.3232296e-03
  -6.2043804e-05  -1.0594187e-03  -4.2137884e-05  -2.3495020e-03
  -1.3700856e-04  -8.4219915e-04  -3.8389975e-05  -2.2406592e-03
  -1.5949799e-04  -6.7741189e-04   1.4080751e-05  -2.3832807e-03
   1.4785752e-04  -9.9949608e-04  -7.2121156e-05  -2.1806081e-03
   2.6030466e-04  -8.1972816e-04  -2.4077706e-04  -2.1205569e-03
   5.0403336e-05  -6.2872474e-04   1.1902220e-04  -2.0867782e-03
  -1.5574975e-04  -7.7853134e-04   2.6144274e-04  -1.9779355e-03
   2.7913908e-05  -7.6729585e-04   2.5019902e-04  -2.2406592e-03
   1.4410929e-04  -5.7629243e-04  -1.9650430e-05  -2.0717654e-03
  -5.8295566e-05  -8.7965080e-04  -1.0585234e-04  -1.9779355e-03
  -1.3326033e-04  -8.0100233e-04   1.5650129e-04  -2.0342334e-03
  -9.5777946e-05  -5.7254727e-04  -2.7146248e-05  -2.0605058e-03
   9.5382192e-05  -9.3957344e-04  -8.3364883e-05  -2.0417398e-03
   8.7885716e-05  -9.9575091e-04   7.4047295e-05  -2.0079610e-03
  -2.7944161e-04  -7.2984420e-04   7.4047295e-05  -2.3157232e-03
  -1.1451914e-04  -6.7741189e-04  -4.6587940e-06  -2.1580889e-03
  -1.0327442e-04  -7.8976684e-04  -1.8081052e-04  -2.0154674e-03
  -3.1317575e-04  -7.2984420e-04  -2.3328124e-04  -2.1017910e-03
  -6.5792042e-05  -5.7254727e-04  -1.2154612e-05  -1.7414840e-03
  -1.8948390e-04  -7.1486354e-04   1.6024920e-04  -2.0342334e-03
  -8.0784994e-05  -8.6092497e-04   2.5324478e-05  -2.3007104e-03
   1.6669194e-05  -8.0100233e-04  -6.8373247e-05  -1.9366503e-03
  -2.0072861e-04  -9.6578959e-04  -3.8389975e-05  -2.1092973e-03
  -6.2043804e-05  -9.2459278e-04  -1.8830634e-04  -2.1881145e-03
  -2.1946980e-04  -7.7478618e-04  -2.4077706e-04  -2.0567526e-03
  -2.2321804e-04  -7.2609903e-04  -1.1709606e-04  -1.9704291e-03
  -6.9540280e-05  -7.7104101e-04  -7.5869065e-05  -1.7564968e-03
  -1.7064948e-05  -9.1335728e-04  -2.8949988e-04  -1.9891950e-03
  -8.0784994e-05  -8.1972816e-04  -2.7076033e-04  -1.9967014e-03
  -2.7569337e-04  -9.5080893e-04  -1.2833979e-04  -1.8953651e-03
  -1.6699447e-04  -9.6204443e-04  -3.6445806e-04  -1.9103779e-03
  -2.2321804e-04  -9.3957344e-04  -1.9205424e-04  -1.7527436e-03
  -1.5574975e-04  -9.8077025e-04  -5.7129520e-05  -2.1956209e-03
  -2.2696628e-04  -9.3208311e-04  -2.0329797e-04  -2.1618421e-03
  -1.7823918e-04  -1.1343220e-03  -2.0704588e-04  -1.9967014e-03
  -2.1572156e-04  -1.1493027e-03  -1.2833979e-04  -2.1017910e-03
  -4.7434998e-04  -9.7327992e-04  -2.2203752e-04  -1.9328971e-03
   1.0287867e-04  -1.0706542e-03  -2.9699570e-04  -2.2894508e-03
  -1.3700856e-04  -1.0444381e-03  -1.9955006e-04  -2.0229738e-03
  -5.4556651e-04  -8.0849266e-04  -1.8830634e-04  -1.9704291e-03
  -2.6070042e-04  -1.0444381e-03  -1.9955006e-04  -2.0942846e-03
  -2.4570747e-04  -1.0781445e-03  -2.7825615e-04  -1.5876030e-03
  -2.6819689e-04  -9.7702509e-04  -3.8389975e-05  -1.9141311e-03
  -3.6190284e-04  -9.5829926e-04   2.8370240e-06  -1.8540799e-03
  -2.6070042e-04  -9.1710245e-04   1.4150966e-04  -1.7640032e-03
  -1.9323213e-04  -8.6841530e-04   5.9500665e-04  -2.0529994e-03
  -1.3316710e-05  -6.7366672e-04   6.9245228e-04  -1.7302244e-03
   1.2920956e-05  -9.4331860e-04   6.8120855e-04  -1.6739265e-03
  -2.9443456e-04  -7.2235387e-04   1.2246554e-03  -1.8127948e-03
  -3.5065813e-04  -6.5494090e-04   1.5544714e-03  -1.7602500e-03
  -2.4945570e-04  -9.2833794e-04   2.4764570e-03  -1.5162922e-03
  -1.7449094e-04  -6.8864738e-04   3.0573829e-03  -1.7902756e-03
  -3.6190284e-04  -9.5455410e-04   4.5865297e-03  -1.6776797e-03
  -1.8948390e-04  -8.9837662e-04   5.5085153e-03  -1.3436452e-03
  -4.3302614e-05  -6.2872474e-04   3.6383088e-03  -1.5725902e-03
  -3.2816870e-04  -7.1860870e-04   3.4134342e-03  -1.4900198e-03
  -4.9683941e-04  -7.4482486e-04   5.3923302e-03  -2.1205569e-03
  -6.5801365e-04  -6.9988288e-04   1.6579839e-02  -1.4637475e-03
  -4.8184646e-04  -5.3884078e-04   2.4525406e-02  -8.2195078e-04
  -4.3686760e-04  -6.8115705e-04   2.4274296e-02  -5.8549936e-04
  -7.1798545e-04  -9.2084761e-04   2.4184346e-02   9.3829293e-05
  -1.9323213e-04  -9.1710245e-04   2.1482104e-02  -1.6701733e-03
   2.2282228e-04  -7.3358936e-04   1.7089554e-02  -1.8728459e-03
  -1.2314941e-03  -7.1111837e-04   5.8870542e-03  -7.1310806e-04
  -2.5958527e-03  -8.1223783e-04  -2.7818594e-03  -7.2812085e-04
  -3.5216675e-03  -6.6243123e-04  -8.3812354e-03  -1.4412283e-03
  -6.3853213e-03  -7.7478618e-04  -1.7432436e-02  -2.2594252e-03
  -9.6462884e-03  -1.1567930e-03  -3.2708913e-02  -1.6701733e-03
  -7.9183507e-03  -1.5125837e-03  -4.7322010e-02  -1.8540799e-03
  -5.5119819e-03  -1.6811161e-03  -5.3191235e-02  -3.4792143e-03
  -1.1902728e-02  -1.1343220e-03  -5.9157907e-02  -3.9521171e-03
  -1.5013765e-02  -1.1680285e-03  -5.8621956e-02  -3.1639457e-03
  -7.0075288e-03  -2.1230456e-03  -4.8030365e-02  -4.0759726e-03
  -2.9706765e-03  -2.2765973e-03  -3.4552884e-02  -4.9467143e-03
  -4.6311459e-03  -1.8908453e-03  -2.3294165e-02  -4.1960749e-03
  -5.4556651e-04  -1.4152094e-03  -1.0971041e-02  -3.8732999e-03
   8.0753809e-03  -1.1493027e-03   2.8924749e-03  -3.4341759e-03
   1.2412092e-02  -8.8339596e-04   1.4754607e-02  -2.7698600e-03
   1.3266691e-02   1.5026958e-04   2.7362573e-02  -2.6122257e-03
   1.3023055e-02   2.6679135e-05   3.5057030e-02  -1.9479099e-03
   1.3446606e-02  -4.8266331e-04   4.0532725e-02  -2.0342334e-03
   1.5099579e-02  -3.2821850e-06   4.2039384e-02  -2.5972130e-03
   1.0170646e-02  -1.1418123e-03   3.7669322e-02  -2.0529994e-03
   7.2395238e-03  -4.0026968e-04   3.4914609e-02  -3.5017334e-03
   7.8017595e-03   1.5322355e-03   2.5342450e-02  -2.5559278e-03
   4.9493504e-03   4.3864728e-04   1.5627870e-02  -5.2544821e-04
   1.5909292e-03  -6.0625375e-04   1.5785282e-02  -1.0809214e-03
  -4.5636776e-03  -1.7485291e-03   2.4664078e-02  -2.3607615e-03
   2.0632071e-03  -2.0556326e-03   3.3036907e-02  -5.5472258e-03
   1.0016968e-02  -1.2391866e-03   2.2093013e-02  -3.0175710e-03
   7.2320273e-03  -1.6432428e-04   2.1728763e-03   6.1177048e-04
   9.3760195e-03   1.6371001e-03   3.3640092e-04  -3.8282673e-04
   5.9576264e-03   1.6970227e-03   2.7013315e-03  -1.7902756e-03
  -4.1063926e-03   3.5999882e-04  -9.2582461e-03  -2.0117142e-03
  -8.6754947e-03  -1.1530478e-03  -1.9235180e-02  -3.0400959e-04
  -5.4744995e-03  -1.8533937e-03  -2.0419519e-02  -2.6422513e-03
  -7.1687031e-03  -1.2766383e-03  -2.0614410e-02  -4.0159214e-03
  -8.7279701e-03  -1.1189197e-04  -2.5853987e-02  -2.9537667e-03
  -5.9392810e-03   5.8845388e-04  -2.6865923e-02  -2.8449240e-03
  -4.7623343e-03  -1.1189197e-04  -2.2360936e-02  -2.7661068e-03
   1.1261476e-03  -7.4107969e-04  -1.5952012e-02  -4.3912411e-03
  -3.7615547e-03  -6.7366672e-04  -1.8245732e-02  -2.8374176e-03
  -5.4857442e-03  -2.5420824e-04  -2.5880223e-02  -1.7377308e-03
   2.8990642e-03  -5.5714495e-05  -2.6131332e-02  -1.5988626e-03
  -2.3259796e-03  -5.4633111e-04  -3.1250976e-02  -3.6781394e-04
  -7.8771200e-03  -1.1455575e-03  -2.7862866e-02  -1.2272961e-03
  -5.6319255e-03  -1.9095712e-03  -1.7983378e-02  -2.4358255e-03
  -4.9759838e-03  -2.4601104e-03  -1.3789468e-02  -3.5204994e-03
  -4.9310050e-03  -2.0294164e-03  -9.9178781e-03  -2.4921234e-03
  -2.5171397e-03  -1.0594187e-03  -3.5951556e-03  -2.5746938e-03
   2.1906472e-03  -4.9764397e-04   6.9814436e-03  -3.7156657e-03
   4.2634228e-03  -9.1335728e-04   1.1463943e-02  -2.6535109e-03
   2.4005486e-03  -1.4638965e-03   1.3536536e-02  -1.8428204e-03
   3.2401539e-03  -1.7710001e-03   1.9896738e-02  -1.4224623e-03
   4.5145548e-03  -1.9432777e-03   2.2895065e-02  -1.8615863e-03
   6.0213465e-03  -1.6698806e-03   2.2771384e-02  -1.6363945e-03
   5.9876123e-03  -1.2878738e-03   1.8251406e-02  -3.3403516e-04
   4.7544420e-03  -3.9652451e-04   1.5627870e-02  -6.1927814e-04
   7.2132862e-03  -7.9725717e-04   1.9387022e-02  -2.3682679e-03
   1.9320188e-03  -1.0781445e-03   1.4724624e-02  -2.7623536e-03
  -5.0959274e-03  -1.1305768e-03   7.3674782e-03  -1.1634917e-03
  -5.9467775e-03  -3.6061309e-03   1.1373993e-02  -2.3007104e-03
  -3.2368014e-03  -1.8571389e-03   1.6388695e-02  -4.7290289e-03
   3.3900834e-03   2.3748976e-03   8.8928772e-03  -3.1189073e-03
   9.0686640e-03   2.9891046e-03  -3.0292214e-03  -4.3161829e-04
   1.1973548e-02   1.4835483e-03  -3.4190039e-03  -1.5388171e-04
   8.3753332e-04  -1.1043607e-03   4.7102107e-03  -1.9516631e-03
  -1.3540708e-02  -2.3964426e-03   5.0999933e-03  -2.7510940e-03
  -1.2142615e-02  -3.1042788e-03  -2.3658415e-03  -1.2798408e-03
   5.4891899e-04  -2.7222720e-03  -7.7141076e-03  -1.0171170e-03
   1.0260604e-02  -3.3285671e-04  -7.5979224e-03  -1.8127948e-03
   2.4642686e-03   1.7943970e-03  -8.5686309e-03  -1.9404035e-03
  -5.2983323e-03   2.0078714e-03  -8.4299582e-03  -1.8916119e-03
  -2.2585113e-03  -3.9277935e-04  -3.0292214e-03  -2.7135621e-03
  -2.4496714e-03  -2.6361332e-03  -3.3178103e-03  -3.2802948e-03
  -9.0090879e-03  -2.8720786e-03  -8.4112187e-03  -1.8653395e-03
  -8.8816478e-03  -1.3777577e-03  -9.3107168e-03  -1.7001989e-03
   2.2918497e-03  -5.9459660e-05  -6.2374315e-03  -2.5859534e-03
   7.0895943e-03  -1.4517680e-05  -9.3819271e-03  -1.7414840e-03
   3.5962365e-03   3.0424300e-05  -1.0941057e-02  -1.0171170e-03
  -2.4046926e-03  -1.8679527e-04  -6.4922893e-03  -1.5388114e-03
  -7.6972046e-03  -1.1043607e-03  -5.4353789e-03  -2.2706848e-03
  -5.8118409e-03  -2.4413846e-03  -6.1924566e-03  -2.0567526e-03
  -1.4976190e-03  -2.4750911e-03  -6.2973980e-03  -2.1168037e-03
  -2.1572156e-04  -1.1380672e-03  -2.9205320e-03  -3.0025582e-03
  -3.6565108e-04  -8.9420980e-05  -4.4691206e-04  -3.1601925e-03
  -1.5200152e-04   2.5138903e-04  -1.7961593e-03  -2.2556720e-03
   8.0005094e-04  -7.5980552e-04  -1.9348319e-03  -1.2385556e-03
   1.7784343e-04  -1.5762515e-03   2.6676003e-03  -1.7602500e-03
  -2.7345375e-03  -1.3777577e-03   6.9514603e-03  -2.4846170e-03
  -2.1648053e-03  -1.6623903e-03   6.7115941e-03  -2.1243101e-03
   2.8053583e-03  -1.6474096e-03   4.9013541e-03  -1.4750071e-03
   6.9171754e-03  -8.7216047e-04   5.6921629e-03  -1.5388114e-03
   4.5482889e-03  -2.3173725e-04   6.9926873e-03  -2.0717654e-03
  -1.6475485e-03  -1.9054044e-04   5.7633732e-03  -1.5425646e-03
  -2.2247771e-03  -9.1710245e-04   5.6471880e-03  -1.9216375e-03
   4.6655098e-05  -1.7635097e-03   6.6366360e-03  -2.7023025e-03
  -9.3538326e-04  -1.9133163e-03   6.2206181e-03  -2.5183958e-03
  -1.9136734e-03  -1.2167156e-03   6.0407184e-03  -2.7398344e-03
   2.2657052e-04  -5.8378276e-04   7.3899657e-03  -2.6872897e-03
   2.3930521e-03  -2.9165989e-04   5.5759777e-03  -2.4733575e-03
   1.8158234e-03  -3.6656319e-04   2.0079683e-03  -1.8428204e-03
  -1.5949799e-04  -7.6729585e-04   1.3221010e-03  -1.5162922e-03
  -9.6911740e-04  -7.3358936e-04   2.6750961e-03  -2.1243101e-03
  -4.4811232e-04  -1.0631639e-03   2.6563566e-03  -2.3682679e-03
  -3.6565108e-04  -1.3140899e-03   1.2651802e-04  -2.2856976e-03
  -5.1932884e-04  -8.5717981e-04  -1.2227292e-03  -1.9666759e-03
  -4.4811232e-04  -4.6768265e-04  -8.4067030e-06  -2.1055441e-03
  -4.3686760e-04  -1.1938230e-04   1.1527429e-04  -2.4208127e-03
  -1.2577317e-03  -3.5907286e-04  -2.0247817e-03  -2.2594252e-03
  -1.7824850e-03  -5.5756661e-04  -2.7181449e-03  -2.0980378e-03
  -1.5163601e-03  -6.8490222e-04  -1.7212011e-03  -2.3457488e-03
  -2.0448617e-03  -8.4594431e-04  -1.6987137e-03  -2.5822002e-03
  -1.7974780e-03  -5.3135045e-04  -3.3590373e-03  -1.7039521e-03
   6.1648050e-05  -6.8864738e-04  -3.7937948e-03  -1.1897641e-03
   1.2948184e-03  -5.5382144e-04  -2.6656742e-03  -1.7001989e-03
  -1.2576385e-04  -2.8791473e-04  -2.8980445e-03  -1.7715096e-03
  -1.7412544e-03  -6.6617639e-04  -3.6363826e-03  -1.3999431e-03
  -1.0928093e-03  -9.8826058e-04  -2.3620936e-03  -1.5162922e-03
  -7.3672664e-04  -1.2504221e-03  -4.0193715e-04  -2.4095531e-03
  -1.3064588e-03  -1.2953641e-03   2.8018229e-04  -2.6234853e-03
  -2.0561064e-03  -8.1972816e-04   4.0316114e-05  -2.2932040e-03
  -1.3326965e-03  -6.3621507e-04   1.3401384e-04  -2.3007104e-03
   6.5761789e-04  -7.5980552e-04   1.0634953e-03  -2.0830250e-03
   3.8024828e-04  -6.0999892e-04   1.4607736e-03  -1.9516631e-03
  -8.0419493e-04  -7.7478618e-04   1.2209074e-03  -1.7039521e-03
  -8.6791497e-04  -9.6578959e-04   1.4382862e-03  -1.5688370e-03
  -6.9540280e-05  -1.1118510e-03   2.4914486e-03  -1.9854418e-03
   4.3647185e-04  -9.9949608e-04   2.5589110e-03  -1.9404035e-03
  -3.9554376e-05  -7.1860870e-04   2.1653805e-03  -1.7602500e-03
   1.7409519e-04  -7.6355068e-04   2.7987771e-03  -2.0529994e-03
   3.2027647e-04  -7.2235387e-04   3.5783422e-03  -2.2293996e-03
  -1.4825328e-04  -9.5829926e-04   3.6870316e-03  -2.2894508e-03
  -8.7541145e-04  -9.4706377e-04   2.9711810e-03  -2.1731017e-03
  -1.5425978e-03  -8.5717981e-04   2.6975836e-03  -1.8841055e-03
  -7.5546783e-04  -1.0444381e-03   2.8325083e-03  -2.1243101e-03
   3.1652823e-04  -8.2347332e-04   2.1316493e-03  -2.2293996e-03
   5.8640137e-04  -7.2235387e-04   9.9978082e-04  -1.8390672e-03
   4.2147890e-04  -8.8339596e-04   6.5122528e-04  -1.7189649e-03
   1.6669194e-05  -9.5080893e-04   1.0147725e-03  -1.7790160e-03
  -2.9818280e-04  -1.0669090e-03   1.2171595e-03  -1.7940288e-03
  -6.0928655e-04  -1.2878738e-03   5.6127546e-04  -1.9328971e-03
  -4.3311937e-04  -1.2354415e-03   1.7898875e-04  -1.8878587e-03
  -3.9188875e-04  -9.3957344e-04   3.6638420e-04  -1.8465736e-03
  -8.3792907e-04  -8.4594431e-04   3.2820296e-05  -2.2669316e-03
  -6.2802774e-04  -9.2084761e-04  -5.9682842e-04  -1.9441567e-03
  -6.2053127e-04  -9.0212179e-04  -1.2901916e-03  -1.5425646e-03
  -7.9295021e-04  -1.0444381e-03  -1.2714520e-03  -1.8878587e-03
  -9.6162092e-04  -1.1418123e-03  -1.3688977e-03  -1.9891950e-03
  -9.9535507e-04  -8.9088629e-04  -2.0547650e-03  -1.9366503e-03
  -3.3566518e-04  -8.3845398e-04  -2.2159251e-03  -1.6288881e-03
  -1.2201561e-04  -6.1748925e-04  -2.4220601e-03  -1.8015352e-03
  -1.5574975e-04  -4.4521166e-04  -1.8598737e-03  -1.8165480e-03
  -5.1932884e-04  -7.4107969e-04  -1.1590148e-03  -1.5988626e-03
  -9.1289383e-04  -6.5494090e-04  -1.1290315e-03  -2.0605058e-03
  -6.7675484e-04  -7.0737321e-04  -5.4435769e-04  -2.0567526e-03
  -5.0808413e-04  -8.6092497e-04  -2.5951661e-04  -2.1543357e-03
  -3.9938522e-04  -7.8976684e-04  -2.6326452e-04  -1.9854418e-03
  -1.3326033e-04  -9.3582827e-04  -3.0823942e-04  -1.8165480e-03
   3.2777295e-04  -6.9613771e-04  -3.6071015e-04  -1.9666759e-03
   4.1398242e-04  -6.4370540e-04  -3.4946642e-04  -1.5876030e-03
   2.5655643e-04  -8.5717981e-04  -8.3364883e-05  -1.7039521e-03
   7.2892764e-05  -9.5080893e-04   2.3145947e-04  -1.8690927e-03
   1.3286457e-04  -1.1605382e-03   1.3776175e-04  -1.9328971e-03
   6.2388375e-04  -8.4594431e-04   2.4645111e-04  -2.0717654e-03
   4.5146480e-04  -6.6992156e-04   2.4270320e-04  -2.0042078e-03
   9.1633954e-05  -8.7216047e-04   5.2379637e-04  -2.1993741e-03
   6.5396288e-05  -9.2084761e-04   6.6996483e-04  -2.2706848e-03
   1.8159167e-04  -8.7965080e-04   4.4509029e-04  -2.0980378e-03
   3.0528352e-04  -7.8227651e-04   3.1016556e-04  -2.2031273e-03
   3.2402471e-04  -8.7216047e-04   1.2651802e-04  -2.2143869e-03
   3.4276590e-04  -7.5231519e-04  -7.9616974e-05  -2.0717654e-03
   4.7395423e-04  -6.5868606e-04  -5.4060978e-04  -2.1168037e-03
   5.0394013e-04  -8.7590563e-04  -6.9427405e-04  -1.9178843e-03
   3.2777295e-04  -7.5606035e-04  -8.3294668e-04  -2.1280633e-03
   3.8399652e-04  -6.5119573e-04  -9.5287977e-04  -2.4208127e-03
   5.4151574e-05  -8.8714113e-04  -7.9171968e-04  -2.3157232e-03
  -3.8439227e-04  -9.7327992e-04  -7.0551778e-04  -2.4283191e-03
  -2.3821099e-04  -8.0100233e-04  -8.4793832e-04  -2.3307360e-03
  -3.5806138e-05  -9.1335728e-04  -1.2602083e-03  -2.4208127e-03
   6.5396288e-05  -9.3208311e-04  -1.4888308e-03  -2.3419956e-03
  -1.2576385e-04  -7.5606035e-04  -1.4700912e-03  -2.4620979e-03
  -1.8948390e-04  -8.9837662e-04  -1.2677041e-03  -2.6685237e-03
   8.4137478e-05  -7.4857002e-04  -1.1102919e-03  -2.2218933e-03
   1.3661281e-04  -7.5606035e-04  -1.4588475e-03  -2.5521746e-03
   3.0528352e-04  -7.7478618e-04  -1.7699239e-03  -2.4958766e-03
   4.5146480e-04  -5.6505694e-04  -1.5075703e-03  -2.0117142e-03
   5.8265313e-04  -7.7853134e-04  -1.0990482e-03  -2.3607615e-03
   5.0394013e-04  -5.1636979e-04  -9.3414023e-04  -2.3007104e-03
  -2.4561424e-05  -6.9988288e-04  -1.1552669e-03  -2.1130505e-03
  -2.0719960e-06  -8.9088629e-04  -1.1552669e-03  -2.3119700e-03
   1.2920956e-05  -5.0513430e-04  -8.5168623e-04  -2.3307360e-03
  -5.8202340e-06  -8.7590563e-04  -8.1795505e-04  -2.4057999e-03
   2.6405290e-04  -4.5644715e-04  -1.0578212e-03  -2.1956209e-03
   2.9029057e-04  -4.0401484e-04  -1.3126790e-03  -1.9028715e-03
   4.7770247e-04  -9.0212179e-04  -8.8166950e-04  -2.0229738e-03
   4.2897537e-04  -5.0513430e-04  -6.4929914e-04  -1.8615863e-03
   1.6659871e-04  -6.1374408e-04  -7.1301360e-04  -1.9328971e-03
   1.5160576e-04  -7.1486354e-04  -4.4316415e-04  -2.1130505e-03
   2.6405290e-04  -8.2347332e-04  -4.9938278e-04  -2.0379866e-03
   4.6645775e-04  -7.6729585e-04  -2.7450824e-04  -2.2218933e-03
   3.1278000e-04  -6.8490222e-04  -1.8455843e-04  -2.2481656e-03
   2.3031876e-04  -9.2084761e-04  -2.3702915e-04  -2.0192206e-03
   2.6030466e-04  -7.9351200e-04   1.0777848e-04  -2.1017910e-03
  -5.4547328e-05  -7.8227651e-04   6.2803568e-05  -2.3457488e-03
   5.7899812e-05  -6.3621507e-04   2.8370240e-06  -2.0642590e-03
   1.8533990e-04  -7.9725717e-04  -7.2121156e-05  -1.9967014e-03
   3.1652823e-04  -9.9949608e-04  -2.5951661e-04  -2.2969572e-03
   3.8399652e-04  -5.5007628e-04  -4.7314742e-04  -2.0717654e-03
   1.7784343e-04  -6.3996024e-04  -7.0551778e-04  -1.9741823e-03
   1.4785752e-04  -9.4706377e-04  -6.1556796e-04  -2.1280633e-03
  -1.1077090e-04  -8.7216047e-04  -5.7059305e-04  -2.0980378e-03
   5.0403336e-05  -1.1268317e-03  -5.2936605e-04  -2.1881145e-03
  -5.0799090e-05  -1.0182219e-03  -5.1437442e-04  -2.0492462e-03
  -2.0813186e-05  -6.6243123e-04  -8.4793832e-04  -1.9028715e-03
   2.4531171e-04  -9.4706377e-04  -1.1402752e-03  -2.0905314e-03
  -1.3326033e-04  -1.0968704e-03  -9.9410677e-04  -1.9704291e-03
  -2.1946980e-04  -1.0781445e-03  -1.0540733e-03  -1.9891950e-03
  -3.1692399e-04  -9.5829926e-04  -1.3763935e-03  -1.9854418e-03
  -9.5684720e-06  -9.9575091e-04  -1.1177878e-03  -1.8728459e-03
   7.2892764e-05  -1.0781445e-03  -1.2452167e-03  -2.2819444e-03
  -2.4195923e-04  -6.9239255e-04  -1.4925787e-03  -2.0454930e-03
  -2.0822509e-04  -8.5717981e-04  -1.1777543e-03  -1.9066247e-03
  -1.5949799e-04  -1.0856349e-03  -1.1964939e-03  -2.3269828e-03
  -1.3700856e-04  -9.4706377e-04  -9.3414023e-04  -2.1993741e-03
  -6.5792042e-05  -1.0781445e-03  -6.1182005e-04  -2.2218933e-03
  -3.9554376e-05  -9.4331860e-04  -4.8813906e-04  -2.1618421e-03
