  -2.4570747e-04  -8.3096365e-04  -1.5832306e-04  -2.1543357e-03
  -6.9540280e-05  -6.8115705e-04   3.6568205e-05  -2.3232296e-03
  -9.9526184e-05  -7.2609903e-04  -1.9580215e-04  -2.0830250e-03
  -3.9938522e-04  -5.8003760e-04  -5.7129520e-05  -1.7902756e-03
  -1.9698037e-04  -5.1262463e-04   8.9038931e-05  -1.8991183e-03
  -9.5777946e-05  -8.3470882e-04   2.1576569e-05  -1.8916119e-03
   5.7899812e-05  -9.6204443e-04  -1.7331470e-04  -1.9028715e-03
   1.3286457e-04  -7.9725717e-04  -2.6701242e-04  -1.8503268e-03
   8.4137478e-05  -7.0362804e-04  -7.5869065e-05  -2.0680122e-03
   1.5160576e-04  -7.0737321e-04  -2.0329797e-04  -2.2106337e-03
   9.5382192e-05  -6.4370540e-04  -3.3447479e-04  -1.9216375e-03
  -9.2029708e-05  -9.5829926e-04   2.9072387e-05  -1.9141311e-03
  -4.9309117e-04  -9.8826058e-04   2.5019902e-04  -2.0192206e-03
  -5.8304889e-04  -7.0737321e-04   1.0403057e-04  -1.9291439e-03
  -3.6565108e-04  -9.1710245e-04   9.6534749e-05  -2.0079610e-03
  -2.3446275e-04  -7.6729585e-04  -1.2459188e-04  -2.1205569e-03
  -2.4561424e-05  -6.4370540e-04  -3.6820597e-04  -1.9404035e-03
   1.6669194e-05  -8.0849266e-04  -3.2323106e-04  -2.0004546e-03
   5.7899812e-05  -7.7104101e-04  -2.5951661e-04  -2.0117142e-03
  -2.0072861e-04  -8.9837662e-04  -2.2578543e-04  -1.9366503e-03
  -2.2696628e-04  -9.3208311e-04  -7.5869065e-05  -2.2143869e-03
  -9.9526184e-05  -8.7590563e-04   2.6519065e-04  -2.0830250e-03
  -4.1062994e-04  -6.6243123e-04   6.6551477e-05  -1.8653395e-03
  -3.7689580e-04  -6.5119573e-04  -2.6701242e-04  -2.0755186e-03
  -3.9188875e-04  -8.9837662e-04  -2.0329797e-04  -2.0004546e-03
  -3.5065813e-04  -7.5231519e-04  -2.6326452e-04  -1.9216375e-03
  -2.6444866e-04  -8.4219915e-04  -3.5321433e-04  -2.1017910e-03
  -2.3821099e-04  -1.0781445e-03  -2.0329797e-04  -1.9704291e-03
  -2.7944161e-04  -1.0669090e-03  -1.8455843e-04  -1.9479099e-03
  -4.5560879e-04  -9.8826058e-04  -2.4827288e-04  -1.9554163e-03
  -2.1197332e-04  -8.5343464e-04  -7.5869065e-05  -1.9291439e-03
  -1.2201561e-04  -7.8227651e-04  -2.2953333e-04  -2.1430761e-03
  -9.2029708e-05  -9.1335728e-04  -4.0193715e-04  -1.9854418e-03
  -1.1451914e-04  -8.7965080e-04  -3.3447479e-04  -1.9891950e-03
  -3.8064403e-04  -7.8602167e-04  -4.2817251e-04  -2.2068805e-03
  -2.9068632e-04  -8.7590563e-04  -4.2817251e-04  -2.1430761e-03
  -1.1451914e-04  -7.9725717e-04  -2.4077706e-04  -2.1580889e-03
  -2.6819689e-04  -1.0369477e-03  -1.3958352e-04  -2.0267270e-03
  -3.7689580e-04  -8.9463146e-04  -3.6071015e-04  -2.1393229e-03
  -2.1946980e-04  -8.3845398e-04  -5.2936605e-04  -2.3419956e-03
  -1.2201561e-04  -1.1979898e-03  -4.0193715e-04  -2.0680122e-03
  -3.8064403e-04  -7.7853134e-04  -3.4197060e-04  -2.0792718e-03
  -5.4931474e-04  -8.3470882e-04  -4.3566833e-04  -2.1618421e-03
  -3.6939932e-04  -1.0781445e-03  -4.4691206e-04  -2.1543357e-03
  -3.7689580e-04  -9.4706377e-04  -3.7195388e-04  -2.1731017e-03
  -1.2576385e-04  -9.6204443e-04  -3.4946642e-04  -1.8916119e-03
  -1.5949799e-04  -9.9575091e-04  -2.7825615e-04  -1.9554163e-03
  -2.3446275e-04  -9.6204443e-04  -1.9955006e-04  -1.9591695e-03
  -9.5777946e-05  -6.3246991e-04  -2.3328124e-04  -1.9741823e-03
  -2.9818280e-04  -7.5980552e-04  -2.1828961e-04  -2.1017910e-03
  -8.0784994e-05  -1.0444381e-03  -1.1334816e-04  -1.8278076e-03
  -1.6324623e-04  -8.8339596e-04  -1.4707934e-04  -1.9479099e-03
  -2.3446275e-04  -8.9463146e-04  -1.8081052e-04  -2.0454930e-03
  -1.4825328e-04  -8.7590563e-04  -1.8830634e-04  -2.1205569e-03
  -1.7823918e-04  -7.2609903e-04  -2.9324779e-04  -2.1168037e-03
   1.2920956e-05  -8.0474750e-04  -3.1198733e-04  -1.9253907e-03
  -1.9323213e-04  -7.9725717e-04  -2.0704588e-04  -2.0042078e-03
  -2.8318985e-04  -6.4370540e-04  -1.2459188e-04  -1.9103779e-03
  -1.1826737e-04  -1.0219671e-03  -2.4452497e-04  -2.0755186e-03
  -2.8318985e-04  -1.3140899e-03  -6.4625338e-05  -2.0117142e-03
  -3.3941342e-04  -6.2123441e-04  -8.3364883e-05  -1.9704291e-03
  -2.9818280e-04  -8.3470882e-04  -3.0823942e-04  -2.1017910e-03
  -3.1692399e-04  -1.1830092e-03  -5.7129520e-05  -1.8165480e-03
  -1.7823918e-04  -5.1262463e-04  -1.4707934e-04  -2.1092973e-03
  -1.4075680e-04  -8.3845398e-04  -3.1198733e-04  -2.2706848e-03
   4.2906860e-05  -9.0586695e-04  -3.0449151e-04  -2.0792718e-03
  -5.0799090e-05  -7.4107969e-04  -3.7195388e-04  -2.0942846e-03
  -3.8814051e-04  -1.0182219e-03  -3.1948315e-04  -2.1993741e-03
  -3.4316165e-04  -8.7965080e-04  -2.0704588e-04  -2.2256465e-03
  -3.5065813e-04  -7.7478618e-04  -2.5576870e-04  -2.1280633e-03
  -1.0702266e-04  -6.4370540e-04  -1.5832306e-04  -2.1768549e-03
  -1.1077090e-04  -9.6953476e-04   3.6568205e-05  -2.0605058e-03
  -2.3071451e-04  -9.3957344e-04  -2.9699570e-04  -2.0567526e-03
  -6.9540280e-05  -7.9351200e-04  -1.5832306e-04  -2.1168037e-03
  -3.2442046e-04  -1.0294574e-03   4.0316114e-05  -2.0267270e-03
  -1.6699447e-04  -7.7478618e-04  -2.3702915e-04  -2.0792718e-03
  -8.8281470e-05  -7.7478618e-04  -7.9616974e-05  -2.2406592e-03
  -3.3191694e-04  -9.3957344e-04  -3.8694551e-04  -2.2106337e-03
  -5.4547328e-05  -1.0669090e-03  -5.4810560e-04  -2.2706848e-03
  -1.7449094e-04  -8.7590563e-04  -1.4333143e-04  -2.3907871e-03
  -3.1317575e-04  -8.8714113e-04  -4.2817251e-04  -2.1543357e-03
  -1.1451914e-04  -1.0294574e-03  -1.8830634e-04  -2.1843613e-03
  -1.8948390e-04  -7.1860870e-04   1.7149293e-04  -2.2406592e-03
  -1.7823918e-04  -7.4107969e-04  -2.8200406e-04  -2.3757743e-03
  -2.7944161e-04  -6.4370540e-04   1.0332842e-05  -2.3194764e-03
  -2.4195923e-04  -7.2609903e-04   3.1766138e-04  -1.9253907e-03
  -7.3288518e-05  -8.0849266e-04   1.4150966e-04  -2.2519188e-03
  -2.4570747e-04  -5.5382144e-04   1.2651802e-04  -2.2106337e-03
   7.6641002e-05  -6.5868606e-04   1.4080751e-05  -1.8315608e-03
   2.8654233e-04  -6.2497958e-04  -7.9616974e-05  -2.0717654e-03
   5.0403336e-05  -5.3509562e-04  -2.0704588e-04  -1.9591695e-03
   2.2657052e-04  -6.0625375e-04  -2.8949988e-04  -1.8390672e-03
   2.6405290e-04  -5.9127309e-04  -4.6190369e-04  -2.0192206e-03
   4.0273771e-04  -6.6243123e-04  -3.1573524e-04  -2.0642590e-03
   2.7904585e-04  -8.9463146e-04  -1.3583561e-04  -2.1468293e-03
  -2.3071451e-04  -9.6953476e-04  -1.0210443e-04  -1.9328971e-03
  -2.5320394e-04  -8.9463146e-04   2.8767811e-04  -1.9891950e-03
  -3.1692399e-04  -8.5717981e-04   8.5291022e-05  -2.1355697e-03
  -1.8573566e-04  -7.8976684e-04  -3.4642066e-05  -2.0117142e-03
   5.0403336e-05  -7.9725717e-04  -4.6587940e-06  -2.1505825e-03
   2.0408109e-04  -7.0362804e-04  -4.2067669e-04  -1.8203012e-03
   4.6270952e-04  -7.4482486e-04  -4.5440787e-04  -1.7640032e-03
   1.2536810e-04  -7.9725717e-04  -5.3311396e-04  -2.1092973e-03
  -1.8573566e-04  -7.5980552e-04  -4.5815578e-04  -2.0117142e-03
   4.6655098e-05  -7.2235387e-04  -3.1948315e-04  -2.2369060e-03
   6.5396288e-05  -8.2347332e-04  -3.1573524e-04  -2.2969572e-03
  -9.2029708e-05  -1.0444381e-03   6.5849330e-06  -2.0079610e-03
  -1.4075680e-04  -8.2721849e-04  -6.0877429e-05  -1.8991183e-03
  -5.0799090e-05  -7.9725717e-04  -2.4452497e-04  -1.8653395e-03
  -1.8198742e-04  -8.6841530e-04  -6.8373247e-05  -2.0529994e-03
  -3.0193104e-04  -8.8339596e-04  -2.2953333e-04  -2.0867782e-03
  -6.5792042e-05  -9.2084761e-04  -4.0943297e-04  -2.1355697e-03
  -1.6699447e-04  -7.9351200e-04  -1.0585234e-04  -2.1580889e-03
  -3.1692399e-04  -8.6092497e-04  -1.2833979e-04  -2.0942846e-03
  -2.1197332e-04  -9.8077025e-04  -2.8200406e-04  -2.1505825e-03
  -3.0193104e-04  -9.8077025e-04  -3.3822270e-04  -1.9516631e-03
  -3.4316165e-04  -8.6092497e-04  -4.4691206e-04  -2.0529994e-03
  -1.7449094e-04  -9.6578959e-04  -3.0074361e-04  -2.2932040e-03
  -2.2696628e-04  -1.1193414e-03  -3.4571851e-04  -2.3157232e-03
  -1.0702266e-04  -9.2084761e-04  -3.8319760e-04  -2.2256465e-03
  -6.2043804e-05  -1.0144767e-03  -4.3192042e-04  -2.0717654e-03
  -3.9188875e-04  -1.1043607e-03  -4.8813906e-04  -2.1168037e-03
  -4.1812641e-04  -8.4594431e-04  -3.9818924e-04  -2.1843613e-03
  -2.9818280e-04  -1.0219671e-03  -4.7314742e-04  -2.1655953e-03
  -2.7569337e-04  -1.0332026e-03  -1.8830634e-04  -2.1618421e-03
  -3.0567927e-04  -8.3845398e-04  -1.6207097e-04  -2.0830250e-03
  -1.8198742e-04  -1.0032412e-03  -2.4827288e-04  -1.8165480e-03
  -1.8573566e-04  -9.8451542e-04  -1.4707934e-04  -1.9666759e-03
  -2.9818280e-04  -9.0961212e-04  -3.7195388e-04  -2.1768549e-03
  -3.2067223e-04  -8.6467014e-04  -2.1079379e-04  -1.9216375e-03
  -1.3700856e-04  -8.7216047e-04  -1.3958352e-04  -1.9328971e-03
  -4.7050852e-05  -9.7327992e-04  -2.4827288e-04  -1.9816886e-03
  -1.1077090e-04  -8.0100233e-04  -2.0329797e-04  -1.8315608e-03
  -1.3316710e-05  -8.3845398e-04  -2.0704588e-04  -1.9216375e-03
  -8.8281470e-05  -9.0212179e-04  -1.4707934e-04  -1.8878587e-03
  -1.0702266e-04  -6.8115705e-04  -1.5082725e-04  -1.7940288e-03
  -2.6819689e-04  -9.8451542e-04  -1.8455843e-04  -1.9629227e-03
  -3.1317575e-04  -9.5829926e-04  -2.4827288e-04  -1.8841055e-03
  -3.3191694e-04  -6.2123441e-04  -3.8694551e-04  -1.9253907e-03
  -2.7569337e-04  -8.0849266e-04  -3.3447479e-04  -2.2181401e-03
  -2.1197332e-04  -8.8339596e-04   2.8370240e-06  -2.1505825e-03
  -4.0313346e-04  -7.4857002e-04   1.1902220e-04  -1.9629227e-03
  -1.3326033e-04  -5.9876342e-04  -3.4642066e-05  -2.1017910e-03
  -1.0327442e-04  -7.5231519e-04  -2.9324779e-04  -2.1618421e-03
  -7.3288518e-05  -9.2459278e-04  -4.2067669e-04  -2.1092973e-03
   1.6762420e-06  -8.3470882e-04  -1.6581888e-04  -2.0567526e-03
  -1.1826737e-04  -7.2984420e-04  -3.8389975e-05  -1.8615863e-03
  -9.2029708e-05  -8.5717981e-04  -2.4827288e-04  -2.0267270e-03
  -2.4195923e-04  -9.0212179e-04  -1.1334816e-04  -2.0454930e-03
  -1.7074271e-04  -7.8227651e-04  -1.0585234e-04  -2.3082168e-03
  -1.6324623e-04  -9.0586695e-04  -2.8949988e-04  -2.4545915e-03
  -1.6324623e-04  -6.5119573e-04  -1.8830634e-04  -2.0304802e-03
  -2.2696628e-04  -6.7741189e-04  -2.5202079e-04  -2.3982935e-03
  -1.1077090e-04  -9.2459278e-04  -1.6207097e-04  -2.3945403e-03
  -2.0719960e-06  -8.3470882e-04  -2.5951661e-04  -2.1017910e-03
  -2.9068632e-04  -9.2459278e-04  -3.4197060e-04  -2.3082168e-03
  -5.4547328e-05  -8.1598299e-04  -1.8081052e-04  -2.3269828e-03
  -1.4825328e-04  -7.5980552e-04  -2.6326452e-04  -2.1017910e-03
  -2.1946980e-04  -8.2347332e-04  -2.2578543e-04  -2.0379866e-03
  -1.1826737e-04  -7.4482486e-04  -1.3958352e-04  -2.1618421e-03
  -4.0313346e-04  -7.1486354e-04  -2.8949988e-04  -1.9816886e-03
  -1.4075680e-04  -8.2347332e-04   5.4253592e-04  -2.0567526e-03
   3.9158622e-05  -7.7478618e-04   3.3946947e-03  -1.8127948e-03
   2.6780114e-04  -7.3733453e-04   6.6628713e-03  -1.5463178e-03
   1.9283638e-04  -7.5606035e-04   8.8104232e-03  -1.8090416e-03
  -4.0688170e-04  -9.0961212e-04   9.2714160e-03  -1.7377308e-03
   2.1532581e-04  -9.1710245e-04   8.2557326e-03  -1.6551605e-03
   1.0249452e-03  -5.2760529e-04   7.7310254e-03  -1.7489904e-03
   1.3210560e-03  -6.4745057e-04   7.8434627e-03  -1.6889393e-03
   1.2910701e-03  -6.2123441e-04   7.0039310e-03  -1.6739265e-03
   2.3031876e-04  -5.2011496e-04   4.8938583e-03  -1.9441567e-03
  -6.4676893e-04  -7.0737321e-04   2.8962228e-03  -1.7377308e-03
  -9.5777946e-05  -8.6467014e-04   3.4846445e-03  -1.7339776e-03
   8.1504389e-04  -9.1335728e-04   3.3647114e-03  -2.2143869e-03
   2.1532581e-04  -5.5007628e-04   1.4900547e-04  -1.9178843e-03
   6.1648050e-05  -5.5756661e-04  -2.5832202e-03  -1.6814329e-03
   1.2723289e-03  -6.6617639e-04  -4.1386024e-03  -2.2444124e-03
   4.4771656e-04  -5.9876342e-04  -7.4180228e-03  -2.5596810e-03
  -1.8199674e-03  -6.2123441e-04  -1.2623868e-02  -2.2706848e-03
  -2.0823441e-03  -7.6355068e-04  -1.5292380e-02  -2.2481656e-03
  -1.2427388e-03  -8.7590563e-04  -1.7406200e-02  -2.6309917e-03
  -1.7112685e-03  -8.3096365e-04  -2.1510161e-02  -2.6797833e-03
  -1.8199674e-03  -8.3470882e-04  -2.5183111e-02  -2.8862091e-03
  -1.2577317e-03  -7.2235387e-04  -2.7784160e-02  -3.6631209e-03
  -1.4563883e-03  -7.9351200e-04  -3.2086760e-02  -4.1735557e-03
  -2.3971961e-03  -9.6578959e-04  -3.8638105e-02  -4.3499560e-03
  -1.4488919e-03  -1.3477964e-03  -3.8390743e-02  -3.8470276e-03
   6.0139432e-04  -1.4489159e-03  -2.8380078e-02  -3.2014777e-03
  -9.3163502e-04  -1.0743994e-03  -1.6596652e-02  -2.5784470e-03
  -2.1648053e-03  -8.2721849e-04  -6.3985915e-03  -1.5988626e-03
  -4.6685351e-04  -9.3208311e-04   4.0955537e-03  -1.1822577e-03
   1.3922725e-03  -1.1642833e-03   1.4451026e-02  -1.2610748e-03
   7.6256856e-04  -9.8451542e-04   2.3704614e-02  -1.7527436e-03
   3.1278000e-04  -8.6092497e-04   2.9937386e-02  -1.9253907e-03
   1.8195717e-03  -8.3845398e-04   3.3085630e-02  -1.8090416e-03
   4.3009052e-03  -1.1043607e-03   3.4030103e-02  -2.0192206e-03
   4.9081198e-03  -1.0144767e-03   3.2186132e-02  -1.6439009e-03
  -7.1423722e-04  -6.5868606e-04   2.8374508e-02  -8.8575512e-04
  -8.4533232e-05  -5.3509562e-04   2.3933236e-02  -1.2272961e-03
  -1.3102071e-03  -6.1374408e-04   1.7651741e-02  -6.6056330e-04
  -7.9670777e-03  -1.2466770e-03   1.0961723e-02   9.7583059e-04
  -2.5321326e-03  -1.6736258e-03   1.5916459e-02  -9.0452111e-04
   8.4877803e-04  -1.5987225e-03   2.2209198e-02  -2.6122257e-03
  -4.6310527e-04  -6.3621507e-04   1.6905907e-02  -1.3924367e-03
   3.1726856e-03  -2.9498340e-05   1.3903832e-02  -1.4750071e-03
   5.5528167e-03  -4.5644715e-04   1.5770290e-02  -2.5183958e-03
   1.2798254e-03  -5.1636979e-04   1.1362749e-02  -2.3532552e-03
  -4.3612728e-03  -4.6019232e-04   3.4434175e-03  -1.5951094e-03
  -3.7315688e-03  -8.6841530e-04   2.2778178e-03  -2.0117142e-03
  -9.4662797e-04  -1.0968704e-03  -1.5038224e-03  -2.2106337e-03
  -8.6041850e-04  -8.2721849e-04  -1.0839864e-02  -1.2986068e-03
  -1.2614800e-03  -2.4297275e-04  -1.4850126e-02  -1.3699175e-03
   2.5655643e-04  -3.2821850e-06  -1.4340411e-02  -2.2031273e-03
  -8.8665616e-04  -7.2609903e-04  -1.6131911e-02  -2.4283191e-03
  -3.0756272e-03  -1.0856349e-03  -1.8399396e-02  -2.4958766e-03
  -1.9174216e-03  -1.2953641e-03  -1.6244348e-02  -2.8674431e-03
   4.8145071e-04  -1.4938579e-03  -1.2957432e-02  -3.5918102e-03
   3.1278000e-04  -7.9725717e-04  -1.4482831e-02  -2.8787027e-03
  -1.1003057e-03  -4.0776001e-04  -1.7897176e-02  -1.4825134e-03
   3.1164620e-03  -7.4482486e-04  -1.0513796e-02  -2.6685237e-03
   4.4920654e-03  -9.3957344e-04  -6.6646931e-03  -3.1114009e-03
  -2.1573088e-03  -6.9613771e-04  -1.4606512e-02  -1.6889393e-03
  -4.2788116e-03  -7.0362804e-04  -1.5959507e-02  -1.1147001e-03
   1.7034695e-04  -1.0369477e-03  -1.1177176e-02  -2.1918677e-03
   1.6396562e-03  -1.2054801e-03  -8.1526130e-03  -3.2840480e-03
  -1.2352423e-03  -9.5080893e-04  -1.0877343e-02  -2.3344892e-03
  -3.8439227e-04  -7.2984420e-04  -8.7560263e-03  -2.4696043e-03
   3.4463070e-03  -1.1717737e-03  -1.4363600e-03  -3.7194189e-03
   2.2768567e-03  -1.5612708e-03  -1.5900243e-03  -3.5129930e-03
  -8.9415264e-04  -1.1230865e-03  -3.4190039e-03  -2.2481656e-03
   2.1157757e-04  -1.0107316e-03  -1.0203421e-03  -1.6926925e-03
   1.5946774e-03  -1.3815029e-03   3.2447783e-03  -2.1505825e-03
  -1.1977599e-03  -1.0781445e-03   2.4951965e-03  -1.3323856e-03
  -2.7082998e-03  -9.9575091e-04   2.0267079e-03  -8.2195078e-04
  -3.6565108e-04  -1.0556735e-03   7.2363014e-03  -1.6776797e-03
   7.3258265e-04  -8.9463146e-04   1.0032242e-02  -2.2819444e-03
   1.1787162e-04  -9.8451542e-04   8.5030946e-03  -2.1580889e-03
   2.0417432e-05  -1.0219671e-03   8.3906574e-03  -1.7677564e-03
   2.5280819e-04  -9.7327992e-04   9.6874339e-03  -2.3607615e-03
   1.6659871e-04  -1.0669090e-03   8.3569262e-03  -2.3982935e-03
  -3.6939932e-04  -9.0586695e-04   7.4574280e-03  -2.0529994e-03
  -1.2989623e-03  -9.1335728e-04   5.8758104e-03  -1.9929482e-03
  -1.8537016e-03  -9.3957344e-04   3.0798703e-03  -1.5763434e-03
  -1.9848899e-03  -5.2760529e-04   3.2372825e-03  -1.7677564e-03
  -1.5950731e-03  -7.4857002e-04   5.0812537e-03  -1.7189649e-03
  -1.3316710e-05  -5.7254727e-04   6.2431055e-03  -2.2781912e-03
  -1.3326033e-04  -3.6281803e-04   4.8901104e-03  -2.5972130e-03
  -1.3476894e-03  -3.9652451e-04   3.0461391e-03  -1.5237986e-03
  -5.7930065e-04  -2.9915022e-04   4.3354198e-03  -1.7264713e-03
   6.9144526e-05  -7.0362804e-04   5.7221462e-03  -2.2369060e-03
  -3.0567927e-04  -5.3135045e-04   4.4928320e-03  -2.1768549e-03
   7.6641002e-05  -8.1223783e-04   3.3609635e-03  -2.1318165e-03
   7.5132384e-04  -9.5080893e-04   3.8481917e-03  -1.9441567e-03
   3.2777295e-04  -4.5644715e-04   3.9981080e-03  -2.0342334e-03
  -3.4316165e-04  -7.9351200e-04   2.1316493e-03  -1.7827692e-03
  -7.3288518e-05  -8.8339596e-04   6.2873783e-04  -1.4112027e-03
   6.9135203e-04  -6.6992156e-04  -7.9616974e-05  -1.5575774e-03
   6.5012142e-04  -3.8154385e-04  -7.2050941e-04  -1.5425646e-03
   1.8908814e-04  -2.9165989e-04  -1.4850828e-03  -1.4449815e-03
   5.0768837e-04  -6.2872474e-04  -3.0854400e-03  -1.7227181e-03
   1.1973642e-03  -6.1748925e-04  -2.5757244e-03  -1.9028715e-03
   6.8385556e-04  -8.0849266e-04  -3.6588701e-03  -2.1130505e-03
  -3.2816870e-04  -1.0182219e-03  -2.9017925e-03  -2.1693485e-03
  -6.9540280e-05  -8.7965080e-04  -2.3808331e-03  -1.9629227e-03
   6.6511437e-04  -9.6953476e-04  -5.8026740e-03  -2.0342334e-03
   1.0961617e-03  -8.6467014e-04  -2.4183122e-03  -2.1505825e-03
   8.2628860e-04  -7.0362804e-04  -4.0936275e-03  -2.1843613e-03
   8.9375689e-04  -6.8864738e-04  -4.5696120e-03  -2.2856976e-03
   3.9149299e-04  -7.7853134e-04  -1.4288642e-03  -2.3532552e-03
  -9.5777946e-05  -1.1567930e-03  -5.4053957e-03  -2.2856976e-03
  -3.9554376e-05  -1.3515416e-03  -3.9437112e-03  -2.1993741e-03
  -1.7862333e-03  -1.4002287e-03  -5.0043694e-03  -1.8803523e-03
  -1.3589342e-03  -1.0069864e-03  -7.0582235e-03  -1.7152117e-03
   5.4891899e-04  -8.3845398e-04  -3.5014579e-03  -2.4283191e-03
   3.8024828e-04  -9.9200575e-04  -2.8118426e-03  -2.7961324e-03
  -3.9938522e-04  -6.7741189e-04  -5.6152786e-03  -2.1205569e-03
  -8.9790088e-04  -7.4857002e-04  -5.6902367e-03  -2.1918677e-03
  -5.4931474e-04  -8.9837662e-04  -3.8162822e-03  -2.6309917e-03
  -7.2548193e-04  -9.4706377e-04  -4.7982344e-03  -2.4095531e-03
  -1.8087227e-03  -1.0332026e-03  -4.6820492e-03  -2.4433319e-03
  -1.4526401e-03  -9.6953476e-04  -3.7900469e-03  -2.5784470e-03
  -4.4811232e-04  -8.3096365e-04  -2.1934376e-03  -2.4771107e-03
  -4.6310527e-04  -8.1972816e-04  -1.7886635e-03  -2.1881145e-03
  -3.7689580e-04  -7.8227651e-04  -2.2009335e-03  -2.2068805e-03
  -7.0674074e-04  -7.4857002e-04   5.8001501e-04  -2.5596810e-03
  -6.8425131e-04  -8.9837662e-04   2.8587437e-03  -2.4133063e-03
  -1.4450504e-04  -9.1335728e-04   2.3452801e-03  -2.0154674e-03
  -3.6190284e-04  -9.6578959e-04   2.8400041e-03  -1.8953651e-03
  -4.0313346e-04  -7.7104101e-04   5.6434401e-03  -1.9891950e-03
  -4.5560879e-04  -8.3845398e-04   5.6134568e-03  -2.0605058e-03
   1.3286457e-04  -9.3582827e-04   4.8376396e-03  -1.7264713e-03
   9.9121107e-04  -6.9613771e-04   7.1650911e-03  -1.5913562e-03
   3.4276590e-04  -7.0737321e-04   5.5909693e-03  -1.9704291e-03
  -5.4556651e-04  -7.4482486e-04   3.8369479e-03  -1.6589137e-03
  -1.8948390e-04  -9.7327992e-04   5.2086826e-03  -1.4374751e-03
   6.6136613e-04  -9.0961212e-04   3.9044103e-03  -1.8803523e-03
   3.9149299e-04  -9.4706377e-04   3.8894187e-03  -1.9929482e-03
  -2.6070042e-04  -9.5080893e-04   7.9364582e-04  -1.7114585e-03
   5.9014961e-04  -6.6617639e-04   2.2853136e-03  -1.6401477e-03
   8.3003684e-04  -1.0669090e-03   4.6427484e-03  -1.9854418e-03
  -1.3326033e-04  -9.9575091e-04  -1.6162597e-03  -1.8916119e-03
  -2.9443456e-04  -7.4482486e-04   5.8376292e-04  -1.7940288e-03
  -3.2057900e-05  -8.8714113e-04   9.8853709e-04  -2.0042078e-03
   4.7020599e-04  -6.2497958e-04  -5.7434096e-04  -2.0267270e-03
   4.5146480e-04  -8.1972816e-04  -7.9616974e-05  -1.8953651e-03
  -1.0702266e-04  -8.7216047e-04  -2.4108164e-03  -1.9141311e-03
  -3.1317575e-04  -6.1374408e-04  -1.5075703e-03  -2.1881145e-03
  -4.8184646e-04  -7.6729585e-04  -2.3208666e-03  -2.1243101e-03
  -4.4811232e-04  -8.1598299e-04  -3.1079274e-03  -2.0229738e-03
  -2.0072861e-04  -8.6841530e-04  -3.2353564e-03  -2.0417398e-03
  -2.0072861e-04  -8.0474750e-04  -3.2016252e-03  -2.3870339e-03
  -4.6685351e-04  -9.3208311e-04  -3.2053731e-03  -2.4057999e-03
  -6.2802774e-04  -8.6467014e-04  -3.6963492e-03  -2.0717654e-03
  -6.0928655e-04  -7.2609903e-04  -2.9280278e-03  -2.3269828e-03
  -5.8304889e-04  -1.0818897e-03  -2.1522107e-03  -2.5746938e-03
  -8.6416674e-04  -1.0032412e-03  -2.4707829e-03  -2.5296554e-03
  -7.8170550e-04  -7.8976684e-04  -2.6281951e-03  -2.2669316e-03
  -2.9443456e-04  -6.1748925e-04  -1.8561258e-03  -2.1693485e-03
  -1.8198742e-04  -5.4633111e-04  -1.8486300e-03  -2.3419956e-03
  -4.1437818e-04  -8.1223783e-04  -1.4363600e-03  -2.4470851e-03
  -7.7420902e-04  -7.9351200e-04  -1.0240900e-03  -2.3344892e-03
  -4.0313346e-04  -7.5606035e-04  -9.6037559e-04  -2.4095531e-03
   5.4151574e-05  -8.3845398e-04  -5.4810560e-04  -2.4433319e-03
  -1.4450504e-04  -7.7104101e-04  -1.6956679e-04  -2.3269828e-03
  -2.1197332e-04  -7.8227651e-04  -8.3364883e-05  -2.3382424e-03
   2.0417432e-05  -7.3733453e-04   3.8137583e-04  -2.1318165e-03
  -1.7823918e-04  -7.7853134e-04   2.1271993e-04  -2.1468293e-03
  -5.0808413e-04  -8.8714113e-04   5.8376292e-04  -2.1618421e-03
  -2.9818280e-04  -8.6467014e-04   1.0035287e-03  -2.1655953e-03
  -2.7569337e-04  -9.8451542e-04   7.8615000e-04  -2.2068805e-03
  -1.2576385e-04  -9.5080893e-04   1.8055813e-03  -1.9854418e-03
  -3.2057900e-05  -6.7366672e-04   5.0880474e-04  -1.9554163e-03
   2.4156347e-04  -6.1748925e-04   1.9442539e-03  -1.9291439e-03
   4.5521304e-04  -8.0474750e-04   2.2590782e-03  -1.8991183e-03
  -6.9540280e-05  -7.7478618e-04  -4.2137884e-05  -2.1618421e-03
  -6.9540280e-05  -7.2609903e-04   4.4883819e-04  -1.9554163e-03
  -9.2029708e-05  -9.3957344e-04  -8.3669459e-04  -1.7827692e-03
  -5.4547328e-05  -8.1972816e-04   1.0859827e-03  -2.3269828e-03
   6.1648050e-05  -6.9613771e-04   9.3231846e-04  -2.1130505e-03
   1.6285048e-04  -8.2721849e-04  -1.5188140e-03  -1.7077053e-03
   2.8279409e-04  -7.9351200e-04  -3.7944969e-04  -2.0229738e-03
  -2.1197332e-04  -9.7327992e-04  -5.3381611e-05  -2.0417398e-03
  -3.3566518e-04  -9.6578959e-04  -7.6548432e-04  -2.0417398e-03
  -3.2442046e-04  -8.3845398e-04  -1.0016026e-03  -2.1655953e-03
  -2.8318985e-04  -9.2459278e-04  -5.8933260e-04  -1.9404035e-03
  -1.9323213e-04  -6.9613771e-04  -1.5975201e-03  -1.8765991e-03
  -7.7036756e-05  -7.1486354e-04  -1.8261426e-03  -1.9479099e-03
   1.4785752e-04  -8.3470882e-04  -1.2039897e-03  -1.9216375e-03
  -2.9443456e-04  -7.8227651e-04  -1.1290315e-03  -1.9441567e-03
  -7.2173369e-04  -8.1598299e-04  -7.3550105e-04  -1.8690927e-03
  -6.7675484e-04  -6.6992156e-04  -3.6820597e-04  -1.9479099e-03
  -3.8439227e-04  -7.2984420e-04   4.4064023e-05  -1.9253907e-03
  -3.2816870e-04  -7.7853134e-04   2.0897202e-04  -1.9479099e-03
  -5.0433589e-04  -6.5119573e-04   5.5307750e-05  -2.1205569e-03
  -3.7314756e-04  -7.2984420e-04   7.1868764e-04  -1.9741823e-03
  -5.9429360e-04  -8.7216047e-04   6.5872110e-04  -2.0004546e-03
  -5.6430770e-04  -8.6841530e-04   6.9620019e-04  -2.1655953e-03
  -1.6324623e-04  -8.6467014e-04   1.3108573e-03  -2.1956209e-03
  -1.6699447e-04  -9.5080893e-04   1.1347055e-03  -2.0192206e-03
  -2.9068632e-04  -8.5717981e-04   8.7609982e-04  -2.0417398e-03
  -4.7060175e-04  -9.0961212e-04   3.8512374e-04  -2.0267270e-03
  -2.7569337e-04  -1.0706542e-03   1.4083029e-03  -1.9103779e-03
  -1.1077090e-04  -8.6467014e-04   1.0597474e-03  -2.1693485e-03
  -8.0784994e-05  -8.6841530e-04   1.3445884e-03  -1.9591695e-03
  -1.8573566e-04  -9.4331860e-04   4.8256938e-04  -1.9704291e-03
  -2.4570747e-04  -8.0474750e-04   8.2737700e-04  -2.1243101e-03
  -1.7823918e-04  -9.2084761e-04   8.4986446e-04  -2.0492462e-03
  -2.6444866e-04  -7.7104101e-04   9.2107473e-04  -2.3532552e-03
   5.4151574e-05  -9.0961212e-04   6.8802500e-03  -2.1843613e-03
   1.2920956e-05  -1.0519284e-03  -1.4101247e-03  -1.8127948e-03
  -2.1946980e-04  -8.0100233e-04  -2.6919095e-03  -1.9629227e-03
  -4.5560879e-04  -1.3028544e-03   2.9374498e-03  -1.8690927e-03
  -1.3316710e-05  -1.1418123e-03  -2.1484627e-03  -1.7940288e-03
   1.0662691e-04  -9.6204443e-04   9.5480591e-04  -2.1168037e-03
  -6.1303479e-04  -1.1043607e-03  -2.1828961e-04  -1.9404035e-03
  -1.2201561e-04  -7.6729585e-04  -1.4513517e-03  -2.0942846e-03
   2.1907405e-04  -1.0669090e-03  -8.9666114e-04  -2.2256465e-03
   3.1278000e-04  -7.8227651e-04  -2.1334711e-03  -2.0042078e-03
  -2.6070042e-04  -5.8752793e-04  -1.3576539e-03  -2.0117142e-03
  -5.7180417e-04  -7.4857002e-04  -2.1784460e-03  -1.9854418e-03
  -8.4533232e-05  -6.7366672e-04  -1.4363600e-03  -2.1843613e-03
  -3.8814051e-04  -9.0961212e-04  -1.9273361e-03  -1.9328971e-03
  -4.7434998e-04  -8.0100233e-04  -1.7924114e-03  -2.1956209e-03
  -3.9563699e-04  -8.2721849e-04  -2.0397734e-03  -2.2819444e-03
  -1.3700856e-04  -7.2609903e-04  -2.3770852e-03  -1.8765991e-03
   1.6669194e-05  -6.9239255e-04  -2.2833875e-03  -2.3044636e-03
  -9.9526184e-05  -8.7216047e-04  -1.8898570e-03  -2.1243101e-03
  -4.3311937e-04  -7.6729585e-04  -1.1627627e-03  -2.1806081e-03
  -1.7074271e-04  -7.7104101e-04  -1.0953003e-03  -2.2932040e-03
   2.1157757e-04  -8.4968948e-04  -9.0040905e-04  -2.1580889e-03
  -2.4195923e-04  -7.7478618e-04  -1.2602083e-03  -2.4733575e-03
  -3.3191694e-04  -8.1598299e-04  -7.9546759e-04  -2.1430761e-03
  -1.9698037e-04  -1.0107316e-03  -6.5304705e-04  -2.0980378e-03
  -1.5574975e-04  -7.2609903e-04  -1.1334816e-04  -1.9741823e-03
  -3.1317575e-04  -6.0625375e-04   6.6621692e-04  -1.7752628e-03
  -5.8295566e-05  -8.6841530e-04   9.3981427e-04  -2.0079610e-03
   1.6659871e-04  -9.6578959e-04   1.3670759e-03  -1.9854418e-03
   1.6762420e-06  -7.8602167e-04   6.6996483e-04  -2.2181401e-03
   2.4165670e-05  -7.4482486e-04   1.2808740e-03  -2.0605058e-03
   4.6655098e-05  -9.1710245e-04   1.0335120e-03  -2.1956209e-03
   8.7885716e-05  -7.7104101e-04   1.2021679e-03  -2.3119700e-03
  -3.4690989e-04  -8.7965080e-04   3.9261956e-04  -1.8615863e-03
  -2.1572156e-04  -7.7104101e-04  -2.0329797e-04  -2.2894508e-03
   4.4022009e-04  -6.8864738e-04   2.3827592e-03  -2.3307360e-03
   2.0417432e-05  -9.6204443e-04   8.5291022e-05  -2.1130505e-03
   2.4165670e-05  -7.7478618e-04   7.6972942e-03  -2.3757743e-03
   1.2161986e-04  -8.8339596e-04   4.1105453e-03  -2.2969572e-03
  -1.5200152e-04  -9.6204443e-04  -7.8302928e-03  -2.1881145e-03
  -1.2951209e-04  -6.9988288e-04   2.2440866e-03  -2.3457488e-03
  -5.3057355e-04  -7.5231519e-04   1.0403057e-04  -2.3307360e-03
   4.2906860e-05  -7.4482486e-04  -1.7062095e-03  -2.3945403e-03
