  -2.2321804e-04  -6.9613771e-04  -7.9616974e-05  -1.9066247e-03
  -7.3288518e-05  -6.2872474e-04  -3.6071015e-04  -2.1430761e-03
   1.1412338e-04  -7.0362804e-04  -1.5082725e-04  -1.7902756e-03
  -2.4195923e-04  -8.3096365e-04  -1.2084397e-04  -1.9366503e-03
  -2.0447685e-04  -7.7853134e-04  -1.6207097e-04  -2.0229738e-03
   6.9144526e-05  -9.2084761e-04   4.4064023e-05  -1.7677564e-03
  -9.5777946e-05  -7.2609903e-04  -1.6581888e-04  -1.9554163e-03
  -5.8295566e-05  -8.4594431e-04  -2.2203752e-04  -2.0117142e-03
  -1.2201561e-04  -1.1155962e-03  -3.4642066e-05  -2.0417398e-03
  -3.0193104e-04  -7.5980552e-04  -7.2121156e-05  -2.0567526e-03
  -1.4075680e-04  -8.7216047e-04  -5.3381611e-05  -1.8540799e-03
  -3.3566518e-04  -8.7216047e-04  -3.1198733e-04  -1.9704291e-03
  -3.9188875e-04  -7.2984420e-04  -2.7825615e-04  -2.1055441e-03
  -2.6070042e-04  -6.8115705e-04   1.0332842e-05  -2.1055441e-03
  -3.1317575e-04  -8.0474750e-04   2.8370240e-06  -2.1393229e-03
  -3.8814051e-04  -9.5455410e-04  -7.9616974e-05  -2.1468293e-03
  -2.9443456e-04  -9.5455410e-04  -4.3192042e-04  -2.1280633e-03
  -1.2576385e-04  -9.9200575e-04  -2.1079379e-04  -1.8765991e-03
  -2.8693808e-04  -9.0212179e-04  -2.7146248e-05  -2.1130505e-03
  -1.7823918e-04  -9.9949608e-04  -2.1079379e-04  -2.3720211e-03
  -2.2696628e-04  -8.2347332e-04  -8.3364883e-05  -2.0492462e-03
  -1.4450504e-04  -7.1860870e-04  -9.4608610e-05  -2.1655953e-03
  -5.0799090e-05  -9.4331860e-04  -9.8356519e-05  -2.3232296e-03
  -2.9443456e-04  -9.2084761e-04  -1.0210443e-04  -2.2218933e-03
  -5.8202340e-06  -6.2872474e-04  -1.0210443e-04  -2.2819444e-03
  -1.0702266e-04  -9.2833794e-04  -1.3958352e-04  -2.2331528e-03
  -3.8064403e-04  -1.1642833e-03  -1.7706261e-04  -2.0642590e-03
  -2.6070042e-04  -7.1111837e-04  -2.2953333e-04  -2.2669316e-03
  -5.4547328e-05  -7.5606035e-04  -2.5576870e-04  -2.1768549e-03
  -1.6324623e-04  -7.8976684e-04  -1.6207097e-04  -2.0192206e-03
  -2.2321804e-04  -7.8227651e-04  -1.1709606e-04  -2.2744380e-03
   1.4785752e-04  -8.1972816e-04  -2.4827288e-04  -2.1768549e-03
  -1.1077090e-04  -7.3733453e-04  -1.5832306e-04  -2.2369060e-03
  -2.0447685e-04  -1.0032412e-03   1.5650129e-04  -2.1918677e-03
  -2.0813186e-05  -1.0144767e-03  -3.0894157e-05  -2.0905314e-03
  -1.0327442e-04  -6.9988288e-04  -1.9650430e-05  -2.0980378e-03
  -2.4561424e-05  -7.2235387e-04   9.6534749e-05  -2.0417398e-03
  -6.9540280e-05  -7.8602167e-04  -1.2833979e-04  -2.1130505e-03
  -6.2043804e-05  -7.2235387e-04  -3.0449151e-04  -1.7677564e-03
   2.7913908e-05  -8.1972816e-04  -1.8081052e-04  -2.0417398e-03
   3.1662146e-05  -7.1860870e-04   2.5394693e-04  -2.3720211e-03
  -1.0702266e-04  -6.3996024e-04   2.3145947e-04  -1.9366503e-03
   3.1662146e-05  -7.1486354e-04  -1.9650430e-05  -1.9629227e-03
   1.9658462e-04  -5.6131177e-04  -3.0894157e-05  -1.9554163e-03
   9.1727180e-06  -7.6729585e-04  -1.9955006e-04  -1.9479099e-03
  -1.0327442e-04  -1.0594187e-03  -2.2203752e-04  -2.0304802e-03
  -2.0447685e-04  -9.4706377e-04  -4.9633702e-05  -2.1017910e-03
   1.1037514e-04  -7.4107969e-04  -5.3381611e-05  -2.1092973e-03
   6.9144526e-05  -5.6505694e-04  -1.9580215e-04  -1.9066247e-03
  -2.7569337e-04  -7.1486354e-04  -2.6701242e-04  -1.8615863e-03
  -1.2576385e-04  -6.5119573e-04  -6.8373247e-05  -1.7189649e-03
  -1.6699447e-04  -7.9351200e-04  -1.6581888e-04  -1.8803523e-03
  -6.2043804e-05  -9.4331860e-04  -7.9616974e-05  -1.9028715e-03
  -2.8309662e-05  -6.4370540e-04  -1.2154612e-05  -1.8015352e-03
  -2.3821099e-04  -9.1335728e-04  -3.0074361e-04  -1.9967014e-03
  -2.5320394e-04  -8.3470882e-04  -2.2203752e-04  -1.9404035e-03
  -1.4075680e-04  -7.5980552e-04  -1.8455843e-04  -1.9779355e-03
  -1.6699447e-04  -8.5717981e-04  -1.8081052e-04  -2.1205569e-03
  -4.6685351e-04  -5.4258595e-04  -2.3702915e-04  -2.0830250e-03
  -3.8814051e-04  -7.6355068e-04  -1.5832306e-04  -2.0642590e-03
  -2.2696628e-04  -1.0144767e-03  -1.0585234e-04  -2.0567526e-03
  -3.7314756e-04  -9.8077025e-04  -2.4077706e-04  -1.9253907e-03
  -3.3566518e-04  -9.8451542e-04  -2.0329797e-04  -2.0492462e-03
  -2.1572156e-04  -8.6467014e-04  -2.2578543e-04  -1.9704291e-03
  -2.7569337e-04  -9.4706377e-04  -1.5832306e-04  -2.0154674e-03
  -4.6685351e-04  -1.0519284e-03  -1.1334816e-04  -2.3495020e-03
  -2.8318985e-04  -7.9725717e-04  -4.5815578e-04  -1.8127948e-03
  -5.0799090e-05  -7.5231519e-04  -2.6701242e-04  -1.9141311e-03
  -3.5815461e-04  -7.4857002e-04  -2.0329797e-04  -2.4095531e-03
  -3.0193104e-04  -7.4857002e-04  -4.5440787e-04  -1.9328971e-03
  -2.0072861e-04  -1.0107316e-03  -1.3208770e-04  -1.8165480e-03
  -3.5065813e-04  -9.2084761e-04  -3.1573524e-04  -1.9854418e-03
  -2.0072861e-04  -8.4594431e-04  -2.5202079e-04  -2.2068805e-03
  -4.0688170e-04  -9.4706377e-04  -1.9580215e-04  -2.2669316e-03
  -3.3191694e-04  -6.7741189e-04  -4.0943297e-04  -1.9216375e-03
  -2.2696628e-04  -9.0961212e-04  -2.1454170e-04  -2.0304802e-03
  -4.3311937e-04  -1.1979898e-03  -1.8455843e-04  -2.0267270e-03
  -1.0327442e-04  -7.1860870e-04  -1.2459188e-04  -1.9028715e-03
  -1.5949799e-04  -8.3470882e-04  -4.0568506e-04  -2.0229738e-03
  -2.4945570e-04  -9.9949608e-04  -4.6190369e-04  -1.7489904e-03
  -8.4533232e-05  -7.5606035e-04  -1.4707934e-04  -1.6964457e-03
  -2.8693808e-04  -7.9725717e-04  -1.3208770e-04  -2.0267270e-03
  -2.4570747e-04  -8.6092497e-04  -2.1828961e-04  -2.0229738e-03
  -2.2696628e-04  -8.8714113e-04  -2.5202079e-04  -1.8765991e-03
  -3.8439227e-04  -8.1598299e-04  -1.0960025e-04  -2.0192206e-03
  -3.1317575e-04  -8.4219915e-04  -6.8373247e-05  -1.9516631e-03
  -1.7064948e-05  -9.2833794e-04  -1.0960025e-04  -1.7715096e-03
   1.4785752e-04  -8.0474750e-04  -1.6956679e-04  -2.1055441e-03
  -6.2043804e-05  -7.8227651e-04  -2.8575197e-04  -2.2106337e-03
  -1.0702266e-04  -9.4706377e-04  -1.8830634e-04  -2.1768549e-03
  -1.2951209e-04  -9.3957344e-04  -6.8373247e-05  -2.0605058e-03
  -2.2696628e-04  -8.9463146e-04  -1.4707934e-04  -1.7940288e-03
  -6.5792042e-05  -8.6092497e-04  -2.2203752e-04  -1.9291439e-03
   1.6669194e-05  -8.3096365e-04  -1.0210443e-04  -1.9816886e-03
  -1.2576385e-04  -7.7478618e-04   4.0316114e-05  -2.1280633e-03
  -1.4075680e-04  -6.7741189e-04  -1.1709606e-04  -2.0755186e-03
  -1.0702266e-04  -8.4968948e-04  -1.8455843e-04  -1.9666759e-03
  -3.7689580e-04  -1.0069864e-03   2.8370240e-06  -2.2744380e-03
  -3.3566518e-04  -9.5455410e-04  -1.1334816e-04  -2.0755186e-03
  -1.0702266e-04  -8.7965080e-04  -1.9205424e-04  -2.0267270e-03
  -1.8573566e-04  -9.9949608e-04   2.1576569e-05  -2.1731017e-03
  -9.2029708e-05  -9.8451542e-04  -4.5885793e-05  -1.9816886e-03
  -1.1826737e-04  -8.1972816e-04  -2.1079379e-04  -2.2143869e-03
  -1.6699447e-04  -7.5980552e-04  -2.1454170e-04  -2.1580889e-03
  -6.9540280e-05  -7.6729585e-04  -7.5869065e-05  -2.0942846e-03
  -1.1826737e-04  -9.5080893e-04  -1.4333143e-04  -2.2856976e-03
  -1.9698037e-04  -9.1335728e-04  -2.8949988e-04  -2.0342334e-03
  -2.4570747e-04  -8.0100233e-04  -2.1079379e-04  -2.2068805e-03
  -1.1077090e-04  -8.1598299e-04  -2.7450824e-04  -1.9704291e-03
  -8.0784994e-05  -8.7965080e-04  -2.2578543e-04  -2.0304802e-03
  -6.9540280e-05  -7.0737321e-04  -2.1454170e-04  -2.2932040e-03
  -6.9540280e-05  -6.2872474e-04  -4.6587940e-06  -1.6288881e-03
  -2.6444866e-04  -8.0849266e-04  -3.1948315e-04  -2.2819444e-03
  -2.3071451e-04  -8.1972816e-04  -2.4452497e-04  -2.7623536e-03
  -2.6444866e-04  -9.0212179e-04  -1.2154612e-05  -2.3907871e-03
  -2.1197332e-04  -7.2984420e-04  -4.7314742e-04  -2.3532552e-03
  -3.5806138e-05  -7.7478618e-04   2.5019902e-04  -1.9366503e-03
  -5.4547328e-05  -7.5980552e-04  -1.9580215e-04  -2.3682679e-03
   1.7409519e-04  -5.5756661e-04   4.4064023e-05  -2.7398344e-03
   1.2920956e-05  -8.3096365e-04   8.5291022e-05  -1.9141311e-03
  -2.7944161e-04  -7.5231519e-04  -7.5424059e-04  -1.5313050e-03
  -5.0799090e-05  -6.3621507e-04   2.5019902e-04  -2.0717654e-03
  -3.9554376e-05  -6.0625375e-04   1.6774502e-04  -2.2969572e-03
  -4.7050852e-05  -5.8378276e-04  -3.1573524e-04  -1.3023600e-03
  -1.2951209e-04  -6.5119573e-04   4.4064023e-05  -1.2460620e-03
   1.2920956e-05  -6.4745057e-04   2.4270320e-04  -2.0417398e-03
  -5.4547328e-05  -8.1598299e-04  -3.8319760e-04  -1.9591695e-03
  -4.7809822e-04  -8.3470882e-04   3.6638420e-04  -2.1243101e-03
  -1.1826737e-04  -7.3733453e-04  -9.1088500e-07  -2.2556720e-03
  -5.4547328e-05  -5.6880210e-04  -4.9188696e-04  -2.2181401e-03
  -2.4561424e-05  -6.9239255e-04   2.5769484e-04  -2.5784470e-03
   1.2920956e-05  -9.0212179e-04  -3.7944969e-04  -2.5671874e-03
  -3.2067223e-04  -9.6578959e-04  -6.4625338e-05  -2.0942846e-03
  -1.1451914e-04  -8.7965080e-04  -1.9955006e-04  -1.9666759e-03
  -1.7064948e-05  -7.4857002e-04  -4.5440787e-04  -2.2481656e-03
  -1.0327442e-04  -8.7590563e-04  -5.6309724e-04  -2.2256465e-03
  -1.8198742e-04  -6.0999892e-04  -6.0432423e-04  -2.0042078e-03
  -7.3288518e-05  -6.8864738e-04  -8.5168623e-04  -2.0755186e-03
   7.6641002e-05  -9.7327992e-04  -5.2187024e-04  -1.9929482e-03
  -3.5815461e-04  -7.7478618e-04  -2.5951661e-04  -1.9704291e-03
  -4.1437818e-04  -7.5231519e-04  -3.6820597e-04  -2.3832807e-03
  -1.2201561e-04  -9.2084761e-04   2.3895529e-04  -2.5446682e-03
   6.9144526e-05  -1.0332026e-03  -1.0728129e-03  -2.5108894e-03
  -1.7064948e-05  -9.2084761e-04   6.6141485e-03  -1.9591695e-03
  -9.9526184e-05  -8.6841530e-04   2.0994875e-02  -1.3549047e-03
   3.6900357e-04  -8.6467014e-04   2.5900888e-02  -1.3811771e-03
   3.2777295e-04  -8.0849266e-04   3.1800097e-02  -8.3696356e-04
   2.4905995e-04  -7.6729585e-04   4.1694577e-02  -6.7558178e-05
   1.4785752e-04  -6.7366672e-04   4.1803266e-02  -1.8015409e-04
   2.6780114e-04  -5.7629243e-04   4.0056741e-02  -2.2519245e-04
   1.8195717e-03  -5.2386012e-04   3.8565073e-02  -8.2945717e-04
   3.4275658e-03  -4.0401484e-04   3.2463477e-02  -1.1785045e-03
   2.0107318e-03  -1.7930494e-04   3.1260398e-02   3.1151472e-04
   2.2318779e-03  -2.2008010e-05   2.1984323e-02  -6.5305691e-04
   5.6840050e-03  -6.3204825e-05   3.6195692e-03  -2.1092973e-03
   4.8256585e-03   3.0756651e-04  -2.0464494e-02  -1.4599943e-03
   2.0669554e-03   9.8918654e-04  -6.6443842e-02  -1.5838498e-03
  -2.3297278e-03   3.9370530e-04  -1.2055990e-01  -3.3553588e-03
  -8.0570355e-03  -7.6355068e-04  -1.6650926e-01  -6.7257297e-03
  -5.1109204e-03  -1.6399193e-03  -1.8923658e-01  -8.4934854e-03
  -2.6220904e-03  -2.4863266e-03  -1.6327482e-01  -1.0032296e-02
  -3.5291640e-03  -2.5986815e-03  -1.1002453e-01  -1.0291267e-02
   1.0354310e-02  -1.8608840e-03  -6.9888170e-02  -7.4763691e-03
   1.2940594e-02  -2.0256713e-03  -2.3432838e-02  -7.6002246e-03
   2.0594589e-03  -2.3028135e-03   6.2393576e-03  -7.5551862e-03
   3.3226151e-03  -1.6511548e-03   4.5677902e-03  -1.3886835e-03
  -1.6400520e-03  -3.3477145e-03   2.3449756e-02   2.7773651e-03
  -5.3545559e-03  -4.0892572e-03   5.2406101e-02  -5.0668223e-04
  -8.3568945e-03  -3.3701855e-03   7.7738218e-02  -2.7360812e-03
  -1.3743113e-02  -3.8046247e-03   8.1201286e-02   1.9516561e-04
   2.6404358e-03  -2.7859398e-03   7.6621341e-02   2.4921222e-03
   1.0163149e-02  -1.6099580e-03   8.7838832e-02   1.0546477e-03
  -9.5600789e-03   7.5698631e-04   8.2801643e-02   7.8816505e-05
  -1.2270055e-02   2.4273299e-03   6.4256989e-02   1.4637462e-03
   3.1662146e-05   4.4613761e-04   4.6814220e-02   2.4658498e-03
   9.0949016e-03  -2.0552110e-04   3.5311888e-02   1.0584009e-03
  -4.0464208e-03   2.8392980e-03   1.2921879e-02   3.2877999e-03
  -3.9557228e-02   3.1988339e-03   1.2171595e-03   8.0280878e-03
  -1.7660021e-02  -7.2609903e-04   4.6053395e-02  -2.6272385e-03
   2.6396768e-02  -2.9694529e-03   7.6954905e-02  -1.3676651e-02
   3.8811026e-03  -1.8047066e-03   2.4975155e-02  -4.2411189e-04
  -1.0579600e-02   3.2362855e-03  -3.2428522e-03   7.1911248e-03
   2.3083326e-02   4.4197577e-03   4.1147382e-02  -6.6881977e-03
   1.4867188e-02   4.9856992e-04   2.2955032e-02  -7.1348281e-03
  -2.5557559e-02   6.8957334e-04  -2.0977958e-02   5.3558115e-03
  -1.2697354e-02  -9.2084761e-04   5.1149849e-03   1.1034393e-03
   8.3677435e-03  -5.3963198e-03   9.4475677e-03  -7.2586836e-03
  -1.0980661e-02  -2.4189136e-03  -2.2447138e-02  -9.9084464e-04
  -1.2273803e-02   9.4424456e-04  -3.1389649e-02   2.3570071e-03
   1.4278715e-02  -2.0144358e-03  -2.6123837e-02  -5.6297961e-03
   1.3090523e-02  -1.2878738e-03  -3.0006670e-02  -5.9488179e-03
  -8.3194121e-03  -7.1486354e-04  -4.6624899e-02  -3.3403516e-04
  -1.7000238e-03  -4.0742765e-03  -3.7779834e-02  -5.8775071e-03
   5.5977956e-03  -3.5649341e-03  -1.6652871e-02  -1.1398460e-02
  -3.1093613e-03  -1.7372936e-03  -3.6910319e-02  -6.8946235e-03
   1.0174487e-03  -9.0212179e-04  -5.0211648e-02  -1.9178843e-03
   4.3421358e-03  -5.0513430e-04  -3.1696977e-02  -2.4395787e-03
   1.4638546e-02  -1.7223129e-03  -9.2957252e-03  -8.7074177e-03
   1.9443787e-02  -1.6062128e-03  -1.2245330e-02  -8.5084982e-03
  -1.2243817e-02   1.3899192e-03  -6.7594450e-02   3.3028127e-03
  -2.0950974e-02   1.7981422e-03  -7.2725337e-02   5.5734969e-03
   5.3204260e-03  -1.6062128e-03  -2.3927562e-02  -6.2866056e-03
  -5.0434521e-03  -2.6998010e-03  -3.6112014e-02  -5.9938562e-03
  -2.2757625e-02   5.6640455e-05  -5.9765068e-02   4.2748908e-03
   1.1257635e-02   1.1352480e-03  -2.8218918e-02  -1.7339776e-03
   3.0062545e-02   1.6899540e-04   5.1974389e-03  -9.7320405e-03
  -5.7218832e-03   8.5436060e-04  -3.5651723e-03  -2.3907871e-03
  -8.7392148e-03  -2.6918890e-04   7.1800828e-03  -1.3023600e-03
   1.9057718e-02  -4.2540445e-03   4.2421671e-02  -9.1390353e-03
   1.3360490e-03  -4.3701446e-03   3.4802172e-02  -5.3595659e-03
  -1.5129961e-02   1.9146639e-04   2.0507647e-02   1.4674994e-03
   6.9621542e-03   2.7386002e-04   3.3584102e-02  -1.2010237e-03
   1.0639176e-02  -1.6886064e-03   3.7699306e-02  -1.7227181e-03
  -1.3949266e-02  -1.0814681e-04   2.3172410e-02   3.9671286e-03
  -1.9972684e-02  -1.6137031e-03   1.9349543e-02   5.4046030e-03
  -4.5599294e-03  -3.4188727e-03   3.5885318e-02   1.6514004e-04
   3.8361237e-03  -1.5537805e-03   3.4970828e-02  -2.2293996e-03
   1.6621457e-03   3.5625365e-04   9.8785772e-03   1.2873459e-03
  -6.7863828e-03   1.9292230e-03   4.3429156e-03   2.8899611e-03
  -4.0614138e-03   1.0453640e-03   2.6538033e-02  -2.5521746e-03
   1.0125667e-02  -2.6735848e-03   5.3365565e-02  -9.5593934e-03
   8.0528915e-03  -3.2540854e-03   4.7856139e-02  -7.7053141e-03
   9.0874984e-04  -2.5753175e-05   1.8356347e-02  -8.7449553e-04
   7.9516890e-03   6.1092487e-04   2.3359806e-02  -1.7564968e-03
   9.8820316e-03   6.0385620e-05   2.7088975e-02  -4.0647130e-03
  -8.7467113e-03   8.3937994e-04  -1.9423277e-03   2.0792705e-03
  -1.8375935e-02   1.3154375e-04  -1.1480756e-02   4.5864061e-03
  -5.8605680e-03  -1.0294574e-03  -1.2077376e-03  -7.4313364e-04
  -5.1521510e-03  -9.5455410e-04  -9.8054408e-03  -6.0426535e-04
  -7.2249266e-03   2.6636969e-04  -2.6434913e-02   2.8486759e-03
   7.0820978e-03   4.1992146e-04  -1.7511142e-02  -9.0076791e-04
   1.1238894e-02  -4.0401484e-04  -3.1416586e-03  -6.2340608e-03
  -5.8295566e-05  -3.8903418e-04  -1.0828620e-02  -4.8754035e-03
  -9.5684720e-06  -1.2504221e-03  -1.4231721e-02  -4.5188498e-03
   1.2562022e-02  -2.7934301e-03  -4.7232762e-03  -8.2420212e-03
   9.2110970e-03  -2.7859398e-03  -1.2117901e-02  -7.0259854e-03
  -3.6528558e-03  -1.0931252e-03  -2.2701996e-02  -3.1827117e-03
  -2.9406906e-03  -3.8903418e-04  -2.6558594e-02  -1.5350582e-03
  -9.2039031e-04  -1.2654028e-03  -2.7832883e-02  -7.5814643e-04
  -8.4542555e-04  -1.6399193e-03  -1.7608587e-02  -9.9459784e-04
   2.2881014e-03  -2.2241650e-03  -1.3875670e-02  -1.7977820e-03
  -1.0740681e-03  -1.9470228e-03  -1.8069580e-02  -1.2160365e-03
  -7.5435269e-03   1.1281793e-04  -2.8934768e-02   1.8953639e-03
  -5.4295206e-03   4.2741179e-04  -3.3181149e-02   1.9554150e-03
   4.7019667e-03  -6.9239255e-04  -1.8077076e-02  -2.5596810e-03
   5.1667482e-03  -1.4226997e-03  -1.0937309e-02  -4.8603907e-03
  -3.6715970e-03  -1.2616576e-03  -1.4643991e-02  -3.8395212e-03
   2.4117933e-03  -5.8378276e-04  -7.7103597e-03  -4.2035813e-03
   1.4758489e-02  -6.3996024e-04   1.8730436e-03  -6.0726734e-03
   9.2298382e-03  -3.4783737e-04  -1.1177878e-03  -4.5075902e-03
  -2.2697560e-03  -1.2312747e-04  -3.7150887e-03  -1.8127948e-03
  -2.1235747e-03  -8.8339596e-04   2.9486935e-03  -2.1881145e-03
  -4.0688170e-04  -1.8309227e-03   8.0121186e-03  -2.0004546e-03
  -5.9617704e-03  -1.6511548e-03   2.3790113e-03   8.8200066e-04
  -7.4610656e-03  -7.8602167e-04   3.4509133e-03   1.7489892e-03
  -2.8507329e-03  -7.3358936e-04   1.3795142e-02   3.0024944e-05
  -7.8920198e-04  -6.1374408e-04   1.5208104e-02  -7.5070260e-06
   1.4410929e-04  -3.5532770e-04   1.4184925e-02   8.7074107e-04
   2.4567721e-03  -7.5231519e-04   1.9237106e-02  -6.7557609e-04
   4.0835074e-03  -1.1867543e-03   2.9225283e-02  -4.2748920e-03
   1.8270681e-03  -1.1305768e-03   2.3262360e-02  -4.2823984e-03
  -1.4189060e-03  -7.7478618e-04   7.7422691e-03  -8.4071676e-04
  -2.0823441e-03  -8.8714113e-04   7.5098988e-03  -3.2277557e-04
   1.6621457e-03  -1.3702674e-03   1.8318868e-02  -3.2953076e-03
   2.0894448e-03  -1.0706542e-03   2.6421848e-02  -4.4850710e-03
  -4.1776091e-03  -6.9613771e-04   1.3457830e-02  -1.1372193e-03
  -6.3927246e-04  -4.3023100e-04   7.0076789e-03   1.3586567e-03
   4.5632819e-03  -2.5795341e-04   1.5912711e-02  -3.4904795e-04
  -2.2810007e-03  -4.2648583e-04   1.1190345e-02  -9.9459784e-04
  -9.7212531e-03  -6.6949990e-05   4.5977735e-03   6.9434081e-04
  -5.7331279e-03  -6.1748925e-04   7.3225033e-03  -5.4046100e-04
   2.2955979e-03  -1.7635097e-03   1.0358310e-02  -2.8148984e-03
   7.5882032e-04  -9.2833794e-04   5.1599598e-03  -2.1918677e-03
  -1.0328374e-03   6.5586685e-04   7.7490628e-04  -1.7001989e-03
   5.0280634e-03   1.0532760e-04   1.7156314e-03  -3.4491887e-03
   8.7575602e-03  -1.0257122e-03   1.0260162e-03  -4.6089265e-03
   2.3968003e-03  -1.2728931e-03  -6.1437337e-03  -3.3478524e-03
  -2.9219494e-03  -1.5799966e-03  -9.7679617e-03  -3.3403460e-03
  -9.3538326e-04  -1.4114642e-03  -6.4847935e-03  -4.7252757e-03
   2.8279409e-04  -1.0556735e-03  -1.5296128e-02  -3.1639457e-03
   2.5655643e-04  -5.4258595e-04  -2.5801516e-02  -4.5038427e-04
   1.0961617e-03  -3.5158253e-04  -2.4459765e-02  -7.4688684e-04
  -5.9804184e-04  -7.1860870e-04  -1.6619139e-02  -2.3720211e-03
  -6.7788863e-03  -1.0369477e-03  -1.6566669e-02  -1.9178843e-03
  -4.9647391e-03  -1.5200740e-03  -1.7203813e-02  -1.2235429e-03
   4.7282044e-03  -1.5387998e-03  -5.7651949e-03  -2.9049751e-03
   7.8917172e-03  -1.0369477e-03  -1.6050159e-03  -4.6689777e-03
   3.6262224e-03   1.9895672e-04  -6.6422056e-03  -3.5017334e-03
  -2.7194513e-04   6.0717971e-04  -1.2762541e-02  -1.6664201e-03
   2.5279887e-03  -6.4745057e-04  -1.0191475e-02  -2.3870339e-03
   2.5954569e-03  -1.4751320e-03  -3.6401305e-03  -3.5993166e-03
  -4.2488257e-03  -1.4526610e-03  -8.8347324e-03  -2.6722769e-03
  -5.1671440e-03  -4.4146649e-04  -1.3545854e-02  -1.0809214e-03
   1.7258657e-03  -3.7779869e-04  -9.3444480e-03  -1.5951094e-03
   4.3721218e-03  -8.4968948e-04  -6.4210790e-03  -2.0867782e-03
  -1.9586522e-03  -5.5714495e-05  -8.1751004e-03  -7.9192520e-04
  -5.9880081e-03  -4.7517298e-04  -4.8994279e-03  -7.0184847e-04
  -1.3139553e-03  -1.4226997e-03   2.7612980e-03  -1.9967014e-03
   1.3997690e-03  -1.6698806e-03   6.0294747e-03  -2.2369060e-03
  -9.4287973e-04  -1.3477964e-03   5.4110697e-03  -1.4675007e-03
   5.5266723e-04  -7.7478618e-04   9.4250803e-03  -1.9666759e-03
   3.1202103e-03  -8.7590563e-04   1.4349833e-02  -3.1339201e-03
   1.2610842e-03  -1.1155962e-03   1.2142314e-02  -2.6647705e-03
  -1.3739271e-03  -1.3740126e-03   9.0952643e-03  -1.7001989e-03
  -1.1415363e-03  -1.4489159e-03   9.9310480e-03  -1.9441567e-03
  -1.4451436e-03  -1.3852481e-03   9.8261065e-03  -2.1168037e-03
  -2.9219494e-03  -7.8976684e-04   4.9838081e-03  -1.0659086e-03
  -1.5276049e-03  -3.7405352e-04   2.5251798e-03  -5.0668223e-04
  -1.8349604e-03  -9.4706377e-04   2.7875334e-03  -8.6323594e-04
  -3.0868719e-03  -1.0706542e-03   5.9170374e-03  -1.4074495e-03
  -2.2660077e-03  -8.5343464e-04   8.8291627e-03  -2.2519188e-03
  -1.8686945e-03  -9.3208311e-04   6.2506013e-03  -2.2331528e-03
   9.1633954e-05  -7.1486354e-04   6.3630386e-03  -1.7264713e-03
   2.1981437e-03  -6.3621507e-04   8.8404064e-03  -2.3344892e-03
   2.2168849e-03  -8.7590563e-04   1.1032933e-02  -3.1264137e-03
   5.7899812e-05  -4.5644715e-04   1.0845538e-02  -3.0063114e-03
  -1.5800802e-03  -6.7741189e-04   7.4274448e-03  -2.3082168e-03
  -3.5440637e-04  -1.1830092e-03   6.1531557e-03  -1.8540799e-03
  -5.3057355e-04  -8.1223783e-04   5.1224807e-03  -1.8916119e-03
  -2.4571679e-03  -6.6992156e-04   1.0147725e-03  -1.3023600e-03
  -3.1993190e-03  -6.0625375e-04  -1.5075703e-03  -9.1202750e-04
  -1.6512967e-03  -8.9837662e-04  -1.5338057e-03  -1.5200454e-03
  -1.1490328e-03  -1.2541673e-03  -3.1341628e-03  -1.4299687e-03
  -2.2922454e-03  -9.3957344e-04  -5.0793276e-03  -1.4825134e-03
  -9.3163502e-04  -7.7853134e-04  -4.8994279e-03  -2.0980378e-03
   8.0754741e-04  -9.1335728e-04  -3.7488199e-03  -2.6572641e-03
   1.4484961e-03  -8.4968948e-04  -5.6752451e-03  -2.9350007e-03
   1.1898677e-03  -1.0556735e-03  -7.6241578e-03  -2.4545915e-03
   1.0886653e-03  -1.2616576e-03  -5.5590599e-03  -2.8561835e-03
   3.9524123e-04  -1.0182219e-03  -6.3423729e-03  -3.2014777e-03
  -1.1490328e-03  -1.1006155e-03  -9.2357587e-03  -2.3382424e-03
  -8.2668436e-04  -1.3777577e-03  -8.7935054e-03  -1.9779355e-03
  -5.0433589e-04  -1.3665222e-03  -7.5379559e-03  -2.0755186e-03
  -1.5949799e-04  -1.1380672e-03  -5.4616143e-03  -2.0717654e-03
  -3.1317575e-04  -9.5080893e-04  -5.2067565e-03  -2.1806081e-03
  -7.4047488e-04  -1.0856349e-03  -7.4330144e-03  -1.8916119e-03
  -4.9309117e-04  -1.0519284e-03  -7.5342080e-03  -1.4449815e-03
  -9.1664207e-04  -6.9613771e-04  -6.3686083e-03  -1.8540799e-03
  -5.5306298e-04  -8.0100233e-04  -5.0306048e-03  -2.4545915e-03
  -1.9323213e-04  -7.8227651e-04  -5.1542858e-03  -2.6835365e-03
   2.2282228e-04  -7.1860870e-04  -6.0650276e-03  -2.4733575e-03
   1.1636300e-03  -8.1598299e-04  -4.8582009e-03  -2.4583447e-03
   8.4877803e-04  -4.5644715e-04  -3.6851054e-03  -2.8636899e-03
  -3.2057900e-05  -7.0362804e-04  -3.3740290e-03  -2.7323280e-03
  -7.2923017e-04  -9.6578959e-04  -3.2316084e-03  -2.2969572e-03
  -6.4302069e-04  -9.3208311e-04  -2.9954902e-03  -2.1055441e-03
  -4.9683941e-04  -1.1155962e-03  -1.4625954e-03  -2.2256465e-03
  -1.2277458e-03  -7.1486354e-04  -6.9427405e-04  -2.0042078e-03
  -1.2539835e-03  -6.3246991e-04  -1.9580215e-04  -1.7677564e-03
  -4.9309117e-04  -1.0781445e-03   2.0604391e-03  -1.7977820e-03
  -4.2187465e-04  -1.1155962e-03   4.1667639e-03  -1.9216375e-03
  -1.2352423e-03  -9.2084761e-04   5.4672883e-03  -2.0980378e-03
  -1.0103480e-03  -1.0519284e-03   6.5466861e-03  -2.0680122e-03
   2.2657052e-04  -1.1418123e-03   7.2325535e-03  -2.2819444e-03
   7.9255446e-04  -9.4706377e-04   7.1238641e-03  -2.4283191e-03
   4.6270952e-04  -9.6578959e-04   5.9994914e-03  -2.2556720e-03
  -9.3163502e-04  -8.1223783e-04   4.2642096e-03  -1.7940288e-03
  -1.2689764e-03  -8.0474750e-04   4.7326982e-03  -1.8390672e-03
   1.7409519e-04  -9.5455410e-04   5.4785321e-03  -2.3832807e-03
  -7.7795726e-04  -9.3957344e-04   2.7575501e-03  -2.0792718e-03
  -2.5958527e-03  -7.2984420e-04   9.2482264e-04  -1.3699175e-03
  -5.0808413e-04  -5.9501826e-04   3.5783422e-03  -1.6851861e-03
   1.3772796e-03  -9.4706377e-04   5.8233397e-03  -2.7098089e-03
   9.5382192e-05  -6.6243123e-04   3.3722072e-03  -2.1092973e-03
  -1.1340399e-03  -4.8640847e-04   1.4982527e-03  -1.1184533e-03
  -1.4075680e-04  -8.9837662e-04   3.7657377e-03  -2.0304802e-03
   1.1261476e-03  -9.3208311e-04   5.4785321e-03  -2.6159789e-03
   9.1727180e-06  -7.1860870e-04   3.2522741e-03  -2.0830250e-03
  -4.2562289e-04  -5.2760529e-04   9.9978082e-04  -1.7339776e-03
   7.9630270e-04  -5.1636979e-04   1.8880353e-03  -1.9216375e-03
   7.1009322e-04  -3.6656319e-04   2.4839528e-03  -2.1918677e-03
  -9.0164912e-04  -5.9127309e-04  -1.2459188e-04  -1.7977820e-03
  -1.4638848e-03  -7.1486354e-04  -1.7511844e-03  -1.5012794e-03
  -1.2951209e-04  -6.3621507e-04  -4.7314742e-04  -1.8240544e-03
  -6.2043804e-05  -1.0032412e-03  -1.1627627e-03  -2.0042078e-03
  -7.5546783e-04  -6.7741189e-04  -2.7931031e-03  -1.6138753e-03
  -9.5684720e-06  -3.7405352e-04  -3.1603982e-03  -1.7001989e-03
   1.0736723e-03  -7.2984420e-04  -2.5719765e-03  -2.3307360e-03
   7.0259675e-04  -7.2984420e-04  -2.3883289e-03  -2.4095531e-03
  -6.6176188e-04  -8.0849266e-04  -3.5501807e-03  -2.2932040e-03
  -1.7449094e-04  -1.0294574e-03  -3.1678940e-03  -2.0942846e-03
   1.0661758e-03  -9.5080893e-04  -1.8486300e-03  -2.4358255e-03
   9.4998046e-04  -9.9200575e-04  -1.7849156e-03  -2.6384981e-03
   1.2920956e-05  -9.2833794e-04  -3.1229191e-03  -1.9816886e-03
  -8.1169140e-04  -9.0212179e-04  -3.9924340e-03  -1.7489904e-03
  -3.2442046e-04  -9.4331860e-04  -2.8380780e-03  -1.9516631e-03
   3.3152119e-04  -9.0212179e-04  -2.4295559e-03  -2.0980378e-03
  -1.3316710e-05  -1.1418123e-03  -4.2772751e-03  -1.8203012e-03
  -6.7675484e-04  -9.2459278e-04  -5.4915976e-03  -1.5350582e-03
  -8.4167731e-04  -6.0999892e-04  -4.2810230e-03  -1.5838498e-03
  -1.4825328e-04  -9.6204443e-04  -2.0585129e-03  -2.1731017e-03
   7.1758970e-04  -9.3582827e-04  -1.4401079e-03  -2.6047194e-03
   1.0062040e-03  -6.9613771e-04  -2.5832202e-03  -2.3119700e-03
   9.1999455e-04  -6.1374408e-04  -2.4857746e-03  -2.2406592e-03
   8.8251217e-04  -7.3358936e-04  -1.3389144e-03  -2.4620979e-03
   6.9510027e-04  -1.1155962e-03  -1.1889980e-03  -2.5409150e-03
  -3.2057900e-05  -7.7478618e-04  -1.8711175e-03  -2.2669316e-03
  -8.3418083e-04  -8.0849266e-04  -2.4108164e-03  -2.0417398e-03
  -6.5801365e-04  -1.0931252e-03  -1.8486300e-03  -1.7902756e-03
  -4.3311937e-04  -8.7590563e-04  -1.3164269e-03  -1.7264713e-03
  -5.0433589e-04  -9.0586695e-04  -1.3426623e-03  -1.7302244e-03
  -4.3686760e-04  -7.9351200e-04  -7.3550105e-04  -1.7077053e-03
  -3.6565108e-04  -8.8339596e-04   5.7251919e-04  -1.8916119e-03
  -2.0813186e-05  -9.8826058e-04   2.0529432e-03  -1.9366503e-03
  -5.3807003e-04  -9.9949608e-04   2.8737353e-03  -2.1205569e-03
   4.1398242e-04  -8.1598299e-04   3.6720399e-03  -1.9141311e-03
   1.6471527e-03  -6.9239255e-04   3.6907795e-03  -1.6814329e-03
   1.7409519e-04  -9.2459278e-04   2.6900878e-03  -1.6964457e-03
   3.0153528e-04  -8.5343464e-04   3.0161559e-03  -1.9103779e-03
   3.7275180e-04  -9.5829926e-04   3.0348954e-03  -2.0267270e-03
  -8.3043259e-04  -7.2235387e-04   1.5769588e-03  -1.5800966e-03
