  -2.7944161e-04  -7.3733453e-04  -6.8373247e-05  -1.9291439e-03
  -1.8573566e-04  -6.5494090e-04  -3.4642066e-05  -1.5538242e-03
  -1.3316710e-05  -7.0362804e-04  -1.3208770e-04  -1.8353140e-03
  -3.6190284e-04  -7.0737321e-04   7.7795204e-05  -2.0942846e-03
   1.2536810e-04  -5.0513430e-04  -3.8389975e-05  -1.7001989e-03
   1.2536810e-04  -8.6092497e-04  -1.6581888e-04  -1.8203012e-03
  -1.9323213e-04  -9.3957344e-04  -9.4608610e-05  -1.7452372e-03
  -1.4450504e-04  -6.6992156e-04  -2.6326452e-04  -1.7377308e-03
  -1.1077090e-04  -8.7590563e-04  -8.7112792e-05  -1.8203012e-03
  -6.5792042e-05  -9.8826058e-04  -1.2459188e-04  -1.6889393e-03
  -9.5777946e-05  -7.6729585e-04  -1.3583561e-04  -1.9741823e-03
  -1.4825328e-04  -8.8339596e-04  -3.4642066e-05  -2.0492462e-03
  -4.3302614e-05  -9.2084761e-04  -1.7706261e-04  -1.8653395e-03
   7.2892764e-05  -5.7629243e-04  -1.9650430e-05  -2.1130505e-03
  -5.4547328e-05  -7.5231519e-04  -7.2121156e-05  -1.9629227e-03
  -4.3302614e-05  -7.7853134e-04  -2.7076033e-04  -1.9479099e-03
  -9.5777946e-05  -5.3135045e-04   5.1559841e-05  -2.2068805e-03
  -1.2201561e-04  -7.1860870e-04   3.0266974e-04  -1.7790160e-03
  -1.8198742e-04  -9.0586695e-04  -2.7146248e-05  -1.9328971e-03
  -3.3191694e-04  -1.0032412e-03   7.4047295e-05  -2.0342334e-03
  -1.4075680e-04  -8.3845398e-04   1.6024920e-04  -1.6251349e-03
  -1.0327442e-04  -7.0737321e-04  -1.8081052e-04  -1.7977820e-03
  -3.3191694e-04  -8.1972816e-04  -8.7112792e-05  -2.0154674e-03
  -1.7074271e-04  -8.4219915e-04   3.6568205e-05  -2.0905314e-03
   6.1648050e-05  -8.4968948e-04   1.2277011e-04  -2.1543357e-03
  -1.5574975e-04  -7.4857002e-04   2.9072387e-05  -2.0192206e-03
  -9.5684720e-06  -7.3358936e-04   3.2820296e-05  -1.8991183e-03
   7.2892764e-05  -7.8602167e-04   1.3026593e-04  -1.9178843e-03
  -1.2576385e-04  -7.7853134e-04  -2.4077706e-04  -1.9629227e-03
  -1.0327442e-04  -6.8115705e-04  -1.0210443e-04  -2.0304802e-03
  -2.3821099e-04  -6.9239255e-04   1.0332842e-05  -2.1693485e-03
  -4.7050852e-05  -7.9725717e-04  -1.3583561e-04  -2.1092973e-03
  -1.3316710e-05  -8.0474750e-04   1.7828660e-05  -1.8841055e-03
  -1.1451914e-04  -8.0474750e-04  -8.4067030e-06  -2.0417398e-03
  -3.9554376e-05  -7.3358936e-04   2.9072387e-05  -2.0605058e-03
  -1.8198742e-04  -8.7590563e-04  -2.2578543e-04  -1.9216375e-03
  -2.0813186e-05  -7.0362804e-04  -2.6701242e-04  -1.9854418e-03
  -1.0702266e-04  -4.2648583e-04  -4.2137884e-05  -2.0642590e-03
   4.2906860e-05  -5.5007628e-04  -1.3958352e-04  -1.8465736e-03
   2.6030466e-04  -7.4107969e-04   1.7828660e-05  -1.5012794e-03
  -1.1077090e-04  -8.0100233e-04  -9.1088500e-07  -1.5425646e-03
  -5.8202340e-06  -6.6992156e-04  -3.4642066e-05  -1.4862666e-03
   1.6669194e-05  -7.3733453e-04   1.8273666e-04  -1.5763434e-03
  -1.1826737e-04  -6.5494090e-04   1.7828660e-05  -1.6439009e-03
  -1.3316710e-05  -6.2123441e-04  -2.1454170e-04  -1.5988626e-03
  -5.4547328e-05  -8.1598299e-04   1.0028266e-04  -1.7152117e-03
  -1.8948390e-04  -6.2123441e-04   2.3520738e-04  -1.4562411e-03
  -1.4450504e-04  -4.9764397e-04   6.5849330e-06  -1.6551605e-03
  -9.9526184e-05  -7.0362804e-04   6.6551477e-05  -1.8203012e-03
   4.2906860e-05  -8.0474750e-04   2.1271993e-04  -1.5200454e-03
   3.3901766e-04  -6.0625375e-04  -5.7129520e-05  -1.6589137e-03
  -6.9540280e-05  -5.5756661e-04  -1.9955006e-04  -1.6589137e-03
  -2.6819689e-04  -8.0474750e-04   2.3520738e-04  -1.7677564e-03
  -5.4547328e-05  -7.1860870e-04  -4.6587940e-06  -1.9967014e-03
  -2.1572156e-04  -7.1860870e-04  -1.6956679e-04  -1.7377308e-03
  -7.3288518e-05  -6.5119573e-04   8.1543113e-05  -1.7977820e-03
   5.4244800e-06  -4.6019232e-04  -1.8455843e-04  -2.0830250e-03
  -2.8309662e-05  -8.4594431e-04  -3.0894157e-05  -1.8015352e-03
   1.5535400e-04  -7.4482486e-04  -1.1709606e-04  -1.8428204e-03
   4.2906860e-05  -4.9764397e-04  -9.4608610e-05  -1.9816886e-03
  -9.9526184e-05  -8.0474750e-04   2.6893856e-04  -1.7452372e-03
  -1.8948390e-04  -7.8227651e-04  -9.0860701e-05  -1.9141311e-03
  -2.0072861e-04  -8.7965080e-04  -3.0894157e-05  -1.8465736e-03
   1.6762420e-06  -9.3208311e-04  -4.6587940e-06  -1.8953651e-03
  -6.5792042e-05  -5.9127309e-04  -1.4333143e-04  -2.0905314e-03
  -2.5320394e-04  -7.1111837e-04  -6.4625338e-05  -2.0079610e-03
  -9.9526184e-05  -8.3845398e-04  -7.5869065e-05  -2.3419956e-03
  -9.5684720e-06  -8.9837662e-04   1.1902220e-04  -2.1580889e-03
  -8.4533232e-05  -8.3470882e-04  -1.5457515e-04  -2.0417398e-03
  -1.4825328e-04  -6.3996024e-04  -1.9955006e-04  -2.4883702e-03
  -3.1317575e-04  -8.2721849e-04   7.0299386e-05  -2.2856976e-03
  -2.8318985e-04  -6.6243123e-04  -2.1828961e-04  -2.1618421e-03
  -8.8281470e-05  -6.0625375e-04  -3.2697897e-04  -2.3119700e-03
  -1.4825328e-04  -7.7478618e-04  -1.9955006e-04  -2.2181401e-03
  -4.2562289e-04  -8.7965080e-04  -1.8081052e-04  -2.0680122e-03
  -3.8814051e-04  -9.5829926e-04  -2.2578543e-04  -2.0642590e-03
  -1.9323213e-04  -7.5231519e-04  -2.1454170e-04  -2.2031273e-03
  -1.7823918e-04  -9.8826058e-04  -9.0860701e-05  -1.9704291e-03
  -1.8573566e-04  -1.1230865e-03  -8.3364883e-05  -2.0042078e-03
  -3.6939932e-04  -8.8339596e-04  -2.2578543e-04  -2.4733575e-03
  -4.0688170e-04  -7.2609903e-04  -2.2203752e-04  -2.1993741e-03
  -2.1572156e-04  -6.7366672e-04  -1.1709606e-04  -1.8428204e-03
  -1.6324623e-04  -8.1223783e-04  -6.4625338e-05  -1.9591695e-03
  -2.1572156e-04  -6.9988288e-04  -1.6956679e-04  -1.8916119e-03
  -1.4075680e-04  -7.5980552e-04  -7.2121156e-05  -1.8878587e-03
  -1.8573566e-04  -8.7590563e-04   1.8273666e-04  -1.9441567e-03
  -1.4450504e-04  -6.6617639e-04   2.8370240e-06  -1.9516631e-03
   1.9283638e-04  -7.5231519e-04   7.4047295e-05  -2.0079610e-03
  -9.2029708e-05  -6.9988288e-04   4.4064023e-05  -1.9028715e-03
  -2.8318985e-04  -6.4745057e-04  -1.1334816e-04  -1.8803523e-03
  -8.4533232e-05  -7.4857002e-04   7.7795204e-05  -1.8503268e-03
  -2.2696628e-04  -6.3246991e-04  -1.7706261e-04  -1.8015352e-03
  -2.9068632e-04  -7.9351200e-04  -2.2578543e-04  -1.9441567e-03
  -6.5792042e-05  -5.6880210e-04  -1.4333143e-04  -2.0567526e-03
   9.9130430e-05  -5.9127309e-04  -1.0585234e-04  -2.0717654e-03
  -6.5792042e-05  -9.0961212e-04  -9.0860701e-05  -1.8203012e-03
  -6.2043804e-05  -6.8115705e-04  -7.2121156e-05  -1.8278076e-03
  -2.0813186e-05  -7.6355068e-04   8.9038931e-05  -1.9066247e-03
  -1.3700856e-04  -6.8115705e-04  -9.4608610e-05  -1.8615863e-03
  -2.0072861e-04  -7.2609903e-04  -3.8389975e-05  -2.1693485e-03
  -2.0072861e-04  -9.1710245e-04  -8.7112792e-05  -1.9891950e-03
  -1.7449094e-04  -7.2609903e-04  -1.7331470e-04  -1.9404035e-03
  -2.2321804e-04  -8.1972816e-04  -4.2137884e-05  -2.0079610e-03
  -4.3302614e-05  -8.9463146e-04   1.1902220e-04  -1.9779355e-03
  -1.3326033e-04  -6.4745057e-04   1.1527429e-04  -2.0117142e-03
  -9.5777946e-05  -5.9876342e-04  -5.3381611e-05  -1.7865224e-03
   6.5396288e-05  -7.6355068e-04  -1.9650430e-05  -2.1655953e-03
  -1.4450504e-04  -7.1486354e-04  -7.9616974e-05  -2.0529994e-03
   1.6669194e-05  -7.8602167e-04   2.2021575e-04  -2.0454930e-03
  -2.3446275e-04  -8.4968948e-04   2.1646784e-04  -2.1505825e-03
  -1.7074271e-04  -5.4633111e-04   9.2786840e-05  -1.8578331e-03
   1.5160576e-04  -7.3358936e-04   1.1527429e-04  -2.1243101e-03
  -1.0327442e-04  -8.8339596e-04  -1.4707934e-04  -2.0192206e-03
  -9.9526184e-05  -5.1636979e-04   9.2786840e-05  -2.0379866e-03
  -2.3446275e-04  -7.4857002e-04   2.0522411e-04  -2.0642590e-03
  -5.0799090e-05  -7.1486354e-04  -2.7146248e-05  -2.0830250e-03
  -8.4533232e-05  -4.9015364e-04  -8.7112792e-05  -2.1843613e-03
  -1.0702266e-04  -6.9988288e-04   2.8370240e-06  -2.0304802e-03
   1.7034695e-04  -6.9988288e-04  -2.0704588e-04  -2.1318165e-03
  -7.7036756e-05  -8.7590563e-04  -2.1079379e-04  -2.1768549e-03
  -2.0813186e-05  -6.1748925e-04   1.0777848e-04  -2.0117142e-03
  -2.0813186e-05  -5.9127309e-04  -6.8373247e-05  -1.7077053e-03
  -3.2057900e-05  -8.0100233e-04   7.7795204e-05  -1.7640032e-03
  -4.7050852e-05  -3.2162121e-04   2.1646784e-04  -1.7902756e-03
  -9.5777946e-05  -6.4370540e-04  -2.7146248e-05  -1.7489904e-03
   4.2906860e-05  -1.0369477e-03   8.5291022e-05  -1.8916119e-03
   1.3286457e-04  -7.2609903e-04   1.1902220e-04  -1.8615863e-03
   1.5910224e-04  -6.0625375e-04   6.2803568e-05  -1.9066247e-03
   3.1662146e-05  -6.8864738e-04   1.4900547e-04  -1.9816886e-03
   2.2282228e-04  -6.1374408e-04  -1.2833979e-04  -1.7677564e-03
   1.3286457e-04  -5.2386012e-04  -2.1079379e-04  -1.4224623e-03
  -3.5806138e-05  -6.3996024e-04   2.5324478e-05  -1.9516631e-03
   1.3661281e-04  -6.1374408e-04   1.7828660e-05  -1.9854418e-03
   1.4410929e-04  -6.1748925e-04  -6.0877429e-05  -1.5838498e-03
   1.7409519e-04  -7.9725717e-04  -2.4077706e-04  -1.9554163e-03
   1.0662691e-04  -7.8602167e-04  -2.1454170e-04  -1.7677564e-03
  -4.3302614e-05  -6.6617639e-04  -1.2154612e-05  -1.7452372e-03
  -1.8573566e-04  -7.9725717e-04   3.6568205e-05  -1.8203012e-03
  -1.5574975e-04  -8.7216047e-04   1.5650129e-04  -1.8052884e-03
   3.5410384e-05  -9.2084761e-04   1.7149293e-04  -2.0792718e-03
  -6.9540280e-05  -8.5343464e-04  -2.3702915e-04  -1.9028715e-03
  -1.8948390e-04  -7.9725717e-04  -2.5951661e-04  -1.9366503e-03
  -2.0719960e-06  -8.5343464e-04   8.9038931e-05  -2.0717654e-03
   1.3286457e-04  -7.1860870e-04  -8.7112792e-05  -1.9741823e-03
  -1.4075680e-04  -8.5343464e-04  -5.3381611e-05  -2.1393229e-03
  -4.4436408e-04  -6.8864738e-04   4.0316114e-05  -2.0980378e-03
  -2.0447685e-04  -7.2609903e-04  -1.6956679e-04  -1.9967014e-03
  -3.2057900e-05  -8.3845398e-04  -7.5869065e-05  -2.1580889e-03
  -1.1451914e-04  -6.5494090e-04  -1.9955006e-04  -2.1017910e-03
  -1.2201561e-04  -8.4968948e-04  -2.7825615e-04  -2.1468293e-03
  -2.9818280e-04  -6.8115705e-04  -3.0894157e-05  -2.1017910e-03
  -1.4075680e-04  -8.9088629e-04  -1.3208770e-04  -1.9141311e-03
   1.6762420e-06  -9.9949608e-04  -3.2323106e-04  -2.1505825e-03
  -3.3941342e-04  -6.9988288e-04  -1.9580215e-04  -2.3419956e-03
  -1.7449094e-04  -7.3358936e-04  -9.8356519e-05  -2.1655953e-03
  -2.6070042e-04  -8.0849266e-04  -2.2203752e-04  -2.1618421e-03
  -4.4061584e-04  -9.6578959e-04  -1.2833979e-04  -2.2856976e-03
  -6.2043804e-05  -8.2347332e-04  -2.7450824e-04  -2.3044636e-03
  -1.9323213e-04  -7.5980552e-04  -4.2442460e-04  -2.1918677e-03
  -1.8198742e-04  -7.1111837e-04  -4.2137884e-05  -2.0229738e-03
  -1.8198742e-04  -7.5606035e-04   2.8370240e-06  -2.0192206e-03
  -2.4195923e-04  -9.7702509e-04  -5.3381611e-05  -1.9704291e-03
   9.1727180e-06  -8.5717981e-04  -6.8373247e-05  -2.3007104e-03
  -2.3821099e-04  -7.1111837e-04  -9.8356519e-05  -2.1318165e-03
  -3.2442046e-04  -6.5119573e-04  -4.2137884e-05  -1.7264713e-03
  -1.1826737e-04  -8.1972816e-04  -1.6207097e-04  -1.8090416e-03
  -3.5815461e-04  -8.3470882e-04  -9.8356519e-05  -1.5650838e-03
  -2.9818280e-04  -5.3509562e-04  -1.8455843e-04  -1.7677564e-03
   8.0389240e-05  -4.5270199e-04  -9.4608610e-05  -1.9704291e-03
  -1.8948390e-04  -6.8490222e-04   2.1576569e-05  -1.8653395e-03
  -2.5320394e-04  -8.2721849e-04  -2.4077706e-04  -1.7001989e-03
  -2.0719960e-06  -6.6617639e-04  -1.5832306e-04  -1.8165480e-03
  -2.1197332e-04  -5.5007628e-04   2.8370240e-06  -2.0680122e-03
  -1.6699447e-04  -7.3358936e-04   2.9072387e-05  -2.1655953e-03
  -1.8198742e-04  -9.2833794e-04  -3.6820597e-04  -2.4996298e-03
  -3.6190284e-04  -7.9351200e-04  -2.4077706e-04  -2.0004546e-03
  -2.0719960e-06  -7.2609903e-04  -1.5902521e-05  -1.8991183e-03
  -1.9323213e-04  -7.9351200e-04  -3.9818924e-04  -2.3194764e-03
  -8.0784994e-05  -7.2609903e-04  -8.7112792e-05  -1.9967014e-03
   1.6285048e-04  -7.4482486e-04  -2.7146248e-05  -2.0454930e-03
  -4.5186056e-04  -6.6992156e-04  -3.4642066e-05  -2.5709406e-03
  -8.0784994e-05  -5.6131177e-04   1.4080751e-05  -2.7848728e-03
   1.0287867e-04  -8.1972816e-04   8.1543113e-05  -2.5859534e-03
  -1.8198742e-04  -8.8714113e-04  -2.7450824e-04  -2.5484214e-03
   6.5396288e-05  -7.9725717e-04  -4.3566833e-04  -2.1505825e-03
   6.9144526e-05  -7.1486354e-04   2.1271993e-04  -2.0379866e-03
  -3.2442046e-04  -6.9988288e-04  -2.8575197e-04  -2.4395787e-03
   2.1907405e-04  -8.3845398e-04   1.7828660e-05  -2.2969572e-03
   1.1111547e-03  -5.0138913e-04   1.3401384e-04  -2.1505825e-03
  -1.6324623e-04  -5.7254727e-04  -2.4077706e-04  -2.0417398e-03
  -9.9160683e-04  -7.7853134e-04   6.0625037e-04  -2.3870339e-03
  -2.5695218e-04  -7.8976684e-04   5.7251919e-04  -2.4395787e-03
   1.3286457e-04  -1.1830092e-03  -5.2561815e-04  -2.0004546e-03
   4.9644366e-04  -9.5455410e-04  -5.4435769e-04  -2.1055441e-03
   6.6136613e-04  -6.9613771e-04   4.0386329e-04  -2.2744380e-03
   6.6511437e-04  -7.7104101e-04   1.1902220e-04  -2.1843613e-03
   8.3378508e-04  -7.2235387e-04  -1.5457515e-04  -1.8690927e-03
   9.1624631e-04  -6.5494090e-04  -5.7129520e-05  -2.0980378e-03
   5.7890489e-04  -6.6617639e-04   4.2635074e-04  -2.0192206e-03
   4.1398242e-04  -5.7254727e-04   4.9006519e-04  -1.4937730e-03
   9.7246988e-04  -5.2760529e-04  -2.7076033e-04  -1.8090416e-03
   1.4409996e-03  -8.3096365e-04  -8.4067030e-06  -1.8803523e-03
   1.4859785e-03  -5.0138913e-04   1.0777848e-04  -1.6964457e-03
   1.8045787e-03  -2.9165989e-04  -8.4067030e-06  -1.5613306e-03
   2.5354851e-03  -4.6768265e-04   9.6534749e-05  -1.4825134e-03
   2.6929111e-03  -4.1899550e-04  -2.3398339e-05  -1.8540799e-03
   2.1006895e-03  -3.5158253e-04  -5.3381611e-05  -1.3849303e-03
   1.5459503e-03  -2.9915022e-04  -7.9616974e-05  -1.4299687e-03
   1.2310983e-03  -5.7629243e-04  -1.5082725e-04  -2.1205569e-03
   1.0361899e-03  -6.5494090e-04  -8.3669459e-04  -1.6964457e-03
   1.0774205e-03  -5.2760529e-04  -1.6200076e-03  -1.4149559e-03
   8.5252627e-04  -4.3772133e-04  -1.3576539e-03  -7.2061446e-04
   8.7885716e-05  -6.3246991e-04  -2.0472692e-03  -1.5913562e-03
  -2.4561424e-05  -8.4219915e-04  -2.2421605e-03  -3.2352564e-03
   2.7913908e-05  -8.6841530e-04  -2.3171186e-03  -2.1092973e-03
  -7.6296431e-04  -7.7104101e-04  -3.2166168e-03  -1.7264713e-03
  -1.1340399e-03  -6.9239255e-04  -2.9730027e-03  -2.3419956e-03
  -6.2427950e-04  -8.8714113e-04  -2.8868008e-03  -1.9328971e-03
  -8.2668436e-04  -7.3733453e-04  -2.2009335e-03  -2.0492462e-03
  -2.0261205e-03  -8.1223783e-04  -2.5419932e-03  -2.3532552e-03
  -2.4196855e-03  -7.1486354e-04  -2.7069012e-03  -1.8841055e-03
  -1.6512967e-03  -9.3582827e-04  -1.4625954e-03  -1.9479099e-03
  -1.2427388e-03  -1.0931252e-03  -1.0915524e-03  -2.2819444e-03
  -1.6512967e-03  -6.2123441e-04  -9.1540068e-04  -2.0717654e-03
  -2.3559655e-03  -9.5829926e-04  -5.2936605e-04  -2.0680122e-03
  -2.2697560e-03  -5.9127309e-04   5.2004847e-04  -2.0117142e-03
  -1.4001648e-03  -8.2347332e-04   1.1684367e-03  -1.9441567e-03
  -1.5500943e-03  -1.2429318e-03   1.6256816e-03  -2.2181401e-03
  -1.6587932e-03  -5.8378276e-04   2.3078011e-03  -2.1468293e-03
  -1.5875767e-03  -1.1867543e-03   3.3871989e-03  -2.2331528e-03
  -2.0448617e-03  -1.3440513e-03   3.9343936e-03  -2.4320723e-03
  -1.4563883e-03  -7.4107969e-04   3.6720399e-03  -2.3232296e-03
  -4.7809822e-04  -5.4633111e-04   3.2072992e-03  -2.3269828e-03
  -2.6444866e-04  -7.4482486e-04   1.6481691e-03  -1.8690927e-03
  -1.2389905e-03  -1.1755188e-03   2.3040532e-03  -1.7827692e-03
  -2.5133915e-03  -1.1193414e-03   3.6008297e-03  -2.0567526e-03
  -2.7945093e-03  -1.0519284e-03   3.7207628e-03  -2.1693485e-03
  -1.5950731e-03  -1.1118510e-03   4.2417221e-03  -2.3495020e-03
  -1.0327442e-04  -9.6578959e-04   3.9343936e-03  -2.2856976e-03
  -4.5560879e-04  -6.9988288e-04   3.2935011e-03  -2.2781912e-03
  -1.0365857e-03  -7.3358936e-04   2.7125752e-03  -2.0792718e-03
  -8.7915969e-04  -8.7590563e-04   2.4427258e-03  -2.1505825e-03
  -1.2914659e-03  -1.1642833e-03   1.9854809e-03  -2.3532552e-03
  -2.2135324e-03  -1.1268317e-03   1.4720174e-03  -1.9554163e-03
  -2.1685536e-03  -6.0250859e-04   9.9978082e-04  -1.9816886e-03
  -1.2090046e-03  -5.4258595e-04   1.0372599e-03  -1.9929482e-03
  -5.9429360e-04  -5.7254727e-04  -1.2154612e-05  -1.9178843e-03
  -2.9068632e-04  -4.6768265e-04  -6.6803869e-04  -2.1580889e-03
  -1.1190469e-03  -6.8115705e-04  -4.6190369e-04  -2.1956209e-03
  -1.5013672e-03  -7.5606035e-04  -1.6499908e-03  -3.0400959e-04
  -1.4713813e-03  -6.0999892e-04  -1.0016026e-03   2.7022955e-04
  -1.4526401e-03  -8.7965080e-04  -1.4850828e-03  -2.8824559e-03
  -9.0539735e-04  -6.8864738e-04  -1.9498236e-03  -2.5934598e-03
  -1.0178445e-03  -5.0138913e-04  -5.2187024e-04  -5.5322130e-03
  -3.6565108e-04  -9.0212179e-04  -8.8541741e-04  -5.9338051e-03
  -3.5440637e-04  -1.0669090e-03  -1.5225619e-03   2.3157219e-03
  -4.7060175e-04  -9.0586695e-04  -1.6349992e-03   2.7773595e-04
  -3.4690989e-04  -5.8378276e-04  -1.5038224e-03  -3.3666183e-03
  -5.0808413e-04  -9.5829926e-04  -4.0193715e-04  -1.3586579e-03
  -4.6310527e-04  -1.0257122e-03  -1.1552669e-03  -1.8653395e-03
  -5.3807003e-04  -8.3845398e-04  -2.0959920e-03  -1.6589137e-03
   2.1532581e-04  -1.1493027e-03  -1.3988809e-03  -2.1618421e-03
   3.4276590e-04  -1.0556735e-03  -3.5321433e-04  -2.7773664e-03
   3.6900357e-04  -9.5829926e-04  -1.0578212e-03  -1.9929482e-03
   2.9029057e-04  -6.8864738e-04  -2.6094555e-03  -2.1055441e-03
   2.3406700e-04  -7.7478618e-04  -1.4476038e-03  -1.2535684e-03
   6.9144526e-05  -9.0961212e-04  -1.6349992e-03  -2.8524304e-03
  -3.3566518e-04  -6.7366672e-04  -1.3051832e-03  -3.0288306e-03
   2.6030466e-04  -8.4594431e-04  -1.4888308e-03   3.0024944e-05
   9.8746284e-04  -8.4219915e-04  -1.9685631e-03  -2.3757743e-03
   1.0324417e-03  -8.2347332e-04  -7.5424059e-04  -3.0738690e-03
   1.8159167e-04  -5.4633111e-04  -4.4691206e-04  -2.1393229e-03
   1.2911633e-04  -7.2235387e-04  -5.8183678e-04  -2.5897066e-03
   7.1384146e-04  -1.1230865e-03  -3.1948315e-04  -1.5538242e-03
   5.7140842e-04  -6.6243123e-04   1.0777848e-04  -2.2143869e-03
   2.2657052e-04  -4.8640847e-04  -4.6587940e-06  -2.5484214e-03
   2.9029057e-04  -7.2984420e-04   1.7898875e-04  -2.0229738e-03
   5.6766018e-04  -9.6578959e-04   2.9892183e-04  -1.9216375e-03
   5.0019190e-04  -5.9127309e-04   7.8240210e-04  -1.8615863e-03
   1.8533990e-04  -4.6768265e-04   1.1009744e-03  -2.1768549e-03
  -1.7823918e-04  -6.9988288e-04   1.3370926e-03  -2.1655953e-03
   8.0389240e-05  -6.3996024e-04   1.3520843e-03  -1.8465736e-03
   3.2777295e-04  -9.1710245e-04   1.1197139e-03  -2.0042078e-03
   2.0782933e-04  -6.7366672e-04   1.0709911e-03  -1.9704291e-03
   4.1773066e-04  -3.8903418e-04   1.2134116e-03  -1.7489904e-03
   5.2268132e-04  -4.4146649e-04   1.1534451e-03  -1.4862666e-03
   7.0259675e-04  -3.1413088e-04   1.1159660e-03  -1.3473984e-03
   4.9269542e-04  -5.0138913e-04   1.3033614e-03  -1.5988626e-03
   1.7784343e-04  -6.3246991e-04   1.4157987e-03  -1.6251349e-03
   3.3152119e-04  -3.9277935e-04   1.1684367e-03  -1.7039521e-03
   5.3017780e-04  -5.4258595e-04   6.6246901e-04  -1.6626669e-03
   7.5132384e-04  -7.8602167e-04   7.2993137e-04  -1.4975262e-03
   4.0648595e-04  -4.9389880e-04   3.2890511e-04  -1.5275518e-03
   2.3781524e-04  -5.5382144e-04   4.0011538e-04  -1.5275518e-03
   6.8385556e-04  -6.3996024e-04   1.1527429e-04  -1.7152117e-03
   7.7006503e-04  -7.5231519e-04  -5.7434096e-04  -1.6851861e-03
   2.3406700e-04  -7.7104101e-04   1.6774502e-04  -1.2873472e-03
   8.0389240e-05  -4.4146649e-04  -7.0551778e-04  -2.4771163e-04
   7.3258265e-04  -7.2235387e-04  -2.8200406e-04  -1.3098664e-03
   1.0774205e-03  -6.1374408e-04  -3.8319760e-04  -4.1285173e-03
   8.3378508e-04  -5.2760529e-04  -1.7961593e-03  -2.6422513e-03
   2.8279409e-04  -7.8602167e-04  -1.1740064e-03  -8.8575512e-04
   2.0033286e-04  -5.8003760e-04  -1.4925787e-03  -1.1484789e-03
   5.5641547e-04  -7.5980552e-04  -1.3501581e-03  -4.1285230e-04
   7.1758970e-04  -7.6729585e-04  -1.5937722e-03  -1.5200454e-03
   7.2883441e-04  -7.0737321e-04  -1.3651498e-03  -1.5913562e-03
   1.8908814e-04  -8.9837662e-04  -1.2677041e-03  -1.7827692e-03
   2.6405290e-04  -6.4370540e-04  -1.5825285e-03  -3.9145851e-03
   6.1263904e-04  -8.3845398e-04  -1.6837220e-03   3.7531338e-05
   2.7529762e-04  -9.6953476e-04  -2.1784460e-03  -2.3232296e-03
   3.6900357e-04  -5.5756661e-04  -1.6574867e-03  -5.1081017e-03
   3.4276590e-04  -8.6467014e-04  -1.0016026e-03   1.5388101e-03
   2.8654233e-04  -1.1230865e-03  -2.0547650e-03  -2.2856976e-03
   4.6645775e-04  -7.7853134e-04  -1.6349992e-03  -3.7344316e-03
   4.5521304e-04  -6.5119573e-04  -7.6173641e-04  -7.8441880e-04
   8.4137478e-05  -8.3096365e-04  -1.4775870e-03  -1.9967014e-03
  -9.5684720e-06  -9.3208311e-04  -6.4929914e-04  -1.1785045e-03
   4.0273771e-04  -7.8227651e-04  -1.0803087e-03  -1.9666759e-03
   1.1787162e-04  -7.7104101e-04  -3.0449151e-04  -1.4900198e-03
  -1.2201561e-04  -9.0212179e-04   2.7643438e-04  -2.3570083e-03
   5.0403336e-05  -5.4258595e-04  -4.9188696e-04  -2.8524304e-03
   3.2027647e-04  -5.4258595e-04   2.4645111e-04  -1.7039521e-03
   2.3031876e-04  -9.6204443e-04   6.0250246e-04  -2.0192206e-03
  -1.2951209e-04  -8.6467014e-04   8.2362909e-04  -2.0342334e-03
  -5.0799090e-05  -8.6467014e-04   1.1122181e-03  -2.3532552e-03
   3.1278000e-04  -9.9575091e-04   8.3862073e-04  -1.8690927e-03
   4.6645775e-04  -9.7702509e-04   1.1159660e-03  -2.4433319e-03
  -1.3326033e-04  -7.3733453e-04   1.5357318e-03  -2.4583447e-03
  -6.9540280e-05  -7.2984420e-04   1.2771261e-03  -1.5463178e-03
   5.5641547e-04  -7.4107969e-04   1.6219337e-03  -1.7564968e-03
   5.5641547e-04  -6.5494090e-04   7.2993137e-04  -9.6832546e-04
   2.9029057e-04  -8.7590563e-04   4.7882147e-04  -2.6122257e-03
   1.8533990e-04  -8.8339596e-04   1.6669086e-03  -3.3065672e-03
   3.5775885e-04  -8.9463146e-04   1.2921177e-03  -1.6476541e-03
   4.8145071e-04  -8.0849266e-04   4.3384656e-04  -2.1205569e-03
   7.1009322e-04  -6.7741189e-04   1.7149293e-04  -1.6251349e-03
   4.2897537e-04  -5.5007628e-04   4.3384656e-04  -1.8203012e-03
  -9.2029708e-05  -6.9613771e-04   2.1271993e-04  -2.0304802e-03
   1.2536810e-04  -9.9949608e-04  -5.5185351e-04  -1.6739265e-03
   3.9898947e-04  -8.9463146e-04  -5.7434096e-04  -2.2781912e-03
   4.7770247e-04  -8.6467014e-04  -5.8933260e-04  -2.0454930e-03
   1.0662691e-04  -7.5231519e-04  -7.9546759e-04  -2.1017910e-03
  -3.2057900e-05  -6.0625375e-04  -9.4538395e-04  -1.9516631e-03
   4.4771656e-04  -6.0999892e-04  -1.4438559e-03  -2.1168037e-03
   1.0662691e-04  -7.8227651e-04  -1.6275034e-03  -2.2556720e-03
  -3.6190284e-04  -6.4370540e-04  -1.6874699e-03  -1.9891950e-03
  -2.4195923e-04  -6.1748925e-04  -1.7586802e-03  -2.2293996e-03
  -2.8309662e-05  -7.2609903e-04  -1.7436886e-03  -2.0605058e-03
  -9.2029708e-05  -7.3358936e-04  -2.0172859e-03  -2.0942846e-03
  -4.8559470e-04  -8.8714113e-04  -1.8373863e-03  -2.1993741e-03
  -5.4931474e-04  -6.2123441e-04  -1.2639562e-03  -2.2106337e-03
  -6.9540280e-05  -8.7590563e-04  -1.2751999e-03  -2.1280633e-03
  -1.7064948e-05  -7.7853134e-04  -1.6087638e-03  -2.2556720e-03
  -6.0179008e-04  -6.2123441e-04  -1.5862764e-03  -2.3607615e-03
  -5.9429360e-04  -8.1972816e-04  -1.0915524e-03  -2.0192206e-03
  -3.9563699e-04  -6.6992156e-04  -9.0790486e-04  -2.3645147e-03
  -5.4181827e-04  -8.5717981e-04  -1.0428296e-03  -2.1806081e-03
  -6.0179008e-04  -5.6880210e-04  -8.5543414e-04  -1.9441567e-03
  -3.9188875e-04  -6.5494090e-04  -4.9188696e-04  -2.3344892e-03
  -1.7074271e-04  -9.0961212e-04  -5.7129520e-05  -1.9854418e-03
  -3.4316165e-04  -7.3358936e-04  -1.8081052e-04  -2.0304802e-03
  -3.5440637e-04  -6.6243123e-04   1.1527429e-04  -2.1205569e-03
  -4.6685351e-04  -6.5119573e-04   5.6127546e-04  -2.0042078e-03
  -5.0808413e-04  -7.3733453e-04   5.6877128e-04  -2.1693485e-03
  -1.4075680e-04  -8.3096365e-04   1.0410078e-03  -1.8841055e-03
  -2.2321804e-04  -8.5343464e-04   1.1347055e-03  -1.9479099e-03
  -1.2576385e-04  -4.6393748e-04   1.6256816e-03  -1.9366503e-03
  -1.1826737e-04  -5.8752793e-04   1.9892288e-03  -1.6063689e-03
  -2.9068632e-04  -8.8339596e-04   1.6819003e-03  -1.8916119e-03
  -1.3326033e-04  -8.3470882e-04   1.6556649e-03  -1.7940288e-03
  -1.3316710e-05  -7.9351200e-04   1.7568584e-03  -1.5838498e-03
   5.7899812e-05  -5.0513430e-04   1.6031942e-03  -1.7152117e-03
  -3.3566518e-04  -6.2123441e-04   1.0859827e-03  -1.3586579e-03
  -3.8439227e-04  -6.2123441e-04   1.2284033e-03  -1.2535684e-03
  -2.0447685e-04  -6.3246991e-04   1.2471428e-03  -2.0079610e-03
  -2.3821099e-04  -8.7216047e-04   8.5736028e-04  -2.0342334e-03
  -3.1692399e-04  -4.9389880e-04   9.5855382e-04  -1.4937730e-03
  -2.5320394e-04  -6.1748925e-04   7.4867091e-04  -2.0117142e-03
   5.4244800e-06  -8.1598299e-04   7.5616673e-04  -2.0079610e-03
  -5.4931474e-04  -6.6243123e-04   7.9739373e-04  -1.6551605e-03
  -9.9160683e-04  -6.2497958e-04   5.3504010e-04  -1.6063689e-03
  -7.9669845e-04  -5.5007628e-04   6.4372946e-04  -1.4487347e-03
  -4.1812641e-04  -7.8602167e-04   6.2124201e-04  -2.0680122e-03
  -2.3071451e-04  -5.4258595e-04   6.5122528e-04  -2.2218933e-03
  -4.2937113e-04  -6.5868606e-04   4.7882147e-04  -2.0642590e-03
  -5.8679712e-04  -9.4706377e-04   2.3520738e-04  -2.0042078e-03
  -6.6925836e-04  -7.5606035e-04   1.1902220e-04  -1.6101221e-03
  -7.8545374e-04  -9.2084761e-04   1.1902220e-04  -1.9291439e-03
  -9.5787269e-04  -8.7590563e-04  -9.1088500e-07  -2.0830250e-03
  -7.2923017e-04  -7.8227651e-04  -6.1931587e-04  -1.8690927e-03
  -3.9938522e-04  -5.7629243e-04  -7.2425732e-04  -1.8803523e-03
  -3.6190284e-04  -8.1598299e-04  -7.8797178e-04  -2.0680122e-03
  -5.7555241e-04  -8.9463146e-04  -9.0790486e-04  -2.3645147e-03
  -1.0103480e-03  -6.2123441e-04  -6.0057633e-04  -2.0004546e-03
  -9.7286564e-04  -9.6953476e-04  -8.2170296e-04  -2.2218933e-03
  -6.0928655e-04  -7.1111837e-04  -9.1165277e-04  -2.1881145e-03
  -7.3672664e-04  -5.8752793e-04  -8.0671132e-04  -1.7790160e-03
  -6.2802774e-04  -8.6467014e-04  -8.1045923e-04  -2.1130505e-03
  -6.3552422e-04  -8.3470882e-04  -6.1931587e-04  -2.1055441e-03
  -6.4676893e-04  -8.5343464e-04  -8.2170296e-04  -2.0042078e-03
  -2.7194513e-04  -1.0069864e-03  -3.5696224e-04  -1.9216375e-03
  -1.0215927e-03  -1.0294574e-03  -8.3364883e-05  -2.8486772e-03
  -8.4542555e-04  -7.0737321e-04  -2.5576870e-04  -2.2143869e-03
  -3.2057900e-05  -8.6467014e-04  -1.3958352e-04  -1.4487347e-03
  -2.0447685e-04  -9.2459278e-04  -3.4571851e-04  -2.8186516e-03
  -9.9526184e-05  -7.7104101e-04   3.5888838e-04  -2.1355697e-03
  -7.5171960e-04  -9.8451542e-04   6.6621692e-04  -1.8315608e-03
  -1.0290892e-03  -9.2833794e-04   2.6893856e-04  -2.5559278e-03
  -3.3566518e-04  -1.0556735e-03   4.9381310e-04  -2.1243101e-03
  -1.2576385e-04  -9.9200575e-04   6.5122528e-04  -1.9516631e-03
  -2.4195923e-04  -6.5868606e-04   8.1238537e-04  -2.0567526e-03
