  -1.0327442e-04  -1.0144767e-03  -6.4625338e-05  -1.9629227e-03
  -1.7823918e-04  -6.8490222e-04  -1.0960025e-04  -2.0642590e-03
  -1.1826737e-04  -6.7366672e-04  -6.8373247e-05  -2.0680122e-03
  -2.1197332e-04  -8.6092497e-04  -2.4827288e-04  -1.8578331e-03
  -3.1317575e-04  -7.1860870e-04  -1.4333143e-04  -1.8278076e-03
  -7.7036756e-05  -8.6467014e-04   3.6568205e-05  -2.0792718e-03
  -2.0719960e-06  -9.2833794e-04  -2.5951661e-04  -2.1918677e-03
  -1.5574975e-04  -1.0219671e-03  -8.3364883e-05  -2.0755186e-03
  -9.9526184e-05  -8.7216047e-04   4.0316114e-05  -1.9779355e-03
  -2.7944161e-04  -7.6729585e-04  -2.1454170e-04  -2.1693485e-03
  -2.9068632e-04  -1.0669090e-03  -1.7331470e-04  -2.0755186e-03
  -5.8202340e-06  -8.1223783e-04  -7.2121156e-05  -1.9704291e-03
  -3.9938522e-04  -8.2347332e-04  -2.7450824e-04  -2.1055441e-03
  -2.5320394e-04  -9.6578959e-04  -2.1454170e-04  -1.8878587e-03
  -2.0447685e-04  -9.1710245e-04  -1.4707934e-04  -2.0417398e-03
  -3.4316165e-04  -1.0444381e-03  -3.5321433e-04  -2.1468293e-03
  -2.0072861e-04  -8.7590563e-04  -2.7825615e-04  -1.9516631e-03
  -4.9309117e-04  -1.0406929e-03  -1.6581888e-04  -2.1168037e-03
  -3.0567927e-04  -1.1605382e-03  -2.7076033e-04  -1.9141311e-03
  -4.2937113e-04  -9.3957344e-04  -2.4452497e-04  -1.8390672e-03
  -4.5935703e-04  -1.0369477e-03  -1.2154612e-05  -2.2669316e-03
  -2.7569337e-04  -1.0856349e-03  -1.6207097e-04  -2.2594252e-03
  -3.3941342e-04  -8.6467014e-04  -2.5951661e-04  -2.0117142e-03
  -2.3821099e-04  -1.0669090e-03  -2.1828961e-04  -2.0755186e-03
  -3.2816870e-04  -1.1680285e-03  -4.3566833e-04  -1.9178843e-03
  -5.8295566e-05  -9.8077025e-04  -4.2067669e-04  -1.7414840e-03
  -1.3700856e-04  -1.3028544e-03  -2.5202079e-04  -1.8240544e-03
  -3.5815461e-04  -1.0369477e-03  -8.3364883e-05  -1.8015352e-03
  -3.2816870e-04  -1.0107316e-03  -1.3583561e-04  -1.7001989e-03
  -2.0072861e-04  -1.2803834e-03  -1.0585234e-04  -1.6101221e-03
   1.2920956e-05  -5.3509562e-04  -1.2459188e-04  -1.8052884e-03
  -1.5949799e-04  -6.8864738e-04  -2.3702915e-04  -1.7640032e-03
  -1.1077090e-04  -1.0818897e-03  -4.2137884e-05  -1.8503268e-03
  -8.0784994e-05  -6.2497958e-04  -2.7076033e-04  -1.9028715e-03
  -8.4533232e-05  -7.1486354e-04  -2.8949988e-04  -1.7077053e-03
  -2.0813186e-05  -9.0961212e-04  -2.5951661e-04  -1.8728459e-03
  -2.0822509e-04  -7.7853134e-04  -5.0687860e-04  -1.9366503e-03
  -2.6819689e-04  -7.3358936e-04  -1.2833979e-04  -2.1318165e-03
  -9.9526184e-05  -9.0586695e-04   8.5291022e-05  -2.0079610e-03
   6.1648050e-05  -9.6578959e-04  -2.1828961e-04  -1.8878587e-03
  -8.8281470e-05  -7.7853134e-04  -2.9324779e-04  -2.0830250e-03
  -1.1826737e-04  -7.7478618e-04   3.2820296e-05  -2.1318165e-03
  -9.2029708e-05  -8.5717981e-04  -1.0210443e-04  -2.3007104e-03
  -2.3446275e-04  -8.0474750e-04  -2.4827288e-04  -2.1430761e-03
  -6.2043804e-05  -8.1598299e-04  -2.7146248e-05  -2.0942846e-03
  -1.5574975e-04  -7.7104101e-04  -2.2203752e-04  -2.1993741e-03
  -1.4450504e-04  -6.6617639e-04  -2.2953333e-04  -2.1393229e-03
  -9.5777946e-05  -1.0594187e-03  -2.2578543e-04  -2.1505825e-03
  -4.0313346e-04  -9.3582827e-04  -1.3583561e-04  -2.0755186e-03
   1.2920956e-05  -5.6880210e-04   7.4047295e-05  -2.1655953e-03
   5.4244800e-06  -8.6841530e-04  -1.2459188e-04  -2.2181401e-03
  -2.2321804e-04  -7.5980552e-04  -4.9633702e-05  -2.0830250e-03
   8.0389240e-05  -8.0100233e-04  -8.3364883e-05  -2.2819444e-03
  -2.0447685e-04  -1.0968704e-03  -2.5202079e-04  -2.4620979e-03
  -1.1451914e-04  -9.3957344e-04  -4.9633702e-05  -2.2744380e-03
   1.2920956e-05  -1.0893800e-03  -1.7706261e-04  -2.3194764e-03
  -2.2321804e-04  -9.2833794e-04  -2.4077706e-04  -2.3570083e-03
  -7.3288518e-05  -6.2497958e-04   5.9055659e-05  -2.1693485e-03
  -9.5777946e-05  -8.1598299e-04   1.7828660e-05  -2.3382424e-03
  -2.1946980e-04  -7.5980552e-04   2.9072387e-05  -2.5221490e-03
  -2.6819689e-04  -9.4331860e-04  -1.4333143e-04  -2.2744380e-03
  -1.3316710e-05  -8.7590563e-04  -2.7076033e-04  -2.2819444e-03
  -5.4547328e-05  -8.1598299e-04   5.1559841e-05  -2.6159789e-03
  -2.9068632e-04  -9.8077025e-04   4.7811932e-05  -2.4170595e-03
   9.1727180e-06  -7.3358936e-04   2.5324478e-05  -2.0567526e-03
   1.4410929e-04  -7.9725717e-04  -1.0960025e-04  -2.0492462e-03
   1.3286457e-04  -7.7478618e-04   5.1559841e-05  -2.2143869e-03
   6.1648050e-05  -5.8003760e-04   2.0522411e-04  -2.1130505e-03
  -1.3316710e-05  -5.5756661e-04  -1.6207097e-04  -1.8503268e-03
  -1.4075680e-04  -7.0737321e-04   3.6568205e-05  -2.0567526e-03
  -2.4561424e-05  -7.9351200e-04   7.4047295e-05  -2.0567526e-03
   2.1157757e-04  -6.8490222e-04  -1.6956679e-04  -2.0117142e-03
   5.4151574e-05  -6.1374408e-04   1.7828660e-05  -2.1655953e-03
   2.4531171e-04  -7.7104101e-04   1.8273666e-04  -2.2331528e-03
  -5.8202340e-06  -7.9351200e-04  -3.8389975e-05  -2.3194764e-03
  -1.5200152e-04  -7.2235387e-04  -1.2084397e-04  -2.0605058e-03
   3.9158622e-05  -1.0182219e-03   5.9055659e-05  -2.0642590e-03
  -1.1451914e-04  -9.4331860e-04  -7.2121156e-05  -2.1543357e-03
   1.2920956e-05  -7.5231519e-04  -1.3958352e-04  -1.9291439e-03
  -1.7074271e-04  -7.9725717e-04  -1.5082725e-04  -2.2031273e-03
   9.5382192e-05  -7.5231519e-04  -9.8356519e-05  -2.1956209e-03
   9.1727180e-06  -8.1223783e-04  -9.4608610e-05  -1.8428204e-03
  -3.4690989e-04  -9.0212179e-04  -4.9633702e-05  -2.0830250e-03
  -7.3288518e-05  -8.3096365e-04   1.4900547e-04  -2.1355697e-03
  -3.4690989e-04  -7.4107969e-04  -2.8200406e-04  -2.0379866e-03
  -1.5574975e-04  -7.4107969e-04  -2.5951661e-04  -2.2481656e-03
  -9.9526184e-05  -7.4857002e-04   1.0403057e-04  -2.2106337e-03
  -1.9323213e-04  -8.1598299e-04  -2.5202079e-04  -1.7752628e-03
  -9.5684720e-06  -7.7853134e-04  -1.9955006e-04  -1.9854418e-03
  -2.7194513e-04  -9.5455410e-04  -9.1088500e-07  -2.3344892e-03
  -1.0702266e-04  -1.1268317e-03  -1.5832306e-04  -1.9629227e-03
  -3.7689580e-04  -8.9463146e-04  -1.3583561e-04  -2.0717654e-03
  -4.2187465e-04  -9.3208311e-04  -2.5202079e-04  -2.1881145e-03
  -6.2043804e-05  -9.5080893e-04  -2.8949988e-04  -2.0492462e-03
  -3.7314756e-04  -8.7965080e-04  -2.0704588e-04  -2.1430761e-03
  -2.4570747e-04  -8.9088629e-04  -2.9699570e-04  -2.2331528e-03
  -2.3821099e-04  -8.8339596e-04  -1.2459188e-04  -2.1017910e-03
  -2.4945570e-04  -8.9837662e-04  -3.4197060e-04  -2.0680122e-03
  -1.7449094e-04  -9.7327992e-04  -3.5696224e-04  -2.3457488e-03
  -2.6070042e-04  -1.0369477e-03   4.7811932e-05  -1.9929482e-03
  -1.1451914e-04  -8.0100233e-04  -3.3072688e-04  -1.8841055e-03
  -3.6190284e-04  -9.5080893e-04  -1.6956679e-04  -2.0079610e-03
  -5.8304889e-04  -8.3470882e-04  -1.9205424e-04  -1.8578331e-03
  -3.3566518e-04  -7.3358936e-04  -4.6190369e-04  -2.1280633e-03
  -3.6190284e-04  -1.1118510e-03  -1.2833979e-04  -2.2856976e-03
  -5.8304889e-04  -9.7702509e-04  -1.9955006e-04  -2.1318165e-03
  -3.1317575e-04  -9.8077025e-04  -2.0329797e-04  -1.8315608e-03
  -2.3071451e-04  -8.4594431e-04  -3.0449151e-04  -1.9253907e-03
  -2.3071451e-04  -8.5717981e-04  -1.8455843e-04  -2.0605058e-03
  -5.8202340e-06  -8.7590563e-04  -1.4333143e-04  -1.8991183e-03
  -9.9526184e-05  -7.7853134e-04  -1.3208770e-04  -1.7977820e-03
  -1.8948390e-04  -9.6953476e-04  -1.5902521e-05  -1.6739265e-03
  -1.7823918e-04  -7.2984420e-04  -2.6701242e-04  -1.8240544e-03
  -1.3316710e-05  -8.4219915e-04  -1.7706261e-04  -1.8540799e-03
  -1.7074271e-04  -8.6841530e-04  -7.5869065e-05  -1.8127948e-03
  -2.8693808e-04  -9.3582827e-04  -3.8389975e-05  -1.8165480e-03
   8.7885716e-05  -8.4968948e-04  -5.7129520e-05  -1.8165480e-03
  -1.7823918e-04  -5.1262463e-04  -7.5869065e-05  -1.9666759e-03
  -1.8948390e-04  -1.0332026e-03  -2.7825615e-04  -1.8728459e-03
  -1.8948390e-04  -9.3582827e-04  -1.4707934e-04  -2.0192206e-03
  -3.9188875e-04  -7.2235387e-04  -2.3398339e-05  -2.1017910e-03
  -1.9698037e-04  -9.2833794e-04  -4.6565160e-04  -1.9854418e-03
  -2.7194513e-04  -7.6729585e-04  -1.8455843e-04  -2.1017910e-03
  -8.0784994e-05  -8.0849266e-04  -1.6581888e-04  -2.0004546e-03
  -2.4195923e-04  -9.4706377e-04  -3.0823942e-04  -2.1318165e-03
  -1.1826737e-04  -6.8115705e-04  -2.8200406e-04  -2.2143869e-03
  -1.1077090e-04  -5.5007628e-04  -2.2203752e-04  -2.1806081e-03
  -3.3566518e-04  -9.3957344e-04  -1.2154612e-05  -2.1468293e-03
   1.5535400e-04  -8.2721849e-04  -2.8200406e-04  -2.0154674e-03
  -1.9698037e-04  -7.4107969e-04  -2.5576870e-04  -2.2819444e-03
  -3.2067223e-04  -1.0294574e-03  -1.5902521e-05  -2.1693485e-03
  -2.4561424e-05  -7.6355068e-04   6.6551477e-05  -2.1205569e-03
  -6.9540280e-05  -7.5980552e-04  -3.4197060e-04  -2.2331528e-03
  -6.9540280e-05  -8.4968948e-04   2.5324478e-05  -2.1655953e-03
  -3.3566518e-04  -8.3096365e-04  -3.7195388e-04  -2.2068805e-03
  -2.7569337e-04  -1.0257122e-03   2.6893856e-04  -1.7790160e-03
   3.5401061e-04  -7.1860870e-04   3.1285931e-03  -2.1430761e-03
  -2.6444866e-04  -8.5717981e-04   1.6669086e-03  -2.5671874e-03
  -6.5051717e-04  -9.4706377e-04   3.8887165e-04  -1.9328971e-03
   9.2749103e-04  -5.6131177e-04   8.8734355e-04  -1.9479099e-03
   9.0125336e-04  -8.9463146e-04   1.1759325e-03  -2.3532552e-03
  -6.4302069e-04  -7.6355068e-04   1.8692957e-03  -2.4620979e-03
  -5.3807003e-04  -6.3246991e-04   1.0859827e-03  -2.1130505e-03
   8.3003684e-04  -1.0294574e-03   1.9629934e-03  -1.9929482e-03
   3.6900357e-04  -8.9837662e-04   3.2597699e-03  -2.0830250e-03
  -5.2307708e-04  -6.8490222e-04   5.9807519e-03  -1.3323856e-03
   8.0005094e-04  -4.6393748e-04   9.5075342e-03  -1.0171170e-03
   1.7296140e-03  -6.1374408e-04   9.9160563e-03  -1.2085301e-03
   1.3173078e-03  -6.0999892e-04   7.4162010e-03  -1.4299687e-03
   1.4447479e-03  -2.5795341e-04   3.9156540e-03  -1.3849303e-03
   2.8578336e-03  -3.9652451e-04   7.0564018e-03  -9.3079349e-04
   3.1127138e-03  -4.3397616e-04   1.0253368e-02  -1.6889393e-03
   1.3435454e-03  -5.6131177e-04   8.0458497e-03  -1.8916119e-03
   9.9870755e-04  -6.6617639e-04   5.9470207e-03  -1.0246234e-03
   2.3893038e-03  -6.2123441e-04   1.7418668e-03  -1.4224623e-03
   2.3743109e-03  -6.3246991e-04  -1.2077376e-03  -2.0942846e-03
   6.8760380e-04  -5.7629243e-04  -4.6258306e-03  -2.3344892e-03
  -5.4181827e-04  -6.6243123e-04  -1.0408854e-02  -2.0229738e-03
   1.2385948e-03  -6.8490222e-04  -1.2335279e-02  -2.0642590e-03
   2.7228970e-03  -8.7965080e-04  -1.3684527e-02  -2.7998856e-03
  -4.1062994e-04  -6.2123441e-04  -1.6607896e-02  -2.5108894e-03
  -1.4751295e-03  -4.2648583e-04  -1.9186457e-02  -2.4658511e-03
   1.2535877e-03  -9.3208311e-04  -2.0595671e-02  -3.3215800e-03
   1.7071245e-03  -8.8714113e-04  -2.1630094e-02  -3.8470276e-03
  -4.8559470e-04  -8.8339596e-04  -2.3668956e-02  -3.5542782e-03
  -1.5388496e-03  -9.0586695e-04  -2.2971845e-02  -3.4679547e-03
   1.1037514e-04  -9.4706377e-04  -1.9527517e-02  -4.0647130e-03
  -4.1812641e-04  -1.1755188e-03  -1.6694098e-02  -3.6931465e-03
  -2.3447207e-03  -1.0257122e-03  -1.3208542e-02  -3.2840480e-03
  -1.1490328e-03  -1.1006155e-03  -8.1001422e-03  -3.2915544e-03
  -3.6190284e-04  -1.0369477e-03  -3.7113408e-03  -2.9500135e-03
  -1.2165011e-03  -1.1268317e-03   3.9261956e-04  -2.7135621e-03
  -2.6670692e-03  -1.4863675e-03   5.7296420e-03  -2.4057999e-03
  -3.6753452e-03  -1.3665222e-03   1.0272108e-02  -2.3645147e-03
  -2.3184831e-03  -1.1867543e-03   1.3574016e-02  -2.2143869e-03
  -1.4976190e-03  -1.2991093e-03   1.5811517e-02  -1.6889393e-03
  -2.5321326e-03  -1.2616576e-03   1.7198244e-02  -1.4825134e-03
  -3.9789525e-03  -9.9575091e-04   1.8599961e-02  -1.4149559e-03
  -3.6153734e-03  -1.1942447e-03   1.8907290e-02  -1.3136196e-03
  -3.1955708e-03  -1.2916189e-03   1.8472533e-02  -1.3436452e-03
  -3.4954298e-03  -1.0556735e-03   1.7524312e-02  -1.4975262e-03
  -1.8049745e-03  -9.3957344e-04   1.4720876e-02  -1.1747513e-03
  -3.2255567e-03  -6.5868606e-04   1.2738232e-02  -7.1310806e-04
  -3.5329122e-03  -5.7629243e-04   1.2876904e-02  -1.5237986e-03
  -2.1573088e-03  -8.3845398e-04   1.1655086e-02  -2.1468293e-03
  -3.4167168e-03  -8.7590563e-04   7.6335797e-03  -1.7790160e-03
  -9.0914559e-04  -8.5717981e-04   4.0918057e-03  -2.1092973e-03
  -2.7008034e-03  -9.3208311e-04   6.7371273e-04  -1.5650838e-03
  -5.1671440e-03  -1.0893800e-03   6.2498992e-04  -1.1597385e-03
   1.8308164e-03  -1.4526610e-03   9.2339369e-03  -3.7757168e-03
   3.6262224e-03  -1.1455575e-03   9.7848795e-03  -4.4813179e-03
  -1.0478304e-03  -4.9764397e-04  -1.2077376e-03  -1.7001989e-03
  -2.2697560e-03  -7.8602167e-04  -6.5410121e-03  -4.2786509e-04
  -1.0253410e-03  -1.3215803e-03  -3.0029860e-03  -1.7339776e-03
  -1.5013672e-03  -1.2916189e-03   1.7456147e-03  -3.3516056e-03
  -3.9939455e-03  -7.1111837e-04  -3.6701138e-03  -2.3082168e-03
  -8.8665616e-04  -4.1899550e-04  -1.1225898e-02  -3.7156714e-04
   3.3975799e-03  -6.6617639e-04  -9.8166846e-03  -1.2385556e-03
   1.2920956e-05  -5.2011496e-04  -6.8933155e-03  -2.8711963e-03
  -4.0126867e-03  -2.5795341e-04  -7.3618042e-03  -2.4020467e-03
  -1.1565293e-03  -8.7965080e-04  -8.7897575e-03  -2.1881145e-03
   4.3121499e-03  -1.2579125e-03  -7.2643585e-03  -3.3403460e-03
   2.2731085e-03  -4.1899550e-04  -7.8153012e-03  -3.3591119e-03
  -2.6783139e-03  -3.0664055e-04  -1.1533227e-02  -2.4245659e-03
   6.5396288e-05  -9.5080893e-04  -1.0090282e-02  -2.2406592e-03
   4.4208488e-03  -1.3927384e-03  -5.7314637e-03  -3.8282616e-03
   1.1861194e-03  -1.2579125e-03  -6.2824064e-03  -4.1172577e-03
  -3.3829827e-03  -8.0474750e-04  -1.1683143e-02  -2.0342334e-03
  -6.9540280e-05  -9.8826058e-04  -1.2983668e-02  -1.5425646e-03
   3.1164620e-03  -1.2391866e-03  -9.4756248e-03  -2.5484214e-03
  -1.0628233e-03  -8.9463146e-04  -9.2732378e-03  -2.6947961e-03
  -3.4804369e-03  -4.6019232e-04  -1.0457577e-02  -1.7902756e-03
   4.4022009e-04  -1.0743994e-03  -8.9096906e-03  -1.8803523e-03
   2.8840713e-03  -1.2242060e-03  -5.6864888e-03  -3.0663626e-03
   2.5280819e-04  -7.9725717e-04  -3.5426849e-03  -3.0363370e-03
  -1.4825328e-04  -8.3096365e-04  -1.9835547e-03  -2.6535109e-03
   2.7978618e-03  -1.0294574e-03   9.3606636e-04  -2.7923792e-03
   1.7296140e-03  -1.2841286e-03   2.7313148e-03  -2.5371618e-03
  -1.4076612e-03  -8.8714113e-04   3.8594354e-03  -2.3382424e-03
  -8.7541145e-04  -1.0332026e-03   5.5534903e-03  -2.2143869e-03
   1.4634891e-03  -1.1792640e-03   6.3705344e-03  -1.8353140e-03
   6.0514256e-04  -9.2833794e-04   6.0594580e-03  -1.2348024e-03
  -1.4413954e-03  -1.0219671e-03   7.2962679e-03  -1.2873472e-03
  -1.3701789e-03  -9.8826058e-04   9.6162236e-03  -1.6626669e-03
  -1.0103480e-03  -1.0893800e-03   9.5899882e-03  -1.3924367e-03
   1.7034695e-04  -6.8490222e-04   9.3351304e-03  -1.3624111e-03
   2.5655643e-04  -5.0513430e-04   8.8628939e-03  -1.2798408e-03
   3.6150709e-04  -6.5494090e-04   8.7729441e-03  -1.5275518e-03
   1.3885243e-03  -6.0999892e-04   9.1027601e-03  -2.1618421e-03
   4.2147890e-04  -7.1860870e-04   7.0339143e-03  -2.1355697e-03
  -8.0419493e-04  -5.4633111e-04   4.5565465e-03  -1.2348024e-03
  -1.8012262e-03  -6.5119573e-04   4.7589335e-03  -8.3696356e-04
   1.6134186e-03  -8.9837662e-04   9.9647791e-03  -2.5484214e-03
   3.5062788e-03  -7.4482486e-04   1.0916748e-02  -3.2615288e-03
  -6.0928655e-04  -3.4783737e-04   3.0348954e-03  -9.1953390e-04
   3.1278000e-04  -3.5907286e-04   6.5497319e-04   1.5012725e-04
   2.7941136e-03  -9.0212179e-04   5.1562119e-03  -1.8015352e-03
  -7.0299250e-04  -1.0669090e-03   5.7558773e-03  -2.4358255e-03
  -4.0126867e-03  -7.7478618e-04   1.5769588e-03  -9.5706587e-04
   8.4137478e-05  -7.9725717e-04  -8.8916532e-04  -5.6673338e-04
   4.2146958e-03  -9.6204443e-04   1.5650129e-04  -1.7977820e-03
   1.1861194e-03  -5.6505694e-04  -5.3381611e-05  -2.4883702e-03
  -1.4151577e-03  -4.0401484e-04  -2.0922441e-03  -2.2444124e-03
   1.4035173e-03  -6.4745057e-04  -3.5839119e-03  -2.3495020e-03
   3.4687964e-03  -9.4706377e-04  -4.7794949e-03  -2.2143869e-03
   8.4502979e-04  -8.5343464e-04  -5.8513968e-03  -2.4170595e-03
  -6.9174779e-04  -5.3509562e-04  -6.7846262e-03  -2.4320723e-03
   1.1336441e-03  -8.1223783e-04  -7.5042247e-03  -2.1731017e-03
   3.4650482e-03  -7.4482486e-04  -6.4810455e-03  -2.5746938e-03
   1.9320188e-03  -5.6880210e-04  -6.0875151e-03  -2.4696043e-03
  -6.0928655e-04  -4.9764397e-04  -7.5829308e-03  -2.3382424e-03
  -4.3302614e-05  -3.8903418e-04  -9.2544982e-03  -1.6851861e-03
  -2.5320394e-04  -7.7478618e-04  -1.0862351e-02  -1.0171170e-03
   2.9029057e-04  -9.8077025e-04  -7.4592498e-03  -1.9253907e-03
   1.2910701e-03  -8.8339596e-04  -3.0891879e-03  -3.1526861e-03
   5.8265313e-04  -4.6768265e-04  -5.5965390e-03  -2.6722769e-03
   8.6377098e-04  -3.3285671e-04  -8.9659092e-03  -1.4524879e-03
   2.5879605e-03  -8.3470882e-04  -7.2381232e-03  -1.9028715e-03
   1.7745928e-03  -9.6204443e-04  -3.0142297e-03  -2.9500135e-03
  -1.6438002e-03  -8.5717981e-04  -2.6656742e-03  -2.7210685e-03
  -1.3814236e-03  -9.8077025e-04  -4.2772751e-03  -1.6439009e-03
   1.4597408e-03  -1.2204608e-03  -2.8568175e-03  -1.7752628e-03
   1.8907882e-03  -9.1335728e-04  -2.5202079e-04  -2.4996298e-03
  -4.0688170e-04  -6.8115705e-04   9.6230173e-04  -2.0079610e-03
  -1.5051154e-03  -9.8451542e-04   8.0114164e-04  -1.5087858e-03
   8.3003684e-04  -7.7853134e-04   2.5888942e-03  -1.7902756e-03
   2.0107318e-03  -7.8227651e-04   4.2304784e-03  -1.8615863e-03
   6.1263904e-04  -1.1193414e-03   4.4740925e-03  -1.4374751e-03
  -1.5238566e-03  -9.9200575e-04   5.9770040e-03  -1.4224623e-03
  -1.6737861e-03  -8.3845398e-04   7.1575953e-03  -1.8052884e-03
   5.7515666e-04  -1.0856349e-03   7.7347733e-03  -1.7527436e-03
   1.1561335e-03  -1.0818897e-03   6.7753086e-03  -1.3436452e-03
  -2.4195923e-04  -6.0999892e-04   5.5984652e-03  -1.0058574e-03
  -8.6041850e-04  -6.1374408e-04   6.0369705e-03  -1.2122833e-03
   2.5655643e-04  -7.5606035e-04   5.6247005e-03  -1.6063689e-03
  -1.6699447e-04  -8.5343464e-04   3.8294521e-03  -1.2272961e-03
  -2.1648053e-03  -1.0107316e-03   3.0423912e-03  -7.3187405e-04
  -1.5351013e-03  -8.7590563e-04   5.5085153e-03  -1.1109469e-03
   1.9395153e-03  -9.7327992e-04   9.2976513e-03  -2.6047194e-03
   2.5767157e-03  -7.8976684e-04   7.8584543e-03  -2.6647705e-03
  -1.0815645e-03  -3.8528902e-04   1.3221010e-03  -7.1310806e-04
  -1.1078022e-03  -6.6992156e-04   9.4731009e-04  -4.4287788e-04
   6.8010732e-04  -1.0257122e-03   5.6546838e-03  -2.1881145e-03
  -1.6213108e-03  -1.1942447e-03   4.8039085e-03  -2.7773664e-03
  -3.0194036e-03  -7.4107969e-04   5.8751083e-04  -1.2385556e-03
   3.8774476e-04  -4.3397616e-04  -6.0432423e-04  -1.0058574e-03
   2.8765748e-03  -6.6617639e-04   1.2358991e-03  -2.2556720e-03
  -5.3807003e-04  -2.9540506e-04   3.5514047e-04  -2.3982935e-03
  -2.7532787e-03  -4.5644715e-04  -2.3171186e-03  -1.9666759e-03
   6.1648050e-05  -1.0107316e-03  -2.1709502e-03  -2.3194764e-03
   1.3323007e-03  -1.1418123e-03  -2.7069012e-03  -2.7923792e-03
  -8.6041850e-04  -8.7965080e-04  -4.4234435e-03  -2.3757743e-03
  -1.2389905e-03  -4.7142781e-04  -4.9706382e-03  -2.3720211e-03
   5.5266723e-04  -6.6243123e-04  -5.5515641e-03  -2.4170595e-03
   6.6511437e-04  -7.7104101e-04  -5.0905713e-03  -2.3495020e-03
   1.2536810e-04  -6.8864738e-04  -3.4264997e-03  -2.9087283e-03
  -3.9563699e-04  -6.1374408e-04  -3.6776096e-03  -3.1526861e-03
  -7.3288518e-05  -5.4258595e-04  -5.1842690e-03  -2.7811196e-03
   6.3512846e-04  -5.1636979e-04  -6.8333490e-03  -2.3044636e-03
  -7.7420902e-04  -6.8490222e-04  -7.5604433e-03  -2.1731017e-03
  -1.6512967e-03  -7.0737321e-04  -5.4616143e-03  -2.3044636e-03
  -3.2067223e-04  -8.1598299e-04  -2.5869681e-03  -2.9687795e-03
   3.4651414e-04  -1.2728931e-03  -2.4145643e-03  -3.1451797e-03
  -6.1303479e-04  -8.6092497e-04  -4.6783013e-03  -2.4846170e-03
  -3.0567927e-04  -5.2386012e-04  -4.6633097e-03  -2.3532552e-03
   8.7126746e-04  -8.3470882e-04  -2.3246145e-03  -2.7736132e-03
  -3.5440637e-04  -1.1006155e-03  -1.8636217e-03  -3.0963882e-03
  -1.5650872e-03  -9.5080893e-04  -2.6544305e-03  -2.6497577e-03
  -6.3927246e-04  -8.1598299e-04  -1.9498236e-03  -2.3607615e-03
   3.9524123e-04  -9.0586695e-04   6.5849330e-06  -2.7736132e-03
   1.0287867e-04  -6.9239255e-04   6.6246901e-04  -2.6234853e-03
  -9.9160683e-04  -8.3845398e-04   4.0011538e-04  -1.7977820e-03
  -6.7300660e-04  -9.8077025e-04   1.8393124e-03  -1.8090416e-03
  -2.1946980e-04  -9.4706377e-04   3.4434175e-03  -2.1468293e-03
  -8.9415264e-04  -8.4594431e-04   3.6533004e-03  -1.9178843e-03
  -6.5051717e-04  -6.9988288e-04   3.8332000e-03  -1.9967014e-03
   8.7885716e-05  -8.2721849e-04   4.3541594e-03  -1.8278076e-03
   4.0648595e-04  -6.1374408e-04   5.1899431e-03  -1.8203012e-03
  -5.3432179e-04  -5.8752793e-04   4.5453027e-03  -1.8390672e-03
  -1.8649463e-03  -9.8451542e-04   2.8325083e-03  -1.4825134e-03
  -1.2839694e-03  -1.0669090e-03   2.9824247e-03  -1.8165480e-03
  -9.3163502e-04  -1.2429318e-03   3.3797030e-03  -1.9666759e-03
  -1.9886381e-03  -1.3515416e-03   2.8587437e-03  -1.8765991e-03
  -2.1872947e-03  -1.2654028e-03   2.9786768e-03  -1.9178843e-03
  -9.6536916e-04  -1.4601514e-03   4.0018559e-03  -2.0417398e-03
   2.0417432e-05  -1.1006155e-03   4.5902776e-03  -2.4696043e-03
   3.3901766e-04  -4.3023100e-04   3.8669312e-03  -2.4658511e-03
   7.8880622e-04  -3.1038572e-04   2.9074665e-03  -2.4808638e-03
   3.2027647e-04  -3.8903418e-04   1.7868417e-03  -2.3682679e-03
  -1.0740681e-03  -5.4258595e-04   5.5003174e-04  -1.9554163e-03
  -1.4826260e-03  -6.5868606e-04   4.7882147e-04  -2.2631784e-03
  -1.1415363e-03  -6.3621507e-04  -6.4625338e-05  -2.2181401e-03
  -8.2293612e-04  -6.9613771e-04  -1.8186467e-03  -1.9854418e-03
  -1.7064948e-05  -4.4895682e-04  -2.5532369e-03  -2.0680122e-03
   2.0033286e-04  -3.0664055e-04  -2.4070685e-03  -2.0567526e-03
  -1.0327442e-04  -4.7517298e-04  -2.5195057e-03  -2.3344892e-03
  -7.9295021e-04  -5.4633111e-04  -3.2278605e-03  -2.0830250e-03
  -1.4001648e-03  -1.0594187e-03  -3.2166168e-03  -2.1731017e-03
  -1.5949799e-04  -1.2391866e-03  -1.8411342e-03  -2.8411708e-03
  -1.5200152e-04  -1.0893800e-03  -2.8418259e-03  -2.5446682e-03
  -1.1377881e-03  -1.0369477e-03  -5.1805211e-03  -1.9366503e-03
  -3.0942751e-04  -1.0631639e-03  -4.9294112e-03  -2.0267270e-03
  -6.9540280e-05  -1.2279511e-03  -3.8912404e-03  -2.6272385e-03
  -1.4563883e-03  -1.1493027e-03  -3.6701138e-03  -2.4395787e-03
  -1.8349604e-03  -1.2841286e-03  -4.1273587e-03  -1.9666759e-03
   3.6525533e-04  -1.0556735e-03  -3.3365499e-03  -2.3570083e-03
   1.5496985e-03  -9.1710245e-04  -2.0697567e-03  -2.6722769e-03
   1.9283638e-04  -8.9837662e-04  -2.6544305e-03  -2.7098089e-03
  -5.3057355e-04  -5.5756661e-04  -3.0142297e-03  -2.5484214e-03
  -2.0813186e-05  -8.9837662e-04  -3.1828856e-03  -2.1468293e-03
  -1.9323213e-04  -1.1043607e-03  -3.1191712e-03  -2.2369060e-03
  -1.5126119e-03  -1.0144767e-03  -2.8493217e-03  -2.2256465e-03
  -1.4338989e-03  -9.7327992e-04  -2.8043468e-03  -1.8203012e-03
   1.6669194e-05  -8.4968948e-04  -2.1746981e-03  -1.7827692e-03
   3.3152119e-04  -7.4107969e-04  -1.8898570e-03  -1.8653395e-03
  -3.2816870e-04  -5.6131177e-04  -1.2826958e-03  -1.8991183e-03
  -6.8425131e-04  -7.7853134e-04  -7.9616974e-05  -1.9178843e-03
  -3.1692399e-04  -1.1792640e-03   7.7490628e-04  -2.0830250e-03
  -1.6324623e-04  -1.1418123e-03   8.6110818e-04  -2.0192206e-03
  -6.2053127e-04  -9.6578959e-04   1.4232945e-03  -1.7414840e-03
  -3.1692399e-04  -1.0032412e-03   3.0236517e-03  -1.8390672e-03
   1.5535400e-04  -9.6953476e-04   3.2597699e-03  -1.9704291e-03
  -4.6685351e-04  -7.8976684e-04   3.1473327e-03  -1.9028715e-03
  -6.7300660e-04  -7.7104101e-04   3.5708464e-03  -1.7564968e-03
  -3.6939932e-04  -7.8976684e-04   3.8069647e-03  -1.8916119e-03
  -6.0553831e-04  -8.6841530e-04   4.1180411e-03  -1.7489904e-03
  -6.6551012e-04  -7.8602167e-04   3.0311475e-03  -1.3999431e-03
  -5.7555241e-04  -6.6992156e-04   1.9255143e-03  -1.4900198e-03
  -6.4302069e-04  -1.0107316e-03   2.3865071e-03  -1.7715096e-03
  -3.8439227e-04  -1.0219671e-03   2.7275669e-03  -2.0605058e-03
  -4.9309117e-04  -9.1710245e-04   2.1578847e-03  -2.1468293e-03
  -4.7809822e-04  -7.9725717e-04   1.4682694e-03  -2.1655953e-03
   3.0903176e-04  -7.2235387e-04   1.6931440e-03  -1.9779355e-03
   2.3406700e-04  -9.3957344e-04   2.0604391e-03  -2.1693485e-03
  -1.7823918e-04  -7.9351200e-04   1.8468083e-03  -2.3682679e-03
   9.1727180e-06  -7.2984420e-04   1.7081356e-03  -2.1092973e-03
   3.3526942e-04  -6.3621507e-04   1.4420341e-03  -2.4433319e-03
   2.9029057e-04  -7.2609903e-04   9.3981427e-04  -2.4320723e-03
  -1.5949799e-04  -8.0100233e-04   4.2260283e-04  -2.1693485e-03
  -1.2201561e-04  -5.4258595e-04  -4.6939951e-04  -2.1806081e-03
  -2.8693808e-04  -7.7853134e-04  -8.5168623e-04  -1.9854418e-03
  -5.2682532e-04  -8.5343464e-04  -8.1420714e-04  -2.1130505e-03
  -2.0447685e-04  -7.6355068e-04  -1.4063768e-03  -2.1956209e-03
   1.1412338e-04  -6.6617639e-04  -1.9011007e-03  -2.4433319e-03
   7.1384146e-04  -6.1374408e-04  -2.0135380e-03  -2.4170595e-03
   6.3887670e-04  -6.9988288e-04  -1.9198403e-03  -2.2744380e-03
   1.3286457e-04  -5.4258595e-04  -1.9235882e-03  -2.6009662e-03
   3.0528352e-04  -6.6992156e-04  -2.1971856e-03  -2.3945403e-03
   3.9149299e-04  -9.6953476e-04  -2.5832202e-03  -2.3982935e-03
   4.7020599e-04  -9.2459278e-04  -2.6769179e-03  -2.3457488e-03
   2.3031876e-04  -6.5868606e-04  -2.4220601e-03  -2.4170595e-03
   3.2402471e-04  -7.3733453e-04  -2.2758916e-03  -2.6309917e-03
   9.4248398e-04  -8.2347332e-04  -1.9048487e-03  -2.1468293e-03
   5.0394013e-04  -7.4482486e-04  -1.7324448e-03  -2.1505825e-03
   3.5410384e-05  -6.9239255e-04  -1.9498236e-03  -1.9891950e-03
   2.8279409e-04  -4.9389880e-04  -1.9535715e-03  -1.8728459e-03
   6.7635908e-04  -6.0250859e-04  -1.5750327e-03  -2.0792718e-03
   5.7515666e-04  -6.0999892e-04  -1.3614019e-03  -1.9516631e-03
   1.8159167e-04  -5.9876342e-04  -1.2489646e-03  -2.1430761e-03
   5.6391194e-04  -6.3621507e-04  -7.3175314e-04  -1.9141311e-03
   7.0259675e-04  -5.8752793e-04  -4.9188696e-04  -2.0905314e-03
   5.1518485e-04  -7.9725717e-04  -2.9324779e-04  -2.4358255e-03
   4.0273771e-04  -6.3246991e-04  -1.5457515e-04  -1.8390672e-03
   2.2657052e-04  -6.4745057e-04  -4.6587940e-06  -2.0229738e-03
   4.0648595e-04  -7.9725717e-04   3.5514047e-04  -2.2856976e-03
   1.4785752e-04  -8.2721849e-04   2.0897202e-04  -1.8991183e-03
  -1.2201561e-04  -8.3470882e-04   4.1510701e-04  -1.9066247e-03
   3.5410384e-05  -7.4857002e-04   9.3606636e-04  -1.9854418e-03
   1.6659871e-04  -9.8077025e-04   1.1422014e-03  -1.9666759e-03
   1.7784343e-04  -7.1860870e-04   1.3033614e-03  -1.8390672e-03
   5.4151574e-05  -4.8266331e-04   1.5507234e-03  -1.6514073e-03
