  -1.4450504e-04  -8.8339596e-04  -2.3328124e-04  -1.9666759e-03
  -4.2937113e-04  -9.7327992e-04  -5.3381611e-05  -1.8653395e-03
  -1.7823918e-04  -1.1605382e-03  -1.6207097e-04  -2.0567526e-03
  -6.2043804e-05  -9.9949608e-04  -4.2817251e-04  -2.2669316e-03
  -3.8439227e-04  -8.9463146e-04  -5.4810560e-04  -2.0417398e-03
  -1.2951209e-04  -7.6355068e-04  -3.1573524e-04  -1.9666759e-03
  -1.2576385e-04  -7.4857002e-04  -7.5869065e-05  -2.1806081e-03
  -3.8064403e-04  -9.1335728e-04  -3.6071015e-04  -2.1130505e-03
  -3.5815461e-04  -8.5343464e-04  -3.4571851e-04  -2.0192206e-03
  -1.6699447e-04  -8.7216047e-04  -4.5815578e-04  -2.2969572e-03
  -1.4450504e-04  -1.0144767e-03  -4.7689533e-04  -2.1918677e-03
  -3.9188875e-04  -9.4706377e-04  -2.7146248e-05  -2.0529994e-03
  -3.0942751e-04  -7.4107969e-04  -7.9616974e-05  -2.2669316e-03
  -1.3326033e-04  -7.8227651e-04  -2.8575197e-04  -2.1280633e-03
  -3.0567927e-04  -9.7702509e-04  -4.5815578e-04  -2.0342334e-03
  -3.6565108e-04  -1.0893800e-03  -4.5065997e-04  -1.9216375e-03
  -2.8318985e-04  -1.0781445e-03  -3.0449151e-04  -2.0154674e-03
  -1.7823918e-04  -1.0219671e-03  -1.3208770e-04  -1.9516631e-03
  -2.5320394e-04  -8.7590563e-04  -8.3364883e-05  -1.8991183e-03
  -3.5440637e-04  -6.1748925e-04  -1.5082725e-04  -2.0942846e-03
  -6.9540280e-05  -8.2721849e-04  -7.5869065e-05  -1.8878587e-03
  -1.4450504e-04  -9.6204443e-04  -1.4707934e-04  -1.9929482e-03
  -2.0822509e-04  -7.8227651e-04  -1.4707934e-04  -1.9666759e-03
  -6.9540280e-05  -8.3845398e-04  -2.4452497e-04  -1.9967014e-03
   1.2536810e-04  -7.4857002e-04  -2.7450824e-04  -2.0492462e-03
  -5.8202340e-06  -7.4482486e-04  -3.4197060e-04  -1.8578331e-03
  -2.6819689e-04  -8.5343464e-04  -4.0193715e-04  -1.9103779e-03
   1.2920956e-05  -7.9351200e-04  -2.8949988e-04  -1.9741823e-03
  -2.7944161e-04  -8.7216047e-04  -3.4197060e-04  -2.1318165e-03
  -2.0447685e-04  -6.9613771e-04  -5.3381611e-05  -2.0379866e-03
  -8.4533232e-05  -4.9764397e-04  -5.7129520e-05  -2.0980378e-03
  -2.0447685e-04  -9.4331860e-04  -3.0894157e-05  -2.0342334e-03
   7.6641002e-05  -8.9088629e-04   6.2803568e-05  -2.0454930e-03
  -1.3316710e-05  -8.0474750e-04  -3.6445806e-04  -2.1430761e-03
  -1.9323213e-04  -9.2084761e-04  -2.1079379e-04  -1.8765991e-03
  -4.5186056e-04  -5.6880210e-04  -6.4625338e-05  -2.1243101e-03
  -2.3446275e-04  -8.8339596e-04  -1.1334816e-04  -2.1280633e-03
  -1.3700856e-04  -8.6841530e-04  -1.2084397e-04  -2.1393229e-03
  -2.3446275e-04  -7.3733453e-04  -2.7076033e-04  -2.0567526e-03
  -1.5200152e-04  -1.2017350e-03  -9.4608610e-05  -1.9967014e-03
  -3.7689580e-04  -7.9351200e-04  -2.0329797e-04  -2.1843613e-03
  -2.3446275e-04  -6.9239255e-04  -4.0943297e-04  -1.9028715e-03
  -1.4825328e-04  -1.1567930e-03  -2.2953333e-04  -2.1430761e-03
  -2.8693808e-04  -9.6578959e-04  -2.0329797e-04  -2.2256465e-03
  -2.0447685e-04  -6.8864738e-04  -3.4197060e-04  -2.1731017e-03
  -6.9540280e-05  -7.4107969e-04  -3.4571851e-04  -2.1505825e-03
   3.9158622e-05  -8.5343464e-04  -1.9205424e-04  -2.0042078e-03
   3.1662146e-05  -9.0961212e-04  -2.0704588e-04  -2.0867782e-03
  -3.0193104e-04  -9.2459278e-04  -1.1709606e-04  -2.1731017e-03
  -1.0327442e-04  -7.3358936e-04   4.0316114e-05  -2.3870339e-03
  -7.7036756e-05  -7.3733453e-04  -2.3702915e-04  -2.2331528e-03
  -3.8814051e-04  -9.2459278e-04  -2.9699570e-04  -2.2293996e-03
   1.5910224e-04  -6.8115705e-04  -1.7331470e-04  -2.2932040e-03
  -1.7074271e-04  -6.6992156e-04  -2.0329797e-04  -2.1806081e-03
  -4.6310527e-04  -7.0362804e-04  -2.7146248e-05  -2.0680122e-03
  -1.1826737e-04  -6.5868606e-04  -1.3208770e-04  -1.9554163e-03
  -2.5695218e-04  -7.4107969e-04  -1.1709606e-04  -2.1355697e-03
   7.6641002e-05  -4.0401484e-04   1.3401384e-04  -2.1693485e-03
   2.0033286e-04  -5.8378276e-04  -1.6581888e-04  -1.8841055e-03
   5.4151574e-05  -6.6243123e-04  -2.8200406e-04  -1.7865224e-03
   1.0662691e-04  -5.2760529e-04  -1.3958352e-04  -2.2031273e-03
  -6.2043804e-05  -7.0737321e-04  -6.8373247e-05  -2.1205569e-03
  -9.9526184e-05  -6.3996024e-04   8.1543113e-05  -1.9479099e-03
  -3.2057900e-05  -9.5080893e-04  -1.0585234e-04  -2.0717654e-03
  -1.9698037e-04  -7.9351200e-04  -2.7450824e-04  -1.9328971e-03
  -1.4450504e-04  -5.9876342e-04  -5.7129520e-05  -2.0379866e-03
   8.0389240e-05  -7.4857002e-04  -5.3381611e-05  -1.9253907e-03
   5.7899812e-05  -5.4633111e-04  -9.0860701e-05  -2.0867782e-03
   8.4137478e-05  -7.5606035e-04  -1.2459188e-04  -1.9216375e-03
  -1.0327442e-04  -6.7741189e-04  -6.4625338e-05  -1.7527436e-03
  -2.0447685e-04  -7.3358936e-04   3.6568205e-05  -2.2481656e-03
  -1.5574975e-04  -1.0781445e-03  -1.9650430e-05  -1.8315608e-03
  -3.9188875e-04  -7.0737321e-04  -5.3381611e-05  -2.1430761e-03
  -1.2201561e-04  -8.3096365e-04  -2.1828961e-04  -2.4395787e-03
  -1.2576385e-04  -1.0968704e-03  -6.0877429e-05  -1.9028715e-03
  -2.6070042e-04  -7.6355068e-04  -1.5457515e-04  -2.0867782e-03
  -5.8202340e-06  -8.3096365e-04  -3.0074361e-04  -1.9441567e-03
  -1.5574975e-04  -8.9837662e-04  -2.3398339e-05  -1.9441567e-03
  -2.1197332e-04  -8.1598299e-04  -4.5885793e-05  -1.9666759e-03
  -3.5815461e-04  -7.7853134e-04  -9.8356519e-05  -1.9291439e-03
  -1.8198742e-04  -7.7478618e-04  -3.4571851e-04  -2.2744380e-03
  -2.0813186e-05  -9.6953476e-04  -4.3566833e-04  -1.9178843e-03
  -3.9188875e-04  -9.6204443e-04  -1.9955006e-04  -1.8015352e-03
  -1.3700856e-04  -8.4968948e-04  -9.8356519e-05  -2.2819444e-03
  -1.7823918e-04  -7.2984420e-04  -2.1828961e-04  -2.0379866e-03
  -4.1437818e-04  -9.3208311e-04  -3.3447479e-04  -2.0079610e-03
  -3.3191694e-04  -1.2167156e-03  -3.2697897e-04  -2.1092973e-03
  -2.6819689e-04  -9.6204443e-04  -3.2697897e-04  -1.8315608e-03
  -2.0813186e-05  -9.2833794e-04  -1.1334816e-04  -2.2894508e-03
  -2.7194513e-04  -9.7702509e-04  -2.5202079e-04  -2.0229738e-03
  -3.0567927e-04  -8.9837662e-04  -4.4316415e-04  -1.7677564e-03
  -1.0702266e-04  -8.9837662e-04  -4.6939951e-04  -2.1468293e-03
  -3.5815461e-04  -7.1486354e-04  -4.5815578e-04  -1.9066247e-03
  -2.1197332e-04  -9.7702509e-04  -6.8373247e-05  -2.0980378e-03
  -9.9526184e-05  -1.1942447e-03  -3.9444133e-04  -2.0529994e-03
  -3.0567927e-04  -9.8077025e-04  -5.4435769e-04  -2.0605058e-03
  -2.7194513e-04  -8.5717981e-04  -2.2578543e-04  -2.0905314e-03
  -2.6819689e-04  -7.9351200e-04  -3.6071015e-04  -1.8953651e-03
  -2.1572156e-04  -9.1335728e-04  -1.1709606e-04  -1.9967014e-03
  -1.4075680e-04  -9.6953476e-04  -3.0074361e-04  -1.8803523e-03
  -1.5949799e-04  -9.3957344e-04  -3.1948315e-04  -1.8878587e-03
  -1.7823918e-04  -9.4331860e-04  -3.0894157e-05  -1.6176285e-03
  -3.4690989e-04  -1.1343220e-03  -2.0329797e-04  -1.6514073e-03
  -2.1572156e-04  -9.5829926e-04   5.9055659e-05  -1.8578331e-03
  -8.4533232e-05  -5.3135045e-04  -8.3364883e-05  -1.7790160e-03
  -1.9323213e-04  -6.8864738e-04  -2.2578543e-04  -2.0980378e-03
  -2.1946980e-04  -7.4482486e-04   4.4064023e-05  -1.9967014e-03
  -1.7449094e-04  -7.0362804e-04  -2.1079379e-04  -1.8878587e-03
  -3.5806138e-05  -8.0849266e-04  -2.5576870e-04  -1.8916119e-03
  -1.7064948e-05  -9.7702509e-04  -1.4333143e-04  -1.7564968e-03
  -1.7823918e-04  -9.3208311e-04  -2.3328124e-04  -2.2143869e-03
  -1.7074271e-04  -7.5606035e-04  -1.7331470e-04  -2.2406592e-03
   1.2161986e-04  -6.9988288e-04  -1.3208770e-04  -1.7564968e-03
  -1.5949799e-04  -6.4370540e-04  -2.6701242e-04  -1.9779355e-03
  -3.2816870e-04  -8.9088629e-04  -2.6701242e-04  -2.1355697e-03
  -1.4075680e-04  -8.0849266e-04  -2.7076033e-04  -1.9291439e-03
  -3.6939932e-04  -8.4219915e-04  -4.3566833e-04  -2.0792718e-03
  -1.7823918e-04  -1.0144767e-03  -2.3328124e-04  -2.0905314e-03
  -6.9540280e-05  -7.9351200e-04  -8.4067030e-06  -2.1017910e-03
  -1.6324623e-04  -7.5231519e-04   5.9055659e-05  -2.2031273e-03
  -2.8309662e-05  -9.2084761e-04  -6.8373247e-05  -2.0492462e-03
  -7.3288518e-05  -1.0444381e-03  -1.2084397e-04  -2.0755186e-03
  -1.2951209e-04  -7.5231519e-04  -1.6581888e-04  -2.0905314e-03
  -1.5200152e-04  -7.7478618e-04  -3.9069342e-04  -2.0680122e-03
   3.5410384e-05  -7.6729585e-04  -1.3958352e-04  -2.2894508e-03
  -1.3316710e-05  -7.2609903e-04  -1.3958352e-04  -2.4395787e-03
  -1.0702266e-04  -8.7216047e-04  -1.8830634e-04  -2.1580889e-03
   1.6669194e-05  -7.1486354e-04  -1.9205424e-04  -2.1205569e-03
  -1.9698037e-04  -8.4219915e-04  -9.0860701e-05  -2.1543357e-03
  -1.1451914e-04  -6.8864738e-04   4.0316114e-05  -1.9441567e-03
  -1.6324623e-04  -7.6729585e-04  -3.6071015e-04  -2.2744380e-03
  -2.1946980e-04  -9.7327992e-04  -1.6207097e-04  -2.1693485e-03
  -9.2029708e-05  -6.8490222e-04  -4.9633702e-05  -1.9516631e-03
  -3.0567927e-04  -8.9837662e-04  -2.4077706e-04  -2.2819444e-03
  -5.4547328e-05  -1.0182219e-03  -1.3208770e-04  -2.2218933e-03
  -1.1826737e-04  -8.0100233e-04  -1.1334816e-04  -2.2181401e-03
  -1.2951209e-04  -7.4107969e-04   8.5291022e-05  -2.2218933e-03
   1.4036105e-04  -6.2872474e-04   5.9055659e-05  -2.1881145e-03
  -1.1451914e-04  -5.8378276e-04  -1.9205424e-04  -2.0454930e-03
  -2.0719960e-06  -7.1860870e-04  -1.9955006e-04  -1.9178843e-03
  -4.3302614e-05  -7.6729585e-04   1.7828660e-05  -2.0830250e-03
   2.7913908e-05  -7.7853134e-04  -4.6587940e-06  -1.9066247e-03
   2.0033286e-04  -9.0586695e-04  -2.0329797e-04  -2.1205569e-03
  -3.2057900e-05  -7.3358936e-04  -7.9616974e-05  -2.1468293e-03
   2.5655643e-04  -6.3996024e-04  -2.3398339e-05  -1.8353140e-03
   1.8533990e-04  -9.0586695e-04   1.4080751e-05  -2.0830250e-03
  -9.9526184e-05  -6.5868606e-04  -3.8389975e-05  -2.0042078e-03
   1.4036105e-04  -7.8976684e-04  -2.3398339e-05  -2.0567526e-03
   1.2920956e-05  -1.2279511e-03  -9.8356519e-05  -2.1806081e-03
  -8.8281470e-05  -7.1486354e-04  -3.2323106e-04  -2.0154674e-03
   1.2920956e-05  -5.0887946e-04  -9.0860701e-05  -2.0342334e-03
   2.0417432e-05  -8.2347332e-04  -1.0210443e-04  -1.9103779e-03
   9.9130430e-05  -8.4968948e-04  -1.8830634e-04  -1.9891950e-03
   2.7913908e-05  -7.6355068e-04  -6.4625338e-05  -2.1693485e-03
   5.4151574e-05  -7.7478618e-04  -3.8389975e-05  -2.1055441e-03
  -7.7036756e-05  -8.3845398e-04  -1.3958352e-04  -2.1017910e-03
  -1.8573566e-04  -8.1223783e-04  -3.0823942e-04  -1.9967014e-03
  -1.4075680e-04  -8.2721849e-04  -2.6701242e-04  -1.8765991e-03
  -3.3191694e-04  -6.0250859e-04  -1.1709606e-04  -1.9741823e-03
  -8.8281470e-05  -7.7478618e-04   1.0784869e-03  -1.9516631e-03
   7.2892764e-05  -1.0257122e-03   1.6669086e-03  -2.0492462e-03
  -1.4825328e-04  -7.0362804e-04   8.1238537e-04  -2.1205569e-03
  -1.7449094e-04  -1.0519284e-03   8.0488955e-04  -2.0492462e-03
  -2.7944161e-04  -1.0893800e-03   5.8001501e-04  -2.2444124e-03
  -4.4061584e-04  -7.7853134e-04   1.9398038e-04  -2.0342334e-03
  -3.9188875e-04  -1.0968704e-03   8.5291022e-05  -2.0830250e-03
  -2.6444866e-04  -1.1155962e-03  -1.5082725e-04  -2.1956209e-03
  -3.9938522e-04  -1.1006155e-03  -9.1088500e-07  -1.8803523e-03
  -3.2067223e-04  -1.0332026e-03   2.3520738e-04  -2.1543357e-03
  -9.9526184e-05  -8.7216047e-04   6.2873783e-04  -2.0454930e-03
  -2.2696628e-04  -8.8714113e-04   1.0972265e-03  -1.8728459e-03
  -3.5065813e-04  -8.3096365e-04   1.4270424e-03  -1.9666759e-03
  -3.0567927e-04  -7.9351200e-04   1.8168250e-03  -2.0342334e-03
  -2.1946980e-04  -8.7590563e-04   2.2066075e-03  -2.2218933e-03
  -1.4825328e-04  -9.5455410e-04   2.3827592e-03  -1.9854418e-03
  -9.5777946e-05  -8.8714113e-04   2.3152969e-03  -1.9666759e-03
  -3.6939932e-04  -9.9200575e-04   1.3858154e-03  -1.9629227e-03
  -2.4570747e-04  -1.0743994e-03   2.0379516e-03  -2.0867782e-03
   1.0662691e-04  -9.2833794e-04   5.9507686e-03  -2.0942846e-03
   2.4905995e-04  -7.2984420e-04   1.0628159e-02  -1.6251349e-03
   3.8399652e-04  -9.7702509e-04   1.5414239e-02  -1.3436452e-03
   5.4142251e-04  -9.9575091e-04   1.9267089e-02  -9.0452111e-04
   1.2498395e-03  -6.0999892e-04   1.8453793e-02  -8.9326152e-04
   1.2948184e-03  -9.3582827e-04   1.1520161e-02  -1.4675007e-03
   2.8654233e-04  -7.8976684e-04   1.3071094e-03  -1.8803523e-03
  -5.9804184e-04  -3.4783737e-04  -8.1676046e-03  -2.0642590e-03
  -3.3941342e-04  -4.9764397e-04  -1.4003099e-02  -2.6985493e-03
  -6.6551012e-04  -7.2235387e-04  -1.8762943e-02  -3.1451797e-03
  -2.1910430e-03  -9.3582827e-04  -2.2447138e-02  -2.8261580e-03
  -1.5051154e-03  -8.9088629e-04  -2.2900635e-02  -2.8224048e-03
  -4.4811232e-04  -8.9463146e-04  -2.4800825e-02  -3.1827117e-03
  -1.9886381e-03  -1.0856349e-03  -2.9167139e-02  -2.9162347e-03
  -3.2742838e-03  -8.7965080e-04  -3.2229180e-02  -2.5596810e-03
  -1.7824850e-03  -8.4594431e-04  -3.0160335e-02  -3.1226605e-03
  -1.4788778e-03  -1.3065996e-03  -2.5348019e-02  -3.4154099e-03
  -3.2555426e-03  -1.0556735e-03  -2.1506413e-02  -3.3328396e-03
  -1.4076612e-03  -9.8826058e-04  -1.5378582e-02  -3.0738690e-03
   1.2873219e-03  -1.3477964e-03  -7.5304601e-03  -2.9350007e-03
   5.2642956e-04  -1.1305768e-03  -1.5038224e-03  -2.8336644e-03
  -4.7050852e-05  -1.1043607e-03   4.1480244e-03  -2.1580889e-03
   1.0399382e-03  -1.2391866e-03   1.0635655e-02  -1.7189649e-03
   1.4634891e-03  -1.2579125e-03   1.5035700e-02  -1.1822577e-03
   5.7515666e-04  -9.1335728e-04   1.8007792e-02  -7.3187405e-04
   5.0019190e-04  -7.7478618e-04   2.1519583e-02  -1.0021042e-03
   1.7371104e-03  -7.8227651e-04   2.2797620e-02  -1.5575774e-03
   1.8233199e-03  -4.1525034e-04   2.3056225e-02  -1.3661643e-03
   1.0586794e-03  -5.5007628e-04   2.0612589e-02  -1.2760876e-03
   1.0062040e-03  -4.6019232e-04   1.5219348e-02  -1.8803523e-03
   1.0324417e-03  -4.6768265e-04   1.5766542e-02  -1.8278076e-03
   5.6391194e-04  -6.9988288e-04   1.5530424e-02  -1.8315608e-03
   1.2536810e-04  -7.0362804e-04   1.0395789e-02  -1.8803523e-03
  -1.4825328e-04  -6.2123441e-04   7.6073444e-03  -1.8803523e-03
  -6.6551012e-04  -2.9915022e-04   4.7064628e-03  -2.1168037e-03
  -9.0539735e-04  -4.1899550e-04   1.1984200e-03  -1.7752628e-03
  -7.1798545e-04  -4.3023100e-04  -1.0765608e-03  -1.7752628e-03
  -5.0433589e-04  -5.1636979e-04  -1.8448821e-03  -2.2369060e-03
  -8.7166321e-04  -6.4745057e-04  -1.8598737e-03  -2.5822002e-03
  -1.4563883e-03  -6.5119573e-04  -3.0217255e-03  -2.5934598e-03
  -5.9054536e-04  -8.6841530e-04  -4.4496789e-03  -2.2744380e-03
   1.4410929e-04  -9.1710245e-04  -4.1835773e-03  -2.4696043e-03
  -6.2802774e-04  -9.1710245e-04  -3.9999298e-03  -2.4358255e-03
  -1.2202493e-03  -7.2984420e-04  -4.5696120e-03  -2.1280633e-03
  -1.2165011e-03  -9.8077025e-04  -4.5583682e-03  -2.0867782e-03
  -4.2937113e-04  -1.1830092e-03  -4.7270241e-03  -1.8803523e-03
  -1.8573566e-04  -9.1710245e-04  -4.5995952e-03  -1.8953651e-03
  -7.4797136e-04  -9.1710245e-04  -4.1048712e-03  -2.0192206e-03
  -2.6444866e-04  -7.8227651e-04  -3.6363826e-03  -2.0379866e-03
   3.0528352e-04  -7.1111837e-04  -3.0067339e-03  -1.9666759e-03
   7.6631679e-04  -8.1598299e-04  -2.4632871e-03  -1.9253907e-03
   7.2883441e-04  -7.7478618e-04  -2.2421605e-03  -1.8315608e-03
   1.4410929e-04  -6.5494090e-04  -1.5375536e-03  -1.8728459e-03
   6.9884851e-04  -6.2872474e-04  -1.0428296e-03  -2.0417398e-03
   1.0099523e-03  -6.3996024e-04  -9.9035886e-04  -1.8353140e-03
   5.6391194e-04  -4.7517298e-04  -6.8303032e-04  -1.6288881e-03
   5.5641547e-04  -5.9127309e-04  -1.0210443e-04  -1.5350582e-03
   2.8654233e-04  -9.7327992e-04   4.3759447e-04  -1.8052884e-03
   1.9283638e-04  -8.9463146e-04   3.1391347e-04  -1.8127948e-03
   5.1893309e-04  -9.8826058e-04   5.0880474e-04  -1.8803523e-03
   4.0648595e-04  -1.3328158e-03   5.6877128e-04  -2.1505825e-03
   2.1907405e-04  -1.0219671e-03   9.3231846e-04  -1.9704291e-03
   4.2906860e-05  -8.0849266e-04   9.9978082e-04  -2.1355697e-03
   3.2402471e-04  -8.0849266e-04   3.8137583e-04  -2.0192206e-03
   4.8894718e-04  -9.0212179e-04   2.1646784e-04  -1.8540799e-03
  -2.2696628e-04  -1.0781445e-03  -3.8694551e-04  -1.7715096e-03
  -6.2802774e-04  -1.0107316e-03  -3.3447479e-04  -1.9253907e-03
  -2.7944161e-04  -1.1530478e-03   5.0505683e-04  -2.2781912e-03
  -8.0784994e-05  -1.1343220e-03   4.7507356e-04  -2.2932040e-03
  -8.0419493e-04  -9.1710245e-04  -3.9069342e-04  -2.4170595e-03
  -9.1289383e-04  -8.8339596e-04  -3.0823942e-04  -2.1693485e-03
  -1.5574975e-04  -9.8826058e-04   1.4080751e-05  -2.0680122e-03
  -2.3446275e-04  -9.9200575e-04  -4.1692878e-04  -2.1843613e-03
  -7.4797136e-04  -7.7478618e-04  -6.6429078e-04  -2.1393229e-03
  -1.0253410e-03  -7.4482486e-04  -7.3924896e-04  -2.0417398e-03
  -8.7541145e-04  -7.4857002e-04  -2.6326452e-04  -2.1318165e-03
  -7.8545374e-04  -8.1598299e-04  -9.1088500e-07  -2.2256465e-03
  -9.6911740e-04  -9.8451542e-04  -1.9580215e-04  -1.9779355e-03
  -8.3043259e-04  -9.0961212e-04  -2.3398339e-05  -1.8916119e-03
  -5.6805593e-04  -8.6841530e-04   4.2635074e-04  -1.9516631e-03
  -3.7689580e-04  -9.3582827e-04   7.8989791e-04  -2.3307360e-03
  -2.1572156e-04  -9.6953476e-04   8.5736028e-04  -2.3720211e-03
  -3.0193104e-04  -9.0586695e-04   7.1119182e-04  -2.2256465e-03
  -2.8318985e-04  -1.0107316e-03   8.0488955e-04  -2.4696043e-03
   5.4151574e-05  -9.2459278e-04   8.6110818e-04  -2.0042078e-03
  -1.8573566e-04  -7.7853134e-04   4.8631728e-04  -1.7264713e-03
  -2.4945570e-04  -1.0893800e-03   6.1374619e-04  -1.8653395e-03
   3.2027647e-04  -7.7853134e-04   6.7371273e-04  -1.8052884e-03
   9.9130430e-05  -5.2760529e-04   3.9636747e-04  -1.8803523e-03
  -9.5684720e-06  -6.6992156e-04   2.5019902e-04  -1.6701733e-03
   2.9778704e-04  -6.2123441e-04   1.6399711e-04  -1.8240544e-03
   3.2777295e-04  -7.5606035e-04   3.7013211e-04  -2.0417398e-03
   5.0019190e-04  -6.8115705e-04  -1.9650430e-05  -1.7752628e-03
   5.2268132e-04  -6.9613771e-04  -5.7808887e-04  -1.7752628e-03
   4.8145071e-04  -9.8077025e-04  -6.1931587e-04  -1.9366503e-03
   2.2657052e-04  -1.1605382e-03  -9.0790486e-04  -2.0642590e-03
  -2.7194513e-04  -9.1335728e-04  -1.1552669e-03  -1.8315608e-03
  -1.8198742e-04  -7.6729585e-04  -1.1964939e-03  -1.7640032e-03
   3.3152119e-04  -8.6467014e-04  -1.3876372e-03  -2.0717654e-03
   2.7529762e-04  -9.3582827e-04  -1.3951330e-03  -2.0267270e-03
  -5.8295566e-05  -9.8826058e-04  -1.2639562e-03  -1.9929482e-03
   3.1662146e-05  -8.3845398e-04  -1.2039897e-03  -1.9704291e-03
  -1.2951209e-04  -9.6204443e-04  -1.0878045e-03  -1.9779355e-03
  -1.8573566e-04  -7.7104101e-04  -1.2114855e-03  -2.1918677e-03
  -3.1692399e-04  -7.2609903e-04  -1.4138726e-03  -2.0192206e-03
  -7.4422312e-04  -1.0182219e-03  -1.2789479e-03  -2.0980378e-03
  -6.0179008e-04  -9.4706377e-04  -1.6125118e-03  -2.1430761e-03
  -7.9295021e-04  -8.5343464e-04  -2.0397734e-03  -1.8465736e-03
  -7.2173369e-04  -5.9876342e-04  -1.7661760e-03  -2.0680122e-03
  -3.1317575e-04  -6.3996024e-04  -1.2039897e-03  -2.1655953e-03
  -4.6685351e-04  -6.5119573e-04  -5.8183678e-04  -2.3570083e-03
  -2.9443456e-04  -5.1262463e-04  -4.8813906e-04  -2.4245659e-03
  -2.5695218e-04  -7.5606035e-04  -1.2833979e-04  -2.2819444e-03
  -2.5320394e-04  -5.7629243e-04   6.0999828e-04  -2.4771107e-03
  -3.4316165e-04  -4.4895682e-04   9.7354545e-04  -2.2631784e-03
  -6.9549603e-04  -5.4258595e-04   1.2846219e-03  -2.1693485e-03
  -2.9068632e-04  -6.7366672e-04   1.1609409e-03  -2.2031273e-03
  -1.9323213e-04  -1.0144767e-03   1.2246554e-03  -1.9216375e-03
  -4.5935703e-04  -6.2123441e-04   1.5807067e-03  -2.0379866e-03
  -3.4316165e-04  -5.0138913e-04   1.7531105e-03  -2.2068805e-03
  -8.0784994e-05  -8.6467014e-04   2.0192121e-03  -2.0492462e-03
   2.8279409e-04  -8.0100233e-04   2.0379516e-03  -2.0867782e-03
  -1.1077090e-04  -8.3096365e-04   1.7643543e-03  -2.2781912e-03
  -1.5949799e-04  -7.5606035e-04   1.7381189e-03  -2.2143869e-03
   6.9884851e-04  -6.7366672e-04   2.0716828e-03  -1.9929482e-03
   6.7261084e-04  -8.0474750e-04   1.8992790e-03  -1.9854418e-03
   5.4151574e-05  -7.8602167e-04   1.1009744e-03  -1.9103779e-03
   8.4137478e-05  -6.0625375e-04   6.4747737e-04  -1.8353140e-03
   3.3152119e-04  -6.9239255e-04   5.8376292e-04  -1.9891950e-03
   5.7899812e-05  -7.9725717e-04   2.2771156e-04  -1.9141311e-03
  -2.8309662e-05  -6.5868606e-04  -2.1079379e-04  -1.9178843e-03
   2.1532581e-04  -6.2123441e-04  -3.7195388e-04  -1.8390672e-03
   2.1157757e-04  -7.2235387e-04  -5.2187024e-04  -1.9554163e-03
   1.6659871e-04  -8.4968948e-04  -8.3294668e-04  -2.2744380e-03
   9.9130430e-05  -7.6729585e-04  -1.2339729e-03  -2.1393229e-03
   8.0389240e-05  -7.7853134e-04  -1.4663433e-03  -2.2181401e-03
   1.7784343e-04  -9.6578959e-04  -1.7249490e-03  -2.2106337e-03
  -3.2067223e-04  -7.4857002e-04  -1.9460757e-03  -1.9854418e-03
  -7.7420902e-04  -6.5494090e-04  -2.1934376e-03  -1.9066247e-03
  -3.3191694e-04  -8.4219915e-04  -1.9198403e-03  -2.0379866e-03
  -2.5695218e-04  -8.7965080e-04  -1.3913851e-03  -2.0605058e-03
  -4.1812641e-04  -9.2459278e-04  -1.8898570e-03  -1.8803523e-03
  -5.6430770e-04  -8.4219915e-04  -1.9310840e-03  -2.0192206e-03
  -5.1932884e-04  -8.0849266e-04  -1.2564604e-03  -2.0417398e-03
   9.5382192e-05  -8.8339596e-04  -1.1440231e-03  -2.1280633e-03
  -2.3446275e-04  -9.6953476e-04  -1.5750327e-03  -2.2519188e-03
  -9.2788678e-04  -9.4331860e-04  -1.7249490e-03  -2.0642590e-03
  -4.0688170e-04  -9.3957344e-04  -1.1402752e-03  -2.2781912e-03
   9.1633954e-05  -8.8339596e-04  -4.0943297e-04  -2.2444124e-03
  -3.9188875e-04  -6.0999892e-04  -5.9682842e-04  -1.9629227e-03
  -4.5186056e-04  -8.0474750e-04  -1.1290315e-03  -2.2406592e-03
  -1.9323213e-04  -9.6953476e-04  -2.4452497e-04  -2.2556720e-03
  -3.5815461e-04  -8.6841530e-04   4.6382983e-04  -2.1806081e-03
  -4.8184646e-04  -8.1598299e-04   7.0299386e-05  -2.0529994e-03
  -4.5186056e-04  -8.2721849e-04   1.1152638e-04  -2.1393229e-03
  -1.3326033e-04  -9.4706377e-04   8.2737700e-04  -2.3682679e-03
  -1.3700856e-04  -9.6204443e-04   9.1357891e-04  -2.0905314e-03
  -1.5949799e-04  -9.6578959e-04   8.2362909e-04  -1.9291439e-03
  -5.0799090e-05  -9.2459278e-04   1.0934785e-03  -2.0342334e-03
  -8.0784994e-05  -1.0219671e-03   9.2107473e-04  -2.2031273e-03
   1.0287867e-04  -1.1043607e-03   1.1946721e-03  -1.8540799e-03
  -2.1946980e-04  -9.6204443e-04   9.8853709e-04  -1.9741823e-03
  -2.1572156e-04  -9.4706377e-04   5.7626710e-04  -2.3232296e-03
   2.0417432e-05  -1.0893800e-03   7.9739373e-04  -1.8841055e-03
  -1.6699447e-04  -1.0182219e-03   3.7013211e-04  -1.8991183e-03
  -9.2029708e-05  -8.9088629e-04   1.7828660e-05  -1.9741823e-03
  -1.8573566e-04  -1.0369477e-03   1.4900547e-04  -1.9441567e-03
  -1.8948390e-04  -8.0474750e-04  -1.3958352e-04  -1.9854418e-03
  -2.6070042e-04  -7.2235387e-04  -6.9052614e-04  -1.8278076e-03
  -2.0072861e-04  -1.0481832e-03  -8.0671132e-04  -1.8090416e-03
  -2.0719960e-06  -6.9988288e-04  -8.7417368e-04  -1.8615863e-03
  -2.5320394e-04  -8.0474750e-04  -1.0690650e-03  -1.9929482e-03
  -2.0822509e-04  -1.1380672e-03  -1.1365273e-03  -2.1017910e-03
  -2.4570747e-04  -6.3246991e-04  -1.1740064e-03  -2.1505825e-03
  -3.4316165e-04  -7.8227651e-04  -1.5225619e-03  -2.0342334e-03
  -3.9938522e-04  -1.1605382e-03  -1.7961593e-03  -2.0154674e-03
  -5.3057355e-04  -8.6092497e-04  -1.3913851e-03  -1.9929482e-03
  -2.7944161e-04  -7.7104101e-04  -1.4213684e-03  -1.9629227e-03
  -3.4316165e-04  -9.6953476e-04  -1.4625954e-03  -2.1618421e-03
  -3.2067223e-04  -9.9200575e-04  -1.1777543e-03  -1.9629227e-03
  -2.6444866e-04  -8.9463146e-04  -1.2264771e-03  -2.0980378e-03
  -6.0179008e-04  -8.5343464e-04  -7.1676150e-04  -2.0792718e-03
  -2.6819689e-04  -8.1972816e-04  -5.2936605e-04  -1.9479099e-03
  -2.1197332e-04  -9.5080893e-04  -4.6939951e-04  -2.2669316e-03
  -2.6444866e-04  -8.6467014e-04  -9.8356519e-05  -2.0980378e-03
  -1.0702266e-04  -6.3996024e-04  -3.1198733e-04  -2.1130505e-03
  -4.5186056e-04  -8.3096365e-04  -4.5885793e-05  -1.9479099e-03
  -2.4561424e-05  -8.4219915e-04   3.2515720e-04  -1.9516631e-03
  -9.5684720e-06  -9.7327992e-04   5.2379637e-04  -2.1956209e-03
  -2.0447685e-04  -1.0406929e-03   8.7235191e-04  -1.9554163e-03
   9.9130430e-05  -7.9725717e-04   1.0035287e-03  -2.1280633e-03
   5.4151574e-05  -8.2347332e-04   9.8104127e-04  -1.9891950e-03
   2.1907405e-04  -6.1374408e-04   8.8734355e-04  -1.8615863e-03
  -2.2321804e-04  -6.2123441e-04   9.9978082e-04  -2.3082168e-03
  -1.4075680e-04  -9.4706377e-04   1.0597474e-03  -2.2969572e-03
   1.7784343e-04  -9.0961212e-04   1.2583865e-03  -2.1280633e-03
   2.7913908e-05  -6.6243123e-04   1.2996135e-03  -2.2218933e-03
   1.8533990e-04  -8.0474750e-04   9.5480591e-04  -2.2594252e-03
  -2.3446275e-04  -1.0069864e-03   9.9978082e-04  -2.2631784e-03
  -5.8295566e-05  -6.7741189e-04   8.0863746e-04  -2.4170595e-03
   1.0287867e-04  -6.8864738e-04   3.5514047e-04  -2.1806081e-03
  -1.1451914e-04  -8.9837662e-04   2.2771156e-04  -2.0867782e-03
   1.2920956e-05  -9.0961212e-04   8.9038931e-05  -2.3570083e-03
  -1.8573566e-04  -9.4706377e-04  -1.9650430e-05  -2.0567526e-03
   3.1662146e-05  -7.7478618e-04  -3.3072688e-04  -2.1092973e-03
   3.5410384e-05  -7.0362804e-04  -5.8183678e-04  -2.2706848e-03
  -9.2029708e-05  -6.8490222e-04  -6.5679496e-04  -1.9929482e-03
  -4.3302614e-05  -7.3733453e-04  -7.9546759e-04  -2.1731017e-03
  -2.1946980e-04  -8.1223783e-04  -8.6292996e-04  -2.3044636e-03
  -7.3288518e-05  -7.7104101e-04  -1.2114855e-03  -1.9441567e-03
  -1.5949799e-04  -8.2721849e-04  -1.2339729e-03  -1.8127948e-03
  -1.6324623e-04  -8.0474750e-04  -9.9785468e-04  -2.1130505e-03
   1.6669194e-05  -6.9988288e-04  -1.2639562e-03  -2.0567526e-03
  -1.2576385e-04  -5.6131177e-04  -1.2039897e-03  -1.9516631e-03
  -1.6324623e-04  -8.7590563e-04  -1.0053505e-03  -2.0605058e-03
  -1.0702266e-04  -7.2984420e-04  -1.0503254e-03  -2.0342334e-03
  -1.0702266e-04  -5.0513430e-04  -8.1045923e-04  -2.0942846e-03
  -1.3700856e-04  -8.2721849e-04  -6.4555123e-04  -2.1655953e-03
  -1.8948390e-04  -6.0625375e-04  -4.6190369e-04  -2.0529994e-03
  -3.2057900e-05  -8.3096365e-04  -2.2203752e-04  -1.9141311e-03
   8.4137478e-05  -9.1335728e-04  -1.9955006e-04  -2.1017910e-03
  -3.5806138e-05  -7.1486354e-04  -1.2459188e-04  -2.1318165e-03
  -5.0799090e-05  -8.0849266e-04  -6.8373247e-05  -2.0342334e-03
  -5.4547328e-05  -7.6355068e-04   3.4014883e-04  -2.0605058e-03
   2.0782933e-04  -7.3733453e-04   6.1749410e-04  -2.0342334e-03
   2.6780114e-04  -6.9988288e-04   4.0011538e-04  -2.1468293e-03
   4.6655098e-05  -8.7965080e-04   6.7371273e-04  -2.0605058e-03
   5.7899812e-05  -8.8714113e-04   8.0114164e-04  -2.0117142e-03
   1.1787162e-04  -7.4857002e-04   8.4611655e-04  -2.1393229e-03
   2.3406700e-04  -5.9127309e-04   9.8853709e-04  -2.1355697e-03
  -2.4561424e-05  -6.8490222e-04   8.6485609e-04  -2.1393229e-03
  -9.9526184e-05  -9.6578959e-04   9.3606636e-04  -2.0567526e-03
  -2.8309662e-05  -8.6841530e-04   5.0130892e-04  -1.9516631e-03
