   5.0403336e-05  -9.2084761e-04  -2.2578543e-04  -1.8090416e-03
  -3.9563699e-04  -7.7104101e-04  -1.0585234e-04  -1.6476541e-03
  -3.6939932e-04  -7.4107969e-04   4.7811932e-05  -1.7902756e-03
  -1.5949799e-04  -6.4370540e-04  -1.5457515e-04  -1.8953651e-03
   8.0389240e-05  -7.2984420e-04   8.1543113e-05  -1.8278076e-03
  -1.3326033e-04  -8.4968948e-04  -1.3958352e-04  -1.8052884e-03
  -1.4450504e-04  -8.2721849e-04  -3.1198733e-04  -1.8803523e-03
  -5.0799090e-05  -7.7104101e-04  -9.8356519e-05  -1.9366503e-03
  -2.3821099e-04  -9.7327992e-04  -3.7570179e-04  -1.8765991e-03
  -1.6699447e-04  -8.7216047e-04  -2.7076033e-04  -1.9066247e-03
  -2.1946980e-04  -6.7366672e-04  -3.3822270e-04  -1.9929482e-03
  -3.1317575e-04  -9.8826058e-04  -2.4077706e-04  -1.9779355e-03
  -2.4195923e-04  -9.6204443e-04   1.0028266e-04  -2.0417398e-03
  -1.7823918e-04  -8.4968948e-04  -3.1948315e-04  -1.8841055e-03
  -2.1572156e-04  -8.4594431e-04  -2.1079379e-04  -1.8991183e-03
  -2.9443456e-04  -8.5717981e-04  -1.2459188e-04  -2.1693485e-03
  -3.3566518e-04  -9.0961212e-04  -1.0210443e-04  -2.2594252e-03
  -2.7194513e-04  -7.9725717e-04   1.7828660e-05  -2.5071362e-03
  -1.8198742e-04  -8.5343464e-04  -2.5576870e-04  -2.3457488e-03
  -3.5815461e-04  -8.9837662e-04  -1.6207097e-04  -2.1881145e-03
  -6.5792042e-05  -9.3208311e-04  -3.4571851e-04  -2.3344892e-03
   9.9130430e-05  -8.6467014e-04  -4.5065997e-04  -2.4620979e-03
  -3.4690989e-04  -8.6841530e-04  -1.5832306e-04  -2.5296554e-03
  -2.6444866e-04  -8.3470882e-04  -8.3364883e-05  -2.1430761e-03
  -1.3326033e-04  -7.4482486e-04  -2.8575197e-04  -2.0417398e-03
  -1.0702266e-04  -1.0032412e-03  -1.6581888e-04  -2.2894508e-03
  -1.5574975e-04  -7.8602167e-04   1.1527429e-04  -2.4433319e-03
  -1.8198742e-04  -6.2872474e-04  -2.5202079e-04  -2.4020467e-03
  -1.3326033e-04  -9.5455410e-04  -2.8949988e-04  -2.2706848e-03
  -2.3821099e-04  -8.2721849e-04  -9.0860701e-05  -2.2894508e-03
   8.4137478e-05  -7.1111837e-04  -4.9633702e-05  -2.1280633e-03
   5.4244800e-06  -7.6355068e-04   1.3776175e-04  -2.0792718e-03
  -9.5684720e-06  -7.8602167e-04   4.0316114e-05  -2.1318165e-03
   1.3286457e-04  -7.2609903e-04  -5.7129520e-05  -2.2143869e-03
  -3.3941342e-04  -4.6768265e-04  -4.9633702e-05  -2.2744380e-03
  -1.1077090e-04  -6.7366672e-04  -1.4707934e-04  -1.9854418e-03
   8.7885716e-05  -6.7366672e-04  -2.0704588e-04  -2.0004546e-03
   3.5410384e-05  -5.6131177e-04  -8.7112792e-05  -2.0905314e-03
   5.0403336e-05  -7.4857002e-04  -9.0860701e-05  -2.0229738e-03
  -1.0702266e-04  -4.5644715e-04  -2.4452497e-04  -2.1318165e-03
   7.2892764e-05  -5.7629243e-04   9.2786840e-05  -1.8465736e-03
   2.0417432e-05  -8.8714113e-04   2.3145947e-04  -1.9291439e-03
  -1.4825328e-04  -9.8077025e-04  -1.3583561e-04  -2.2031273e-03
  -8.0784994e-05  -9.4706377e-04  -6.0877429e-05  -2.1505825e-03
  -1.0702266e-04  -6.2123441e-04  -9.1088500e-07  -2.2744380e-03
  -3.9938522e-04  -6.9239255e-04  -2.1079379e-04  -1.9741823e-03
  -2.6819689e-04  -7.8602167e-04  -1.3958352e-04  -2.0192206e-03
   3.9158622e-05  -6.8115705e-04   1.4080751e-05  -2.1130505e-03
  -3.2067223e-04  -8.1223783e-04  -1.6956679e-04  -1.9216375e-03
  -2.3821099e-04  -8.7965080e-04  -2.8575197e-04  -1.9891950e-03
  -1.7064948e-05  -7.6355068e-04   8.1543113e-05  -1.8578331e-03
  -3.0567927e-04  -7.7104101e-04  -8.7112792e-05  -2.0304802e-03
  -2.9068632e-04  -9.2459278e-04  -2.5951661e-04  -2.0042078e-03
  -2.6070042e-04  -1.1081059e-03   6.2803568e-05  -1.8653395e-03
  -2.6070042e-04  -8.9463146e-04  -2.5576870e-04  -2.0042078e-03
  -8.8281470e-05  -8.2347332e-04  -2.2953333e-04  -1.9103779e-03
  -3.7314756e-04  -9.0586695e-04  -1.6956679e-04  -1.9479099e-03
  -3.8439227e-04  -7.4482486e-04  -4.0943297e-04  -1.9103779e-03
  -1.6699447e-04  -9.2833794e-04   1.7828660e-05  -1.8765991e-03
  -4.3686760e-04  -7.9351200e-04  -1.5832306e-04  -1.9816886e-03
  -3.8439227e-04  -9.0961212e-04  -3.6071015e-04  -2.0454930e-03
  -4.0688170e-04  -1.0743994e-03  -2.5202079e-04  -2.0905314e-03
  -5.0808413e-04  -7.5606035e-04  -3.2697897e-04  -1.9816886e-03
  -3.8064403e-04  -9.3582827e-04  -1.5457515e-04  -2.0117142e-03
  -2.9443456e-04  -8.8339596e-04  -3.7570179e-04  -2.0830250e-03
  -2.1572156e-04  -8.2721849e-04  -3.3072688e-04  -1.9291439e-03
  -2.7944161e-04  -1.0069864e-03  -4.3192042e-04  -1.7790160e-03
  -3.5065813e-04  -9.5829926e-04  -6.1556796e-04  -1.8653395e-03
  -2.4945570e-04  -9.8451542e-04  -2.9324779e-04  -2.0454930e-03
  -1.6324623e-04  -1.0406929e-03  -2.7076033e-04  -1.8878587e-03
  -3.8064403e-04  -1.2204608e-03  -1.8830634e-04  -1.8090416e-03
  -4.5560879e-04  -9.4706377e-04  -4.0943297e-04  -1.9629227e-03
  -3.1692399e-04  -6.8115705e-04  -4.9563487e-04  -1.9591695e-03
  -2.3446275e-04  -8.7965080e-04  -8.3364883e-05  -1.7827692e-03
  -2.9443456e-04  -9.3957344e-04   1.1527429e-04  -1.5838498e-03
  -3.0567927e-04  -1.1081059e-03  -4.5885793e-05  -1.6401477e-03
  -1.7074271e-04  -8.3845398e-04  -2.1454170e-04  -1.6739265e-03
  -2.3446275e-04  -7.0362804e-04  -1.3208770e-04  -1.7715096e-03
  -2.6819689e-04  -1.0144767e-03   7.0299386e-05  -1.7189649e-03
  -3.6565108e-04  -8.7590563e-04   1.6024920e-04  -1.5463178e-03
  -2.2321804e-04  -9.5455410e-04  -5.7129520e-05  -1.8090416e-03
  -1.6324623e-04  -8.6841530e-04  -6.0877429e-05  -1.7940288e-03
  -1.4825328e-04  -6.6617639e-04  -8.3364883e-05  -1.7527436e-03
   1.1787162e-04  -9.1335728e-04  -1.7331470e-04  -1.9479099e-03
  -2.5320394e-04  -7.2235387e-04  -4.9633702e-05  -1.8878587e-03
  -2.0822509e-04  -7.1860870e-04   3.6568205e-05  -1.7752628e-03
   1.6669194e-05  -1.0144767e-03  -9.0860701e-05  -1.8540799e-03
  -2.4570747e-04  -9.0212179e-04  -3.9818924e-04  -1.9967014e-03
  -1.7449094e-04  -8.8339596e-04  -4.6565160e-04  -1.8991183e-03
  -1.7823918e-04  -8.0849266e-04  -2.8949988e-04  -1.8540799e-03
  -1.3700856e-04  -7.5606035e-04  -1.9205424e-04  -1.9741823e-03
  -1.6699447e-04  -8.7216047e-04  -4.0943297e-04  -2.0379866e-03
  -2.6444866e-04  -8.1598299e-04  -4.6939951e-04  -1.9178843e-03
  -9.2029708e-05  -7.8602167e-04  -3.1198733e-04  -2.1881145e-03
  -1.4450504e-04  -8.6092497e-04  -3.7944969e-04  -2.2444124e-03
  -2.0822509e-04  -8.9088629e-04  -2.9324779e-04  -1.8278076e-03
  -2.4570747e-04  -9.5080893e-04  -4.6587940e-06  -2.1693485e-03
  -3.1692399e-04  -1.0032412e-03  -6.0877429e-05  -2.3945403e-03
  -2.8309662e-05  -9.2833794e-04  -1.3208770e-04  -2.3457488e-03
  -6.2043804e-05  -9.3957344e-04   6.2803568e-05  -2.2481656e-03
  -2.6444866e-04  -9.4331860e-04  -1.0210443e-04  -2.1130505e-03
  -5.4547328e-05  -7.3733453e-04  -2.4827288e-04  -2.2819444e-03
  -1.1077090e-04  -7.2235387e-04  -1.6207097e-04  -2.3870339e-03
  -2.2321804e-04  -8.9463146e-04  -1.4333143e-04  -2.3720211e-03
  -8.0784994e-05  -8.4594431e-04  -3.0894157e-05  -2.3419956e-03
  -6.9540280e-05  -9.5455410e-04   5.1559841e-05  -2.2031273e-03
  -2.0072861e-04  -1.1155962e-03  -6.8373247e-05  -2.0905314e-03
  -1.6699447e-04  -9.3957344e-04  -2.5576870e-04  -2.3194764e-03
  -1.4450504e-04  -8.3470882e-04  -1.8830634e-04  -2.3720211e-03
  -3.4690989e-04  -8.0849266e-04  -1.5082725e-04  -2.5259022e-03
  -5.0799090e-05  -7.2609903e-04  -2.8575197e-04  -2.4508383e-03
   7.2892764e-05  -8.3470882e-04  -2.3328124e-04  -2.1092973e-03
  -1.6324623e-04  -9.1335728e-04  -2.3398339e-05  -2.2369060e-03
   7.6641002e-05  -7.6729585e-04   4.7811932e-05  -2.2894508e-03
   5.7899812e-05  -8.1598299e-04  -8.4067030e-06  -2.1318165e-03
   1.0662691e-04  -7.4107969e-04   4.7811932e-05  -1.9741823e-03
   9.5382192e-05  -7.4107969e-04  -4.6587940e-06  -2.0379866e-03
  -1.0702266e-04  -8.0849266e-04  -1.0960025e-04  -2.0004546e-03
  -5.8202340e-06  -3.7779869e-04  -1.3208770e-04  -2.0342334e-03
  -1.3316710e-05  -6.0999892e-04   2.1576569e-05  -1.8916119e-03
   9.1633954e-05  -7.4482486e-04   1.0028266e-04  -1.8165480e-03
  -1.0702266e-04  -4.6019232e-04  -4.5885793e-05  -2.0642590e-03
  -1.9698037e-04  -7.9725717e-04  -7.9616974e-05  -1.9404035e-03
  -6.9540280e-05  -7.7478618e-04  -2.1454170e-04  -1.9103779e-03
  -1.0327442e-04  -7.4107969e-04  -7.9616974e-05  -1.9479099e-03
  -2.8309662e-05  -7.9351200e-04  -7.5869065e-05  -2.1168037e-03
  -1.8573566e-04  -6.4370540e-04  -1.4707934e-04  -1.9253907e-03
  -1.2951209e-04  -7.0362804e-04   2.5324478e-05  -1.7640032e-03
  -7.3288518e-05  -1.0519284e-03  -1.3583561e-04  -2.2556720e-03
  -1.4450504e-04  -1.0669090e-03  -1.2833979e-04  -2.1280633e-03
  -2.8318985e-04  -7.5231519e-04  -2.1079379e-04  -1.9028715e-03
  -3.2067223e-04  -8.4968948e-04  -1.3208770e-04  -2.1693485e-03
  -8.8281470e-05  -7.3358936e-04  -7.5869065e-05  -2.1393229e-03
  -1.5949799e-04  -8.5343464e-04  -3.4197060e-04  -1.8465736e-03
  -1.2576385e-04  -8.1598299e-04  -2.7825615e-04  -2.0905314e-03
  -3.9554376e-05  -6.8490222e-04  -2.3702915e-04  -2.0680122e-03
  -2.0822509e-04  -7.4107969e-04  -1.5082725e-04  -1.7752628e-03
  -3.1317575e-04  -7.5980552e-04  -3.5696224e-04  -2.1430761e-03
  -1.7823918e-04  -1.0968704e-03  -5.3686187e-04  -1.8953651e-03
  -2.2321804e-04  -9.0212179e-04  -2.1079379e-04  -1.7414840e-03
  -1.4075680e-04  -8.3845398e-04  -1.2459188e-04  -2.0454930e-03
   1.6669194e-05  -7.5231519e-04  -3.3072688e-04  -1.9666759e-03
  -2.5695218e-04  -9.5829926e-04  -3.3072688e-04  -2.0492462e-03
  -3.0567927e-04  -1.3215803e-03  -3.5321433e-04  -1.8428204e-03
  -2.2696628e-04  -8.9463146e-04  -3.0823942e-04  -1.7114585e-03
  -3.5815461e-04  -8.4219915e-04   6.5849330e-06  -2.0755186e-03
  -1.6699447e-04  -7.2984420e-04  -2.8575197e-04  -2.1505825e-03
  -1.2951209e-04  -9.0212179e-04  -4.9563487e-04  -1.7677564e-03
  -5.4931474e-04  -1.0481832e-03  -3.5696224e-04  -1.6626669e-03
  -1.9323213e-04  -7.1111837e-04  -3.7944969e-04  -1.8953651e-03
  -3.5815461e-04  -1.0556735e-03  -3.9818924e-04  -1.7527436e-03
  -3.3566518e-04  -9.8077025e-04  -3.1573524e-04  -1.8390672e-03
  -1.3700856e-04  -8.7965080e-04  -2.0329797e-04  -1.9441567e-03
  -2.9068632e-04  -1.0107316e-03  -5.7434096e-04  -1.7940288e-03
  -1.7074271e-04  -8.1598299e-04  -2.2578543e-04  -1.9366503e-03
  -5.5681122e-04  -8.9837662e-04  -5.3381611e-05  -1.8240544e-03
   8.4877803e-04  -7.3358936e-04  -4.1692878e-04  -1.5876030e-03
   1.2310983e-03  -7.5231519e-04  -1.4707934e-04  -1.5313050e-03
  -4.6310527e-04  -7.2235387e-04  -5.3381611e-05  -1.6889393e-03
  -1.5051154e-03  -7.6729585e-04   6.8120855e-04  -1.8503268e-03
   2.1157757e-04  -1.1418123e-03   4.3009865e-04  -1.8240544e-03
   1.3922725e-03  -8.0474750e-04  -9.7536723e-04  -1.8390672e-03
   1.3661281e-04  -6.5119573e-04  -6.7178660e-04  -1.7302244e-03
   1.9283638e-04  -8.3096365e-04   2.7643438e-04  -1.8203012e-03
   7.4382737e-04  -8.4594431e-04  -1.4707934e-04  -1.8578331e-03
   1.9994871e-03  -7.3358936e-04  -8.4044250e-04  -1.8278076e-03
   1.5309573e-03  -4.9764397e-04  -2.3328124e-04  -2.1243101e-03
   4.3647185e-04  -3.9277935e-04   5.0505683e-04  -2.1393229e-03
  -4.3311937e-04  -6.8490222e-04   5.9125874e-04  -2.1505825e-03
  -3.9938522e-04  -1.2803834e-03  -3.7570179e-04  -2.1280633e-03
   1.5909292e-03  -1.2316963e-03  -1.5000745e-03  -1.9479099e-03
   2.2056402e-03  -7.2984420e-04  -1.3014353e-03  -2.2856976e-03
   1.7108728e-03  -2.9915022e-04  -1.3276707e-03  -2.4846170e-03
   1.3885243e-03  -5.0138913e-04  -2.1259753e-03  -2.2856976e-03
   1.4110137e-03  -8.9837662e-04  -2.4333038e-03  -2.3607615e-03
   5.7140842e-04  -7.4857002e-04  -2.0135380e-03  -2.4208127e-03
   5.4244800e-06  -9.6578959e-04  -2.0210338e-03  -2.5259022e-03
   1.0474346e-03  -8.4968948e-04  -2.4445476e-03  -2.4208127e-03
   2.5954569e-03  -4.6393748e-04  -2.9055404e-03  -2.3044636e-03
   1.6209151e-03  -5.5756661e-04  -3.3402978e-03  -2.6084725e-03
  -8.5667026e-04  -5.8752793e-04  -2.9954902e-03  -2.6685237e-03
  -1.6025696e-03  -8.3096365e-04  -2.9842464e-03  -2.7661068e-03
  -1.3439412e-03  -1.2579125e-03  -3.8762488e-03  -2.4696043e-03
  -9.6911740e-04  -1.3215803e-03  -4.6670576e-03  -2.3232296e-03
  -1.2202493e-03  -1.0219671e-03  -4.9856299e-03  -2.5934598e-03
  -1.1377881e-03  -7.7104101e-04  -5.0905713e-03  -2.5409150e-03
  -1.4676331e-03  -8.3845398e-04  -5.2592272e-03  -2.4733575e-03
  -3.1131095e-03  -1.2391866e-03  -5.4053957e-03  -2.0229738e-03
  -3.6078770e-03  -1.2691480e-03  -4.6370743e-03  -2.3757743e-03
  -2.4459232e-03  -1.0594187e-03  -3.7937948e-03  -2.5746938e-03
  -8.3043259e-04  -8.3845398e-04  -3.1978773e-03  -1.9554163e-03
  -1.0890610e-03  -5.9876342e-04  -1.9460757e-03  -1.9816886e-03
  -2.3034901e-03  -9.0212179e-04   1.0403057e-04  -1.9704291e-03
  -2.7607752e-03  -1.1118510e-03   3.0498870e-03  -2.2969572e-03
  -2.7120481e-03  -1.2354415e-03   4.4141259e-03  -2.1468293e-03
  -1.0215927e-03  -1.1530478e-03   5.0175393e-03  -1.4562411e-03
   9.5747693e-04  -5.7629243e-04   6.6478797e-03  -1.3924367e-03
   2.0632071e-03  -3.6656319e-04   8.2294973e-03  -1.4299687e-03
   2.1344237e-03  -3.7030836e-04   9.1027601e-03  -1.7790160e-03
   8.2628860e-04  -5.0887946e-04   7.9334125e-03  -1.3023600e-03
  -1.1602775e-03  -1.1455575e-03   6.9102333e-03  -8.7824873e-04
  -1.2165011e-03  -1.4451707e-03   7.8547064e-03  -1.7264713e-03
  -6.8425131e-04  -1.2167156e-03   8.0383539e-03  -1.8916119e-03
  -1.1790187e-03  -8.4968948e-04   6.9439645e-03  -1.5125390e-03
   1.0249452e-03  -6.7741189e-04   7.5811090e-03  -1.5313050e-03
   3.1726856e-03  -8.0100233e-04   9.7548962e-03  -2.0042078e-03
   9.0500160e-04  -4.5644715e-04   8.1208079e-03  -2.0304802e-03
  -1.8686945e-03  -5.3509562e-04   4.4253696e-03  -1.1672449e-03
  -1.1865152e-03  -1.0931252e-03   4.4141259e-03  -1.2760876e-03
   5.6016370e-04  -1.1455575e-03   5.1786994e-03  -2.1468293e-03
  -9.9910330e-04  -8.2721849e-04   2.5289277e-03  -1.8353140e-03
  -2.6183421e-03  -5.2386012e-04   1.3776175e-04  -1.5763434e-03
  -1.6324623e-04  -5.9876342e-04   1.1309576e-03  -1.9967014e-03
  -5.9054536e-04  -9.6204443e-04   6.9620019e-04  -2.2369060e-03
  -3.1843261e-03  -1.0257122e-03  -1.6312513e-03  -2.1092973e-03
  -2.4159373e-03  -6.5868606e-04  -2.6019597e-03  -2.0042078e-03
  -1.2839694e-03  -1.0144767e-03  -2.8718092e-03  -2.3007104e-03
  -7.1048898e-04  -1.0069864e-03  -3.4377434e-03  -1.9967014e-03
  -1.8237157e-03  -7.4482486e-04  -4.7532595e-03  -1.7527436e-03
  -2.2472666e-03  -9.7702509e-04  -5.5815474e-03  -1.6589137e-03
  -1.0215927e-03  -9.7327992e-04  -5.1880169e-03  -1.6326413e-03
  -2.1872947e-03  -1.2728931e-03  -4.7195283e-03  -2.1168037e-03
  -2.1835465e-03  -1.2242060e-03  -3.8237781e-03  -2.3720211e-03
  -8.2293612e-04  -1.2504221e-03  -3.7788032e-03  -2.1806081e-03
  -5.9429360e-04  -1.1455575e-03  -4.8282177e-03  -2.0567526e-03
  -2.2321804e-04  -8.7590563e-04  -4.4646705e-03  -2.1243101e-03
  -8.7166321e-04  -1.0968704e-03  -3.2915750e-03  -1.9967014e-03
  -8.4917378e-04  -1.0444381e-03  -2.8493217e-03  -2.2856976e-03
  -3.6190284e-04  -1.1904995e-03  -3.9549549e-03  -1.8240544e-03
  -5.7180417e-04  -1.1455575e-03  -3.9174758e-03  -1.3661643e-03
  -2.8309662e-05  -8.9088629e-04  -1.8373863e-03  -2.0342334e-03
   5.0768837e-04  -8.3845398e-04  -4.8439115e-04  -1.9666759e-03
   1.6669194e-05  -9.5080893e-04  -2.2203752e-04  -1.7640032e-03
  -4.1812641e-04  -1.1418123e-03  -1.1334816e-04  -1.7377308e-03
   5.7899812e-05  -1.0781445e-03   1.2246554e-03  -1.7302244e-03
   1.2161986e-04  -1.0519284e-03   2.5139361e-03  -2.1130505e-03
   2.9029057e-04  -1.0669090e-03   2.5439193e-03  -1.9666759e-03
   7.4382737e-04  -1.0519284e-03   2.8025250e-03  -1.3549047e-03
   1.0174487e-03  -1.0182219e-03   3.8781749e-03  -1.4036963e-03
   4.3647185e-04  -9.3208311e-04   4.5752860e-03  -1.6589137e-03
  -1.4450504e-04  -9.0961212e-04   4.3878906e-03  -1.6401477e-03
   6.9510027e-04  -1.1755188e-03   4.2567137e-03  -1.5650838e-03
   4.7020599e-04  -1.0257122e-03   3.8894187e-03  -1.4975262e-03
  -2.6070042e-04  -7.7104101e-04   3.4696528e-03  -1.7677564e-03
   6.9144526e-05  -7.4857002e-04   3.6270650e-03  -2.0117142e-03
   3.4276590e-04  -6.1374408e-04   3.1998034e-03  -1.8765991e-03
   3.9524123e-04  -9.2833794e-04   2.4877007e-03  -1.6213817e-03
   3.7275180e-04  -8.7590563e-04   2.1728763e-03  -1.5951094e-03
   2.2282228e-04  -5.1636979e-04   1.6931440e-03  -1.7001989e-03
   1.6659871e-04  -4.5270199e-04   1.0597474e-03  -1.7827692e-03
   2.4531171e-04  -6.5119573e-04   4.7882147e-04  -1.9178843e-03
   3.5410384e-05  -7.4107969e-04   1.0332842e-05  -1.8015352e-03
   6.1648050e-05  -6.9988288e-04  -5.5185351e-04  -1.7377308e-03
   3.0528352e-04  -8.6841530e-04  -1.1102919e-03  -2.0417398e-03
   1.2161986e-04  -7.2609903e-04  -2.2159251e-03  -2.1618421e-03
  -2.3821099e-04  -7.2984420e-04  -3.1379107e-03  -2.1993741e-03
  -2.7194513e-04  -7.4857002e-04  -2.7368845e-03  -2.1993741e-03
  -8.4533232e-05  -7.2609903e-04  -3.0104818e-03  -2.1393229e-03
  -3.7689580e-04  -8.4219915e-04  -4.0261652e-03  -2.0642590e-03
  -5.2307708e-04  -7.5231519e-04  -4.2885188e-03  -2.0042078e-03
  -1.1826737e-04  -8.2347332e-04  -3.2278605e-03  -2.2631784e-03
   3.4276590e-04  -8.4594431e-04  -2.1559586e-03  -2.5108894e-03
   2.1157757e-04  -8.1972816e-04  -2.9767506e-03  -2.5146426e-03
  -3.0193104e-04  -8.6841530e-04  -3.5426849e-03  -2.2932040e-03
  -1.1451914e-04  -1.1081059e-03  -2.9167841e-03  -2.5071362e-03
  -6.5792042e-05  -1.3927384e-03  -2.2459084e-03  -2.5822002e-03
  -2.6819689e-04  -8.7965080e-04  -1.9385798e-03  -2.3457488e-03
   1.6285048e-04  -7.0737321e-04  -2.5045141e-03  -2.5634342e-03
   3.1662146e-05  -8.6467014e-04  -3.2166168e-03  -2.4433319e-03
  -3.1692399e-04  -6.5494090e-04  -2.8680613e-03  -2.3382424e-03
   3.1662146e-05  -9.0586695e-04  -1.8261426e-03  -2.5259022e-03
  -3.0567927e-04  -9.2459278e-04  -1.4738391e-03  -2.7135621e-03
  -4.6310527e-04  -8.0474750e-04  -1.7212011e-03  -2.6872897e-03
   3.3526942e-04  -7.8227651e-04  -1.2789479e-03  -2.4470851e-03
   4.3272361e-04  -8.6467014e-04  -2.9699570e-04  -2.6309917e-03
   3.9149299e-04  -8.4968948e-04   2.4270320e-04  -2.5859534e-03
   2.8654233e-04  -4.8640847e-04   5.6877128e-04  -2.3194764e-03
   1.3286457e-04  -7.3358936e-04   8.2362909e-04  -2.2444124e-03
   6.0139432e-04  -7.7853134e-04   1.3483364e-03  -2.0980378e-03
   6.9884851e-04  -6.8490222e-04   1.8280687e-03  -2.3457488e-03
   7.8130975e-04  -5.9501826e-04   1.6631607e-03  -2.2218933e-03
   8.6377098e-04  -6.3621507e-04   1.7081356e-03  -1.8878587e-03
   7.7381327e-04  -7.7478618e-04   1.7456147e-03  -1.9779355e-03
   5.1143661e-04  -5.9876342e-04   1.8093292e-03  -2.0192206e-03
   4.1398242e-04  -9.8451542e-04   1.9592455e-03  -2.1993741e-03
   8.3003684e-04  -7.5231519e-04   1.3033614e-03  -2.0529994e-03
   9.0125336e-04  -5.4633111e-04   1.0859827e-03  -1.8615863e-03
   1.0586794e-03  -6.7741189e-04   1.2921177e-03  -1.8765991e-03
   6.7635908e-04  -5.5382144e-04   6.8120855e-04  -1.8690927e-03
   3.1278000e-04  -8.9463146e-04   4.3384656e-04  -1.9704291e-03
   2.3406700e-04  -8.1598299e-04   2.4645111e-04  -2.1468293e-03
  -1.1451914e-04  -6.5119573e-04  -3.0449151e-04  -2.0830250e-03
   3.3152119e-04  -9.3582827e-04  -7.9171968e-04  -1.8278076e-03
   4.7770247e-04  -8.1598299e-04  -1.5263098e-03  -1.9404035e-03
   4.0648595e-04  -3.9652451e-04  -1.6612346e-03  -2.0154674e-03
   2.9029057e-04  -6.6992156e-04  -1.6125118e-03  -1.9967014e-03
  -3.3941342e-04  -8.7965080e-04  -1.7174532e-03  -2.0342334e-03
  -7.5171960e-04  -7.3358936e-04  -1.8336384e-03  -2.0567526e-03
  -4.7809822e-04  -7.9725717e-04  -2.1597065e-03  -1.9066247e-03
   2.0417432e-05  -8.7590563e-04  -2.0097901e-03  -1.8803523e-03
  -3.0193104e-04  -8.4219915e-04  -2.3096228e-03  -2.2331528e-03
  -3.4316165e-04  -7.4107969e-04  -2.6057076e-03  -2.2256465e-03
  -2.5320394e-04  -8.8714113e-04  -2.2758916e-03  -2.1430761e-03
  -4.9309117e-04  -9.9575091e-04  -1.9985464e-03  -2.1468293e-03
  -3.0567927e-04  -9.6953476e-04  -1.3913851e-03  -2.1655953e-03
  -1.8948390e-04  -9.9949608e-04  -1.1515189e-03  -2.3082168e-03
  -1.1451914e-04  -1.0406929e-03  -1.4850828e-03  -2.1655953e-03
   1.0287867e-04  -1.1867543e-03  -1.5675368e-03  -1.9666759e-03
   1.6285048e-04  -1.1193414e-03  -1.4101247e-03  -1.9741823e-03
  -3.7314756e-04  -9.3208311e-04  -1.0765608e-03  -2.1280633e-03
  -5.4181827e-04  -9.8077025e-04  -1.0690650e-03  -1.9967014e-03
  -1.3316710e-05  -9.9200575e-04  -1.2751999e-03  -1.8953651e-03
   5.7899812e-05  -1.1717737e-03  -9.9035886e-04  -2.0304802e-03
   1.1037514e-04  -1.0107316e-03  -8.0671132e-04  -1.9891950e-03
   2.0408109e-04  -7.9351200e-04  -4.3566833e-04  -1.9441567e-03
   1.2911633e-04  -8.6467014e-04  -2.5576870e-04  -1.8240544e-03
   1.5535400e-04  -9.0961212e-04  -5.3686187e-04  -1.8165480e-03
  -1.2201561e-04  -1.2841286e-03   1.5275338e-04  -1.8803523e-03
  -1.9698037e-04  -1.2953641e-03   8.7609982e-04  -1.8578331e-03
   3.1662146e-05  -9.1335728e-04   4.0761120e-04  -1.7715096e-03
   5.9014961e-04  -5.0138913e-04  -2.3328124e-04  -1.5050326e-03
   1.1786230e-03  -5.5382144e-04  -3.1573524e-04  -1.2986068e-03
   3.3526942e-04  -7.5980552e-04   1.3401384e-04  -1.4825134e-03
  -7.4797136e-04  -6.5119573e-04   1.2846219e-03  -1.8503268e-03
  -9.4287973e-04  -1.0743994e-03   2.1541368e-03  -2.0980378e-03
  -3.7314756e-04  -1.5238192e-03   1.9330102e-03  -2.1205569e-03
   4.6655098e-05  -1.1942447e-03   1.0110245e-03  -1.8653395e-03
   6.1648050e-05  -7.2235387e-04   6.2873783e-04  -1.5951094e-03
   3.7650004e-04  -5.9876342e-04   3.2890511e-04  -1.6889393e-03
   7.6641002e-05  -4.8266331e-04  -7.7298014e-04  -1.7640032e-03
  -1.3700856e-04  -5.8003760e-04  -8.1420714e-04  -1.4299687e-03
  -6.4302069e-04  -1.0856349e-03  -2.8200406e-04  -1.7189649e-03
  -1.0665716e-03  -1.1193414e-03  -2.4827288e-04  -2.0417398e-03
  -3.0942751e-04  -8.7965080e-04  -1.0428296e-03  -1.8653395e-03
   1.3286457e-04  -7.9725717e-04  -1.7137053e-03  -2.1055441e-03
   2.4905995e-04  -5.7629243e-04  -1.3464102e-03  -2.2706848e-03
  -8.0044669e-04  -8.9088629e-04  -1.2527125e-03  -2.2969572e-03
  -1.5463461e-03  -9.5080893e-04  -9.6037559e-04  -2.1468293e-03
  -5.9804184e-04  -6.6617639e-04  -1.1552669e-03  -1.8690927e-03
   1.6285048e-04  -5.8003760e-04  -1.7062095e-03  -1.7902756e-03
   4.1023418e-04  -3.2911154e-04  -1.7399407e-03  -1.7865224e-03
  -5.4547328e-05  -5.1262463e-04  -1.5300578e-03  -1.8315608e-03
  -2.6444866e-04  -5.7254727e-04  -7.9546759e-04  -1.9366503e-03
  -5.0433589e-04  -9.5080893e-04  -8.3364883e-05  -2.3007104e-03
  -9.6162092e-04  -1.3403061e-03   5.3504010e-04  -2.5559278e-03
  -8.3043259e-04  -9.2459278e-04   9.5480591e-04  -2.4057999e-03
  -3.5065813e-04  -8.0100233e-04   9.3231846e-04  -2.2031273e-03
   6.9884851e-04  -6.6992156e-04   6.0625037e-04  -2.2181401e-03
   6.8010732e-04  -4.7517298e-04   5.8001501e-04  -2.1318165e-03
  -2.6819689e-04  -7.1486354e-04   9.6979755e-04  -2.1468293e-03
  -7.5546783e-04  -9.1710245e-04   1.2846219e-03  -2.2631784e-03
  -2.7194513e-04  -1.0519284e-03   1.3445884e-03  -2.0267270e-03
   1.8159167e-04  -1.0669090e-03   1.1759325e-03  -2.2143869e-03
  -2.0447685e-04  -9.7327992e-04   1.0410078e-03  -2.4620979e-03
  -3.4316165e-04  -9.2833794e-04   1.1009744e-03  -2.3870339e-03
  -4.4061584e-04  -7.4857002e-04   9.1732682e-04  -2.4808638e-03
  -1.1826737e-04  -9.8451542e-04   3.9261956e-04  -2.2744380e-03
  -2.6819689e-04  -1.0743994e-03   3.0641765e-04  -2.1505825e-03
  -4.5560879e-04  -6.2497958e-04   5.0505683e-04  -2.2706848e-03
   2.0417432e-05  -4.0026968e-04   2.1271993e-04  -1.9516631e-03
   4.6655098e-05  -5.1262463e-04  -3.0449151e-04  -1.8465736e-03
  -9.5684720e-06  -7.8602167e-04  -3.1573524e-04  -1.9554163e-03
  -3.6939932e-04  -8.3096365e-04   5.1559841e-05  -1.9629227e-03
  -3.9938522e-04  -7.8602167e-04   1.4525757e-04  -2.2331528e-03
  -1.7823918e-04  -7.2609903e-04  -9.4608610e-05  -2.0529994e-03
  -5.0799090e-05  -5.6880210e-04  -2.0704588e-04  -1.9291439e-03
  -2.9443456e-04  -6.7366672e-04  -3.7570179e-04  -2.1618421e-03
  -6.1303479e-04  -7.5980552e-04  -4.2817251e-04  -1.8278076e-03
  -2.6819689e-04  -6.6243123e-04  -3.1573524e-04  -1.7189649e-03
  -1.8198742e-04  -7.8227651e-04  -3.5321433e-04  -2.0529994e-03
  -1.2576385e-04  -7.7104101e-04   6.5849330e-06  -2.0755186e-03
  -3.2816870e-04  -7.1111837e-04   1.5275338e-04  -1.9479099e-03
  -3.3191694e-04  -7.2609903e-04  -1.9955006e-04  -1.9967014e-03
  -2.1572156e-04  -8.6467014e-04  -2.9324779e-04  -2.2106337e-03
  -5.3432179e-04  -1.0182219e-03  -2.3702915e-04  -2.2293996e-03
  -5.4931474e-04  -9.1710245e-04  -1.1709606e-04  -2.0379866e-03
  -6.1303479e-04  -9.4331860e-04   5.1559841e-05  -1.9253907e-03
  -1.9698037e-04  -9.7327992e-04   1.7828660e-05  -1.9178843e-03
  -3.5806138e-05  -7.8976684e-04  -9.1088500e-07  -2.0454930e-03
  -4.1812641e-04  -7.3358936e-04   2.2771156e-04  -2.1092973e-03
  -5.1183236e-04  -9.3208311e-04   2.6519065e-04  -2.0154674e-03
  -6.8799955e-04  -8.6092497e-04   8.1543113e-05  -1.8540799e-03
  -4.2187465e-04  -9.7327992e-04   1.3776175e-04  -1.9178843e-03
  -4.1437818e-04  -8.9463146e-04   1.4525757e-04  -1.8728459e-03
  -2.9443456e-04  -8.0849266e-04   1.6399711e-04  -1.7940288e-03
  -1.3316710e-05  -1.0332026e-03   3.1766138e-04  -2.0755186e-03
  -3.8064403e-04  -7.3358936e-04   2.0147620e-04  -1.9554163e-03
  -4.0313346e-04  -9.5829926e-04   3.2140929e-04  -1.9366503e-03
  -5.1558060e-04  -1.0893800e-03   5.5752756e-04  -2.0942846e-03
  -5.3057355e-04  -8.4594431e-04   4.1510701e-04  -2.0717654e-03
  -2.4570747e-04  -7.7853134e-04   3.5514047e-04  -2.0755186e-03
   1.6669194e-05  -7.4107969e-04   4.4883819e-04  -2.0192206e-03
  -8.0784994e-05  -8.4968948e-04   6.0625037e-04  -2.1655953e-03
  -4.2937113e-04  -9.3208311e-04   7.1868764e-04  -2.0905314e-03
  -3.9938522e-04  -1.0332026e-03   9.2857055e-04  -2.0079610e-03
  -4.4436408e-04  -9.0961212e-04   9.6979755e-04  -1.8803523e-03
  -2.6070042e-04  -1.2054801e-03   7.7865419e-04  -1.7339776e-03
  -2.0072861e-04  -1.1043607e-03   8.7609982e-04  -2.0042078e-03
  -2.4570747e-04  -7.8227651e-04   6.3623364e-04  -1.9366503e-03
  -2.0822509e-04  -1.0107316e-03   4.6382983e-04  -1.5313050e-03
  -3.5440637e-04  -7.6355068e-04   4.4134238e-04  -1.6101221e-03
  -3.2067223e-04  -7.4107969e-04   1.0777848e-04  -1.8728459e-03
  -3.9938522e-04  -9.5455410e-04  -3.8389975e-05  -1.7001989e-03
  -4.1812641e-04  -8.9088629e-04  -2.7146248e-05  -1.8428204e-03
  -3.0193104e-04  -8.4594431e-04  -1.4333143e-04  -1.9629227e-03
  -1.5949799e-04  -9.3208311e-04  -5.7434096e-04  -1.6776797e-03
  -2.6070042e-04  -9.5080893e-04  -6.6803869e-04  -1.6514073e-03
  -2.6819689e-04  -8.1972816e-04  -6.3055960e-04  -1.8765991e-03
  -1.7449094e-04  -8.7216047e-04  -7.4299687e-04  -1.8728459e-03
  -4.7060175e-04  -1.0594187e-03  -7.1676150e-04  -1.6026158e-03
  -5.3057355e-04  -1.0781445e-03  -7.2050941e-04  -1.7827692e-03
