   5.4151574e-05  -1.0144767e-03  -7.9616974e-05  -1.8841055e-03
  -2.8309662e-05  -8.1598299e-04  -1.2154612e-05  -1.7339776e-03
  -3.5065813e-04  -7.7478618e-04  -3.2697897e-04  -1.8878587e-03
  -2.1572156e-04  -8.6841530e-04  -2.8949988e-04  -1.6476541e-03
  -2.0447685e-04  -7.7478618e-04  -8.3364883e-05  -1.8428204e-03
  -4.7060175e-04  -9.0586695e-04  -2.7146248e-05  -1.8465736e-03
  -4.0313346e-04  -9.6204443e-04  -2.5951661e-04  -1.8315608e-03
  -2.8309662e-05  -9.9949608e-04  -4.0193715e-04  -2.2106337e-03
  -6.9540280e-05  -6.9613771e-04  -2.7450824e-04  -1.9704291e-03
  -9.5777946e-05  -8.2347332e-04  -4.9188696e-04  -1.8916119e-03
  -2.1946980e-04  -9.6578959e-04  -2.1079379e-04  -1.9028715e-03
  -3.5440637e-04  -6.1748925e-04   1.7149293e-04  -2.0004546e-03
  -1.3326033e-04  -7.3733453e-04  -6.4625338e-05  -2.1580889e-03
  -2.5695218e-04  -8.3096365e-04  -1.5902521e-05  -2.0830250e-03
  -2.7569337e-04  -7.4482486e-04  -8.7112792e-05  -2.1618421e-03
  -4.7050852e-05  -8.5343464e-04  -3.8694551e-04  -2.1806081e-03
   1.2920956e-05  -7.6355068e-04  -3.0894157e-05  -2.1806081e-03
  -2.0072861e-04  -7.1111837e-04  -1.0210443e-04  -2.1092973e-03
  -3.0567927e-04  -7.9725717e-04  -4.5815578e-04  -2.0492462e-03
  -1.8198742e-04  -6.5868606e-04  -2.0329797e-04  -2.0792718e-03
  -1.7823918e-04  -7.7853134e-04  -1.2084397e-04  -2.3082168e-03
  -1.9323213e-04  -9.3208311e-04  -1.4707934e-04  -2.4808638e-03
  -7.7036756e-05  -6.1748925e-04   2.5324478e-05  -2.2256465e-03
  -1.1451914e-04  -7.4107969e-04   1.1152638e-04  -2.3945403e-03
  -2.9068632e-04  -9.5455410e-04  -1.1334816e-04  -2.3419956e-03
  -2.1946980e-04  -7.5231519e-04  -3.4642066e-05  -2.1355697e-03
  -2.9068632e-04  -7.7104101e-04  -5.7129520e-05  -2.4057999e-03
  -1.7823918e-04  -7.7478618e-04  -1.1709606e-04  -2.2894508e-03
  -2.7944161e-04  -7.8976684e-04  -1.5457515e-04  -2.3532552e-03
  -2.0447685e-04  -6.8490222e-04  -9.8356519e-05  -2.3532552e-03
   1.1412338e-04  -9.2833794e-04   1.7149293e-04  -2.2856976e-03
  -4.6685351e-04  -1.1493027e-03  -1.3958352e-04  -2.5671874e-03
  -4.9309117e-04  -6.4370540e-04  -4.2137884e-05  -2.4846170e-03
  -2.8693808e-04  -8.7590563e-04  -2.8949988e-04  -2.3307360e-03
  -1.4075680e-04  -8.5717981e-04  -3.9818924e-04  -2.3382424e-03
  -1.2201561e-04  -5.3884078e-04  -2.7146248e-05  -2.1543357e-03
  -1.3700856e-04  -8.6467014e-04  -2.8575197e-04  -1.9479099e-03
   3.3901766e-04  -7.3733453e-04  -4.6587940e-06  -2.1280633e-03
   1.3661281e-04  -7.2984420e-04   1.9023247e-04  -2.3119700e-03
   1.6659871e-04  -6.6617639e-04  -4.9633702e-05  -2.2781912e-03
   1.6659871e-04  -5.0513430e-04  -2.1828961e-04  -2.0567526e-03
  -1.7823918e-04  -6.9239255e-04  -9.0860701e-05  -1.9929482e-03
  -1.0327442e-04  -7.9351200e-04   2.0522411e-04  -2.0567526e-03
  -2.0822509e-04  -8.4594431e-04  -1.9650430e-05  -1.8428204e-03
  -1.4450504e-04  -7.5606035e-04  -1.0210443e-04  -1.9967014e-03
  -6.5792042e-05  -8.0100233e-04   8.9038931e-05  -2.0117142e-03
   1.2911633e-04  -8.9088629e-04  -2.4077706e-04  -2.1130505e-03
   4.0273771e-04  -8.3096365e-04  -2.3328124e-04  -2.3194764e-03
  -2.8309662e-05  -7.6355068e-04  -3.4642066e-05  -1.8653395e-03
  -6.9540280e-05  -6.9988288e-04  -3.7195388e-04  -1.8578331e-03
  -2.4561424e-05  -5.9876342e-04  -7.2121156e-05  -2.0792718e-03
  -4.2937113e-04  -5.6505694e-04   8.5291022e-05  -1.9704291e-03
  -4.3311937e-04  -6.0250859e-04  -1.1709606e-04  -1.9629227e-03
  -1.9698037e-04  -8.3845398e-04  -9.0860701e-05  -2.0454930e-03
   2.5655643e-04  -1.1942447e-03  -3.0449151e-04  -2.0492462e-03
   1.3286457e-04  -1.0406929e-03  -2.9324779e-04  -2.1130505e-03
  -1.2201561e-04  -6.8115705e-04  -1.7706261e-04  -2.0755186e-03
   9.1727180e-06  -6.2497958e-04  -4.9633702e-05  -1.9741823e-03
  -2.4195923e-04  -9.5455410e-04  -3.0894157e-05  -2.1280633e-03
  -2.6070042e-04  -8.6092497e-04  -1.8081052e-04  -2.1280633e-03
  -3.1692399e-04  -6.6243123e-04  -7.2121156e-05  -1.9816886e-03
  -4.2187465e-04  -9.2084761e-04   1.4080751e-05  -2.0192206e-03
  -1.5200152e-04  -9.3208311e-04  -2.8575197e-04  -2.0079610e-03
  -1.4075680e-04  -1.0032412e-03  -2.9699570e-04  -2.0229738e-03
  -3.8064403e-04  -9.7327992e-04   1.7898875e-04  -2.1618421e-03
  -2.7194513e-04  -8.1972816e-04  -5.7129520e-05  -1.9779355e-03
  -1.4075680e-04  -7.1111837e-04  -4.2817251e-04  -2.0042078e-03
  -2.7194513e-04  -8.0100233e-04  -1.6956679e-04  -2.1956209e-03
  -3.5440637e-04  -1.0294574e-03  -3.1573524e-04  -2.0417398e-03
  -4.4061584e-04  -1.0257122e-03  -2.3702915e-04  -2.0342334e-03
  -2.7569337e-04  -1.1006155e-03  -2.7146248e-05  -2.1505825e-03
  -2.2696628e-04  -9.9200575e-04  -4.3941624e-04  -2.1655953e-03
  -2.3821099e-04  -8.3096365e-04  -4.4316415e-04  -2.2218933e-03
  -2.8693808e-04  -8.2721849e-04  -4.0568506e-04  -2.2331528e-03
  -2.9068632e-04  -9.6578959e-04  -3.1198733e-04  -2.0680122e-03
  -2.4570747e-04  -9.7702509e-04  -1.6956679e-04  -2.1693485e-03
  -4.5560879e-04  -7.4482486e-04  -3.3822270e-04  -1.9779355e-03
  -1.7449094e-04  -7.0362804e-04  -2.6701242e-04  -1.7302244e-03
  -2.5320394e-04  -8.2347332e-04  -1.5082725e-04  -1.9178843e-03
  -1.6699447e-04  -8.1598299e-04   2.4270320e-04  -1.8578331e-03
   6.1648050e-05  -6.2123441e-04   2.2771156e-04  -1.9629227e-03
  -4.2187465e-04  -9.2084761e-04  -4.5885793e-05  -1.9103779e-03
  -1.5200152e-04  -1.1006155e-03   5.1559841e-05  -1.7865224e-03
   6.9144526e-05  -7.9725717e-04   1.4080751e-05  -1.7452372e-03
  -1.4825328e-04  -8.1223783e-04  -6.0877429e-05  -1.6551605e-03
  -1.5949799e-04  -7.6355068e-04  -2.0704588e-04  -1.8878587e-03
  -1.4075680e-04  -7.6729585e-04  -6.0877429e-05  -1.8428204e-03
  -3.5065813e-04  -7.8976684e-04  -1.0960025e-04  -1.8878587e-03
  -3.2816870e-04  -8.2347332e-04  -2.3328124e-04  -1.9441567e-03
   7.6641002e-05  -8.4968948e-04  -9.1088500e-07  -2.0642590e-03
  -8.8281470e-05  -6.8864738e-04  -1.1709606e-04  -2.2744380e-03
  -6.9540280e-05  -8.6841530e-04  -1.7706261e-04  -1.8578331e-03
  -3.2057900e-05  -8.1972816e-04  -1.0210443e-04  -2.0680122e-03
  -1.4075680e-04  -8.1598299e-04  -1.6207097e-04  -2.3457488e-03
  -3.5806138e-05  -1.0144767e-03  -1.5457515e-04  -2.0680122e-03
  -4.3686760e-04  -6.9988288e-04  -1.5082725e-04  -2.2218933e-03
  -3.8439227e-04  -7.3733453e-04  -9.4608610e-05  -2.1280633e-03
  -1.1451914e-04  -8.9837662e-04  -1.5902521e-05  -2.0492462e-03
  -2.9818280e-04  -7.8976684e-04  -2.0329797e-04  -2.1580889e-03
  -2.3446275e-04  -9.4706377e-04  -2.0704588e-04  -1.9666759e-03
  -1.6324623e-04  -1.0219671e-03  -2.2203752e-04  -2.1130505e-03
  -1.5949799e-04  -8.1972816e-04  -1.3958352e-04  -2.2631784e-03
  -3.6190284e-04  -6.9988288e-04   1.4080751e-05  -2.2856976e-03
  -1.9323213e-04  -9.4331860e-04  -3.0823942e-04  -2.4358255e-03
  -4.7050852e-05  -8.4594431e-04  -1.5082725e-04  -2.1993741e-03
  -3.9188875e-04  -6.1374408e-04  -1.5082725e-04  -2.2143869e-03
  -6.9540280e-05  -9.7327992e-04  -2.1454170e-04  -2.4620979e-03
  -6.2043804e-05  -9.6578959e-04  -3.0894157e-05  -2.2631784e-03
  -2.7194513e-04  -6.3246991e-04  -1.6207097e-04  -2.2819444e-03
  -7.3288518e-05  -6.4370540e-04   8.1543113e-05  -2.3194764e-03
  -1.2951209e-04  -8.9088629e-04   6.5849330e-06  -2.2856976e-03
  -2.7944161e-04  -9.8077025e-04  -1.0585234e-04  -2.4771107e-03
  -3.0567927e-04  -8.4594431e-04  -3.0894157e-05  -2.3344892e-03
  -1.1826737e-04  -7.7853134e-04  -1.6581888e-04  -2.2031273e-03
  -1.3326033e-04  -7.2984420e-04  -7.9616974e-05  -2.4395787e-03
  -2.2696628e-04  -9.1335728e-04  -1.2084397e-04  -2.4771107e-03
  -1.8198742e-04  -8.7965080e-04  -1.5902521e-05  -2.3832807e-03
  -1.0702266e-04  -5.4633111e-04   5.5307750e-05  -2.1543357e-03
  -8.4533232e-05  -8.2721849e-04  -1.3208770e-04  -1.9629227e-03
  -1.2576385e-04  -8.0849266e-04   1.0332842e-05  -2.2256465e-03
   1.6762420e-06  -4.3023100e-04   3.2820296e-05  -2.0605058e-03
  -7.7036756e-05  -6.6992156e-04  -2.4452497e-04  -1.9103779e-03
  -1.4450504e-04  -8.3096365e-04  -2.4452497e-04  -2.1468293e-03
  -5.4547328e-05  -8.2721849e-04   1.4080751e-05  -1.9554163e-03
  -1.2201561e-04  -6.6617639e-04  -1.2833979e-04  -1.9591695e-03
  -8.4533232e-05  -6.5494090e-04  -2.8200406e-04  -2.0642590e-03
  -2.0822509e-04  -8.0849266e-04  -1.0210443e-04  -1.9854418e-03
  -1.5200152e-04  -6.6617639e-04  -4.2137884e-05  -1.9741823e-03
   9.9130430e-05  -9.6953476e-04  -1.9205424e-04  -1.9891950e-03
   1.0287867e-04  -1.0406929e-03  -1.0210443e-04  -1.8878587e-03
   5.4151574e-05  -7.2609903e-04   2.9072387e-05  -1.9967014e-03
  -1.7449094e-04  -8.6841530e-04  -1.5457515e-04  -2.1393229e-03
  -2.1946980e-04  -7.3733453e-04   8.1543113e-05  -1.9328971e-03
  -2.8318985e-04  -5.0887946e-04  -7.9616974e-05  -2.0267270e-03
  -3.2442046e-04  -7.1486354e-04  -2.6326452e-04  -1.9854418e-03
  -8.0784994e-05  -6.3996024e-04  -1.2154612e-05  -1.8916119e-03
  -2.0813186e-05  -7.4857002e-04  -1.1709606e-04  -2.0830250e-03
   5.4244800e-06  -1.0219671e-03  -1.2084397e-04  -2.1580889e-03
  -2.0813186e-05  -7.6355068e-04  -2.3328124e-04  -2.1355697e-03
  -2.7944161e-04  -8.1972816e-04  -3.0894157e-05  -1.9366503e-03
  -4.2937113e-04  -8.2721849e-04  -3.0894157e-05  -2.0342334e-03
  -2.6444866e-04  -6.7366672e-04  -2.8575197e-04  -1.9741823e-03
  -2.1572156e-04  -8.2721849e-04  -9.8356519e-05  -1.8578331e-03
  -1.1826737e-04  -8.6467014e-04  -2.7450824e-04  -2.1806081e-03
  -1.5949799e-04  -9.9949608e-04  -2.8200406e-04  -2.1505825e-03
  -2.7194513e-04  -9.4706377e-04  -1.3208770e-04  -2.0755186e-03
  -6.2043804e-05  -8.7216047e-04  -3.6071015e-04  -2.1055441e-03
  -3.0942751e-04  -9.9575091e-04  -1.8455843e-04  -2.0717654e-03
  -2.7194513e-04  -8.4219915e-04  -5.3381611e-05  -2.1243101e-03
  -1.7074271e-04  -8.3845398e-04  -3.6820597e-04  -2.1580889e-03
  -4.6685351e-04  -1.0369477e-03  -3.8694551e-04  -2.0079610e-03
  -1.9698037e-04  -8.8714113e-04  -2.6701242e-04  -1.9479099e-03
  -2.8693808e-04  -9.5829926e-04  -3.0823942e-04  -1.8953651e-03
  -3.1692399e-04  -1.2017350e-03  -4.2817251e-04  -1.8916119e-03
  -2.7569337e-04  -8.2721849e-04  -4.1318088e-04  -2.1993741e-03
  -6.9174779e-04  -9.0212179e-04  -2.2953333e-04  -2.0417398e-03
  -3.1692399e-04  -1.0669090e-03  -2.5202079e-04  -2.1468293e-03
  -1.6324623e-04  -9.2833794e-04  -3.3447479e-04  -2.1993741e-03
  -3.6939932e-04  -1.0669090e-03  -2.3328124e-04  -1.8540799e-03
  -3.2816870e-04  -7.1486354e-04  -1.2459188e-04  -2.0192206e-03
  -2.9818280e-04  -7.5231519e-04  -1.6956679e-04  -1.9479099e-03
  -9.5684720e-06  -8.6092497e-04  -2.5576870e-04  -1.9291439e-03
   2.7913908e-05  -8.0849266e-04  -1.0210443e-04  -1.8540799e-03
  -5.4547328e-05  -9.6953476e-04  -1.2833979e-04  -1.5763434e-03
  -1.2576385e-04  -7.0737321e-04  -1.2833979e-04  -1.6851861e-03
  -1.5200152e-04  -7.0362804e-04   5.9055659e-05  -1.9216375e-03
  -2.3071451e-04  -7.1860870e-04  -1.0210443e-04  -1.8916119e-03
  -4.7060175e-04  -8.3470882e-04   3.2820296e-05  -1.8765991e-03
  -3.1692399e-04  -9.5080893e-04   1.4080751e-05  -2.1168037e-03
   3.5410384e-05  -8.5343464e-04  -4.2442460e-04  -2.0792718e-03
  -1.8948390e-04  -9.1335728e-04  -2.5951661e-04  -2.0680122e-03
  -2.2696628e-04  -8.8339596e-04  -1.8830634e-04  -1.8278076e-03
   1.0662691e-04  -8.9088629e-04  -1.4333143e-04  -1.8165480e-03
  -2.7944161e-04  -1.0107316e-03   7.7795204e-05  -2.0717654e-03
  -2.6070042e-04  -7.5231519e-04  -2.0329797e-04  -1.9103779e-03
  -3.0193104e-04  -5.6131177e-04  -1.6207097e-04  -2.3007104e-03
  -5.0808413e-04  -8.2347332e-04   9.6534749e-05  -2.3269828e-03
  -2.0072861e-04  -5.0513430e-04   1.4080751e-05  -2.0417398e-03
  -2.5695218e-04  -8.1598299e-04  -2.6326452e-04  -2.2894508e-03
  -4.4436408e-04  -1.1268317e-03  -3.7195388e-04  -2.1731017e-03
  -1.8948390e-04  -6.4745057e-04  -1.2084397e-04  -2.1355697e-03
   1.7409519e-04  -8.7216047e-04  -1.9580215e-04  -2.1618421e-03
  -3.1317575e-04  -9.6953476e-04  -2.1828961e-04  -2.0642590e-03
  -9.9526184e-05  -9.2459278e-04  -1.8455843e-04  -2.3495020e-03
  -3.1317575e-04  -8.7216047e-04  -6.0877429e-05  -2.3645147e-03
  -9.2029708e-05  -8.7216047e-04  -3.4642066e-05  -2.2856976e-03
   9.6122517e-04  -8.0100233e-04  -3.6445806e-04  -2.3119700e-03
   9.1633954e-05  -6.9613771e-04  -2.0329797e-04  -1.9891950e-03
  -6.0179008e-04  -9.6953476e-04   7.7795204e-05  -2.0980378e-03
  -1.0440822e-03  -9.8077025e-04   3.8887165e-04  -2.5221490e-03
  -3.8439227e-04  -1.0856349e-03  -1.1334816e-04  -2.3382424e-03
   4.8519894e-04  -9.6953476e-04  -7.2425732e-04  -2.1280633e-03
   5.7890489e-04  -5.6131177e-04  -2.6326452e-04  -2.3344892e-03
   5.7140842e-04  -5.3509562e-04  -4.3941624e-04  -2.2444124e-03
   3.1278000e-04  -6.8490222e-04  -4.9938278e-04  -2.3457488e-03
   3.6900357e-04  -6.8864738e-04  -1.9650430e-05  -2.4620979e-03
  -3.5806138e-05  -7.0737321e-04   1.6024920e-04  -2.2444124e-03
   2.4905995e-04  -8.5717981e-04   1.2277011e-04  -2.5183958e-03
   1.0999100e-03  -5.5007628e-04  -3.7570179e-04  -2.2969572e-03
   1.4934750e-03  -5.2386012e-04  -1.9580215e-04  -2.0492462e-03
   1.3622866e-03  -6.8864738e-04   4.6382983e-04  -2.2856976e-03
   9.6122517e-04  -4.8640847e-04   2.0147620e-04  -2.3007104e-03
   8.6002274e-04  -7.1486354e-04  -2.0704588e-04  -2.2293996e-03
   1.0549311e-03  -5.9501826e-04  -2.8200406e-04  -2.0792718e-03
   1.7895858e-03  -2.5420824e-04  -5.1812233e-04  -2.1393229e-03
   2.2318779e-03  -3.2162121e-04  -3.8694551e-04  -2.2256465e-03
   1.4147620e-03  -3.1038572e-04  -3.9069342e-04  -2.1618421e-03
   5.5641547e-04  -6.8490222e-04  -8.0671132e-04  -2.1205569e-03
  -1.6699447e-04  -1.0781445e-03  -7.0551778e-04  -2.2481656e-03
  -3.0567927e-04  -9.3208311e-04  -1.1215357e-03  -2.0042078e-03
   2.4531171e-04  -7.6729585e-04  -2.0322776e-03  -1.9066247e-03
   7.1009322e-04  -7.2235387e-04  -2.4857746e-03  -2.1318165e-03
   1.2460913e-03  -7.1860870e-04  -2.3920768e-03  -2.2444124e-03
   6.7261084e-04  -7.2984420e-04  -2.2646479e-03  -2.4921234e-03
  -1.0140963e-03  -8.7965080e-04  -2.5045141e-03  -2.3419956e-03
  -2.2660077e-03  -9.4706377e-04  -2.2459084e-03  -2.5108894e-03
  -2.1685536e-03  -8.1598299e-04  -2.6619263e-03  -2.6009662e-03
  -1.6925273e-03  -8.4968948e-04  -3.5764161e-03  -2.1280633e-03
  -9.5037621e-04  -8.7965080e-04  -3.3290541e-03  -2.2932040e-03
  -2.7194513e-04  -6.8115705e-04  -2.8868008e-03  -2.4395787e-03
  -6.4302069e-04  -5.8752793e-04  -2.5419932e-03  -2.2143869e-03
  -1.7337580e-03  -1.0369477e-03  -2.0285297e-03  -2.3870339e-03
  -3.0493895e-03  -1.2579125e-03  -1.2939395e-03  -2.5033830e-03
  -3.1580884e-03  -8.4968948e-04  -5.5934933e-04  -2.5409150e-03
  -1.9436593e-03  -8.6467014e-04  -4.9938278e-04  -2.3382424e-03
  -3.8814051e-04  -1.0332026e-03  -3.1573524e-04  -1.7489904e-03
  -1.1077090e-04  -7.4857002e-04   6.9620019e-04  -1.7339776e-03
  -9.6536916e-04  -6.2123441e-04   2.0491953e-03  -2.0717654e-03
  -1.3177035e-03  -9.9575091e-04   3.0611308e-03  -1.9591695e-03
  -1.6850309e-03  -1.4152094e-03   3.4359217e-03  -1.6176285e-03
  -2.1723018e-03  -1.3103448e-03   4.2154867e-03  -1.8315608e-03
  -1.2727247e-03  -9.6578959e-04   4.9425811e-03  -2.1318165e-03
   8.1129565e-04  -8.3096365e-04   3.8744270e-03  -1.6926925e-03
   1.1186512e-03  -8.7965080e-04   2.5289277e-03  -1.1972705e-03
  -6.6925836e-04  -8.4968948e-04   2.8100209e-03  -1.4074495e-03
  -1.9886381e-03  -1.1305768e-03   4.1330327e-03  -1.8353140e-03
  -1.7000238e-03  -1.3140899e-03   4.0018559e-03  -1.7001989e-03
  -1.0478304e-03  -1.0107316e-03   1.9255143e-03  -1.3811771e-03
  -9.6536916e-04  -1.1006155e-03   1.4832611e-03  -1.5087858e-03
  -6.4676893e-04  -8.8714113e-04   2.8662395e-03  -1.8653395e-03
  -9.5684720e-06  -8.7216047e-04   3.8144605e-03  -2.0417398e-03
  -1.0327442e-04  -8.6092497e-04   3.0124080e-03  -1.6776797e-03
  -8.7166321e-04  -7.5231519e-04   1.7755980e-03  -1.4187091e-03
  -1.2914659e-03  -1.1305768e-03   2.6526087e-03  -1.6176285e-03
  -1.2090046e-03  -6.5119573e-04   2.8137688e-03  -1.6851861e-03
  -6.3177598e-04  -8.1223783e-04   1.2171595e-03  -1.6889393e-03
  -2.7194513e-04  -9.7327992e-04   6.9245228e-04  -1.4036963e-03
  -6.1678303e-04  -6.3621507e-04   1.2396470e-03  -1.7001989e-03
  -1.3889201e-03  -1.1043607e-03   1.3033614e-03  -2.2781912e-03
  -1.5988214e-03  -9.5455410e-04   1.8648456e-04  -1.9103779e-03
  -6.2802774e-04  -9.6578959e-04  -9.8286304e-04  -1.8090416e-03
  -3.8814051e-04  -1.0594187e-03  -1.2901916e-03  -1.9816886e-03
  -1.0328374e-03  -8.1223783e-04  -1.2751999e-03  -2.0154674e-03
  -1.0665716e-03  -7.6729585e-04  -1.5413015e-03  -2.1655953e-03
  -8.4917378e-04  -6.2123441e-04  -2.1147316e-03  -1.9516631e-03
  -9.0164912e-04  -9.7327992e-04  -2.3283624e-03  -1.9328971e-03
  -1.0890610e-03  -8.9463146e-04  -2.2046814e-03  -2.1017910e-03
  -1.2314941e-03  -7.7104101e-04  -2.3770852e-03  -1.9441567e-03
  -5.7930065e-04  -1.0706542e-03  -2.3770852e-03  -2.1956209e-03
   2.0033286e-04  -8.9463146e-04  -1.8186467e-03  -2.2969572e-03
  -2.0822509e-04  -1.0781445e-03  -1.7736718e-03  -2.0492462e-03
  -2.7944161e-04  -1.0706542e-03  -2.1746981e-03  -2.1543357e-03
   2.0782933e-04  -9.0961212e-04  -2.0810004e-03  -2.1393229e-03
  -9.5777946e-05  -1.0743994e-03  -1.8936049e-03  -2.0642590e-03
  -2.7569337e-04  -9.5829926e-04  -1.5600410e-03  -2.1205569e-03
   1.2161986e-04  -9.1710245e-04  -1.1590148e-03  -2.4883702e-03
   1.0662691e-04  -8.9463146e-04  -1.5712848e-03  -2.5897066e-03
   8.7885716e-05  -9.1335728e-04  -1.7924114e-03  -2.1918677e-03
   2.6780114e-04  -9.1710245e-04  -7.9171968e-04  -2.4883702e-03
   1.6659871e-04  -8.6841530e-04   1.0403057e-04  -2.7773664e-03
   2.7904585e-04  -9.2084761e-04   1.7828660e-05  -2.3570083e-03
   1.8533990e-04  -9.4331860e-04  -3.1573524e-04  -1.9967014e-03
   5.7899812e-05  -1.0893800e-03   2.9892183e-04  -2.1318165e-03
   2.3406700e-04  -8.9463146e-04   1.0447557e-03  -2.4696043e-03
   2.6030466e-04  -7.1111837e-04   1.2846219e-03  -2.4508383e-03
   2.1157757e-04  -8.9463146e-04   1.5732109e-03  -2.2706848e-03
   1.6762420e-06  -7.8227651e-04   1.7456147e-03  -2.2781912e-03
   9.5382192e-05  -6.9613771e-04   2.5139361e-03  -2.4508383e-03
   2.5280819e-04  -7.5606035e-04   2.4802049e-03  -2.2631784e-03
   4.0648595e-04  -8.3096365e-04   2.1353972e-03  -2.0942846e-03
   7.0259675e-04  -9.0961212e-04   2.4052467e-03  -2.3645147e-03
   1.9283638e-04  -7.3733453e-04   1.9330102e-03  -2.0830250e-03
  -9.2029708e-05  -6.2872474e-04   1.6781523e-03  -1.8578331e-03
   2.3406700e-04  -6.5868606e-04   1.3483364e-03  -2.0642590e-03
   4.1023418e-04  -6.7366672e-04   1.3820675e-03  -2.1655953e-03
   5.2268132e-04  -6.8115705e-04   1.3483364e-03  -2.3532552e-03
   4.8145071e-04  -5.6880210e-04   8.3112491e-04  -2.0117142e-03
   7.8505798e-04  -7.1860870e-04   4.4883819e-04  -2.0379866e-03
   7.7006503e-04  -7.1486354e-04   1.1527429e-04  -2.3344892e-03
   3.1662146e-05  -6.3246991e-04   9.2786840e-05  -2.1655953e-03
   6.9144526e-05  -6.8864738e-04  -5.6309724e-04  -2.2969572e-03
   6.1638727e-04  -5.6131177e-04  -1.1290315e-03  -2.0342334e-03
   4.4396833e-04  -6.8115705e-04  -1.7286969e-03  -1.9404035e-03
   1.5160576e-04  -6.0625375e-04  -1.7249490e-03  -2.2068805e-03
   1.0662691e-04  -6.7366672e-04  -1.3801414e-03  -2.2556720e-03
   4.2906860e-05  -8.2721849e-04  -2.3471019e-03  -2.2781912e-03
   3.9149299e-04  -8.7965080e-04  -2.2571521e-03  -2.0229738e-03
   8.2254036e-04  -8.6092497e-04  -1.4888308e-03  -2.2706848e-03
   3.2402471e-04  -6.5868606e-04  -1.8111509e-03  -2.3344892e-03
   3.0153528e-04  -7.0362804e-04  -2.6619263e-03  -1.7715096e-03
   1.1673783e-03  -4.6768265e-04  -3.1603982e-03  -2.0642590e-03
   6.5012142e-04  -6.2497958e-04  -3.0329693e-03  -2.3532552e-03
  -5.0808413e-04  -7.8227651e-04  -3.0292214e-03  -2.1806081e-03
  -8.2293612e-04  -8.6841530e-04  -2.6656742e-03  -2.3269828e-03
  -2.8309662e-05  -1.1567930e-03  -1.5937722e-03  -2.5371618e-03
   6.0139432e-04  -9.6953476e-04  -1.3539060e-03  -2.5446682e-03
   3.9158622e-05  -1.0893800e-03  -2.1672023e-03  -2.1243101e-03
   1.3661281e-04  -9.2084761e-04  -2.3770852e-03  -1.9216375e-03
   4.8145071e-04  -8.5717981e-04  -1.8486300e-03  -1.9404035e-03
   5.4244800e-06  -1.0743994e-03  -1.3201749e-03  -2.0755186e-03
  -5.7930065e-04  -1.0144767e-03  -1.1815022e-03  -2.0867782e-03
  -4.7060175e-04  -1.1567930e-03  -1.0953003e-03  -1.9291439e-03
   1.9658462e-04  -1.0444381e-03  -4.3941624e-04  -2.2031273e-03
   2.6030466e-04  -9.5455410e-04  -2.6701242e-04  -1.9328971e-03
   1.9283638e-04  -8.1598299e-04  -1.1334816e-04  -2.0079610e-03
   4.9644366e-04  -7.9351200e-04   4.8631728e-04  -2.3720211e-03
   2.7529762e-04  -1.0332026e-03   5.3129219e-04  -2.1393229e-03
  -8.3043259e-04  -1.0406929e-03   7.3367928e-04  -2.1580889e-03
  -1.0178445e-03  -1.0519284e-03   1.1534451e-03  -2.0154674e-03
   2.0782933e-04  -8.8714113e-04   1.3370926e-03  -2.0117142e-03
   8.0005094e-04  -7.8227651e-04   1.1347055e-03  -1.8878587e-03
   6.8385556e-04  -8.0849266e-04   1.0897306e-03  -1.7640032e-03
   2.9029057e-04  -7.2609903e-04   2.0491953e-03  -2.1768549e-03
   1.3286457e-04  -6.9239255e-04   2.1616326e-03  -2.0830250e-03
   7.2892764e-05  -9.4331860e-04   1.0672432e-03  -1.8127948e-03
  -3.5065813e-04  -8.8714113e-04   4.7132565e-04  -1.4975262e-03
  -1.1451914e-04  -6.9613771e-04   5.3878801e-04  -1.4374751e-03
   8.7885716e-05  -8.9837662e-04   1.1422014e-03  -2.0042078e-03
   1.6285048e-04  -6.1748925e-04   8.1613328e-04  -2.0117142e-03
   3.0153528e-04  -7.7853134e-04   1.3026593e-04  -1.7940288e-03
   1.2161986e-04  -9.3582827e-04   5.7251919e-04  -1.9366503e-03
  -1.3700856e-04  -6.0999892e-04   4.9381310e-04  -2.2031273e-03
  -3.3941342e-04  -8.1972816e-04  -1.2154612e-05  -2.0154674e-03
   3.3152119e-04  -9.3957344e-04  -8.1420714e-04  -1.7227181e-03
   4.1023418e-04  -8.1972816e-04  -1.1027961e-03  -1.9441567e-03
  -5.4547328e-05  -6.5494090e-04  -7.0926569e-04  -1.9816886e-03
  -1.2951209e-04  -8.3096365e-04  -1.0990482e-03  -2.1318165e-03
  -3.9938522e-04  -9.6953476e-04  -1.4288642e-03  -1.8991183e-03
  -2.0072861e-04  -1.0032412e-03  -1.9085966e-03  -1.8015352e-03
  -3.5065813e-04  -9.6204443e-04  -2.0697567e-03  -2.3157232e-03
  -2.8318985e-04  -7.2984420e-04  -1.4963266e-03  -2.3269828e-03
   1.7784343e-04  -7.7478618e-04  -1.5750327e-03  -2.4020467e-03
   8.0389240e-05  -7.6355068e-04  -1.9648152e-03  -2.3532552e-03
   6.1648050e-05  -9.8077025e-04  -2.0772525e-03  -2.1468293e-03
  -3.5815461e-04  -1.0219671e-03  -1.9423277e-03  -2.2218933e-03
  -5.4931474e-04  -8.4594431e-04  -1.5637889e-03  -2.4133063e-03
  -4.7060175e-04  -9.8826058e-04  -1.7099574e-03  -2.3870339e-03
  -5.4556651e-04  -7.9725717e-04  -1.7399407e-03  -2.2631784e-03
  -2.9818280e-04  -6.4745057e-04  -1.2714520e-03  -2.2143869e-03
  -3.3191694e-04  -8.4594431e-04  -1.1215357e-03  -2.3007104e-03
  -1.3326033e-04  -7.7478618e-04  -9.7911513e-04  -2.4733575e-03
  -2.4561424e-05  -7.5606035e-04  -1.0728129e-03  -2.3720211e-03
  -4.2937113e-04  -9.3208311e-04  -7.7298014e-04  -2.3194764e-03
  -6.2802774e-04  -9.1335728e-04  -2.6701242e-04  -2.2631784e-03
  -4.7809822e-04  -1.0369477e-03  -3.3072688e-04  -2.4883702e-03
  -9.5777946e-05  -8.7965080e-04   4.7811932e-05  -2.4057999e-03
  -2.4195923e-04  -8.3470882e-04   5.1255265e-04  -2.2481656e-03
  -3.9563699e-04  -1.0781445e-03   6.9620019e-04  -2.4620979e-03
  -2.4570747e-04  -6.9239255e-04   9.9228500e-04  -2.1655953e-03
  -2.4945570e-04  -6.4745057e-04   1.0072766e-03  -2.2669316e-03
  -1.8198742e-04  -7.1111837e-04   1.1834284e-03  -2.6047194e-03
  -4.5186056e-04  -7.5231519e-04   1.8730436e-03  -2.4733575e-03
  -4.0688170e-04  -9.4706377e-04   1.7156314e-03  -2.2143869e-03
   2.0782933e-04  -7.9725717e-04   1.4907569e-03  -2.0680122e-03
   2.1532581e-04  -7.7853134e-04   1.8842873e-03  -1.9291439e-03
  -1.1826737e-04  -7.5231519e-04   1.7980854e-03  -2.0905314e-03
  -1.5949799e-04  -6.5494090e-04   1.4457820e-03  -2.2444124e-03
  -2.0719960e-06  -5.4258595e-04   1.0559995e-03  -1.9516631e-03
  -1.7449094e-04  -6.7741189e-04   8.3862073e-04  -2.0229738e-03
  -4.2562289e-04  -6.9988288e-04   8.3112491e-04  -2.0454930e-03
  -3.9563699e-04  -6.2872474e-04   1.0335120e-03  -2.0680122e-03
  -3.2816870e-04  -8.6092497e-04   4.3384656e-04  -2.1618421e-03
  -1.3700856e-04  -8.5343464e-04  -1.0960025e-04  -2.0605058e-03
  -3.1692399e-04  -8.6841530e-04   1.3026593e-04  -2.1355697e-03
  -5.5681122e-04  -7.8602167e-04  -1.1334816e-04  -2.1205569e-03
  -5.3432179e-04  -5.2011496e-04  -1.7331470e-04  -2.1505825e-03
  -3.4690989e-04  -5.9127309e-04  -5.5560142e-04  -2.1393229e-03
  -3.4690989e-04  -7.8602167e-04  -5.1062651e-04  -2.0830250e-03
  -8.6791497e-04  -6.9988288e-04  -4.5815578e-04  -2.2293996e-03
  -8.9790088e-04  -7.9725717e-04  -1.1402752e-03  -2.2444124e-03
  -5.4181827e-04  -1.1305768e-03  -1.0615691e-03  -2.1505825e-03
  -3.2442046e-04  -8.0100233e-04  -8.5168623e-04  -2.2444124e-03
  -5.4181827e-04  -8.1972816e-04  -9.3788814e-04  -2.2932040e-03
  -8.4167731e-04  -1.0144767e-03  -1.0053505e-03  -2.2106337e-03
  -5.4181827e-04  -5.2011496e-04  -6.9427405e-04  -2.1468293e-03
  -4.6685351e-04  -7.4107969e-04  -7.1676150e-04  -2.0342334e-03
  -6.9174779e-04  -9.2084761e-04  -5.4435769e-04  -2.0717654e-03
  -7.6671255e-04  -6.4745057e-04  -2.5202079e-04  -2.2181401e-03
  -7.3672664e-04  -8.5717981e-04  -3.9069342e-04  -2.1768549e-03
  -8.6416674e-04  -9.2084761e-04  -1.8081052e-04  -2.1693485e-03
  -8.2668436e-04  -8.2347332e-04   4.7811932e-05  -2.0980378e-03
  -3.4690989e-04  -8.4594431e-04   3.7762792e-04  -2.0192206e-03
  -2.6819689e-04  -9.5455410e-04   5.5307750e-05  -2.2444124e-03
  -4.2562289e-04  -1.0406929e-03   1.6774502e-04  -1.8991183e-03
  -5.0433589e-04  -9.1710245e-04   7.8989791e-04  -1.8090416e-03
  -5.1183236e-04  -9.8451542e-04   8.4986446e-04  -2.1918677e-03
  -4.1812641e-04  -8.7965080e-04   8.2362909e-04  -1.8052884e-03
  -4.2937113e-04  -8.6841530e-04   3.7013211e-04  -1.8465736e-03
  -4.2562289e-04  -1.2466770e-03   6.6246901e-04  -2.2256465e-03
  -5.0808413e-04  -1.0931252e-03   6.1374619e-04  -2.0417398e-03
  -4.5186056e-04  -9.6204443e-04   5.9055659e-05  -1.7640032e-03
  -3.1692399e-04  -8.7216047e-04   4.7507356e-04  -1.8203012e-03
  -4.4061584e-04  -9.6953476e-04   5.8751083e-04  -2.1768549e-03
  -4.4436408e-04  -1.0069864e-03   2.5394693e-04  -2.0642590e-03
  -1.7074271e-04  -7.4482486e-04  -7.5869065e-05  -1.8841055e-03
   6.9144526e-05  -9.7702509e-04   2.9072387e-05  -2.1130505e-03
  -1.3316710e-05  -7.5606035e-04   2.9142602e-04  -1.8540799e-03
  -5.2307708e-04  -6.5494090e-04   2.3520738e-04  -1.7264713e-03
  -6.3552422e-04  -7.7478618e-04   1.3401384e-04  -1.9441567e-03
   9.1727180e-06  -8.5343464e-04   5.5307750e-05  -1.6476541e-03
   5.0403336e-05  -9.6578959e-04   2.1271993e-04  -1.7527436e-03
