  -3.0193104e-04  -7.2235387e-04  -1.6956679e-04  -2.1468293e-03
  -1.0327442e-04  -8.9463146e-04  -4.2442460e-04  -2.1693485e-03
  -2.4561424e-05  -9.3582827e-04  -2.9324779e-04  -2.0304802e-03
  -8.8281470e-05  -8.2721849e-04  -7.5869065e-05  -1.9178843e-03
   1.2536810e-04  -7.2984420e-04   4.7811932e-05  -1.8991183e-03
   2.6030466e-04  -7.8227651e-04  -8.7112792e-05  -1.8916119e-03
  -3.5806138e-05  -7.0362804e-04  -1.0960025e-04  -1.8090416e-03
  -2.6819689e-04  -6.2123441e-04   1.7524084e-04  -1.9103779e-03
  -4.2937113e-04  -7.9351200e-04   4.7811932e-05  -1.9591695e-03
  -5.5306298e-04  -8.0474750e-04   5.1559841e-05  -1.9066247e-03
  -3.3941342e-04  -8.1223783e-04  -7.2121156e-05  -1.9328971e-03
  -1.8198742e-04  -8.0474750e-04  -2.2203752e-04  -1.7414840e-03
  -2.1572156e-04  -9.1335728e-04  -1.5457515e-04  -1.9103779e-03
   2.7913908e-05  -9.0961212e-04  -4.0193715e-04  -2.1092973e-03
   3.6900357e-04  -7.3358936e-04  -3.9444133e-04  -1.9178843e-03
   2.4905995e-04  -8.9463146e-04  -2.4827288e-04  -2.0379866e-03
  -1.0327442e-04  -5.3509562e-04  -2.1828961e-04  -1.9103779e-03
  -2.2696628e-04  -6.9613771e-04  -1.4333143e-04  -1.8353140e-03
  -4.0313346e-04  -9.8451542e-04   1.7524084e-04  -1.9854418e-03
  -4.3686760e-04  -5.8003760e-04   2.1271993e-04  -1.8991183e-03
  -3.9938522e-04  -8.6841530e-04  -5.7129520e-05  -2.2781912e-03
  -3.6565108e-04  -8.0100233e-04   4.7811932e-05  -2.2331528e-03
   2.0417432e-05  -6.8864738e-04  -1.6956679e-04  -1.9967014e-03
   2.0782933e-04  -7.5231519e-04  -3.3447479e-04  -2.1092973e-03
   1.7409519e-04  -8.0849266e-04  -1.8455843e-04  -2.0642590e-03
  -1.0327442e-04  -7.7853134e-04  -1.5082725e-04  -2.2744380e-03
  -3.2442046e-04  -4.9015364e-04   1.7828660e-05  -2.0492462e-03
  -1.4825328e-04  -9.8826058e-04  -1.0585234e-04  -1.9366503e-03
  -2.2321804e-04  -9.1710245e-04  -2.4077706e-04  -2.1430761e-03
  -3.5065813e-04  -7.2235387e-04  -6.0877429e-05  -2.0792718e-03
  -3.0567927e-04  -6.8490222e-04  -3.8389975e-05  -2.1881145e-03
  -2.8309662e-05  -5.6505694e-04  -4.2137884e-05  -1.8503268e-03
   5.7899812e-05  -9.0586695e-04  -1.1334816e-04  -1.8916119e-03
  -2.1946980e-04  -5.5382144e-04  -2.1454170e-04  -2.4245659e-03
  -1.4825328e-04  -6.5494090e-04  -2.7146248e-05  -2.3082168e-03
  -6.2043804e-05  -8.7590563e-04  -1.0585234e-04  -2.2068805e-03
  -9.5684720e-06  -6.3246991e-04  -3.0074361e-04  -2.1280633e-03
   5.4244800e-06  -8.9088629e-04  -1.8081052e-04  -2.0379866e-03
  -8.8281470e-05  -8.8714113e-04  -1.6581888e-04  -2.1843613e-03
  -1.1826737e-04  -8.0100233e-04  -2.2203752e-04  -2.2369060e-03
  -2.6070042e-04  -8.6092497e-04  -1.4333143e-04  -2.1655953e-03
  -1.6324623e-04  -6.5868606e-04   1.7898875e-04  -2.1806081e-03
  -2.8309662e-05  -6.7741189e-04   4.4064023e-05  -2.0867782e-03
  -6.2043804e-05  -7.9725717e-04  -1.6956679e-04  -1.8165480e-03
  -5.4547328e-05  -7.3733453e-04  -4.9633702e-05  -1.8165480e-03
  -4.3302614e-05  -7.6729585e-04  -1.6207097e-04  -1.8503268e-03
   1.1037514e-04  -5.7254727e-04   1.7828660e-05  -1.7790160e-03
   2.7904585e-04  -5.5007628e-04  -2.8575197e-04  -1.9253907e-03
   1.4785752e-04  -7.1860870e-04  -3.5321433e-04  -1.9779355e-03
  -2.0719960e-06  -7.0362804e-04   2.0522411e-04  -1.9216375e-03
  -2.2321804e-04  -8.6467014e-04   1.1152638e-04  -1.9216375e-03
  -3.9938522e-04  -8.8714113e-04   1.8648456e-04  -1.8052884e-03
  -3.4690989e-04  -7.2609903e-04   2.8393020e-04  -1.9516631e-03
  -4.8559470e-04  -4.3772133e-04   7.4047295e-05  -1.8953651e-03
  -2.1197332e-04  -5.0887946e-04   1.7828660e-05  -1.7189649e-03
  -4.7050852e-05  -9.6953476e-04   2.0147620e-04  -1.9704291e-03
  -6.5792042e-05  -8.1223783e-04  -2.7146248e-05  -1.8991183e-03
   2.6030466e-04  -7.1111837e-04  -3.4197060e-04  -2.0117142e-03
   3.9524123e-04  -8.0100233e-04  -3.0823942e-04  -2.0417398e-03
   3.7650004e-04  -6.8490222e-04  -4.1692878e-04  -1.7715096e-03
  -1.1077090e-04  -8.4594431e-04  -4.5885793e-05  -2.1468293e-03
  -2.3821099e-04  -5.8752793e-04   1.3776175e-04  -2.2218933e-03
  -3.7314756e-04  -4.1150517e-04   1.7524084e-04  -2.0154674e-03
  -6.0928655e-04  -8.0100233e-04   2.8018229e-04  -1.9479099e-03
  -1.8948390e-04  -8.0474750e-04  -1.5832306e-04  -1.9516631e-03
  -1.2201561e-04  -8.9837662e-04  -1.5082725e-04  -1.8991183e-03
   1.6762420e-06  -8.9088629e-04  -2.0704588e-04  -1.7527436e-03
  -1.6699447e-04  -8.5343464e-04  -4.5815578e-04  -1.9554163e-03
  -4.4811232e-04  -9.7327992e-04  -2.0704588e-04  -1.8615863e-03
  -1.1077090e-04  -8.2347332e-04  -3.5696224e-04  -2.3532552e-03
  -1.8948390e-04  -9.1710245e-04  -3.4946642e-04  -2.5484214e-03
  -3.0193104e-04  -8.7216047e-04  -1.9580215e-04  -2.0079610e-03
  -1.1451914e-04  -9.0212179e-04  -3.7570179e-04  -2.2481656e-03
  -2.2321804e-04  -8.4594431e-04  -2.2578543e-04  -2.0942846e-03
  -3.5440637e-04  -6.3621507e-04  -1.2833979e-04  -2.0529994e-03
  -2.4570747e-04  -8.6841530e-04  -1.3208770e-04  -2.2031273e-03
  -2.4570747e-04  -7.4857002e-04  -2.7825615e-04  -2.0905314e-03
  -4.7050852e-05  -8.7590563e-04  -2.0704588e-04  -2.1055441e-03
  -1.7064948e-05  -1.0107316e-03  -2.1454170e-04  -2.1055441e-03
  -2.9818280e-04  -6.6617639e-04  -2.7076033e-04  -2.2481656e-03
   1.0662691e-04  -7.1860870e-04  -1.2459188e-04  -2.1430761e-03
   9.1633954e-05  -8.7216047e-04  -4.3566833e-04  -2.1318165e-03
  -5.0058765e-04  -8.6467014e-04  -1.8081052e-04  -2.1993741e-03
  -3.6939932e-04  -7.8602167e-04  -1.7331470e-04  -2.1505825e-03
  -3.0567927e-04  -8.9837662e-04  -2.2953333e-04  -1.9779355e-03
  -4.8934294e-04  -9.0586695e-04   2.4270320e-04  -1.9554163e-03
  -1.0327442e-04  -8.2347332e-04  -1.5082725e-04  -2.0717654e-03
  -8.4533232e-05  -7.9351200e-04  -3.1198733e-04  -1.8916119e-03
  -1.5200152e-04  -7.1486354e-04  -1.8081052e-04  -2.0079610e-03
   9.5382192e-05  -8.3096365e-04  -3.6071015e-04  -2.0117142e-03
  -1.5200152e-04  -6.1374408e-04  -2.5576870e-04  -1.9629227e-03
  -2.6819689e-04  -6.9988288e-04  -9.0860701e-05  -2.0042078e-03
  -5.1932884e-04  -9.5455410e-04  -8.7112792e-05  -1.8052884e-03
  -4.4061584e-04  -5.9876342e-04   1.1152638e-04  -1.8240544e-03
  -1.8198742e-04  -8.2347332e-04   4.0316114e-05  -1.8653395e-03
  -3.2442046e-04  -9.3957344e-04  -2.2203752e-04  -1.9704291e-03
  -2.4570747e-04  -6.9613771e-04  -1.9650430e-05  -1.9103779e-03
  -9.2029708e-05  -9.1710245e-04  -3.6071015e-04  -1.8578331e-03
   3.6150709e-04  -9.2084761e-04  -6.6054287e-04  -2.0229738e-03
   2.7529762e-04  -8.1972816e-04  -5.1062651e-04  -1.9967014e-03
   1.4785752e-04  -6.8490222e-04  -5.2936605e-04  -2.1543357e-03
   3.0528352e-04  -6.7741189e-04  -2.3702915e-04  -2.1205569e-03
   1.6762420e-06  -7.4857002e-04  -3.1948315e-04  -1.8240544e-03
  -2.0719960e-06  -6.9239255e-04  -3.7570179e-04  -1.9028715e-03
  -5.8295566e-05  -8.1223783e-04   9.2786840e-05  -2.1430761e-03
  -3.7689580e-04  -8.8339596e-04   2.1576569e-05  -2.0717654e-03
  -4.8559470e-04  -6.9239255e-04  -1.5902521e-05  -1.9816886e-03
  -2.2321804e-04  -6.3621507e-04   1.2277011e-04  -2.1355697e-03
   2.4165670e-05  -8.4219915e-04  -4.5885793e-05  -2.0154674e-03
  -1.2576385e-04  -7.2609903e-04  -8.4067030e-06  -1.9253907e-03
  -1.9698037e-04  -7.5980552e-04   6.5849330e-06  -2.0567526e-03
  -1.0327442e-04  -8.3845398e-04  -7.5869065e-05  -2.1205569e-03
  -8.8281470e-05  -6.7366672e-04  -1.9955006e-04  -2.0492462e-03
  -1.7064948e-05  -6.7366672e-04  -1.8455843e-04  -1.9328971e-03
  -1.7074271e-04  -6.4745057e-04  -2.3398339e-05  -2.0567526e-03
  -2.8318985e-04  -6.0625375e-04  -2.6326452e-04  -2.0905314e-03
   5.4151574e-05  -5.8003760e-04  -1.6956679e-04  -2.3007104e-03
   4.6655098e-05  -8.0474750e-04   1.5275338e-04  -2.2669316e-03
   1.1412338e-04  -8.3096365e-04  -2.3398339e-05  -1.8165480e-03
   3.5410384e-05  -7.9725717e-04  -1.5082725e-04  -2.1205569e-03
  -3.4690989e-04  -8.1598299e-04   2.8370240e-06  -2.2218933e-03
  -3.1692399e-04  -6.9613771e-04  -4.5885793e-05  -2.0229738e-03
  -2.6070042e-04  -9.5829926e-04  -4.2137884e-05  -2.1168037e-03
  -3.5806138e-05  -8.0849266e-04   1.3026593e-04  -2.0079610e-03
   5.4244800e-06  -6.4370540e-04  -1.0960025e-04  -2.1130505e-03
  -1.3326033e-04  -5.9127309e-04   4.7811932e-05  -2.1243101e-03
  -2.6070042e-04  -5.6131177e-04   1.0403057e-04  -1.8615863e-03
  -4.7050852e-05  -8.4219915e-04  -3.0894157e-05  -1.8653395e-03
   2.0417432e-05  -5.8378276e-04   4.1510701e-04  -1.8503268e-03
  -4.2937113e-04  -7.4107969e-04   1.3026593e-04  -1.6701733e-03
  -1.4825328e-04  -8.4594431e-04  -1.1709606e-04  -1.8090416e-03
   6.1648050e-05  -5.4633111e-04   2.5324478e-05  -1.9141311e-03
   1.2161986e-04  -8.1972816e-04  -3.5696224e-04  -1.9141311e-03
   2.9029057e-04  -8.7216047e-04  -3.3072688e-04  -2.0567526e-03
   1.7034695e-04  -6.6617639e-04  -1.1334816e-04  -1.7902756e-03
   1.7034695e-04  -7.3358936e-04  -1.9580215e-04  -1.8916119e-03
  -1.6699447e-04  -7.3733453e-04  -1.4707934e-04  -2.1280633e-03
  -1.2951209e-04  -4.3772133e-04  -1.7706261e-04  -1.8203012e-03
   8.7885716e-05  -7.6729585e-04   2.8370240e-06  -1.9328971e-03
  -3.9563699e-04  -9.6578959e-04   2.9892183e-04  -2.0154674e-03
  -5.1183236e-04  -5.7629243e-04   1.4525757e-04  -2.0417398e-03
  -2.3071451e-04  -8.6841530e-04  -2.9699570e-04  -2.2519188e-03
  -1.7064948e-05  -8.6092497e-04  -4.5815578e-04  -1.9967014e-03
  -5.8295566e-05  -7.6729585e-04  -2.2203752e-04  -1.8841055e-03
  -3.2057900e-05  -8.6467014e-04  -4.1692878e-04  -1.9253907e-03
   1.8533990e-04  -6.4745057e-04  -4.3566833e-04  -1.9479099e-03
   4.6655098e-05  -7.9725717e-04  -7.2121156e-05  -1.9253907e-03
  -2.8309662e-05  -7.2984420e-04  -1.7706261e-04  -1.8315608e-03
  -2.3071451e-04  -6.6243123e-04  -2.7450824e-04  -2.2106337e-03
  -3.6565108e-04  -7.1486354e-04  -1.0960025e-04  -2.1731017e-03
  -1.5574975e-04  -7.1486354e-04  -1.1709606e-04  -1.8015352e-03
  -3.8064403e-04  -8.9837662e-04  -6.8373247e-05  -2.0004546e-03
  -4.5186056e-04  -9.9949608e-04  -9.8356519e-05  -2.2256465e-03
  -1.4075680e-04  -9.6578959e-04  -3.1198733e-04  -2.2181401e-03
  -2.1946980e-04  -7.3358936e-04  -1.6581888e-04  -1.9404035e-03
  -2.6070042e-04  -8.4594431e-04  -6.8373247e-05  -1.9291439e-03
  -3.0942751e-04  -8.0474750e-04  -4.9633702e-05  -2.2331528e-03
  -3.0567927e-04  -7.8602167e-04  -2.5576870e-04  -2.1205569e-03
  -4.7050852e-05  -1.0144767e-03  -4.2067669e-04  -2.1393229e-03
  -3.3941342e-04  -7.3358936e-04  -1.0210443e-04  -2.1130505e-03
  -3.7314756e-04  -8.9088629e-04  -3.0449151e-04  -2.1205569e-03
  -2.0072861e-04  -9.5829926e-04  -3.0074361e-04  -2.3607615e-03
  -5.1183236e-04  -7.4857002e-04  -2.9324779e-04  -1.9741823e-03
  -3.7689580e-04  -1.0032412e-03  -3.6071015e-04  -2.0304802e-03
  -1.7074271e-04  -8.2721849e-04   7.4047295e-05  -2.0567526e-03
  -2.4945570e-04  -7.0737321e-04  -1.1334816e-04  -1.8503268e-03
  -2.1946980e-04  -9.8077025e-04  -2.4452497e-04  -2.1881145e-03
  -1.8948390e-04  -8.5343464e-04  -3.3072688e-04  -1.8278076e-03
  -9.5777946e-05  -6.5494090e-04  -1.6581888e-04  -1.7827692e-03
  -5.0799090e-05  -8.4968948e-04  -2.2203752e-04  -2.0717654e-03
  -7.3288518e-05  -8.4594431e-04  -4.7314742e-04  -1.9178843e-03
  -2.0813186e-05  -6.7741189e-04   1.7456147e-03  -1.8240544e-03
  -8.8281470e-05  -7.6355068e-04   3.3534677e-03  -1.8390672e-03
  -8.8281470e-05  -4.7891814e-04   2.3827592e-03  -1.9028715e-03
  -3.0193104e-04  -6.9613771e-04   1.7456147e-03  -1.5613306e-03
  -5.3057355e-04  -9.3208311e-04   1.2433949e-03  -1.7377308e-03
  -4.1062994e-04  -5.7254727e-04   1.1009744e-03  -2.0492462e-03
  -1.4825328e-04  -7.7104101e-04   1.0485036e-03  -2.0680122e-03
   2.3031876e-04  -7.1486354e-04   9.2482264e-04  -2.1505825e-03
   9.1633954e-05  -6.9613771e-04   1.7156314e-03  -1.8953651e-03
   3.6900357e-04  -7.4107969e-04   2.7687939e-03  -1.8878587e-03
   7.9630270e-04  -5.8378276e-04   4.4403613e-03  -1.9666759e-03
   3.9149299e-04  -7.0737321e-04   6.4117614e-03  -1.7227181e-03
   2.4905995e-04  -7.2235387e-04   7.3674782e-03  -1.5613306e-03
  -1.7449094e-04  -8.2721849e-04   6.5991569e-03  -1.5463178e-03
  -6.4302069e-04  -7.1860870e-04   5.1449682e-03  -1.5162922e-03
  -2.1572156e-04  -7.6729585e-04   3.4846445e-03  -1.7039521e-03
  -9.5684720e-06  -9.0212179e-04   2.3340364e-03  -1.8428204e-03
  -1.3326033e-04  -6.6992156e-04   2.3677676e-03  -1.6514073e-03
  -1.0327442e-04  -7.1111837e-04   3.0273996e-03  -1.6551605e-03
   6.5396288e-05  -6.8864738e-04   4.0580746e-03  -1.9328971e-03
   4.1023418e-04  -5.7629243e-04   4.1855035e-03  -1.8991183e-03
   5.7140842e-04  -7.0362804e-04   3.7282586e-03  -1.7865224e-03
   1.5160576e-04  -6.1374408e-04   2.6676003e-03  -1.9854418e-03
  -3.0942751e-04  -5.4258595e-04   7.3742719e-04  -2.0042078e-03
   1.2161986e-04  -7.7853134e-04  -1.6574867e-03  -1.8991183e-03
   5.3767428e-04  -7.2609903e-04  -4.7270241e-03  -2.0454930e-03
   6.5761789e-04  -6.4745057e-04  -7.8490323e-03  -1.9666759e-03
   9.6497341e-04  -7.5606035e-04  -1.0956049e-02  -2.2143869e-03
   1.5160576e-04  -5.6131177e-04  -1.5715893e-02  -2.6234853e-03
  -1.1527811e-03  -4.8640847e-04  -2.1109134e-02  -1.9854418e-03
   2.9029057e-04  -9.7327992e-04  -2.3309157e-02  -2.7285749e-03
   1.2385948e-03  -1.2691480e-03  -2.4924506e-02  -3.9558703e-03
  -1.0853128e-03  -1.0931252e-03  -2.7941572e-02  -3.3178268e-03
  -3.5806138e-05  -9.1335728e-04  -2.7480580e-02  -3.6368485e-03
   2.4155415e-03  -8.2721849e-04  -2.4437278e-02  -4.0234278e-03
   6.6511437e-04  -9.8826058e-04  -2.2507104e-02  -3.1902181e-03
  -9.8411035e-04  -9.4331860e-04  -1.8849145e-02  -2.8599367e-03
  -1.2576385e-04  -9.9575091e-04  -1.2953684e-02  -2.6159789e-03
  -3.9188875e-04  -1.3889932e-03  -8.4299582e-03  -2.3645147e-03
  -1.5838284e-03  -1.2167156e-03  -3.7900469e-03  -1.8916119e-03
  -1.5200152e-04  -9.9200575e-04   2.8887270e-03  -1.8803523e-03
   4.1398242e-04  -1.0107316e-03   8.7054817e-03  -2.0792718e-03
  -5.2682532e-04  -9.1335728e-04   1.2876904e-02  -1.3699175e-03
   1.1787162e-04  -7.5606035e-04   1.7239471e-02  -1.5500710e-03
   5.8640137e-04  -8.6467014e-04   2.1463364e-02  -1.8503268e-03
  -4.5935703e-04  -7.8976684e-04   2.3202394e-02  -1.5876030e-03
  -7.1798545e-04  -4.7891814e-04   2.3648395e-02  -1.5350582e-03
   3.2402471e-04  -8.0100233e-04   2.4094396e-02  -1.3886835e-03
  -1.5725837e-03  -4.0026968e-04   2.1650759e-02  -1.2986068e-03
  -3.0081589e-03  -1.3436296e-04   1.8922282e-02  -9.8709144e-04
  -9.7286564e-04  -8.1972816e-04   1.7441858e-02  -1.1484789e-03
  -5.8304889e-04  -5.8752793e-04   1.4383564e-02  -1.5162922e-03
  -1.9586522e-03  -2.5420824e-04   1.0987958e-02  -1.0433894e-03
  -2.0223723e-03  -3.1413088e-04   8.5555654e-03  -1.0396362e-03
  -8.4917378e-04  -2.6918890e-04   7.1163683e-03  -1.8015352e-03
  -4.9683941e-04  -2.6918890e-04   4.8863625e-03  -1.8240544e-03
  -1.1527811e-03  -5.2760529e-04   1.7606063e-03  -1.4937730e-03
  -1.5575908e-03  -6.7366672e-04   8.2362909e-04  -1.9066247e-03
  -1.5763320e-03  -7.8602167e-04   6.4747737e-04  -2.2406592e-03
  -1.7187650e-03  -1.0631639e-03  -1.7811677e-03  -1.9929482e-03
  -1.2352423e-03  -8.3845398e-04  -4.0149214e-03  -2.0905314e-03
  -6.9540280e-05  -8.6092497e-04  -4.2997625e-03  -2.2819444e-03
  -4.3302614e-05  -6.0625375e-04  -4.5021496e-03  -2.3682679e-03
  -9.4662797e-04  -4.0401484e-04  -5.2667230e-03  -2.3945403e-03
  -1.2165011e-03  -9.0586695e-04  -5.7989261e-03  -2.1768549e-03
  -6.6925836e-04  -7.5231519e-04  -5.5515641e-03  -2.3870339e-03
  -4.4436408e-04  -9.8826058e-04  -5.2030086e-03  -2.6685237e-03
  -9.0164912e-04  -9.1335728e-04  -5.6377660e-03  -2.5897066e-03
  -5.9429360e-04  -6.0999892e-04  -5.8888759e-03  -2.5709406e-03
   5.1143661e-04  -1.1193414e-03  -5.2929584e-03  -2.5784470e-03
   6.5012142e-04  -9.8826058e-04  -5.1093109e-03  -2.5259022e-03
  -1.7074271e-04  -1.1605382e-03  -4.8357135e-03  -2.4658511e-03
  -7.1048898e-04  -1.3028544e-03  -4.0561484e-03  -2.4283191e-03
  -9.5777946e-05  -1.1380672e-03  -3.4639788e-03  -2.6460045e-03
   4.8145071e-04  -1.3065996e-03  -3.4152560e-03  -2.3945403e-03
   7.2892764e-05  -1.0669090e-03  -3.6438784e-03  -2.1318165e-03
  -4.0313346e-04  -8.7965080e-04  -2.8043468e-03  -2.3870339e-03
  -4.7809822e-04  -8.5717981e-04  -2.2009335e-03  -2.1055441e-03
  -1.2576385e-04  -9.9949608e-04  -2.6206993e-03  -2.0004546e-03
  -2.6819689e-04  -1.0032412e-03  -2.3058749e-03  -1.9779355e-03
   5.4151574e-05  -8.0100233e-04  -1.3239228e-03  -1.9028715e-03
   4.9269542e-04  -8.8714113e-04  -6.6803869e-04  -2.0004546e-03
   1.8533990e-04  -7.0737321e-04  -4.2817251e-04  -2.0605058e-03
   3.8774476e-04  -8.0849266e-04  -1.4333143e-04  -2.2106337e-03
   8.7885716e-05  -8.3845398e-04   5.9055659e-05  -2.1205569e-03
  -2.4945570e-04  -4.9389880e-04  -3.8389975e-05  -2.1130505e-03
  -2.2696628e-04  -7.7478618e-04  -1.2833979e-04  -1.7452372e-03
  -5.3432179e-04  -7.8227651e-04   2.1576569e-05  -1.4787603e-03
  -6.5801365e-04  -6.1374408e-04   4.3009865e-04  -1.6964457e-03
  -9.2039031e-04  -7.5980552e-04   6.0999828e-04  -1.6476541e-03
  -1.1190469e-03  -7.4482486e-04   8.8734355e-04  -1.5876030e-03
  -5.0808413e-04  -6.8490222e-04   1.4682694e-03  -1.6589137e-03
   6.1648050e-05  -7.2984420e-04   1.2771261e-03  -1.7790160e-03
  -5.8202340e-06  -7.2984420e-04   9.3231846e-04  -1.7752628e-03
   3.1278000e-04  -7.4857002e-04   1.5244881e-03  -1.8953651e-03
   8.1879213e-04  -8.3470882e-04   1.9292623e-03  -1.9103779e-03
   9.7246988e-04  -6.4370540e-04   1.8617999e-03  -1.7227181e-03
   7.0259675e-04  -5.5756661e-04   1.8842873e-03  -1.5388114e-03
  -5.8202340e-06  -6.8864738e-04   1.6481691e-03  -1.6664201e-03
  -4.7060175e-04  -8.7590563e-04   1.5432276e-03  -1.7977820e-03
  -4.8559470e-04  -8.3096365e-04   1.2883698e-03  -1.5350582e-03
  -1.3326033e-04  -6.4745057e-04   1.0634953e-03  -1.6739265e-03
   4.7395423e-04  -6.3246991e-04   1.4457820e-03  -1.7227181e-03
   9.1249808e-04  -5.8378276e-04   1.5094964e-03  -1.9291439e-03
   9.3873574e-04  -5.8003760e-04   1.9480018e-03  -2.1956209e-03
   4.7770247e-04  -6.2123441e-04   2.8137688e-03  -2.2143869e-03
   1.3661281e-04  -8.1223783e-04   3.2785095e-03  -2.2218933e-03
   8.0379917e-04  -7.0737321e-04   3.8144605e-03  -2.1243101e-03
   1.5122162e-03  -5.5756661e-04   3.5146278e-03  -2.4170595e-03
   1.2086089e-03  -7.7104101e-04   1.7905896e-03  -1.9666759e-03
   5.1893309e-04  -6.3246991e-04   4.6382983e-04  -1.7189649e-03
   2.0782933e-04  -5.8003760e-04   6.2124201e-04  -1.8127948e-03
  -9.2029708e-05  -7.4482486e-04   6.4372946e-04  -1.6814329e-03
  -4.1812641e-04  -6.9988288e-04  -6.8373247e-05  -1.9216375e-03
  -3.8814051e-04  -8.2347332e-04  -2.5576870e-04  -1.7077053e-03
   7.6641002e-05  -9.0961212e-04  -3.4946642e-04  -2.2181401e-03
   1.0961617e-03  -7.1486354e-04  -6.0432423e-04  -2.3495020e-03
   1.1411406e-03  -5.6505694e-04  -1.1215357e-03  -2.0192206e-03
   6.3512846e-04  -6.7741189e-04  -1.7849156e-03  -2.3157232e-03
   4.9269542e-04  -7.0737321e-04  -1.3838893e-03  -1.8991183e-03
  -2.8318985e-04  -5.5007628e-04  -1.9798068e-03  -1.7865224e-03
  -3.1692399e-04  -7.4857002e-04  -2.6169514e-03  -1.8953651e-03
   5.8640137e-04  -9.2833794e-04  -1.8223947e-03  -2.1092973e-03
   2.2657052e-04  -7.4482486e-04  -3.7488199e-03  -2.1243101e-03
  -8.0794317e-04  -2.9540506e-04  -6.0875151e-03  -1.0959342e-03
  -6.6551012e-04  -1.9428560e-04  -5.0418485e-03  -1.1522321e-03
  -9.9526184e-05  -5.8003760e-04  -2.6581784e-03  -1.9704291e-03
  -3.9554376e-05  -7.7104101e-04  -1.4326121e-03  -2.2744380e-03
  -2.4561424e-05  -9.5455410e-04  -2.0547650e-03  -2.4095531e-03
   7.3633089e-04  -8.3845398e-04  -1.9835547e-03  -2.1655953e-03
   1.4522443e-03  -6.2123441e-04  -9.6412350e-04  -2.3307360e-03
   9.3498750e-04  -5.0513430e-04  -8.8916532e-04  -2.1430761e-03
  -9.5777946e-05  -3.8528902e-04  -1.3838893e-03  -1.8578331e-03
  -8.4167731e-04  -6.0999892e-04  -1.1927459e-03  -1.8578331e-03
  -1.0740681e-03  -9.1710245e-04  -4.3941624e-04  -1.6251349e-03
  -1.3439412e-03  -1.2054801e-03  -6.7178660e-04  -2.0042078e-03
  -1.0478304e-03  -1.0706542e-03  -7.1676150e-04  -1.7152117e-03
   4.0273771e-04  -7.8602167e-04   7.0299386e-05  -1.7227181e-03
   1.3285525e-03  -6.0250859e-04   8.1238537e-04  -2.2444124e-03
   9.7246988e-04  -3.7405352e-04   1.6256816e-03  -2.1355697e-03
   4.7395423e-04  -5.5382144e-04   2.4539695e-03  -2.3007104e-03
   3.5026238e-04  -8.6467014e-04   3.2672658e-03  -2.3082168e-03
   5.4151574e-05  -9.7702509e-04   3.0049121e-03  -2.3907871e-03
   7.6641002e-05  -8.4219915e-04   2.0941702e-03  -2.1918677e-03
  -1.4825328e-04  -8.5717981e-04   1.0222683e-03  -1.7302244e-03
  -6.0928655e-04  -9.8077025e-04   5.4628383e-04  -1.7114585e-03
  -3.5065813e-04  -7.2235387e-04   1.1721846e-03  -1.7977820e-03
  -3.1692399e-04  -6.2497958e-04   1.2096637e-03  -1.9479099e-03
  -2.6819689e-04  -7.5231519e-04   1.1347055e-03  -2.1430761e-03
  -2.7194513e-04  -7.6355068e-04   1.1234618e-03  -2.1505825e-03
  -1.9698037e-04  -7.2609903e-04   1.7980854e-03  -1.9741823e-03
   5.6766018e-04  -7.5606035e-04   2.5139361e-03  -2.1918677e-03
   5.3392604e-04  -8.0849266e-04   1.8130771e-03  -2.2744380e-03
   7.2892764e-05  -9.3957344e-04   1.4382862e-03  -2.1543357e-03
   7.2892764e-05  -8.8714113e-04   1.1871763e-03  -2.2406592e-03
  -4.1437818e-04  -6.7366672e-04   5.8751083e-04  -2.0529994e-03
  -8.3418083e-04  -9.4331860e-04  -4.9633702e-05  -1.8878587e-03
  -7.0674074e-04  -1.0856349e-03  -5.6309724e-04  -1.8803523e-03
  -5.6055946e-04  -8.7590563e-04  -6.6803869e-04  -1.8540799e-03
  -2.0072861e-04  -7.9725717e-04  -7.8047596e-04  -1.7902756e-03
  -1.4825328e-04  -7.4857002e-04  -9.9785468e-04  -1.7865224e-03
  -6.5792042e-05  -8.7216047e-04  -1.0315859e-03  -1.8578331e-03
   2.5655643e-04  -9.0212179e-04  -7.9171968e-04  -2.1881145e-03
  -3.2057900e-05  -8.5343464e-04  -9.4538395e-04  -2.3457488e-03
  -1.6324623e-04  -9.5455410e-04  -1.1665106e-03  -2.0980378e-03
  -3.3191694e-04  -6.8115705e-04  -1.1177878e-03  -2.1881145e-03
  -4.4061584e-04  -6.2497958e-04  -1.5862764e-03  -2.0755186e-03
  -1.6699447e-04  -8.0474750e-04  -2.3096228e-03  -1.8765991e-03
  -1.2201561e-04  -7.2609903e-04  -2.4932704e-03  -1.7865224e-03
  -1.2576385e-04  -8.4968948e-04  -2.3283624e-03  -1.8390672e-03
  -2.7569337e-04  -8.7216047e-04  -1.8148988e-03  -2.1543357e-03
  -1.9698037e-04  -8.5343464e-04  -1.3763935e-03  -2.0942846e-03
  -8.4533232e-05  -9.1335728e-04  -1.2976874e-03  -1.9141311e-03
  -2.4195923e-04  -8.4219915e-04  -4.3192042e-04  -1.8953651e-03
  -2.1197332e-04  -8.2721849e-04   1.4900547e-04  -2.1693485e-03
  -3.7689580e-04  -8.1972816e-04  -2.1454170e-04  -2.0830250e-03
  -4.8934294e-04  -6.2872474e-04  -5.0313069e-04  -2.1205569e-03
  -7.3288518e-05  -6.6992156e-04  -6.1931587e-04  -2.4057999e-03
   1.2920956e-05  -8.4968948e-04  -5.8558469e-04  -2.0379866e-03
  -3.2816870e-04  -7.8227651e-04  -5.5185351e-04  -1.9141311e-03
  -5.5306298e-04  -8.1223783e-04  -6.2306378e-04  -1.9666759e-03
  -4.9683941e-04  -7.6355068e-04  -6.5304705e-04  -2.1092973e-03
  -1.1826737e-04  -6.4745057e-04  -2.6701242e-04  -2.1280633e-03
  -3.4316165e-04  -6.3996024e-04  -5.3381611e-05  -2.0342334e-03
  -5.8304889e-04  -6.0999892e-04   1.9772829e-04  -2.1693485e-03
  -5.4547328e-05  -6.9613771e-04   5.9125874e-04  -2.2481656e-03
  -5.8202340e-06  -7.4107969e-04   3.6263629e-04  -2.4583447e-03
  -1.3700856e-04  -6.3996024e-04   3.5139256e-04  -2.3082168e-03
  -3.9188875e-04  -7.0737321e-04   3.4764465e-04  -2.1993741e-03
  -8.1543964e-04  -7.5231519e-04   2.7643438e-04  -2.2969572e-03
  -6.4302069e-04  -7.4857002e-04   1.0028266e-04  -1.9479099e-03
  -5.3057355e-04  -7.6729585e-04  -1.3583561e-04  -1.8052884e-03
  -3.8814051e-04  -4.7517298e-04   1.3776175e-04  -2.0830250e-03
  -3.6190284e-04  -5.3135045e-04   8.5291022e-05  -2.1055441e-03
  -6.5051717e-04  -7.5231519e-04   4.0386329e-04  -2.1693485e-03
  -6.2053127e-04  -6.8490222e-04   6.3248574e-04  -2.4470851e-03
  -4.6310527e-04  -7.8227651e-04   4.7132565e-04  -2.2481656e-03
  -2.7569337e-04  -9.0586695e-04   7.9364582e-04  -2.0342334e-03
  -3.2067223e-04  -7.8227651e-04   1.0260162e-03  -2.2143869e-03
  -3.0567927e-04  -6.0625375e-04   7.7490628e-04  -2.2406592e-03
  -1.6324623e-04  -7.3733453e-04   3.2515720e-04  -1.8991183e-03
  -2.5320394e-04  -6.5868606e-04   3.8137583e-04  -1.9629227e-03
  -4.1812641e-04  -4.9764397e-04   3.0266974e-04  -1.9516631e-03
  -7.4422312e-04  -7.9725717e-04   4.3759447e-04  -1.6476541e-03
  -7.4797136e-04  -6.8115705e-04   3.8887165e-04  -1.9967014e-03
  -4.4061584e-04  -5.6880210e-04   7.7795204e-05  -1.9516631e-03
  -1.9698037e-04  -7.3358936e-04   4.8631728e-04  -1.9779355e-03
  -9.5777946e-05  -5.8752793e-04   3.0266974e-04  -2.0192206e-03
  -2.1197332e-04  -7.7853134e-04   1.4900547e-04  -2.0117142e-03
  -3.5806138e-05  -7.1111837e-04   1.7149293e-04  -2.3532552e-03
   2.1907405e-04  -6.4745057e-04   8.9038931e-05  -1.8540799e-03
   1.6669194e-05  -8.3470882e-04   7.4047295e-05  -1.7865224e-03
  -1.9698037e-04  -5.7629243e-04  -7.9616974e-05  -2.1505825e-03
  -3.6190284e-04  -6.2497958e-04   2.8767811e-04  -2.0229738e-03
  -6.2053127e-04  -5.1636979e-04   1.4900547e-04  -2.0229738e-03
  -6.8799955e-04  -6.8864738e-04  -3.6820597e-04  -2.0567526e-03
  -6.3552422e-04  -8.9088629e-04  -1.2833979e-04  -2.0417398e-03
  -4.8559470e-04  -5.6880210e-04  -1.9580215e-04  -2.1393229e-03
  -4.2187465e-04  -8.1598299e-04  -6.8303032e-04  -2.0605058e-03
  -3.9938522e-04  -6.3621507e-04  -6.3805542e-04  -1.8803523e-03
  -1.9698037e-04  -7.1111837e-04  -6.3055960e-04  -2.1280633e-03
  -7.3288518e-05  -1.0107316e-03  -7.4674478e-04  -2.3419956e-03
  -8.4533232e-05  -7.4857002e-04  -7.2425732e-04  -2.1318165e-03
  -2.0072861e-04  -9.5455410e-04  -8.8541741e-04  -1.9404035e-03
  -5.1558060e-04  -8.7965080e-04  -1.0315859e-03  -2.0304802e-03
  -8.6041850e-04  -8.9837662e-04  -1.0765608e-03  -2.2406592e-03
  -7.0299250e-04  -9.3208311e-04  -1.0465775e-03  -2.2594252e-03
  -3.2442046e-04  -8.0100233e-04  -9.7911513e-04  -2.0379866e-03
  -3.9188875e-04  -8.6092497e-04  -9.0040905e-04  -2.0942846e-03
  -5.3807003e-04  -7.8602167e-04  -9.4163604e-04  -2.1168037e-03
  -5.7180417e-04  -8.9837662e-04  -7.2050941e-04  -1.9891950e-03
  -4.9309117e-04  -8.2721849e-04  -5.0313069e-04  -2.1956209e-03
   2.4165670e-05  -7.9725717e-04  -6.4555123e-04  -2.1693485e-03
   8.0389240e-05  -7.3358936e-04  -4.1692878e-04  -2.1280633e-03
  -4.8934294e-04  -7.3733453e-04  -3.6445806e-04  -2.0830250e-03
  -3.5065813e-04  -8.3470882e-04  -2.4077706e-04  -2.1130505e-03
   3.5410384e-05  -7.4482486e-04  -2.6326452e-04  -2.1130505e-03
  -6.2043804e-05  -8.1223783e-04  -3.7195388e-04  -1.7527436e-03
  -2.7569337e-04  -7.1486354e-04   1.0777848e-04  -2.0417398e-03
  -4.4811232e-04  -7.6355068e-04   4.4064023e-05  -2.2781912e-03
