  -3.2067223e-04  -5.6131177e-04  -9.4608610e-05  -1.8503268e-03
  -8.0784994e-05  -6.9239255e-04   1.6399711e-04  -1.8615863e-03
  -2.6819689e-04  -1.0069864e-03   4.1885492e-04  -1.7977820e-03
  -6.4676893e-04  -7.7104101e-04   2.5769484e-04  -1.9967014e-03
  -1.6324623e-04  -7.4107969e-04  -3.2697897e-04  -1.8540799e-03
   1.4036105e-04  -9.2459278e-04   2.1576569e-05  -1.9779355e-03
  -1.5949799e-04  -7.1486354e-04   8.9038931e-05  -2.0117142e-03
   3.1662146e-05  -5.8752793e-04  -2.3702915e-04  -1.7489904e-03
  -8.0784994e-05  -6.7741189e-04  -2.0704588e-04  -1.7902756e-03
  -2.2696628e-04  -6.4370540e-04  -3.0449151e-04  -1.6889393e-03
   9.1727180e-06  -4.1150517e-04  -4.9633702e-05  -1.8765991e-03
  -1.5949799e-04  -5.8003760e-04   1.3401384e-04  -2.1168037e-03
  -2.1197332e-04  -7.3358936e-04  -8.4067030e-06  -1.8953651e-03
  -1.7449094e-04  -4.5644715e-04  -4.6587940e-06  -1.8765991e-03
  -2.4570747e-04  -6.8115705e-04  -1.4707934e-04  -2.1806081e-03
  -9.5684720e-06  -8.6467014e-04  -1.0210443e-04  -1.7677564e-03
   5.4244800e-06  -7.1486354e-04  -1.3208770e-04  -1.7264713e-03
  -1.6699447e-04  -6.3621507e-04  -1.4707934e-04  -2.2631784e-03
  -1.7823918e-04  -5.0887946e-04   4.7811932e-05  -2.0042078e-03
  -2.0447685e-04  -5.6880210e-04  -9.4608610e-05  -1.9704291e-03
  -1.6324623e-04  -6.6243123e-04   2.8370240e-06  -2.0830250e-03
  -1.7449094e-04  -5.6880210e-04  -8.4067030e-06  -2.0192206e-03
  -2.6070042e-04  -6.4370540e-04  -9.8356519e-05  -2.0680122e-03
  -1.5949799e-04  -7.8976684e-04   2.9072387e-05  -1.8165480e-03
   1.2920956e-05  -5.9876342e-04  -2.7146248e-05  -1.7752628e-03
  -6.9540280e-05  -6.0999892e-04  -4.2137884e-05  -2.0342334e-03
  -8.8281470e-05  -8.2347332e-04  -1.0585234e-04  -1.8503268e-03
   3.9158622e-05  -6.6992156e-04   5.1559841e-05  -1.7902756e-03
   1.3286457e-04  -4.4521166e-04   2.0147620e-04  -1.9891950e-03
  -9.5684720e-06  -5.9501826e-04   1.0777848e-04  -1.7377308e-03
  -8.4533232e-05  -7.1860870e-04   1.1152638e-04  -1.5613306e-03
   1.3286457e-04  -5.7254727e-04   6.6551477e-05  -1.6739265e-03
  -9.5684720e-06  -6.0625375e-04  -4.9633702e-05  -1.7827692e-03
  -5.0799090e-05  -6.0250859e-04  -1.4707934e-04  -1.8465736e-03
  -3.5806138e-05  -5.6505694e-04  -1.2154612e-05  -1.7527436e-03
  -4.3302614e-05  -5.0138913e-04   4.0316114e-05  -1.7227181e-03
   9.9130430e-05  -5.1262463e-04  -4.2137884e-05  -1.8390672e-03
  -2.7944161e-04  -7.1860870e-04  -6.4625338e-05  -1.7902756e-03
  -2.6070042e-04  -5.8003760e-04  -5.3381611e-05  -1.6176285e-03
  -1.5200152e-04  -5.2760529e-04   2.2021575e-04  -1.6926925e-03
  -2.6444866e-04  -5.8378276e-04   2.1646784e-04  -1.7602500e-03
   3.9158622e-05  -6.4745057e-04  -5.3381611e-05  -1.5463178e-03
  -8.4533232e-05  -5.9127309e-04  -1.8081052e-04  -1.7452372e-03
   3.9158622e-05  -3.4409220e-04  -2.1828961e-04  -1.8203012e-03
   1.9283638e-04  -5.6131177e-04  -1.6956679e-04  -1.6401477e-03
  -1.1826737e-04  -6.2497958e-04  -1.0210443e-04  -1.8728459e-03
  -5.8295566e-05  -5.0513430e-04  -1.8830634e-04  -1.8540799e-03
  -3.0567927e-04  -5.9501826e-04  -2.7146248e-05  -1.7339776e-03
  -3.7689580e-04  -7.0362804e-04   1.8648456e-04  -1.7752628e-03
   1.7784343e-04  -7.2984420e-04  -1.9580215e-04  -1.7377308e-03
  -3.5806138e-05  -7.4107969e-04  -6.8373247e-05  -1.9103779e-03
  -2.9443456e-04  -7.1111837e-04  -2.1454170e-04  -1.9066247e-03
  -2.4195923e-04  -6.9613771e-04  -4.6190369e-04  -1.7339776e-03
  -3.8814051e-04  -8.3470882e-04   6.6551477e-05  -1.9516631e-03
  -1.3700856e-04  -6.8864738e-04  -1.5832306e-04  -1.9629227e-03
  -3.8814051e-04  -9.4331860e-04  -2.5202079e-04  -1.9779355e-03
  -2.3821099e-04  -9.3208311e-04  -3.0894157e-05  -1.9704291e-03
  -3.9554376e-05  -7.5606035e-04  -3.0823942e-04  -1.8615863e-03
  -3.9563699e-04  -8.6467014e-04  -2.5202079e-04  -2.0304802e-03
  -9.5684720e-06  -4.4146649e-04  -1.6956679e-04  -1.6814329e-03
  -2.0822509e-04  -6.9613771e-04  -4.6190369e-04  -1.7602500e-03
  -2.5695218e-04  -9.6204443e-04  -1.5457515e-04  -2.1130505e-03
  -2.4570747e-04  -9.1335728e-04  -6.0877429e-05  -1.6964457e-03
  -3.6565108e-04  -7.1860870e-04  -1.8455843e-04  -1.7677564e-03
  -4.3302614e-05  -5.6505694e-04   1.0028266e-04  -2.0192206e-03
  -2.6070042e-04  -7.5980552e-04  -2.4452497e-04  -1.8578331e-03
  -7.7036756e-05  -7.2984420e-04  -2.2203752e-04  -1.9066247e-03
  -2.1572156e-04  -8.7965080e-04  -3.8389975e-05  -1.9404035e-03
  -4.2187465e-04  -5.4258595e-04  -2.2953333e-04  -1.8165480e-03
  -1.5949799e-04  -6.1748925e-04  -3.4642066e-05  -1.7640032e-03
  -2.8318985e-04  -8.7965080e-04   1.3026593e-04  -1.7377308e-03
  -1.3326033e-04  -6.5494090e-04  -5.3381611e-05  -1.7865224e-03
   6.9144526e-05  -1.0069864e-03  -8.3364883e-05  -1.7077053e-03
   1.2911633e-04  -8.3845398e-04   1.0403057e-04  -1.7264713e-03
   2.7913908e-05  -6.2497958e-04  -5.3381611e-05  -1.9028715e-03
   9.1727180e-06  -7.0737321e-04  -1.8830634e-04  -1.7077053e-03
   1.1037514e-04  -6.4745057e-04  -2.1828961e-04  -1.8615863e-03
   5.0403336e-05  -6.2497958e-04  -2.7450824e-04  -2.0529994e-03
  -7.3288518e-05  -3.8154385e-04   5.9055659e-05  -1.6664201e-03
  -2.4570747e-04  -6.3621507e-04   2.8767811e-04  -1.6814329e-03
  -2.0447685e-04  -9.5455410e-04   5.5307750e-05  -1.8278076e-03
  -2.2696628e-04  -7.4857002e-04   5.5307750e-05  -1.8240544e-03
  -2.7194513e-04  -5.9876342e-04   3.6568205e-05  -2.0229738e-03
  -1.7449094e-04  -8.0849266e-04  -8.7112792e-05  -1.9779355e-03
  -1.4075680e-04  -8.2721849e-04  -1.2459188e-04  -1.7827692e-03
  -9.5777946e-05  -6.8115705e-04  -2.6701242e-04  -1.8690927e-03
  -1.3326033e-04  -7.2984420e-04  -1.2154612e-05  -1.9066247e-03
  -1.7449094e-04  -4.9389880e-04  -2.1079379e-04  -1.8278076e-03
  -1.0327442e-04  -5.5382144e-04  -4.4316415e-04  -1.8428204e-03
  -1.1826737e-04  -7.1111837e-04   1.2277011e-04  -1.9178843e-03
  -5.0799090e-05  -6.3621507e-04   6.6551477e-05  -2.0905314e-03
  -6.5792042e-05  -7.8602167e-04  -8.3364883e-05  -1.8578331e-03
  -1.9698037e-04  -8.3845398e-04   3.2820296e-05  -1.8953651e-03
  -2.4561424e-05  -5.9876342e-04  -6.0877429e-05  -2.1543357e-03
  -2.4945570e-04  -5.6505694e-04   1.4080751e-05  -1.7527436e-03
  -3.0567927e-04  -6.8864738e-04   7.4047295e-05  -1.6514073e-03
  -3.2057900e-05  -6.6243123e-04  -6.0877429e-05  -1.9028715e-03
  -9.5777946e-05  -7.1860870e-04  -1.3583561e-04  -2.0154674e-03
   6.5396288e-05  -7.2984420e-04   7.4047295e-05  -2.1055441e-03
  -1.0327442e-04  -8.4594431e-04  -1.3958352e-04  -2.1130505e-03
  -2.5320394e-04  -7.3358936e-04  -1.0210443e-04  -1.9554163e-03
  -6.9540280e-05  -5.5382144e-04   1.7898875e-04  -1.9253907e-03
   5.7899812e-05  -7.5231519e-04  -2.7450824e-04  -2.0379866e-03
  -5.0799090e-05  -8.4594431e-04  -1.1334816e-04  -2.0642590e-03
  -6.5792042e-05  -6.3996024e-04   5.5307750e-05  -2.0379866e-03
   2.2282228e-04  -6.6617639e-04  -1.7331470e-04  -1.9441567e-03
  -2.0447685e-04  -7.7478618e-04   8.1543113e-05  -2.1243101e-03
  -3.9188875e-04  -6.0999892e-04   1.8273666e-04  -2.0229738e-03
   8.0389240e-05  -7.9725717e-04   6.2803568e-05  -1.8841055e-03
   1.2536810e-04  -6.0250859e-04   1.0777848e-04  -1.8203012e-03
  -1.2576385e-04  -4.2648583e-04   1.5275338e-04  -1.6889393e-03
   2.7913908e-05  -8.1598299e-04   1.4525757e-04  -1.8390672e-03
   2.5280819e-04  -6.9988288e-04   1.3401384e-04  -1.5650838e-03
   1.5535400e-04  -5.9127309e-04  -8.7112792e-05  -1.8315608e-03
   1.7034695e-04  -6.3621507e-04  -6.4625338e-05  -2.1017910e-03
  -2.8309662e-05  -6.9613771e-04   7.4047295e-05  -1.6439009e-03
   2.0417432e-05  -6.2872474e-04   1.7524084e-04  -1.6964457e-03
   1.1412338e-04  -5.4258595e-04   1.1152638e-04  -1.7414840e-03
  -2.0072861e-04  -7.4107969e-04   6.2803568e-05  -1.8015352e-03
  -3.3941342e-04  -6.0250859e-04   2.4645111e-04  -1.8503268e-03
  -3.3566518e-04  -4.5644715e-04   2.0147620e-04  -1.6889393e-03
   9.5382192e-05  -6.1374408e-04   1.4080751e-05  -1.8240544e-03
   2.9403881e-04  -5.9501826e-04  -2.1454170e-04  -1.9103779e-03
   1.1787162e-04  -4.3772133e-04  -5.3381611e-05  -1.8503268e-03
   1.8533990e-04  -5.4633111e-04  -1.0960025e-04  -1.8315608e-03
   1.4410929e-04  -7.2984420e-04  -1.2459188e-04  -1.8165480e-03
   2.7913908e-05  -7.0737321e-04   1.6774502e-04  -1.7039521e-03
  -1.6699447e-04  -4.1525034e-04   1.5275338e-04  -1.6926925e-03
  -3.4690989e-04  -5.3509562e-04   1.6774502e-04  -1.8353140e-03
  -2.5320394e-04  -8.3845398e-04  -7.9616974e-05  -1.7564968e-03
   1.3661281e-04  -5.4633111e-04  -1.5902521e-05  -1.8503268e-03
  -7.7036756e-05  -7.1860870e-04  -7.5869065e-05  -1.8315608e-03
  -4.5186056e-04  -7.8602167e-04  -2.2203752e-04  -1.7264713e-03
  -1.0327442e-04  -6.5868606e-04  -3.8389975e-05  -1.9779355e-03
  -1.3700856e-04  -8.0849266e-04  -9.0860701e-05  -1.8653395e-03
  -1.6699447e-04  -7.7104101e-04  -3.0894157e-05  -1.8503268e-03
  -1.0327442e-04  -9.2459278e-04  -2.0704588e-04  -1.8916119e-03
  -3.8439227e-04  -7.5980552e-04  -2.5576870e-04  -1.8615863e-03
  -2.7569337e-04  -5.7254727e-04  -6.4625338e-05  -2.0304802e-03
  -2.4561424e-05  -5.9501826e-04   1.7828660e-05  -1.9253907e-03
  -2.0447685e-04  -5.8003760e-04   6.5849330e-06  -1.9741823e-03
  -3.2816870e-04  -8.1972816e-04  -1.5082725e-04  -1.8578331e-03
  -2.0072861e-04  -6.9988288e-04  -1.9580215e-04  -1.8615863e-03
  -2.3446275e-04  -7.2235387e-04  -2.8575197e-04  -1.9929482e-03
  -8.0784994e-05  -8.7590563e-04  -2.8200406e-04  -1.7114585e-03
  -1.1451914e-04  -6.6992156e-04  -2.3702915e-04  -1.8916119e-03
  -1.8573566e-04  -7.5606035e-04  -1.3208770e-04  -2.0004546e-03
   5.4244800e-06  -8.2347332e-04  -5.3381611e-05  -1.9666759e-03
  -2.6070042e-04  -6.9239255e-04  -3.0823942e-04  -2.0079610e-03
  -3.4690989e-04  -6.5868606e-04  -1.6207097e-04  -1.8052884e-03
  -1.1451914e-04  -7.7104101e-04  -2.9699570e-04  -1.8653395e-03
  -1.0327442e-04  -5.0513430e-04  -3.1948315e-04  -1.7489904e-03
  -6.2043804e-05  -5.6131177e-04  -8.4067030e-06  -1.6363945e-03
  -1.0327442e-04  -9.3582827e-04  -3.9818924e-04  -1.8841055e-03
  -4.0688170e-04  -5.5756661e-04   6.2803568e-05  -1.8540799e-03
  -2.6819689e-04  -6.2872474e-04   2.7268647e-04  -1.7189649e-03
  -1.3326033e-04  -6.1374408e-04   2.5324478e-05  -1.8315608e-03
  -4.0313346e-04  -5.2011496e-04   2.1271993e-04  -2.0792718e-03
  -9.5777946e-05  -8.0849266e-04   6.2803568e-05  -2.0379866e-03
  -5.4547328e-05  -6.6617639e-04  -8.3364883e-05  -1.8127948e-03
  -2.6070042e-04  -6.4745057e-04  -2.8575197e-04  -1.9404035e-03
  -1.2201561e-04  -5.9876342e-04  -2.3702915e-04  -2.0492462e-03
  -1.6699447e-04  -7.0737321e-04  -2.7450824e-04  -1.9591695e-03
  -6.2043804e-05  -9.1710245e-04   2.8370240e-06  -1.7752628e-03
  -2.9068632e-04  -8.4968948e-04   1.9772829e-04  -1.8465736e-03
  -2.9443456e-04  -6.9988288e-04   1.4150966e-04  -1.8841055e-03
   2.1907405e-04  -6.2872474e-04  -7.9616974e-05  -1.7602500e-03
   1.0287867e-04  -8.1972816e-04  -4.6939951e-04  -1.9891950e-03
   5.4244800e-06  -7.7478618e-04  -1.3583561e-04  -1.9516631e-03
  -9.9526184e-05  -7.9725717e-04  -2.8200406e-04  -1.8916119e-03
  -3.6939932e-04  -8.1223783e-04   6.5849330e-06  -1.9479099e-03
  -2.1572156e-04  -4.6019232e-04   1.4525757e-04  -1.9253907e-03
  -1.3316710e-05  -4.5270199e-04  -9.4608610e-05  -1.8240544e-03
  -1.3700856e-04  -7.5606035e-04   7.4047295e-05  -1.9328971e-03
  -2.9068632e-04  -7.8976684e-04   5.9055659e-05  -2.1280633e-03
  -1.1826737e-04  -6.9239255e-04   1.6856482e-03  -1.7302244e-03
   6.5396288e-05  -8.0474750e-04   2.4052467e-03  -1.8203012e-03
  -1.3316710e-05  -6.3621507e-04   1.2358991e-03  -1.7902756e-03
  -8.0784994e-05  -4.4521166e-04   8.8359564e-04  -1.6326413e-03
   4.6655098e-05  -6.1374408e-04   1.1834284e-03  -1.9216375e-03
  -1.2951209e-04  -5.9876342e-04   9.8104127e-04  -1.7977820e-03
  -1.0327442e-04  -7.1111837e-04   5.3504010e-04  -1.8578331e-03
  -6.5792042e-05  -7.4482486e-04   1.1571930e-03  -1.9441567e-03
  -1.2951209e-04  -7.2609903e-04   1.3033614e-03  -1.7227181e-03
   1.7409519e-04  -7.7853134e-04   1.6744044e-03  -1.6701733e-03
   1.3286457e-04  -5.5382144e-04   2.7725418e-03  -1.8540799e-03
   3.3152119e-04  -6.2497958e-04   3.2335346e-03  -1.7414840e-03
   1.7034695e-04  -5.3884078e-04   4.0955537e-03  -1.8841055e-03
  -1.5200152e-04  -5.4633111e-04   5.1112370e-03  -1.9291439e-03
   3.4276590e-04  -5.7254727e-04   5.7109024e-03  -1.4599943e-03
   4.0273771e-04  -2.9165989e-04   5.1412203e-03  -1.6589137e-03
   2.5655643e-04  -5.2760529e-04   3.7844772e-03  -1.5350582e-03
   3.3901766e-04  -5.3509562e-04   2.8250125e-03  -1.4675007e-03
   3.3526942e-04  -4.2648583e-04   2.0079683e-03  -1.8015352e-03
   4.1773066e-04  -3.6281803e-04   2.2478345e-03  -1.8015352e-03
   2.1907405e-04  -4.2648583e-04   2.3752634e-03  -1.8765991e-03
   3.9898947e-04  -5.1262463e-04   1.2396470e-03  -1.4975262e-03
   5.9389785e-04  -4.8266331e-04   5.1630056e-04  -1.5613306e-03
   3.1278000e-04  -6.3996024e-04  -9.4538395e-04  -1.9216375e-03
   1.4410929e-04  -4.6393748e-04  -3.2803313e-03  -1.6776797e-03
  -4.9683941e-04  -5.6131177e-04  -5.0643359e-03  -1.5800966e-03
   1.1412338e-04  -6.4745057e-04  -5.9563383e-03  -1.9441567e-03
   9.2749103e-04  -6.1748925e-04  -7.0994505e-03  -2.1956209e-03
   2.6780114e-04  -7.1860870e-04  -9.6068017e-03  -1.8765991e-03
   4.8519894e-04  -5.9876342e-04  -1.1443277e-02  -2.0342334e-03
   1.3248043e-03  -5.5756661e-04  -1.2567650e-02  -2.2781912e-03
   5.4517075e-04  -4.9389880e-04  -1.4494075e-02  -2.2331528e-03
  -8.3043259e-04  -3.5907286e-04  -1.5595960e-02  -2.2293996e-03
  -3.3941342e-04  -6.3996024e-04  -1.3853183e-02  -2.5071362e-03
  -1.5574975e-04  -9.6578959e-04  -1.2361515e-02  -2.6760301e-03
  -5.3807003e-04  -9.6953476e-04  -1.2335279e-02  -2.2444124e-03
   5.1143661e-04  -9.9575091e-04  -1.0753662e-02  -2.5709406e-03
   1.0699241e-03  -5.8003760e-04  -8.5124122e-03  -2.7098089e-03
  -7.3288518e-05  -6.4745057e-04  -6.8221053e-03  -2.3269828e-03
  -6.0553831e-04  -8.5343464e-04  -5.2329918e-03  -2.3082168e-03
   6.1648050e-05  -9.0961212e-04  -3.1903814e-03  -2.3082168e-03
  -5.7180417e-04  -1.1493027e-03  -7.9171968e-04  -2.0154674e-03
  -1.2165011e-03  -8.3470882e-04   1.4345383e-03  -1.6589137e-03
  -3.7314756e-04  -8.1223783e-04   3.9006624e-03  -1.8765991e-03
  -1.8573566e-04  -7.8602167e-04   6.2093743e-03  -1.9666759e-03
  -8.9790088e-04  -9.1335728e-04   8.1170600e-03  -1.6514073e-03
  -7.8170550e-04  -9.6953476e-04   1.0050981e-02  -1.5388114e-03
  -2.9443456e-04  -9.1335728e-04   1.1497674e-02  -1.7602500e-03
  -5.3807003e-04  -9.8826058e-04   1.1812498e-02  -1.6664201e-03
  -4.9683941e-04  -8.1972816e-04   1.1932431e-02  -1.6964457e-03
  -2.1197332e-04  -6.9988288e-04   1.1812498e-02  -1.9028715e-03
  -1.0853128e-03  -3.8903418e-04   1.0335822e-02  -1.4862666e-03
  -1.5950731e-03  -5.7629243e-04   9.2526764e-03  -1.4562411e-03
  -1.1227952e-03  -7.3733453e-04   8.9678354e-03  -1.5275518e-03
  -1.6925273e-03  -7.4857002e-04   7.5286383e-03  -1.4937730e-03
  -1.7487509e-03  -6.3246991e-04   5.6022131e-03  -1.5425646e-03
  -6.8799955e-04  -4.5644715e-04   5.0475225e-03  -1.5087858e-03
  -5.4556651e-04  -7.0362804e-04   4.8488834e-03  -1.6851861e-03
  -9.2039031e-04  -4.5644715e-04   3.0536350e-03  -1.5650838e-03
  -1.1565293e-03  -4.0026968e-04   1.9330102e-03  -1.6739265e-03
  -3.9938522e-04  -3.6656319e-04   1.6744044e-03  -1.9366503e-03
   2.4165670e-05  -4.1150517e-04   2.1271993e-04  -1.9066247e-03
  -1.1977599e-03  -6.1374408e-04  -8.5918205e-04  -1.6401477e-03
  -1.1790187e-03  -4.0401484e-04  -9.2289650e-04  -1.4337219e-03
  -6.1303479e-04  -7.9351200e-04  -9.3788814e-04  -1.9066247e-03
  -8.6791497e-04  -1.0032412e-03  -1.8711175e-03  -1.8690927e-03
  -7.8545374e-04  -7.0737321e-04  -2.7856073e-03  -1.7377308e-03
  -4.3311937e-04  -5.8752793e-04  -2.5307495e-03  -2.1693485e-03
   9.5382192e-05  -5.7629243e-04  -2.6506825e-03  -2.1168037e-03
  -1.6324623e-04  -6.0999892e-04  -3.2690875e-03  -2.1918677e-03
  -2.6819689e-04  -7.4857002e-04  -3.1116754e-03  -2.2181401e-03
   1.4036105e-04  -8.3096365e-04  -2.4557913e-03  -2.1993741e-03
  -1.7074271e-04  -6.2497958e-04  -2.5607327e-03  -2.3945403e-03
  -1.9698037e-04  -8.9088629e-04  -3.4489872e-03  -2.0567526e-03
  -6.5792042e-05  -1.1043607e-03  -3.5351891e-03  -2.1618421e-03
   1.3286457e-04  -7.8227651e-04  -3.1191712e-03  -2.2519188e-03
   9.5382192e-05  -9.0212179e-04  -3.4489872e-03  -1.9291439e-03
  -3.1692399e-04  -9.9949608e-04  -3.1941294e-03  -2.0755186e-03
  -1.7064948e-05  -6.5494090e-04  -2.4632871e-03  -2.0342334e-03
   1.6762420e-06  -7.8227651e-04  -2.0959920e-03  -2.0605058e-03
  -2.1197332e-04  -8.6841530e-04  -1.7099574e-03  -2.0717654e-03
  -4.3302614e-05  -6.3621507e-04  -1.3913851e-03  -2.0605058e-03
   8.7885716e-05  -7.6355068e-04  -9.4163604e-04  -2.2932040e-03
   1.4410929e-04  -8.3470882e-04  -6.9052614e-04  -2.0529994e-03
  -3.0193104e-04  -7.6729585e-04  -3.5696224e-04  -2.1017910e-03
  -2.7194513e-04  -6.4745057e-04  -1.2084397e-04  -2.0792718e-03
   5.7899812e-05  -6.4370540e-04   1.0332842e-05  -1.8953651e-03
  -1.7449094e-04  -5.3884078e-04   2.9517393e-04  -2.2369060e-03
  -2.1946980e-04  -5.0513430e-04   2.9892183e-04  -1.9666759e-03
  -3.4316165e-04  -7.7853134e-04   7.1868764e-04  -1.7527436e-03
  -2.9443456e-04  -6.2872474e-04   1.1309576e-03  -1.9141311e-03
  -2.7194513e-04  -7.4857002e-04   7.3367928e-04  -1.8653395e-03
  -2.1197332e-04  -8.1972816e-04   8.4236864e-04  -1.9066247e-03
   1.3661281e-04  -4.3772133e-04   1.4307904e-03  -1.7414840e-03
   6.1648050e-05  -5.0513430e-04   1.3258489e-03  -1.6964457e-03
   5.7899812e-05  -5.8378276e-04   1.4532778e-03  -1.9291439e-03
   1.8159167e-04  -4.3397616e-04   1.4607736e-03  -1.7602500e-03
   3.6525533e-04  -5.4258595e-04   1.3520843e-03  -1.5763434e-03
   3.3152119e-04  -4.7142781e-04   1.4757653e-03  -1.4750071e-03
   4.2906860e-05  -1.7930494e-04   1.3146052e-03  -1.3886835e-03
   3.3526942e-04  -4.3023100e-04   1.2546386e-03  -1.6439009e-03
   5.5266723e-04  -4.9389880e-04   1.0522515e-03  -1.4825134e-03
   2.3781524e-04  -5.2386012e-04   9.6979755e-04  -1.5575774e-03
   1.8159167e-04  -5.2011496e-04   9.7729336e-04  -1.7790160e-03
   4.7020599e-04  -2.2050176e-04   8.6485609e-04  -1.5463178e-03
   6.3887670e-04  -6.0999892e-04   1.2433949e-03  -1.8315608e-03
   6.2388375e-04  -4.9389880e-04   1.5094964e-03  -1.8540799e-03
   5.9389785e-04  -1.7555978e-04   1.1684367e-03  -1.6401477e-03
   5.1143661e-04  -5.6880210e-04   1.0110245e-03  -1.4937730e-03
   6.7261084e-04  -6.5119573e-04   8.0863746e-04  -1.4562411e-03
   4.5146480e-04  -8.0849266e-04   7.1493973e-04  -1.7414840e-03
   4.6655098e-05  -8.3845398e-04   6.6996483e-04  -1.5463178e-03
   1.8533990e-04  -3.9652451e-04   7.2993137e-04  -1.6439009e-03
   2.1532581e-04  -4.8266331e-04   1.1534451e-03  -1.9141311e-03
   3.9149299e-04  -8.0100233e-04   1.2096637e-03  -1.9141311e-03
   4.2522714e-04  -7.3733453e-04   1.1984200e-03  -1.9516631e-03
   5.9764608e-04  -6.9988288e-04   9.6604964e-04  -1.6701733e-03
   5.2642956e-04  -7.6355068e-04   4.9756101e-04  -1.7715096e-03
   5.4151574e-05  -8.1223783e-04   2.5324478e-05  -1.9291439e-03
   1.4785752e-04  -9.6578959e-04  -4.2442460e-04  -1.8052884e-03
   7.2892764e-05  -9.7702509e-04  -6.8677823e-04  -1.8240544e-03
  -5.8202340e-06  -6.6617639e-04  -1.0578212e-03  -1.8728459e-03
  -1.5574975e-04  -7.1860870e-04  -1.6537388e-03  -1.9028715e-03
  -1.5949799e-04  -8.7965080e-04  -1.4700912e-03  -1.8165480e-03
   1.0287867e-04  -7.3733453e-04  -1.2302250e-03  -1.9629227e-03
  -1.4450504e-04  -7.3733453e-04  -2.3058749e-03  -1.7114585e-03
  -1.0702266e-04  -6.0999892e-04  -2.7668677e-03  -1.3323856e-03
   3.6150709e-04  -6.4370540e-04  -2.5307495e-03  -1.8315608e-03
   2.7913908e-05  -8.0100233e-04  -2.3620936e-03  -2.1243101e-03
  -2.1946980e-04  -6.6243123e-04  -2.1784460e-03  -1.9629227e-03
   1.6669194e-05  -6.5119573e-04  -2.2571521e-03  -1.8503268e-03
   2.7913908e-05  -7.1860870e-04  -1.5750327e-03  -1.8615863e-03
   9.9130430e-05  -7.9351200e-04  -1.2002418e-03  -2.0229738e-03
  -3.2442046e-04  -8.9088629e-04  -1.7736718e-03  -1.8503268e-03
  -2.8693808e-04  -7.9351200e-04  -1.4363600e-03  -1.8615863e-03
  -9.5684720e-06  -7.3358936e-04  -7.6173641e-04  -2.0042078e-03
  -3.3191694e-04  -7.3733453e-04  -7.2425732e-04  -1.7339776e-03
  -1.8198742e-04  -7.2609903e-04  -5.4060978e-04  -1.9516631e-03
   2.3031876e-04  -8.2347332e-04  -9.8356519e-05  -2.0605058e-03
   3.0528352e-04  -6.6243123e-04   2.8393020e-04  -1.9816886e-03
   2.0033286e-04  -5.9876342e-04   3.8137583e-04  -2.0042078e-03
   2.1157757e-04  -6.0625375e-04   5.3129219e-04  -1.6138753e-03
   5.7899812e-05  -5.8378276e-04   1.2658824e-03  -1.5688370e-03
   5.7899812e-05  -7.5980552e-04   1.6256816e-03  -1.7302244e-03
  -1.8198742e-04  -7.5606035e-04   1.6256816e-03  -1.8578331e-03
  -3.2816870e-04  -7.3733453e-04   1.7980854e-03  -1.9066247e-03
   8.0389240e-05  -7.5606035e-04   1.7231273e-03  -1.8878587e-03
   3.6150709e-04  -7.2984420e-04   1.7531105e-03  -1.8690927e-03
   2.9403881e-04  -6.8115705e-04   9.9978082e-04  -1.7827692e-03
  -2.6819689e-04  -5.7629243e-04   2.3895529e-04  -1.7564968e-03
  -1.1077090e-04  -4.8640847e-04   1.0185204e-03  -1.7602500e-03
  -4.7050852e-05  -7.3733453e-04   1.3221010e-03  -1.7264713e-03
  -3.3941342e-04  -1.0069864e-03   1.0185204e-03  -1.7077053e-03
  -9.2029708e-05  -7.4482486e-04   1.0485036e-03  -1.8803523e-03
   1.2920956e-05  -5.9501826e-04   8.9483937e-04  -1.7677564e-03
  -1.4825328e-04  -6.9613771e-04   7.5241882e-04  -1.7414840e-03
  -2.4570747e-04  -5.8378276e-04   3.7762792e-04  -1.9441567e-03
   1.6762420e-06  -6.8864738e-04   1.8273666e-04  -1.8615863e-03
  -3.5815461e-04  -7.2235387e-04   1.5650129e-04  -1.6664201e-03
  -4.8559470e-04  -5.3884078e-04  -1.6581888e-04  -1.7640032e-03
  -2.7569337e-04  -8.2347332e-04  -1.9955006e-04  -1.8765991e-03
  -1.6324623e-04  -6.6243123e-04  -4.2067669e-04  -1.6814329e-03
   3.4276590e-04  -4.9015364e-04  -6.9427405e-04  -1.8465736e-03
   5.7899812e-05  -8.3845398e-04  -4.8064324e-04  -1.9178843e-03
  -1.9323213e-04  -7.0737321e-04  -6.7553451e-04  -1.9404035e-03
  -2.0822509e-04  -7.0362804e-04  -9.0415695e-04  -1.8991183e-03
  -3.1317575e-04  -9.6204443e-04  -6.7928241e-04  -1.8841055e-03
  -2.1572156e-04  -8.6092497e-04  -9.7536723e-04  -2.1580889e-03
  -3.1317575e-04  -7.7478618e-04  -9.9785468e-04  -1.8615863e-03
  -2.0822509e-04  -6.6992156e-04  -8.3294668e-04  -1.8690927e-03
  -2.6819689e-04  -6.7741189e-04  -1.0878045e-03  -1.9666759e-03
  -2.6819689e-04  -7.6355068e-04  -1.0203421e-03  -1.8090416e-03
  -1.4825328e-04  -6.2497958e-04  -9.9410677e-04  -2.1993741e-03
  -3.0942751e-04  -8.3845398e-04  -7.2050941e-04  -2.2781912e-03
  -3.4316165e-04  -7.6355068e-04  -5.0687860e-04  -2.0229738e-03
  -3.1317575e-04  -6.2872474e-04  -4.2067669e-04  -2.1318165e-03
  -1.7064948e-05  -7.9351200e-04  -4.7689533e-04  -2.1993741e-03
   4.6655098e-05  -4.9015364e-04  -5.2561815e-04  -1.8503268e-03
  -3.3191694e-04  -5.8752793e-04  -1.8455843e-04  -2.0079610e-03
  -2.5320394e-04  -6.3246991e-04  -3.0449151e-04  -1.9141311e-03
  -1.4450504e-04  -4.1150517e-04  -2.0704588e-04  -1.5951094e-03
  -3.1317575e-04  -5.3509562e-04  -3.4642066e-05  -2.2068805e-03
  -2.6070042e-04  -4.8266331e-04  -6.4625338e-05  -1.8390672e-03
  -1.4075680e-04  -5.4258595e-04   1.8648456e-04  -1.5951094e-03
  -1.7064948e-05  -3.8528902e-04   8.5291022e-05  -1.9629227e-03
   3.1662146e-05  -4.8640847e-04   1.0028266e-04  -1.6514073e-03
  -7.3288518e-05  -7.1860870e-04   2.6144274e-04  -1.7114585e-03
  -6.9540280e-05  -4.1899550e-04   1.3401384e-04  -1.7339776e-03
  -1.1826737e-04  -5.7629243e-04   4.8256938e-04  -1.7227181e-03
  -4.7060175e-04  -6.3246991e-04   6.2124201e-04  -1.8052884e-03
  -5.0058765e-04  -5.6131177e-04   3.4764465e-04  -1.6739265e-03
  -2.2696628e-04  -4.9764397e-04   3.4764465e-04  -1.8765991e-03
  -1.6699447e-04  -4.8640847e-04   2.7268647e-04  -1.9854418e-03
  -1.1826737e-04  -7.0737321e-04   1.6024920e-04  -1.8015352e-03
  -1.5574975e-04  -5.5756661e-04   4.7811932e-05  -1.9629227e-03
  -3.0193104e-04  -5.8378276e-04   2.5019902e-04  -1.8165480e-03
  -5.4931474e-04  -5.4258595e-04   3.1766138e-04  -1.6664201e-03
  -5.3807003e-04  -6.6617639e-04   4.1510701e-04  -1.8653395e-03
  -2.6819689e-04  -8.6467014e-04   7.3367928e-04  -1.9141311e-03
  -3.0567927e-04  -7.1111837e-04   2.9517393e-04  -1.8127948e-03
  -4.4811232e-04  -8.7590563e-04   2.2021575e-04  -1.6288881e-03
  -3.9938522e-04  -6.7366672e-04   3.4389674e-04  -1.7865224e-03
  -1.5574975e-04  -5.4258595e-04   1.0777848e-04  -1.7114585e-03
  -4.0688170e-04  -6.8864738e-04   1.4525757e-04  -1.9666759e-03
  -4.1437818e-04  -6.5494090e-04  -9.1088500e-07  -2.0192206e-03
  -2.4945570e-04  -7.2235387e-04  -1.1334816e-04  -1.7827692e-03
  -6.6176188e-04  -5.8003760e-04  -1.3583561e-04  -2.0680122e-03
  -3.8814051e-04  -6.2123441e-04  -9.1088500e-07  -1.6664201e-03
  -4.0688170e-04  -7.4482486e-04   2.8370240e-06  -1.7902756e-03
  -5.1932884e-04  -6.3996024e-04  -2.9324779e-04  -1.9816886e-03
  -1.7449094e-04  -9.1710245e-04  -1.3583561e-04  -1.8878587e-03
  -3.2816870e-04  -1.1006155e-03  -1.3208770e-04  -1.9929482e-03
  -4.1062994e-04  -5.5756661e-04  -5.3381611e-05  -1.8953651e-03
  -5.3807003e-04  -5.8752793e-04  -3.0894157e-05  -2.2256465e-03
  -4.5935703e-04  -7.5606035e-04  -3.5321433e-04  -2.0379866e-03
  -3.5815461e-04  -4.7142781e-04  -1.7331470e-04  -2.0342334e-03
  -4.8934294e-04  -8.7216047e-04  -3.0074361e-04  -2.0042078e-03
  -2.9443456e-04  -7.6355068e-04  -4.7314742e-04  -1.7865224e-03
  -3.2442046e-04  -6.9988288e-04  -4.1692878e-04  -2.0680122e-03
  -4.3686760e-04  -1.0481832e-03  -5.9682842e-04  -2.0417398e-03
  -2.0072861e-04  -6.6617639e-04  -4.9188696e-04  -1.9666759e-03
  -3.3191694e-04  -5.9127309e-04  -2.2203752e-04  -1.7152117e-03
  -5.3432179e-04  -6.8490222e-04  -4.0568506e-04  -1.8991183e-03
  -3.4690989e-04  -7.4107969e-04  -3.7570179e-04  -1.8991183e-03
  -3.0567927e-04  -7.2235387e-04  -2.4077706e-04  -1.7001989e-03
  -3.0193104e-04  -6.5494090e-04  -6.8303032e-04  -1.9028715e-03
  -2.1197332e-04  -6.8864738e-04  -5.9682842e-04  -1.6626669e-03
  -3.3191694e-04  -6.3246991e-04  -7.0926569e-04  -1.8240544e-03
  -2.0822509e-04  -5.5756661e-04  -7.6173641e-04  -1.8653395e-03
   1.2161986e-04  -4.1525034e-04  -4.7689533e-04  -1.8690927e-03
  -3.2057900e-05  -5.9876342e-04  -5.6684514e-04  -2.0529994e-03
  -1.8573566e-04  -3.7405352e-04  -1.7331470e-04  -1.7227181e-03
  -2.4195923e-04  -2.9165989e-04   3.2820296e-05  -1.8615863e-03
  -4.4811232e-04  -7.4482486e-04   2.0897202e-04  -1.8315608e-03
  -3.3941342e-04  -6.6243123e-04   1.4080751e-05  -1.6814329e-03
  -1.0702266e-04  -6.3246991e-04  -2.6701242e-04  -1.7377308e-03
