  -2.7944161e-04  -8.1598299e-04  -4.9633702e-05  -1.9479099e-03
  -1.2951209e-04  -9.4706377e-04  -1.2084397e-04  -2.2481656e-03
  -2.1572156e-04  -9.0586695e-04  -2.1454170e-04  -2.2293996e-03
  -3.2442046e-04  -9.4706377e-04  -1.2084397e-04  -1.8615863e-03
  -3.5815461e-04  -7.5231519e-04  -1.2833979e-04  -1.9479099e-03
  -2.9818280e-04  -8.3470882e-04  -2.6701242e-04  -1.9816886e-03
  -2.3071451e-04  -8.6092497e-04  -4.7689533e-04  -1.9629227e-03
  -2.3446275e-04  -8.7965080e-04  -2.9324779e-04  -1.9967014e-03
  -9.2029708e-05  -1.0144767e-03  -9.0860701e-05  -2.1881145e-03
  -4.3686760e-04  -7.2984420e-04  -2.2578543e-04  -2.4283191e-03
  -3.0193104e-04  -9.9200575e-04  -3.1198733e-04  -2.2369060e-03
  -8.0784994e-05  -1.0631639e-03  -4.0568506e-04  -1.9366503e-03
  -4.2187465e-04  -8.5717981e-04  -2.2578543e-04  -1.7302244e-03
  -2.0447685e-04  -9.9575091e-04  -1.9955006e-04  -1.8765991e-03
  -4.2937113e-04  -9.8077025e-04  -4.5065997e-04  -2.0529994e-03
  -3.0942751e-04  -7.9725717e-04  -6.8373247e-05  -1.8203012e-03
  -1.1077090e-04  -7.2235387e-04   2.9072387e-05  -1.8428204e-03
  -5.3432179e-04  -9.8451542e-04  -2.3702915e-04  -1.9328971e-03
  -1.9323213e-04  -9.9949608e-04  -1.5832306e-04  -1.8127948e-03
  -3.3566518e-04  -9.5080893e-04  -3.3447479e-04  -1.9253907e-03
  -4.8184646e-04  -1.1006155e-03  -3.3072688e-04  -1.8916119e-03
  -2.0822509e-04  -9.8077025e-04  -3.0449151e-04  -1.8465736e-03
  -3.0942751e-04  -7.5606035e-04  -2.6326452e-04  -2.0229738e-03
  -8.8281470e-05  -8.0100233e-04  -1.6956679e-04  -1.6326413e-03
  -5.4547328e-05  -6.9988288e-04  -3.4197060e-04  -1.4825134e-03
  -2.6444866e-04  -8.8714113e-04  -3.2697897e-04  -1.7865224e-03
  -2.8693808e-04  -9.5080893e-04  -5.0313069e-04  -1.8203012e-03
  -1.7074271e-04  -4.8640847e-04  -3.8694551e-04  -1.7790160e-03
  -2.4561424e-05  -8.6092497e-04  -7.9616974e-05  -1.7001989e-03
  -5.0799090e-05  -9.8826058e-04  -1.5832306e-04  -1.7865224e-03
  -4.1812641e-04  -7.8227651e-04  -1.0960025e-04  -1.7264713e-03
  -2.7569337e-04  -9.7327992e-04  -9.8356519e-05  -1.7902756e-03
   1.1412338e-04  -8.7590563e-04  -1.4333143e-04  -1.8315608e-03
  -1.7449094e-04  -8.6467014e-04  -2.5202079e-04  -1.8503268e-03
  -2.5695218e-04  -9.6204443e-04  -3.5696224e-04  -1.9704291e-03
  -2.1572156e-04  -7.3733453e-04  -9.4608610e-05  -1.7452372e-03
   5.4151574e-05  -7.6729585e-04   2.8370240e-06  -1.8916119e-03
  -2.8309662e-05  -1.0107316e-03  -5.7129520e-05  -1.8578331e-03
  -3.1692399e-04  -8.4219915e-04  -1.2459188e-04  -1.8052884e-03
  -3.9554376e-05  -8.2347332e-04  -2.7825615e-04  -2.1731017e-03
  -3.1692399e-04  -6.8490222e-04  -4.5885793e-05  -2.0529994e-03
  -1.2951209e-04  -5.4258595e-04  -1.3208770e-04  -1.9404035e-03
   5.0403336e-05  -9.7702509e-04  -2.9699570e-04  -2.1731017e-03
  -2.1197332e-04  -9.6953476e-04  -2.5576870e-04  -2.2218933e-03
  -7.3288518e-05  -7.8227651e-04  -3.3072688e-04  -2.1881145e-03
  -3.4690989e-04  -9.0961212e-04  -3.6445806e-04  -2.0342334e-03
  -2.0447685e-04  -7.9351200e-04  -3.8694551e-04  -1.9554163e-03
   5.4151574e-05  -8.7965080e-04  -6.4625338e-05  -2.2519188e-03
  -2.6070042e-04  -8.7216047e-04  -7.2121156e-05  -2.3570083e-03
  -4.8559470e-04  -7.1111837e-04  -9.8356519e-05  -2.1806081e-03
  -2.5695218e-04  -9.3208311e-04  -7.2121156e-05  -2.1993741e-03
   1.7034695e-04  -8.8339596e-04  -2.5576870e-04  -2.2106337e-03
  -1.2576385e-04  -7.8227651e-04  -1.2154612e-05  -2.2519188e-03
  -3.0942751e-04  -8.1972816e-04  -1.7706261e-04  -2.4508383e-03
  -2.0813186e-05  -8.7216047e-04  -4.0193715e-04  -2.3645147e-03
  -9.5777946e-05  -8.8339596e-04  -3.0074361e-04  -2.3982935e-03
  -1.1451914e-04  -8.1972816e-04  -2.5576870e-04  -2.4620979e-03
  -3.0942751e-04  -8.9837662e-04  -1.1334816e-04  -2.2519188e-03
  -3.3191694e-04  -8.0100233e-04  -2.8575197e-04  -2.3119700e-03
   4.6655098e-05  -7.3358936e-04  -3.4571851e-04  -2.5183958e-03
  -2.8318985e-04  -8.6841530e-04  -4.5885793e-05  -2.4095531e-03
  -2.6070042e-04  -7.8602167e-04   6.6551477e-05  -2.3344892e-03
  -3.5806138e-05  -7.6729585e-04  -3.8389975e-05  -2.4658511e-03
  -3.5806138e-05  -8.1223783e-04  -7.5869065e-05  -2.1017910e-03
   1.3286457e-04  -7.2609903e-04  -2.3702915e-04  -1.9366503e-03
  -1.7074271e-04  -7.1860870e-04  -1.6581888e-04  -1.9066247e-03
   6.9144526e-05  -6.7366672e-04   1.3401384e-04  -2.0980378e-03
   1.7784343e-04  -8.2721849e-04  -9.1088500e-07  -2.3344892e-03
  -1.9698037e-04  -8.4219915e-04  -1.9955006e-04  -2.0905314e-03
  -1.4075680e-04  -6.7366672e-04  -2.4452497e-04  -2.3682679e-03
  -1.3700856e-04  -6.4745057e-04   1.1527429e-04  -2.0605058e-03
   3.5410384e-05  -7.8976684e-04  -4.9633702e-05  -1.8991183e-03
  -7.3288518e-05  -7.9351200e-04  -3.1198733e-04  -2.1543357e-03
  -3.2816870e-04  -7.2235387e-04  -4.2137884e-05  -2.1055441e-03
  -1.6324623e-04  -8.4968948e-04  -1.9205424e-04  -2.2932040e-03
  -8.4533232e-05  -7.2235387e-04  -9.0860701e-05  -2.1693485e-03
  -8.0784994e-05  -9.0586695e-04  -9.0860701e-05  -2.3007104e-03
  -8.8281470e-05  -9.6204443e-04  -1.0210443e-04  -2.1243101e-03
  -1.2576385e-04  -9.1710245e-04  -1.2833979e-04  -2.0417398e-03
  -1.0327442e-04  -7.6355068e-04  -4.0568506e-04  -2.2218933e-03
  -2.1572156e-04  -6.5494090e-04  -1.5832306e-04  -1.9066247e-03
  -2.1946980e-04  -1.0257122e-03  -4.6587940e-06  -1.9441567e-03
  -1.5574975e-04  -7.1486354e-04  -3.2323106e-04  -1.9929482e-03
  -1.2576385e-04  -7.0737321e-04  -3.2697897e-04  -2.1505825e-03
  -7.3288518e-05  -9.9200575e-04   1.0777848e-04  -2.1806081e-03
  -2.0072861e-04  -1.0032412e-03  -5.3381611e-05  -1.8765991e-03
  -1.7074271e-04  -1.0968704e-03  -3.1573524e-04  -1.9666759e-03
  -2.7569337e-04  -9.6204443e-04  -2.1828961e-04  -2.2106337e-03
  -3.5065813e-04  -9.3957344e-04  -1.8455843e-04  -2.0905314e-03
  -8.0784994e-05  -8.0474750e-04  -7.5869065e-05  -1.8803523e-03
  -9.5777946e-05  -7.9725717e-04  -3.4946642e-04  -2.0830250e-03
  -2.4945570e-04  -1.0219671e-03  -2.4077706e-04  -2.3682679e-03
  -3.3566518e-04  -9.5455410e-04  -4.5885793e-05  -2.1918677e-03
  -2.0822509e-04  -1.0968704e-03  -4.4691206e-04  -1.9554163e-03
  -2.7194513e-04  -9.3208311e-04  -2.8949988e-04  -2.1130505e-03
  -3.8439227e-04  -6.5868606e-04  -2.5202079e-04  -2.2556720e-03
  -2.4195923e-04  -9.8451542e-04  -3.1198733e-04  -2.2369060e-03
  -3.8814051e-04  -9.3208311e-04  -1.8081052e-04  -1.9066247e-03
  -2.8693808e-04  -7.2984420e-04  -2.3328124e-04  -1.9967014e-03
  -2.9818280e-04  -9.6578959e-04  -2.5576870e-04  -2.1130505e-03
  -3.2067223e-04  -1.0818897e-03  -1.9955006e-04  -1.7602500e-03
  -1.2576385e-04  -8.5717981e-04  -2.7146248e-05  -1.9516631e-03
  -2.9818280e-04  -8.8714113e-04  -2.2953333e-04  -1.9704291e-03
  -3.5440637e-04  -9.2459278e-04  -2.9699570e-04  -2.1768549e-03
  -3.8814051e-04  -8.3096365e-04  -2.7825615e-04  -2.1318165e-03
  -2.8318985e-04  -8.9837662e-04  -4.6565160e-04  -1.6889393e-03
  -2.0822509e-04  -7.2235387e-04  -4.2067669e-04  -1.8578331e-03
  -1.7823918e-04  -8.7965080e-04  -2.7076033e-04  -1.7977820e-03
  -1.0327442e-04  -1.0107316e-03  -1.9955006e-04  -1.9253907e-03
  -1.5949799e-04  -7.3733453e-04  -2.4077706e-04  -1.7452372e-03
  -1.1077090e-04  -8.5343464e-04  -2.7450824e-04  -1.6664201e-03
  -8.4533232e-05  -8.9088629e-04  -3.8694551e-04  -1.9366503e-03
  -2.1197332e-04  -8.7590563e-04  -2.4452497e-04  -1.6889393e-03
  -3.5440637e-04  -9.4331860e-04  -2.4077706e-04  -1.9366503e-03
  -2.3446275e-04  -7.7478618e-04  -3.0074361e-04  -1.9666759e-03
  -3.3566518e-04  -7.7104101e-04  -4.9633702e-05  -1.7489904e-03
  -2.6070042e-04  -6.8490222e-04  -1.3958352e-04  -1.8841055e-03
  -1.1826737e-04  -7.7104101e-04  -2.0704588e-04  -2.1430761e-03
  -1.1826737e-04  -9.7702509e-04  -2.8949988e-04  -2.1881145e-03
  -8.8281470e-05  -6.5119573e-04  -3.6071015e-04  -1.8540799e-03
  -2.5320394e-04  -7.4107969e-04  -3.7944969e-04  -2.0342334e-03
  -1.0327442e-04  -8.6092497e-04  -3.6820597e-04  -2.1580889e-03
  -2.7944161e-04  -7.8602167e-04  -1.7706261e-04  -2.1355697e-03
  -2.8318985e-04  -9.0961212e-04  -2.8575197e-04  -2.0417398e-03
   1.2920956e-05  -6.8864738e-04  -1.7331470e-04  -1.8765991e-03
  -2.4561424e-05  -8.7965080e-04  -2.2203752e-04  -2.3795275e-03
  -2.7944161e-04  -9.6578959e-04  -2.0704588e-04  -2.0867782e-03
  -3.9188875e-04  -8.1972816e-04   2.5324478e-05  -1.7339776e-03
  -5.4547328e-05  -1.1268317e-03  -2.2203752e-04  -2.4057999e-03
  -1.8198742e-04  -8.6467014e-04  -4.5885793e-05  -2.5259022e-03
  -1.4450504e-04  -7.4857002e-04  -1.7331470e-04  -2.3607615e-03
  -1.6699447e-04  -1.0032412e-03  -3.2697897e-04  -2.3007104e-03
  -2.2321804e-04  -7.1860870e-04  -6.4625338e-05  -2.2706848e-03
  -1.3316710e-05  -8.0474750e-04  -1.5902521e-05  -2.4696043e-03
  -1.3700856e-04  -9.5455410e-04  -9.1088500e-07  -2.4808638e-03
  -3.5806138e-05  -7.0362804e-04  -2.2203752e-04  -2.2819444e-03
  -2.9818280e-04  -8.8339596e-04  -1.7706261e-04  -2.2293996e-03
  -2.6070042e-04  -9.3582827e-04  -1.7706261e-04  -2.3044636e-03
  -4.7050852e-05  -6.8864738e-04  -1.0585234e-04  -2.4245659e-03
  -9.2029708e-05  -7.7104101e-04   1.0332842e-05  -2.4020467e-03
  -2.0719960e-06  -9.3957344e-04  -1.5832306e-04  -2.5446682e-03
  -3.2442046e-04  -9.6204443e-04  -7.9616974e-05  -2.7023025e-03
  -1.2951209e-04  -8.1223783e-04  -4.9633702e-05  -2.4133063e-03
   2.4165670e-05  -7.2235387e-04  -1.5832306e-04  -2.3832807e-03
  -2.3071451e-04  -9.1710245e-04  -1.9580215e-04  -2.4245659e-03
  -1.8573566e-04  -8.2721849e-04   7.4047295e-05  -2.1918677e-03
  -4.7050852e-05  -5.6131177e-04   2.2021575e-04  -2.0567526e-03
  -6.5792042e-05  -7.1486354e-04   1.0028266e-04  -2.0755186e-03
  -1.6699447e-04  -8.3845398e-04  -4.6587940e-06  -2.1130505e-03
  -3.5806138e-05  -6.8490222e-04  -1.0210443e-04  -2.1017910e-03
   2.0417432e-05  -8.3096365e-04   6.5849330e-06  -2.0642590e-03
   9.9130430e-05  -8.6841530e-04  -2.3398339e-05  -2.0229738e-03
  -3.5806138e-05  -5.7629243e-04   3.6568205e-05  -2.1768549e-03
  -2.9068632e-04  -7.8227651e-04   1.4080751e-05  -2.2293996e-03
  -1.7074271e-04  -8.7216047e-04  -4.9633702e-05  -1.9216375e-03
  -8.8281470e-05  -8.6841530e-04   7.0299386e-05  -1.9704291e-03
  -9.2029708e-05  -9.1335728e-04  -1.1709606e-04  -2.2031273e-03
  -2.1946980e-04  -6.9239255e-04  -1.0210443e-04  -2.0192206e-03
  -2.6444866e-04  -7.4107969e-04  -1.9580215e-04  -2.0417398e-03
  -2.0447685e-04  -6.5868606e-04  -1.0585234e-04  -1.9291439e-03
  -2.1197332e-04  -6.3996024e-04  -3.0894157e-05  -1.9328971e-03
  -1.1826737e-04  -6.2872474e-04  -4.1692878e-04  -2.2631784e-03
  -8.4533232e-05  -6.7366672e-04  -1.1709606e-04  -2.0004546e-03
  -1.7823918e-04  -9.0212179e-04  -6.0877429e-05  -2.1055441e-03
  -3.1692399e-04  -8.8714113e-04  -2.5202079e-04  -2.2106337e-03
  -1.8198742e-04  -1.0294574e-03  -5.7129520e-05  -1.9028715e-03
  -5.0799090e-05  -8.3845398e-04  -2.5202079e-04  -2.2406592e-03
  -1.2951209e-04  -7.4482486e-04  -2.3328124e-04  -2.2594252e-03
  -1.1077090e-04  -9.8826058e-04  -2.2578543e-04  -1.9441567e-03
  -2.3071451e-04  -8.9088629e-04  -3.8694551e-04  -2.1017910e-03
  -2.3071451e-04  -8.7590563e-04  -6.8373247e-05  -1.9704291e-03
  -9.9526184e-05  -8.3470882e-04  -4.9563487e-04  -1.8353140e-03
  -2.6444866e-04  -7.9725717e-04   1.5694630e-03  -1.8353140e-03
  -3.0193104e-04  -9.2833794e-04   4.1180411e-03  -1.7865224e-03
  -9.5684720e-06  -9.1710245e-04   2.0641870e-03  -2.0079610e-03
  -2.8318985e-04  -8.0849266e-04   1.1234618e-03  -1.8353140e-03
  -7.1798545e-04  -8.3845398e-04   9.9978082e-04  -1.7302244e-03
  -3.0567927e-04  -8.4968948e-04   1.7524084e-04  -2.0267270e-03
  -1.9323213e-04  -7.7853134e-04   3.4764465e-04  -1.9141311e-03
  -2.6444866e-04  -8.4968948e-04   4.2635074e-04  -1.8465736e-03
  -1.4825328e-04  -1.0968704e-03   3.8887165e-04  -2.0004546e-03
  -8.4533232e-05  -8.9463146e-04   4.0011538e-04  -1.9591695e-03
   8.4137478e-05  -9.5080893e-04   6.6621692e-04  -1.9291439e-03
  -3.1692399e-04  -1.2391866e-03   1.0372599e-03  -1.9328971e-03
  -2.7944161e-04  -8.1972816e-04   2.6001380e-03  -1.8278076e-03
   4.2906860e-05  -1.1193414e-03   4.4965799e-03  -1.8353140e-03
   1.8159167e-04  -1.0519284e-03   6.2543492e-03  -1.4862666e-03
   5.0768837e-04  -5.2011496e-04   7.7122858e-03  -9.4205308e-04
   3.3152119e-04  -7.5980552e-04   8.4131448e-03  -1.1785045e-03
   2.8654233e-04  -6.8490222e-04   8.5855486e-03  -1.0996874e-03
   6.1648050e-05  -7.6355068e-04   7.9521520e-03  -1.0096106e-03
   1.2911633e-04  -8.2721849e-04   7.0938809e-03  -1.3849303e-03
   5.8640137e-04  -6.3246991e-04   5.4448009e-03  -1.0471426e-03
   4.1023418e-04  -7.2609903e-04   2.8400041e-03  -1.2310492e-03
   5.1143661e-04  -6.2497958e-04  -4.5885793e-05  -1.5951094e-03
   2.7154938e-04  -4.3023100e-04  -3.5389370e-03  -1.6514073e-03
   4.4022009e-04  -5.8378276e-04  -7.1781566e-03  -2.0642590e-03
   4.0648595e-04  -8.3096365e-04  -1.0446333e-02  -2.0379866e-03
   6.0889080e-04  -7.4107969e-04  -1.2376506e-02  -2.3044636e-03
   1.5609433e-03  -5.8003760e-04  -1.4426613e-02  -2.5221490e-03
   1.7034695e-04  -7.1486354e-04  -1.7915916e-02  -2.1168037e-03
   5.8265313e-04  -6.0250859e-04  -1.8841649e-02  -2.5146426e-03
   1.4372514e-03  -5.4633111e-04  -1.8268219e-02  -3.1789585e-03
  -2.6819689e-04  -6.3996024e-04  -1.7612335e-02  -3.0738690e-03
   4.2522714e-04  -7.2235387e-04  -1.5157455e-02  -2.9762859e-03
   1.9545082e-03  -9.2084761e-04  -1.2856239e-02  -2.9387539e-03
   1.4260067e-03  -6.3246991e-04  -1.0674956e-02  -2.6084725e-03
   2.3406700e-04  -7.4482486e-04  -7.4367623e-03  -2.4808638e-03
   2.9778704e-04  -8.9463146e-04  -4.0598963e-03  -2.5409150e-03
   3.4651414e-04  -1.1006155e-03  -1.4625954e-03  -2.2031273e-03
  -6.5051717e-04  -1.5874870e-03   6.9620019e-04  -1.7640032e-03
  -4.7060175e-04  -1.3328158e-03   3.6795358e-03  -2.2406592e-03
  -2.0822509e-04  -1.3477964e-03   6.4042656e-03  -2.4808638e-03
  -5.3432179e-04  -1.3627771e-03   7.3449908e-03  -1.8428204e-03
   1.1787162e-04  -1.3477964e-03   8.6080361e-03  -1.9891950e-03
  -2.4945570e-04  -1.5013482e-03   9.8635856e-03  -2.0717654e-03
  -1.7262615e-03  -1.3777577e-03   9.8485940e-03  -1.8127948e-03
  -1.8836875e-03  -1.6024676e-03   9.6387111e-03  -2.2519188e-03
  -1.4413954e-03  -1.3815029e-03   8.4731114e-03  -2.1130505e-03
  -1.3139553e-03  -8.3845398e-04   7.2700326e-03  -1.4750071e-03
  -1.5425978e-03  -6.4745057e-04   6.8877459e-03  -1.6739265e-03
  -1.7450027e-03  -3.0289539e-04   6.6516276e-03  -2.2143869e-03
  -1.3739271e-03  -4.6019232e-04   6.2243660e-03  -2.2556720e-03
  -8.9415264e-04  -8.3096365e-04   5.3923302e-03  -2.3269828e-03
  -6.9174779e-04  -7.2984420e-04   5.3885823e-03  -2.5671874e-03
  -8.9415264e-04  -6.6243123e-04   5.4148176e-03  -2.7510940e-03
  -7.5921607e-04  -5.4258595e-04   4.0730662e-03  -2.9500135e-03
  -6.9540280e-05  -4.0401484e-04   2.2253471e-03  -2.5221490e-03
   9.1727180e-06  -2.8042440e-04   7.2618346e-04  -2.4133063e-03
  -1.1565293e-03  -4.3397616e-04  -2.5202079e-04  -2.5296554e-03
  -2.5958527e-03  -7.6355068e-04  -8.9666114e-04  -1.9816886e-03
  -2.5471256e-03  -6.7366672e-04  -1.1365273e-03  -2.2106337e-03
  -2.0636029e-03  -6.8864738e-04  -1.7062095e-03  -2.3157232e-03
  -1.6625414e-03  -9.3957344e-04  -2.6994054e-03  -1.8165480e-03
  -1.0328374e-03  -6.2123441e-04  -2.5794723e-03  -2.0867782e-03
  -1.0553269e-03  -5.4633111e-04  -1.9123445e-03  -2.3194764e-03
  -1.0815645e-03  -8.4594431e-04  -1.6574867e-03  -2.2256465e-03
  -1.1565293e-03  -7.8602167e-04  -1.0578212e-03  -2.2781912e-03
  -1.0703198e-03  -1.0369477e-03  -2.7450824e-04  -2.4583447e-03
  -4.2937113e-04  -9.3582827e-04   1.1902220e-04  -2.6084725e-03
   3.2402471e-04  -8.1223783e-04   1.7524084e-04  -2.6497577e-03
   7.8505798e-04  -1.0294574e-03  -3.9444133e-04  -2.7210685e-03
   7.2133794e-04  -8.5343464e-04  -1.2377209e-03  -2.5859534e-03
  -1.4075680e-04  -8.7216047e-04  -2.0360255e-03  -2.4883702e-03
  -1.4676331e-03  -1.2204608e-03  -2.8530696e-03  -2.3945403e-03
  -1.6850309e-03  -1.1418123e-03  -3.3290541e-03  -2.0642590e-03
  -1.3926683e-03  -1.0032412e-03  -3.7338282e-03  -2.1092973e-03
  -9.0914559e-04  -1.0144767e-03  -4.0149214e-03  -2.2143869e-03
  -4.7060175e-04  -6.7366672e-04  -4.1161150e-03  -2.0379866e-03
  -8.0419493e-04  -1.0032412e-03  -3.8537613e-03  -2.1393229e-03
  -6.6925836e-04  -1.1979898e-03  -2.8942966e-03  -2.4245659e-03
  -6.1678303e-04  -9.9949608e-04  -2.2983791e-03  -2.4545915e-03
  -3.7689580e-04  -1.2766383e-03  -1.7399407e-03  -2.3119700e-03
   1.4410929e-04  -1.2766383e-03  -1.1590148e-03  -2.4696043e-03
   1.5535400e-04  -1.0294574e-03  -1.3164269e-03  -2.3645147e-03
   3.3526942e-04  -7.6729585e-04  -1.0915524e-03  -2.2068805e-03
   2.7913908e-05  -9.1335728e-04  -8.7417368e-04  -2.4658511e-03
  -3.3191694e-04  -8.7590563e-04  -7.5424059e-04  -2.0830250e-03
  -5.9429360e-04  -7.1486354e-04  -3.9069342e-04  -2.0154674e-03
  -1.0290892e-03  -1.1043607e-03  -3.4197060e-04  -2.2293996e-03
  -8.3792907e-04  -1.0968704e-03  -3.6071015e-04  -1.7827692e-03
  -5.6805593e-04  -8.7965080e-04  -8.3364883e-05  -1.8353140e-03
  -4.5186056e-04  -8.6467014e-04   6.6621692e-04  -2.0267270e-03
  -3.2816870e-04  -8.1598299e-04   9.3606636e-04  -1.9328971e-03
  -4.5560879e-04  -8.5343464e-04   1.3445884e-03  -1.9066247e-03
  -2.4570747e-04  -9.7702509e-04   1.8805394e-03  -1.8916119e-03
  -7.7036756e-05  -1.0444381e-03   1.6331774e-03  -1.9404035e-03
  -2.8693808e-04  -8.5717981e-04   1.6781523e-03  -2.0267270e-03
   7.6641002e-05  -8.6467014e-04   1.6968919e-03  -2.0755186e-03
   3.8024828e-04  -8.6092497e-04   1.4945048e-03  -1.8428204e-03
   3.3526942e-04  -7.4107969e-04   1.2134116e-03  -1.7489904e-03
  -5.4547328e-05  -9.4706377e-04   8.6110818e-04  -1.7264713e-03
  -3.2442046e-04  -1.0406929e-03   5.3878801e-04  -1.5688370e-03
  -1.2576385e-04  -1.0818897e-03   2.8018229e-04  -1.7564968e-03
  -2.0072861e-04  -1.0182219e-03   2.7643438e-04  -1.7715096e-03
  -3.2057900e-05  -8.8714113e-04  -1.8830634e-04  -1.5162922e-03
   1.5910224e-04  -8.4968948e-04  -3.9069342e-04  -1.6176285e-03
   1.8159167e-04  -8.6092497e-04  -2.1828961e-04  -1.8578331e-03
  -1.1451914e-04  -9.6578959e-04  -2.7450824e-04  -1.9704291e-03
  -1.1451914e-04  -8.6467014e-04   1.0403057e-04  -1.9704291e-03
   2.2657052e-04  -8.1223783e-04   1.3401384e-04  -2.0492462e-03
   1.8908814e-04  -7.3358936e-04   2.5324478e-05  -2.0304802e-03
   4.3647185e-04  -6.1748925e-04   2.4645111e-04  -2.0755186e-03
   2.6405290e-04  -6.2497958e-04  -4.5885793e-05  -2.1806081e-03
   2.0033286e-04  -6.6617639e-04   6.6551477e-05  -1.8803523e-03
   3.8774476e-04  -9.2084761e-04   9.6534749e-05  -1.9554163e-03
  -3.9554376e-05  -9.6204443e-04  -3.1198733e-04  -2.0792718e-03
  -9.2029708e-05  -9.2459278e-04  -2.7450824e-04  -2.0642590e-03
   1.2911633e-04  -8.7965080e-04  -5.1812233e-04  -2.0379866e-03
   5.7899812e-05  -6.8864738e-04  -5.4810560e-04  -1.9929482e-03
   2.3781524e-04  -7.7853134e-04  -3.4571851e-04  -2.0117142e-03
   3.5401061e-04  -9.4706377e-04  -2.5576870e-04  -1.9178843e-03
   2.7904585e-04  -8.9088629e-04  -1.7331470e-04  -2.2519188e-03
   1.8159167e-04  -8.4594431e-04  -1.8455843e-04  -2.3269828e-03
   6.1648050e-05  -9.2084761e-04  -1.2459188e-04  -2.1130505e-03
   7.5882032e-04  -9.0586695e-04  -4.3192042e-04  -2.1918677e-03
   7.8130975e-04  -9.0586695e-04  -3.7195388e-04  -2.2218933e-03
   3.3901766e-04  -7.8602167e-04  -2.4452497e-04  -2.3307360e-03
   4.8894718e-04  -6.8115705e-04  -3.9818924e-04  -2.4846170e-03
   2.5280819e-04  -8.9463146e-04  -4.1318088e-04  -2.2781912e-03
   1.8159167e-04  -9.0586695e-04  -6.7178660e-04  -2.2519188e-03
   2.1157757e-04  -6.6992156e-04  -6.3055960e-04  -2.3082168e-03
   3.4276590e-04  -8.6092497e-04  -6.9802196e-04  -2.1543357e-03
   3.5401061e-04  -1.0481832e-03  -8.1420714e-04  -2.3269828e-03
   2.5655643e-04  -7.7478618e-04  -5.2936605e-04  -2.5746938e-03
   2.4905995e-04  -9.4706377e-04  -3.9444133e-04  -2.3682679e-03
   1.8533990e-04  -1.1118510e-03  -1.3208770e-04  -2.1243101e-03
   4.1773066e-04  -8.8339596e-04   1.0332842e-05  -2.5409150e-03
   5.9764608e-04  -7.6355068e-04  -2.3398339e-05  -2.2856976e-03
   8.3003684e-04  -6.0250859e-04   5.9055659e-05  -1.8278076e-03
   8.3003684e-04  -7.7478618e-04   1.1902220e-04  -2.0905314e-03
   3.7650004e-04  -7.5606035e-04   2.6144274e-04  -2.0079610e-03
  -6.9540280e-05  -6.8115705e-04   4.4883819e-04  -2.0079610e-03
  -1.4075680e-04  -9.2459278e-04   6.7746064e-04  -2.1580889e-03
   3.8399652e-04  -5.8003760e-04   4.9006519e-04  -2.0379866e-03
   8.3753332e-04  -5.7254727e-04   3.1016556e-04  -1.9028715e-03
   6.3887670e-04  -7.3358936e-04   5.9500665e-04  -1.9516631e-03
   2.0408109e-04  -6.2123441e-04   7.1493973e-04  -1.9253907e-03
   9.9130430e-05  -7.3733453e-04   9.9603291e-04  -1.9066247e-03
   7.2892764e-05  -7.0737321e-04   8.2737700e-04  -2.0192206e-03
   3.2027647e-04  -6.2497958e-04   3.8512374e-04  -1.8803523e-03
   7.1009322e-04  -4.5644715e-04   5.9875455e-04  -1.9066247e-03
   5.4517075e-04  -5.9127309e-04   6.8495646e-04  -2.0717654e-03
   4.2147890e-04  -7.1860870e-04   2.9517393e-04  -1.7977820e-03
   1.6659871e-04  -9.3957344e-04   2.1646784e-04  -1.7489904e-03
  -3.2816870e-04  -9.7702509e-04   5.5003174e-04  -1.8465736e-03
  -9.2029708e-05  -6.0250859e-04   1.7149293e-04  -1.8465736e-03
   3.5026238e-04  -1.0032412e-03  -1.6581888e-04  -2.1543357e-03
   5.3767428e-04  -8.5717981e-04  -2.2203752e-04  -2.0267270e-03
   2.8279409e-04  -5.5007628e-04  -4.0943297e-04  -2.0267270e-03
   4.2906860e-05  -9.3208311e-04  -5.3381611e-05  -2.2031273e-03
   2.1532581e-04  -9.7702509e-04  -3.4642066e-05  -1.8953651e-03
  -2.0072861e-04  -1.0594187e-03  -3.9818924e-04  -2.0567526e-03
  -1.5949799e-04  -1.1343220e-03  -2.2203752e-04  -1.9328971e-03
   1.3286457e-04  -1.0481832e-03  -1.9205424e-04  -1.9366503e-03
   2.7154938e-04  -9.4331860e-04  -5.5934933e-04  -2.1280633e-03
   5.6766018e-04  -7.8227651e-04  -7.0551778e-04  -1.8390672e-03
  -7.7036756e-05  -8.8339596e-04  -5.8183678e-04  -2.1768549e-03
  -5.4181827e-04  -1.1268317e-03  -1.5457515e-04  -1.9141311e-03
  -6.0179008e-04  -1.0294574e-03  -3.3072688e-04  -1.7114585e-03
  -1.5200152e-04  -9.8077025e-04  -5.2187024e-04  -2.0004546e-03
   2.4531171e-04  -9.1710245e-04  -2.4077706e-04  -1.8278076e-03
  -1.8948390e-04  -7.5606035e-04  -5.7434096e-04  -1.8315608e-03
  -2.4945570e-04  -9.5455410e-04  -5.4435769e-04  -1.8278076e-03
  -2.3071451e-04  -9.8077025e-04  -5.0687860e-04  -1.8690927e-03
  -2.1197332e-04  -9.5455410e-04  -5.2936605e-04  -1.6776797e-03
  -3.7314756e-04  -1.0781445e-03  -2.5951661e-04  -1.8428204e-03
  -3.6565108e-04  -1.0144767e-03  -2.5202079e-04  -1.8465736e-03
   8.4137478e-05  -9.9200575e-04  -2.3328124e-04  -1.6889393e-03
   5.0403336e-05  -1.1230865e-03  -4.0568506e-04  -2.0642590e-03
  -2.0072861e-04  -8.8339596e-04  -1.5082725e-04  -1.8578331e-03
  -4.7434998e-04  -6.5868606e-04   2.1576569e-05  -1.7264713e-03
  -2.7194513e-04  -1.0444381e-03  -2.6326452e-04  -1.8353140e-03
   2.4165670e-05  -1.0257122e-03  -2.2203752e-04  -1.7152117e-03
  -2.0072861e-04  -8.0849266e-04   4.7811932e-05  -1.6251349e-03
  -1.4825328e-04  -7.9351200e-04   1.9772829e-04  -1.6626669e-03
  -3.3191694e-04  -7.7104101e-04  -4.6587940e-06  -1.7039521e-03
  -4.2562289e-04  -1.1155962e-03   2.1576569e-05  -1.6664201e-03
  -2.7569337e-04  -1.0332026e-03   1.6399711e-04  -1.6514073e-03
  -5.5681122e-04  -7.7104101e-04   2.2021575e-04  -1.8841055e-03
  -4.0313346e-04  -9.3957344e-04   3.8887165e-04  -2.0567526e-03
  -3.3566518e-04  -9.3208311e-04   2.1271993e-04  -1.9028715e-03
  -3.0193104e-04  -8.4968948e-04   1.3026593e-04  -1.9178843e-03
  -1.5949799e-04  -6.5494090e-04   1.1902220e-04  -1.9141311e-03
  -6.8425131e-04  -8.0849266e-04   1.7828660e-05  -1.9591695e-03
  -6.3927246e-04  -1.0257122e-03   9.2786840e-05  -1.9291439e-03
  -3.5815461e-04  -6.9988288e-04   1.1152638e-04  -2.0642590e-03
  -3.8814051e-04  -6.8864738e-04   2.1646784e-04  -2.0079610e-03
  -3.2442046e-04  -9.0212179e-04   5.1559841e-05  -1.8090416e-03
  -5.4931474e-04  -7.1111837e-04   1.1152638e-04  -2.1806081e-03
  -5.0808413e-04  -5.4258595e-04   1.9023247e-04  -2.1806081e-03
  -3.2067223e-04  -7.7853134e-04   3.6568205e-05  -2.1731017e-03
  -2.7194513e-04  -7.2984420e-04   1.4525757e-04  -1.9629227e-03
  -4.5560879e-04  -7.1860870e-04  -1.5902521e-05  -1.9216375e-03
  -3.5815461e-04  -9.0586695e-04  -1.0585234e-04  -2.2969572e-03
  -1.2201561e-04  -7.1860870e-04  -2.1454170e-04  -2.2556720e-03
  -5.3807003e-04  -7.8976684e-04  -1.4707934e-04  -2.4057999e-03
  -5.5681122e-04  -1.0856349e-03   4.4064023e-05  -2.4283191e-03
  -3.3566518e-04  -1.0257122e-03  -8.4067030e-06  -2.4283191e-03
  -3.5815461e-04  -1.0294574e-03  -2.9699570e-04  -2.4133063e-03
  -2.3821099e-04  -1.0444381e-03  -6.6803869e-04  -2.4358255e-03
  -7.3288518e-05  -7.3358936e-04  -5.3311396e-04  -2.5671874e-03
  -3.8814051e-04  -8.9837662e-04  -7.0551778e-04  -2.5221490e-03
  -5.7555241e-04  -1.2054801e-03  -9.0415695e-04  -2.5146426e-03
  -5.0433589e-04  -1.2092253e-03  -9.2289650e-04  -2.3795275e-03
  -7.0674074e-04  -1.2391866e-03  -1.2901916e-03  -2.4508383e-03
  -4.8184646e-04  -9.8826058e-04  -1.3801414e-03  -2.5934598e-03
  -5.0058765e-04  -8.2347332e-04  -1.2939395e-03  -2.5446682e-03
  -5.7930065e-04  -9.5080893e-04  -1.1177878e-03  -2.6047194e-03
  -3.6939932e-04  -1.0369477e-03  -8.3669459e-04  -2.4771107e-03
  -5.7180417e-04  -8.0474750e-04  -8.1795505e-04  -2.0642590e-03
  -3.0193104e-04  -5.8003760e-04  -7.4674478e-04  -2.1205569e-03
  -5.8202340e-06  -7.6355068e-04  -6.8303032e-04  -2.3607615e-03
  -2.0072861e-04  -6.9988288e-04  -7.9546759e-04  -2.1243101e-03
  -2.0719960e-06  -4.5270199e-04  -2.6326452e-04  -2.1130505e-03
   9.1633954e-05  -4.4146649e-04  -4.2817251e-04  -2.2744380e-03
  -1.8198742e-04  -6.5494090e-04  -1.2414688e-03  -2.0792718e-03
  -3.6565108e-04  -6.9988288e-04  -7.4674478e-04  -2.1580889e-03
  -3.7689580e-04  -4.8266331e-04  -1.5082725e-04  -2.1731017e-03
  -3.9188875e-04  -7.4482486e-04  -1.3583561e-04  -1.9704291e-03
  -3.5440637e-04  -7.2984420e-04  -4.0193715e-04  -2.1130505e-03
  -1.0702266e-04  -6.5119573e-04  -2.1454170e-04  -2.0529994e-03
  -1.7064948e-05  -1.0032412e-03   2.9892183e-04  -2.2594252e-03
  -4.4436408e-04  -9.3208311e-04   3.2515720e-04  -2.5033830e-03
  -5.8679712e-04  -1.0182219e-03   6.7371273e-04  -2.1468293e-03
  -2.8318985e-04  -1.0219671e-03   7.8615000e-04  -1.9704291e-03
  -3.0942751e-04  -8.4594431e-04   6.2498992e-04  -2.0004546e-03
  -2.0447685e-04  -8.3096365e-04   8.1613328e-04  -2.0830250e-03
  -1.8948390e-04  -8.0474750e-04   8.0488955e-04  -2.1055441e-03
  -1.7074271e-04  -8.8339596e-04   7.7115837e-04  -1.9554163e-03
  -3.2067223e-04  -1.0818897e-03   7.2243555e-04  -1.8240544e-03
