   3.1576926e-03   2.2933970e-05  -1.1440231e-03  -2.3945403e-03
   1.8420611e-03  -2.3922758e-04  -6.7928241e-04  -2.3419956e-03
  -2.4195923e-04  -8.5343464e-04  -9.0790486e-04  -2.5784470e-03
   5.7899812e-05  -1.2728931e-03  -1.1102919e-03  -2.4470851e-03
   9.5747693e-04  -1.0294574e-03  -2.4220601e-03  -2.5259022e-03
   7.9630270e-04  -1.0107316e-03  -2.8380780e-03  -2.5183958e-03
  -7.7036756e-05  -1.0032412e-03  -2.9879944e-03  -2.3645147e-03
  -1.0778163e-03  -1.0294574e-03  -3.9736944e-03  -2.7473408e-03
  -7.7420902e-04  -1.3365609e-03  -4.7045367e-03  -2.5671874e-03
  -9.5037621e-04  -1.4189546e-03  -5.8551447e-03  -2.3720211e-03
  -1.7412544e-03  -1.2129705e-03  -6.7396513e-03  -2.3382424e-03
  -2.7382857e-03  -1.2316963e-03  -7.8940072e-03  -1.9366503e-03
  -3.0606342e-03  -1.1792640e-03  -8.8534719e-03  -2.0042078e-03
  -2.6933069e-03  -1.1118510e-03  -8.5124122e-03  -2.0867782e-03
  -2.6633210e-03  -1.0481832e-03  -8.0214361e-03  -1.6439009e-03
  -2.6633210e-03  -7.8976684e-04  -7.2606106e-03  -1.7302244e-03
  -2.6595727e-03  -7.9351200e-04  -5.7127242e-03  -2.0529994e-03
  -2.1310712e-03  -8.0474750e-04  -4.0336610e-03  -1.8390672e-03
  -2.0373652e-03  -8.9463146e-04  -1.9011007e-03  -1.7189649e-03
  -2.2247771e-03  -1.0257122e-03   2.5394693e-04  -1.5838498e-03
  -6.8799955e-04  -8.4594431e-04   2.4727091e-03  -1.5913562e-03
   8.4137478e-05  -8.6092497e-04   4.9238415e-03  -1.6288881e-03
   5.0403336e-05  -1.2354415e-03   7.0264185e-03  -1.3098664e-03
   7.3633089e-04  -1.3515416e-03   9.0128103e-03  -1.2760876e-03
   1.3547902e-03  -1.2054801e-03   1.0796815e-02  -1.2760876e-03
   2.2806049e-03  -1.1867543e-03   1.1036681e-02  -1.3323856e-03
   1.2423430e-03  -1.0594187e-03   8.7804399e-03  -1.0734150e-03
   1.0287867e-04  -1.0332026e-03   7.4874113e-03  -1.0396362e-03
   1.2910701e-03  -1.4638965e-03   8.1133121e-03  -1.7677564e-03
   2.2657052e-04  -1.4901127e-03   6.6216443e-03  -1.4112027e-03
  -2.2622595e-03  -9.7702509e-04   4.6127651e-03  -1.0358830e-03
  -1.2577317e-03  -8.9463146e-04   6.2843325e-03  -1.5613306e-03
   1.1448888e-03  -1.0107316e-03   9.1514829e-03  -1.9103779e-03
   1.5571950e-03  -7.0362804e-04   8.2632285e-03  -2.0342334e-03
   1.8533990e-04  -2.9165989e-04   4.0318392e-03  -1.6551605e-03
  -1.2877176e-03  -3.0289539e-04   1.4045550e-03  -1.2085301e-03
  -9.9910330e-04  -5.8003760e-04   2.6151296e-03  -1.6626669e-03
  -6.8050307e-04  -9.3208311e-04   3.9643768e-03  -2.3607615e-03
  -1.8387086e-03  -9.0961212e-04   1.0447557e-03  -1.7264713e-03
  -1.2689764e-03  -5.1636979e-04  -2.3021270e-03  -1.1709981e-03
   4.3272361e-04  -5.0138913e-04  -2.0585129e-03  -1.6964457e-03
  -4.9309117e-04  -4.7517298e-04  -1.2677041e-03  -2.0079610e-03
  -2.4646644e-03  -6.3621507e-04  -1.7212011e-03  -2.1768549e-03
  -2.9144529e-03  -9.8826058e-04  -3.1978773e-03  -2.1580889e-03
  -1.8049745e-03  -9.9949608e-04  -3.7788032e-03  -2.3457488e-03
  -1.5313531e-03  -1.1118510e-03  -3.5539286e-03  -2.6685237e-03
  -2.1310712e-03  -9.3582827e-04  -4.2622834e-03  -2.2293996e-03
  -1.0740681e-03  -7.2984420e-04  -4.8357135e-03  -1.9216375e-03
  -1.7074271e-04  -1.0481832e-03  -4.1910731e-03  -2.0454930e-03
  -5.3057355e-04  -1.2017350e-03  -2.9392715e-03  -2.2293996e-03
  -1.7599956e-03  -1.0332026e-03  -2.9205320e-03  -2.3194764e-03
  -1.8424569e-03  -1.0069864e-03  -3.2878271e-03  -2.0905314e-03
   1.7034695e-04  -1.0968704e-03  -2.6469346e-03  -2.3344892e-03
   1.0287867e-04  -8.8714113e-04  -1.9048487e-03  -2.5671874e-03
  -1.1790187e-03  -7.6729585e-04  -1.4213684e-03  -2.4057999e-03
  -6.4302069e-04  -7.9351200e-04  -1.7324448e-03  -2.4808638e-03
  -2.6070042e-04  -8.8714113e-04  -2.2534042e-03  -2.2819444e-03
  -9.4662797e-04  -1.1230865e-03  -1.4775870e-03  -2.2894508e-03
  -9.5412445e-04  -7.9351200e-04   4.0316114e-05  -2.4996298e-03
  -4.7050852e-05  -6.7741189e-04   7.7865419e-04  -2.0830250e-03
   6.8760380e-04  -9.1335728e-04   6.5497319e-04  -1.7227181e-03
   3.5775885e-04  -6.3621507e-04   1.3108573e-03  -1.6476541e-03
  -3.1692399e-04  -6.6243123e-04   2.7650460e-03  -2.1731017e-03
  -1.9698037e-04  -9.0212179e-04   3.5408631e-03  -2.5596810e-03
   1.5160576e-04  -8.4219915e-04   3.3797030e-03  -1.8428204e-03
   7.0259675e-04  -8.3470882e-04   3.5371152e-03  -1.7940288e-03
   5.2642956e-04  -7.0362804e-04   3.9981080e-03  -2.1092973e-03
  -3.6190284e-04  -6.8115705e-04   3.3234844e-03  -1.9216375e-03
  -7.7036756e-05  -9.6204443e-04   2.8962228e-03  -1.8390672e-03
   5.6766018e-04  -8.9088629e-04   3.4921403e-03  -1.6776797e-03
   3.2027647e-04  -8.5717981e-04   3.9343936e-03  -1.9816886e-03
   1.2911633e-04  -6.5494090e-04   3.2672658e-03  -1.8765991e-03
   7.8130975e-04  -3.0664055e-04   2.1616326e-03  -1.4825134e-03
   1.0361899e-03  -7.2235387e-04   2.7800376e-03  -1.8841055e-03
   3.6150709e-04  -7.3358936e-04   3.2860053e-03  -2.1205569e-03
  -2.3071451e-04  -6.5868606e-04   2.3565239e-03  -2.2631784e-03
   1.1412338e-04  -8.6092497e-04   1.2358991e-03  -2.0342334e-03
   9.1999455e-04  -7.8227651e-04   5.7626710e-04  -1.6664201e-03
   5.3017780e-04  -7.4482486e-04   6.0625037e-04  -1.8540799e-03
  -6.9540280e-05  -6.8490222e-04   1.0028266e-04  -1.9178843e-03
   4.2906860e-05  -7.5606035e-04  -8.3294668e-04  -1.9666759e-03
   3.0528352e-04  -6.5494090e-04  -1.5300578e-03  -2.1468293e-03
   3.5410384e-05  -7.3358936e-04  -2.0660087e-03  -2.0680122e-03
  -8.0044669e-04  -8.9837662e-04  -2.5270016e-03  -2.1130505e-03
  -2.8693808e-04  -8.6841530e-04  -3.1191712e-03  -2.3495020e-03
  -6.2043804e-05  -9.9200575e-04  -3.8687530e-03  -2.3832807e-03
  -6.2802774e-04  -9.4706377e-04  -4.0561484e-03  -2.3007104e-03
  -8.8665616e-04  -8.3096365e-04  -3.9099800e-03  -2.1205569e-03
  -1.2389905e-03  -1.0219671e-03  -4.1723336e-03  -1.9178843e-03
  -1.8198742e-04  -1.3328158e-03  -2.9205320e-03  -2.0454930e-03
  -2.4561424e-05  -1.0669090e-03  -2.0060422e-03  -2.5521746e-03
  -9.6162092e-04  -8.6467014e-04  -2.7368845e-03  -2.3044636e-03
  -4.8184646e-04  -1.0818897e-03  -2.4632871e-03  -1.9741823e-03
  -1.0702266e-04  -9.8077025e-04  -1.7886635e-03  -2.2556720e-03
  -3.1317575e-04  -1.0219671e-03  -1.1327794e-03  -2.1318165e-03
  -6.0179008e-04  -1.1006155e-03  -1.2901916e-03  -2.1468293e-03
  -1.4450504e-04  -7.4107969e-04  -1.8148988e-03  -2.1092973e-03
   4.7395423e-04  -7.5231519e-04  -1.2602083e-03  -2.0830250e-03
   2.4165670e-05  -8.9837662e-04  -9.9785468e-04  -2.0304802e-03
  -2.5695218e-04  -6.2872474e-04  -1.0016026e-03  -1.9591695e-03
  -8.0784994e-05  -8.3096365e-04  -1.0728129e-03  -2.0980378e-03
  -4.3302614e-05  -1.0032412e-03  -1.1964939e-03  -1.8728459e-03
   1.2161986e-04  -8.0849266e-04  -3.1948315e-04  -2.1205569e-03
   9.5382192e-05  -9.2833794e-04   1.0028266e-04  -2.0079610e-03
   1.6285048e-04  -8.1972816e-04  -3.2697897e-04  -1.6326413e-03
   8.4128155e-04  -7.8227651e-04  -1.9955006e-04  -1.7489904e-03
   7.9630270e-04  -9.5455410e-04   1.4150966e-04  -1.6889393e-03
   3.1278000e-04  -8.7965080e-04   7.1119182e-04  -1.8653395e-03
   4.6645775e-04  -7.3733453e-04   7.1493973e-04  -1.7001989e-03
   6.8385556e-04  -9.9949608e-04   5.2004847e-04  -1.7527436e-03
   6.8010732e-04  -9.3582827e-04   9.4731009e-04  -2.0417398e-03
   4.1023418e-04  -6.7366672e-04   1.1309576e-03  -1.9629227e-03
   1.1787162e-04  -1.0669090e-03   9.3981427e-04  -1.9666759e-03
   5.3017780e-04  -7.8227651e-04   5.1255265e-04  -1.6701733e-03
   6.9510027e-04  -6.0625375e-04   6.8495646e-04  -1.9066247e-03
   1.5910224e-04  -7.8227651e-04   8.7984773e-04  -2.0680122e-03
   2.2657052e-04  -7.0737321e-04   4.3759447e-04  -1.9291439e-03
   3.3901766e-04  -8.0849266e-04  -2.7146248e-05  -2.0792718e-03
   4.0648595e-04  -6.4745057e-04  -2.7076033e-04  -1.7752628e-03
   3.2402471e-04  -8.0474750e-04  -3.4571851e-04  -1.9629227e-03
  -7.7036756e-05  -8.1598299e-04  -5.0687860e-04  -2.2481656e-03
   9.9130430e-05  -6.7741189e-04  -7.7672805e-04  -2.1280633e-03
   1.4410929e-04  -8.9088629e-04  -1.3838893e-03  -2.1205569e-03
  -8.4533232e-05  -8.8339596e-04  -1.3464102e-03  -2.0454930e-03
  -1.4825328e-04  -7.1486354e-04  -9.4538395e-04  -2.2744380e-03
   5.4244800e-06  -8.3096365e-04  -1.4363600e-03  -2.3082168e-03
  -2.0719960e-06  -1.0444381e-03  -1.6762262e-03  -2.1881145e-03
  -3.3191694e-04  -8.8714113e-04  -1.6050159e-03  -2.3682679e-03
  -4.4811232e-04  -8.3845398e-04  -1.6012680e-03  -2.2293996e-03
  -2.1946980e-04  -8.6841530e-04  -1.6724783e-03  -2.0529994e-03
  -8.8281470e-05  -9.9200575e-04  -2.0959920e-03  -2.2181401e-03
  -2.0072861e-04  -1.0369477e-03  -1.8298905e-03  -2.3832807e-03
   9.1727180e-06  -6.9613771e-04  -1.4213684e-03  -2.3982935e-03
  -1.4450504e-04  -8.0474750e-04  -1.3838893e-03  -2.3382424e-03
  -2.2321804e-04  -9.0212179e-04  -1.2564604e-03  -2.2631784e-03
   5.0403336e-05  -7.8976684e-04  -1.5487973e-03  -2.2706848e-03
   5.7899812e-05  -8.4968948e-04  -1.5000745e-03  -2.1430761e-03
   1.2161986e-04  -9.1335728e-04  -1.0878045e-03  -2.1918677e-03
   2.7913908e-05  -9.5829926e-04  -1.0465775e-03  -2.4883702e-03
   2.0033286e-04  -1.0369477e-03  -1.0615691e-03  -2.3682679e-03
   1.2161986e-04  -9.9949608e-04  -9.4913186e-04  -2.4470851e-03
   2.4165670e-05  -8.2347332e-04  -6.6803869e-04  -2.4545915e-03
   2.1907405e-04  -8.9088629e-04  -4.6565160e-04  -2.1956209e-03
   6.9144526e-05  -7.9725717e-04  -3.9444133e-04  -2.0229738e-03
   1.0662691e-04  -7.3733453e-04  -2.8575197e-04  -2.0117142e-03
   1.8908814e-04  -5.4258595e-04  -1.3583561e-04  -2.1580889e-03
  -9.9526184e-05  -6.3996024e-04  -1.2459188e-04  -2.1993741e-03
  -1.4450504e-04  -1.0107316e-03  -7.5869065e-05  -2.1393229e-03
   7.2892764e-05  -7.9351200e-04   1.7898875e-04  -1.9891950e-03
   2.0417432e-05  -7.2609903e-04   4.0316114e-05  -2.1243101e-03
   3.5410384e-05  -7.0737321e-04  -6.4625338e-05  -2.0304802e-03
  -5.8295566e-05  -8.5343464e-04  -2.3398339e-05  -1.9328971e-03
   2.6780114e-04  -6.6243123e-04  -2.6701242e-04  -1.9854418e-03
   3.9898947e-04  -6.5494090e-04  -8.4067030e-06  -2.0642590e-03
  -1.4825328e-04  -8.7216047e-04   3.0641765e-04  -2.1430761e-03
  -4.3302614e-05  -6.4745057e-04   6.5849330e-06  -1.9291439e-03
   1.1037514e-04  -8.9088629e-04  -2.7146248e-05  -1.9779355e-03
  -1.7823918e-04  -8.2347332e-04   3.2820296e-05  -1.8916119e-03
  -4.7050852e-05  -7.9351200e-04  -1.6207097e-04  -2.0154674e-03
   9.9130430e-05  -7.2609903e-04  -1.0585234e-04  -2.0830250e-03
  -1.1077090e-04  -6.1374408e-04  -1.8455843e-04  -1.7677564e-03
   9.5382192e-05  -9.6204443e-04  -2.4452497e-04  -1.9291439e-03
  -9.2029708e-05  -8.8714113e-04  -3.1198733e-04  -2.0492462e-03
   4.6655098e-05  -8.3470882e-04  -4.7689533e-04  -2.0192206e-03
   1.8533990e-04  -9.2833794e-04  -1.5082725e-04  -1.9516631e-03
  -4.6685351e-04  -7.0362804e-04  -1.9650430e-05  -2.0717654e-03
  -2.7569337e-04  -6.4370540e-04  -9.4608610e-05  -2.1017910e-03
  -2.5695218e-04  -9.8826058e-04   8.1543113e-05  -1.7940288e-03
  -5.0808413e-04  -9.1335728e-04  -1.0210443e-04  -2.1918677e-03
  -2.6070042e-04  -5.4633111e-04  -4.0193715e-04  -2.1017910e-03
  -1.7823918e-04  -6.2123441e-04  -2.2578543e-04  -1.7264713e-03
  -4.1812641e-04  -8.7590563e-04  -2.4452497e-04  -2.0492462e-03
  -4.7060175e-04  -9.8451542e-04  -2.2203752e-04  -1.9141311e-03
  -2.4945570e-04  -8.7590563e-04   7.7795204e-05  -1.9704291e-03
  -4.2562289e-04  -8.9837662e-04  -1.6956679e-04  -2.0792718e-03
  -6.8799955e-04  -1.0968704e-03  -9.0860701e-05  -2.0267270e-03
  -4.7060175e-04  -1.0332026e-03   1.7149293e-04  -2.0192206e-03
  -4.2187465e-04  -9.7702509e-04  -1.1709606e-04  -2.0492462e-03
  -6.0179008e-04  -1.0594187e-03  -1.3958352e-04  -2.0567526e-03
  -4.7060175e-04  -1.0294574e-03  -4.5815578e-04  -1.9741823e-03
  -5.4931474e-04  -1.0968704e-03  -4.6565160e-04  -2.1205569e-03
  -5.6430770e-04  -1.0406929e-03  -2.7825615e-04  -1.8653395e-03
  -2.0447685e-04  -9.9200575e-04  -7.2800523e-04  -1.8841055e-03
  -2.1197332e-04  -1.0219671e-03  -3.4571851e-04  -1.9103779e-03
  -4.2937113e-04  -8.7590563e-04  -4.9633702e-05  -1.8240544e-03
  -3.5815461e-04  -9.7327992e-04  -6.0877429e-05  -1.9328971e-03
  -2.4570747e-04  -9.5080893e-04   1.3776175e-04  -1.5650838e-03
  -2.0072861e-04  -8.7590563e-04  -1.4333143e-04  -1.7790160e-03
  -2.8318985e-04  -9.8451542e-04  -1.9650430e-05  -1.9967014e-03
  -3.5440637e-04  -1.0032412e-03   2.0147620e-04  -1.7001989e-03
  -3.2816870e-04  -1.0332026e-03  -3.4642066e-05  -1.8278076e-03
  -1.6699447e-04  -7.4482486e-04   3.9636747e-04  -1.8803523e-03
   8.7885716e-05  -7.5980552e-04   6.0999828e-04  -1.8165480e-03
  -3.9554376e-05  -8.7965080e-04   2.8393020e-04  -1.7377308e-03
  -2.8693808e-04  -7.0737321e-04   6.1374619e-04  -1.7414840e-03
  -5.0433589e-04  -8.4594431e-04   6.1749410e-04  -2.0792718e-03
  -2.8318985e-04  -7.6729585e-04   4.1510701e-04  -1.9666759e-03
   4.6655098e-05  -9.4331860e-04   2.8393020e-04  -1.7790160e-03
  -2.9068632e-04  -9.9949608e-04   2.7643438e-04  -1.9666759e-03
  -5.3432179e-04  -8.4968948e-04   5.9500665e-04  -1.8203012e-03
  -5.0058765e-04  -1.0931252e-03   2.9892183e-04  -1.7865224e-03
  -3.3566518e-04  -8.7216047e-04   2.1271993e-04  -1.9591695e-03
  -2.1946980e-04  -9.5455410e-04   3.8887165e-04  -1.9404035e-03
  -2.3446275e-04  -9.6953476e-04  -2.7146248e-05  -2.0267270e-03
  -1.5574975e-04  -6.8115705e-04   2.5324478e-05  -2.1092973e-03
  -1.8948390e-04  -8.6467014e-04   1.3401384e-04  -1.9854418e-03
  -3.5065813e-04  -8.4594431e-04  -2.4452497e-04  -2.0454930e-03
  -3.8814051e-04  -8.7965080e-04   2.8370240e-06  -2.1693485e-03
  -1.6699447e-04  -8.4594431e-04  -9.4608610e-05  -2.1243101e-03
  -1.1826737e-04  -6.3246991e-04  -2.8200406e-04  -2.2556720e-03
  -4.7060175e-04  -7.6729585e-04  -1.0585234e-04  -2.1618421e-03
  -6.3177598e-04  -7.5606035e-04  -2.9324779e-04  -2.0905314e-03
  -5.1932884e-04  -8.1223783e-04   1.7828660e-05  -2.1993741e-03
  -4.1062994e-04  -9.8826058e-04  -1.3208770e-04  -2.2594252e-03
  -3.1692399e-04  -7.4482486e-04  -4.9633702e-05  -2.3532552e-03
  -4.2937113e-04  -8.0474750e-04   2.2771156e-04  -2.3194764e-03
  -2.8318985e-04  -9.3582827e-04  -1.2084397e-04  -2.3419956e-03
  -2.3071451e-04  -8.6841530e-04   1.2277011e-04  -2.1430761e-03
  -5.5681122e-04  -9.0212179e-04   1.4080751e-05  -2.2293996e-03
  -4.2937113e-04  -8.7965080e-04   3.3265302e-04  -2.3382424e-03
  -4.7434998e-04  -9.8826058e-04   4.5258610e-04  -2.1543357e-03
  -5.4556651e-04  -9.4331860e-04   6.5849330e-06  -2.3157232e-03
  -2.4945570e-04  -8.6841530e-04   4.1885492e-04  -2.2256465e-03
  -9.9526184e-05  -7.4857002e-04   4.4509029e-04  -2.2631784e-03
  -1.9323213e-04  -5.9127309e-04   4.3384656e-04  -2.1505825e-03
  -2.3446275e-04  -5.5756661e-04   5.2004847e-04  -1.9103779e-03
  -1.8948390e-04  -5.9501826e-04   3.3640092e-04  -2.0454930e-03
  -2.0822509e-04  -8.9088629e-04   4.5633401e-04  -2.0004546e-03
  -4.3302614e-05  -8.8339596e-04   5.9125874e-04  -2.0755186e-03
  -2.3446275e-04  -7.9725717e-04   4.6757774e-04  -1.8090416e-03
  -1.7823918e-04  -6.9239255e-04   7.7865419e-04  -1.7602500e-03
   3.4651414e-04  -4.7891814e-04   9.6604964e-04  -2.0417398e-03
   1.3661281e-04  -7.5980552e-04   4.5633401e-04  -1.7715096e-03
  -8.8281470e-05  -8.9088629e-04   2.6893856e-04  -1.8015352e-03
  -1.5949799e-04  -6.2497958e-04   2.4270320e-04  -2.0192206e-03
  -1.8198742e-04  -6.3996024e-04   2.2396365e-04  -2.0229738e-03
  -4.3302614e-05  -9.6578959e-04   8.1543113e-05  -1.9328971e-03
  -1.1077090e-04  -7.8976684e-04  -2.1079379e-04  -1.8165480e-03
   7.2892764e-05  -5.8378276e-04  -1.5832306e-04  -1.8127948e-03
  -2.1946980e-04  -8.3096365e-04   5.5307750e-05  -2.0417398e-03
  -5.0808413e-04  -7.7478618e-04   1.4080751e-05  -1.9516631e-03
  -2.4195923e-04  -6.8864738e-04  -1.5832306e-04  -1.7302244e-03
  -3.3191694e-04  -8.2721849e-04  -2.8575197e-04  -2.1918677e-03
  -1.6324623e-04  -1.0182219e-03  -2.4827288e-04  -2.0792718e-03
  -2.6444866e-04  -7.7478618e-04  -1.6956679e-04  -1.8728459e-03
  -5.1558060e-04  -7.6355068e-04  -4.8813906e-04  -2.1543357e-03
  -2.0447685e-04  -1.0107316e-03  -4.8813906e-04  -1.8465736e-03
  -3.4690989e-04  -7.7478618e-04  -4.6939951e-04  -1.9479099e-03
  -4.5186056e-04  -9.6204443e-04  -6.2306378e-04  -2.0117142e-03
  -3.1317575e-04  -1.1230865e-03  -3.0823942e-04  -1.9178843e-03
  -3.1317575e-04  -9.8826058e-04  -2.4827288e-04  -2.3344892e-03
  -9.9526184e-05  -1.0519284e-03  -4.5815578e-04  -1.9666759e-03
  -3.8814051e-04  -9.9200575e-04  -4.5065997e-04  -1.9629227e-03
  -3.4690989e-04  -1.0556735e-03  -1.4333143e-04  -2.2293996e-03
  -2.6070042e-04  -1.2129705e-03  -6.4625338e-05  -1.8353140e-03
  -5.6055946e-04  -1.0257122e-03  -3.3072688e-04  -1.8578331e-03
  -2.3446275e-04  -9.0212179e-04  -2.1454170e-04  -2.0454930e-03
  -2.3071451e-04  -1.1455575e-03  -1.5902521e-05  -2.1993741e-03
  -9.9526184e-05  -9.7327992e-04  -3.0894157e-05  -2.0717654e-03
  -1.7823918e-04  -7.9725717e-04  -9.8356519e-05  -2.0229738e-03
  -2.3821099e-04  -1.0856349e-03  -3.4642066e-05  -2.1205569e-03
  -1.6324623e-04  -9.1335728e-04   1.7828660e-05  -2.0417398e-03
  -3.2067223e-04  -9.6578959e-04  -1.0960025e-04  -1.9891950e-03
   5.7899812e-05  -1.1717737e-03   1.5275338e-04  -1.8578331e-03
  -1.9323213e-04  -9.8826058e-04   6.6551477e-05  -1.9891950e-03
  -1.2576385e-04  -9.5080893e-04  -7.5869065e-05  -1.8615863e-03
  -1.3326033e-04  -8.6841530e-04   2.7268647e-04  -1.7902756e-03
  -3.7689580e-04  -8.3096365e-04   2.1576569e-05  -1.8728459e-03
   1.6762420e-06  -6.4745057e-04  -7.5869065e-05  -1.7377308e-03
  -2.7944161e-04  -7.6729585e-04  -1.4707934e-04  -1.8240544e-03
  -2.9818280e-04  -8.7965080e-04  -2.0704588e-04  -1.6814329e-03
  -1.2951209e-04  -6.5868606e-04  -1.8455843e-04  -1.5913562e-03
  -2.8693808e-04  -8.9463146e-04  -2.8575197e-04  -1.6814329e-03
  -2.2321804e-04  -8.4594431e-04  -1.0585234e-04  -1.9216375e-03
  -6.9540280e-05  -6.9239255e-04  -5.5934933e-04  -2.1355697e-03
  -9.5684720e-06  -6.6243123e-04  -5.4435769e-04  -1.8690927e-03
  -2.1946980e-04  -6.6992156e-04  -4.5440787e-04  -2.0304802e-03
  -3.1692399e-04  -9.6578959e-04  -7.9921550e-04  -1.8728459e-03
  -3.2057900e-05  -9.3208311e-04  -5.3686187e-04  -1.7227181e-03
  -5.8295566e-05  -9.7327992e-04  -4.6939951e-04  -2.3907871e-03
  -1.1826737e-04  -8.4968948e-04  -5.6684514e-04  -1.8841055e-03
  -2.0719960e-06  -5.8003760e-04  -6.2306378e-04  -1.7602500e-03
  -2.8318985e-04  -9.1710245e-04  -5.5934933e-04  -2.2031273e-03
  -2.2696628e-04  -1.0406929e-03  -6.3805542e-04  -1.8728459e-03
  -1.8198742e-04  -8.0849266e-04  -6.1931587e-04  -2.0942846e-03
  -1.3700856e-04  -8.5343464e-04  -4.9563487e-04  -1.9629227e-03
   1.1037514e-04  -1.0294574e-03  -6.3805542e-04  -1.8503268e-03
  -5.0799090e-05  -7.7853134e-04  -3.9069342e-04  -2.0267270e-03
  -9.2029708e-05  -8.4594431e-04  -1.2084397e-04  -2.0567526e-03
  -2.3071451e-04  -9.1710245e-04   5.9055659e-05  -2.3870339e-03
  -1.6324623e-04  -7.6355068e-04   8.1543113e-05  -2.2481656e-03
   5.4151574e-05  -7.4482486e-04   1.0332842e-05  -2.2369060e-03
  -3.2057900e-05  -5.6880210e-04   4.4064023e-05  -2.4133063e-03
  -1.1451914e-04  -8.2721849e-04   8.1543113e-05  -2.0830250e-03
  -7.3288518e-05  -8.9463146e-04   3.7388001e-04  -2.0529994e-03
   7.6641002e-05  -9.3582827e-04   4.3009865e-04  -2.3194764e-03
   5.4244800e-06  -8.7965080e-04   3.1766138e-04  -2.3945403e-03
   9.9130430e-05  -8.3845398e-04   3.7762792e-04  -2.3232296e-03
  -4.7050852e-05  -9.3208311e-04   5.4253592e-04  -2.2969572e-03
  -1.1077090e-04  -7.7853134e-04   5.5377965e-04  -2.3645147e-03
   6.9144526e-05  -1.0332026e-03   2.8767811e-04  -2.2556720e-03
  -1.7074271e-04  -9.0961212e-04   1.1527429e-04  -2.1731017e-03
  -3.2057900e-05  -8.4219915e-04   1.7524084e-04  -2.1430761e-03
  -1.8948390e-04  -1.0069864e-03   1.6774502e-04  -2.4057999e-03
  -1.7064948e-05  -8.2347332e-04  -3.1948315e-04  -2.4433319e-03
   3.5775885e-04  -7.0737321e-04  -3.9444133e-04  -2.0192206e-03
  -1.1826737e-04  -8.1972816e-04  -1.5832306e-04  -2.0755186e-03
  -2.0719960e-06  -7.1486354e-04  -3.6445806e-04  -2.0830250e-03
   2.1532581e-04  -3.6656319e-04  -3.4197060e-04  -2.0567526e-03
   7.6641002e-05  -5.2760529e-04  -4.6939951e-04  -2.0717654e-03
   5.4244800e-06  -7.7478618e-04  -7.3175314e-04  -2.0717654e-03
   1.0662691e-04  -8.3096365e-04  -6.4555123e-04  -2.0079610e-03
   1.1412338e-04  -7.9351200e-04  -6.0807214e-04  -1.9216375e-03
  -9.9526184e-05  -9.6578959e-04  -6.1556796e-04  -2.1393229e-03
   2.7913908e-05  -7.9725717e-04  -4.8439115e-04  -2.0079610e-03
  -3.1317575e-04  -4.6019232e-04  -4.8064324e-04  -2.1468293e-03
  -3.5440637e-04  -8.0100233e-04  -6.3430751e-04  -2.0117142e-03
   8.0389240e-05  -8.8714113e-04  -3.9069342e-04  -1.9328971e-03
  -1.8948390e-04  -9.0212179e-04  -4.6939951e-04  -2.2819444e-03
  -2.0072861e-04  -7.0737321e-04  -4.8439115e-04  -1.9629227e-03
  -2.6070042e-04  -8.0474750e-04  -3.4571851e-04  -2.0717654e-03
  -1.5949799e-04  -1.1418123e-03  -3.9444133e-04  -1.9854418e-03
   1.5535400e-04  -6.4745057e-04  -1.7706261e-04  -1.9854418e-03
  -1.0702266e-04  -8.4594431e-04  -2.8575197e-04  -2.2894508e-03
  -2.5695218e-04  -9.9575091e-04   1.4150966e-04  -2.1318165e-03
  -2.1197332e-04  -7.2984420e-04  -1.0960025e-04  -1.9291439e-03
  -2.4561424e-05  -8.4968948e-04  -4.6939951e-04  -1.8615863e-03
   2.0417432e-05  -6.0625375e-04   3.1391347e-04  -2.1468293e-03
   3.5410384e-05  -6.3996024e-04   5.5307750e-05  -2.0079610e-03
  -1.7064948e-05  -7.1486354e-04  -1.2459188e-04  -2.0942846e-03
  -5.4547328e-05  -8.5343464e-04  -6.4625338e-05  -1.9141311e-03
   6.5396288e-05  -9.1710245e-04  -1.9205424e-04  -1.8765991e-03
  -2.8318985e-04  -6.7366672e-04   9.2786840e-05  -2.2218933e-03
  -2.9443456e-04  -8.1972816e-04   2.8370240e-06  -1.8503268e-03
  -1.5949799e-04  -7.9351200e-04  -9.8356519e-05  -2.0867782e-03
  -2.1946980e-04  -7.6355068e-04   6.2803568e-05  -1.9929482e-03
  -1.3326033e-04  -1.0369477e-03   1.0028266e-04  -1.9629227e-03
  -2.6819689e-04  -1.0481832e-03  -6.4625338e-05  -2.1768549e-03
  -1.4825328e-04  -7.6729585e-04  -2.3328124e-04  -2.1355697e-03
  -1.9323213e-04  -8.8714113e-04  -1.9955006e-04  -2.5334086e-03
  -3.2816870e-04  -9.5455410e-04  -1.3208770e-04  -2.1092973e-03
  -1.3326033e-04  -8.4219915e-04  -2.5576870e-04  -1.9066247e-03
  -4.2187465e-04  -1.0144767e-03  -3.6445806e-04  -2.1843613e-03
  -4.4811232e-04  -9.3582827e-04  -4.3941624e-04  -1.9629227e-03
  -1.9323213e-04  -9.8077025e-04  -5.0687860e-04  -1.9666759e-03
  -2.9443456e-04  -9.9949608e-04  -5.5934933e-04  -2.0680122e-03
  -3.7314756e-04  -9.0212179e-04  -5.5934933e-04  -2.1205569e-03
  -2.5695218e-04  -8.2721849e-04  -4.8813906e-04  -1.9178843e-03
   1.3286457e-04  -5.7254727e-04  -6.7928241e-04  -1.7940288e-03
   9.1633954e-05  -8.4594431e-04  -5.4810560e-04  -1.8127948e-03
  -2.6819689e-04  -1.0594187e-03  -3.1198733e-04  -1.6776797e-03
  -2.0822509e-04  -8.6467014e-04  -4.4316415e-04  -1.8203012e-03
  -1.5574975e-04  -9.5080893e-04  -3.3072688e-04  -1.7152117e-03
  -1.6324623e-04  -8.4219915e-04  -5.4435769e-04  -1.7902756e-03
  -1.7074271e-04  -7.7478618e-04  -7.5798850e-04  -1.9741823e-03
  -2.3446275e-04  -9.2084761e-04  -3.4571851e-04  -1.8278076e-03
  -2.0072861e-04  -9.2459278e-04  -2.5951661e-04  -1.8953651e-03
  -1.1077090e-04  -9.5455410e-04  -7.5869065e-05  -1.8127948e-03
   2.7913908e-05  -9.0212179e-04  -5.3381611e-05  -1.9178843e-03
  -1.6699447e-04  -8.8714113e-04  -4.6939951e-04  -2.1430761e-03
  -1.7823918e-04  -7.9725717e-04  -2.5576870e-04  -1.9816886e-03
   6.5396288e-05  -8.2721849e-04  -1.5082725e-04  -1.7452372e-03
  -1.8573566e-04  -8.9837662e-04  -1.9205424e-04  -1.8991183e-03
  -2.0719960e-06  -9.3957344e-04  -9.4608610e-05  -2.0605058e-03
   2.2657052e-04  -1.1867543e-03  -1.3583561e-04  -1.9816886e-03
  -1.7449094e-04  -7.8602167e-04   2.8370240e-06  -2.1055441e-03
  -2.9818280e-04  -6.8490222e-04   1.8273666e-04  -2.1355697e-03
  -5.4547328e-05  -1.1343220e-03   1.2277011e-04  -2.0417398e-03
  -5.8295566e-05  -7.9351200e-04  -9.8356519e-05  -1.9704291e-03
  -3.5065813e-04  -6.9613771e-04  -1.7706261e-04  -2.0830250e-03
  -2.0447685e-04  -8.9837662e-04  -3.0894157e-05  -2.0529994e-03
  -9.9526184e-05  -6.8115705e-04   1.1902220e-04  -2.1205569e-03
  -2.0447685e-04  -6.3996024e-04  -4.6587940e-06  -2.3645147e-03
   3.1662146e-05  -7.4857002e-04  -9.4608610e-05  -2.1655953e-03
  -8.4533232e-05  -9.3582827e-04  -1.5457515e-04  -2.1618421e-03
  -1.9698037e-04  -8.7216047e-04  -2.0704588e-04  -2.3007104e-03
  -1.6699447e-04  -7.4107969e-04  -1.6956679e-04  -2.4095531e-03
  -5.0058765e-04  -8.7965080e-04  -3.1573524e-04  -2.3757743e-03
  -3.0567927e-04  -7.6729585e-04  -3.4946642e-04  -2.2706848e-03
   5.4244800e-06  -7.2609903e-04  -4.1692878e-04  -2.2894508e-03
  -5.4547328e-05  -7.6355068e-04  -5.1062651e-04  -2.3832807e-03
  -1.5574975e-04  -7.9725717e-04  -3.9818924e-04  -2.4470851e-03
  -2.2321804e-04  -5.9127309e-04  -4.6939951e-04  -2.2932040e-03
   1.2911633e-04  -4.8640847e-04  -3.7195388e-04  -2.4733575e-03
  -9.9526184e-05  -8.0474750e-04  -1.0585234e-04  -2.4808638e-03
  -3.5440637e-04  -8.6841530e-04  -2.9699570e-04  -2.3344892e-03
  -9.5777946e-05  -8.3845398e-04  -2.2203752e-04  -2.2106337e-03
  -1.6324623e-04  -7.8602167e-04   2.8370240e-06  -2.0492462e-03
   1.2536810e-04  -7.8227651e-04  -2.5576870e-04  -2.1017910e-03
  -1.3316710e-05  -6.1748925e-04  -1.7706261e-04  -1.9253907e-03
  -3.2067223e-04  -5.8378276e-04  -7.9616974e-05  -2.0417398e-03
  -1.6699447e-04  -8.0100233e-04  -2.1828961e-04  -2.1318165e-03
  -1.3316710e-05  -8.6841530e-04  -3.0894157e-05  -1.9816886e-03
  -3.2057900e-05  -7.8976684e-04   2.1576569e-05  -1.9967014e-03
  -1.8573566e-04  -4.5644715e-04   1.0028266e-04  -2.0717654e-03
   1.6659871e-04  -8.6092497e-04   1.2651802e-04  -2.2331528e-03
   2.0417432e-05  -1.0743994e-03  -1.3208770e-04  -2.0529994e-03
  -8.8281470e-05  -6.6617639e-04   1.7828660e-05  -2.0004546e-03
   8.0389240e-05  -9.1710245e-04  -1.2154612e-05  -2.0567526e-03
   2.4165670e-05  -6.9613771e-04   1.7828660e-05  -2.0605058e-03
  -4.7050852e-05  -6.3246991e-04   2.0522411e-04  -1.9066247e-03
  -3.6939932e-04  -9.4331860e-04  -1.4333143e-04  -1.6964457e-03
  -8.0784994e-05  -7.5231519e-04   7.0299386e-05  -2.0192206e-03
  -5.4547328e-05  -7.7853134e-04  -3.0894157e-05  -2.0117142e-03
  -2.9068632e-04  -6.5119573e-04  -2.9699570e-04  -2.0192206e-03
  -2.4570747e-04  -7.8602167e-04  -5.3381611e-05  -2.0642590e-03
  -3.7314756e-04  -7.8976684e-04  -3.3072688e-04  -1.8878587e-03
  -1.4825328e-04  -6.2872474e-04  -1.5082725e-04  -1.9404035e-03
  -2.0813186e-05  -8.9837662e-04  -3.7944969e-04  -2.1092973e-03
  -2.3821099e-04  -8.3470882e-04  -4.2817251e-04  -2.2331528e-03
  -3.5065813e-04  -7.5606035e-04   1.6774502e-04  -2.0267270e-03
