  -7.3288518e-05  -4.8266331e-04   1.0028266e-04  -1.7489904e-03
  -7.7036756e-05  -7.2235387e-04   3.1016556e-04  -1.8991183e-03
   6.9144526e-05  -7.2609903e-04   2.8018229e-04  -1.6288881e-03
  -6.2043804e-05  -5.2011496e-04   2.3145947e-04  -1.8540799e-03
  -4.1812641e-04  -6.9239255e-04   6.5849330e-06  -1.8953651e-03
  -5.8295566e-05  -6.2872474e-04  -1.6581888e-04  -1.7827692e-03
   2.6030466e-04  -3.7405352e-04  -6.0877429e-05  -1.8465736e-03
   2.7913908e-05  -6.3996024e-04  -1.2459188e-04  -1.7377308e-03
  -4.7050852e-05  -8.7590563e-04  -2.2203752e-04  -1.8991183e-03
  -1.3326033e-04  -7.4107969e-04   1.0403057e-04  -1.6889393e-03
  -3.8064403e-04  -6.2872474e-04   2.6519065e-04  -1.7227181e-03
  -3.8064403e-04  -8.9088629e-04   5.5307750e-05  -1.9779355e-03
  -1.9698037e-04  -9.4331860e-04  -6.0877429e-05  -1.8165480e-03
  -6.2043804e-05  -5.0513430e-04  -2.7825615e-04  -1.9779355e-03
  -1.4075680e-04  -5.7254727e-04  -2.5951661e-04  -2.0079610e-03
  -3.5806138e-05  -7.1486354e-04   9.2786840e-05  -1.8690927e-03
  -1.7449094e-04  -4.8266331e-04  -8.4067030e-06  -1.7489904e-03
  -3.8439227e-04  -5.7254727e-04  -6.0877429e-05  -1.8127948e-03
  -1.8573566e-04  -8.5717981e-04  -7.2121156e-05  -2.0379866e-03
  -2.1572156e-04  -9.3208311e-04  -2.8200406e-04  -1.8278076e-03
  -1.4075680e-04  -7.5980552e-04  -1.6956679e-04  -1.9516631e-03
  -1.8948390e-04  -5.3509562e-04  -3.1198733e-04  -2.0642590e-03
  -2.1197332e-04  -7.8227651e-04  -3.9069342e-04  -1.6851861e-03
  -2.0072861e-04  -9.0586695e-04  -1.2459188e-04  -1.8841055e-03
  -2.8318985e-04  -6.6243123e-04  -2.0704588e-04  -1.9141311e-03
  -1.2951209e-04  -7.2235387e-04  -4.9563487e-04  -1.7264713e-03
  -3.1317575e-04  -6.9988288e-04  -2.2953333e-04  -2.2406592e-03
  -2.4945570e-04  -6.3621507e-04   7.0299386e-05  -1.8540799e-03
   3.5410384e-05  -4.9389880e-04  -2.2578543e-04  -1.7790160e-03
  -2.0072861e-04  -6.3246991e-04  -6.4625338e-05  -2.3194764e-03
  -2.4945570e-04  -9.8451542e-04   1.8648456e-04  -1.7264713e-03
  -1.7449094e-04  -8.0849266e-04  -4.6587940e-06  -1.8165480e-03
  -2.5320394e-04  -7.2984420e-04  -1.3583561e-04  -2.0417398e-03
  -2.4195923e-04  -8.9837662e-04  -2.3702915e-04  -1.9441567e-03
  -3.0567927e-04  -9.8826058e-04  -3.3447479e-04  -2.1168037e-03
  -3.9554376e-05  -7.8602167e-04  -2.0704588e-04  -1.9891950e-03
  -5.0799090e-05  -6.8490222e-04  -1.5082725e-04  -1.8015352e-03
  -8.4533232e-05  -7.6729585e-04  -2.5951661e-04  -1.6664201e-03
   1.8533990e-04  -8.2347332e-04  -1.6956679e-04  -1.8315608e-03
  -1.6324623e-04  -9.2084761e-04  -2.1454170e-04  -1.9066247e-03
  -3.9554376e-05  -7.3733453e-04   7.4047295e-05  -1.7039521e-03
  -4.7050852e-05  -8.1598299e-04   2.5769484e-04  -1.7264713e-03
  -2.5320394e-04  -8.5343464e-04  -8.4067030e-06  -1.8390672e-03
  -4.7050852e-05  -7.1860870e-04  -3.0894157e-05  -1.7339776e-03
  -1.4075680e-04  -7.0362804e-04  -2.8949988e-04  -1.8653395e-03
  -2.0719960e-06  -5.3135045e-04  -1.6956679e-04  -2.0942846e-03
  -7.3288518e-05  -6.9988288e-04  -3.4642066e-05  -1.9404035e-03
  -2.3821099e-04  -7.6355068e-04   1.0332842e-05  -1.8428204e-03
   5.4244800e-06  -5.8378276e-04   2.5019902e-04  -1.6926925e-03
  -1.0327442e-04  -5.6880210e-04  -5.3381611e-05  -1.6213817e-03
  -2.2696628e-04  -7.6355068e-04  -1.0210443e-04  -1.8503268e-03
   4.2906860e-05  -8.4968948e-04  -1.4707934e-04  -1.8615863e-03
   5.4244800e-06  -5.8003760e-04  -1.6956679e-04  -1.8728459e-03
  -1.0327442e-04  -6.3996024e-04  -3.4642066e-05  -1.9178843e-03
  -5.8202340e-06  -6.9988288e-04  -2.1828961e-04  -1.8615863e-03
  -4.3302614e-05  -8.8339596e-04   4.0316114e-05  -1.9141311e-03
  -2.9818280e-04  -9.8077025e-04   8.9038931e-05  -2.0717654e-03
  -3.8439227e-04  -5.9501826e-04   2.5324478e-05  -2.0867782e-03
  -8.8281470e-05  -7.3358936e-04  -9.1088500e-07  -1.9816886e-03
  -7.3288518e-05  -7.4107969e-04  -3.3822270e-04  -1.9328971e-03
  -5.8295566e-05  -6.8490222e-04  -5.7129520e-05  -1.7940288e-03
   1.6669194e-05  -8.4219915e-04   5.5307750e-05  -1.8052884e-03
  -2.0719960e-06  -6.4370540e-04  -7.5869065e-05  -1.9816886e-03
  -3.9554376e-05  -6.0625375e-04  -3.0894157e-05  -2.1693485e-03
  -1.7823918e-04  -8.1598299e-04  -1.3583561e-04  -1.9554163e-03
  -8.8281470e-05  -9.6953476e-04  -7.2121156e-05  -1.7339776e-03
  -1.4075680e-04  -7.1111837e-04  -6.4625338e-05  -1.9854418e-03
  -1.1826737e-04  -5.0887946e-04  -9.4608610e-05  -2.0792718e-03
  -9.2029708e-05  -5.8003760e-04  -6.8373247e-05  -2.1205569e-03
  -3.2057900e-05  -6.7741189e-04  -6.4625338e-05  -1.9516631e-03
  -2.6070042e-04  -6.9613771e-04  -6.8373247e-05  -1.9103779e-03
  -3.6190284e-04  -4.9015364e-04  -2.2203752e-04  -2.0192206e-03
   2.6405290e-04  -6.0999892e-04  -2.4077706e-04  -1.8841055e-03
  -2.1197332e-04  -7.0362804e-04  -6.8373247e-05  -1.8916119e-03
  -3.3566518e-04  -6.3996024e-04  -1.2154612e-05  -1.9141311e-03
   9.5382192e-05  -7.1860870e-04   7.7795204e-05  -1.8653395e-03
  -2.0719960e-06  -4.2274067e-04   4.7811932e-05  -1.7152117e-03
   1.0287867e-04  -6.0999892e-04   1.0332842e-05  -1.8953651e-03
  -9.9526184e-05  -7.2609903e-04   7.7795204e-05  -2.0379866e-03
   7.6641002e-05  -1.8305011e-04  -1.0585234e-04  -1.9178843e-03
  -3.5806138e-05  -6.7741189e-04  -4.5885793e-05  -1.9779355e-03
  -2.0447685e-04  -8.0849266e-04   8.1543113e-05  -1.8465736e-03
   8.7885716e-05  -5.6505694e-04  -2.7146248e-05  -1.7715096e-03
  -1.0327442e-04  -7.2235387e-04   2.1646784e-04  -1.8690927e-03
  -1.6324623e-04  -5.5007628e-04   9.2786840e-05  -1.9441567e-03
   2.7913908e-05  -7.5980552e-04  -1.7331470e-04  -1.7527436e-03
  -2.0719960e-06  -6.7741189e-04   1.8648456e-04  -1.6288881e-03
  -2.4570747e-04  -6.0999892e-04   5.5307750e-05  -1.7264713e-03
  -8.4533232e-05  -5.3509562e-04  -1.5082725e-04  -1.7564968e-03
  -2.0822509e-04  -5.1262463e-04   1.1152638e-04  -1.8015352e-03
  -3.7689580e-04  -8.3470882e-04   9.2786840e-05  -1.5800966e-03
  -8.0784994e-05  -5.1262463e-04   1.2277011e-04  -1.8315608e-03
   5.4151574e-05  -4.7142781e-04   4.7811932e-05  -1.8841055e-03
   3.9158622e-05  -6.6992156e-04  -2.5951661e-04  -1.5876030e-03
  -2.3071451e-04  -5.6880210e-04  -3.3072688e-04  -2.0004546e-03
  -6.9540280e-05  -5.0887946e-04  -1.5082725e-04  -1.8653395e-03
  -8.4533232e-05  -6.9613771e-04  -6.0877429e-05  -1.8690927e-03
  -2.9068632e-04  -6.1374408e-04  -1.5832306e-04  -1.9704291e-03
  -2.7194513e-04  -4.7517298e-04   1.6774502e-04  -1.7039521e-03
  -3.0193104e-04  -7.6355068e-04   1.7898875e-04  -1.9103779e-03
  -2.4195923e-04  -6.4370540e-04  -1.9955006e-04  -1.8052884e-03
  -2.6819689e-04  -9.1710245e-04  -2.8200406e-04  -1.9178843e-03
  -1.3316710e-05  -9.6204443e-04  -1.5457515e-04  -1.9929482e-03
  -4.7050852e-05  -7.1860870e-04   4.7811932e-05  -1.8090416e-03
  -3.2442046e-04  -9.2459278e-04  -3.0449151e-04  -1.7602500e-03
  -2.9068632e-04  -5.8378276e-04  -1.6581888e-04  -1.8653395e-03
  -2.2696628e-04  -7.7104101e-04   1.0028266e-04  -1.9779355e-03
  -1.4450504e-04  -8.1598299e-04  -1.6956679e-04  -1.8390672e-03
  -1.1826737e-04  -5.5382144e-04  -2.1079379e-04  -2.0905314e-03
  -1.0327442e-04  -8.4594431e-04  -3.5321433e-04  -2.0304802e-03
  -2.7194513e-04  -7.7104101e-04  -2.1079379e-04  -1.9141311e-03
  -3.3191694e-04  -9.3957344e-04  -3.1948315e-04  -1.8653395e-03
  -2.1946980e-04  -9.0586695e-04  -2.7825615e-04  -1.8015352e-03
  -2.3071451e-04  -6.9239255e-04   2.5324478e-05  -1.9816886e-03
  -3.2057900e-05  -8.6841530e-04  -2.9324779e-04  -1.7977820e-03
  -1.8573566e-04  -8.6841530e-04  -1.5082725e-04  -1.9854418e-03
  -1.9698037e-04  -9.6204443e-04  -2.1828961e-04  -2.1017910e-03
   2.0417432e-05  -7.1111837e-04  -1.9205424e-04  -1.8465736e-03
  -1.8948390e-04  -5.8003760e-04   1.3401384e-04  -1.9328971e-03
  -2.3071451e-04  -8.0100233e-04  -1.2833979e-04  -1.7527436e-03
  -2.0719960e-06  -6.3246991e-04  -1.5082725e-04  -1.5463178e-03
   3.9158622e-05  -7.3733453e-04  -1.5457515e-04  -1.7602500e-03
  -4.5186056e-04  -8.5343464e-04   8.5291022e-05  -1.7377308e-03
  -1.5200152e-04  -8.1223783e-04   1.9772829e-04  -1.8540799e-03
   5.4244800e-06  -6.7741189e-04  -1.5082725e-04  -1.8728459e-03
  -2.3071451e-04  -6.2872474e-04  -2.7076033e-04  -1.6701733e-03
   2.7154938e-04  -7.3733453e-04  -3.9444133e-04  -1.7189649e-03
  -5.8202340e-06  -5.5382144e-04  -2.8575197e-04  -1.8240544e-03
  -1.8573566e-04  -7.4857002e-04   2.9072387e-05  -1.7677564e-03
  -1.1826737e-04  -8.1972816e-04   1.4080751e-05  -1.4975262e-03
  -3.3191694e-04  -7.7478618e-04  -8.4067030e-06  -1.7752628e-03
  -3.3566518e-04  -8.7590563e-04   2.1646784e-04  -1.8090416e-03
  -3.7314756e-04  -9.5455410e-04  -1.0585234e-04  -1.7677564e-03
   2.7913908e-05  -1.0069864e-03  -9.4608610e-05  -1.8015352e-03
   7.2892764e-05  -4.8266331e-04  -9.0860701e-05  -1.8015352e-03
  -1.2576385e-04  -4.7517298e-04  -3.3072688e-04  -2.0267270e-03
  -1.2951209e-04  -7.9351200e-04   1.8273666e-04  -1.6288881e-03
  -4.4436408e-04  -6.8115705e-04  -1.0960025e-04  -1.9629227e-03
  -3.2816870e-04  -7.5980552e-04  -7.9616974e-05  -2.0417398e-03
  -1.5949799e-04  -6.5494090e-04   3.2820296e-05  -1.6626669e-03
  -1.3700856e-04  -7.1486354e-04  -4.1318088e-04  -1.9591695e-03
  -1.1826737e-04  -8.6841530e-04  -3.4642066e-05  -1.8578331e-03
  -3.0193104e-04  -6.3621507e-04  -9.1088500e-07  -1.9028715e-03
  -1.3326033e-04  -5.9876342e-04  -7.9616974e-05  -2.0117142e-03
   7.6641002e-05  -6.9613771e-04  -2.3398339e-05  -2.1355697e-03
   9.5382192e-05  -7.3733453e-04  -1.5902521e-05  -2.0529994e-03
  -5.8202340e-06  -7.0362804e-04   2.8370240e-06  -1.8278076e-03
  -8.0784994e-05  -7.2609903e-04   3.6568205e-05  -2.1130505e-03
   6.5396288e-05  -7.0737321e-04   4.7811932e-05  -1.8991183e-03
  -8.8281470e-05  -7.3733453e-04   8.5291022e-05  -1.9704291e-03
  -1.7074271e-04  -7.6729585e-04   1.5275338e-04  -2.1956209e-03
  -1.3316710e-05  -5.7254727e-04  -1.3958352e-04  -1.9103779e-03
  -1.7823918e-04  -8.7216047e-04  -1.0960025e-04  -2.0980378e-03
  -2.3821099e-04  -9.2459278e-04   7.7795204e-05  -2.0680122e-03
   3.5410384e-05  -5.2011496e-04   2.8370240e-06  -2.0492462e-03
  -9.5684720e-06  -6.4745057e-04  -2.4452497e-04  -2.1618421e-03
  -2.3446275e-04  -5.5756661e-04   1.5275338e-04  -1.9328971e-03
   7.6641002e-05  -5.3884078e-04   4.7507356e-04  -1.9103779e-03
   6.9144526e-05  -5.8752793e-04  -1.6207097e-04  -1.9028715e-03
  -3.9554376e-05  -4.3397616e-04  -3.8389975e-05  -1.7602500e-03
   2.1157757e-04  -6.5868606e-04   1.2277011e-04  -1.7715096e-03
   3.1662146e-05  -5.1636979e-04  -1.3208770e-04  -1.8540799e-03
  -5.4547328e-05  -5.3135045e-04   8.5291022e-05  -1.9253907e-03
  -7.7036756e-05  -4.7517298e-04   2.1576569e-05  -1.9629227e-03
   1.2161986e-04  -2.8042440e-04  -2.2578543e-04  -1.8127948e-03
   5.7899812e-05  -7.1860870e-04  -8.3364883e-05  -1.7339776e-03
  -2.1572156e-04  -5.1262463e-04   1.8273666e-04  -1.6889393e-03
   8.4137478e-05  -6.2123441e-04   1.9023247e-04  -1.7114585e-03
  -6.9540280e-05  -8.1598299e-04  -7.2121156e-05  -1.8540799e-03
   5.4151574e-05  -5.8378276e-04  -2.6326452e-04  -1.8653395e-03
   2.5280819e-04  -8.4219915e-04  -2.6701242e-04  -1.7527436e-03
  -7.3288518e-05  -6.3246991e-04  -6.8373247e-05  -1.6176285e-03
  -1.7064948e-05  -6.0250859e-04   1.2277011e-04  -1.7039521e-03
  -5.8295566e-05  -6.5119573e-04  -7.2121156e-05  -1.7414840e-03
  -3.2057900e-05  -7.4857002e-04   1.3776175e-04  -1.7039521e-03
  -1.5200152e-04  -9.0212179e-04   2.7268647e-04  -1.8803523e-03
  -2.3446275e-04  -7.5980552e-04  -1.3208770e-04  -1.8728459e-03
   1.6659871e-04  -9.0961212e-04  -1.3958352e-04  -1.7189649e-03
  -2.8309662e-05  -6.9988288e-04  -2.7450824e-04  -1.8090416e-03
  -1.9323213e-04  -6.5868606e-04  -1.0210443e-04  -1.8803523e-03
  -2.1572156e-04  -7.3358936e-04  -5.7129520e-05  -1.8878587e-03
  -1.4450504e-04  -5.3884078e-04  -2.2953333e-04  -1.9666759e-03
   7.2892764e-05  -8.1223783e-04  -9.0860701e-05  -2.0379866e-03
  -2.1946980e-04  -1.0856349e-03  -3.2323106e-04  -1.8428204e-03
  -1.4075680e-04  -9.9575091e-04  -9.4608610e-05  -1.8578331e-03
  -2.4570747e-04  -8.1223783e-04   4.4064023e-05  -1.9216375e-03
  -3.9188875e-04  -6.8490222e-04  -1.0960025e-04  -1.7790160e-03
   1.4036105e-04  -8.0474750e-04  -2.2203752e-04  -1.9929482e-03
  -3.3191694e-04  -8.2347332e-04  -2.5576870e-04  -1.8878587e-03
  -2.6444866e-04  -6.6243123e-04  -1.3208770e-04  -2.7173153e-03
   1.3023148e-03  -4.8640847e-04  -3.3822270e-04  -3.2540224e-03
   7.2508618e-04  -3.9277935e-04  -1.2833979e-04  -2.0304802e-03
  -1.1790187e-03  -1.0294574e-03   4.0386329e-04  -2.0717654e-03
  -1.2727247e-03  -1.1118510e-03   4.9381310e-04  -2.2894508e-03
  -7.6296431e-04  -7.9725717e-04   1.9023247e-04  -1.9103779e-03
   4.7395423e-04  -6.0625375e-04  -7.2800523e-04  -1.9479099e-03
   1.8420611e-03  -9.6911310e-05  -1.3014353e-03  -1.7602500e-03
   1.2535877e-03  -2.0177593e-04  -3.7944969e-04  -1.8015352e-03
   1.0099523e-03  -1.7930494e-04   1.4525757e-04  -1.8503268e-03
   1.1298959e-03  -3.2162121e-04   3.1391347e-04  -2.0567526e-03
   9.4998046e-04  -7.8602167e-04   6.6996483e-04  -1.9967014e-03
  -4.6310527e-04  -1.2429318e-03   7.6741046e-04  -1.8765991e-03
  -2.0860923e-03  -1.2541673e-03   1.1759325e-03  -2.4696043e-03
   3.6525533e-04  -3.8528902e-04   3.2890511e-04  -2.3570083e-03
   4.0835074e-03   4.3490212e-04  -1.6012680e-03  -1.7564968e-03
   5.2004823e-03   5.2478608e-04  -2.1409669e-03  -1.6776797e-03
   2.1231789e-03  -2.9915022e-04  -9.0790486e-04  -2.1693485e-03
  -2.2472666e-03  -1.2391866e-03   5.6877128e-04  -2.6722769e-03
  -3.3380038e-03  -2.1642424e-03   1.2277011e-04  -2.7098089e-03
  -1.0103480e-03  -1.8346679e-03  -2.3733373e-03  -2.4658511e-03
   2.1831508e-03  -1.0257122e-03  -4.2060648e-03  -2.1505825e-03
   2.6816664e-03  -8.1598299e-04  -5.2067565e-03  -2.0529994e-03
   4.1023418e-04  -5.8378276e-04  -5.2329918e-03  -2.0042078e-03
  -2.6258386e-03  -1.4376804e-03  -5.2667230e-03  -1.7602500e-03
  -3.5666463e-03  -2.1792230e-03  -5.2592272e-03  -1.7152117e-03
  -2.6333351e-03  -1.8496485e-03  -4.8994279e-03  -1.9216375e-03
  -1.0628233e-03  -8.6092497e-04  -7.4517540e-03  -1.6251349e-03
   6.7261084e-04  -2.2799209e-04  -9.1083298e-03  -1.1747513e-03
   9.9870755e-04   1.5443640e-05  -7.8752677e-03  -1.2310492e-03
  -1.5425978e-03  -5.7254727e-04  -5.5927911e-03  -1.6514073e-03
  -5.3545559e-03  -1.1680285e-03  -3.7975427e-03  -1.7114585e-03
  -5.5869466e-03  -1.0931252e-03  -3.6138952e-03  -1.5463178e-03
  -3.1693331e-03  -1.0032412e-03  -2.5007662e-03  -1.7152117e-03
  -1.6324623e-04   2.5887936e-04  -8.4419041e-04  -1.6589137e-03
  -2.7194513e-04   6.4837652e-04   5.0880474e-04  -1.4975262e-03
  -8.7541145e-04   4.3115695e-04   2.7463064e-03  -1.4074495e-03
   2.0182283e-03  -2.9694529e-03   6.0632059e-03  -1.5425646e-03
  -3.9554376e-05  -2.2503812e-03   8.3306908e-03  -1.6439009e-03
  -2.9744247e-03   2.3561718e-03   1.0942983e-02  -1.9741823e-03
  -2.1123300e-03  -1.5650160e-03   1.1621355e-02  -2.3232296e-03
   3.1652823e-04  -1.9919648e-03   7.0264185e-03  -1.5200454e-03
   3.7761519e-03   1.5026958e-04   5.4373051e-03  -9.4955947e-04
   5.0019190e-04  -1.2391866e-03   7.9596478e-03  -1.2010237e-03
  -2.3822031e-03  -6.5119573e-04   1.2989342e-02  -2.4921234e-03
   5.7890489e-04  -3.2821850e-06   1.4690892e-02  -3.3966439e-03
   2.5655643e-04  -1.1189197e-04   9.0352977e-03  -1.8803523e-03
   1.5160576e-04  -8.2347332e-04   7.7385212e-03  -1.2498152e-03
   9.5372869e-04   3.7914630e-05   9.9385438e-03  -2.1205569e-03
   3.0528352e-04   7.9111445e-05   9.7886274e-03  -2.2143869e-03
   8.9750512e-04  -8.3845398e-04   6.5279466e-03  -1.5838498e-03
   1.9432635e-03  -2.6544374e-04   3.2860053e-03  -9.2704029e-04
   1.5534468e-03  -3.8903418e-04   3.8481917e-03  -1.4074495e-03
  -2.0822509e-04  -3.8903418e-04   3.4771487e-03  -1.7339776e-03
  -8.9790088e-04  -3.0664055e-04  -3.0823942e-04  -1.1484789e-03
  -1.0890610e-03  -8.4594431e-04  -2.5757244e-03  -1.1559853e-03
  -2.2696628e-04  -5.0887946e-04  -1.4550996e-03  -1.6964457e-03
  -4.5935703e-04  -3.7405352e-04  -3.2391043e-03  -1.9441567e-03
  -1.2652282e-03  -4.6393748e-04  -6.0125569e-03  -1.8390672e-03
  -3.9563699e-04  -1.8679527e-04  -6.4997851e-03  -1.8015352e-03
  -1.7375062e-03  -1.3515416e-03  -6.4060874e-03  -1.8653395e-03
  -3.1768296e-03  -1.7073323e-03  -6.7209117e-03  -1.9066247e-03
  -3.0793754e-03  -9.0961212e-04  -7.9164947e-03  -1.5425646e-03
  -1.3364447e-03  -1.3702674e-03  -7.1819045e-03  -1.7715096e-03
   5.9764608e-04  -1.3253254e-03  -6.0912630e-03  -2.2706848e-03
  -3.7689580e-04  -9.7702509e-04  -6.4210790e-03  -1.7189649e-03
  -1.6250590e-03  -1.2204608e-03  -5.7202200e-03  -1.5350582e-03
  -1.1677740e-03  -7.8976684e-04  -4.3822165e-03  -1.7752628e-03
  -3.7314756e-04  -7.4482486e-04  -3.3215583e-03  -2.1243101e-03
  -6.1303479e-04  -1.0406929e-03  -3.0329693e-03  -2.0605058e-03
  -1.0215927e-03  -6.0999892e-04  -2.6844137e-03  -1.6363945e-03
  -7.7795726e-04  -5.7629243e-04  -9.6037559e-04  -2.0042078e-03
  -1.8573566e-04  -6.7741189e-04  -4.9188696e-04  -2.2932040e-03
   1.4410929e-04  -4.0026968e-04  -4.2817251e-04  -1.9554163e-03
   6.1648050e-05  -2.9540506e-04   2.4645111e-04  -1.6176285e-03
  -3.5806138e-05  -4.0776001e-04   1.3520843e-03  -1.9779355e-03
  -1.8573566e-04  -6.2123441e-04   3.1210973e-03  -2.0229738e-03
   2.5655643e-04  -6.2123441e-04   3.3984426e-03  -1.7902756e-03
   9.9495931e-04  -4.8640847e-04   2.9899205e-03  -1.6626669e-03
   1.3960208e-03  -6.0999892e-04   3.5970818e-03  -1.5162922e-03
   1.4784820e-03  -4.9015364e-04   4.8826145e-03  -1.9629227e-03
   7.8130975e-04  -4.7891814e-04   5.1374724e-03  -2.0680122e-03
  -2.4561424e-05  -9.6204443e-04   5.3098762e-03  -2.2106337e-03
   3.9898947e-04  -1.0182219e-03   6.0594580e-03  -2.1731017e-03
   1.0999100e-03  -9.7702509e-04   5.9170374e-03  -2.0980378e-03
   1.3960208e-03  -7.5980552e-04   4.7776731e-03  -2.0980378e-03
   1.6284115e-03  -3.5907286e-04   3.5708464e-03  -1.8090416e-03
   1.3960208e-03  -4.1525034e-04   3.1960555e-03  -2.1130505e-03
   8.6002274e-04  -5.0138913e-04   2.4277341e-03  -1.8540799e-03
  -5.0799090e-05  -6.4745057e-04   8.9858727e-04  -1.6776797e-03
  -3.9188875e-04  -9.0212179e-04  -2.4452497e-04  -1.9253907e-03
   1.6669194e-05  -9.2833794e-04  -1.2002418e-03  -1.8428204e-03
  -8.4533232e-05  -5.4258595e-04  -2.3471019e-03  -1.9141311e-03
  -2.3821099e-04  -3.8528902e-04  -3.7563157e-03  -1.5688370e-03
  -3.5815461e-04  -5.9501826e-04  -4.6333264e-03  -1.4337219e-03
  -8.0044669e-04  -7.4482486e-04  -4.2847709e-03  -1.8315608e-03
  -1.4264024e-03  -8.9088629e-04  -4.7232762e-03  -1.7339776e-03
  -1.9886381e-03  -9.4331860e-04  -5.3229417e-03  -1.8052884e-03
  -1.3064588e-03  -1.1680285e-03  -4.7944865e-03  -1.9629227e-03
  -3.2067223e-04  -1.2017350e-03  -4.3859644e-03  -1.8428204e-03
  -4.8559470e-04  -1.0369477e-03  -3.9137279e-03  -1.9328971e-03
  -5.0808413e-04  -9.8077025e-04  -3.9736944e-03  -1.8653395e-03
  -1.7074271e-04  -5.6131177e-04  -3.6813575e-03  -1.9066247e-03
   2.1532581e-04  -6.8490222e-04  -2.6057076e-03  -2.0605058e-03
  -5.8202340e-06  -1.1006155e-03  -2.1222274e-03  -2.0905314e-03
  -5.1932884e-04  -7.0737321e-04  -1.8036551e-03  -1.7452372e-03
  -5.8295566e-05  -8.3845398e-04  -1.8223947e-03  -1.9141311e-03
   3.6150709e-04  -8.3845398e-04  -1.6499908e-03  -2.2031273e-03
   2.7529762e-04  -4.4521166e-04  -1.4063768e-03  -1.7152117e-03
  -3.5806138e-05  -5.2011496e-04  -1.3201749e-03  -2.1243101e-03
   6.9144526e-05  -3.0664055e-04  -9.3788814e-04  -2.0567526e-03
   2.9778704e-04  -3.9652451e-04  -5.5560142e-04  -1.6401477e-03
   7.2892764e-05  -6.2123441e-04  -4.2137884e-05  -1.9929482e-03
   3.4651414e-04  -6.2497958e-04   3.1391347e-04  -1.8052884e-03
   4.6645775e-04  -9.0212179e-04   7.9364582e-04  -1.8841055e-03
   4.5521304e-04  -7.4482486e-04   1.0447557e-03  -2.0605058e-03
   8.6002274e-04  -4.1899550e-04   1.3071094e-03  -1.9891950e-03
   8.1129565e-04  -4.4521166e-04   1.6294295e-03  -2.2556720e-03
   5.6766018e-04  -3.9652451e-04   1.4607736e-03  -2.2369060e-03
   5.0019190e-04  -6.8490222e-04   1.7718501e-03  -2.0942846e-03
   5.5266723e-04  -8.3470882e-04   1.9367581e-03  -2.1543357e-03
   5.4891899e-04  -7.5231519e-04   1.4682694e-03  -2.1280633e-03
   4.8145071e-04  -6.6243123e-04   1.2246554e-03  -2.1806081e-03
   3.9524123e-04  -5.8378276e-04   1.1159660e-03  -2.3044636e-03
   3.9898947e-04  -7.5231519e-04   8.9109146e-04  -2.3495020e-03
   5.6016370e-04  -4.5644715e-04   5.0505683e-04  -2.1918677e-03
   4.2522714e-04  -6.0250859e-04   5.5307750e-05  -2.0680122e-03
   1.3661281e-04  -6.0250859e-04  -1.5457515e-04  -2.1130505e-03
   3.9158622e-05  -4.8640847e-04  -4.4316415e-04  -2.1580889e-03
   1.5160576e-04  -8.2347332e-04  -8.0296341e-04  -2.1280633e-03
  -2.0813186e-05  -6.0999892e-04  -1.1815022e-03  -2.0042078e-03
  -1.0327442e-04  -6.5494090e-04  -1.3801414e-03  -2.0492462e-03
   4.6655098e-05  -5.3509562e-04  -1.4663433e-03  -1.9554163e-03
  -1.1451914e-04  -4.5644715e-04  -1.7811677e-03  -1.8503268e-03
  -1.2951209e-04  -6.3246991e-04  -1.5413015e-03  -1.8578331e-03
  -3.2057900e-05  -5.2760529e-04  -1.2751999e-03  -1.8991183e-03
   7.6641002e-05  -4.9015364e-04  -1.3501581e-03  -1.9666759e-03
  -1.2201561e-04  -5.6131177e-04  -1.4925787e-03  -1.8240544e-03
  -2.3071451e-04  -7.4107969e-04  -1.7811677e-03  -1.7790160e-03
  -2.0813186e-05  -6.4370540e-04  -1.5637889e-03  -1.8953651e-03
  -2.0072861e-04  -5.3509562e-04  -1.3126790e-03  -1.9404035e-03
  -2.0822509e-04  -5.0887946e-04  -1.2789479e-03  -1.8465736e-03
  -1.0327442e-04  -6.5868606e-04  -9.8661095e-04  -1.9704291e-03
  -3.9554376e-05  -7.6355068e-04  -5.6684514e-04  -2.0379866e-03
   3.5410384e-05  -5.1636979e-04  -5.2561815e-04  -1.9741823e-03
   6.9144526e-05  -6.4370540e-04  -4.7689533e-04  -1.8953651e-03
   2.0782933e-04  -7.5231519e-04   2.1576569e-05  -1.8916119e-03
   7.2892764e-05  -8.3845398e-04  -2.3398339e-05  -2.0042078e-03
   1.6762420e-06  -1.0968704e-03  -9.1088500e-07  -1.8991183e-03
   1.6659871e-04  -7.0737321e-04   2.8018229e-04  -1.9404035e-03
   2.0033286e-04  -6.6243123e-04   1.7898875e-04  -1.8916119e-03
   1.7409519e-04  -8.9088629e-04   3.0266974e-04  -1.8991183e-03
   2.1532581e-04  -4.4521166e-04   3.8137583e-04  -1.9028715e-03
   2.7904585e-04  -7.0362804e-04   3.7013211e-04  -1.7940288e-03
  -5.0799090e-05  -8.7965080e-04   4.1510701e-04  -1.9591695e-03
  -2.5320394e-04  -7.4857002e-04   3.8512374e-04  -1.8991183e-03
  -5.8295566e-05  -9.6578959e-04   1.0028266e-04  -1.8090416e-03
  -8.4533232e-05  -6.6992156e-04  -7.5869065e-05  -1.9816886e-03
  -1.1826737e-04  -7.7478618e-04  -6.8373247e-05  -2.2143869e-03
  -1.8573566e-04  -7.4482486e-04  -2.8949988e-04  -2.0942846e-03
  -2.1572156e-04  -5.0138913e-04  -2.4077706e-04  -1.9666759e-03
  -3.0942751e-04  -8.4968948e-04  -2.8575197e-04  -2.1017910e-03
  -4.2937113e-04  -6.8864738e-04  -2.1454170e-04  -1.8578331e-03
  -2.3071451e-04  -4.9389880e-04  -3.8389975e-05  -1.9066247e-03
  -3.3191694e-04  -9.7702509e-04  -5.8558469e-04  -1.9253907e-03
  -2.5695218e-04  -8.7216047e-04  -7.3175314e-04  -1.6701733e-03
  -1.0327442e-04  -6.0999892e-04  -4.3192042e-04  -2.0379866e-03
  -3.3566518e-04  -1.0519284e-03  -5.5934933e-04  -2.0905314e-03
  -2.3071451e-04  -8.4219915e-04  -2.4827288e-04  -1.8916119e-03
  -2.6444866e-04  -5.0138913e-04   1.2277011e-04  -1.9216375e-03
  -3.8064403e-04  -6.9988288e-04   9.2786840e-05  -1.8803523e-03
  -1.4075680e-04  -8.4968948e-04   1.0332842e-05  -1.9178843e-03
  -2.0813186e-05  -8.7965080e-04   4.4064023e-05  -1.7977820e-03
  -7.3288518e-05  -7.6355068e-04   3.6638420e-04  -1.9479099e-03
  -1.3316710e-05  -5.7254727e-04   2.9892183e-04  -1.8278076e-03
   3.9158622e-05  -6.6992156e-04   3.4014883e-04  -1.5500710e-03
  -1.4075680e-04  -1.0069864e-03   4.9381310e-04  -1.7640032e-03
  -1.0702266e-04  -7.8602167e-04   4.9756101e-04  -1.8315608e-03
  -1.8573566e-04  -7.3358936e-04   5.8751083e-04  -1.9929482e-03
  -2.6070042e-04  -8.6841530e-04   3.9261956e-04  -1.9253907e-03
   1.3286457e-04  -6.9613771e-04   1.6399711e-04  -1.7865224e-03
   1.3661281e-04  -6.0250859e-04  -4.6587940e-06  -1.8315608e-03
  -2.8318985e-04  -5.7254727e-04   1.5650129e-04  -1.9028715e-03
  -2.9068632e-04  -7.2609903e-04   3.9261956e-04  -1.7715096e-03
  -3.3941342e-04  -8.2721849e-04   4.4883819e-04  -1.6739265e-03
  -4.8184646e-04  -9.8826058e-04   4.1135910e-04  -1.9704291e-03
  -1.8198742e-04  -9.7702509e-04  -8.3364883e-05  -1.8353140e-03
  -1.9698037e-04  -8.8339596e-04  -3.0074361e-04  -1.7527436e-03
  -2.0072861e-04  -7.3733453e-04  -3.0074361e-04  -1.8615863e-03
  -3.9188875e-04  -4.2274067e-04  -5.5934933e-04  -1.8428204e-03
  -6.6551012e-04  -6.6992156e-04  -3.7195388e-04  -1.9816886e-03
  -4.5186056e-04  -8.2347332e-04  -1.0960025e-04  -1.9216375e-03
  -5.5681122e-04  -7.6729585e-04  -2.2953333e-04  -1.8390672e-03
  -4.3311937e-04  -7.5231519e-04  -3.0449151e-04  -1.9178843e-03
  -3.1692399e-04  -5.4258595e-04  -2.2578543e-04  -1.7602500e-03
  -3.3566518e-04  -7.9351200e-04  -2.4077706e-04  -1.8090416e-03
  -2.6444866e-04  -7.4857002e-04  -1.3583561e-04  -1.8052884e-03
  -2.4195923e-04  -4.7142781e-04  -7.2121156e-05  -1.7039521e-03
  -6.5792042e-05  -7.9351200e-04   1.4150966e-04  -1.9554163e-03
  -3.6565108e-04  -7.8976684e-04   6.1374619e-04  -1.9028715e-03
  -3.8814051e-04  -5.6880210e-04   3.5139256e-04  -1.9441567e-03
  -2.0072861e-04  -7.4107969e-04   4.3759447e-04  -1.9291439e-03
  -3.5815461e-04  -8.6841530e-04   7.0744392e-04  -1.9216375e-03
  -2.4195923e-04  -7.2609903e-04   6.4747737e-04  -2.0905314e-03
  -2.3446275e-04  -5.9876342e-04   1.0110245e-03  -1.8690927e-03
  -1.5200152e-04  -4.6768265e-04   9.2107473e-04  -2.0229738e-03
  -1.8948390e-04  -5.7629243e-04   9.4731009e-04  -2.1243101e-03
  -3.7689580e-04  -7.2984420e-04   1.0597474e-03  -1.8127948e-03
  -1.5949799e-04  -6.0999892e-04   1.1234618e-03  -1.9591695e-03
  -1.2576385e-04  -6.3246991e-04   1.2471428e-03  -1.9441567e-03
  -4.0688170e-04  -7.7104101e-04   8.7235191e-04  -1.8503268e-03
  -3.9563699e-04  -6.8490222e-04   9.0608309e-04  -2.1806081e-03
   1.2920956e-05  -5.3884078e-04   7.7490628e-04  -2.0642590e-03
  -2.0719960e-06  -6.4745057e-04   6.8495646e-04  -1.7227181e-03
  -9.2029708e-05  -6.8490222e-04   9.1357891e-04  -1.6964457e-03
  -1.3326033e-04  -7.5606035e-04   9.4731009e-04  -1.6739265e-03
  -3.4690989e-04  -6.2872474e-04   9.0233518e-04  -1.6213817e-03
  -2.6819689e-04  -4.5644715e-04   4.6008192e-04  -1.7189649e-03
  -2.8693808e-04  -6.5494090e-04   4.3759447e-04  -1.7414840e-03
  -2.7569337e-04  -6.3621507e-04   3.8137583e-04  -1.7527436e-03
  -4.1812641e-04  -7.1111837e-04   2.9072387e-05  -1.6363945e-03
  -3.6565108e-04  -8.3845398e-04  -2.7146248e-05  -1.6589137e-03
