  -3.3566518e-04  -8.1223783e-04  -1.5832306e-04  -2.1017910e-03
   1.2920956e-05  -9.0961212e-04  -3.9069342e-04  -2.1731017e-03
  -4.2937113e-04  -6.3996024e-04  -1.6581888e-04  -1.9816886e-03
   5.4244800e-06  -8.6092497e-04  -1.7706261e-04  -2.0717654e-03
  -6.5792042e-05  -9.0961212e-04  -2.4827288e-04  -2.1430761e-03
  -3.7314756e-04  -6.8864738e-04  -2.7146248e-05  -2.1017910e-03
  -1.2576385e-04  -8.4594431e-04  -7.2121156e-05  -1.8390672e-03
  -2.4195923e-04  -7.8976684e-04  -3.6071015e-04  -1.9216375e-03
  -3.0567927e-04  -7.8602167e-04  -2.9699570e-04  -1.9967014e-03
  -2.8318985e-04  -8.4219915e-04  -2.2578543e-04  -1.9028715e-03
  -6.5792042e-05  -9.4331860e-04  -1.2833979e-04  -2.3907871e-03
  -7.7036756e-05  -8.8714113e-04  -1.9955006e-04  -2.2181401e-03
  -3.5806138e-05  -7.4857002e-04  -2.5576870e-04  -1.8916119e-03
   1.6762420e-06  -8.7965080e-04   5.1559841e-05  -2.0642590e-03
  -2.6819689e-04  -7.3358936e-04   1.0332842e-05  -1.9404035e-03
  -2.0072861e-04  -7.3733453e-04  -9.8356519e-05  -1.9291439e-03
  -3.3941342e-04  -9.9949608e-04  -2.1079379e-04  -1.9554163e-03
  -4.0313346e-04  -9.0961212e-04  -3.7570179e-04  -2.0154674e-03
  -2.1197332e-04  -8.8339596e-04  -2.7825615e-04  -2.3307360e-03
  -1.8198742e-04  -7.5980552e-04  -1.4707934e-04  -2.1055441e-03
  -1.2951209e-04  -6.5868606e-04  -1.3208770e-04  -2.1205569e-03
  -3.0567927e-04  -9.7327992e-04  -2.9699570e-04  -2.3044636e-03
  -2.8318985e-04  -7.6355068e-04  -1.4707934e-04  -1.8353140e-03
  -1.0327442e-04  -7.6729585e-04   6.6551477e-05  -2.1243101e-03
  -3.0193104e-04  -9.2833794e-04  -1.6207097e-04  -2.1806081e-03
  -3.3566518e-04  -6.3246991e-04  -3.5321433e-04  -2.0454930e-03
  -1.1077090e-04  -7.6355068e-04  -2.9699570e-04  -2.4170595e-03
  -9.5777946e-05  -8.9463146e-04  -1.6207097e-04  -2.1843613e-03
   1.6669194e-05  -8.2721849e-04  -1.7331470e-04  -2.1731017e-03
  -2.8309662e-05  -7.3733453e-04  -3.2323106e-04  -2.2894508e-03
  -2.7194513e-04  -8.9088629e-04  -3.5321433e-04  -2.1318165e-03
  -1.3326033e-04  -9.0212179e-04  -1.4333143e-04  -2.0905314e-03
  -1.5200152e-04  -8.2347332e-04  -2.2578543e-04  -2.1168037e-03
  -1.7449094e-04  -1.0182219e-03  -1.5457515e-04  -2.1092973e-03
  -1.4825328e-04  -7.6355068e-04  -6.0877429e-05  -2.1843613e-03
  -2.0822509e-04  -6.4745057e-04  -2.8949988e-04  -2.2781912e-03
  -2.0447685e-04  -8.7590563e-04  -6.0877429e-05  -2.2031273e-03
  -2.3071451e-04  -8.7216047e-04  -2.1454170e-04  -2.2631784e-03
   6.1648050e-05  -8.5343464e-04  -1.4333143e-04  -2.0417398e-03
  -1.6699447e-04  -8.6841530e-04   2.9072387e-05  -1.9854418e-03
  -2.2321804e-04  -6.2497958e-04  -1.2833979e-04  -2.1768549e-03
   3.4276590e-04  -5.3135045e-04   1.0028266e-04  -1.9141311e-03
  -3.9554376e-05  -7.1486354e-04  -1.2459188e-04  -1.7302244e-03
  -1.2951209e-04  -8.1223783e-04   2.1576569e-05  -1.8578331e-03
   1.2161986e-04  -7.4857002e-04   1.7524084e-04  -2.0792718e-03
  -8.8281470e-05  -5.0138913e-04  -3.1198733e-04  -1.9404035e-03
   5.0403336e-05  -5.9127309e-04  -1.9580215e-04  -2.1017910e-03
  -2.0072861e-04  -6.5868606e-04   5.5307750e-05  -2.0567526e-03
  -2.9443456e-04  -7.3733453e-04   2.9072387e-05  -1.9178843e-03
  -9.9526184e-05  -7.7853134e-04  -1.3958352e-04  -2.0830250e-03
  -2.5320394e-04  -7.4482486e-04  -1.9580215e-04  -1.8315608e-03
  -1.4450504e-04  -8.5343464e-04  -1.2459188e-04  -2.3495020e-03
  -2.8309662e-05  -5.3135045e-04  -1.7331470e-04  -2.1318165e-03
  -1.9698037e-04  -7.0362804e-04  -1.7706261e-04  -1.9366503e-03
  -1.9323213e-04  -8.6092497e-04  -2.4077706e-04  -2.2369060e-03
  -8.4533232e-05  -6.7366672e-04  -4.9633702e-05  -1.9479099e-03
  -2.0072861e-04  -8.9463146e-04  -2.2578543e-04  -2.2444124e-03
  -2.0813186e-05  -8.0474750e-04  -3.4571851e-04  -1.9591695e-03
  -6.9540280e-05  -7.7478618e-04   5.1559841e-05  -2.1017910e-03
  -3.3941342e-04  -9.0961212e-04  -1.4333143e-04  -2.2519188e-03
  -1.7823918e-04  -6.8490222e-04  -3.4642066e-05  -1.7790160e-03
  -1.8198742e-04  -6.5494090e-04  -2.4827288e-04  -2.0229738e-03
  -1.7449094e-04  -9.7327992e-04  -4.6190369e-04  -2.0454930e-03
  -1.7823918e-04  -8.1972816e-04  -1.2154612e-05  -2.0905314e-03
  -2.4570747e-04  -8.0849266e-04  -4.0943297e-04  -2.3007104e-03
  -5.0799090e-05  -9.2459278e-04  -3.3072688e-04  -2.2031273e-03
  -6.5792042e-05  -7.6355068e-04  -2.7076033e-04  -2.0755186e-03
  -1.8573566e-04  -9.7702509e-04  -4.6939951e-04  -2.1130505e-03
  -1.9698037e-04  -9.5455410e-04  -2.3328124e-04  -2.0980378e-03
  -3.7314756e-04  -9.0212179e-04  -6.0807214e-04  -2.3082168e-03
  -2.8693808e-04  -7.9351200e-04  -3.0823942e-04  -2.2143869e-03
  -1.8573566e-04  -7.6729585e-04  -1.5832306e-04  -1.9967014e-03
  -2.7194513e-04  -9.5455410e-04  -3.9818924e-04  -2.3007104e-03
  -1.9698037e-04  -8.1223783e-04  -6.4625338e-05  -2.1393229e-03
  -2.7569337e-04  -8.3096365e-04  -4.1692878e-04  -2.1168037e-03
  -1.4825328e-04  -8.7590563e-04  -3.3822270e-04  -2.3419956e-03
  -1.2951209e-04  -9.5080893e-04  -2.7076033e-04  -2.2819444e-03
  -3.5065813e-04  -1.0032412e-03  -5.3686187e-04  -2.0642590e-03
  -2.8318985e-04  -9.6953476e-04  -1.3958352e-04  -1.9929482e-03
  -3.9188875e-04  -9.3208311e-04  -2.3702915e-04  -2.0980378e-03
  -2.4195923e-04  -9.0212179e-04  -1.9955006e-04  -2.1468293e-03
  -2.3071451e-04  -9.4331860e-04  -1.8830634e-04  -2.1130505e-03
  -2.1946980e-04  -9.1710245e-04  -3.0823942e-04  -2.0117142e-03
   3.9158622e-05  -8.9463146e-04   5.5307750e-05  -2.0267270e-03
  -4.2187465e-04  -8.3845398e-04  -1.9580215e-04  -1.8203012e-03
  -1.6324623e-04  -9.3208311e-04  -2.6326452e-04  -1.8127948e-03
   1.4036105e-04  -9.8451542e-04  -1.7706261e-04  -1.7790160e-03
  -1.8198742e-04  -7.1860870e-04  -3.2323106e-04  -1.7039521e-03
  -5.8295566e-05  -7.4482486e-04  -1.3208770e-04  -1.8878587e-03
  -1.8573566e-04  -9.2459278e-04  -1.8455843e-04  -2.0792718e-03
  -1.9323213e-04  -8.3845398e-04  -1.9955006e-04  -2.1355697e-03
  -3.6565108e-04  -7.7478618e-04  -2.4077706e-04  -1.8991183e-03
  -3.6565108e-04  -6.9988288e-04  -1.4333143e-04  -2.0717654e-03
   4.6655098e-05  -8.1223783e-04  -1.2154612e-05  -2.1543357e-03
  -2.0447685e-04  -8.9088629e-04  -2.6701242e-04  -2.0567526e-03
  -2.3821099e-04  -8.7965080e-04  -3.2697897e-04  -2.1280633e-03
  -2.4561424e-05  -9.3208311e-04  -2.5576870e-04  -1.9328971e-03
  -2.5695218e-04  -8.9088629e-04  -2.2203752e-04  -1.9704291e-03
  -2.3821099e-04  -9.2459278e-04  -3.1573524e-04  -2.1655953e-03
   5.4151574e-05  -7.3358936e-04  -3.2697897e-04  -2.1693485e-03
   5.0403336e-05  -7.2609903e-04  -2.7450824e-04  -2.0304802e-03
  -1.3700856e-04  -7.6729585e-04  -3.1198733e-04  -1.9178843e-03
  -3.8064403e-04  -6.4370540e-04  -2.2203752e-04  -2.1731017e-03
  -1.3700856e-04  -7.4857002e-04  -3.0894157e-05  -2.0717654e-03
  -8.0784994e-05  -7.8227651e-04  -7.9616974e-05  -2.0942846e-03
  -2.9818280e-04  -8.7216047e-04  -2.0704588e-04  -2.4133063e-03
  -6.2043804e-05  -8.7965080e-04  -7.2121156e-05  -1.9854418e-03
  -2.2321804e-04  -9.0212179e-04  -2.8200406e-04  -2.1205569e-03
  -2.2321804e-04  -7.7104101e-04  -2.9324779e-04  -2.2068805e-03
  -2.3446275e-04  -6.5119573e-04  -5.7129520e-05  -1.9028715e-03
  -4.8559470e-04  -8.3096365e-04  -1.3958352e-04  -2.2068805e-03
  -1.3700856e-04  -6.5868606e-04  -1.3958352e-04  -2.0905314e-03
  -8.4533232e-05  -8.3845398e-04  -2.4452497e-04  -2.1918677e-03
  -2.8318985e-04  -9.0586695e-04  -2.5576870e-04  -2.2969572e-03
  -4.3302614e-05  -6.3996024e-04  -1.2459188e-04  -2.1580889e-03
  -1.7064948e-05  -7.9725717e-04  -2.0329797e-04  -2.2406592e-03
  -3.0567927e-04  -6.9613771e-04  -3.0074361e-04  -2.0830250e-03
  -3.3191694e-04  -7.3733453e-04  -2.3702915e-04  -2.2106337e-03
  -4.7050852e-05  -8.9463146e-04  -3.8319760e-04  -2.2706848e-03
  -1.2951209e-04  -9.2833794e-04  -2.7825615e-04  -2.1355697e-03
  -1.5200152e-04  -9.6953476e-04  -7.5869065e-05  -2.2293996e-03
   1.4785752e-04  -6.9239255e-04  -2.0704588e-04  -2.2519188e-03
  -1.5949799e-04  -6.0999892e-04  -9.0860701e-05  -1.9704291e-03
  -1.3700856e-04  -7.2235387e-04  -1.2084397e-04  -1.9441567e-03
   1.1412338e-04  -7.0737321e-04   1.4080751e-05  -2.0755186e-03
  -2.0719960e-06  -6.3996024e-04  -1.9650430e-05  -1.7527436e-03
  -5.4547328e-05  -6.9613771e-04  -6.4625338e-05  -1.9666759e-03
  -2.0822509e-04  -7.5980552e-04   1.5275338e-04  -2.1205569e-03
  -1.2576385e-04  -6.8864738e-04  -9.8356519e-05  -1.8503268e-03
  -2.0447685e-04  -6.8115705e-04  -1.5457515e-04  -1.9816886e-03
  -2.8318985e-04  -7.7853134e-04  -2.1079379e-04  -2.0192206e-03
  -1.6324623e-04  -8.4968948e-04  -1.9955006e-04  -1.9328971e-03
  -1.1451914e-04  -7.9725717e-04  -1.2084397e-04  -1.9741823e-03
   1.0662691e-04  -6.5119573e-04  -1.9580215e-04  -1.9816886e-03
   2.7913908e-05  -4.7517298e-04  -3.3072688e-04  -1.8728459e-03
  -1.7449094e-04  -6.0250859e-04  -1.6207097e-04  -1.9967014e-03
  -1.5949799e-04  -8.9088629e-04  -7.2121156e-05  -1.8503268e-03
  -1.4825328e-04  -8.5717981e-04  -3.1573524e-04  -1.8690927e-03
  -1.8198742e-04  -7.5231519e-04   1.0777848e-04  -2.1543357e-03
  -1.4825328e-04  -8.9837662e-04  -1.3208770e-04  -1.9629227e-03
  -2.0822509e-04  -8.3096365e-04  -3.4197060e-04  -2.1055441e-03
  -1.7449094e-04  -7.8227651e-04  -6.0877429e-05  -2.0980378e-03
  -4.7050852e-05  -8.7965080e-04  -2.8949988e-04  -2.1806081e-03
  -2.7944161e-04  -8.1223783e-04  -4.3192042e-04  -2.2143869e-03
  -1.8198742e-04  -8.5717981e-04  -2.2953333e-04  -1.9666759e-03
  -1.2576385e-04  -8.5343464e-04   1.2651802e-04  -2.2406592e-03
  -2.8318985e-04  -9.3208311e-04  -1.8081052e-04  -2.0004546e-03
  -2.3821099e-04  -1.0069864e-03  -2.6701242e-04  -2.0304802e-03
  -2.0822509e-04  -9.0586695e-04  -2.4452497e-04  -2.2856976e-03
  -7.7036756e-05  -8.7216047e-04  -2.7076033e-04  -2.0229738e-03
  -1.4450504e-04  -8.8714113e-04  -1.7706261e-04  -2.1580889e-03
  -1.5574975e-04  -8.8339596e-04  -4.0943297e-04  -2.1580889e-03
  -1.1826737e-04  -1.0519284e-03  -4.0568506e-04  -2.0492462e-03
  -1.4075680e-04  -9.0961212e-04  -3.9069342e-04  -2.0379866e-03
  -2.3071451e-04  -7.9725717e-04  -4.6190369e-04  -2.1918677e-03
  -3.1692399e-04  -1.0706542e-03  -3.4946642e-04  -2.3344892e-03
  -3.5440637e-04  -8.5343464e-04  -2.8200406e-04  -2.2856976e-03
  -3.5065813e-04  -8.2721849e-04  -4.8064324e-04  -2.3607615e-03
  -1.5949799e-04  -1.0144767e-03  -2.4452497e-04  -2.1731017e-03
  -1.9323213e-04  -1.0594187e-03  -2.5576870e-04  -2.2856976e-03
  -2.9068632e-04  -8.4594431e-04  -6.2681169e-04  -2.3269828e-03
  -4.1062994e-04  -5.0138913e-04  -2.8200406e-04  -2.1430761e-03
  -1.7449094e-04  -9.3582827e-04  -2.1828961e-04  -2.2369060e-03
  -9.2029708e-05  -1.0669090e-03  -3.6445806e-04  -2.0529994e-03
  -4.5935703e-04  -7.5606035e-04  -3.5321433e-04  -2.0342334e-03
  -2.6819689e-04  -7.4107969e-04  -2.8949988e-04  -1.9328971e-03
  -2.1197332e-04  -7.9351200e-04  -1.6581888e-04  -1.9479099e-03
  -2.5695218e-04  -7.9725717e-04  -2.1828961e-04  -2.1055441e-03
  -8.0784994e-05  -8.1223783e-04  -4.2137884e-05  -2.0304802e-03
   5.7899812e-05  -8.7965080e-04  -3.0074361e-04  -2.0267270e-03
  -9.5684720e-06  -7.4857002e-04  -4.0568506e-04  -1.7414840e-03
  -3.6565108e-04  -8.1598299e-04   1.0332842e-05  -1.8841055e-03
  -2.2696628e-04  -6.9239255e-04  -5.7129520e-05  -1.9554163e-03
  -2.4561424e-05  -6.3246991e-04  -3.3072688e-04  -1.8052884e-03
  -2.3821099e-04  -9.5829926e-04   8.3487282e-04  -1.9516631e-03
  -4.1062994e-04  -9.4331860e-04   2.6676003e-03  -1.7602500e-03
  -1.4825328e-04  -8.5343464e-04   1.9292623e-03  -1.8240544e-03
   2.7913908e-05  -7.1111837e-04   8.8734355e-04  -2.0379866e-03
  -1.7074271e-04  -7.6729585e-04   9.0233518e-04  -1.9816886e-03
  -1.3326033e-04  -7.8976684e-04   5.8751083e-04  -1.9253907e-03
  -1.3700856e-04  -6.5119573e-04   4.8256938e-04  -1.9328971e-03
  -1.7074271e-04  -8.2347332e-04   7.1493973e-04  -1.8090416e-03
   5.7899812e-05  -7.8976684e-04   8.8734355e-04  -1.8052884e-03
   1.4785752e-04  -6.1374408e-04   9.8478918e-04  -1.9516631e-03
  -2.0813186e-05  -7.8602167e-04   1.1496972e-03  -1.8991183e-03
  -7.3288518e-05  -8.4594431e-04   1.2321512e-03  -1.9929482e-03
  -8.4533232e-05  -9.1710245e-04   2.4464737e-03  -1.9441567e-03
   2.0417432e-05  -1.0069864e-03   4.2042430e-03  -2.0229738e-03
   2.6405290e-04  -8.9463146e-04   5.3173720e-03  -2.0792718e-03
   2.8279409e-04  -8.0100233e-04   5.6359443e-03  -1.5763434e-03
   3.2777295e-04  -6.8115705e-04   5.6621796e-03  -1.6889393e-03
   2.8279409e-04  -8.4219915e-04   6.1344161e-03  -1.7677564e-03
   1.9658462e-04  -6.8490222e-04   6.7415774e-03  -1.5650838e-03
   3.5401061e-04  -6.1374408e-04   7.1838307e-03  -1.8165480e-03
   5.5266723e-04  -7.8602167e-04   7.3674782e-03  -1.5237986e-03
   2.5280819e-04  -5.8003760e-04   6.3555428e-03  -1.3248792e-03
  -4.7050852e-05  -4.6768265e-04   4.7027149e-03  -1.5913562e-03
   1.1748747e-03  -4.2648583e-04   3.6795358e-03  -1.9216375e-03
   1.2910701e-03  -7.6729585e-04   9.8104127e-04  -2.0417398e-03
  -3.2816870e-04  -5.0887946e-04  -3.4077602e-03  -1.7377308e-03
   1.6659871e-04  -3.1413088e-04  -6.6234661e-03  -1.8765991e-03
   1.8308164e-03  -6.8115705e-04  -8.8384803e-03  -2.3570083e-03
   2.0332212e-03  -6.1748925e-04  -1.3062374e-02  -2.6122257e-03
   1.6285048e-04  -3.5158253e-04  -1.8957835e-02  -2.2369060e-03
   5.4151574e-05  -9.3166145e-05  -2.2091087e-02  -2.4545915e-03
   2.2356261e-03  -5.8752793e-04  -2.2998081e-02  -3.2652820e-03
   2.0782933e-04  -5.7629243e-04  -2.5696575e-02  -2.6722769e-03
  -1.2427388e-03  -6.7366672e-04  -2.6378694e-02  -2.5409150e-03
   2.1569131e-03  -1.1081059e-03  -2.1997389e-02  -3.4191631e-03
   1.8645505e-03  -8.6092497e-04  -1.9081516e-02  -3.2164905e-03
  -4.7809822e-04  -9.3582827e-04  -1.7312503e-02  -2.6535109e-03
   1.3060631e-03  -1.0369477e-03  -1.1536975e-02  -2.6797833e-03
   1.7708446e-03  -1.1979898e-03  -6.2636668e-03  -3.0438434e-03
  -6.3552422e-04  -1.2916189e-03  -3.5989035e-03  -2.7811196e-03
  -1.0178445e-03  -1.4601514e-03   5.3129219e-04  -2.2631784e-03
   1.9283638e-04  -1.5013482e-03   5.6696754e-03  -2.4095531e-03
  -2.9443456e-04  -1.2129705e-03   8.4993467e-03  -2.0680122e-03
  -2.3222313e-03  -1.1343220e-03   9.5375175e-03  -1.2986068e-03
  -2.3896996e-03  -8.8339596e-04   1.2756971e-02  -1.0884278e-03
  -2.0336170e-03  -7.0737321e-04   1.5328037e-02  -1.3549047e-03
  -3.1168578e-03  -7.0737321e-04   1.5245583e-02  -8.8200193e-04
  -2.3447207e-03  -4.9389880e-04   1.6669788e-02  -5.5547379e-04
  -9.3913150e-04  -3.8528902e-04   1.8656180e-02  -1.3924367e-03
  -1.8874357e-03  -4.1150517e-04   1.8341356e-02  -1.6026158e-03
  -2.4084408e-03  -2.4671791e-04   1.6718511e-02  -1.6213817e-03
   1.1037514e-04  -3.3285671e-04   1.6130089e-02  -1.9028715e-03
   7.9630270e-04  -3.3285671e-04   1.5159381e-02  -2.1806081e-03
  -2.0111276e-03  -4.7142781e-04   1.1988650e-02  -2.0342334e-03
  -2.7045516e-03  -7.3358936e-04   9.3238867e-03  -1.9816886e-03
  -8.6791497e-04  -6.0250859e-04   7.8097315e-03  -2.5897066e-03
  -5.5306298e-04  -7.1111837e-04   4.0805620e-03  -2.1505825e-03
  -1.8686945e-03  -5.2760529e-04   1.3026593e-04  -1.8390672e-03
  -1.6662897e-03  -8.9088629e-04  -5.5560142e-04  -2.1017910e-03
  -1.2389905e-03  -1.2541673e-03  -3.0823942e-04  -2.3119700e-03
  -2.4759091e-03  -9.9200575e-04  -2.0247817e-03  -2.3570083e-03
  -2.2959937e-03  -1.3290706e-03  -4.0411568e-03  -2.0117142e-03
  -4.9309117e-04  -1.1867543e-03  -3.8425176e-03  -2.2669316e-03
   1.1787162e-04  -9.9575091e-04  -3.8874925e-03  -2.5221490e-03
  -1.5200152e-04  -1.1043607e-03  -5.2592272e-03  -2.6535109e-03
  -2.9068632e-04  -1.4264449e-03  -5.8176657e-03  -2.7736132e-03
  -2.1572156e-04  -1.7560194e-03  -4.8394614e-03  -2.9274943e-03
  -7.9295021e-04  -1.7485291e-03  -4.7982344e-03  -3.0288306e-03
  -1.4751295e-03  -1.5200740e-03  -6.6422056e-03  -2.7360812e-03
  -9.2029708e-05  -9.5080893e-04  -8.0214361e-03  -2.5897066e-03
   1.4897267e-03  -8.7965080e-04  -8.6510849e-03  -2.4208127e-03
   8.6751922e-04  -4.1525034e-04  -9.1158256e-03  -2.0079610e-03
  -3.0193104e-04  -2.5753175e-05  -9.2544982e-03  -1.9366503e-03
  -4.7060175e-04  -4.0401484e-04  -8.0476715e-03  -2.1618421e-03
  -5.5306298e-04  -6.3996024e-04  -6.7921220e-03  -1.9028715e-03
  -9.6911740e-04  -1.0032412e-03  -6.2186919e-03  -1.7677564e-03
  -1.2727247e-03  -1.1567930e-03  -4.9181675e-03  -1.8428204e-03
  -8.5292202e-04  -1.0406929e-03  -3.1903814e-03  -2.0642590e-03
   2.2657052e-04  -8.2721849e-04  -1.7699239e-03  -2.2481656e-03
   9.2749103e-04  -4.6768265e-04  -1.3314186e-03  -2.0492462e-03
   9.4623222e-04  -5.5007628e-04  -1.3583561e-04  -2.1618421e-03
   5.0768837e-04  -8.4594431e-04   1.8992790e-03  -2.2519188e-03
  -3.8814051e-04  -7.2984420e-04   2.7575501e-03  -2.3832807e-03
  -1.0140963e-03  -1.0818897e-03   3.1998034e-03  -2.1017910e-03
  -5.0433589e-04  -1.4039739e-03   3.5408631e-03  -1.7452372e-03
  -4.4061584e-04  -1.1717737e-03   3.5408631e-03  -1.9103779e-03
  -1.0253410e-03  -1.1230865e-03   2.9861726e-03  -1.7189649e-03
  -8.8665616e-04  -7.5231519e-04   2.6900878e-03  -1.7602500e-03
  -4.4061584e-04  -5.7254727e-04   3.2522741e-03  -1.8015352e-03
  -6.6176188e-04  -7.5980552e-04   3.0124080e-03  -1.7602500e-03
  -1.1377881e-03  -7.0737321e-04   2.5813984e-03  -1.8916119e-03
  -4.5935703e-04  -7.3358936e-04   3.0423912e-03  -2.0154674e-03
   2.7529762e-04  -5.9501826e-04   3.1248452e-03  -2.1993741e-03
   9.5382192e-05  -5.2386012e-04   2.3827592e-03  -1.9253907e-03
   6.5396288e-05  -7.5231519e-04   2.1991117e-03  -2.2218933e-03
   1.3286457e-04  -5.3135045e-04   2.3040532e-03  -2.5559278e-03
  -5.0799090e-05  -6.7366672e-04   1.7606063e-03  -2.2744380e-03
   3.4651414e-04  -9.0586695e-04   1.4607736e-03  -2.5746938e-03
   6.6886261e-04  -5.0138913e-04   1.0522515e-03  -2.4395787e-03
   2.7154938e-04  -7.2984420e-04   7.7490628e-04  -2.1243101e-03
   2.2282228e-04  -6.0250859e-04   4.1885492e-04  -2.2406592e-03
  -1.3326033e-04  -3.8528902e-04  -4.6190369e-04  -1.9366503e-03
  -8.4542555e-04  -8.7965080e-04  -6.9052614e-04  -1.9216375e-03
  -7.3297841e-04  -8.6092497e-04  -7.6548432e-04  -2.0117142e-03
  -4.8184646e-04  -1.0856349e-03  -7.0176987e-04  -1.8615863e-03
  -3.9938522e-04  -9.3957344e-04  -7.3924896e-04  -2.1393229e-03
   4.1023418e-04  -5.5756661e-04  -1.2489646e-03  -2.1092973e-03
   9.6872165e-04  -7.5606035e-04  -1.1552669e-03  -2.0717654e-03
   4.8894718e-04  -6.4370540e-04  -1.0315859e-03  -2.2669316e-03
   2.9403881e-04  -8.1223783e-04  -1.1440231e-03  -2.2669316e-03
   4.5521304e-04  -8.1972816e-04  -1.2976874e-03  -2.3232296e-03
   5.7515666e-04  -7.9351200e-04  -1.5675368e-03  -2.1505825e-03
   7.4757560e-04  -6.5868606e-04  -1.6050159e-03  -2.1168037e-03
   6.9135203e-04  -3.0289539e-04  -1.9610673e-03  -1.9666759e-03
   5.7515666e-04  -6.3996024e-04  -2.2908833e-03  -1.9967014e-03
   4.1023418e-04  -4.9015364e-04  -2.2496563e-03  -2.0717654e-03
   2.2657052e-04  -5.4633111e-04  -2.1634544e-03  -1.8578331e-03
  -8.0784994e-05  -7.7853134e-04  -2.3920768e-03  -1.9441567e-03
  -1.4450504e-04  -5.0887946e-04  -2.4520434e-03  -1.6589137e-03
   2.2657052e-04  -7.5606035e-04  -1.9910506e-03  -1.9516631e-03
   4.3647185e-04  -8.2347332e-04  -1.7774198e-03  -2.0717654e-03
   6.5761789e-04  -5.9876342e-04  -1.5562931e-03  -1.8353140e-03
   4.6270952e-04  -6.0999892e-04  -1.2564604e-03  -2.3082168e-03
   3.2777295e-04  -8.5343464e-04  -7.0926569e-04  -1.9816886e-03
   5.3767428e-04  -8.1223783e-04  -3.4197060e-04  -1.8127948e-03
   3.8024828e-04  -6.6243123e-04  -1.7331470e-04  -1.9741823e-03
   5.8265313e-04  -7.7478618e-04   1.7524084e-04  -1.7865224e-03
   6.7635908e-04  -7.4107969e-04   4.0011538e-04  -2.0304802e-03
   4.2897537e-04  -9.3957344e-04   7.2993137e-04  -1.9554163e-03
   7.6641002e-05  -8.6092497e-04   5.0130892e-04  -2.0192206e-03
  -2.0447685e-04  -6.6992156e-04   5.5752756e-04  -2.0379866e-03
   3.1662146e-05  -9.5455410e-04   1.1384535e-03  -1.7602500e-03
   1.7034695e-04  -8.6841530e-04   8.9858727e-04  -2.1055441e-03
   1.1412338e-04  -8.0849266e-04   1.1684367e-03  -1.6814329e-03
   1.3286457e-04  -8.6092497e-04   1.7118835e-03  -1.4449815e-03
  -1.0327442e-04  -7.7104101e-04   1.5769588e-03  -1.9967014e-03
  -2.3446275e-04  -8.3845398e-04   1.7268752e-03  -1.9591695e-03
   3.0528352e-04  -8.6467014e-04   1.8730436e-03  -2.0267270e-03
   4.9269542e-04  -8.6092497e-04   1.8992790e-03  -2.0004546e-03
   1.0287867e-04  -8.2721849e-04   1.4570257e-03  -2.1318165e-03
  -6.5792042e-05  -8.4594431e-04   9.5105800e-04  -2.1505825e-03
   8.0389240e-05  -8.0849266e-04   1.1197139e-03  -1.9066247e-03
   1.7409519e-04  -8.1972816e-04   9.4356218e-04  -2.2369060e-03
  -4.7050852e-05  -8.7965080e-04   5.8751083e-04  -2.1280633e-03
  -1.3326033e-04  -7.5231519e-04   3.1766138e-04  -1.9178843e-03
   8.0389240e-05  -7.4482486e-04   1.9023247e-04  -2.1731017e-03
   1.3286457e-04  -8.3470882e-04   1.8273666e-04  -2.1768549e-03
  -2.0813186e-05  -8.2721849e-04  -8.7112792e-05  -1.8765991e-03
  -8.4533232e-05  -7.9351200e-04  -3.5696224e-04  -1.9028715e-03
  -3.9554376e-05  -7.5606035e-04  -6.3055960e-04  -2.2556720e-03
  -7.3288518e-05  -9.3582827e-04  -8.5168623e-04  -2.1393229e-03
  -5.2682532e-04  -1.2579125e-03  -1.0765608e-03  -2.0192206e-03
  -6.4302069e-04  -9.9200575e-04  -1.1477710e-03  -2.0867782e-03
   9.5382192e-05  -6.8864738e-04  -1.2302250e-03  -1.8728459e-03
   7.6631679e-04  -5.9127309e-04  -1.5525452e-03  -1.9779355e-03
   8.0005094e-04  -6.2123441e-04  -1.5000745e-03  -2.1468293e-03
   2.7529762e-04  -7.5980552e-04  -1.3426623e-03  -1.8503268e-03
  -2.9818280e-04  -5.2011496e-04  -1.1889980e-03  -1.9704291e-03
  -1.7074271e-04  -6.3996024e-04  -1.0203421e-03  -2.1168037e-03
   1.8908814e-04  -9.8826058e-04  -1.2039897e-03  -1.9103779e-03
  -1.3316710e-05  -1.0069864e-03  -1.3314186e-03  -2.0229738e-03
  -4.5186056e-04  -6.2123441e-04  -1.1365273e-03  -2.0304802e-03
  -7.4422312e-04  -7.8976684e-04  -1.0428296e-03  -2.0567526e-03
  -3.7689580e-04  -1.0219671e-03  -1.0990482e-03  -2.3269828e-03
   4.6655098e-05  -5.6131177e-04  -9.7911513e-04  -2.0680122e-03
   1.6762420e-06  -8.6467014e-04  -6.9052614e-04  -1.7339776e-03
  -2.6070042e-04  -8.6841530e-04  -2.8949988e-04  -1.9479099e-03
  -4.6310527e-04  -7.1860870e-04   7.4047295e-05  -2.1243101e-03
   8.7885716e-05  -8.9088629e-04   8.1543113e-05  -2.1017910e-03
   2.5655643e-04  -5.8752793e-04   6.6551477e-05  -2.0830250e-03
  -9.2029708e-05  -8.1223783e-04   1.4150966e-04  -2.1806081e-03
  -3.2442046e-04  -8.9837662e-04   1.4150966e-04  -2.0755186e-03
  -2.9068632e-04  -6.9239255e-04   3.5514047e-04  -2.1205569e-03
   1.6669194e-05  -9.5455410e-04   1.9772829e-04  -2.2106337e-03
  -3.6565108e-04  -9.5455410e-04   5.1559841e-05  -1.8578331e-03
  -4.1812641e-04  -6.6243123e-04   3.3640092e-04  -1.9666759e-03
  -4.5186056e-04  -6.8490222e-04   3.0641765e-04  -2.0417398e-03
  -6.2053127e-04  -7.5980552e-04   2.2771156e-04  -2.0304802e-03
   1.6669194e-05  -5.9127309e-04   1.9398038e-04  -2.1017910e-03
  -1.3326033e-04  -6.8490222e-04   2.5769484e-04  -2.0192206e-03
  -2.8318985e-04  -9.4331860e-04   4.9381310e-04  -2.2293996e-03
   3.1662146e-05  -8.8714113e-04   3.8137583e-04  -2.0867782e-03
  -2.5320394e-04  -7.7853134e-04   1.0403057e-04  -1.9704291e-03
  -2.3821099e-04  -8.0100233e-04   2.0522411e-04  -2.1430761e-03
  -1.3316710e-05  -7.3358936e-04   2.9517393e-04  -2.2669316e-03
  -2.3821099e-04  -7.3358936e-04   7.0299386e-05  -2.3194764e-03
  -2.9068632e-04  -7.8602167e-04   1.7828660e-05  -2.0680122e-03
  -7.7036756e-05  -7.0362804e-04  -6.4625338e-05  -2.1468293e-03
  -8.4533232e-05  -7.8976684e-04  -1.6207097e-04  -2.2106337e-03
  -2.1946980e-04  -8.3470882e-04   1.3401384e-04  -2.1618421e-03
  -4.1062994e-04  -7.5980552e-04  -1.0960025e-04  -2.2369060e-03
  -2.8693808e-04  -6.8490222e-04  -3.7570179e-04  -2.0905314e-03
  -1.6699447e-04  -6.6992156e-04   9.2786840e-05  -1.9816886e-03
  -3.8439227e-04  -7.4857002e-04  -8.4067030e-06  -1.9028715e-03
  -2.0072861e-04  -7.6355068e-04  -1.8081052e-04  -2.0229738e-03
  -1.3326033e-04  -8.0849266e-04  -8.4067030e-06  -2.1168037e-03
  -1.3326033e-04  -6.3621507e-04  -1.3208770e-04  -2.1956209e-03
  -6.9540280e-05  -5.2011496e-04  -1.2833979e-04  -2.1130505e-03
  -2.6444866e-04  -6.1748925e-04   2.8370240e-06  -2.0680122e-03
  -1.3700856e-04  -4.0776001e-04   3.2820296e-05  -2.3495020e-03
  -1.4075680e-04  -5.0513430e-04  -1.3208770e-04  -2.0567526e-03
  -1.6699447e-04  -6.7741189e-04  -2.7146248e-05  -1.8465736e-03
  -3.5065813e-04  -5.3884078e-04  -3.8389975e-05  -1.8728459e-03
  -5.1183236e-04  -7.4482486e-04  -4.1318088e-04  -2.0042078e-03
  -2.5695218e-04  -7.8976684e-04  -1.6956679e-04  -2.1468293e-03
  -2.6070042e-04  -8.4594431e-04  -2.1079379e-04  -1.7865224e-03
  -2.1946980e-04  -7.1111837e-04  -4.4691206e-04  -1.7977820e-03
  -2.8318985e-04  -5.5756661e-04  -6.8373247e-05  -2.1355697e-03
  -1.8948390e-04  -8.4219915e-04  -1.4333143e-04  -2.2519188e-03
  -1.3700856e-04  -7.4107969e-04  -2.0329797e-04  -2.0905314e-03
  -3.9563699e-04  -7.9725717e-04  -1.5902521e-05  -2.1130505e-03
  -2.6444866e-04  -9.1710245e-04  -1.3583561e-04  -2.1843613e-03
  -2.3071451e-04  -9.2459278e-04  -9.0860701e-05  -2.1318165e-03
  -3.6565108e-04  -8.6092497e-04  -1.9205424e-04  -2.2706848e-03
  -2.4945570e-04  -9.6953476e-04  -2.7825615e-04  -2.0755186e-03
  -1.5574975e-04  -1.0856349e-03  -3.6445806e-04  -2.0192206e-03
  -3.9188875e-04  -9.1710245e-04  -4.2067669e-04  -2.0154674e-03
  -3.4316165e-04  -1.0631639e-03  -4.2442460e-04  -2.0454930e-03
  -2.1946980e-04  -8.0849266e-04  -7.0551778e-04  -2.3157232e-03
  -4.2562289e-04  -7.2984420e-04  -4.7689533e-04  -2.2143869e-03
  -5.4556651e-04  -9.3957344e-04  -3.8694551e-04  -2.2218933e-03
  -5.4556651e-04  -7.3733453e-04  -5.5560142e-04  -2.2068805e-03
  -2.9068632e-04  -8.1972816e-04  -4.5815578e-04  -2.0417398e-03
  -1.7449094e-04  -8.6841530e-04  -5.4435769e-04  -2.2556720e-03
  -2.9443456e-04  -7.3733453e-04  -4.2067669e-04  -2.4170595e-03
  -4.5935703e-04  -8.6841530e-04  -3.7570179e-04  -2.2331528e-03
  -4.8559470e-04  -1.0032412e-03  -6.2681169e-04  -2.3119700e-03
  -4.4061584e-04  -8.4219915e-04  -4.6190369e-04  -2.3457488e-03
  -3.9188875e-04  -7.2609903e-04  -2.8949988e-04  -2.2218933e-03
  -4.1437818e-04  -8.9088629e-04  -4.6939951e-04  -2.2856976e-03
  -4.7434998e-04  -9.3582827e-04  -5.7808887e-04  -2.1017910e-03
  -2.9068632e-04  -8.9463146e-04  -5.4810560e-04  -2.1205569e-03
  -3.2442046e-04  -1.0257122e-03  -4.3941624e-04  -2.0942846e-03
  -4.8184646e-04  -9.9949608e-04  -3.7570179e-04  -2.0830250e-03
  -6.1678303e-04  -8.7590563e-04  -4.0943297e-04  -2.3194764e-03
  -4.3686760e-04  -8.8714113e-04  -4.3941624e-04  -2.0154674e-03
  -2.7569337e-04  -7.7853134e-04  -2.8949988e-04  -2.0605058e-03
