  -4.0688170e-04  -9.9949608e-04  -2.7825615e-04  -1.8991183e-03
  -3.2067223e-04  -9.8826058e-04  -2.4452497e-04  -2.0755186e-03
  -1.3700856e-04  -9.8077025e-04  -3.9444133e-04  -2.0154674e-03
  -2.4945570e-04  -1.0182219e-03  -2.5951661e-04  -2.0529994e-03
  -2.8693808e-04  -8.3845398e-04  -2.8949988e-04  -1.8315608e-03
  -1.1826737e-04  -9.1710245e-04  -1.0210443e-04  -1.8165480e-03
  -2.5695218e-04  -7.5606035e-04  -1.8830634e-04  -2.0680122e-03
  -3.3191694e-04  -8.8339596e-04  -1.9205424e-04  -1.7302244e-03
  -2.5695218e-04  -1.0257122e-03   2.8370240e-06  -1.7001989e-03
  -6.0553831e-04  -7.7104101e-04  -1.2459188e-04  -1.8465736e-03
  -3.5815461e-04  -8.4219915e-04  -1.4707934e-04  -1.8578331e-03
  -2.0719960e-06  -9.9200575e-04  -1.0210443e-04  -2.0117142e-03
  -3.3191694e-04  -9.7702509e-04  -1.8830634e-04  -1.9666759e-03
  -2.1197332e-04  -6.6992156e-04   7.7795204e-05  -1.8240544e-03
  -1.9323213e-04  -7.7853134e-04  -5.7129520e-05  -1.8765991e-03
  -2.4570747e-04  -9.3957344e-04  -3.0074361e-04  -1.9704291e-03
  -2.0072861e-04  -8.4594431e-04  -1.5902521e-05  -2.0792718e-03
  -2.9443456e-04  -1.0893800e-03  -2.3328124e-04  -2.0529994e-03
  -1.9323213e-04  -1.0818897e-03  -3.8319760e-04  -1.9629227e-03
  -1.2201561e-04  -8.6467014e-04  -2.4827288e-04  -1.9328971e-03
  -2.4195923e-04  -7.4482486e-04  -1.8081052e-04  -2.1993741e-03
  -1.7074271e-04  -9.0586695e-04   4.4064023e-05  -2.2556720e-03
  -6.9540280e-05  -9.1710245e-04  -5.7129520e-05  -1.9479099e-03
  -7.3288518e-05  -7.5231519e-04  -1.8455843e-04  -2.2068805e-03
  -1.0702266e-04  -8.4219915e-04  -1.6956679e-04  -2.0980378e-03
  -4.0313346e-04  -8.9088629e-04  -3.1198733e-04  -2.0154674e-03
  -1.3326033e-04  -9.4331860e-04  -2.8575197e-04  -2.3269828e-03
  -6.5792042e-05  -9.7702509e-04  -1.2459188e-04  -1.9666759e-03
  -2.6819689e-04  -1.0444381e-03  -1.4707934e-04  -1.8728459e-03
  -7.3288518e-05  -8.9088629e-04  -1.7706261e-04  -2.3832807e-03
  -1.1451914e-04  -9.3582827e-04  -9.4608610e-05  -2.2744380e-03
  -1.3700856e-04  -1.0069864e-03  -1.6581888e-04  -1.8690927e-03
  -2.9068632e-04  -7.7478618e-04  -2.1454170e-04  -2.1280633e-03
  -2.7944161e-04  -8.9837662e-04  -3.8389975e-05  -2.2256465e-03
  -2.5695218e-04  -8.8714113e-04   1.4080751e-05  -2.1843613e-03
  -1.8198742e-04  -8.5717981e-04  -1.5832306e-04  -2.2969572e-03
  -9.9526184e-05  -7.8602167e-04  -2.5576870e-04  -2.2143869e-03
  -2.6070042e-04  -7.6355068e-04  -2.7146248e-05  -2.2031273e-03
  -4.7050852e-05  -1.0107316e-03   6.5849330e-06  -2.4170595e-03
  -1.7823918e-04  -8.7965080e-04  -1.6956679e-04  -2.4545915e-03
  -3.0567927e-04  -1.0406929e-03  -6.0877429e-05  -2.2143869e-03
  -8.0784994e-05  -1.1155962e-03  -1.3958352e-04  -2.3645147e-03
  -5.0799090e-05  -6.5868606e-04  -1.3208770e-04  -2.3720211e-03
   6.9144526e-05  -6.6617639e-04  -1.2154612e-05  -2.0717654e-03
   1.5535400e-04  -7.8227651e-04   1.5275338e-04  -2.0942846e-03
   3.1662146e-05  -8.9088629e-04   2.4645111e-04  -2.0117142e-03
  -9.9526184e-05  -7.1486354e-04  -1.3208770e-04  -1.8052884e-03
  -1.2201561e-04  -3.7779869e-04   1.4080751e-05  -1.8390672e-03
  -1.7074271e-04  -8.7965080e-04   8.1543113e-05  -2.0755186e-03
  -5.0799090e-05  -9.6578959e-04  -1.6581888e-04  -1.9629227e-03
  -1.7064948e-05  -6.2497958e-04  -4.6587940e-06  -1.9929482e-03
  -1.5574975e-04  -9.0961212e-04   5.9055659e-05  -2.1280633e-03
  -2.8309662e-05  -9.1335728e-04   5.5307750e-05  -1.8728459e-03
  -1.0702266e-04  -6.8864738e-04  -1.3958352e-04  -2.0980378e-03
  -3.2067223e-04  -8.3845398e-04  -4.5885793e-05  -2.1130505e-03
  -2.5320394e-04  -1.0406929e-03   5.5307750e-05  -1.9779355e-03
  -2.4561424e-05  -8.8714113e-04  -9.0860701e-05  -2.2031273e-03
  -7.7036756e-05  -4.9015364e-04   8.9038931e-05  -2.1355697e-03
  -2.9068632e-04  -4.7891814e-04  -4.5885793e-05  -2.0454930e-03
  -1.3326033e-04  -7.9351200e-04  -1.1709606e-04  -2.1505825e-03
  -2.7944161e-04  -9.4331860e-04  -1.3958352e-04  -2.2631784e-03
  -5.1183236e-04  -6.8490222e-04  -1.1334816e-04  -2.1280633e-03
  -2.8318985e-04  -6.4745057e-04  -1.9650430e-05  -1.9891950e-03
  -2.1946980e-04  -1.0406929e-03  -3.5696224e-04  -1.9404035e-03
  -1.6324623e-04  -8.8714113e-04  -6.0877429e-05  -2.1168037e-03
  -2.0813186e-05  -9.6578959e-04   6.5849330e-06  -2.0942846e-03
  -1.6324623e-04  -1.1343220e-03  -4.2817251e-04  -1.7940288e-03
  -2.7194513e-04  -7.1486354e-04  -2.7146248e-05  -2.1505825e-03
  -2.6444866e-04  -7.2609903e-04   1.4900547e-04  -2.0529994e-03
  -3.5815461e-04  -7.7853134e-04  -7.2121156e-05  -1.8878587e-03
  -3.0193104e-04  -8.5343464e-04  -2.0329797e-04  -2.3269828e-03
  -1.9323213e-04  -1.1305768e-03  -2.2953333e-04  -2.1055441e-03
  -3.3941342e-04  -9.8451542e-04  -1.6581888e-04  -2.1017910e-03
  -2.9443456e-04  -8.5717981e-04  -3.2697897e-04  -2.2218933e-03
  -3.3941342e-04  -1.0069864e-03  -4.8439115e-04  -2.1580889e-03
  -4.8559470e-04  -1.0631639e-03  -3.8694551e-04  -2.1881145e-03
  -1.9323213e-04  -9.7702509e-04  -2.2953333e-04  -1.9103779e-03
  -2.8693808e-04  -8.6092497e-04  -4.3566833e-04  -2.1243101e-03
  -3.5815461e-04  -8.0100233e-04  -3.2323106e-04  -2.3157232e-03
  -3.4690989e-04  -1.0556735e-03  -4.2137884e-05  -2.0605058e-03
  -5.4556651e-04  -1.0781445e-03  -1.6956679e-04  -2.0830250e-03
  -1.8198742e-04  -8.7590563e-04  -2.4827288e-04  -2.1355697e-03
  -2.4570747e-04  -1.1118510e-03  -2.3328124e-04  -2.0642590e-03
  -4.7060175e-04  -1.0257122e-03  -1.5832306e-04  -2.0417398e-03
  -3.3191694e-04  -9.8077025e-04  -2.0704588e-04  -2.2143869e-03
  -3.5815461e-04  -1.0818897e-03  -2.8575197e-04  -2.1731017e-03
  -9.9526184e-05  -8.4968948e-04  -3.0074361e-04  -1.7752628e-03
  -1.4075680e-04  -9.7327992e-04  -2.7825615e-04  -1.8165480e-03
  -2.9443456e-04  -8.6092497e-04  -4.2137884e-05  -1.9854418e-03
  -3.0567927e-04  -8.1972816e-04   1.4525757e-04  -1.7489904e-03
  -3.5440637e-04  -8.9088629e-04  -4.9633702e-05  -1.7114585e-03
  -1.0327442e-04  -5.2386012e-04  -2.1828961e-04  -1.9704291e-03
  -2.3071451e-04  -8.0474750e-04  -1.0585234e-04  -1.9516631e-03
  -3.0942751e-04  -1.0706542e-03  -1.3583561e-04  -1.9666759e-03
  -8.8281470e-05  -8.8714113e-04  -3.0074361e-04  -2.1618421e-03
  -2.6070042e-04  -8.3096365e-04  -3.7944969e-04  -1.8240544e-03
  -3.1692399e-04  -8.3470882e-04  -2.6701242e-04  -1.9216375e-03
  -7.3288518e-05  -7.0362804e-04  -1.9580215e-04  -2.2256465e-03
  -1.4450504e-04  -7.1486354e-04  -1.6581888e-04  -1.9629227e-03
  -8.0784994e-05  -8.4594431e-04  -9.1088500e-07  -2.1468293e-03
  -1.5200152e-04  -8.0100233e-04  -1.2084397e-04  -2.0192206e-03
  -6.0553831e-04  -1.0032412e-03  -1.6581888e-04  -1.7977820e-03
  -4.2187465e-04  -9.6953476e-04  -2.5951661e-04  -2.0417398e-03
  -6.5792042e-05  -7.9725717e-04  -4.9188696e-04  -1.9216375e-03
  -2.8309662e-05  -8.2347332e-04  -2.5202079e-04  -2.0004546e-03
  -3.2442046e-04  -9.2459278e-04  -1.2459188e-04  -2.2406592e-03
  -1.1077090e-04  -9.0961212e-04  -5.7129520e-05  -2.1092973e-03
   2.3406700e-04  -7.7853134e-04  -1.2459188e-04  -1.8916119e-03
  -1.8573566e-04  -8.7590563e-04  -2.3702915e-04  -2.0304802e-03
  -1.4075680e-04  -8.8339596e-04  -9.1088500e-07  -2.2481656e-03
  -1.7074271e-04  -8.8714113e-04  -1.5457515e-04  -2.0792718e-03
  -2.5320394e-04  -9.9575091e-04  -2.1079379e-04  -2.1580889e-03
  -1.5200152e-04  -7.4482486e-04  -1.8081052e-04  -2.4320723e-03
  -4.5560879e-04  -6.8864738e-04  -1.9205424e-04  -2.2594252e-03
  -3.2067223e-04  -9.5829926e-04   4.4064023e-05  -2.1280633e-03
  -5.4547328e-05  -7.7478618e-04  -2.4077706e-04  -2.2181401e-03
  -1.8198742e-04  -1.1118510e-03  -3.0449151e-04  -2.1430761e-03
  -2.0447685e-04  -1.0519284e-03   1.0332842e-05  -2.2932040e-03
  -3.0942751e-04  -6.7366672e-04  -2.2203752e-04  -2.4470851e-03
  -3.6190284e-04  -1.0968704e-03  -3.3822270e-04  -2.3757743e-03
   4.2906860e-05  -8.0849266e-04   2.5324478e-05  -2.3870339e-03
  -2.9443456e-04  -8.2347332e-04   2.8370240e-06  -2.3645147e-03
  -3.4316165e-04  -9.9575091e-04  -2.4452497e-04  -2.4395787e-03
   1.2920956e-05  -7.7478618e-04  -3.4197060e-04  -2.2932040e-03
  -4.5560879e-04  -9.9949608e-04  -3.0449151e-04  -2.2481656e-03
  -2.0072861e-04  -7.5980552e-04   9.6534749e-05  -2.3232296e-03
  -8.4533232e-05  -6.3246991e-04   4.4064023e-05  -2.0792718e-03
  -5.4547328e-05  -8.6467014e-04  -1.2833979e-04  -2.0379866e-03
   1.2536810e-04  -7.0362804e-04   6.5849330e-06  -1.9441567e-03
  -2.0072861e-04  -7.6355068e-04  -1.9955006e-04  -1.9554163e-03
  -3.1317575e-04  -7.8602167e-04  -1.3208770e-04  -2.0605058e-03
  -3.9563699e-04  -5.2760529e-04  -1.5902521e-05  -1.9591695e-03
  -7.3288518e-05  -7.1860870e-04  -1.1709606e-04  -2.1318165e-03
  -1.0702266e-04  -7.7104101e-04   8.9038931e-05  -2.1731017e-03
  -2.2696628e-04  -6.5119573e-04  -1.2154612e-05  -2.2181401e-03
  -1.2576385e-04  -8.6841530e-04   5.5307750e-05  -2.2406592e-03
  -8.4533232e-05  -9.3582827e-04   6.2803568e-05  -1.8390672e-03
   8.7885716e-05  -8.4219915e-04  -2.2953333e-04  -2.0792718e-03
  -1.8573566e-04  -6.3621507e-04  -2.3398339e-05  -2.2556720e-03
  -3.5815461e-04  -8.0100233e-04   7.4047295e-05  -1.9028715e-03
  -3.8814051e-04  -1.0594187e-03   5.1559841e-05  -2.0717654e-03
  -1.3700856e-04  -8.9463146e-04  -1.8455843e-04  -2.0717654e-03
  -7.7036756e-05  -8.9837662e-04  -2.5202079e-04  -2.0229738e-03
  -3.7314756e-04  -6.9988288e-04  -3.0894157e-05  -2.0867782e-03
  -3.3941342e-04  -6.2872474e-04  -2.3328124e-04  -1.9141311e-03
  -2.6819689e-04  -1.0332026e-03  -1.7331470e-04  -2.1205569e-03
  -1.1826737e-04  -9.7702509e-04  -1.5902521e-05  -2.1693485e-03
  -8.4533232e-05  -7.2609903e-04  -3.7570179e-04  -1.9366503e-03
  -1.4450504e-04  -8.0100233e-04  -3.2697897e-04  -2.1055441e-03
  -2.3071451e-04  -8.4968948e-04   6.6551477e-05  -2.1580889e-03
  -3.9563699e-04  -9.1335728e-04  -2.2203752e-04  -2.0755186e-03
  -4.1437818e-04  -9.0212179e-04  -3.6820597e-04  -2.0567526e-03
  -2.5695218e-04  -8.6467014e-04  -2.4077706e-04  -2.1168037e-03
  -1.6699447e-04  -9.1710245e-04  -1.8081052e-04  -2.3007104e-03
  -2.3821099e-04  -7.7478618e-04  -1.5082725e-04  -2.3007104e-03
  -3.1317575e-04  -9.9200575e-04  -3.1573524e-04  -2.1280633e-03
  -4.3311937e-04  -1.0594187e-03  -2.6326452e-04  -1.9404035e-03
  -2.4570747e-04  -8.7216047e-04  -3.0449151e-04  -2.0867782e-03
  -6.9540280e-05  -1.0818897e-03  -2.9699570e-04  -2.2594252e-03
  -3.8064403e-04  -1.0481832e-03  -2.8200406e-04  -2.1243101e-03
  -3.5440637e-04  -1.0369477e-03  -2.7076033e-04  -2.0980378e-03
  -1.5949799e-04  -9.7327992e-04   3.2820296e-05  -2.1355697e-03
  -2.6819689e-04  -9.0212179e-04  -3.0894157e-05  -1.9816886e-03
  -2.0447685e-04  -1.0107316e-03  -1.8081052e-04  -1.9103779e-03
  -2.4570747e-04  -8.1598299e-04  -2.8949988e-04  -2.0229738e-03
  -3.0567927e-04  -7.6729585e-04  -3.0449151e-04  -2.1543357e-03
  -4.1437818e-04  -9.3957344e-04  -2.1454170e-04  -2.1618421e-03
  -6.0553831e-04  -1.1567930e-03  -2.6326452e-04  -1.9891950e-03
  -2.5320394e-04  -9.9949608e-04  -1.9955006e-04  -2.0042078e-03
  -1.4075680e-04  -8.3096365e-04  -1.0585234e-04  -1.8653395e-03
  -2.1572156e-04  -9.3957344e-04   1.1834284e-03  -1.7790160e-03
  -1.5949799e-04  -8.7965080e-04   1.9817330e-03  -1.7752628e-03
  -3.0942751e-04  -9.9575091e-04   1.3258489e-03  -1.6589137e-03
  -1.4825328e-04  -7.5606035e-04   2.1091619e-03  -1.8991183e-03
  -1.2951209e-04  -6.4370540e-04   3.9268977e-03  -1.8052884e-03
  -4.2937113e-04  -9.6204443e-04   7.6598151e-03  -1.4825134e-03
  -3.5065813e-04  -7.7104101e-04   1.3967546e-02  -1.4187091e-03
  -3.7314756e-04  -5.6880210e-04   1.7456849e-02  -1.2385556e-03
  -1.1003057e-03  -7.8227651e-04   1.5878980e-02  -9.1953390e-04
  -1.4563883e-03  -8.3470882e-04   1.3083039e-02  -9.6081906e-04
  -1.3664306e-03  -5.9127309e-04   1.0133435e-02  -1.3398920e-03
  -9.6536916e-04  -8.9463146e-04   7.3299991e-03  -1.5725902e-03
   4.7395423e-04  -9.9575091e-04   4.9500769e-03  -1.7302244e-03
   5.1518485e-04  -6.3246991e-04   9.3606636e-04  -2.0229738e-03
   9.5382192e-05  -6.7741189e-04  -3.7188366e-03  -2.0605058e-03
  -6.7300660e-04  -6.9239255e-04  -7.5641912e-03  -1.9216375e-03
  -2.4234337e-03  -8.4594431e-04  -1.0993528e-02  -2.4358255e-03
  -1.7712403e-03  -9.2833794e-04  -1.4823891e-02  -3.0588562e-03
  -1.2314941e-03  -9.7702509e-04  -1.9602475e-02  -3.0776222e-03
  -1.3701789e-03  -9.9200575e-04  -2.3582754e-02  -2.7886260e-03
  -1.0178445e-03  -6.7366672e-04  -2.5355515e-02  -3.2465160e-03
  -7.3297841e-04  -8.8714113e-04  -2.5741550e-02  -3.5655378e-03
  -1.6288073e-03  -1.2541673e-03  -2.6374947e-02  -3.0400902e-03
  -3.6940864e-03  -1.2728931e-03  -2.5512927e-02  -3.0776222e-03
  -2.8507329e-03  -1.4414255e-03  -2.0460746e-02  -3.3928907e-03
  -1.2727247e-03  -1.4601514e-03  -1.5535994e-02  -3.4904738e-03
  -9.3163502e-04  -1.1979898e-03  -1.2425229e-02  -2.7510940e-03
   6.6886261e-04  -1.3253254e-03  -6.9382904e-03  -2.3720211e-03
   1.8720470e-03  -1.3477964e-03   2.5324478e-05  -2.7623536e-03
   6.7635908e-04  -1.3290706e-03   5.7633732e-03  -2.3119700e-03
   6.9144526e-05  -1.7035871e-03   1.0200897e-02  -1.9291439e-03
   9.4998046e-04  -1.5313095e-03   1.4683397e-02  -1.7189649e-03
   1.3210560e-03  -1.1493027e-03   1.8416314e-02  -1.6138753e-03
   1.2423430e-03  -9.9949608e-04   1.9746822e-02  -1.5876030e-03
   1.8982847e-03  -8.2347332e-04   2.0777497e-02  -1.3286324e-03
   3.2476503e-03  -7.1486354e-04   2.1051094e-02  -1.6439009e-03
   2.3480732e-03  -4.7517298e-04   1.9548182e-02  -1.6326413e-03
   9.4623222e-04  -2.9540506e-04   1.7689220e-02  -1.2986068e-03
   1.3285525e-03  -1.3061780e-04   1.5549164e-02  -1.4975262e-03
   1.7633481e-03   1.1698475e-05   1.3109275e-02  -1.7865224e-03
   2.0069836e-03   4.1659795e-05   9.5974841e-03  -1.9779355e-03
   1.3922725e-03   2.6262453e-04   5.3660948e-03  -1.5951094e-03
   1.4410929e-04  -7.8185485e-05   2.5326756e-03  -1.7114585e-03
  -6.1303479e-04  -5.7254727e-04   1.1909242e-03  -2.1130505e-03
  -9.2413854e-04  -7.7478618e-04  -1.1290315e-03  -1.9028715e-03
  -8.2668436e-04  -9.4331860e-04  -3.8312739e-03  -2.0154674e-03
   1.6762420e-06  -6.8115705e-04  -5.2180002e-03  -1.9178843e-03
   5.0768837e-04  -8.6467014e-04  -6.5035330e-03  -2.2143869e-03
  -5.3807003e-04  -8.7965080e-04  -7.9689654e-03  -2.2819444e-03
  -9.2413854e-04  -8.4219915e-04  -9.1533047e-03  -2.2669316e-03
  -7.3288518e-05  -1.1717737e-03  -9.7717096e-03  -2.7510940e-03
  -2.3821099e-04  -7.7853134e-04  -1.0326400e-02  -2.3645147e-03
  -7.6671255e-04  -6.8490222e-04  -1.0873595e-02  -2.4245659e-03
  -5.6430770e-04  -7.6355068e-04  -1.0547527e-02  -2.3419956e-03
  -1.1826737e-04  -8.4219915e-04  -9.8579116e-03  -2.5146426e-03
  -2.3821099e-04  -9.8451542e-04  -9.0820944e-03  -2.6872897e-03
  -4.8934294e-04  -8.0849266e-04  -7.8940072e-03  -2.1956209e-03
  -7.7036756e-05  -8.3096365e-04  -6.5672475e-03  -2.7510940e-03
   1.0662691e-04  -6.8864738e-04  -5.4766059e-03  -2.5559278e-03
   1.1787162e-04  -7.0737321e-04  -4.5508724e-03  -2.1092973e-03
   2.6780114e-04  -6.0999892e-04  -3.0104818e-03  -2.1618421e-03
   4.7020599e-04  -5.6880210e-04  -1.1440231e-03  -1.8728459e-03
   4.7020599e-04  -8.7216047e-04   6.6621692e-04  -2.1393229e-03
  -6.2043804e-05  -8.6092497e-04   2.4764570e-03  -2.2106337e-03
  -1.7449094e-04  -1.1193414e-03   3.8219563e-03  -1.9854418e-03
   3.3901766e-04  -1.1193414e-03   5.2086826e-03  -2.0980378e-03
   2.8654233e-04  -9.3582827e-04   5.8383313e-03  -2.0755186e-03
   1.8159167e-04  -9.8451542e-04   5.9057937e-03  -1.7977820e-03
   3.3152119e-04  -7.8227651e-04   6.1718952e-03  -1.8578331e-03
   1.2911633e-04  -9.4706377e-04   5.8870542e-03  -1.9103779e-03
   1.4410929e-04  -1.1418123e-03   5.5160112e-03  -1.6401477e-03
  -1.1451914e-04  -8.7965080e-04   4.6277567e-03  -2.0342334e-03
  -1.3700856e-04  -9.5455410e-04   4.2154867e-03  -2.0042078e-03
  -2.7944161e-04  -1.1717737e-03   4.2042430e-03  -1.8315608e-03
  -7.5921607e-04  -1.0107316e-03   3.6533004e-03  -2.2631784e-03
  -5.7180417e-04  -8.1598299e-04   2.7687939e-03  -2.1768549e-03
  -3.2442046e-04  -7.4857002e-04   1.6781523e-03  -2.3194764e-03
  -1.5200152e-04  -7.4107969e-04   1.4382862e-03  -2.3082168e-03
  -5.9054536e-04  -8.5343464e-04   3.5888838e-04  -2.1843613e-03
  -6.9549603e-04  -8.0100233e-04  -7.9546759e-04  -1.9591695e-03
  -2.1946980e-04  -6.6617639e-04  -1.2564604e-03  -1.5763434e-03
  -2.1197332e-04  -7.2984420e-04  -1.9835547e-03  -1.7264713e-03
  -4.4811232e-04  -6.4745057e-04  -2.0510171e-03  -1.8540799e-03
  -7.6671255e-04  -6.5119573e-04  -2.2309167e-03  -2.0229738e-03
  -6.7675484e-04  -8.1972816e-04  -2.2946312e-03  -2.1468293e-03
  -6.1303479e-04  -8.7216047e-04  -2.3995726e-03  -2.2856976e-03
  -6.4302069e-04  -8.6841530e-04  -2.9242799e-03  -2.1618421e-03
  -3.0942751e-04  -8.6467014e-04  -3.1079274e-03  -1.9704291e-03
   1.5160576e-04  -7.8227651e-04  -3.2053731e-03  -1.8878587e-03
   2.3031876e-04  -7.6729585e-04  -3.3965164e-03  -1.8240544e-03
  -3.6939932e-04  -8.9463146e-04  -2.8905487e-03  -1.8690927e-03
  -4.8184646e-04  -6.6992156e-04  -1.6987137e-03  -1.9216375e-03
  -3.1692399e-04  -7.4107969e-04  -1.3464102e-03  -2.2894508e-03
  -3.3566518e-04  -9.0212179e-04  -1.1027961e-03  -2.1430761e-03
   5.4151574e-05  -6.4745057e-04  -7.6173641e-04  -2.0304802e-03
   2.4156347e-04  -7.4857002e-04  -6.6054287e-04  -2.0717654e-03
   1.2536810e-04  -7.7104101e-04  -2.8200406e-04  -1.9779355e-03
  -1.5200152e-04  -7.6729585e-04  -1.3208770e-04  -2.1430761e-03
  -4.0313346e-04  -9.0586695e-04   7.5991464e-04  -2.0117142e-03
  -3.7689580e-04  -8.5343464e-04   1.4532778e-03  -2.0454930e-03
  -1.6324623e-04  -8.5717981e-04   1.4720174e-03  -2.1355697e-03
   5.7899812e-05  -8.1598299e-04   1.4682694e-03  -2.0004546e-03
   1.5910224e-04  -7.7104101e-04   1.2658824e-03  -1.8878587e-03
   1.6762420e-06  -9.5080893e-04   1.9517497e-03  -1.8953651e-03
  -2.6444866e-04  -9.2084761e-04   1.9667413e-03  -2.0642590e-03
  -4.3686760e-04  -6.5494090e-04   1.3745717e-03  -2.0529994e-03
  -3.5065813e-04  -9.5455410e-04   1.5882025e-03  -1.8052884e-03
  -2.3446275e-04  -1.1081059e-03   1.6481691e-03  -1.9591695e-03
  -1.3700856e-04  -7.8976684e-04   1.7493626e-03  -2.0942846e-03
   2.0408109e-04  -9.3582827e-04   1.2134116e-03  -2.0605058e-03
  -6.0928655e-04  -1.1043607e-03   3.8137583e-04  -2.2631784e-03
  -9.5787269e-04  -9.7702509e-04   8.4236864e-04  -2.0192206e-03
  -3.8439227e-04  -9.2084761e-04   1.6069421e-03  -2.4095531e-03
  -7.3672664e-04  -9.5829926e-04   1.7456147e-03  -2.5972130e-03
  -4.2937113e-04  -8.3845398e-04   8.7609982e-04  -2.1205569e-03
   7.2892764e-05  -7.9725717e-04   3.2890511e-04  -2.1430761e-03
   9.1727180e-06  -8.5343464e-04   1.1047223e-03  -2.0905314e-03
  -1.1451914e-04  -7.7104101e-04   1.2696303e-03  -2.3607615e-03
  -3.8439227e-04  -8.4968948e-04   8.2362909e-04  -2.2856976e-03
  -2.3446275e-04  -6.8115705e-04   5.0880474e-04  -1.9328971e-03
  -5.8202340e-06  -5.7629243e-04   2.6519065e-04  -1.8015352e-03
  -1.8948390e-04  -7.5606035e-04   9.2786840e-05  -1.7264713e-03
   5.0403336e-05  -6.2123441e-04  -3.0449151e-04  -1.9253907e-03
   5.4142251e-04  -6.8864738e-04  -5.2561815e-04  -1.9103779e-03
   2.3781524e-04  -8.8339596e-04  -1.0203421e-03  -1.7752628e-03
  -3.7314756e-04  -7.9725717e-04  -1.4026289e-03  -1.9366503e-03
  -4.5560879e-04  -7.2235387e-04  -1.1365273e-03  -2.1017910e-03
  -4.3302614e-05  -8.8339596e-04  -1.7399407e-03  -1.9779355e-03
  -7.3288518e-05  -8.6841530e-04  -2.0172859e-03  -2.0454930e-03
  -3.3566518e-04  -6.5494090e-04  -1.3988809e-03  -2.0605058e-03
  -2.0447685e-04  -7.9725717e-04  -1.7324448e-03  -2.1618421e-03
  -2.2696628e-04  -8.9463146e-04  -1.9498236e-03  -2.3082168e-03
   4.6655098e-05  -9.6204443e-04  -1.8523779e-03  -2.0755186e-03
  -1.1077090e-04  -9.4331860e-04  -1.8486300e-03  -1.9891950e-03
  -5.7930065e-04  -6.6992156e-04  -1.3876372e-03  -2.0192206e-03
  -4.7809822e-04  -7.1111837e-04  -1.1964939e-03  -2.0717654e-03
  -3.4690989e-04  -8.6092497e-04  -1.1252836e-03  -2.1055441e-03
  -2.1197332e-04  -9.6204443e-04  -7.9546759e-04  -2.0079610e-03
  -4.6310527e-04  -1.0519284e-03  -5.5934933e-04  -2.1092973e-03
  -3.6939932e-04  -1.0257122e-03  -4.8064324e-04  -2.0567526e-03
  -4.0313346e-04  -1.0519284e-03  -3.9069342e-04  -1.8540799e-03
  -5.3432179e-04  -9.7327992e-04  -1.2459188e-04  -2.2143869e-03
  -4.6685351e-04  -1.0182219e-03   4.4509029e-04  -2.2143869e-03
  -8.0044669e-04  -1.1343220e-03   5.2379637e-04  -2.1318165e-03
  -1.8198742e-04  -1.0818897e-03   3.9636747e-04  -2.0342334e-03
  -5.8295566e-05  -1.2167156e-03   7.2243555e-04  -1.9516631e-03
  -6.7300660e-04  -1.1493027e-03   6.5122528e-04  -2.4057999e-03
  -7.2923017e-04  -1.0481832e-03   6.5872110e-04  -2.1205569e-03
  -6.6176188e-04  -1.0818897e-03   9.8478918e-04  -2.1280633e-03
  -5.7930065e-04  -1.0556735e-03   9.3231846e-04  -2.2856976e-03
  -6.1303479e-04  -1.1755188e-03   6.6246901e-04  -1.9253907e-03
  -4.7434998e-04  -1.0743994e-03   6.3623364e-04  -2.0905314e-03
  -2.9443456e-04  -1.0369477e-03   5.3504010e-04  -2.1993741e-03
  -2.0072861e-04  -1.0931252e-03   2.8018229e-04  -2.0680122e-03
  -5.0058765e-04  -1.0743994e-03   2.0522411e-04  -1.9704291e-03
  -6.5051717e-04  -1.0519284e-03   5.9055659e-05  -2.1956209e-03
  -3.8439227e-04  -8.7590563e-04  -1.1709606e-04  -2.1881145e-03
  -2.7944161e-04  -6.7741189e-04  -4.6939951e-04  -1.9666759e-03
  -1.7074271e-04  -8.5343464e-04  -6.1182005e-04  -2.1092973e-03
  -2.4945570e-04  -9.0586695e-04  -6.1931587e-04  -2.0417398e-03
  -3.2816870e-04  -5.8003760e-04  -8.1045923e-04  -2.1731017e-03
  -3.5065813e-04  -9.9949608e-04  -8.1045923e-04  -2.0680122e-03
  -3.0942751e-04  -1.0444381e-03  -8.4793832e-04  -1.7264713e-03
  -4.6685351e-04  -7.9725717e-04  -8.7792159e-04  -1.9178843e-03
  -6.4302069e-04  -8.9463146e-04  -8.5168623e-04  -1.9441567e-03
  -4.3311937e-04  -6.8864738e-04  -7.8422387e-04  -1.8878587e-03
  -3.4316165e-04  -7.8602167e-04  -8.3669459e-04  -2.0079610e-03
  -2.7194513e-04  -7.2609903e-04  -7.9171968e-04  -2.0229738e-03
  -4.1062994e-04  -8.9088629e-04  -7.4674478e-04  -2.0117142e-03
  -5.2682532e-04  -8.1972816e-04  -8.1795505e-04  -1.9929482e-03
  -6.0928655e-04  -6.8115705e-04  -6.1182005e-04  -1.8240544e-03
  -6.7300660e-04  -1.0743994e-03  -4.9188696e-04  -2.0004546e-03
  -5.0433589e-04  -9.1335728e-04  -3.0074361e-04  -2.0304802e-03
  -6.2427950e-04  -9.5829926e-04  -1.8081052e-04  -2.0042078e-03
  -3.6565108e-04  -8.9088629e-04  -6.0877429e-05  -2.2856976e-03
  -2.3071451e-04  -8.6841530e-04   1.0403057e-04  -1.7790160e-03
  -4.0313346e-04  -1.0818897e-03   6.2803568e-05  -1.9103779e-03
  -4.1812641e-04  -8.0474750e-04   1.6774502e-04  -2.3269828e-03
  -6.4676893e-04  -8.7590563e-04   5.1559841e-05  -1.9028715e-03
  -3.7689580e-04  -8.7965080e-04   2.8393020e-04  -2.0755186e-03
  -2.6819689e-04  -7.0362804e-04   4.2635074e-04  -2.2519188e-03
  -3.2442046e-04  -8.8714113e-04   3.0641765e-04  -2.1168037e-03
  -1.5200152e-04  -8.6092497e-04   7.0744392e-04  -2.0492462e-03
  -1.2576385e-04  -7.1860870e-04   5.6502337e-04  -2.0079610e-03
   2.9029057e-04  -9.0586695e-04   4.3384656e-04  -2.0755186e-03
   8.7885716e-05  -8.3096365e-04   5.4628383e-04  -2.1243101e-03
  -3.4690989e-04  -6.9988288e-04   3.8512374e-04  -2.3532552e-03
  -1.9323213e-04  -9.4331860e-04   6.5872110e-04  -2.2068805e-03
  -6.5792042e-05  -7.9351200e-04   6.0625037e-04  -2.1130505e-03
   8.7885716e-05  -5.8378276e-04   1.7149293e-04  -2.3194764e-03
  -4.3302614e-05  -7.9351200e-04   2.6893856e-04  -2.2369060e-03
   1.6762420e-06  -9.3957344e-04   2.8767811e-04  -2.3645147e-03
  -5.8295566e-05  -9.3957344e-04   1.1527429e-04  -2.3570083e-03
  -1.7449094e-04  -9.6204443e-04  -2.3398339e-05  -2.2143869e-03
  -2.8318985e-04  -8.2721849e-04  -6.8373247e-05  -2.1881145e-03
  -3.1692399e-04  -7.3733453e-04   5.9055659e-05  -2.3645147e-03
   9.1633954e-05  -8.5343464e-04  -1.7706261e-04  -2.3570083e-03
  -9.9526184e-05  -1.0069864e-03  -5.1062651e-04  -2.1130505e-03
  -2.0719960e-06  -1.0257122e-03  -5.3311396e-04  -2.4771107e-03
  -7.7036756e-05  -8.0474750e-04  -6.6803869e-04  -2.4395787e-03
  -1.7074271e-04  -8.0849266e-04  -8.6667786e-04  -2.1280633e-03
   1.1412338e-04  -7.6729585e-04  -6.5679496e-04  -2.2706848e-03
  -1.1077090e-04  -7.3733453e-04  -6.4180332e-04  -2.3007104e-03
   8.4137478e-05  -8.4219915e-04  -8.2919877e-04  -1.9741823e-03
   9.1727180e-06  -8.0100233e-04  -5.4435769e-04  -1.8428204e-03
  -1.2576385e-04  -7.8602167e-04  -3.5696224e-04  -2.2631784e-03
   7.2892764e-05  -7.3358936e-04  -2.8575197e-04  -2.1618421e-03
   1.6762420e-06  -7.7478618e-04  -3.1198733e-04  -2.0379866e-03
  -2.0822509e-04  -6.8864738e-04  -3.3822270e-04  -2.0004546e-03
  -9.5777946e-05  -7.4857002e-04   2.5324478e-05  -1.8503268e-03
   1.9283638e-04  -8.8714113e-04   1.1527429e-04  -1.9516631e-03
   1.2920956e-05  -7.4482486e-04   2.2021575e-04  -1.7677564e-03
  -1.5949799e-04  -8.3845398e-04   5.6127546e-04  -2.1055441e-03
  -2.0813186e-05  -8.9088629e-04   6.1374619e-04  -2.1993741e-03
  -2.0813186e-05  -7.7104101e-04   5.4628383e-04  -1.9816886e-03
  -2.0072861e-04  -7.5231519e-04   4.9006519e-04  -1.9816886e-03
  -3.5806138e-05  -7.4107969e-04   6.6996483e-04  -1.8353140e-03
  -1.2951209e-04  -7.5606035e-04   6.5497319e-04  -2.0867782e-03
  -3.9554376e-05  -8.3096365e-04   3.8137583e-04  -1.8953651e-03
   1.4410929e-04  -8.2347332e-04   4.8256938e-04  -1.8690927e-03
  -4.7050852e-05  -7.7104101e-04   5.5752756e-04  -2.0980378e-03
   9.5382192e-05  -6.7366672e-04   3.7388001e-04  -1.9216375e-03
  -8.8281470e-05  -7.9725717e-04   2.6519065e-04  -1.9479099e-03
   9.9130430e-05  -9.8451542e-04   2.6144274e-04  -1.7452372e-03
   3.4651414e-04  -8.7590563e-04   4.4064023e-05  -1.9178843e-03
   1.2911633e-04  -9.9200575e-04  -7.5869065e-05  -2.2256465e-03
   1.7034695e-04  -7.5231519e-04  -4.6587940e-06  -1.9328971e-03
   1.0287867e-04  -5.9127309e-04  -1.8830634e-04  -1.9629227e-03
  -2.4561424e-05  -1.0182219e-03  -3.9444133e-04  -2.1731017e-03
  -1.7064948e-05  -8.7965080e-04  -5.5934933e-04  -2.0792718e-03
   1.9658462e-04  -8.6092497e-04  -6.3055960e-04  -1.8765991e-03
  -1.1451914e-04  -9.9200575e-04  -6.5679496e-04  -2.1693485e-03
  -3.2442046e-04  -8.3470882e-04  -6.4180332e-04  -2.3044636e-03
  -8.8281470e-05  -9.8077025e-04  -7.3924896e-04  -2.1168037e-03
  -1.6699447e-04  -1.0369477e-03  -1.0315859e-03  -2.4320723e-03
  -3.9554376e-05  -8.3096365e-04  -7.6923223e-04  -2.1505825e-03
  -6.2043804e-05  -8.0100233e-04  -7.8422387e-04  -2.0830250e-03
  -1.3700856e-04  -9.5455410e-04  -1.1027961e-03  -2.5071362e-03
  -3.6565108e-04  -9.4331860e-04  -8.5168623e-04  -2.1655953e-03
  -3.5440637e-04  -8.4594431e-04  -1.0016026e-03  -1.9741823e-03
  -2.8693808e-04  -9.3957344e-04  -9.2289650e-04  -2.1280633e-03
