  -5.4547328e-05  -9.6578959e-04  -3.0894157e-05  -1.9891950e-03
  -6.2043804e-05  -8.0100233e-04  -2.1454170e-04  -2.1618421e-03
  -2.7944161e-04  -8.0100233e-04  -2.6701242e-04  -2.1055441e-03
  -3.2057900e-05  -8.4594431e-04  -7.9616974e-05  -2.0867782e-03
  -9.5684720e-06  -9.2459278e-04  -1.4707934e-04  -2.2293996e-03
  -2.1572156e-04  -8.4594431e-04  -3.4571851e-04  -2.1055441e-03
  -1.0702266e-04  -6.0999892e-04  -6.8373247e-05  -2.1843613e-03
  -1.1826737e-04  -7.3358936e-04  -2.1454170e-04  -2.2556720e-03
  -2.0447685e-04  -7.1860870e-04  -3.2323106e-04  -2.2068805e-03
  -1.5574975e-04  -8.0474750e-04  -4.2137884e-05  -2.3344892e-03
  -5.8202340e-06  -7.4107969e-04  -1.4707934e-04  -2.0717654e-03
  -4.3302614e-05  -7.5980552e-04  -2.6326452e-04  -2.1243101e-03
  -1.4075680e-04  -9.9200575e-04  -1.6956679e-04  -2.2781912e-03
  -1.4825328e-04  -7.7104101e-04  -2.7146248e-05  -1.9779355e-03
  -5.4547328e-05  -6.9239255e-04  -1.5902521e-05  -2.0980378e-03
  -4.3302614e-05  -6.6617639e-04   9.6534749e-05  -2.1318165e-03
  -3.5806138e-05  -5.9876342e-04  -2.0704588e-04  -1.8953651e-03
  -6.5792042e-05  -7.2984420e-04  -2.1828961e-04  -1.8503268e-03
  -1.2951209e-04  -6.3996024e-04   3.4014883e-04  -1.8015352e-03
   1.9283638e-04  -5.6505694e-04   7.7795204e-05  -1.9404035e-03
   2.3781524e-04  -6.3246991e-04  -5.7129520e-05  -1.8878587e-03
   8.4137478e-05  -6.1748925e-04   2.3145947e-04  -1.7602500e-03
   9.9130430e-05  -6.9239255e-04  -9.1088500e-07  -1.9441567e-03
   3.5410384e-05  -5.8378276e-04  -1.1709606e-04  -1.7564968e-03
   2.7913908e-05  -8.2347332e-04   5.5307750e-05  -1.6514073e-03
   2.4165670e-05  -8.4968948e-04   6.2803568e-05  -1.8540799e-03
   1.9658462e-04  -5.9876342e-04  -2.3398339e-05  -1.8052884e-03
   1.2536810e-04  -7.3358936e-04  -1.0585234e-04  -1.8803523e-03
  -3.5815461e-04  -4.1150517e-04  -2.1079379e-04  -1.9591695e-03
  -1.5949799e-04  -7.8602167e-04  -3.1948315e-04  -1.9404035e-03
   5.4151574e-05  -9.3957344e-04  -1.9650430e-05  -2.0379866e-03
   2.4165670e-05  -7.1111837e-04   2.1576569e-05  -1.8803523e-03
   2.4531171e-04  -9.1710245e-04  -8.7112792e-05  -1.9891950e-03
  -1.8198742e-04  -6.4370540e-04   9.2786840e-05  -2.0079610e-03
  -2.8318985e-04  -8.1223783e-04  -2.2578543e-04  -1.8653395e-03
   5.4244800e-06  -5.7629243e-04  -3.9818924e-04  -2.1693485e-03
  -2.4570747e-04  -5.2386012e-04  -1.8455843e-04  -1.9441567e-03
  -1.1451914e-04  -8.7965080e-04   1.0028266e-04  -1.9066247e-03
   3.5410384e-05  -5.5382144e-04  -6.4625338e-05  -2.1168037e-03
  -1.5574975e-04  -7.5231519e-04  -3.1573524e-04  -1.9178843e-03
  -8.0784994e-05  -7.9725717e-04  -1.1334816e-04  -2.1355697e-03
  -1.1826737e-04  -7.1486354e-04  -1.6207097e-04  -2.2031273e-03
  -1.7074271e-04  -1.0369477e-03  -2.3702915e-04  -2.0079610e-03
  -8.0784994e-05  -1.0706542e-03  -2.6326452e-04  -2.1017910e-03
  -1.2576385e-04  -8.8339596e-04  -2.4077706e-04  -2.0755186e-03
  -2.2696628e-04  -8.2347332e-04  -1.3208770e-04  -2.0154674e-03
  -3.3191694e-04  -7.5980552e-04  -1.3958352e-04  -2.3082168e-03
  -3.3566518e-04  -7.5980552e-04  -2.2578543e-04  -2.0905314e-03
  -1.9323213e-04  -1.0706542e-03  -1.3583561e-04  -1.9479099e-03
  -1.3700856e-04  -9.7327992e-04  -4.2137884e-05  -2.5484214e-03
  -3.9563699e-04  -8.7590563e-04  -2.0704588e-04  -2.3457488e-03
  -4.7434998e-04  -9.0212179e-04  -2.6701242e-04  -2.2331528e-03
  -2.9068632e-04  -1.0669090e-03  -4.4691206e-04  -2.4020467e-03
  -1.2201561e-04  -1.0406929e-03  -3.7570179e-04  -2.0454930e-03
   1.2920956e-05  -7.6729585e-04  -1.4333143e-04  -2.1280633e-03
  -1.5949799e-04  -1.0481832e-03  -3.9818924e-04  -2.1505825e-03
  -2.8693808e-04  -9.6578959e-04  -4.2067669e-04  -2.0154674e-03
  -2.5695218e-04  -9.0961212e-04  -1.7706261e-04  -2.1130505e-03
  -3.5065813e-04  -7.5231519e-04  -2.8200406e-04  -2.2819444e-03
  -2.4195923e-04  -8.7216047e-04  -1.8830634e-04  -2.1280633e-03
  -1.4450504e-04  -9.2084761e-04  -1.4333143e-04  -1.8240544e-03
  -9.9526184e-05  -6.3621507e-04  -3.7570179e-04  -1.9967014e-03
   9.1633954e-05  -1.1343220e-03  -1.4707934e-04  -1.8203012e-03
  -1.1451914e-04  -8.1972816e-04  -1.5457515e-04  -1.7339776e-03
  -1.2201561e-04  -7.3733453e-04  -1.3583561e-04  -2.0117142e-03
   8.0389240e-05  -8.9088629e-04  -4.5885793e-05  -1.8127948e-03
  -1.2201561e-04  -7.2984420e-04  -2.8949988e-04  -2.0192206e-03
  -2.0072861e-04  -1.0893800e-03  -1.6207097e-04  -2.1543357e-03
   7.2892764e-05  -8.4219915e-04  -1.3208770e-04  -1.8803523e-03
   1.7409519e-04  -4.4895682e-04  -2.2953333e-04  -1.9441567e-03
  -2.5695218e-04  -6.3621507e-04  -3.8389975e-05  -1.7564968e-03
  -4.0313346e-04  -8.9837662e-04   4.7811932e-05  -2.0117142e-03
  -3.3566518e-04  -6.3246991e-04  -2.0329797e-04  -2.1843613e-03
  -2.6819689e-04  -7.2609903e-04  -7.2121156e-05  -1.8728459e-03
  -1.2576385e-04  -8.9088629e-04   1.1902220e-04  -2.2293996e-03
  -1.1826737e-04  -7.9351200e-04  -1.2084397e-04  -2.1655953e-03
   9.9130430e-05  -9.0961212e-04  -9.0860701e-05  -1.9103779e-03
   3.9158622e-05  -7.6355068e-04  -1.1334816e-04  -2.0004546e-03
  -1.8198742e-04  -8.5343464e-04  -1.7331470e-04  -2.1092973e-03
  -1.2201561e-04  -7.3358936e-04  -1.0210443e-04  -2.2218933e-03
  -1.7449094e-04  -7.3358936e-04  -1.2084397e-04  -2.0980378e-03
  -2.3446275e-04  -9.5829926e-04  -7.9616974e-05  -2.1017910e-03
  -1.1826737e-04  -7.2235387e-04  -1.9955006e-04  -2.0867782e-03
  -1.3326033e-04  -8.0474750e-04  -2.8949988e-04  -1.9891950e-03
  -1.4075680e-04  -6.0999892e-04  -1.5082725e-04  -2.0379866e-03
  -1.2576385e-04  -5.3509562e-04  -1.6581888e-04  -2.1843613e-03
  -9.5684720e-06  -8.1598299e-04  -6.8373247e-05  -2.0717654e-03
  -9.2029708e-05  -4.3772133e-04  -3.8389975e-05  -1.9741823e-03
  -1.8948390e-04  -8.1972816e-04  -1.3208770e-04  -2.1468293e-03
   1.6285048e-04  -1.0481832e-03   2.8370240e-06  -2.2106337e-03
  -2.2321804e-04  -5.1636979e-04  -3.8389975e-05  -2.3082168e-03
  -3.5440637e-04  -8.4594431e-04  -1.3583561e-04  -2.1393229e-03
   3.1662146e-05  -7.9351200e-04  -1.3208770e-04  -2.1393229e-03
  -1.7064948e-05  -6.5868606e-04  -1.0960025e-04  -2.2744380e-03
  -3.2057900e-05  -9.0961212e-04  -2.6701242e-04  -2.2369060e-03
  -1.5200152e-04  -7.9725717e-04  -2.3702915e-04  -2.2856976e-03
  -2.7944161e-04  -9.3582827e-04  -1.3583561e-04  -2.1205569e-03
  -2.4195923e-04  -7.5980552e-04  -2.7825615e-04  -2.0792718e-03
  -5.8202340e-06  -3.3660187e-04   1.3401384e-04  -2.0229738e-03
  -7.7036756e-05  -6.2872474e-04   1.3026593e-04  -2.0792718e-03
  -9.5684720e-06  -7.7478618e-04  -1.6207097e-04  -1.9929482e-03
   6.5396288e-05  -6.1748925e-04   1.1527429e-04  -1.8841055e-03
  -1.8198742e-04  -7.1486354e-04   7.7795204e-05  -2.0192206e-03
  -2.0813186e-05  -6.2497958e-04  -2.7146248e-05  -1.7527436e-03
   1.2911633e-04  -7.1860870e-04  -7.9616974e-05  -1.7602500e-03
   1.0662691e-04  -7.3358936e-04  -1.4707934e-04  -1.8991183e-03
  -1.5574975e-04  -5.4633111e-04   2.6144274e-04  -1.9291439e-03
  -9.9526184e-05  -7.2609903e-04   1.9772829e-04  -1.7940288e-03
   1.9283638e-04  -7.4107969e-04  -2.7825615e-04  -1.8015352e-03
   6.1648050e-05  -8.0849266e-04  -6.0877429e-05  -1.9441567e-03
   6.5396288e-05  -8.3845398e-04  -9.8356519e-05  -1.7865224e-03
   3.9158622e-05  -8.5717981e-04  -2.5576870e-04  -1.9479099e-03
  -7.3288518e-05  -7.7104101e-04  -5.7129520e-05  -1.9253907e-03
   5.4244800e-06  -4.6393748e-04  -4.6587940e-06  -1.9479099e-03
   3.5410384e-05  -6.7366672e-04  -1.0210443e-04  -2.1430761e-03
   8.4137478e-05  -7.1111837e-04  -2.0329797e-04  -1.9253907e-03
  -7.3288518e-05  -5.6880210e-04  -1.0585234e-04  -1.7640032e-03
  -1.9698037e-04  -8.4219915e-04  -3.1573524e-04  -2.0680122e-03
  -1.0702266e-04  -8.1598299e-04  -4.7314742e-04  -2.2444124e-03
  -5.0799090e-05  -7.5606035e-04  -4.1692878e-04  -1.8278076e-03
   3.1662146e-05  -9.1335728e-04  -2.9324779e-04  -2.0717654e-03
  -1.7823918e-04  -7.9725717e-04  -1.1709606e-04  -2.1580889e-03
  -3.1317575e-04  -9.5080893e-04  -3.1573524e-04  -1.8540799e-03
  -2.2321804e-04  -8.6841530e-04  -3.0823942e-04  -2.1806081e-03
  -1.8948390e-04  -8.1598299e-04  -1.5832306e-04  -2.0942846e-03
  -3.4316165e-04  -1.1006155e-03  -1.0960025e-04  -2.0304802e-03
  -4.0688170e-04  -8.0474750e-04  -5.7129520e-05  -2.2293996e-03
  -1.4075680e-04  -8.0849266e-04  -3.2323106e-04  -2.1843613e-03
  -1.4825328e-04  -9.6953476e-04  -4.1318088e-04  -2.1655953e-03
  -1.7074271e-04  -8.4968948e-04  -1.7706261e-04  -2.1618421e-03
  -4.7050852e-05  -8.1223783e-04  -2.2203752e-04  -2.0867782e-03
  -2.1197332e-04  -9.5455410e-04  -1.2459188e-04  -2.1693485e-03
  -2.8693808e-04  -9.9575091e-04  -4.6587940e-06  -2.2969572e-03
  -2.0822509e-04  -8.1223783e-04  -2.2578543e-04  -2.1993741e-03
  -2.6070042e-04  -7.9351200e-04  -7.9616974e-05  -2.2969572e-03
  -2.1197332e-04  -7.9351200e-04   4.0316114e-05  -2.0379866e-03
  -1.2576385e-04  -8.5343464e-04  -2.9324779e-04  -1.9328971e-03
  -2.0072861e-04  -7.9351200e-04  -2.2578543e-04  -2.4283191e-03
  -3.4316165e-04  -8.6841530e-04  -5.7129520e-05  -2.3682679e-03
  -3.8064403e-04  -8.7216047e-04  -3.4946642e-04  -2.1505825e-03
  -2.1197332e-04  -7.4482486e-04  -2.4452497e-04  -2.0079610e-03
  -4.3302614e-05  -8.7590563e-04  -1.6956679e-04  -1.9891950e-03
  -2.4195923e-04  -7.1111837e-04  -2.9699570e-04  -1.8015352e-03
  -3.2442046e-04  -8.5343464e-04  -1.3958352e-04  -1.7527436e-03
   3.1662146e-05  -8.9088629e-04  -4.9633702e-05  -2.0942846e-03
   2.0033286e-04  -5.3135045e-04  -1.0585234e-04  -1.9328971e-03
   1.1787162e-04  -9.7702509e-04  -1.8081052e-04  -1.9253907e-03
  -1.0327442e-04  -1.0781445e-03   1.7828660e-05  -2.1543357e-03
  -7.3288518e-05  -5.7629243e-04  -1.6956679e-04  -2.0567526e-03
   8.0389240e-05  -8.3845398e-04  -2.3328124e-04  -1.8728459e-03
  -2.4195923e-04  -9.9200575e-04   1.7898875e-04  -2.0004546e-03
  -2.0072861e-04  -6.6617639e-04  -1.3208770e-04  -2.1618421e-03
   2.4165670e-05  -8.3470882e-04  -2.8949988e-04  -2.0379866e-03
  -1.8573566e-04  -8.9463146e-04  -9.0860701e-05  -1.9704291e-03
  -1.1077090e-04  -7.6355068e-04  -3.3447479e-04  -1.9629227e-03
   5.0403336e-05  -8.6841530e-04  -6.0877429e-05  -1.9366503e-03
  -2.0813186e-05  -6.8864738e-04   3.6568205e-05  -2.1092973e-03
  -3.3191694e-04  -7.1486354e-04  -3.8694551e-04  -2.2143869e-03
  -3.8814051e-04  -8.2347332e-04  -3.0894157e-05  -2.0605058e-03
  -1.8198742e-04  -6.9988288e-04  -1.2459188e-04  -2.2331528e-03
  -1.3700856e-04  -7.2984420e-04  -4.1318088e-04  -2.2218933e-03
  -1.4075680e-04  -7.8227651e-04  -1.1709606e-04  -1.9253907e-03
  -2.7569337e-04  -9.0212179e-04  -1.3208770e-04  -1.9404035e-03
   5.4244800e-06  -7.8602167e-04  -1.8081052e-04  -2.1580889e-03
  -5.8295566e-05  -6.2872474e-04  -2.7825615e-04  -2.2106337e-03
  -9.2029708e-05  -8.0474750e-04  -1.6956679e-04  -2.0192206e-03
  -2.3071451e-04  -7.1111837e-04   4.4064023e-05  -2.1468293e-03
  -1.8198742e-04  -7.5980552e-04  -1.3583561e-04  -2.1168037e-03
  -2.8309662e-05  -8.3845398e-04  -1.0210443e-04  -2.0079610e-03
  -1.7074271e-04  -6.5119573e-04  -9.0860701e-05  -2.0454930e-03
   2.0782933e-04  -1.0369477e-03  -1.1334816e-04  -2.0867782e-03
  -4.4061584e-04  -8.0849266e-04   1.3776175e-04  -2.2969572e-03
   5.4517075e-04  -5.0887946e-04  -2.1079379e-04  -2.1806081e-03
  -1.0440822e-03  -9.1335728e-04  -2.1079379e-04  -2.2218933e-03
  -2.5958527e-03  -5.6505694e-04   4.4064023e-05  -2.3757743e-03
   1.3847761e-03  -7.5980552e-04  -6.8303032e-04  -2.0980378e-03
   9.5747693e-04  -9.4331860e-04  -9.2289650e-04  -1.8315608e-03
  -1.2015082e-03  -6.5119573e-04  -4.4691206e-04  -1.9479099e-03
  -6.2427950e-04  -9.2459278e-04   4.6382983e-04  -2.4508383e-03
  -5.8679712e-04  -1.0182219e-03   7.6366255e-04  -2.5521746e-03
  -8.4917378e-04  -1.0444381e-03   1.4080751e-05  -1.9291439e-03
  -1.1865152e-03  -7.9351200e-04   4.7132565e-04  -1.7827692e-03
  -1.7225132e-03  -7.7478618e-04   7.7490628e-04  -1.8728459e-03
  -1.1078022e-03  -7.5980552e-04   1.0332842e-05  -1.5913562e-03
  -5.3057355e-04  -6.1748925e-04  -2.7076033e-04  -1.6363945e-03
  -1.0515786e-03  -8.7590563e-04   2.8767811e-04  -1.7715096e-03
  -1.3064588e-03  -6.2123441e-04   8.3487282e-04  -1.6664201e-03
  -2.4421749e-03  -7.0362804e-04   7.2993137e-04  -1.3098664e-03
  -2.6145939e-03  -1.1680285e-03   1.0897306e-03  -1.4074495e-03
  -3.2480461e-03  -9.7327992e-04   1.7493626e-03  -1.7189649e-03
  -3.0006624e-03  -9.8451542e-04   2.2141033e-03  -1.5350582e-03
  -1.3626824e-03  -9.9200575e-04   2.0754307e-03  -1.2498152e-03
  -1.3102071e-03  -6.2872474e-04   2.1541368e-03  -1.1447257e-03
   5.5641547e-04  -8.3470882e-04   3.1660722e-03  -1.3286324e-03
  -3.4316165e-04  -7.7478618e-04   4.1855035e-03  -1.2348024e-03
  -2.7270410e-03  -6.9988288e-04   4.8863625e-03  -1.2423088e-03
  -1.7899815e-03  -9.5080893e-04   5.5010195e-03  -1.5425646e-03
   4.6645775e-04  -7.8602167e-04   5.9582644e-03  -1.5087858e-03
   2.2243814e-03  -5.1636979e-04   5.5047674e-03  -1.5463178e-03
   2.1269272e-03   4.2081450e-06   6.6591234e-03  -1.7865224e-03
   2.9552878e-03  -1.9054044e-04   9.0840205e-03  -2.2706848e-03
   2.8990642e-03  -6.6243123e-04   9.5412654e-03  -2.6084725e-03
   1.7595999e-03  -6.3621507e-04   8.3719178e-03  -1.9891950e-03
   1.9882424e-03  -5.5756661e-04   7.4087052e-03  -1.8390672e-03
   3.5100270e-03  -2.2050176e-04   7.1763349e-03  -2.3757743e-03
   4.9268610e-03  -7.0695155e-05   5.0775058e-03  -2.3119700e-03
   3.9148367e-03  -2.2424692e-04   2.0904223e-03  -2.3720211e-03
   3.0002666e-03  -6.0999892e-04   7.4492301e-04  -2.8148984e-03
   1.9919906e-03  -7.5980552e-04  -8.9666114e-04  -3.1414265e-03
   1.3661281e-04  -7.9725717e-04  -4.4684184e-03  -2.8224048e-03
   3.3526942e-04  -8.9088629e-04  -8.6248495e-03  -2.7098089e-03
   8.6751922e-04  -7.0362804e-04  -1.1439529e-02  -2.8111452e-03
   4.1398242e-04  -7.5980552e-04  -1.2687583e-02  -2.7473408e-03
  -1.8761910e-03  -8.2347332e-04  -1.4314175e-02  -2.8148984e-03
  -2.1573088e-03  -9.3957344e-04  -1.3707014e-02  -2.8599367e-03
   3.6525533e-04  -1.3627771e-03  -1.2140388e-02  -3.1714521e-03
  -5.3432179e-04  -1.3665222e-03  -1.2451465e-02  -2.7435876e-03
   1.5909292e-03  -9.4331860e-04  -9.9815926e-03  -3.1001414e-03
   1.0024558e-03  -6.0250859e-04  -1.3186055e-02  -3.0325838e-03
  -3.8102818e-03  -6.7366672e-04  -1.6371777e-02  -1.7189649e-03
   5.1893309e-04  -1.2803834e-03  -9.5880621e-03  -3.0963882e-03
   2.2393743e-03  -1.4339352e-03  -8.6848160e-03  -4.0647130e-03
  -3.0981166e-03  -7.5231519e-04  -1.4250461e-02  -2.2406592e-03
  -2.8357399e-03  -5.3135045e-04  -1.6124415e-02  -1.2272961e-03
   1.6733904e-03  -1.0369477e-03  -1.0806133e-02  -2.5484214e-03
   7.9255446e-04  -1.0294574e-03  -5.5703037e-03  -3.4642015e-03
  -3.3867309e-03  -5.3884078e-04  -7.4330144e-03  -2.2143869e-03
  -7.4422312e-04  -7.0362804e-04  -6.4585581e-03  -1.6514073e-03
   3.8286272e-03  -9.3582827e-04  -7.1676150e-04  -2.5972130e-03
   1.6134186e-03  -5.8752793e-04   2.3003052e-03  -2.4245659e-03
  -8.3043259e-04  -5.8378276e-04   3.2860053e-03  -1.6401477e-03
   2.1981437e-03  -9.9575091e-04   5.7333899e-03  -1.8390672e-03
   4.1547239e-03  -9.8451542e-04   8.9978186e-03  -1.9854418e-03
   1.3510419e-03  -6.6617639e-04   1.0613167e-02  -2.0454930e-03
   9.1249808e-04  -4.3772133e-04   1.0972967e-02  -1.8052884e-03
   4.0197874e-03  -5.7629243e-04   1.1411472e-02  -1.7640032e-03
   4.3496323e-03  -7.7104101e-04   1.1763775e-02  -2.1543357e-03
   1.3023148e-03  -3.9277935e-04   1.0616915e-02  -1.8615863e-03
  -7.3672664e-04  -4.4146649e-04   8.5892965e-03  -1.9516631e-03
   1.2948184e-03  -8.9463146e-04   7.7984877e-03  -2.0980378e-03
   2.0482142e-03  -9.0586695e-04   6.0669538e-03  -2.1881145e-03
  -2.7944161e-04  -8.2721849e-04   4.0280913e-03  -2.4883702e-03
  -7.7420902e-04  -5.3884078e-04   2.6750961e-03  -2.2143869e-03
   3.5775885e-04  -7.4857002e-04   1.7043877e-03  -2.0605058e-03
   5.6766018e-04  -1.0706542e-03   1.4120508e-03  -2.2556720e-03
  -1.0403339e-03  -6.9613771e-04   2.1271993e-04  -2.2293996e-03
  -1.3214518e-03  -7.8976684e-04  -9.6787141e-04  -2.2556720e-03
   5.0403336e-05  -8.0100233e-04  -2.1522107e-03  -2.2181401e-03
  -2.8318985e-04  -7.1486354e-04  -3.4564830e-03  -2.0830250e-03
  -1.1340399e-03  -8.8339596e-04  -4.2547876e-03  -2.4020467e-03
  -1.9361628e-03  -6.3621507e-04  -5.3604208e-03  -2.1355697e-03
  -2.0298688e-03  -8.1223783e-04  -5.5628078e-03  -1.9967014e-03
  -4.2937113e-04  -1.1493027e-03  -4.1198629e-03  -2.4545915e-03
  -3.6190284e-04  -8.7216047e-04  -4.0973754e-03  -2.5259022e-03
  -1.3739271e-03  -6.4370540e-04  -5.9563383e-03  -2.3457488e-03
  -1.4151577e-03  -7.1111837e-04  -7.4742414e-03  -1.9704291e-03
  -1.1527811e-03  -1.0856349e-03  -7.3730479e-03  -2.2631784e-03
  -1.7300097e-03  -1.1193414e-03  -6.4810455e-03  -2.3720211e-03
  -2.4159373e-03  -5.3884078e-04  -6.9870133e-03  -2.0492462e-03
  -1.2652282e-03  -7.7104101e-04  -7.1069463e-03  -1.9629227e-03
  -8.4167731e-04  -9.9949608e-04  -5.7689428e-03  -2.0717654e-03
  -1.6250590e-03  -6.6243123e-04  -3.9324674e-03  -2.4208127e-03
  -1.7187650e-03  -7.3358936e-04  -2.3733373e-03  -2.1130505e-03
  -1.3252000e-03  -8.0849266e-04  -1.5787806e-03  -1.8991183e-03
  -3.3191694e-04  -8.7216047e-04  -2.2203752e-04  -1.8390672e-03
  -5.3432179e-04  -6.3621507e-04   1.8205729e-03  -1.6176285e-03
  -5.0808413e-04  -5.0138913e-04   3.7395023e-03  -1.6439009e-03
   8.0379917e-04  -7.4857002e-04   4.6914712e-03  -1.4975262e-03
   3.8774476e-04  -8.4968948e-04   6.1081808e-03  -1.5350582e-03
  -2.4561424e-05  -7.7104101e-04   8.1657828e-03  -1.5951094e-03
   3.3526942e-04  -5.5007628e-04   9.2939034e-03  -1.7790160e-03
   1.1448888e-03  -5.8003760e-04   9.0090624e-03  -1.8353140e-03
   1.2423430e-03  -6.9239255e-04   6.6853588e-03  -1.3023600e-03
   5.4151574e-05  -6.2872474e-04   6.1981306e-03  -1.4862666e-03
   3.5775885e-04  -6.9988288e-04   7.1800828e-03  -2.0529994e-03
  -1.5574975e-04  -9.0212179e-04   6.0819454e-03  -1.9103779e-03
  -9.8036211e-04  -8.2347332e-04   4.1742597e-03  -1.4112027e-03
  -4.8184646e-04  -6.9988288e-04   3.3234844e-03  -1.3173728e-03
  -3.8814051e-04  -8.0849266e-04   4.6839754e-03  -1.6926925e-03
  -4.2562289e-04  -6.6243123e-04   5.7071545e-03  -1.9366503e-03
   3.5410384e-05  -5.1262463e-04   4.9763123e-03  -2.0942846e-03
   6.6886261e-04  -8.7216047e-04   3.7507460e-03  -1.9404035e-03
   2.8279409e-04  -6.8864738e-04   2.5963901e-03  -1.7527436e-03
  -1.5200152e-04  -4.6768265e-04   2.0866744e-03  -1.8991183e-03
  -1.0365857e-03  -9.1710245e-04   1.0035287e-03  -1.7189649e-03
  -1.7487509e-03  -8.9463146e-04   1.9772829e-04  -1.6476541e-03
  -8.8665616e-04  -8.4968948e-04   3.9261956e-04  -1.9741823e-03
  -8.5292202e-04  -8.0474750e-04  -2.5576870e-04  -2.1393229e-03
  -9.9910330e-04  -6.5119573e-04  -1.4438559e-03  -2.2669316e-03
  -6.2427950e-04  -5.7254727e-04  -2.1709502e-03  -2.0680122e-03
  -9.0539735e-04  -7.1486354e-04  -1.9985464e-03  -2.1017910e-03
  -1.7075203e-03  -1.1904995e-03  -2.0922441e-03  -2.3720211e-03
  -2.4759091e-03  -1.1193414e-03  -2.9992381e-03  -1.9666759e-03
  -1.6887791e-03  -1.1006155e-03  -3.8462655e-03  -2.0267270e-03
  -6.6925836e-04  -1.0594187e-03  -3.9774423e-03  -2.1430761e-03
  -9.8785859e-04  -6.5119573e-04  -3.0667004e-03  -2.1205569e-03
  -1.3252000e-03  -8.3096365e-04  -2.4108164e-03  -2.2969572e-03
  -1.1677740e-03  -1.0144767e-03  -2.6506825e-03  -2.1280633e-03
  -1.5013672e-03  -8.7590563e-04  -3.3627853e-03  -2.2181401e-03
  -2.0411135e-03  -1.0444381e-03  -3.4602309e-03  -2.0642590e-03
  -1.4338989e-03  -9.6578959e-04  -2.5457411e-03  -2.1055441e-03
  -1.0553269e-03  -6.6617639e-04  -1.6387471e-03  -2.3532552e-03
  -1.0253410e-03  -7.2609903e-04  -1.7999072e-03  -2.1618421e-03
  -4.4061584e-04  -8.1598299e-04  -1.8373863e-03  -2.1205569e-03
  -2.4570747e-04  -9.3582827e-04  -1.3583561e-04  -2.1430761e-03
  -6.3927246e-04  -9.6578959e-04   1.3221010e-03  -2.0529994e-03
  -9.3163502e-04  -9.2459278e-04   1.3745717e-03  -1.6363945e-03
  -8.1169140e-04  -1.1230865e-03   1.3033614e-03  -1.6176285e-03
  -1.6324623e-04  -1.0107316e-03   1.9929767e-03  -1.8841055e-03
   4.0273771e-04  -6.7366672e-04   2.8662395e-03  -1.8615863e-03
   2.3031876e-04  -8.1598299e-04   2.7987771e-03  -2.0680122e-03
   4.6270952e-04  -7.6729585e-04   2.5813984e-03  -1.8278076e-03
   5.4142251e-04  -7.5606035e-04   3.1960555e-03  -1.6889393e-03
   2.1907405e-04  -1.0107316e-03   3.9493852e-03  -2.0980378e-03
   2.0417432e-05  -9.9200575e-04   3.8669312e-03  -1.9629227e-03
  -1.1826737e-04  -1.0069864e-03   3.0461391e-03  -1.8540799e-03
   9.5382192e-05  -8.4968948e-04   2.5701547e-03  -1.8578331e-03
   2.9029057e-04  -7.3733453e-04   2.8137688e-03  -1.8653395e-03
   1.9658462e-04  -7.4107969e-04   2.8062730e-03  -2.0529994e-03
  -9.9526184e-05  -8.9463146e-04   2.1953638e-03  -1.8578331e-03
  -3.5806138e-05  -8.3845398e-04   1.7268752e-03  -1.7302244e-03
   1.2536810e-04  -6.7741189e-04   1.8168250e-03  -1.9028715e-03
  -3.2057900e-05  -1.0219671e-03   1.7681022e-03  -2.1168037e-03
  -3.1692399e-04  -9.6578959e-04   1.1384535e-03  -1.9929482e-03
  -1.1451914e-04  -7.3358936e-04   5.9125874e-04  -1.9666759e-03
  -6.2043804e-05  -8.7590563e-04   1.1902220e-04  -2.2594252e-03
  -3.9563699e-04  -8.7216047e-04  -1.3958352e-04  -2.2031273e-03
  -4.0313346e-04  -7.5231519e-04  -7.4674478e-04  -2.1918677e-03
  -4.5560879e-04  -8.8339596e-04  -1.6799741e-03  -2.1055441e-03
  -2.2696628e-04  -8.7965080e-04  -2.1297232e-03  -2.3157232e-03
  -4.4811232e-04  -6.9613771e-04  -2.5794723e-03  -2.3457488e-03
  -9.0914559e-04  -7.9351200e-04  -2.6581784e-03  -1.9891950e-03
  -8.1543964e-04  -8.9837662e-04  -2.8755571e-03  -2.1843613e-03
  -6.5801365e-04  -9.6578959e-04  -3.0217255e-03  -2.1843613e-03
  -7.1798545e-04  -9.8826058e-04  -2.8530696e-03  -2.1355697e-03
  -9.1664207e-04  -8.3845398e-04  -2.9092883e-03  -2.1055441e-03
  -4.6310527e-04  -9.2084761e-04  -2.3808331e-03  -2.2256465e-03
  -6.5792042e-05  -1.0369477e-03  -1.7062095e-03  -2.4245659e-03
  -6.5426541e-04  -9.5455410e-04  -1.7436886e-03  -2.2556720e-03
  -4.6685351e-04  -9.8826058e-04  -1.5825285e-03  -2.2106337e-03
   2.7529762e-04  -8.5343464e-04  -1.2039897e-03  -1.9854418e-03
  -1.7074271e-04  -7.3733453e-04  -1.1665106e-03  -2.1505825e-03
  -6.3552422e-04  -7.0362804e-04  -5.0313069e-04  -2.3720211e-03
  -7.2173369e-04  -7.7853134e-04  -1.9955006e-04  -1.9291439e-03
  -9.5777946e-05  -8.7965080e-04  -1.2084397e-04  -1.9366503e-03
   8.4128155e-04  -5.6131177e-04   1.9023247e-04  -1.9066247e-03
   5.4142251e-04  -5.5382144e-04   1.7524084e-04  -1.6476541e-03
   4.6655098e-05  -4.7891814e-04   9.5480591e-04  -1.8503268e-03
   2.6780114e-04  -4.3023100e-04   1.1646888e-03  -1.9666759e-03
   4.9269542e-04  -7.7853134e-04   1.0934785e-03  -1.8540799e-03
   3.2777295e-04  -6.7366672e-04   1.6331774e-03  -1.7377308e-03
   3.5775885e-04  -6.9988288e-04   1.4832611e-03  -1.5913562e-03
   5.8265313e-04  -5.2011496e-04   1.6519170e-03  -1.7152117e-03
   7.9255446e-04  -5.1636979e-04   1.9480018e-03  -2.0304802e-03
   6.9135203e-04  -1.0594187e-03   1.8205729e-03  -2.0267270e-03
   2.7529762e-04  -7.7478618e-04   1.8280687e-03  -1.9103779e-03
   1.8159167e-04  -7.6729585e-04   1.6594128e-03  -1.9404035e-03
   2.2657052e-04  -8.4968948e-04   1.4532778e-03  -1.8203012e-03
   4.8519894e-04  -4.6393748e-04   9.2107473e-04  -1.8090416e-03
   4.8145071e-04  -5.6505694e-04   5.9875455e-04  -1.9216375e-03
   1.2536810e-04  -5.6505694e-04   6.0625037e-04  -1.8953651e-03
  -2.0719960e-06  -6.3996024e-04   2.7268647e-04  -2.0492462e-03
  -1.4075680e-04  -7.3733453e-04   2.1576569e-05  -1.9629227e-03
  -1.8198742e-04  -7.6729585e-04  -3.9818924e-04  -1.9178843e-03
  -6.9540280e-05  -8.6841530e-04  -8.1420714e-04  -2.1430761e-03
  -1.0327442e-04  -6.8115705e-04  -1.2751999e-03  -2.1092973e-03
  -1.5200152e-04  -5.9501826e-04  -1.6087638e-03  -2.0830250e-03
  -1.0702266e-04  -6.8864738e-04  -1.5487973e-03  -2.0942846e-03
  -4.4811232e-04  -7.4857002e-04  -1.8673696e-03  -2.1205569e-03
  -5.3057355e-04  -6.1748925e-04  -2.1184795e-03  -1.8841055e-03
  -4.4811232e-04  -6.7366672e-04  -2.2234209e-03  -1.9816886e-03
  -3.0193104e-04  -9.2833794e-04  -2.1297232e-03  -2.2331528e-03
   9.5382192e-05  -8.1598299e-04  -1.7811677e-03  -2.2331528e-03
  -2.4570747e-04  -5.5007628e-04  -1.7811677e-03  -2.5183958e-03
  -2.9068632e-04  -7.0737321e-04  -1.8636217e-03  -2.2218933e-03
  -5.8295566e-05  -8.1223783e-04  -1.5675368e-03  -2.2256465e-03
  -9.5684720e-06  -6.8115705e-04  -1.1852501e-03  -2.4245659e-03
   7.6641002e-05  -9.5829926e-04  -1.4513517e-03  -2.1168037e-03
  -2.7569337e-04  -8.3470882e-04  -1.3801414e-03  -2.3457488e-03
  -1.0327442e-04  -6.8115705e-04  -1.0090984e-03  -2.2969572e-03
   2.4156347e-04  -9.8077025e-04  -9.1540068e-04  -2.4208127e-03
   3.9158622e-05  -8.7216047e-04  -5.6309724e-04  -2.4620979e-03
  -2.0813186e-05  -9.7327992e-04  -5.9682842e-04  -2.1543357e-03
   1.5910224e-04  -9.8077025e-04  -5.4060978e-04  -2.0942846e-03
   3.5775885e-04  -7.5606035e-04  -2.1454170e-04  -1.8503268e-03
   2.0408109e-04  -8.4968948e-04  -8.7112792e-05  -2.2218933e-03
  -3.5806138e-05  -7.6729585e-04   2.2396365e-04  -2.3007104e-03
   4.0648595e-04  -6.6617639e-04   2.7643438e-04  -1.8465736e-03
   7.4757560e-04  -7.2984420e-04   2.2396365e-04  -1.9441567e-03
   6.0139432e-04  -8.1972816e-04   4.9006519e-04  -2.2143869e-03
   5.8640137e-04  -7.1860870e-04   5.2004847e-04  -2.1355697e-03
   5.4142251e-04  -6.7741189e-04   5.0880474e-04  -1.9328971e-03
   6.0514256e-04  -6.2497958e-04   5.9500665e-04  -2.0267270e-03
   8.1504389e-04  -4.4895682e-04   3.7388001e-04  -2.0567526e-03
   8.6751922e-04  -8.3845398e-04   1.4150966e-04  -1.9629227e-03
   6.4262494e-04  -1.0781445e-03   3.1766138e-04  -2.3082168e-03
  -3.5806138e-05  -1.0032412e-03   3.3265302e-04  -2.6197321e-03
  -4.7434998e-04  -1.0818897e-03   7.7795204e-05  -2.2406592e-03
   1.5910224e-04  -9.1710245e-04  -4.1692878e-04  -2.1806081e-03
   1.0024558e-03  -7.8602167e-04  -1.5562931e-03  -2.1318165e-03
   1.2161054e-03  -6.7741189e-04  -1.8561258e-03  -1.7677564e-03
   9.6497341e-04  -4.0401484e-04  -1.2302250e-03  -2.0379866e-03
  -1.7074271e-04  -5.9127309e-04  -9.4163604e-04  -2.3269828e-03
  -1.0365857e-03  -9.2833794e-04  -9.6412350e-04  -2.5596810e-03
  -4.6310527e-04  -9.5829926e-04  -1.6050159e-03  -2.4696043e-03
   2.6780114e-04  -9.5829926e-04  -2.1222274e-03  -2.0304802e-03
   2.9403881e-04  -7.1486354e-04  -2.2271688e-03  -2.1768549e-03
  -2.1946980e-04  -7.0362804e-04  -2.6206993e-03  -2.2143869e-03
  -9.2029708e-05  -7.5606035e-04  -2.5907160e-03  -2.0192206e-03
   2.6030466e-04  -5.7629243e-04  -2.3770852e-03  -2.0192206e-03
   2.5280819e-04  -9.0586695e-04  -2.5195057e-03  -2.2106337e-03
