   5.0403336e-05  -9.3208311e-04  -1.3208770e-04  -1.9028715e-03
  -2.2321804e-04  -8.0100233e-04  -2.1454170e-04  -1.8503268e-03
  -1.7823918e-04  -6.8864738e-04  -3.8389975e-05  -1.8353140e-03
  -7.3288518e-05  -8.8339596e-04  -3.0823942e-04  -1.8690927e-03
  -2.7569337e-04  -9.2084761e-04  -2.8575197e-04  -2.0004546e-03
  -1.5949799e-04  -6.8490222e-04  -6.8373247e-05  -1.8390672e-03
   6.5396288e-05  -7.4857002e-04  -1.6207097e-04  -1.7902756e-03
   9.5382192e-05  -7.0737321e-04   6.2803568e-05  -2.1956209e-03
  -2.8318985e-04  -6.2123441e-04  -1.2459188e-04  -1.9741823e-03
  -5.8202340e-06  -6.6243123e-04  -3.5321433e-04  -1.9028715e-03
   3.1662146e-05  -6.8490222e-04  -1.0210443e-04  -2.2293996e-03
  -1.9323213e-04  -8.7216047e-04  -2.7146248e-05  -1.8991183e-03
  -1.7449094e-04  -8.7590563e-04  -8.4067030e-06  -1.8540799e-03
  -1.8948390e-04  -9.2084761e-04  -2.4452497e-04  -2.0379866e-03
   3.5410384e-05  -9.3957344e-04  -2.3702915e-04  -1.9779355e-03
  -1.5200152e-04  -8.1972816e-04  -3.0894157e-05  -1.9779355e-03
  -1.3326033e-04  -7.1111837e-04  -1.2833979e-04  -2.0042078e-03
  -4.7050852e-05  -6.3621507e-04  -2.3702915e-04  -2.1918677e-03
  -7.3288518e-05  -7.9725717e-04  -1.9955006e-04  -1.9741823e-03
  -2.4570747e-04  -7.8602167e-04  -3.4642066e-05  -1.8240544e-03
  -3.5065813e-04  -6.0250859e-04  -2.1079379e-04  -2.0642590e-03
  -1.4450504e-04  -8.5343464e-04  -2.3328124e-04  -2.1843613e-03
  -2.7944161e-04  -1.2541673e-03   2.9072387e-05  -2.0755186e-03
  -1.9323213e-04  -9.1335728e-04   1.0332842e-05  -1.9366503e-03
  -2.5320394e-04  -6.4745057e-04  -1.3208770e-04  -2.1318165e-03
  -5.4547328e-05  -8.5717981e-04  -2.2953333e-04  -1.9779355e-03
   1.2911633e-04  -6.9239255e-04  -7.9616974e-05  -2.0905314e-03
  -8.8281470e-05  -7.0362804e-04  -2.0329797e-04  -2.1918677e-03
   6.1648050e-05  -9.4706377e-04  -4.0943297e-04  -2.1092973e-03
  -5.4547328e-05  -7.5606035e-04  -1.2084397e-04  -2.3570083e-03
  -1.4450504e-04  -7.9725717e-04  -2.4452497e-04  -2.2706848e-03
  -1.8948390e-04  -1.0182219e-03  -2.4827288e-04  -2.2856976e-03
  -1.5574975e-04  -7.8976684e-04  -1.5457515e-04  -2.0529994e-03
  -7.3288518e-05  -7.2984420e-04  -3.2697897e-04  -2.1393229e-03
  -8.8281470e-05  -7.2609903e-04   2.8370240e-06  -2.4470851e-03
  -1.9323213e-04  -8.0100233e-04  -2.2203752e-04  -2.1806081e-03
  -3.0942751e-04  -8.6467014e-04  -4.4316415e-04  -2.2594252e-03
  -3.2057900e-05  -7.4107969e-04  -1.9205424e-04  -2.1881145e-03
  -1.9698037e-04  -8.7965080e-04  -1.5082725e-04  -2.1580889e-03
  -1.3700856e-04  -7.1111837e-04  -4.6587940e-06  -2.1768549e-03
   8.7885716e-05  -5.9876342e-04   1.0332842e-05  -1.9854418e-03
  -1.1826737e-04  -7.6355068e-04  -2.3398339e-05  -2.1468293e-03
   1.8159167e-04  -7.4107969e-04   3.6568205e-05  -2.0379866e-03
   1.5160576e-04  -7.1860870e-04   2.9072387e-05  -2.1580889e-03
  -5.8295566e-05  -7.1860870e-04  -2.4077706e-04  -2.0004546e-03
  -2.0813186e-05  -6.7366672e-04  -1.2084397e-04  -1.6514073e-03
  -1.7074271e-04  -5.7254727e-04  -1.0210443e-04  -2.0792718e-03
   7.2892764e-05  -6.8490222e-04  -2.4452497e-04  -2.0267270e-03
  -2.0719960e-06  -8.9463146e-04  -7.2121156e-05  -1.8991183e-03
  -1.4825328e-04  -8.0474750e-04  -9.8356519e-05  -1.9141311e-03
  -2.0822509e-04  -5.9127309e-04  -3.4642066e-05  -1.8015352e-03
  -4.2187465e-04  -7.5980552e-04  -1.5902521e-05  -2.0229738e-03
   3.9158622e-05  -6.8115705e-04   1.6774502e-04  -2.1543357e-03
  -1.1451914e-04  -4.5270199e-04   9.6534749e-05  -2.0417398e-03
  -2.0072861e-04  -7.7104101e-04  -5.3381611e-05  -1.9891950e-03
  -4.3302614e-05  -8.7590563e-04  -1.0960025e-04  -1.8578331e-03
  -3.3941342e-04  -7.9351200e-04  -2.5951661e-04  -1.8278076e-03
  -3.9554376e-05  -8.0474750e-04  -2.5576870e-04  -2.0154674e-03
  -6.9540280e-05  -8.3096365e-04  -3.0449151e-04  -1.9028715e-03
  -2.7194513e-04  -8.0849266e-04  -4.2137884e-05  -2.0755186e-03
  -1.3700856e-04  -6.8115705e-04  -4.5885793e-05  -2.1430761e-03
  -1.7074271e-04  -7.3358936e-04  -1.2084397e-04  -1.9554163e-03
  -1.7074271e-04  -7.4857002e-04  -2.8200406e-04  -2.2519188e-03
  -4.3302614e-05  -8.7965080e-04  -3.3822270e-04  -2.0680122e-03
  -1.9323213e-04  -1.2316963e-03  -1.0210443e-04  -1.8765991e-03
  -4.0313346e-04  -9.2833794e-04  -2.1454170e-04  -2.1168037e-03
  -1.8573566e-04  -8.3845398e-04  -2.1828961e-04  -2.0642590e-03
  -2.7194513e-04  -8.4968948e-04  -2.9324779e-04  -1.9629227e-03
  -3.4316165e-04  -6.3246991e-04  -1.8830634e-04  -2.0267270e-03
  -1.9698037e-04  -1.0706542e-03  -2.6326452e-04  -2.2293996e-03
  -2.6444866e-04  -8.3096365e-04  -4.3192042e-04  -2.1205569e-03
  -1.2201561e-04  -1.0069864e-03  -1.8081052e-04  -2.0042078e-03
  -2.1946980e-04  -1.2504221e-03  -2.1828961e-04  -2.1731017e-03
  -2.9818280e-04  -7.5231519e-04  -1.0210443e-04  -1.9704291e-03
  -9.9526184e-05  -1.0706542e-03  -1.2154612e-05  -2.0642590e-03
  -2.3821099e-04  -9.0961212e-04  -3.5696224e-04  -2.2444124e-03
  -4.4061584e-04  -8.1972816e-04  -4.6190369e-04  -2.0229738e-03
  -2.7194513e-04  -9.3582827e-04  -4.2442460e-04  -2.1205569e-03
  -1.9698037e-04  -8.0849266e-04  -3.0823942e-04  -2.0980378e-03
  -3.5065813e-04  -1.0144767e-03  -1.7331470e-04  -2.0342334e-03
  -2.4945570e-04  -1.0219671e-03  -2.9324779e-04  -2.1843613e-03
  -3.2816870e-04  -8.6841530e-04  -7.2121156e-05  -2.1092973e-03
  -1.1826737e-04  -6.1748925e-04  -1.6581888e-04  -1.9591695e-03
   8.0389240e-05  -8.7216047e-04  -4.7689533e-04  -2.1055441e-03
  -2.4195923e-04  -7.8976684e-04  -1.4333143e-04  -1.9141311e-03
  -1.1077090e-04  -7.1486354e-04  -1.4707934e-04  -1.5988626e-03
  -2.4561424e-05  -1.0294574e-03  -8.3364883e-05  -1.9178843e-03
  -1.5574975e-04  -8.2347332e-04  -1.5902521e-05  -1.9291439e-03
  -3.9554376e-05  -1.0893800e-03  -1.0960025e-04  -1.7377308e-03
  -3.2057900e-05  -7.7478618e-04   1.0028266e-04  -1.8240544e-03
  -2.5695218e-04  -5.3884078e-04  -1.1709606e-04  -2.0042078e-03
  -1.2951209e-04  -9.9200575e-04  -1.9650430e-05  -2.0042078e-03
  -1.3700856e-04  -9.6953476e-04  -8.4067030e-06  -1.9291439e-03
  -2.7194513e-04  -1.0257122e-03  -3.3447479e-04  -2.0830250e-03
   3.9158622e-05  -7.7104101e-04  -2.7076033e-04  -2.0154674e-03
  -2.1946980e-04  -7.8602167e-04  -2.2203752e-04  -1.8540799e-03
  -2.0447685e-04  -8.3470882e-04  -1.2459188e-04  -1.8991183e-03
   1.2536810e-04  -5.1262463e-04  -3.0074361e-04  -1.9253907e-03
  -2.0072861e-04  -7.2235387e-04  -1.9580215e-04  -2.0567526e-03
  -1.1451914e-04  -7.7853134e-04  -1.6207097e-04  -2.1243101e-03
  -6.5792042e-05  -6.7366672e-04  -3.9818924e-04  -1.9479099e-03
  -1.7449094e-04  -7.4107969e-04  -9.4608610e-05  -1.9404035e-03
   1.6762420e-06  -5.8003760e-04  -1.6956679e-04  -1.9704291e-03
  -1.2201561e-04  -7.0737321e-04  -3.0074361e-04  -2.0304802e-03
  -1.9698037e-04  -9.0961212e-04  -2.3702915e-04  -2.0267270e-03
  -3.5806138e-05  -7.3733453e-04  -3.6820597e-04  -2.0567526e-03
  -1.7064948e-05  -7.1486354e-04  -2.1828961e-04  -2.2031273e-03
  -9.5777946e-05  -7.5231519e-04  -2.0329797e-04  -2.0680122e-03
  -6.2043804e-05  -6.1374408e-04  -3.7570179e-04  -2.0454930e-03
   2.0417432e-05  -6.7741189e-04  -3.1198733e-04  -2.1543357e-03
  -7.7036756e-05  -7.7104101e-04  -5.3381611e-05  -2.3344892e-03
  -2.6070042e-04  -6.5868606e-04  -9.1088500e-07  -2.2969572e-03
  -1.3326033e-04  -9.3582827e-04  -1.7331470e-04  -2.0792718e-03
  -2.0447685e-04  -8.7590563e-04  -1.7331470e-04  -2.3382424e-03
  -2.4195923e-04  -5.6880210e-04  -2.8575197e-04  -2.4020467e-03
  -1.2201561e-04  -7.7478618e-04  -1.8081052e-04  -2.1468293e-03
  -1.3700856e-04  -8.1972816e-04  -1.5832306e-04  -2.0755186e-03
   7.2892764e-05  -8.4594431e-04  -2.9324779e-04  -2.1468293e-03
  -1.4075680e-04  -8.1223783e-04  -1.3583561e-04  -2.2819444e-03
  -2.2696628e-04  -7.0362804e-04  -2.1079379e-04  -2.0980378e-03
  -4.7050852e-05  -8.3096365e-04  -1.5832306e-04  -2.1130505e-03
  -8.4533232e-05  -7.8602167e-04  -3.8389975e-05  -2.2969572e-03
  -5.8202340e-06  -5.4633111e-04  -1.8455843e-04  -1.9404035e-03
   6.1648050e-05  -7.5231519e-04  -2.2578543e-04  -1.8728459e-03
   4.2906860e-05  -9.9949608e-04   8.5291022e-05  -2.0942846e-03
   6.1648050e-05  -7.3733453e-04   2.4645111e-04  -1.9216375e-03
   7.6641002e-05  -7.0737321e-04  -5.7129520e-05  -1.8728459e-03
   8.0389240e-05  -8.9837662e-04  -1.6207097e-04  -1.9591695e-03
   1.7784343e-04  -7.4107969e-04  -9.1088500e-07  -1.8015352e-03
  -2.8309662e-05  -5.4258595e-04  -5.7129520e-05  -1.8878587e-03
  -5.8295566e-05  -5.5382144e-04  -1.3583561e-04  -2.0192206e-03
  -2.4561424e-05  -6.6617639e-04  -1.6581888e-04  -1.8878587e-03
  -2.1572156e-04  -8.0100233e-04  -1.2084397e-04  -1.8690927e-03
  -6.5792042e-05  -7.2984420e-04   5.1559841e-05  -1.8578331e-03
   1.6762420e-06  -6.1374408e-04  -6.8373247e-05  -2.0004546e-03
  -9.9526184e-05  -6.8490222e-04   5.5307750e-05  -1.8278076e-03
  -1.4825328e-04  -6.5494090e-04  -5.3381611e-05  -1.5725902e-03
  -1.7064948e-05  -7.1111837e-04  -4.2067669e-04  -1.8090416e-03
  -1.3316710e-05  -8.6467014e-04  -1.8455843e-04  -1.7715096e-03
  -3.0193104e-04  -8.6841530e-04  -3.5696224e-04  -1.8953651e-03
  -3.1317575e-04  -9.3582827e-04  -3.6820597e-04  -2.0792718e-03
  -1.1077090e-04  -7.9351200e-04  -9.1088500e-07  -1.9253907e-03
  -2.0813186e-05  -7.5980552e-04  -7.5869065e-05  -1.9291439e-03
  -8.0784994e-05  -8.0849266e-04  -1.4333143e-04  -1.9741823e-03
  -7.7036756e-05  -8.1598299e-04  -2.5951661e-04  -1.9704291e-03
   5.0403336e-05  -9.7327992e-04  -1.6207097e-04  -1.9741823e-03
  -1.2576385e-04  -7.9351200e-04  -6.4625338e-05  -2.2631784e-03
  -2.8693808e-04  -8.6841530e-04  -3.6820597e-04  -2.1843613e-03
  -1.2951209e-04  -7.8602167e-04  -4.2442460e-04  -1.8765991e-03
   5.4244800e-06  -6.2123441e-04  -2.3702915e-04  -2.1505825e-03
  -1.0327442e-04  -9.6204443e-04  -2.6326452e-04  -2.1430761e-03
  -3.2816870e-04  -8.1972816e-04  -3.3072688e-04  -2.0905314e-03
  -1.3326033e-04  -8.1598299e-04  -2.2578543e-04  -2.1092973e-03
  -1.9698037e-04  -8.6092497e-04  -2.2953333e-04  -1.8991183e-03
  -3.3191694e-04  -7.4857002e-04  -1.8455843e-04  -1.9253907e-03
  -1.5200152e-04  -9.6953476e-04  -2.4827288e-04  -1.9779355e-03
  -3.4690989e-04  -9.0586695e-04  -3.0449151e-04  -2.0342334e-03
  -3.3566518e-04  -8.4594431e-04  -2.0329797e-04  -2.0755186e-03
  -2.5695218e-04  -8.9837662e-04  -2.1079379e-04  -2.1731017e-03
  -2.1572156e-04  -8.0100233e-04  -1.5457515e-04  -2.3457488e-03
  -1.7449094e-04  -9.2459278e-04  -2.5202079e-04  -2.1430761e-03
  -3.5440637e-04  -1.0294574e-03  -6.4625338e-05  -1.8878587e-03
  -4.2187465e-04  -8.2721849e-04  -2.2578543e-04  -2.0267270e-03
  -3.2442046e-04  -8.9463146e-04  -2.4827288e-04  -2.1055441e-03
  -1.7064948e-05  -8.5343464e-04  -1.7331470e-04  -2.0229738e-03
   7.6641002e-05  -7.0737321e-04  -3.3447479e-04  -1.8052884e-03
   3.5410384e-05  -7.4857002e-04   1.1571930e-03  -1.6439009e-03
  -8.4533232e-05  -7.7478618e-04   1.7081356e-03  -1.8578331e-03
  -4.3686760e-04  -9.9575091e-04   8.6110818e-04  -1.8052884e-03
  -2.1946980e-04  -1.0444381e-03   3.7388001e-04  -1.8765991e-03
   4.5146480e-04  -1.0818897e-03   3.6638420e-04  -2.0042078e-03
   2.0417432e-05  -7.0737321e-04   7.5616673e-04  -1.8465736e-03
  -9.3913150e-04  -5.3135045e-04   5.0505683e-04  -1.8878587e-03
  -3.6939932e-04  -8.4219915e-04   3.6638420e-04  -1.5425646e-03
   3.7650004e-04  -6.6992156e-04   9.5855382e-04  -1.6476541e-03
   5.4244800e-06  -7.7853134e-04   1.6331774e-03  -2.0980378e-03
  -3.2067223e-04  -8.5343464e-04   1.0147725e-03  -1.9216375e-03
  -3.9554376e-05  -7.9351200e-04   4.0386329e-04  -1.9291439e-03
   2.7529762e-04  -8.8339596e-04   5.2754428e-04  -1.7001989e-03
   2.2282228e-04  -8.3470882e-04   1.7830938e-03  -1.5200454e-03
  -8.4533232e-05  -6.2872474e-04   4.5115716e-03  -1.2348024e-03
  -6.0553831e-04  -7.7853134e-04   8.8141711e-03   1.4262085e-04
   5.1518485e-04  -9.6953476e-04   1.9518199e-02   5.9675769e-04
   1.0211970e-03  -5.6131177e-04   2.9420175e-02  -1.0208702e-03
  -1.0815645e-03  -6.0625375e-04   2.6740420e-02  -3.1226605e-03
  -7.3297841e-04  -6.8864738e-04   1.5144389e-02  -3.4754611e-03
   1.9095294e-03  -9.6578959e-04   4.6352525e-03  -3.0776222e-03
   3.5512576e-03  -1.0594187e-03   1.8648456e-04  -3.7269253e-03
   7.2883441e-04  -3.5907286e-04  -4.7082846e-03  -3.3778779e-03
  -4.8972708e-03  -4.4146649e-04  -1.5052513e-02  -1.5162922e-03
  -4.3875105e-03  -1.0519284e-03  -2.4249882e-02  -9.3830557e-05
  -1.6962756e-03  -1.6548999e-03  -2.7885354e-02  -6.9809527e-04
  -4.2863080e-03  -1.3477964e-03  -3.0029158e-02  -1.7339776e-03
  -5.8343303e-03  -7.1860870e-04  -3.0490151e-02  -2.9837922e-03
  -1.7337580e-03  -6.9988288e-04  -2.8282632e-02  -5.1493869e-03
   6.4262494e-04  -6.1374408e-04  -2.9875494e-02  -5.0105186e-03
  -1.5163601e-03  -9.2833794e-04  -3.0512638e-02  -4.4550455e-03
  -2.6145939e-03  -9.7702509e-04  -2.4347328e-02  -4.7102629e-03
  -3.3904791e-03  -1.1830092e-03  -2.0085955e-02  -3.6968997e-03
  -3.9152325e-03  -1.7597646e-03  -1.8410640e-02  -2.2143869e-03
  -1.1452846e-03  -1.6998419e-03  -1.3549602e-02  -9.5331267e-04
   1.4335032e-03  -1.4339352e-03  -4.9931257e-03  -9.7207866e-04
   1.3547902e-03  -9.5455410e-04   3.8631833e-03  -1.6514073e-03
   2.1906472e-03  -7.0362804e-04   1.1628851e-02  -1.9328971e-03
   4.3758700e-03  -9.9949608e-04   1.9484468e-02  -2.4996298e-03
   4.8668892e-03  -8.4594431e-04   2.5428652e-02  -3.0663626e-03
   3.2663915e-03  -3.2536638e-04   2.8037196e-02  -2.6535109e-03
   2.0182283e-03  -4.5644715e-04   2.6358133e-02  -1.6514073e-03
   3.3638457e-03  -6.5868606e-04   2.3401033e-02  -4.5789067e-04
   4.5632819e-03  -4.9764397e-04   2.1272221e-02   2.5521676e-04
   3.3863352e-03  -3.9652451e-04   1.9518199e-02  -2.3645204e-04
   1.3810278e-03  -1.2687263e-04   1.7040831e-02  -5.4046100e-04
   1.1149029e-03  -1.3061780e-04   1.4057496e-02  -9.9084464e-04
   2.1344237e-03  -2.9915022e-04   1.2224768e-02  -2.0417398e-03
   1.9582565e-03  -1.8305011e-04   1.0107200e-02  -2.7961324e-03
   9.1624631e-04   7.5366280e-05   6.5092070e-03  -2.9049751e-03
  -4.8559470e-04   2.2517288e-04   8.0114164e-04  -2.0755186e-03
   8.3378508e-04  -2.9498340e-05  -2.8530696e-03  -1.7077053e-03
   3.0903176e-04  -4.1525034e-04  -5.7576991e-03  -1.2460620e-03
  -3.6003805e-03  -7.5231519e-04  -7.4629977e-03  -4.6539706e-04
  -2.0823441e-03  -8.2347332e-04  -3.7150887e-03  -1.5876030e-03
   8.2628860e-04  -9.7327992e-04  -1.4213684e-03  -2.8674431e-03
   4.6655098e-05  -8.1972816e-04  -3.5127016e-03  -2.3044636e-03
  -1.2127529e-03  -4.6019232e-04  -4.9893778e-03  -2.0567526e-03
   4.5146480e-04  -8.7965080e-04  -2.3321103e-03  -3.0963882e-03
   1.6284115e-03  -1.2916189e-03  -1.1027961e-03  -3.3628651e-03
  -1.2239976e-03  -1.3552868e-03  -4.5658640e-03  -2.5859534e-03
  -2.8507329e-03  -1.1230865e-03  -6.6047265e-03  -1.9066247e-03
  -2.1872947e-03  -1.3515416e-03  -5.5852953e-03  -1.9479099e-03
  -1.2989623e-03  -1.6286838e-03  -4.7794949e-03  -2.1655953e-03
  -1.9323213e-04  -1.3740126e-03  -5.0381006e-03  -2.0154674e-03
   2.4531171e-04  -1.2803834e-03  -5.0081173e-03  -2.0792718e-03
   2.2657052e-04  -7.8602167e-04  -4.7195283e-03  -2.0229738e-03
   7.5882032e-04  -7.0362804e-04  -4.3035104e-03  -2.4283191e-03
   8.6377098e-04  -6.4370540e-04  -4.6070910e-03  -2.5484214e-03
  -8.0784994e-05  -4.1150517e-04  -4.6895450e-03  -1.9779355e-03
  -1.0028515e-03  -6.9239255e-04  -4.1948211e-03  -2.1843613e-03
  -9.2413854e-04  -7.1486354e-04  -4.5621161e-03  -2.1618421e-03
   7.6641002e-05  -1.0069864e-03  -5.0943192e-03  -1.6664201e-03
   3.8024828e-04  -1.1380672e-03  -4.8244698e-03  -1.7677564e-03
  -1.9323213e-04  -1.1493027e-03  -3.1716419e-03  -2.4545915e-03
  -3.5440637e-04  -9.5080893e-04  -2.4033206e-03  -2.4395787e-03
   4.3647185e-04  -5.8378276e-04  -2.9580111e-03  -2.0642590e-03
   1.2685807e-03  -9.9575091e-04  -2.3920768e-03  -2.1881145e-03
   4.7020599e-04  -9.4331860e-04  -1.4588475e-03  -2.0867782e-03
  -8.8665616e-04  -6.9613771e-04  -8.3669459e-04  -1.9854418e-03
  -9.7661388e-04  -8.6467014e-04  -5.8558469e-04  -1.6401477e-03
  -4.1812641e-04  -9.1710245e-04  -3.3447479e-04  -1.4337219e-03
   2.1157757e-04  -1.0519284e-03   6.3998155e-04  -1.7227181e-03
   3.2402471e-04  -9.0586695e-04   1.9480018e-03  -1.7752628e-03
   7.6641002e-05  -7.8602167e-04   2.7650460e-03  -2.0229738e-03
   8.1879213e-04  -8.0474750e-04   2.9337019e-03  -2.4470851e-03
   8.0379917e-04  -7.1486354e-04   3.4958882e-03  -2.1731017e-03
  -8.7915969e-04  -6.6617639e-04   3.5146278e-03  -1.9328971e-03
  -1.4601366e-03  -2.8042440e-04   2.6526087e-03  -1.9629227e-03
  -6.2802774e-04  -4.5644715e-04   2.0229600e-03  -1.6926925e-03
  -1.2201561e-04  -7.1111837e-04   1.9854809e-03  -1.7640032e-03
  -6.0928655e-04  -5.9127309e-04   2.3715155e-03  -1.8503268e-03
  -4.7809822e-04  -9.7327992e-04   2.8699874e-03  -1.9479099e-03
   2.8654233e-04  -8.8339596e-04   2.6113817e-03  -2.1318165e-03
  -1.7074271e-04  -7.7853134e-04   1.5394797e-03  -1.8765991e-03
  -1.0065998e-03  -6.9239255e-04   1.5544714e-03  -1.9328971e-03
  -1.2727247e-03  -4.2274067e-04   2.4427258e-03  -2.1280633e-03
  -5.0058765e-04  -6.1748925e-04   2.9824247e-03  -1.9441567e-03
  -6.0179008e-04  -8.0849266e-04   2.1129098e-03  -1.8127948e-03
  -1.1790187e-03  -9.3957344e-04   1.6856482e-03  -1.6851861e-03
  -2.1572156e-04  -1.0294574e-03   2.6526087e-03  -1.9441567e-03
   3.9158622e-05  -1.1155962e-03   2.5214319e-03  -2.0792718e-03
  -3.5806138e-05  -8.9837662e-04   1.7306231e-03  -1.6063689e-03
   3.1662146e-05  -6.9988288e-04   1.6219337e-03  -1.7077053e-03
  -3.2816870e-04  -7.9351200e-04   2.2253471e-03  -2.1430761e-03
  -6.3177598e-04  -1.0481832e-03   2.3115490e-03  -2.4320723e-03
  -4.4811232e-04  -1.0219671e-03   1.2358991e-03  -2.2481656e-03
   2.1532581e-04  -7.0362804e-04   2.0147620e-04  -1.7189649e-03
   6.5761789e-04  -9.1335728e-04  -2.6326452e-04  -1.7752628e-03
   7.1009322e-04  -7.8227651e-04  -9.8286304e-04  -1.8615863e-03
  -5.0799090e-05  -5.9127309e-04  -1.6574867e-03  -1.7640032e-03
  -1.7074271e-04  -7.2235387e-04  -1.6612346e-03  -1.8728459e-03
  -1.3326033e-04  -6.2872474e-04  -1.7062095e-03  -2.0117142e-03
  -6.2802774e-04  -8.7216047e-04  -2.0510171e-03  -2.0567526e-03
  -2.1197332e-04  -9.5080893e-04  -2.4482955e-03  -2.1318165e-03
   2.4531171e-04  -8.3096365e-04  -2.4632871e-03  -2.3269828e-03
   6.0889080e-04  -9.1335728e-04  -2.2609000e-03  -2.2856976e-03
  -1.2201561e-04  -9.7702509e-04  -2.2983791e-03  -2.0492462e-03
  -9.9535507e-04  -1.0406929e-03  -1.9460757e-03  -2.1393229e-03
  -5.0433589e-04  -8.8714113e-04  -1.4513517e-03  -1.9967014e-03
  -4.2187465e-04  -9.5080893e-04  -1.7661760e-03  -1.7527436e-03
  -2.7944161e-04  -9.1710245e-04  -1.8973528e-03  -1.8052884e-03
  -4.3302614e-05  -6.2872474e-04  -1.2564604e-03  -1.5012794e-03
   5.4244800e-06  -7.5606035e-04  -8.7792159e-04  -1.8052884e-03
  -6.2043804e-05  -8.3096365e-04  -8.4793832e-04  -2.3044636e-03
  -6.5426541e-04  -1.0144767e-03  -6.7928241e-04  -2.1355697e-03
  -1.1227952e-03  -8.7590563e-04  -3.8319760e-04  -1.9479099e-03
  -9.2413854e-04  -5.0887946e-04  -1.2154612e-05  -1.8653395e-03
  -2.0072861e-04  -6.0625375e-04   1.8273666e-04  -2.2218933e-03
  -7.3288518e-05  -3.9652451e-04  -7.2121156e-05  -2.1918677e-03
  -1.7823918e-04  -4.3772133e-04   1.0403057e-04  -1.9666759e-03
  -4.3311937e-04  -8.0474750e-04   6.8870437e-04  -2.2068805e-03
  -9.6911740e-04  -7.2984420e-04   9.9978082e-04  -2.1355697e-03
  -7.4422312e-04  -7.9351200e-04   1.3520843e-03  -1.9929482e-03
  -6.0553831e-04  -9.4706377e-04   1.3783196e-03  -2.0942846e-03
  -5.9429360e-04  -8.3096365e-04   1.3146052e-03  -2.1468293e-03
  -6.3552422e-04  -8.0100233e-04   1.5619672e-03  -2.0717654e-03
  -3.7689580e-04  -7.9725717e-04   1.8205729e-03  -2.1430761e-03
  -1.5200152e-04  -9.5455410e-04   1.6369253e-03  -2.0342334e-03
  -5.5306298e-04  -9.0961212e-04   1.5207402e-03  -1.9253907e-03
  -1.2201561e-04  -5.0138913e-04   1.7081356e-03  -1.9479099e-03
   4.2906860e-05  -6.1748925e-04   1.5020006e-03  -1.8653395e-03
  -2.7194513e-04  -7.9351200e-04   1.3071094e-03  -2.0605058e-03
  -9.2029708e-05  -7.7853134e-04   1.1009744e-03  -1.9328971e-03
  -2.0719960e-06  -8.1972816e-04   1.0522515e-03  -1.8015352e-03
   7.6641002e-05  -9.8451542e-04   9.9228500e-04  -2.0642590e-03
   2.4165670e-05  -1.0968704e-03   6.5122528e-04  -1.9779355e-03
  -2.0072861e-04  -9.6578959e-04   4.0011538e-04  -1.9404035e-03
  -6.2043804e-05  -8.4968948e-04   3.0266974e-04  -1.9816886e-03
  -1.3316710e-05  -8.0849266e-04   1.9023247e-04  -1.9854418e-03
  -4.1437818e-04  -9.2459278e-04  -2.3702915e-04  -2.1918677e-03
  -3.4316165e-04  -9.2459278e-04  -3.5696224e-04  -2.2406592e-03
  -1.3326033e-04  -9.2833794e-04  -4.8064324e-04  -2.1468293e-03
  -5.0058765e-04  -8.3470882e-04  -9.0415695e-04  -2.1055441e-03
  -3.0193104e-04  -8.8714113e-04  -1.1777543e-03  -2.0792718e-03
  -9.5684720e-06  -1.1118510e-03  -1.5075703e-03  -2.0342334e-03
  -6.5426541e-04  -7.4857002e-04  -1.4438559e-03  -2.1355697e-03
  -7.3297841e-04  -8.6092497e-04  -1.4401079e-03  -2.2406592e-03
  -6.3552422e-04  -1.0257122e-03  -1.9385798e-03  -2.3044636e-03
  -7.1798545e-04  -6.6992156e-04  -1.9048487e-03  -2.2406592e-03
  -4.2187465e-04  -8.8339596e-04  -1.7174532e-03  -2.0229738e-03
  -6.9174779e-04  -1.0294574e-03  -1.6237555e-03  -2.0830250e-03
  -6.2053127e-04  -7.4107969e-04  -1.0503254e-03  -2.0642590e-03
  -2.4570747e-04  -6.5868606e-04  -5.9682842e-04  -2.1017910e-03
  -4.2187465e-04  -7.3358936e-04  -8.1045923e-04  -2.1355697e-03
  -4.0688170e-04  -6.2497958e-04  -9.7161932e-04  -1.9066247e-03
  -3.1692399e-04  -6.8115705e-04  -7.3550105e-04  -1.9028715e-03
  -2.1572156e-04  -8.4219915e-04  -4.6939951e-04  -1.7339776e-03
  -2.7569337e-04  -8.1223783e-04  -2.7825615e-04  -1.9216375e-03
  -3.0567927e-04  -8.3845398e-04  -2.1454170e-04  -2.1543357e-03
  -3.1317575e-04  -7.3358936e-04  -1.4333143e-04  -1.9328971e-03
  -3.7314756e-04  -7.4482486e-04  -1.2154612e-05  -2.2594252e-03
  -2.0447685e-04  -1.0594187e-03   1.1152638e-04  -2.1806081e-03
  -4.7050852e-05  -9.3957344e-04   1.0332842e-05  -2.0980378e-03
   1.5910224e-04  -6.6992156e-04   2.9072387e-05  -2.3419956e-03
   8.7885716e-05  -8.2347332e-04   1.7149293e-04  -2.0717654e-03
   1.6659871e-04  -7.9725717e-04   2.4270320e-04  -2.0680122e-03
   4.4396833e-04  -6.7366672e-04   8.9038931e-05  -2.0117142e-03
   2.6030466e-04  -9.0586695e-04  -9.8356519e-05  -2.0379866e-03
   5.7899812e-05  -9.6953476e-04   8.1543113e-05  -2.2293996e-03
   2.3781524e-04  -9.0586695e-04  -1.2154612e-05  -2.1243101e-03
   2.5280819e-04  -8.3845398e-04  -1.7706261e-04  -2.1055441e-03
   2.2282228e-04  -5.8752793e-04  -3.4946642e-04  -1.8165480e-03
   3.0153528e-04  -5.3884078e-04  -4.8813906e-04  -1.8127948e-03
   1.3286457e-04  -6.8490222e-04  -5.2187024e-04  -2.1918677e-03
   3.6525533e-04  -8.9088629e-04  -4.8813906e-04  -2.0642590e-03
   3.6150709e-04  -9.8826058e-04  -5.1062651e-04  -2.0680122e-03
   1.1787162e-04  -7.2984420e-04  -6.5679496e-04  -2.2181401e-03
   2.9778704e-04  -5.5756661e-04  -6.3805542e-04  -2.0154674e-03
   2.0782933e-04  -8.3845398e-04  -9.0790486e-04  -2.0154674e-03
   9.9130430e-05  -8.0849266e-04  -9.1540068e-04  -2.1993741e-03
   1.9283638e-04  -6.6243123e-04  -6.6429078e-04  -2.0492462e-03
  -5.0799090e-05  -9.0212179e-04  -5.2936605e-04  -2.0980378e-03
  -1.1826737e-04  -8.0474750e-04  -7.4674478e-04  -2.2481656e-03
   2.0417432e-05  -7.3733453e-04  -9.9410677e-04  -2.0830250e-03
  -1.3700856e-04  -8.1972816e-04  -7.6923223e-04  -2.0079610e-03
  -7.7036756e-05  -7.5980552e-04  -8.2545087e-04  -1.9516631e-03
  -1.7064948e-05  -8.7965080e-04  -8.9666114e-04  -2.2631784e-03
  -1.8198742e-04  -8.5717981e-04  -7.2050941e-04  -2.3119700e-03
  -3.0193104e-04  -6.8864738e-04  -6.5304705e-04  -2.0229738e-03
  -1.8198742e-04  -7.6355068e-04  -9.6037559e-04  -2.3495020e-03
  -6.9540280e-05  -6.3996024e-04  -1.1140399e-03  -2.1918677e-03
   2.4165670e-05  -4.0026968e-04  -9.2664441e-04  -1.8465736e-03
   1.2911633e-04  -5.8378276e-04  -4.8064324e-04  -2.0267270e-03
  -1.6699447e-04  -8.8339596e-04   6.6551477e-05  -1.9103779e-03
  -1.6699447e-04  -7.4482486e-04  -1.8830634e-04  -1.8690927e-03
   1.3661281e-04  -6.4370540e-04  -4.6587940e-06  -1.9328971e-03
   1.7034695e-04  -8.5343464e-04   4.7507356e-04  -1.8803523e-03
  -6.2043804e-05  -5.9501826e-04   4.1135910e-04  -2.0304802e-03
  -3.0193104e-04  -5.3135045e-04   7.3367928e-04  -2.0079610e-03
   7.2892764e-05  -6.8864738e-04   8.5736028e-04  -1.9141311e-03
   4.1023418e-04  -7.7853134e-04   1.0485036e-03  -1.8278076e-03
   1.2920956e-05  -8.7216047e-04   1.2358991e-03  -1.8953651e-03
   1.7784343e-04  -7.3733453e-04   9.9603291e-04  -1.9554163e-03
   4.4396833e-04  -9.4331860e-04   1.0410078e-03  -1.7564968e-03
   2.7913908e-05  -9.5829926e-04   7.4117510e-04  -1.8165480e-03
   2.2282228e-04  -9.1335728e-04   6.2873783e-04  -1.7902756e-03
   3.3901766e-04  -7.3733453e-04   9.6604964e-04  -1.9141311e-03
   2.9029057e-04  -2.8791473e-04   7.6741046e-04  -2.0492462e-03
   4.2147890e-04  -5.3884078e-04   2.9142602e-04  -1.7865224e-03
   3.2027647e-04  -7.7104101e-04   1.7828660e-05  -1.8090416e-03
   4.5521304e-04  -5.8378276e-04  -1.0960025e-04  -2.0154674e-03
   1.7409519e-04  -6.4745057e-04  -1.2833979e-04  -1.9929482e-03
   8.4137478e-05  -8.4968948e-04  -9.8356519e-05  -1.9554163e-03
   2.3781524e-04  -8.4219915e-04  -4.5815578e-04  -2.0567526e-03
  -1.0702266e-04  -7.9351200e-04  -6.4180332e-04  -1.9291439e-03
  -1.7449094e-04  -7.2984420e-04  -6.0057633e-04  -2.0117142e-03
  -3.6565108e-04  -9.1710245e-04  -1.0953003e-03  -2.1881145e-03
   6.1648050e-05  -9.6204443e-04  -1.2039897e-03  -1.9253907e-03
   2.4905995e-04  -6.5119573e-04  -1.0390817e-03  -2.0605058e-03
  -3.5440637e-04  -9.2833794e-04  -1.3539060e-03  -2.1993741e-03
  -1.2576385e-04  -1.1493027e-03  -9.6412350e-04  -1.9929482e-03
  -1.8948390e-04  -1.0144767e-03  -6.7928241e-04  -2.2293996e-03
  -1.8198742e-04  -8.9837662e-04  -1.0765608e-03  -2.2819444e-03
  -2.9443456e-04  -8.1972816e-04  -1.1027961e-03  -2.0192206e-03
  -4.2937113e-04  -9.7702509e-04  -1.1627627e-03  -1.9741823e-03
  -1.3700856e-04  -8.7590563e-04  -9.4913186e-04  -1.9704291e-03
  -3.9563699e-04  -5.8003760e-04  -6.9052614e-04  -2.1205569e-03
  -2.0822509e-04  -9.0212179e-04  -8.8541741e-04  -2.1580889e-03
  -2.6444866e-04  -9.6953476e-04  -1.0053505e-03  -2.1205569e-03
  -5.6430770e-04  -5.1262463e-04  -7.3550105e-04  -2.1243101e-03
  -1.8948390e-04  -9.6953476e-04  -3.7195388e-04  -2.0605058e-03
  -4.7050852e-05  -1.1118510e-03  -2.8200406e-04  -2.1318165e-03
  -3.8064403e-04  -7.4857002e-04  -2.2953333e-04  -2.0492462e-03
  -3.4690989e-04  -9.5455410e-04  -3.8389975e-05  -2.0792718e-03
