  -2.0822509e-04  -8.1223783e-04   5.9055659e-05  -1.9253907e-03
  -7.7036756e-05  -7.4107969e-04   5.1559841e-05  -2.0304802e-03
   1.6762420e-06  -7.0362804e-04   1.6399711e-04  -1.9328971e-03
  -3.5806138e-05  -7.8976684e-04  -9.4608610e-05  -1.9366503e-03
  -1.5574975e-04  -7.2235387e-04  -9.8356519e-05  -1.7977820e-03
  -8.0784994e-05  -5.8378276e-04  -3.8389975e-05  -1.9666759e-03
   1.1787162e-04  -8.6092497e-04  -3.1948315e-04  -1.9404035e-03
  -9.9526184e-05  -7.5606035e-04  -1.4707934e-04  -1.8428204e-03
   7.6641002e-05  -5.7254727e-04   7.7795204e-05  -2.1956209e-03
   2.2282228e-04  -9.0586695e-04   4.4064023e-05  -1.9967014e-03
  -3.0942751e-04  -8.2721849e-04   2.3145947e-04  -1.7227181e-03
  -2.9818280e-04  -8.3096365e-04  -3.0894157e-05  -1.8615863e-03
  -1.1826737e-04  -8.6467014e-04  -1.4707934e-04  -2.0267270e-03
  -2.8309662e-05  -6.7366672e-04  -4.6587940e-06  -1.9816886e-03
   7.2892764e-05  -7.8602167e-04  -3.0074361e-04  -2.0680122e-03
  -1.9323213e-04  -9.4706377e-04  -2.4452497e-04  -1.9967014e-03
  -1.3316710e-05  -8.9088629e-04  -1.5832306e-04  -1.9066247e-03
  -1.9698037e-04  -7.4107969e-04  -2.4452497e-04  -2.0042078e-03
  -3.3941342e-04  -6.7741189e-04  -6.8373247e-05  -1.9741823e-03
  -2.8309662e-05  -8.4968948e-04   1.9772829e-04  -2.2143869e-03
  -1.8573566e-04  -8.2721849e-04   8.5291022e-05  -2.1092973e-03
  -1.5200152e-04  -5.6505694e-04  -2.4077706e-04  -1.9291439e-03
  -1.7449094e-04  -8.1223783e-04  -8.3364883e-05  -2.0642590e-03
  -1.4450504e-04  -7.7853134e-04  -2.1079379e-04  -2.0229738e-03
  -1.8198742e-04  -8.0100233e-04  -4.0568506e-04  -2.1843613e-03
  -1.8573566e-04  -9.1335728e-04  -2.2953333e-04  -2.2519188e-03
  -1.7449094e-04  -5.8752793e-04  -2.1079379e-04  -2.0980378e-03
  -1.5949799e-04  -9.8451542e-04  -8.3364883e-05  -2.0267270e-03
  -5.0799090e-05  -1.0069864e-03  -2.2953333e-04  -2.1055441e-03
  -3.8439227e-04  -8.2347332e-04  -2.0704588e-04  -2.4658511e-03
  -1.5200152e-04  -1.0294574e-03  -1.0210443e-04  -2.3645147e-03
  -9.5777946e-05  -8.4594431e-04  -3.0823942e-04  -2.0980378e-03
  -4.2562289e-04  -8.6092497e-04  -3.0449151e-04  -2.1243101e-03
  -9.9526184e-05  -9.4706377e-04  -3.8694551e-04  -2.0042078e-03
  -2.0719960e-06  -9.3582827e-04  -2.5951661e-04  -2.0454930e-03
  -2.0447685e-04  -1.0144767e-03  -1.6581888e-04  -2.1580889e-03
  -1.9323213e-04  -1.0743994e-03  -3.1573524e-04  -2.1580889e-03
  -2.1197332e-04  -9.4331860e-04  -2.0704588e-04  -2.2031273e-03
  -3.3566518e-04  -7.1860870e-04  -1.6207097e-04  -2.1881145e-03
  -3.0193104e-04  -8.9463146e-04  -9.4608610e-05  -2.0004546e-03
  -3.5815461e-04  -1.1305768e-03  -1.0960025e-04  -2.0342334e-03
  -2.0822509e-04  -8.9088629e-04  -3.0074361e-04  -2.0004546e-03
   1.6659871e-04  -9.8451542e-04  -1.9580215e-04  -1.9704291e-03
   9.5382192e-05  -9.8451542e-04  -6.4625338e-05  -2.1055441e-03
  -1.9698037e-04  -7.4857002e-04  -2.3702915e-04  -1.8540799e-03
  -3.2816870e-04  -8.6841530e-04  -2.6326452e-04  -1.8278076e-03
  -1.6699447e-04  -6.2497958e-04  -4.2137884e-05  -1.8690927e-03
  -1.7064948e-05  -7.5606035e-04  -1.8081052e-04  -1.8878587e-03
  -1.7823918e-04  -6.9239255e-04  -7.9616974e-05  -2.1205569e-03
  -3.4690989e-04  -2.9915022e-04   7.4047295e-05  -2.0004546e-03
  -1.6324623e-04  -6.6243123e-04  -1.4707934e-04  -2.0042078e-03
  -2.8309662e-05  -9.5455410e-04  -1.0585234e-04  -2.0417398e-03
  -1.1451914e-04  -9.8077025e-04  -2.1079379e-04  -1.9216375e-03
   1.6762420e-06  -8.5717981e-04  -1.9205424e-04  -2.1918677e-03
   1.8159167e-04  -9.6953476e-04  -2.7450824e-04  -2.1580889e-03
  -9.5777946e-05  -9.7702509e-04  -2.7076033e-04  -2.1017910e-03
  -3.0942751e-04  -8.4594431e-04  -1.6956679e-04  -2.0717654e-03
  -2.0072861e-04  -8.3845398e-04  -2.5202079e-04  -1.9141311e-03
  -1.7823918e-04  -7.9351200e-04   4.4064023e-05  -2.1918677e-03
  -2.0072861e-04  -9.1710245e-04   7.0299386e-05  -2.0680122e-03
  -2.6444866e-04  -7.9725717e-04  -2.8575197e-04  -1.9779355e-03
  -5.4547328e-05  -9.3582827e-04  -3.1948315e-04  -1.9666759e-03
  -9.2029708e-05  -9.6204443e-04   1.0332842e-05  -1.8503268e-03
  -6.9540280e-05  -8.0474750e-04  -1.7706261e-04  -2.0529994e-03
  -9.5684720e-06  -1.0182219e-03  -2.5202079e-04  -2.0680122e-03
  -1.2576385e-04  -8.0100233e-04  -4.6587940e-06  -2.0867782e-03
  -3.2057900e-05  -5.8378276e-04  -2.7146248e-05  -2.0680122e-03
  -3.1692399e-04  -8.9463146e-04  -4.6587940e-06  -2.1205569e-03
  -1.5574975e-04  -9.4706377e-04  -7.5869065e-05  -2.2406592e-03
  -1.0327442e-04  -7.5606035e-04   2.1576569e-05  -2.1993741e-03
  -1.7074271e-04  -9.8451542e-04   2.8370240e-06  -2.2369060e-03
  -1.1077090e-04  -1.0069864e-03  -4.2137884e-05  -2.1806081e-03
  -4.4061584e-04  -5.6505694e-04  -7.2121156e-05  -2.2932040e-03
  -1.3316710e-05  -4.5644715e-04  -2.7076033e-04  -2.2594252e-03
   4.6655098e-05  -7.4857002e-04  -2.1828961e-04  -2.0117142e-03
  -1.9698037e-04  -8.1223783e-04  -2.6701242e-04  -2.3682679e-03
   1.5910224e-04  -6.8115705e-04  -3.0449151e-04  -2.3344892e-03
  -1.3326033e-04  -8.1598299e-04  -4.6587940e-06  -1.9441567e-03
  -3.8064403e-04  -7.8602167e-04   1.0332842e-05  -2.1655953e-03
  -5.8202340e-06  -6.5868606e-04  -2.6701242e-04  -2.3119700e-03
   6.5396288e-05  -8.1598299e-04  -4.5885793e-05  -2.3757743e-03
  -3.2057900e-05  -7.6355068e-04   1.8648456e-04  -2.1468293e-03
  -2.3071451e-04  -6.5868606e-04   7.0299386e-05  -1.8991183e-03
  -9.9526184e-05  -7.3733453e-04   2.5394693e-04  -1.9779355e-03
   2.3406700e-04  -6.6617639e-04   1.1902220e-04  -1.7827692e-03
  -6.2043804e-05  -5.5382144e-04  -4.9633702e-05  -1.8916119e-03
  -9.2029708e-05  -6.6243123e-04   1.0777848e-04  -1.9554163e-03
  -3.2057900e-05  -6.9613771e-04  -1.0210443e-04  -2.0304802e-03
  -8.8281470e-05  -5.6880210e-04   7.7795204e-05  -2.1393229e-03
  -1.4825328e-04  -6.6243123e-04   1.0403057e-04  -1.6814329e-03
  -3.5065813e-04  -6.6617639e-04   1.7828660e-05  -1.7752628e-03
  -5.0799090e-05  -7.8602167e-04   3.1391347e-04  -2.1881145e-03
   9.9130430e-05  -8.8714113e-04  -6.4625338e-05  -1.8578331e-03
  -2.0719960e-06  -8.4219915e-04  -3.0074361e-04  -1.7489904e-03
   6.1648050e-05  -9.5829926e-04  -1.3583561e-04  -2.0980378e-03
  -6.2043804e-05  -6.7366672e-04  -1.0210443e-04  -1.9028715e-03
  -1.9698037e-04  -5.1636979e-04   2.6519065e-04  -1.9066247e-03
  -2.6819689e-04  -7.9725717e-04   2.4270320e-04  -2.0529994e-03
  -3.2442046e-04  -9.3208311e-04   1.4080751e-05  -1.8278076e-03
  -2.6444866e-04  -7.7104101e-04   3.2820296e-05  -1.9704291e-03
  -3.5065813e-04  -6.4745057e-04  -3.1198733e-04  -2.0792718e-03
  -2.2321804e-04  -8.8339596e-04  -1.9205424e-04  -2.1580889e-03
  -1.4825328e-04  -8.0849266e-04  -1.1709606e-04  -2.2481656e-03
  -2.1197332e-04  -5.9501826e-04  -3.6820597e-04  -1.8953651e-03
   1.8908814e-04  -7.9725717e-04  -7.5869065e-05  -1.8653395e-03
  -1.7449094e-04  -7.2235387e-04  -1.1709606e-04  -2.1505825e-03
  -4.4061584e-04  -6.8490222e-04  -2.0329797e-04  -2.2256465e-03
  -2.0447685e-04  -9.2084761e-04  -1.5832306e-04  -2.2594252e-03
  -4.4436408e-04  -8.3845398e-04  -2.8949988e-04  -2.1505825e-03
  -1.1826737e-04  -6.2497958e-04  -3.0823942e-04  -2.0492462e-03
  -1.1826737e-04  -7.0362804e-04  -2.8949988e-04  -2.0605058e-03
  -3.2816870e-04  -1.0032412e-03  -1.0585234e-04  -2.0642590e-03
  -1.2951209e-04  -9.3582827e-04  -1.8830634e-04  -2.1918677e-03
  -4.5935703e-04  -8.3470882e-04  -2.0329797e-04  -2.1843613e-03
  -4.3311937e-04  -1.0107316e-03  -1.7706261e-04  -2.1017910e-03
  -1.1077090e-04  -1.1755188e-03  -2.4077706e-04  -2.1543357e-03
  -4.2562289e-04  -9.4331860e-04  -1.3958352e-04  -2.1918677e-03
  -4.4811232e-04  -6.7366672e-04  -4.0568506e-04  -2.2406592e-03
  -2.5695218e-04  -1.0631639e-03  -2.4452497e-04  -2.1731017e-03
  -4.7060175e-04  -8.7965080e-04  -1.1334816e-04  -2.0867782e-03
  -2.4570747e-04  -6.7741189e-04  -2.9324779e-04  -1.9366503e-03
  -2.1572156e-04  -1.2766383e-03  -2.0704588e-04  -2.0980378e-03
  -4.5186056e-04  -1.0294574e-03  -2.1828961e-04  -2.1993741e-03
  -1.3326033e-04  -7.0737321e-04   3.6568205e-05  -1.9216375e-03
  -4.3302614e-05  -7.9725717e-04   1.3026593e-04  -2.0417398e-03
   1.6669194e-05  -7.0362804e-04  -5.3381611e-05  -1.9404035e-03
  -6.5792042e-05  -7.7104101e-04  -2.9324779e-04  -1.7940288e-03
  -3.8064403e-04  -6.4745057e-04  -2.8200406e-04  -1.9216375e-03
  -1.4450504e-04  -6.1748925e-04  -9.4608610e-05  -2.0980378e-03
  -1.8198742e-04  -8.7965080e-04  -1.4333143e-04  -2.0980378e-03
  -3.3941342e-04  -9.2084761e-04  -1.7331470e-04  -1.8390672e-03
  -2.4945570e-04  -7.1860870e-04   9.6534749e-05  -2.0004546e-03
  -4.2937113e-04  -7.1486354e-04   1.2651802e-04  -2.1731017e-03
  -2.8693808e-04  -7.6355068e-04  -1.4333143e-04  -2.0304802e-03
  -1.7064948e-05  -7.6729585e-04  -1.7706261e-04  -1.7977820e-03
  -3.9554376e-05  -8.5343464e-04  -2.4077706e-04  -1.9967014e-03
  -1.6699447e-04  -8.4219915e-04   2.9072387e-05  -2.1843613e-03
  -1.9698037e-04  -8.2347332e-04  -9.0860701e-05  -1.7790160e-03
  -2.8309662e-05  -7.9725717e-04  -1.0210443e-04  -2.0605058e-03
  -1.1826737e-04  -7.4857002e-04   7.0299386e-05  -2.3419956e-03
  -3.6190284e-04  -7.1111837e-04  -2.9324779e-04  -2.0529994e-03
  -1.5200152e-04  -7.8602167e-04  -2.5576870e-04  -2.1505825e-03
   8.7885716e-05  -7.5980552e-04  -2.2953333e-04  -2.0717654e-03
   4.2906860e-05  -7.4107969e-04  -2.6326452e-04  -2.1355697e-03
  -5.8295566e-05  -8.4594431e-04  -1.0210443e-04  -2.1318165e-03
  -2.9068632e-04  -8.6841530e-04   2.9072387e-05  -1.8991183e-03
  -2.1197332e-04  -9.8826058e-04   1.9398038e-04  -2.1430761e-03
  -1.4450504e-04  -8.9463146e-04  -5.7129520e-05  -2.1355697e-03
  -2.1946980e-04  -6.9988288e-04  -3.7570179e-04  -2.1881145e-03
  -1.0702266e-04  -8.0474750e-04   1.4080751e-05  -2.1017910e-03
  -4.5186056e-04  -7.5231519e-04  -4.6587940e-06  -1.9591695e-03
  -4.1062994e-04  -7.7853134e-04  -2.3702915e-04  -2.2669316e-03
  -7.3288518e-05  -9.9575091e-04  -3.0894157e-05  -2.3832807e-03
  -1.9698037e-04  -6.6992156e-04  -9.8356519e-05  -2.2819444e-03
  -1.7074271e-04  -6.6992156e-04  -1.9205424e-04  -1.9816886e-03
  -2.3821099e-04  -8.9088629e-04  -1.1709606e-04  -2.1092973e-03
  -1.2201561e-04  -8.3470882e-04   5.1559841e-05  -2.2444124e-03
  -1.3316710e-05  -7.8976684e-04   1.4900547e-04  -2.1543357e-03
  -1.4450504e-04  -5.8752793e-04  -1.2459188e-04  -2.2932040e-03
  -2.6444866e-04  -8.8714113e-04  -1.9955006e-04  -2.1881145e-03
  -4.0313346e-04  -7.5231519e-04  -9.4608610e-05  -1.9929482e-03
  -5.4547328e-05  -5.6880210e-04  -2.9699570e-04  -1.9704291e-03
   2.7913908e-05  -7.3733453e-04  -3.8389975e-05  -2.2331528e-03
  -4.7050852e-05  -6.3621507e-04   1.4150966e-04  -2.1580889e-03
   1.5910224e-04  -8.6841530e-04  -1.2154612e-05  -2.0042078e-03
   6.9144526e-05  -7.7478618e-04   2.1271993e-04  -1.9216375e-03
   7.2892764e-05  -7.8602167e-04  -1.8830634e-04  -1.8578331e-03
   5.4151574e-05  -6.9988288e-04   4.7811932e-05  -2.0004546e-03
  -5.0799090e-05  -5.6131177e-04   2.0829265e-03  -1.6664201e-03
   1.5910224e-04  -8.6467014e-04   2.3377843e-03  -1.9967014e-03
   2.4531171e-04  -6.8115705e-04   1.1534451e-03  -2.1092973e-03
  -7.3288518e-05  -5.4258595e-04   1.1234618e-03  -1.7865224e-03
  -1.8948390e-04  -8.1598299e-04   6.6996483e-04  -2.1168037e-03
  -5.8202340e-06  -8.7216047e-04   3.2890511e-04  -1.8503268e-03
  -7.7036756e-05  -7.3733453e-04   3.2515720e-04  -1.8203012e-03
  -2.5695218e-04  -7.8227651e-04  -5.3381611e-05  -1.9066247e-03
   1.2920956e-05  -5.8378276e-04   5.8376292e-04  -1.9141311e-03
   3.5401061e-04  -7.2235387e-04   6.9245228e-04  -2.0605058e-03
   3.2777295e-04  -7.8976684e-04   2.6144274e-04  -1.8841055e-03
   1.7784343e-04  -4.4895682e-04   6.3623364e-04  -1.9328971e-03
  -5.8295566e-05  -7.4107969e-04   1.2583865e-03  -1.7977820e-03
  -5.0799090e-05  -7.4107969e-04   3.0648787e-03  -1.6851861e-03
  -3.6190284e-04  -8.0100233e-04   4.7851689e-03  -1.8165480e-03
  -2.6819689e-04  -8.1223783e-04   5.7408857e-03  -1.7677564e-03
   4.7770247e-04  -6.0250859e-04   6.7415774e-03  -1.5237986e-03
   1.1037514e-04  -9.9949608e-04   7.1088725e-03  -1.7077053e-03
   2.3781524e-04  -7.2235387e-04   6.9552082e-03  -1.8878587e-03
   3.3152119e-04  -4.6393748e-04   6.7228379e-03  -1.5463178e-03
  -1.0327442e-04  -8.9463146e-04   6.6291401e-03  -1.5913562e-03
   4.7020599e-04  -9.0961212e-04   6.8015439e-03  -1.7264713e-03
   3.6900357e-04  -7.8227651e-04   6.8127877e-03  -1.5050326e-03
   5.6766018e-04  -7.8602167e-04   5.6059610e-03  -1.4825134e-03
   8.2254036e-04  -5.7629243e-04   3.0124080e-03  -1.6326413e-03
   4.5521304e-04  -4.1525034e-04  -9.0040905e-04  -1.4524879e-03
   4.5896128e-04  -7.0362804e-04  -5.2067565e-03  -1.7640032e-03
   2.0033286e-04  -6.9988288e-04  -9.1795400e-03  -2.2519188e-03
   4.2522714e-04  -6.8115705e-04  -1.3500879e-02  -2.3645147e-03
   3.2777295e-04  -7.1860870e-04  -1.7128855e-02  -2.6985493e-03
   7.8880622e-04  -6.8115705e-04  -1.9729904e-02  -2.8299112e-03
   4.1773066e-04  -8.9088629e-04  -2.2949358e-02  -2.9012219e-03
  -1.3814236e-03  -9.6204443e-04  -2.5827752e-02  -2.8524304e-03
  -4.1812641e-04  -1.1493027e-03  -2.5194355e-02  -3.3253332e-03
   4.0648595e-04  -1.2504221e-03  -2.3444082e-02  -3.8245084e-03
  -6.2053127e-04  -1.1867543e-03  -2.3369123e-02  -3.1264137e-03
  -3.3191694e-04  -1.1942447e-03  -2.0464494e-02  -3.0325838e-03
   6.5386965e-04  -1.6174483e-03  -1.4842631e-02  -3.4266695e-03
  -2.3071451e-04  -1.4601514e-03  -1.1057242e-02  -2.8524304e-03
  -1.2389905e-03  -1.1904995e-03  -7.4180228e-03  -2.4245659e-03
  -2.8318985e-04  -1.7710001e-03  -1.2339729e-03  -2.5596810e-03
  -4.7434998e-04  -1.3290706e-03   3.8182084e-03  -2.0717654e-03
  -1.4601366e-03  -1.1380672e-03   7.0039310e-03  -1.5463178e-03
  -6.3552422e-04  -1.1118510e-03   1.2011137e-02  -1.4825134e-03
  -7.8545374e-04  -9.0961212e-04   1.6088862e-02  -1.4975262e-03
  -2.0748476e-03  -1.0406929e-03   1.8052767e-02  -1.3849303e-03
  -1.6250590e-03  -6.9239255e-04   2.0080386e-02  -1.1972705e-03
  -8.8281470e-05  -7.1860870e-04   2.1519583e-02  -1.5613306e-03
  -2.0813186e-05  -1.2312747e-04   2.1084825e-02  -1.4862666e-03
  -1.4526401e-03   1.6899540e-04   1.8963509e-02  -9.4955947e-04
  -1.0065998e-03  -4.0026968e-04   1.8326364e-02  -1.2723344e-03
  -6.1303479e-04  -4.0026968e-04   1.7183252e-02  -1.7001989e-03
  -2.4009443e-03  -4.4895682e-04   1.3086787e-02  -1.4036963e-03
  -2.8619776e-03  -5.7254727e-04   1.0515722e-02  -1.3061132e-03
  -1.6775344e-03  -6.7366672e-04   8.5105905e-03  -1.8841055e-03
  -1.2877176e-03  -7.6355068e-04   4.7326982e-03  -1.9967014e-03
  -1.7337580e-03  -6.8115705e-04   1.6594128e-03  -1.5688370e-03
  -1.6775344e-03  -7.2984420e-04  -4.2137884e-05  -1.7752628e-03
  -1.6475485e-03  -9.0961212e-04  -1.3126790e-03  -2.1355697e-03
  -1.5500943e-03  -8.5717981e-04  -3.0554567e-03  -1.8578331e-03
  -1.1377881e-03  -1.1118510e-03  -4.4084519e-03  -2.0004546e-03
  -6.2053127e-04  -1.1530478e-03  -4.2885188e-03  -2.3645147e-03
  -5.8295566e-05  -7.6355068e-04  -4.1685857e-03  -2.3044636e-03
  -4.3302614e-05  -7.7478618e-04  -5.2629751e-03  -2.7098089e-03
   2.8279409e-04  -6.5119573e-04  -5.9301029e-03  -2.8711963e-03
   2.1532581e-04  -5.9127309e-04  -5.7576991e-03  -2.6422513e-03
  -4.8934294e-04  -5.7254727e-04  -6.3311292e-03  -2.6234853e-03
  -5.6430770e-04  -4.7517298e-04  -6.8370969e-03  -2.4583447e-03
  -1.9698037e-04  -8.1223783e-04  -6.7171638e-03  -2.5296554e-03
   6.5396288e-05  -8.5343464e-04  -6.4060874e-03  -2.3607615e-03
  -1.1826737e-04  -7.7104101e-04  -5.6490097e-03  -2.2819444e-03
  -1.4075680e-04  -9.3957344e-04  -4.8806884e-03  -2.6347449e-03
   3.8774476e-04  -8.3096365e-04  -4.0711401e-03  -2.4996298e-03
   7.7756151e-04  -9.6204443e-04  -3.1491544e-03  -2.5334086e-03
   5.6766018e-04  -1.1567930e-03  -2.6806658e-03  -2.6460045e-03
   7.6641002e-05  -9.9949608e-04  -2.0997399e-03  -2.2894508e-03
   3.5410384e-05  -1.0669090e-03  -1.5750327e-03  -1.9704291e-03
   6.0514256e-04  -1.0743994e-03  -1.2489646e-03  -1.9479099e-03
   3.2027647e-04  -1.0893800e-03  -9.8286304e-04  -1.9554163e-03
  -5.2682532e-04  -1.2691480e-03  -7.7672805e-04  -1.8465736e-03
  -5.0058765e-04  -8.8714113e-04  -2.0704588e-04  -2.0379866e-03
  -9.2029708e-05  -6.2123441e-04  -2.9324779e-04  -1.9178843e-03
   1.0662691e-04  -8.0100233e-04  -4.3566833e-04  -1.7865224e-03
   1.2911633e-04  -5.3509562e-04   2.1271993e-04  -1.9028715e-03
   3.5410384e-05  -3.8528902e-04   7.8989791e-04  -1.6288881e-03
  -2.0072861e-04  -4.7142781e-04   9.3231846e-04  -1.9028715e-03
   1.6762420e-06  -3.2162121e-04   1.0522515e-03  -2.0529994e-03
  -2.3446275e-04  -5.6131177e-04   1.3595801e-03  -1.7227181e-03
  -6.0179008e-04  -5.5007628e-04   1.6893961e-03  -1.7489904e-03
  -3.2067223e-04  -4.7517298e-04   1.7980854e-03  -1.6439009e-03
  -3.3566518e-04  -7.8602167e-04   1.6819003e-03  -1.5012794e-03
  -2.4570747e-04  -4.1525034e-04   2.1803722e-03  -1.5951094e-03
  -4.0313346e-04  -6.6992156e-04   2.5101881e-03  -1.3999431e-03
  -4.1062994e-04  -1.0257122e-03   2.2628262e-03  -1.4487347e-03
  -5.0799090e-05  -6.5868606e-04   2.3302885e-03  -1.9066247e-03
   2.4531171e-04  -1.0369477e-03   2.4989444e-03  -1.9479099e-03
   3.3901766e-04  -8.9463146e-04   2.5476672e-03  -1.7865224e-03
   3.9898947e-04  -6.6243123e-04   2.2965573e-03  -1.7640032e-03
   8.1129565e-04  -8.9088629e-04   1.8205729e-03  -1.9629227e-03
   5.9764608e-04  -5.4633111e-04   1.9105227e-03  -1.8615863e-03
   4.5896128e-04  -6.0625375e-04   1.7681022e-03  -1.8465736e-03
   1.3661281e-04  -6.9613771e-04   1.1009744e-03  -2.1280633e-03
  -1.4450504e-04  -8.0474750e-04   8.5361237e-04  -1.7677564e-03
   4.2147890e-04  -8.6092497e-04   3.2515720e-04  -1.9854418e-03
   6.0889080e-04  -6.5119573e-04   1.4150966e-04  -2.2894508e-03
   9.2749103e-04  -8.5717981e-04   2.6519065e-04  -1.9066247e-03
   7.7006503e-04  -7.4857002e-04   1.6399711e-04  -2.2556720e-03
   5.2642956e-04  -8.0849266e-04   2.4645111e-04  -2.1280633e-03
   6.8760380e-04  -1.0594187e-03  -3.2323106e-04  -1.9216375e-03
   1.6285048e-04  -9.6953476e-04  -6.7928241e-04  -2.1543357e-03
   3.0153528e-04  -1.0144767e-03  -5.8183678e-04  -1.6889393e-03
   6.1638727e-04  -9.8077025e-04  -9.8661095e-04  -2.0379866e-03
   2.6780114e-04  -8.4219915e-04  -1.2714520e-03  -2.0079610e-03
   1.9283638e-04  -1.0182219e-03  -1.3876372e-03  -1.5350582e-03
   1.6762420e-06  -1.2017350e-03  -1.3763935e-03  -2.1806081e-03
  -2.6819689e-04  -9.4706377e-04  -1.3126790e-03  -2.0830250e-03
   9.1727180e-06  -8.8714113e-04  -1.6574867e-03  -1.9704291e-03
   4.1398242e-04  -8.3845398e-04  -1.7924114e-03  -2.3757743e-03
   2.0782933e-04  -8.9088629e-04  -1.6275034e-03  -2.3344892e-03
  -3.2057900e-05  -9.2084761e-04  -1.7961593e-03  -2.1768549e-03
  -8.8281470e-05  -5.8003760e-04  -1.9835547e-03  -1.9366503e-03
  -3.8814051e-04  -7.7104101e-04  -1.9273361e-03  -1.8953651e-03
  -2.8309662e-05  -9.0961212e-04  -1.5825285e-03  -1.9629227e-03
   2.6405290e-04  -6.5119573e-04  -1.3688977e-03  -1.9554163e-03
  -1.4075680e-04  -5.0887946e-04  -1.7249490e-03  -1.7940288e-03
  -2.0072861e-04  -7.8976684e-04  -1.7137053e-03  -1.7527436e-03
   5.0403336e-05  -8.7216047e-04  -9.1165277e-04  -1.7001989e-03
   1.3661281e-04  -5.9501826e-04  -4.2067669e-04  -1.8991183e-03
  -2.0072861e-04  -7.0737321e-04  -3.1573524e-04  -2.0042078e-03
  -3.9554376e-05  -8.4594431e-04   1.7898875e-04  -1.7264713e-03
   6.5396288e-05  -1.0257122e-03   4.8631728e-04  -2.0755186e-03
  -3.2057900e-05  -9.5080893e-04   6.7371273e-04  -1.8428204e-03
   5.3392604e-04  -6.4370540e-04   8.2737700e-04  -1.8240544e-03
   5.2268132e-04  -6.6992156e-04   7.4492301e-04  -2.1918677e-03
   2.5280819e-04  -7.3358936e-04   1.4307904e-03  -1.9291439e-03
  -1.5200152e-04  -6.8115705e-04   1.5844546e-03  -1.8503268e-03
  -2.1946980e-04  -8.6092497e-04   1.0972265e-03  -1.6739265e-03
   4.4771656e-04  -1.0481832e-03   1.1909242e-03  -1.8315608e-03
   3.2402471e-04  -8.3470882e-04   7.0369601e-04  -1.8165480e-03
  -1.4075680e-04  -7.2235387e-04   5.0505683e-04  -1.8390672e-03
   7.6641002e-05  -6.7366672e-04   8.5361237e-04  -2.1243101e-03
   5.7515666e-04  -6.4370540e-04   1.2171595e-03  -2.3082168e-03
   3.8024828e-04  -7.2235387e-04   1.0410078e-03  -2.3982935e-03
   2.1157757e-04  -7.5231519e-04   4.1885492e-04  -2.0680122e-03
   2.9403881e-04  -8.0849266e-04   7.9364582e-04  -2.1993741e-03
   6.5396288e-05  -7.1111837e-04   7.0369601e-04  -2.1918677e-03
   3.1662146e-05  -6.5868606e-04   2.5394693e-04  -2.1017910e-03
  -2.1572156e-04  -7.6729585e-04  -9.4608610e-05  -2.0942846e-03
  -3.5440637e-04  -8.3096365e-04  -1.2833979e-04  -2.0867782e-03
  -7.7036756e-05  -8.3470882e-04   2.0897202e-04  -2.2894508e-03
   6.5396288e-05  -7.6729585e-04  -1.6581888e-04  -2.0379866e-03
  -3.2057900e-05  -7.5980552e-04  -1.4333143e-04  -2.1618421e-03
  -5.8202340e-06  -8.1972816e-04  -4.6587940e-06  -2.1731017e-03
   1.2536810e-04  -8.6092497e-04  -9.4608610e-05  -1.9816886e-03
  -2.5320394e-04  -8.1598299e-04  -1.3583561e-04  -2.2406592e-03
  -3.3566518e-04  -7.9351200e-04  -3.8694551e-04  -2.0942846e-03
  -2.6819689e-04  -9.4331860e-04  -5.6309724e-04  -2.2556720e-03
  -4.9309117e-04  -9.3582827e-04  -6.6054287e-04  -2.2369060e-03
  -2.7569337e-04  -7.7478618e-04  -8.2919877e-04  -1.7452372e-03
  -9.5777946e-05  -9.9575091e-04  -8.4419041e-04  -2.0529994e-03
  -8.0784994e-05  -8.3470882e-04  -9.2664441e-04  -1.8841055e-03
  -9.5684720e-06  -6.6992156e-04  -1.1777543e-03  -1.6926925e-03
  -9.2029708e-05  -9.0212179e-04  -7.9546759e-04  -1.8953651e-03
  -3.2442046e-04  -6.6992156e-04  -6.3055960e-04  -1.8765991e-03
  -2.0072861e-04  -6.5494090e-04  -6.2681169e-04  -2.0117142e-03
   2.3406700e-04  -7.7853134e-04  -4.4691206e-04  -1.7977820e-03
   1.6659871e-04  -8.9463146e-04  -8.1795505e-04  -2.0717654e-03
  -4.3302614e-05  -8.6467014e-04  -7.6548432e-04  -2.1731017e-03
  -2.9068632e-04  -9.6204443e-04  -3.7195388e-04  -2.0004546e-03
  -7.3288518e-05  -9.7702509e-04  -4.4691206e-04  -2.1543357e-03
   1.4036105e-04  -6.7741189e-04  -7.4674478e-04  -1.9816886e-03
  -4.4436408e-04  -8.2721849e-04  -7.4299687e-04  -2.1205569e-03
  -4.9683941e-04  -7.1860870e-04  -3.3447479e-04  -2.0830250e-03
  -4.4436408e-04  -6.8490222e-04  -1.4333143e-04  -1.9441567e-03
  -1.9698037e-04  -7.8602167e-04  -2.2203752e-04  -2.0304802e-03
  -9.2029708e-05  -1.0144767e-03  -2.8949988e-04  -2.0192206e-03
  -3.4690989e-04  -9.2459278e-04  -1.5082725e-04  -2.1655953e-03
  -3.1317575e-04  -5.9876342e-04  -2.7076033e-04  -2.2369060e-03
  -5.3057355e-04  -9.6953476e-04  -3.3072688e-04  -2.1806081e-03
  -1.8573566e-04  -8.6092497e-04  -2.9699570e-04  -2.2932040e-03
  -2.0822509e-04  -6.9613771e-04  -5.2561815e-04  -2.1655953e-03
  -6.3552422e-04  -7.8227651e-04  -3.6071015e-04  -2.0192206e-03
  -5.9429360e-04  -6.0625375e-04  -6.5679496e-04  -2.1468293e-03
  -5.3057355e-04  -7.8227651e-04  -6.9802196e-04  -1.9516631e-03
  -4.6685351e-04  -9.6204443e-04  -2.9324779e-04  -2.0792718e-03
  -6.5801365e-04  -6.3621507e-04  -1.9955006e-04  -2.2819444e-03
  -5.6430770e-04  -7.2984420e-04  -5.7129520e-05  -2.3082168e-03
  -5.4181827e-04  -9.7702509e-04  -1.2459188e-04  -2.1055441e-03
  -5.0058765e-04  -8.2721849e-04  -7.5869065e-05  -1.9404035e-03
  -3.6939932e-04  -8.5717981e-04  -1.6207097e-04  -2.4696043e-03
  -6.2427950e-04  -8.8339596e-04  -7.2121156e-05  -2.3269828e-03
  -6.4302069e-04  -8.7590563e-04   2.8370240e-06  -2.1843613e-03
  -5.4556651e-04  -9.9949608e-04  -1.3958352e-04  -2.2331528e-03
  -6.4302069e-04  -1.0519284e-03   1.0403057e-04  -2.0267270e-03
  -8.9040440e-04  -8.5717981e-04   2.9142602e-04  -2.1918677e-03
  -8.5292202e-04  -1.0257122e-03   2.5019902e-04  -2.0042078e-03
  -6.8050307e-04  -1.2017350e-03   2.4645111e-04  -2.0492462e-03
  -4.8184646e-04  -1.0369477e-03   3.2515720e-04  -2.2143869e-03
  -3.7689580e-04  -1.0968704e-03   5.5377965e-04  -2.2068805e-03
  -5.9804184e-04  -9.8826058e-04   6.1749410e-04  -2.4658511e-03
  -4.9683941e-04  -8.4219915e-04   4.4509029e-04  -2.2444124e-03
  -4.2187465e-04  -8.4594431e-04   5.4253592e-04  -2.0492462e-03
  -4.3686760e-04  -7.4857002e-04   2.8393020e-04  -2.2218933e-03
  -2.5320394e-04  -8.3845398e-04   1.6399711e-04  -1.9929482e-03
  -3.1317575e-04  -9.4706377e-04   1.9772829e-04  -2.0417398e-03
  -4.1062994e-04  -7.8602167e-04  -1.0585234e-04  -2.4358255e-03
  -5.3432179e-04  -7.1486354e-04   1.8273666e-04  -2.1505825e-03
  -6.8425131e-04  -6.0625375e-04   1.4900547e-04  -1.9554163e-03
  -5.6430770e-04  -6.7741189e-04   6.2803568e-05  -2.1092973e-03
  -4.4436408e-04  -6.3996024e-04   1.3401384e-04  -2.1243101e-03
  -4.0688170e-04  -6.0999892e-04  -8.3364883e-05  -2.1731017e-03
  -5.4556651e-04  -9.9200575e-04  -2.5951661e-04  -2.1243101e-03
  -4.0313346e-04  -9.1710245e-04  -6.3805542e-04  -2.2218933e-03
  -2.4570747e-04  -8.8714113e-04  -6.7178660e-04  -2.3269828e-03
  -2.2321804e-04  -6.7741189e-04  -8.9666114e-04  -2.1993741e-03
   2.4165670e-05  -5.5756661e-04  -9.0790486e-04  -1.9516631e-03
  -3.3941342e-04  -9.8077025e-04  -8.4793832e-04  -2.0117142e-03
  -4.6310527e-04  -9.4331860e-04  -1.0053505e-03  -2.0830250e-03
  -4.5935703e-04  -8.2347332e-04  -6.6054287e-04  -1.8690927e-03
  -7.4422312e-04  -6.8864738e-04  -9.6037559e-04  -2.1318165e-03
  -5.0433589e-04  -7.3358936e-04  -7.2050941e-04  -2.3344892e-03
  -4.6310527e-04  -7.7478618e-04  -2.7450824e-04  -2.3532552e-03
  -1.3326033e-04  -6.8115705e-04  -7.4674478e-04  -2.1768549e-03
   2.9029057e-04  -8.1598299e-04  -7.5798850e-04  -2.1430761e-03
  -2.9068632e-04  -7.7478618e-04  -6.1931587e-04  -2.3269828e-03
  -6.2802774e-04  -8.3470882e-04  -3.6445806e-04  -2.0642590e-03
  -4.2937113e-04  -8.9088629e-04  -2.2953333e-04  -2.1655953e-03
  -3.6190284e-04  -9.0961212e-04  -2.9324779e-04  -2.1430761e-03
  -2.0822509e-04  -1.0332026e-03   2.9072387e-05  -2.0792718e-03
  -3.5815461e-04  -7.3733453e-04   2.0897202e-04  -2.1430761e-03
  -3.0193104e-04  -6.2872474e-04   6.2803568e-05  -2.1017910e-03
  -5.8202340e-06  -7.8602167e-04   2.1576569e-05  -2.1055441e-03
  -1.1077090e-04  -5.8003760e-04   2.0897202e-04  -1.7189649e-03
  -1.6324623e-04  -7.6729585e-04   3.6263629e-04  -2.0154674e-03
  -2.0447685e-04  -8.3470882e-04   5.8001501e-04  -2.2293996e-03
  -8.4533232e-05  -8.0849266e-04   6.2124201e-04  -1.8653395e-03
   9.9130430e-05  -8.7965080e-04   2.6144274e-04  -1.9291439e-03
   7.6641002e-05  -6.4370540e-04   2.7643438e-04  -2.0192206e-03
  -2.3446275e-04  -8.6841530e-04   5.0505683e-04  -2.2181401e-03
  -1.9323213e-04  -8.3845398e-04   5.0880474e-04  -1.9891950e-03
   2.4905995e-04  -8.4968948e-04   5.9125874e-04  -1.9816886e-03
   8.7885716e-05  -8.4219915e-04   5.3878801e-04  -2.2819444e-03
  -2.0813186e-05  -6.5494090e-04   4.0011538e-04  -1.9178843e-03
