   1.0000000e+00   1.0000000e+00   1.0000000e+00   3.0000000e+00   7.8517805e+01   8.2543029e+02   1.0176608e+03   1.4637643e-03   4.0755542e-03   6.5744419e-03   2.2962321e+02   1.0219263e+03   1.1273169e+03   2.1594372e-02   1.7058085e-02   1.5426795e-02
   1.0000000e+00   2.0000000e+00   1.0000000e+00   3.0000000e+00   4.5229254e+01   7.6788752e+02   1.1563792e+03   6.4438722e-04   1.8579482e-03   1.5958655e-03   1.2490266e+02   7.1567076e+02   1.2736990e+03   3.7807130e-03   1.4976601e-03   1.6288496e-03
   1.0000000e+00   3.0000000e+00   1.0000000e+00   3.0000000e+00   2.4962197e+01   7.8496255e+02   1.1631474e+03   6.3201051e-04   2.2869889e-03   2.1653120e-03   1.4093540e+02   9.1126766e+02   1.2723678e+03   4.2440995e-03   2.8954461e-03   2.1202940e-03
   1.0000000e+00   4.0000000e+00   1.0000000e+00   3.0000000e+00   3.8082158e+01   7.3801311e+02   1.2197468e+03   5.6717625e-04   1.7794553e-03   1.2604134e-03   1.0776689e+02   7.1236340e+02   1.3524455e+03   2.8007689e-03   9.9815959e-04   2.1137266e-03
   1.0000000e+00   5.0000000e+00   1.0000000e+00   3.0000000e+00   6.3626143e+01   7.7903639e+02   1.0542559e+03   9.4687365e-04   1.2770718e-03   3.9620961e-03   2.0026044e+02   9.6455467e+02   1.1314935e+03   6.3720309e-03   5.4017857e-03   4.7914441e-03
   1.0000000e+00   6.0000000e+00   1.0000000e+00   3.0000000e+00   5.9610935e+01   7.2150588e+02   1.1414425e+03   5.8202762e-04   2.4558737e-03   1.0221137e-03   1.9896842e+02   5.1703903e+02   1.5546475e+03   2.6457279e-03   2.7806632e-03   2.8749081e-03
   1.0000000e+00   7.0000000e+00   1.0000000e+00   3.0000000e+00   8.9464563e+01   8.4722778e+02   1.0009375e+03   7.3718353e-04   2.1527386e-03   1.4596439e-03   8.6009633e+01   3.8934670e+02   1.4328015e+03   1.0597219e-03   4.4420747e-03   3.1688809e-03
   1.0000000e+00   8.0000000e+00   1.0000000e+00   3.0000000e+00   7.5234528e+01   9.3848625e+02   1.0693801e+03   1.6092599e-03   4.9989849e-03   5.9435820e-03   2.6161055e+02   9.5288021e+02   1.0836530e+03   1.2500842e-02   7.0334433e-03   9.2326409e-03
   1.0000000e+00   9.0000000e+00   1.0000000e+00   3.0000000e+00   6.8433578e+01   6.4594430e+02   1.0139042e+03   8.9548152e-04   2.1277788e-03   5.8423757e-03   1.9443169e+02   9.6541855e+02   1.1178380e+03   5.8890540e-03   5.9186749e-03   4.3995153e-03
   1.0000000e+00   1.0000000e+01   1.0000000e+00   3.0000000e+00   6.1781027e+01   6.3335849e+02   1.0034880e+03   7.4396540e-04   2.3314606e-03   5.4164242e-03   1.9900874e+02   9.7753791e+02   1.1066169e+03   7.3286936e-03   5.1907525e-03   5.1020309e-03
   1.0000000e+00   1.1000000e+01   1.0000000e+00   3.0000000e+00   2.3121751e+02   7.5298274e+02   1.1104685e+03   2.2167449e-03   2.2220357e-03   4.3387021e-03   2.4912016e+02   9.2429192e+02   1.1317001e+03   8.7547988e-03   5.5881839e-03   4.0451147e-03
   1.0000000e+00   1.2000000e+01   1.0000000e+00   3.0000000e+00   6.5884458e+01   7.5905709e+02   1.1810565e+03   8.5607472e-04   9.4504249e-04   8.0618878e-04   1.1661088e+02   7.7840105e+02   1.1201325e+03   4.5929951e-03   2.0459952e-03   1.4630140e-03
   1.0000000e+00   1.3000000e+01   1.0000000e+00   3.0000000e+00   1.9741481e+02   4.1624278e+02   9.9959425e+02   2.0052402e-03   4.0683755e-03   6.2896374e-03   1.6074168e+02   3.0466458e+02   1.0873029e+03   9.4728275e-03   1.1284903e-02   1.4837772e-02
   1.0000000e+00   1.4000000e+01   1.0000000e+00   3.0000000e+00   7.1248776e+01   6.4704799e+02   1.0384166e+03   9.6212068e-04   2.0734222e-03   3.9661514e-03   1.7743494e+02   6.4795078e+02   1.1215559e+03   5.4768019e-03   2.0139898e-03   4.9718699e-03
   1.0000000e+00   1.5000000e+01   1.0000000e+00   3.0000000e+00   2.3936834e+01   7.0997207e+02   1.2554132e+03   5.5972840e-04   9.1168814e-04   7.1086963e-04   1.0944437e+02   7.6633972e+02   1.3029842e+03   4.0113180e-03   2.0992409e-03   6.1080314e-04
   1.0000000e+00   1.6000000e+01   1.0000000e+00   3.0000000e+00   5.5795894e+01   6.8895520e+02   1.1765910e+03   8.7373664e-04   1.4547896e-03   2.2051146e-03   1.7802485e+02   8.5523419e+02   1.0547365e+03   7.3121976e-03   3.5822852e-03   2.7175250e-03
   2.0000000e+00   1.0000000e+00   2.0000000e+00   3.0000000e+00   1.1366958e+02   3.6324086e+02   1.3853280e+03   9.0929995e-03   1.1250854e-02   5.2410241e-03   5.9329379e+01   8.2790228e+02   1.0258995e+03   1.2533116e-03   3.5205484e-03   3.0471554e-03
   2.0000000e+00   2.0000000e+00   2.0000000e+00   3.0000000e+00   1.2472636e+02   9.0075453e+02   1.4094084e+03   1.5106106e-02   1.3921568e-02   6.6776125e-03   1.7626812e+02   5.4383212e+02   9.2452705e+02   2.3818715e-03   4.2091860e-03   4.8916439e-03
   2.0000000e+00   3.0000000e+00   2.0000000e+00   3.0000000e+00   1.0020910e+02   8.8157494e+02   1.1702986e+03   3.3752276e-03   7.3516683e-03   6.7980185e-03   3.1927201e+01   9.1835473e+02   1.1497386e+03   7.4319716e-04   3.6351415e-03   1.7992344e-03
   2.0000000e+00   4.0000000e+00   2.0000000e+00   3.0000000e+00   1.1765104e+02   9.1181604e+02   1.1983719e+03   5.8712114e-03   7.2367624e-03   9.0970265e-03   5.6359896e+01   6.0455412e+02   1.2305156e+03   1.0330628e-03   1.9743608e-03   1.6042820e-03
   2.0000000e+00   5.0000000e+00   2.0000000e+00   3.0000000e+00   1.0009734e+02   8.1401772e+02   1.3011513e+03   5.3107998e-03   3.3844239e-03   2.9439232e-03   3.1246628e+01   7.0885178e+02   1.2949851e+03   7.0912715e-04   1.2710114e-03   7.3942070e-04
   2.0000000e+00   6.0000000e+00   2.0000000e+00   3.0000000e+00   1.0563537e+02   9.3626830e+02   1.1035709e+03   5.0155719e-03   6.3007648e-03   6.7443468e-03   3.8394303e+01   9.2587757e+02   1.0656551e+03   8.0792177e-04   3.5108745e-03   1.9445213e-03
   2.0000000e+00   7.0000000e+00   2.0000000e+00   3.0000000e+00   1.1387982e+02   3.5929218e+02   1.1542876e+03   1.1053395e-02   1.8482985e-02   1.5442382e-02   1.0236856e+02   5.1062026e+02   9.4161884e+02   1.4817393e-03   5.5779097e-03   7.3321396e-03
   2.0000000e+00   8.0000000e+00   2.0000000e+00   3.0000000e+00   1.8016064e+02   6.2712393e+02   1.1454503e+03   1.6034635e-02   1.2674935e-02   1.6227333e-02   2.3167836e+02   5.2765421e+02   1.3905885e+03   5.8424463e-03   8.4292524e-03   3.5645232e-03
   2.0000000e+00   9.0000000e+00   2.0000000e+00   3.0000000e+00   1.2698806e+02   8.5952744e+02   1.2929313e+03   1.4510627e-03   4.2402407e-03   4.7478333e-03   2.9858987e+01   6.6768442e+02   1.3260923e+03   6.8467529e-04   1.1565039e-03   7.0262912e-04
   2.0000000e+00   1.0000000e+01   2.0000000e+00   3.0000000e+00   2.0015020e+02   9.1902464e+02   1.2130948e+03   1.6505364e-02   1.8587909e-02   1.7412480e-02   2.2847572e+02   4.9215042e+02   9.2569450e+02   3.5569288e-03   6.5315404e-03   8.0886052e-03
   2.0000000e+00   1.1000000e+01   2.0000000e+00   3.0000000e+00   1.2479418e+02   8.8441709e+02   1.1540494e+03   7.9324195e-03   9.6202864e-03   7.2755937e-03   2.1335638e+02   8.1522608e+02   1.1550573e+03   3.8814374e-03   3.3403735e-03   2.3302494e-03
   2.0000000e+00   1.2000000e+01   2.0000000e+00   3.0000000e+00   1.0305120e+02   7.4650689e+02   1.2626215e+03   6.0506020e-03   2.3550924e-03   2.9950934e-03   1.0889250e+02   7.3236497e+02   1.2408202e+03   1.3203914e-03   1.2828082e-03   7.1131908e-04
   2.0000000e+00   1.3000000e+01   2.0000000e+00   3.0000000e+00   3.8327384e+02   9.0579278e+02   1.2566026e+03   5.2007660e-03   4.4435443e-03   4.4390856e-03   1.8252402e+01   6.4868232e+02   1.2952534e+03   5.6252507e-04   1.5882787e-03   7.7362790e-04
   2.0000000e+00   1.4000000e+01   2.0000000e+00   3.0000000e+00   1.0920888e+02   6.9710954e+02   1.2697945e+03   8.0294417e-03   2.1422054e-03   5.5992006e-03   6.3182819e+01   8.4850137e+02   9.9818876e+02   8.8963737e-04   2.2210003e-03   2.1542113e-03
   2.0000000e+00   1.5000000e+01   2.0000000e+00   3.0000000e+00   9.2291102e+01   8.6881362e+02   1.1023773e+03   3.2170337e-03   2.6146917e-03   2.6091342e-03   2.7628066e+01   8.7144855e+02   1.2859201e+03   6.7198681e-04   1.8392967e-03   4.8786312e-04
   2.0000000e+00   1.6000000e+01   2.0000000e+00   3.0000000e+00   3.5031170e+02   8.8861643e+02   1.2175361e+03   2.4257338e-02   2.3719012e-02   1.8319122e-02   2.3273013e+02   5.2413538e+02   1.4656460e+03   7.4258076e-03   1.1060062e-02   3.6715278e-03
   3.0000000e+00   1.0000000e+00   1.0000000e+00   3.0000000e+00   1.4839928e+02   9.8186472e+02   1.0713078e+03   2.8532518e-03   4.9117232e-03   4.7930399e-03   1.6977118e+02   8.9717818e+02   1.0542282e+03   1.0365231e-02   6.9415185e-03   1.4343075e-02
   3.0000000e+00   2.0000000e+00   1.0000000e+00   3.0000000e+00   1.3597982e+02   8.8479807e+02   1.1122570e+03   1.7519969e-03   1.0411693e-03   1.1408448e-03   1.6130509e+02   9.9465065e+02   1.3848030e+03   2.9121509e-03   3.9494219e-03   2.6137370e-03
   3.0000000e+00   3.0000000e+00   1.0000000e+00   3.0000000e+00   1.4795209e+02   9.7382573e+02   1.0648779e+03   2.7460156e-03   4.5311213e-03   4.9712687e-03   1.7008097e+02   9.2615806e+02   1.0619195e+03   8.6667152e-03   6.2909715e-03   1.3228110e-02
   3.0000000e+00   4.0000000e+00   1.0000000e+00   3.0000000e+00   1.4675639e+02   9.7661718e+02   1.0687407e+03   2.9886508e-03   5.3553189e-03   5.4918930e-03   1.6934623e+02   7.6737813e+02   1.0598106e+03   9.3496349e-03   3.3408559e-03   1.4962571e-02
   3.0000000e+00   5.0000000e+00   1.0000000e+00   3.0000000e+00   1.4793154e+02   9.6174484e+02   1.0544141e+03   2.4315359e-03   3.7906848e-03   4.9250612e-03   1.6873374e+02   8.0280313e+02   1.0815247e+03   7.7802596e-03   4.5653965e-03   1.2134086e-02
   3.0000000e+00   6.0000000e+00   1.0000000e+00   3.0000000e+00   1.4738192e+02   9.8131044e+02   1.0654763e+03   3.4830714e-03   5.4057229e-03   6.9472385e-03   1.7133698e+02   1.0014770e+03   1.1805837e+03   1.1718205e-02   1.4086134e-02   1.3699052e-02
   3.0000000e+00   7.0000000e+00   1.0000000e+00   3.0000000e+00   1.4775852e+02   9.8436930e+02   1.0683008e+03   3.4290349e-03   5.5544528e-03   5.7543606e-03   1.7196879e+02   1.0121267e+03   1.2375780e+03   1.1204178e-02   1.3985060e-02   1.2730928e-02
   3.0000000e+00   8.0000000e+00   1.0000000e+00   3.0000000e+00   1.4761706e+02   9.8286737e+02   1.0700383e+03   3.4161433e-03   5.6584693e-03   5.8471086e-03   1.7078850e+02   1.0060473e+03   1.2413453e+03   1.1454673e-02   1.0329652e-02   1.1371734e-02
   3.0000000e+00   9.0000000e+00   1.0000000e+00   3.0000000e+00   1.4824712e+02   9.8153790e+02   1.0675033e+03   3.2324318e-03   5.1995744e-03   5.8889224e-03   1.7077031e+02   1.0352923e+03   1.2314235e+03   1.0940539e-02   1.4065125e-02   1.2114500e-02
   3.0000000e+00   1.0000000e+01   1.0000000e+00   3.0000000e+00   1.3017094e+02   7.1333893e+02   1.2993519e+03   1.8245368e-03   5.9105489e-04   6.8674771e-04   1.6052881e+02   6.3357429e+02   1.3144717e+03   4.5624954e-03   3.3417602e-03   2.5330238e-03
   3.0000000e+00   1.1000000e+01   1.0000000e+00   3.0000000e+00   1.4694755e+02   9.2094623e+02   1.0462559e+03   2.4192912e-03   3.3375501e-03   5.1558352e-03   1.6988380e+02   7.4602253e+02   1.2009997e+03   7.6976996e-03   4.7020804e-03   9.3780571e-03
   3.0000000e+00   1.2000000e+01   1.0000000e+00   3.0000000e+00   1.4570417e+02   8.8399976e+02   1.0442340e+03   2.2583280e-03   2.2912895e-03   4.6036148e-03   1.6826043e+02   6.6910874e+02   1.0578726e+03   6.9206485e-03   4.0517510e-03   9.9897675e-03
   3.0000000e+00   1.3000000e+01   1.0000000e+00   3.0000000e+00   1.4716206e+02   9.4920343e+02   1.0474848e+03   2.4553845e-03   3.1040002e-03   4.5577614e-03   1.6921401e+02   7.4050381e+02   1.0779913e+03   7.9029421e-03   5.3722394e-03   1.0600323e-02
   3.0000000e+00   1.4000000e+01   1.0000000e+00   3.0000000e+00   1.4924542e+02   9.8346941e+02   1.0711974e+03   2.8150258e-03   4.7231735e-03   5.2085797e-03   1.6882291e+02   8.3699275e+02   1.1530362e+03   9.1280981e-03   5.7936094e-03   1.2129071e-02
   3.0000000e+00   1.5000000e+01   1.0000000e+00   3.0000000e+00   1.6290939e+02   7.3210471e+02   1.0543360e+03   3.9287111e-03   2.7508504e-03   6.1375830e-03   1.6795206e+02   8.8110174e+02   1.0722266e+03   6.8685509e-03   6.4958022e-03   1.6220857e-02
   3.0000000e+00   1.6000000e+01   1.0000000e+00   3.0000000e+00   1.7919683e+02   7.7471657e+02   1.0266442e+03   2.0221375e-03   2.0972560e-03   4.0528556e-03   1.7448169e+02   7.1300058e+02   1.0631772e+03   2.2107842e-03   3.2825181e-03   5.0629335e-03
   4.0000000e+00   1.0000000e+00   2.0000000e+00   3.0000000e+00   1.9953718e+02   6.6341616e+02   1.1646496e+03   1.1800825e-02   1.3879993e-02   1.6014576e-02   1.6869129e+02   7.3618476e+02   1.3955733e+03   1.2707379e-03   4.3759935e-03   5.8816221e-03
   4.0000000e+00   2.0000000e+00   2.0000000e+00   3.0000000e+00   3.4969929e+02   6.6914878e+02   1.1772850e+03   1.6553756e-02   1.3796086e-02   1.5316109e-02   1.6319236e+02   6.8589613e+02   1.3715490e+03   1.1817629e-03   4.6605140e-03   4.6147199e-03
   4.0000000e+00   3.0000000e+00   2.0000000e+00   3.0000000e+00   3.4817942e+02   6.6675114e+02   1.0207398e+03   1.4709631e-02   8.6647761e-03   1.2034080e-02   1.4867256e+02   6.5138599e+02   1.3287669e+03   1.0375517e-03   3.6341973e-03   3.7184904e-03
   4.0000000e+00   4.0000000e+00   2.0000000e+00   3.0000000e+00   1.8289950e+02   6.4863547e+02   9.8008811e+02   1.0465501e-02   9.8771881e-03   1.2302098e-02   3.9399650e+01   5.9922629e+02   1.3867066e+03   4.6596375e-04   3.0732641e-03   2.2495244e-03
   4.0000000e+00   5.0000000e+00   2.0000000e+00   3.0000000e+00   3.4612939e+02   6.6758956e+02   1.0095001e+03   1.2581237e-02   8.0303892e-03   1.0923879e-02   1.5091426e+02   6.0336928e+02   9.9262501e+02   1.1416108e-03   3.5111505e-03   5.8956175e-03
   4.0000000e+00   6.0000000e+00   2.0000000e+00   3.0000000e+00   3.4654709e+02   6.6334382e+02   9.9961158e+02   1.2237079e-02   8.1060679e-03   1.1030600e-02   1.5191238e+02   6.2671009e+02   1.2807419e+03   9.5402783e-04   3.5319871e-03   2.4682546e-03
   4.0000000e+00   7.0000000e+00   2.0000000e+00   3.0000000e+00   3.4498035e+02   6.5823094e+02   1.0125426e+03   1.2221579e-02   7.9087023e-03   1.0693610e-02   1.4876153e+02   7.0399945e+02   1.1617884e+03   8.7061208e-04   2.9352795e-03   2.5663096e-03
   4.0000000e+00   8.0000000e+00   2.0000000e+00   3.0000000e+00   1.9312699e+02   6.3843975e+02   1.0064316e+03   7.5111151e-03   6.0398729e-03   8.5905261e-03   1.5745635e+02   6.7014503e+02   9.7737927e+02   8.8632431e-04   2.7477557e-03   3.3639880e-03
   4.0000000e+00   9.0000000e+00   2.0000000e+00   3.0000000e+00   1.9556617e+02   6.6529890e+02   1.1550488e+03   9.9988872e-03   1.0673311e-02   1.2018975e-02   1.5845078e+02   6.8253037e+02   1.3307920e+03   1.1829634e-03   3.6570990e-03   4.4171234e-03
   4.0000000e+00   1.0000000e+01   2.0000000e+00   3.0000000e+00   3.4465174e+02   6.6156584e+02   9.9299771e+02   1.1491238e-02   8.2364799e-03   1.1211641e-02   1.5381153e+02   6.1886471e+02   1.2237754e+03   9.9474992e-04   3.6812546e-03   2.2941079e-03
   4.0000000e+00   1.1000000e+01   2.0000000e+00   3.0000000e+00   3.4514842e+02   6.5521006e+02   1.0049426e+03   1.1795610e-02   7.1078755e-03   1.0646468e-02   1.4557682e+02   6.3583970e+02   1.2528691e+03   1.0245452e-03   3.5817114e-03   2.6444269e-03
   4.0000000e+00   1.2000000e+01   2.0000000e+00   3.0000000e+00   3.4694900e+02   6.6144573e+02   9.9429409e+02   1.4186316e-02   8.9552067e-03   1.0497790e-02   1.5749424e+02   6.1075827e+02   1.1696739e+03   9.7382544e-04   3.9138551e-03   3.8201722e-03
   4.0000000e+00   1.3000000e+01   2.0000000e+00   3.0000000e+00   3.4650684e+02   6.6415911e+02   9.6561491e+02   1.6519215e-02   1.2550427e-02   1.4670283e-02   1.6173264e+02   6.9199402e+02   1.2838881e+03   1.1814733e-03   3.3265232e-03   2.7260726e-03
   4.0000000e+00   1.4000000e+01   2.0000000e+00   3.0000000e+00   3.4627774e+02   6.6458382e+02   1.0057750e+03   1.3768922e-02   1.0133237e-02   1.3703265e-02   1.5226816e+02   6.2091238e+02   1.3319620e+03   1.0367757e-03   4.0692466e-03   4.0142769e-03
   4.0000000e+00   1.5000000e+01   2.0000000e+00   3.0000000e+00   3.4576581e+02   6.6502721e+02   1.0067137e+03   1.4980998e-02   1.0707046e-02   1.2208742e-02   1.5379399e+02   6.0479068e+02   9.8177769e+02   1.1051759e-03   3.8544527e-03   6.3543757e-03
   4.0000000e+00   1.6000000e+01   2.0000000e+00   3.0000000e+00   3.4205632e+02   6.4572622e+02   1.3173038e+03   1.2320751e-02   8.3190684e-03   7.2568390e-03   1.5887032e+02   6.5271096e+02   1.3287133e+03   4.5733901e-03   5.1405119e-03   5.3299446e-03
   5.0000000e+00   1.0000000e+00   1.0000000e+00   3.0000000e+00   2.2705913e+02   6.3946208e+02   1.1546845e+03   2.2096030e-03   2.3219695e-03   3.1101492e-03   2.0813875e+02   7.9017879e+02   1.0533510e+03   1.0735560e-02   5.2804913e-03   1.8193008e-02
   5.0000000e+00   2.0000000e+00   1.0000000e+00   3.0000000e+00   3.4939224e+02   6.7531600e+02   1.0194301e+03   4.2560299e-03   2.6010401e-03   5.0291037e-03   2.1227711e+02   1.0015360e+03   1.1573243e+03   1.2027539e-02   1.7741832e-02   1.8830800e-02
   5.0000000e+00   3.0000000e+00   1.0000000e+00   3.0000000e+00   2.4557414e+02   7.3133904e+02   1.0152364e+03   1.7112787e-03   7.9716868e-04   4.5139628e-03   2.0415830e+02   9.4584254e+02   1.1319488e+03   8.2307094e-03   9.0080207e-03   1.1558371e-02
   5.0000000e+00   4.0000000e+00   1.0000000e+00   3.0000000e+00   2.9223417e+02   6.8704504e+02   1.0129984e+03   1.9257422e-03   9.5586543e-04   3.5085822e-03   2.0573697e+02   9.4856685e+02   1.1269158e+03   8.7636305e-03   9.5542223e-03   1.2804295e-02
   5.0000000e+00   5.0000000e+00   1.0000000e+00   3.0000000e+00   3.5261842e+02   6.5783096e+02   1.0133811e+03   3.8832978e-03   1.9123660e-03   4.6592487e-03   2.0809754e+02   9.7730238e+02   1.0994435e+03   1.0405874e-02   1.2364758e-02   1.4104895e-02
   5.0000000e+00   6.0000000e+00   1.0000000e+00   3.0000000e+00   2.1594415e+02   6.3268798e+02   1.0172652e+03   2.7326643e-03   3.1307719e-03   4.3136970e-03   2.0932776e+02   9.8081859e+02   1.1510571e+03   1.2036948e-02   1.5117584e-02   2.0038499e-02
   5.0000000e+00   7.0000000e+00   1.0000000e+00   3.0000000e+00   3.4909668e+02   6.6853696e+02   1.0179056e+03   4.5295522e-03   2.3975805e-03   3.9932847e-03   2.0896506e+02   1.0032462e+03   1.1766024e+03   1.2259002e-02   1.7343204e-02   1.5530576e-02
   5.0000000e+00   8.0000000e+00   1.0000000e+00   3.0000000e+00   3.5151068e+02   6.3881690e+02   1.0122231e+03   4.1904237e-03   2.4348917e-03   3.9099868e-03   2.1023850e+02   9.9028068e+02   1.1695120e+03   1.1390309e-02   1.3802144e-02   1.5997223e-02
   5.0000000e+00   9.0000000e+00   1.0000000e+00   3.0000000e+00   3.5072673e+02   6.6216197e+02   1.0171955e+03   4.2876192e-03   2.5876871e-03   4.6250471e-03   2.1254825e+02   1.0004206e+03   1.1821035e+03   1.1562573e-02   1.2519879e-02   1.5930238e-02
   5.0000000e+00   1.0000000e+01   1.0000000e+00   3.0000000e+00   2.2527238e+02   6.7418771e+02   1.1224214e+03   2.0763633e-03   9.3615517e-04   2.8014972e-03   2.0284306e+02   9.2133647e+02   1.1270605e+03   9.7840236e-03   8.4356295e-03   1.0698662e-02
   5.0000000e+00   1.1000000e+01   1.0000000e+00   3.0000000e+00   2.2901611e+02   6.5605258e+02   1.1460283e+03   2.4657179e-03   2.8805917e-03   3.0982728e-03   2.1138010e+02   9.9215437e+02   1.1691200e+03   1.1968654e-02   1.3959643e-02   1.7164254e-02
   5.0000000e+00   1.2000000e+01   1.0000000e+00   3.0000000e+00   2.4053005e+02   6.3269137e+02   1.1064638e+03   2.3234308e-03   2.4152859e-03   3.2727722e-03   2.0826424e+02   1.0080186e+03   1.1739011e+03   1.1314568e-02   1.2721672e-02   1.4736380e-02
   5.0000000e+00   1.3000000e+01   1.0000000e+00   3.0000000e+00   2.3605497e+02   7.9679921e+02   1.2534737e+03   3.3474638e-03   4.6701616e-03   2.5250198e-03   3.0057361e+02   7.0456652e+02   1.0402341e+03   1.0367636e-02   7.6922452e-03   1.6047773e-02
   5.0000000e+00   1.4000000e+01   1.0000000e+00   3.0000000e+00   2.0705126e+02   7.9423380e+02   1.0037822e+03   2.0826655e-03   2.3472610e-03   3.6429157e-03   3.2116666e+02   6.2974486e+02   1.3454155e+03   5.7277813e-03   6.7103172e-03   6.5972056e-03
   5.0000000e+00   1.5000000e+01   1.0000000e+00   3.0000000e+00   2.0926877e+02   6.3409757e+02   1.0198430e+03   2.1263916e-03   1.6666709e-03   4.5086180e-03   2.0568080e+02   1.0276907e+03   1.1333476e+03   9.4777020e-03   1.2961726e-02   1.1777645e-02
   5.0000000e+00   1.6000000e+01   1.0000000e+00   3.0000000e+00   6.9561986e+01   7.5230799e+02   1.2858341e+03   1.1568688e-03   1.0496449e-03   3.0132994e-04   2.0518451e+02   6.9398253e+02   1.2376338e+03   2.4569684e-03   2.0890656e-03   1.1652324e-03
   6.0000000e+00   1.0000000e+00   2.0000000e+00   3.0000000e+00   3.4012306e+02   6.9743187e+02   1.0325341e+03   1.9004626e-02   1.2518033e-02   1.4103106e-02   3.2001165e+02   6.5071488e+02   9.9133965e+02   3.2306407e-03   7.2789157e-03   5.8034231e-03
   6.0000000e+00   2.0000000e+00   2.0000000e+00   3.0000000e+00   3.3704455e+02   7.1334594e+02   1.1532874e+03   1.6043115e-02   9.3119836e-03   1.1469042e-02   6.3976208e+01   6.3914931e+02   9.7290399e+02   6.5555872e-04   5.7186160e-03   3.8650295e-03
   6.0000000e+00   3.0000000e+00   2.0000000e+00   3.0000000e+00   3.3502908e+02   6.8122148e+02   1.0100584e+03   1.8214637e-02   1.1793070e-02   1.3350103e-02   2.7979425e+02   6.3617474e+02   1.3756797e+03   2.5000616e-03   7.7042906e-03   2.4222069e-03
   6.0000000e+00   4.0000000e+00   2.0000000e+00   3.0000000e+00   3.3552355e+02   6.8996703e+02   1.0158768e+03   1.8634024e-02   1.1440532e-02   1.4803228e-02   6.0537534e+01   6.4664550e+02   1.1515255e+03   6.7989904e-04   7.2197057e-03   2.5909233e-03
   6.0000000e+00   5.0000000e+00   2.0000000e+00   3.0000000e+00   3.3397226e+02   7.1567047e+02   1.0177488e+03   1.3681212e-02   6.8505913e-03   1.2448547e-02   4.6656664e+01   6.4955531e+02   1.1280356e+03   5.6927657e-04   3.9593251e-03   1.3652159e-03
   6.0000000e+00   6.0000000e+00   2.0000000e+00   3.0000000e+00   1.4609436e+02   3.4096604e+02   1.0105674e+03   7.9207555e-03   1.0338497e-02   7.0971264e-03   1.7675496e+02   6.2821660e+02   9.5050745e+02   1.2355853e-03   2.4268343e-03   2.4555864e-03
   6.0000000e+00   7.0000000e+00   2.0000000e+00   3.0000000e+00   3.3446698e+02   6.9076636e+02   1.0091420e+03   1.7931757e-02   8.9466582e-03   1.3191098e-02   7.4963985e+01   6.5067876e+02   1.2311912e+03   7.6223399e-04   5.6139950e-03   1.9067104e-03
   6.0000000e+00   8.0000000e+00   2.0000000e+00   3.0000000e+00   1.7682706e+02   6.7781330e+02   1.1774421e+03   8.3611585e-03   5.6817604e-03   7.1090437e-03   3.9532576e+01   6.3897773e+02   9.5178306e+02   4.7004071e-04   2.6079656e-03   2.8263987e-03
   6.0000000e+00   9.0000000e+00   2.0000000e+00   3.0000000e+00   2.0015463e+02   6.1144097e+02   9.8088984e+02   1.1376677e-02   6.7693761e-03   1.2376356e-02   5.9247047e+01   6.4211593e+02   1.2336716e+03   5.8187770e-04   4.0962179e-03   1.0755831e-03
   6.0000000e+00   1.0000000e+01   2.0000000e+00   3.0000000e+00   3.3494641e+02   6.8894069e+02   1.0214678e+03   1.6552231e-02   7.7871015e-03   1.2369636e-02   2.5059386e+02   6.4603702e+02   9.7522986e+02   2.1000475e-03   4.7366540e-03   3.7384045e-03
   6.0000000e+00   1.1000000e+01   2.0000000e+00   3.0000000e+00   3.3330395e+02   6.9270402e+02   1.0081689e+03   1.5061634e-02   7.9695533e-03   1.4287851e-02   7.7733196e+01   6.4012349e+02   1.1515422e+03   8.5156891e-04   5.5494750e-03   2.0365502e-03
   6.0000000e+00   1.2000000e+01   2.0000000e+00   3.0000000e+00   3.3401528e+02   6.7888283e+02   1.0090449e+03   1.6067706e-02   8.1562725e-03   1.2799924e-02   2.9698893e+02   6.5037745e+02   9.9491608e+02   3.1167394e-03   4.6328866e-03   4.8172125e-03
   6.0000000e+00   1.3000000e+01   2.0000000e+00   3.0000000e+00   1.6512828e+02   5.3939842e+02   1.0876227e+03   1.9294465e-03   2.7558752e-03   2.4362943e-03   1.9238359e+02   6.9368690e+02   1.0857400e+03   3.7914673e-03   2.6968221e-03   2.9229104e-03
   6.0000000e+00   1.4000000e+01   2.0000000e+00   3.0000000e+00   3.3558306e+02   7.0998870e+02   9.9598163e+02   1.2686491e-02   5.1731538e-03   7.7798342e-03   3.6357799e+01   6.2925270e+02   9.7229360e+02   5.5928792e-04   3.7104734e-03   3.2221459e-03
   6.0000000e+00   1.5000000e+01   2.0000000e+00   3.0000000e+00   3.3427561e+02   6.9323850e+02   1.0130920e+03   1.6179478e-02   8.9601419e-03   1.5303616e-02   5.0536729e+01   6.4590183e+02   1.1102058e+03   7.5078713e-04   5.8885114e-03   2.4135137e-03
   6.0000000e+00   1.6000000e+01   2.0000000e+00   3.0000000e+00   1.7154894e+02   5.9489236e+02   1.0573778e+03   2.3737125e-03   3.8205939e-03   3.9906811e-03   1.9041170e+02   7.0877467e+02   1.3292118e+03   4.1243005e-03   1.9415457e-03   1.9108195e-03
   7.0000000e+00   1.0000000e+00   1.0000000e+00   3.0000000e+00   9.2513098e+01   9.6624176e+02   1.0536587e+03   2.1937175e-03   2.8324984e-03   3.9664531e-03   1.9120193e+02   1.0002836e+03   1.1677591e+03   7.8792653e-03   7.9706467e-03   7.1209843e-03
   7.0000000e+00   2.0000000e+00   1.0000000e+00   3.0000000e+00   8.9928379e+01   9.6013644e+02   1.0377408e+03   2.0806503e-03   2.6066937e-03   4.4423041e-03   2.0549664e+02   1.0077261e+03   1.1555586e+03   8.1389271e-03   7.1399205e-03   7.4443869e-03
   7.0000000e+00   3.0000000e+00   1.0000000e+00   3.0000000e+00   9.0004936e+01   6.6729412e+02   1.0280501e+03   1.7608551e-03   9.9439201e-04   4.0993454e-03   1.8839804e+02   9.9796600e+02   1.1518155e+03   6.6033045e-03   5.4041278e-03   5.4603917e-03
   7.0000000e+00   4.0000000e+00   1.0000000e+00   3.0000000e+00   8.9349492e+01   6.5802442e+02   1.0183736e+03   2.6194944e-03   1.8858388e-03   5.4585419e-03   2.1044704e+02   1.0110662e+03   1.1402102e+03   1.0744015e-02   9.2940868e-03   8.6388922e-03
   7.0000000e+00   5.0000000e+00   1.0000000e+00   3.0000000e+00   9.2042408e+01   9.6134797e+02   1.0260451e+03   2.5057769e-03   2.2194811e-03   4.4584460e-03   2.0834137e+02   1.0177531e+03   1.1514439e+03   9.9690133e-03   8.6783114e-03   8.7230227e-03
   7.0000000e+00   6.0000000e+00   1.0000000e+00   3.0000000e+00   9.0276513e+01   7.7911872e+02   9.9477099e+02   2.2152476e-03   8.9922917e-04   4.5322952e-03   1.9948040e+02   9.8807750e+02   1.1157397e+03   8.6838683e-03   6.7962814e-03   6.7917030e-03
   7.0000000e+00   7.0000000e+00   1.0000000e+00   3.0000000e+00   9.1170358e+01   8.0433112e+02   1.0157957e+03   2.5483100e-03   1.6926038e-03   6.0234699e-03   2.0232664e+02   1.0139792e+03   1.1523339e+03   1.0485473e-02   1.0392620e-02   9.6704908e-03
   7.0000000e+00   8.0000000e+00   1.0000000e+00   3.0000000e+00   9.0781413e+01   8.0261984e+02   1.0310964e+03   2.8328309e-03   2.0594594e-03   5.8869300e-03   2.1694626e+02   1.0191374e+03   1.1427003e+03   1.2447065e-02   1.0497637e-02   1.1206687e-02
   7.0000000e+00   9.0000000e+00   1.0000000e+00   3.0000000e+00   9.0222759e+01   9.2390672e+02   1.0146605e+03   2.4727643e-03   1.2893055e-03   4.4341716e-03   2.0882145e+02   9.9507715e+02   1.1216130e+03   9.7550294e-03   6.7233372e-03   6.1072488e-03
   7.0000000e+00   1.0000000e+01   1.0000000e+00   3.0000000e+00   9.0415441e+01   9.6165253e+02   1.0360476e+03   2.7585691e-03   2.1060440e-03   4.0207764e-03   2.1096037e+02   1.0106581e+03   1.1381368e+03   1.1318235e-02   9.4172454e-03   7.8420451e-03
   7.0000000e+00   1.1000000e+01   1.0000000e+00   3.0000000e+00   9.0911943e+01   8.4340608e+02   1.0094332e+03   2.6681655e-03   1.1606203e-03   4.3439532e-03   2.0356573e+02   1.0074191e+03   1.1322535e+03   1.0312487e-02   9.0976311e-03   7.7970209e-03
   7.0000000e+00   1.2000000e+01   1.0000000e+00   3.0000000e+00   8.9924014e+01   9.6883677e+02   1.0530482e+03   2.3426838e-03   3.1560396e-03   2.4190150e-03   1.9891615e+02   9.7981004e+02   1.1028043e+03   8.8550106e-03   5.7789760e-03   6.2348188e-03
   7.0000000e+00   1.3000000e+01   1.0000000e+00   3.0000000e+00   9.0826438e+01   9.8164883e+02   1.0833867e+03   1.7263548e-03   1.3144798e-03   1.7444511e-03   1.2552977e+02   8.1160579e+02   1.1712655e+03   3.6963017e-03   9.7097329e-04   2.8671272e-03
   7.0000000e+00   1.4000000e+01   1.0000000e+00   3.0000000e+00   9.0250700e+01   8.4455840e+02   1.1583803e+03   1.5436259e-03   3.2991216e-04   8.9252195e-04   1.2029551e+02   9.9748446e+02   1.1502460e+03   3.2074772e-03   1.2159096e-03   1.4267623e-03
   7.0000000e+00   1.5000000e+01   1.0000000e+00   3.0000000e+00   9.2769171e+01   9.6959961e+02   1.0582990e+03   2.4958489e-03   3.9948672e-03   3.1803080e-03   1.6493578e+02   9.9047923e+02   1.1971511e+03   8.1537224e-03   8.0244455e-03   5.7725748e-03
   7.0000000e+00   1.6000000e+01   1.0000000e+00   3.0000000e+00   9.4920825e+01   7.8765387e+02   1.2417132e+03   2.1908334e-03   1.9162948e-03   2.3801717e-03   1.6862362e+02   9.5454153e+02   1.0701878e+03   6.6663704e-03   6.1149525e-03   6.6450001e-03
   8.0000000e+00   1.0000000e+00   2.0000000e+00   3.0000000e+00   1.2362261e+02   3.5256806e+02   1.0434187e+03   8.9562082e-03   1.2223650e-02   1.0827809e-02   8.7492702e+01   2.7992417e+02   1.0012917e+03   2.7717394e-03   4.7321273e-03   4.1831362e-03
   8.0000000e+00   2.0000000e+00   2.0000000e+00   3.0000000e+00   1.2613157e+02   3.5021970e+02   1.0227711e+03   7.1858006e-03   9.0934035e-03   6.9791792e-03   9.0903888e+01   2.7868591e+02   9.8742695e+02   2.3707968e-03   3.3221001e-03   2.7386754e-03
   8.0000000e+00   3.0000000e+00   2.0000000e+00   3.0000000e+00   1.1561959e+02   3.4772031e+02   1.0082313e+03   4.7063763e-03   6.2137820e-03   7.3655711e-03   1.1714795e+02   3.9161648e+02   1.0174684e+03   1.6291303e-03   2.5745024e-03   2.0561340e-03
   8.0000000e+00   4.0000000e+00   2.0000000e+00   3.0000000e+00   1.2162167e+02   3.5083822e+02   1.0180071e+03   5.5440644e-03   6.6876140e-03   6.4928665e-03   8.5702850e+01   6.3544387e+02   1.2233740e+03   1.6759241e-03   6.9958045e-04   4.8701680e-04
   8.0000000e+00   5.0000000e+00   2.0000000e+00   3.0000000e+00   1.1780917e+02   3.4758477e+02   1.0165615e+03   5.6827681e-03   7.1710489e-03   7.1095660e-03   9.1409180e+01   5.5382718e+02   1.2353013e+03   1.7819336e-03   1.3284480e-03   6.2145723e-04
   8.0000000e+00   6.0000000e+00   2.0000000e+00   3.0000000e+00   1.1922688e+02   3.4970594e+02   1.0067436e+03   5.4540727e-03   6.5429563e-03   6.5444349e-03   9.0313918e+01   2.7511078e+02   9.9016523e+02   1.9175375e-03   2.7078699e-03   2.2599612e-03
   8.0000000e+00   7.0000000e+00   2.0000000e+00   3.0000000e+00   1.2261460e+02   3.5124166e+02   1.0271254e+03   5.4282570e-03   6.9771514e-03   5.4641431e-03   9.1968870e+01   2.7058968e+02   1.0028093e+03   1.8713060e-03   2.6156398e-03   2.1828138e-03
   8.0000000e+00   8.0000000e+00   2.0000000e+00   3.0000000e+00   1.1626980e+02   3.4565138e+02   1.0552337e+03   6.0924961e-03   9.0248074e-03   8.3475645e-03   9.0883970e+01   2.6617198e+02   1.0232976e+03   1.8896107e-03   5.1320472e-03   2.5568367e-03
   8.0000000e+00   9.0000000e+00   2.0000000e+00   3.0000000e+00   1.1965386e+02   3.4628588e+02   1.0597577e+03   5.0241519e-03   5.7492495e-03   4.5248188e-03   8.5170929e+01   2.6479862e+02   1.0139519e+03   1.6342673e-03   2.4331521e-03   1.6276992e-03
   8.0000000e+00   1.0000000e+01   2.0000000e+00   3.0000000e+00   1.1546942e+02   3.4768044e+02   1.0298391e+03   3.7350233e-03   4.2146537e-03   3.7017580e-03   9.7546685e+01   5.6338608e+02   1.0069739e+03   1.3291398e-03   5.7746716e-04   1.7714980e-03
   8.0000000e+00   1.1000000e+01   2.0000000e+00   3.0000000e+00   1.2004743e+02   3.4912351e+02   1.0671485e+03   6.2888386e-03   8.5375452e-03   7.7484825e-03   9.0277369e+01   2.7135605e+02   1.0192930e+03   2.1107376e-03   4.0739063e-03   2.3948160e-03
   8.0000000e+00   1.2000000e+01   2.0000000e+00   3.0000000e+00   1.2029676e+02   3.4889601e+02   1.0497886e+03   6.3527593e-03   8.6221345e-03   8.0327390e-03   9.0009481e+01   2.6986060e+02   1.0327537e+03   2.1423002e-03   3.8933007e-03   3.3082150e-03
   8.0000000e+00   1.3000000e+01   2.0000000e+00   3.0000000e+00   1.1374777e+02   3.4313646e+02   1.0293023e+03   5.2899693e-03   7.1469240e-03   6.3469099e-03   9.4518438e+01   2.6958898e+02   1.0360831e+03   1.7206529e-03   4.4172282e-03   2.0173923e-03
   8.0000000e+00   1.4000000e+01   2.0000000e+00   3.0000000e+00   1.1999337e+02   3.4728969e+02   1.0357044e+03   5.4384183e-03   6.5684762e-03   5.4104173e-03   9.6568210e+01   5.3298008e+02   1.1508979e+03   1.8084919e-03   1.0352038e-03   6.2240421e-04
   8.0000000e+00   1.5000000e+01   2.0000000e+00   3.0000000e+00   9.9536296e+01   3.4889502e+02   1.1266139e+03   1.4151845e-03   3.7959922e-03   3.7644756e-03   1.0844291e+02   5.1070937e+02   1.1784209e+03   1.2883398e-03   1.2950133e-03   7.3842544e-04
   8.0000000e+00   1.6000000e+01   2.0000000e+00   3.0000000e+00   1.0553466e+02   9.0111284e+02   1.1092662e+03   2.0811462e-03   1.7786000e-03   1.0032684e-03   1.1005322e+02   6.1738717e+02   1.3012647e+03   1.8713561e-03   4.5540984e-04   4.0089257e-04
   9.0000000e+00   1.0000000e+00   1.0000000e+00   3.0000000e+00   3.3656609e+02   9.1319210e+02   1.0364571e+03   2.9036394e-03   4.4475750e-03   3.8546974e-03   1.9435351e+02   1.0114992e+03   1.1563044e+03   8.2239215e-03   1.2413584e-02   1.1287523e-02
   9.0000000e+00   2.0000000e+00   1.0000000e+00   3.0000000e+00   3.5316701e+02   8.9421210e+02   1.0345781e+03   2.8932438e-03   3.3164228e-03   3.3715486e-03   1.9361520e+02   1.0228980e+03   1.2032471e+03   8.0417039e-03   1.0663295e-02   9.2194046e-03
   9.0000000e+00   3.0000000e+00   1.0000000e+00   3.0000000e+00   1.6036209e+02   8.7310279e+02   1.0358906e+03   2.2385559e-03   3.6822425e-03   4.4023097e-03   1.9609675e+02   1.0329052e+03   1.1991627e+03   9.2259730e-03   1.8726321e-02   1.1961640e-02
   9.0000000e+00   4.0000000e+00   1.0000000e+00   3.0000000e+00   2.2636552e+02   8.8993512e+02   1.0361794e+03   1.7553516e-03   3.3702192e-03   3.1173576e-03   1.9535202e+02   1.0178886e+03   1.1869634e+03   7.8585251e-03   1.2813720e-02   9.8615701e-03
   9.0000000e+00   5.0000000e+00   1.0000000e+00   3.0000000e+00   1.5569970e+02   8.3218357e+02   1.0310837e+03   2.9877209e-03   3.7712166e-03   5.0533411e-03   1.9888411e+02   1.0272206e+03   1.1948979e+03   1.0108124e-02   1.8828980e-02   1.4069241e-02
   9.0000000e+00   6.0000000e+00   1.0000000e+00   3.0000000e+00   1.2795667e+02   8.4576436e+02   1.1116322e+03   3.3726072e-03   1.7483954e-03   1.9594980e-03   1.8799054e+02   9.9049448e+02   1.1487356e+03   8.3441604e-03   8.4114162e-03   7.9745734e-03
   9.0000000e+00   7.0000000e+00   1.0000000e+00   3.0000000e+00   1.6713342e+02   8.3070358e+02   1.0143629e+03   2.0668330e-03   1.3711514e-03   2.2808371e-03   1.8660089e+02   8.2910128e+02   1.1391216e+03   7.5806897e-03   4.1544182e-03   6.9709204e-03
   9.0000000e+00   8.0000000e+00   1.0000000e+00   3.0000000e+00   2.1779965e+02   8.5614757e+02   1.0308466e+03   1.9674966e-03   2.9945587e-03   4.1326967e-03   1.9427981e+02   1.0224130e+03   1.2157482e+03   8.7025005e-03   1.6545044e-02   1.1618389e-02
   9.0000000e+00   9.0000000e+00   1.0000000e+00   3.0000000e+00   1.3468218e+02   7.5065187e+02   1.0668220e+03   1.1913786e-03   9.3159918e-04   1.2179394e-03   1.7956392e+02   7.5506112e+02   1.0399355e+03   4.7892796e-03   2.2373839e-03   2.4558537e-03
   9.0000000e+00   1.0000000e+01   1.0000000e+00   3.0000000e+00   1.3410304e+02   7.6752516e+02   1.2166093e+03   1.2736885e-03   1.2192906e-03   7.0503518e-04   1.8046573e+02   7.3229425e+02   1.0667722e+03   5.0571612e-03   2.1316943e-03   3.1492293e-03
   9.0000000e+00   1.1000000e+01   1.0000000e+00   3.0000000e+00   1.3297081e+02   7.5402083e+02   1.1305816e+03   1.3045764e-03   1.2185363e-03   8.1493499e-04   1.8027966e+02   6.7777999e+02   1.1856035e+03   4.8130164e-03   1.9662664e-03   1.7820308e-03
   9.0000000e+00   1.2000000e+01   1.0000000e+00   3.0000000e+00   1.3366709e+02   7.4920340e+02   1.2515406e+03   1.3832716e-03   1.2331162e-03   8.9046794e-04   1.7891813e+02   7.0886612e+02   1.1808500e+03   5.1953908e-03   1.9803285e-03   2.0299958e-03
   9.0000000e+00   1.3000000e+01   1.0000000e+00   3.0000000e+00   1.3506421e+02   7.2996642e+02   1.2225562e+03   1.3400996e-03   1.1497682e-03   7.0933901e-04   1.7897555e+02   7.1816406e+02   1.0842710e+03   5.1349331e-03   1.7228526e-03   2.6039745e-03
   9.0000000e+00   1.4000000e+01   1.0000000e+00   3.0000000e+00   1.3025877e+02   7.5000851e+02   1.2410463e+03   1.3517464e-03   1.2064540e-03   7.5252947e-04   1.7898194e+02   7.3688325e+02   1.0790164e+03   5.2411112e-03   1.7613891e-03   3.1269544e-03
   9.0000000e+00   1.5000000e+01   1.0000000e+00   3.0000000e+00   1.3582309e+02   7.1055066e+02   1.2053583e+03   1.6876548e-03   1.2095302e-03   1.0314685e-03   1.7856342e+02   8.7411261e+02   1.0666496e+03   6.4859899e-03   2.7998603e-03   3.6299366e-03
   9.0000000e+00   1.6000000e+01   1.0000000e+00   3.0000000e+00   1.4409637e+02   7.0946384e+02   1.0799708e+03   2.2004836e-03   9.7525049e-04   1.5854735e-03   1.7797591e+02   8.7884778e+02   1.0807050e+03   7.9617591e-03   3.9960169e-03   4.2720608e-03
   1.0000000e+01   1.0000000e+00   2.0000000e+00   3.0000000e+00   3.5160320e+02   7.8181480e+02   1.0414405e+03   1.1069297e-02   6.2908929e-03   8.3444916e-03   1.5619817e+02   8.5605637e+02   1.0397992e+03   1.0519105e-03   9.1771659e-04   3.4579074e-03
   1.0000000e+01   2.0000000e+00   2.0000000e+00   3.0000000e+00   3.4768949e+02   7.7165369e+02   1.2631873e+03   1.4788113e-02   1.6059954e-02   1.2988442e-02   1.0339613e+02   6.9560027e+02   1.2371577e+03   6.9362751e-04   1.4332180e-03   2.3166209e-03
   1.0000000e+01   3.0000000e+00   2.0000000e+00   3.0000000e+00   3.4473508e+02   7.5993451e+02   1.1446554e+03   1.4255140e-02   1.4266003e-02   1.2964575e-02   1.7979221e+02   6.2790845e+02   1.0591937e+03   1.1910289e-03   1.2915261e-03   3.5681603e-03
   1.0000000e+01   4.0000000e+00   2.0000000e+00   3.0000000e+00   1.4320665e+02   6.8390195e+02   1.0955388e+03   5.4618772e-03   3.6289911e-03   4.9214477e-03   4.0685633e+01   6.8812872e+02   1.2341361e+03   4.4491439e-04   6.8743547e-04   6.3114233e-04
   1.0000000e+01   5.0000000e+00   2.0000000e+00   3.0000000e+00   1.4040541e+02   6.6758188e+02   1.0791623e+03   4.8558119e-03   1.8997006e-03   3.3155290e-03   3.0378588e+01   6.6448390e+02   1.2392924e+03   4.2757754e-04   3.3748851e-04   5.0287786e-04
   1.0000000e+01   6.0000000e+00   2.0000000e+00   3.0000000e+00   1.4485427e+02   7.0858755e+02   1.2417065e+03   5.2317700e-03   2.6547730e-03   2.9214511e-03   3.4882321e+01   6.7830953e+02   1.2674554e+03   4.5279185e-04   4.5863636e-04   5.4426596e-04
   1.0000000e+01   7.0000000e+00   2.0000000e+00   3.0000000e+00   1.5533012e+02   8.9284110e+02   1.1893620e+03   6.8355609e-03   5.8574359e-03   4.4320106e-03   1.6130182e+02   8.8689643e+02   1.0124178e+03   1.1509351e-03   1.4318961e-03   1.4262767e-03
   1.0000000e+01   8.0000000e+00   2.0000000e+00   3.0000000e+00   1.7155142e+02   9.0663129e+02   1.2648738e+03   7.1140948e-03   6.6177627e-03   3.5730657e-03   1.6318929e+02   9.0874791e+02   1.0147951e+03   1.2777628e-03   1.5430341e-03   1.8186647e-03
   1.0000000e+01   9.0000000e+00   2.0000000e+00   3.0000000e+00   3.4067451e+02   7.1329889e+02   9.8725833e+02   1.2202761e-02   5.1015529e-03   8.4853816e-03   1.6306826e+02   6.2648386e+02   1.0252463e+03   1.3224275e-03   1.1412892e-03   2.6426882e-03
   1.0000000e+01   1.0000000e+01   2.0000000e+00   3.0000000e+00   3.3988115e+02   6.8585056e+02   1.0669968e+03   1.3952897e-02   7.8331587e-03   9.5845259e-03   1.6582408e+02   6.2863664e+02   1.0495989e+03   1.4555300e-03   1.2776219e-03   3.4339754e-03
   1.0000000e+01   1.1000000e+01   2.0000000e+00   3.0000000e+00   3.4105120e+02   7.1880424e+02   1.0708711e+03   1.1561848e-02   7.3430022e-03   1.1130489e-02   1.7432233e+02   6.0079537e+02   1.0552302e+03   9.0540285e-04   1.0449819e-03   3.7846713e-03
   1.0000000e+01   1.2000000e+01   2.0000000e+00   3.0000000e+00   3.3726113e+02   6.7196203e+02   1.0431989e+03   1.3044776e-02   6.6951544e-03   1.0092656e-02   1.7548563e+02   8.7394173e+02   1.0490917e+03   1.3408602e-03   8.5801734e-04   3.7538184e-03
   1.0000000e+01   1.3000000e+01   2.0000000e+00   3.0000000e+00   3.3668956e+02   6.9405932e+02   1.1712693e+03   1.3980476e-02   9.8481184e-03   1.1578132e-02   8.0154318e+01   6.5108062e+02   1.2447623e+03   6.1684736e-04   1.8546154e-03   1.5443472e-03
   1.0000000e+01   1.4000000e+01   2.0000000e+00   3.0000000e+00   3.3988569e+02   7.3827455e+02   1.1382786e+03   1.4785394e-02   1.3910660e-02   1.3989138e-02   1.8316477e+02   6.4544056e+02   1.1185242e+03   1.3892775e-03   1.9329156e-03   2.4476719e-03
   1.0000000e+01   1.5000000e+01   2.0000000e+00   3.0000000e+00   3.3917164e+02   7.0808701e+02   1.1531193e+03   1.8218479e-02   1.9861490e-02   1.6404500e-02   1.9401495e+02   6.3412939e+02   1.0976717e+03   1.6248396e-03   2.8029000e-03   3.0287038e-03
   1.0000000e+01   1.6000000e+01   2.0000000e+00   3.0000000e+00   3.3873089e+02   7.0684374e+02   1.1597597e+03   1.8074009e-02   1.8545934e-02   1.4484188e-02   1.8044605e+02   6.3321190e+02   1.0920574e+03   1.6017056e-03   2.5937696e-03   2.9388787e-03